ConfigID,UseMipStart,Configuration
10162517065928149561,0,CPXPARAM_Advance=1;CPXPARAM_Barrier_Algorithm=0;CPXPARAM_Barrier_ColNonzeros=0;CPXPARAM_Barrier_Crossover=0;CPXPARAM_Barrier_Limits_Corrections=-1;CPXPARAM_Barrier_Ordering=0;CPXPARAM_Barrier_StartAlg=1;CPXPARAM_Emphasis_MIP=2;CPXPARAM_Emphasis_Memory=0;CPXPARAM_Emphasis_Numerical=0;CPXPARAM_Feasopt_Mode=0;CPXPARAM_LPMethod=0;CPXPARAM_MIP_Cuts_Cliques=1;CPXPARAM_MIP_Cuts_Covers=3;CPXPARAM_MIP_Cuts_Disjunctive=1;CPXPARAM_MIP_Cuts_FlowCovers=1;CPXPARAM_MIP_Cuts_GUBCovers=1;CPXPARAM_MIP_Cuts_Gomory=0;CPXPARAM_MIP_Cuts_Implied=2;CPXPARAM_MIP_Cuts_MIRCut=1;CPXPARAM_MIP_Cuts_PathCut=2;CPXPARAM_MIP_Limits_AggForCut=5;CPXPARAM_MIP_Limits_CutPasses=0;CPXPARAM_MIP_Limits_CutsFactor=-1;CPXPARAM_MIP_Limits_GomoryCand=100;CPXPARAM_MIP_Limits_GomoryPass=0;CPXPARAM_MIP_Limits_Nodes=9223372036800000000;CPXPARAM_MIP_Limits_ProbeTime=1e+75;CPXPARAM_MIP_Limits_RepairTries=0;CPXPARAM_MIP_Limits_StrongCand=10;CPXPARAM_MIP_Limits_StrongIt=0;CPXPARAM_MIP_OrderType=1;CPXPARAM_MIP_Strategy_BBInterval=7;CPXPARAM_MIP_Strategy_Branch=0;CPXPARAM_MIP_Strategy_Dive=0;CPXPARAM_MIP_Strategy_File=1;CPXPARAM_MIP_Strategy_HeuristicFreq=0;CPXPARAM_MIP_Strategy_LBHeur=0;CPXPARAM_MIP_Strategy_NodeSelect=0;CPXPARAM_MIP_Strategy_Order=1;CPXPARAM_MIP_Strategy_PresolveNode=-1;CPXPARAM_MIP_Strategy_Probe=-1;CPXPARAM_MIP_Strategy_RINSHeur=0;CPXPARAM_MIP_Strategy_StartAlgorithm=0;CPXPARAM_MIP_Strategy_SubAlgorithm=0;CPXPARAM_MIP_Strategy_VariableSelect=1;CPXPARAM_Network_NetFind=2;CPXPARAM_Network_Pricing=0;CPXPARAM_Parallel=1;CPXPARAM_Preprocessing_Aggregator=-1;CPXPARAM_Preprocessing_BoundStrength=-1;CPXPARAM_Preprocessing_CoeffReduce=-1;CPXPARAM_Preprocessing_Dependency=-1;CPXPARAM_Preprocessing_Dual=0;CPXPARAM_Preprocessing_Fill=40;CPXPARAM_Preprocessing_NumPass=-1;CPXPARAM_Preprocessing_Presolve=1;CPXPARAM_Preprocessing_QPMakePSD=1;CPXPARAM_Preprocessing_Reduce=1;CPXPARAM_Preprocessing_Relax=-1;CPXPARAM_Preprocessing_RepeatPresolve=-1;CPXPARAM_Preprocessing_Symmetry=-1;CPXPARAM_Read_Scale=-1;CPXPARAM_Sifting_Algorithm=0;CPXPARAM_Simplex_Crash=1;CPXPARAM_Simplex_DGradient=0;CPXPARAM_Simplex_Limits_Perturbation=0;CPXPARAM_Simplex_Limits_Singularity=10;CPXPARAM_Simplex_PGradient=0;CPXPARAM_Simplex_Pricing=0;CPXPARAM_Simplex_Refactor=0
16941408001021574980,0,CPXPARAM_Advance=1;CPXPARAM_Barrier_Algorithm=0;CPXPARAM_Barrier_ColNonzeros=0;CPXPARAM_Barrier_Crossover=0;CPXPARAM_Barrier_Limits_Corrections=-1;CPXPARAM_Barrier_Ordering=0;CPXPARAM_Barrier_StartAlg=1;CPXPARAM_Emphasis_MIP=2;CPXPARAM_Emphasis_Memory=0;CPXPARAM_Emphasis_Numerical=0;CPXPARAM_Feasopt_Mode=0;CPXPARAM_LPMethod=0;CPXPARAM_MIP_Cuts_Cliques=1;CPXPARAM_MIP_Cuts_Covers=3;CPXPARAM_MIP_Cuts_Disjunctive=1;CPXPARAM_MIP_Cuts_FlowCovers=1;CPXPARAM_MIP_Cuts_GUBCovers=1;CPXPARAM_MIP_Cuts_Gomory=0;CPXPARAM_MIP_Cuts_Implied=2;CPXPARAM_MIP_Cuts_MIRCut=1;CPXPARAM_MIP_Cuts_PathCut=2;CPXPARAM_MIP_Limits_AggForCut=5;CPXPARAM_MIP_Limits_CutPasses=0;CPXPARAM_MIP_Limits_CutsFactor=-1;CPXPARAM_MIP_Limits_GomoryCand=50;CPXPARAM_MIP_Limits_GomoryPass=0;CPXPARAM_MIP_Limits_Nodes=9223372036800000000;CPXPARAM_MIP_Limits_ProbeTime=1e+75;CPXPARAM_MIP_Limits_RepairTries=0;CPXPARAM_MIP_Limits_StrongCand=10;CPXPARAM_MIP_Limits_StrongIt=0;CPXPARAM_MIP_OrderType=0;CPXPARAM_MIP_Strategy_BBInterval=7;CPXPARAM_MIP_Strategy_Branch=0;CPXPARAM_MIP_Strategy_Dive=0;CPXPARAM_MIP_Strategy_File=1;CPXPARAM_MIP_Strategy_HeuristicFreq=0;CPXPARAM_MIP_Strategy_LBHeur=0;CPXPARAM_MIP_Strategy_NodeSelect=0;CPXPARAM_MIP_Strategy_Order=1;CPXPARAM_MIP_Strategy_PresolveNode=-1;CPXPARAM_MIP_Strategy_Probe=-1;CPXPARAM_MIP_Strategy_RINSHeur=0;CPXPARAM_MIP_Strategy_StartAlgorithm=0;CPXPARAM_MIP_Strategy_SubAlgorithm=0;CPXPARAM_MIP_Strategy_VariableSelect=1;CPXPARAM_Network_NetFind=2;CPXPARAM_Network_Pricing=0;CPXPARAM_Parallel=1;CPXPARAM_Preprocessing_Aggregator=-1;CPXPARAM_Preprocessing_BoundStrength=-1;CPXPARAM_Preprocessing_CoeffReduce=-1;CPXPARAM_Preprocessing_Dependency=-1;CPXPARAM_Preprocessing_Dual=0;CPXPARAM_Preprocessing_Fill=40;CPXPARAM_Preprocessing_NumPass=-1;CPXPARAM_Preprocessing_Presolve=1;CPXPARAM_Preprocessing_QPMakePSD=1;CPXPARAM_Preprocessing_Reduce=1;CPXPARAM_Preprocessing_Relax=-1;CPXPARAM_Preprocessing_RepeatPresolve=-1;CPXPARAM_Preprocessing_Symmetry=-1;CPXPARAM_Read_Scale=-1;CPXPARAM_Sifting_Algorithm=0;CPXPARAM_Simplex_Crash=1;CPXPARAM_Simplex_DGradient=0;CPXPARAM_Simplex_Limits_Perturbation=0;CPXPARAM_Simplex_Limits_Singularity=10;CPXPARAM_Simplex_PGradient=0;CPXPARAM_Simplex_Pricing=0;CPXPARAM_Simplex_Refactor=0
12002521339177393443,0,CPXPARAM_Advance=1;CPXPARAM_Barrier_Algorithm=0;CPXPARAM_Barrier_ColNonzeros=0;CPXPARAM_Barrier_Crossover=0;CPXPARAM_Barrier_Limits_Corrections=-1;CPXPARAM_Barrier_Ordering=0;CPXPARAM_Barrier_StartAlg=1;CPXPARAM_Emphasis_MIP=2;CPXPARAM_Emphasis_Memory=0;CPXPARAM_Emphasis_Numerical=0;CPXPARAM_Feasopt_Mode=0;CPXPARAM_LPMethod=0;CPXPARAM_MIP_Cuts_Cliques=1;CPXPARAM_MIP_Cuts_Covers=3;CPXPARAM_MIP_Cuts_Disjunctive=1;CPXPARAM_MIP_Cuts_FlowCovers=1;CPXPARAM_MIP_Cuts_GUBCovers=1;CPXPARAM_MIP_Cuts_Gomory=0;CPXPARAM_MIP_Cuts_Implied=2;CPXPARAM_MIP_Cuts_MIRCut=1;CPXPARAM_MIP_Cuts_PathCut=2;CPXPARAM_MIP_Limits_AggForCut=2;CPXPARAM_MIP_Limits_CutPasses=0;CPXPARAM_MIP_Limits_CutsFactor=-1;CPXPARAM_MIP_Limits_GomoryCand=50;CPXPARAM_MIP_Limits_GomoryPass=0;CPXPARAM_MIP_Limits_Nodes=9223372036800000000;CPXPARAM_MIP_Limits_ProbeTime=1e+75;CPXPARAM_MIP_Limits_RepairTries=0;CPXPARAM_MIP_Limits_StrongCand=10;CPXPARAM_MIP_Limits_StrongIt=0;CPXPARAM_MIP_OrderType=1;CPXPARAM_MIP_Strategy_BBInterval=7;CPXPARAM_MIP_Strategy_Branch=0;CPXPARAM_MIP_Strategy_Dive=0;CPXPARAM_MIP_Strategy_File=1;CPXPARAM_MIP_Strategy_HeuristicFreq=0;CPXPARAM_MIP_Strategy_LBHeur=0;CPXPARAM_MIP_Strategy_NodeSelect=0;CPXPARAM_MIP_Strategy_Order=1;CPXPARAM_MIP_Strategy_PresolveNode=-1;CPXPARAM_MIP_Strategy_Probe=-1;CPXPARAM_MIP_Strategy_RINSHeur=0;CPXPARAM_MIP_Strategy_StartAlgorithm=0;CPXPARAM_MIP_Strategy_SubAlgorithm=0;CPXPARAM_MIP_Strategy_VariableSelect=1;CPXPARAM_Network_NetFind=2;CPXPARAM_Network_Pricing=0;CPXPARAM_Parallel=1;CPXPARAM_Preprocessing_Aggregator=-1;CPXPARAM_Preprocessing_BoundStrength=-1;CPXPARAM_Preprocessing_CoeffReduce=-1;CPXPARAM_Preprocessing_Dependency=-1;CPXPARAM_Preprocessing_Dual=0;CPXPARAM_Preprocessing_Fill=40;CPXPARAM_Preprocessing_NumPass=-1;CPXPARAM_Preprocessing_Presolve=1;CPXPARAM_Preprocessing_QPMakePSD=1;CPXPARAM_Preprocessing_Reduce=1;CPXPARAM_Preprocessing_Relax=-1;CPXPARAM_Preprocessing_RepeatPresolve=-1;CPXPARAM_Preprocessing_Symmetry=-1;CPXPARAM_Read_Scale=-1;CPXPARAM_Sifting_Algorithm=0;CPXPARAM_Simplex_Crash=1;CPXPARAM_Simplex_DGradient=0;CPXPARAM_Simplex_Limits_Perturbation=0;CPXPARAM_Simplex_Limits_Singularity=10;CPXPARAM_Simplex_PGradient=0;CPXPARAM_Simplex_Pricing=0;CPXPARAM_Simplex_Refactor=0
6198689642724661189,0,CPXPARAM_Advance=1;CPXPARAM_Barrier_Algorithm=0;CPXPARAM_Barrier_ColNonzeros=0;CPXPARAM_Barrier_Crossover=0;CPXPARAM_Barrier_Limits_Corrections=-1;CPXPARAM_Barrier_Ordering=0;CPXPARAM_Barrier_StartAlg=1;CPXPARAM_Emphasis_MIP=2;CPXPARAM_Emphasis_Memory=0;CPXPARAM_Emphasis_Numerical=0;CPXPARAM_Feasopt_Mode=0;CPXPARAM_LPMethod=0;CPXPARAM_MIP_Cuts_Cliques=1;CPXPARAM_MIP_Cuts_Covers=3;CPXPARAM_MIP_Cuts_Disjunctive=0;CPXPARAM_MIP_Cuts_FlowCovers=1;CPXPARAM_MIP_Cuts_GUBCovers=1;CPXPARAM_MIP_Cuts_Gomory=0;CPXPARAM_MIP_Cuts_Implied=0;CPXPARAM_MIP_Cuts_MIRCut=1;CPXPARAM_MIP_Cuts_PathCut=-1;CPXPARAM_MIP_Limits_AggForCut=5;CPXPARAM_MIP_Limits_CutPasses=0;CPXPARAM_MIP_Limits_CutsFactor=-1;CPXPARAM_MIP_Limits_GomoryCand=25;CPXPARAM_MIP_Limits_GomoryPass=0;CPXPARAM_MIP_Limits_Nodes=9223372036800000000;CPXPARAM_MIP_Limits_ProbeTime=1e+75;CPXPARAM_MIP_Limits_RepairTries=0;CPXPARAM_MIP_Limits_StrongCand=10;CPXPARAM_MIP_Limits_StrongIt=0;CPXPARAM_MIP_OrderType=0;CPXPARAM_MIP_Strategy_BBInterval=7;CPXPARAM_MIP_Strategy_Branch=0;CPXPARAM_MIP_Strategy_Dive=0;CPXPARAM_MIP_Strategy_File=1;CPXPARAM_MIP_Strategy_HeuristicFreq=0;CPXPARAM_MIP_Strategy_LBHeur=0;CPXPARAM_MIP_Strategy_NodeSelect=0;CPXPARAM_MIP_Strategy_Order=1;CPXPARAM_MIP_Strategy_PresolveNode=0;CPXPARAM_MIP_Strategy_Probe=3;CPXPARAM_MIP_Strategy_RINSHeur=0;CPXPARAM_MIP_Strategy_StartAlgorithm=0;CPXPARAM_MIP_Strategy_SubAlgorithm=3;CPXPARAM_MIP_Strategy_VariableSelect=0;CPXPARAM_Network_NetFind=2;CPXPARAM_Network_Pricing=0;CPXPARAM_Parallel=1;CPXPARAM_Preprocessing_Aggregator=-1;CPXPARAM_Preprocessing_BoundStrength=-1;CPXPARAM_Preprocessing_CoeffReduce=-1;CPXPARAM_Preprocessing_Dependency=-1;CPXPARAM_Preprocessing_Dual=0;CPXPARAM_Preprocessing_Fill=20;CPXPARAM_Preprocessing_NumPass=-1;CPXPARAM_Preprocessing_Presolve=1;CPXPARAM_Preprocessing_QPMakePSD=1;CPXPARAM_Preprocessing_Reduce=2;CPXPARAM_Preprocessing_Relax=-1;CPXPARAM_Preprocessing_RepeatPresolve=-1;CPXPARAM_Preprocessing_Symmetry=-1;CPXPARAM_Read_Scale=-1;CPXPARAM_Sifting_Algorithm=0;CPXPARAM_Simplex_Crash=1;CPXPARAM_Simplex_DGradient=0;CPXPARAM_Simplex_Limits_Perturbation=0;CPXPARAM_Simplex_Limits_Singularity=10;CPXPARAM_Simplex_PGradient=0;CPXPARAM_Simplex_Pricing=0;CPXPARAM_Simplex_Refactor=0
16935405776083132192,0,CPXPARAM_Advance=1;CPXPARAM_Barrier_Algorithm=0;CPXPARAM_Barrier_ColNonzeros=0;CPXPARAM_Barrier_Crossover=0;CPXPARAM_Barrier_Limits_Corrections=-1;CPXPARAM_Barrier_Ordering=0;CPXPARAM_Barrier_StartAlg=1;CPXPARAM_Emphasis_MIP=0;CPXPARAM_Emphasis_Memory=0;CPXPARAM_Emphasis_Numerical=0;CPXPARAM_Feasopt_Mode=0;CPXPARAM_LPMethod=0;CPXPARAM_MIP_Cuts_Cliques=2;CPXPARAM_MIP_Cuts_Covers=-1;CPXPARAM_MIP_Cuts_Disjunctive=-1;CPXPARAM_MIP_Cuts_FlowCovers=-1;CPXPARAM_MIP_Cuts_GUBCovers=0;CPXPARAM_MIP_Cuts_Gomory=0;CPXPARAM_MIP_Cuts_Implied=2;CPXPARAM_MIP_Cuts_MIRCut=2;CPXPARAM_MIP_Cuts_PathCut=2;CPXPARAM_MIP_Limits_AggForCut=3;CPXPARAM_MIP_Limits_CutPasses=0;CPXPARAM_MIP_Limits_CutsFactor=-1;CPXPARAM_MIP_Limits_GomoryCand=100;CPXPARAM_MIP_Limits_GomoryPass=0;CPXPARAM_MIP_Limits_Nodes=9223372036800000000;CPXPARAM_MIP_Limits_ProbeTime=1e+75;CPXPARAM_MIP_Limits_RepairTries=0;CPXPARAM_MIP_Limits_StrongCand=10;CPXPARAM_MIP_Limits_StrongIt=0;CPXPARAM_MIP_OrderType=0;CPXPARAM_MIP_Strategy_BBInterval=7;CPXPARAM_MIP_Strategy_Branch=-1;CPXPARAM_MIP_Strategy_Dive=0;CPXPARAM_MIP_Strategy_File=1;CPXPARAM_MIP_Strategy_HeuristicFreq=0;CPXPARAM_MIP_Strategy_LBHeur=0;CPXPARAM_MIP_Strategy_NodeSelect=0;CPXPARAM_MIP_Strategy_Order=1;CPXPARAM_MIP_Strategy_PresolveNode=1;CPXPARAM_MIP_Strategy_Probe=-1;CPXPARAM_MIP_Strategy_RINSHeur=0;CPXPARAM_MIP_Strategy_StartAlgorithm=0;CPXPARAM_MIP_Strategy_SubAlgorithm=0;CPXPARAM_MIP_Strategy_VariableSelect=4;CPXPARAM_Network_NetFind=2;CPXPARAM_Network_Pricing=0;CPXPARAM_Parallel=1;CPXPARAM_Preprocessing_Aggregator=-1;CPXPARAM_Preprocessing_BoundStrength=-1;CPXPARAM_Preprocessing_CoeffReduce=-1;CPXPARAM_Preprocessing_Dependency=-1;CPXPARAM_Preprocessing_Dual=0;CPXPARAM_Preprocessing_Fill=20;CPXPARAM_Preprocessing_NumPass=-1;CPXPARAM_Preprocessing_Presolve=1;CPXPARAM_Preprocessing_QPMakePSD=1;CPXPARAM_Preprocessing_Reduce=1;CPXPARAM_Preprocessing_Relax=-1;CPXPARAM_Preprocessing_RepeatPresolve=-1;CPXPARAM_Preprocessing_Symmetry=-1;CPXPARAM_Read_Scale=-1;CPXPARAM_Sifting_Algorithm=0;CPXPARAM_Simplex_Crash=1;CPXPARAM_Simplex_DGradient=0;CPXPARAM_Simplex_Limits_Perturbation=0;CPXPARAM_Simplex_Limits_Singularity=10;CPXPARAM_Simplex_PGradient=0;CPXPARAM_Simplex_Pricing=0;CPXPARAM_Simplex_Refactor=0
15757550543879390179,0,CPXPARAM_Advance=1;CPXPARAM_Barrier_Algorithm=0;CPXPARAM_Barrier_ColNonzeros=0;CPXPARAM_Barrier_Crossover=0;CPXPARAM_Barrier_Limits_Corrections=-1;CPXPARAM_Barrier_Ordering=0;CPXPARAM_Barrier_StartAlg=1;CPXPARAM_Emphasis_MIP=0;CPXPARAM_Emphasis_Memory=0;CPXPARAM_Emphasis_Numerical=0;CPXPARAM_Feasopt_Mode=0;CPXPARAM_LPMethod=0;CPXPARAM_MIP_Cuts_Cliques=2;CPXPARAM_MIP_Cuts_Covers=1;CPXPARAM_MIP_Cuts_Disjunctive=-1;CPXPARAM_MIP_Cuts_FlowCovers=-1;CPXPARAM_MIP_Cuts_GUBCovers=0;CPXPARAM_MIP_Cuts_Gomory=0;CPXPARAM_MIP_Cuts_Implied=2;CPXPARAM_MIP_Cuts_MIRCut=2;CPXPARAM_MIP_Cuts_PathCut=-1;CPXPARAM_MIP_Limits_AggForCut=3;CPXPARAM_MIP_Limits_CutPasses=0;CPXPARAM_MIP_Limits_CutsFactor=-1;CPXPARAM_MIP_Limits_GomoryCand=100;CPXPARAM_MIP_Limits_GomoryPass=0;CPXPARAM_MIP_Limits_Nodes=9223372036800000000;CPXPARAM_MIP_Limits_ProbeTime=1e+75;CPXPARAM_MIP_Limits_RepairTries=0;CPXPARAM_MIP_Limits_StrongCand=10;CPXPARAM_MIP_Limits_StrongIt=0;CPXPARAM_MIP_OrderType=0;CPXPARAM_MIP_Strategy_BBInterval=7;CPXPARAM_MIP_Strategy_Branch=-1;CPXPARAM_MIP_Strategy_Dive=0;CPXPARAM_MIP_Strategy_File=1;CPXPARAM_MIP_Strategy_HeuristicFreq=0;CPXPARAM_MIP_Strategy_LBHeur=0;CPXPARAM_MIP_Strategy_NodeSelect=0;CPXPARAM_MIP_Strategy_Order=1;CPXPARAM_MIP_Strategy_PresolveNode=1;CPXPARAM_MIP_Strategy_Probe=-1;CPXPARAM_MIP_Strategy_RINSHeur=0;CPXPARAM_MIP_Strategy_StartAlgorithm=0;CPXPARAM_MIP_Strategy_SubAlgorithm=0;CPXPARAM_MIP_Strategy_VariableSelect=4;CPXPARAM_Network_NetFind=2;CPXPARAM_Network_Pricing=0;CPXPARAM_Parallel=1;CPXPARAM_Preprocessing_Aggregator=-1;CPXPARAM_Preprocessing_BoundStrength=-1;CPXPARAM_Preprocessing_CoeffReduce=-1;CPXPARAM_Preprocessing_Dependency=-1;CPXPARAM_Preprocessing_Dual=0;CPXPARAM_Preprocessing_Fill=20;CPXPARAM_Preprocessing_NumPass=-1;CPXPARAM_Preprocessing_Presolve=1;CPXPARAM_Preprocessing_QPMakePSD=1;CPXPARAM_Preprocessing_Reduce=1;CPXPARAM_Preprocessing_Relax=-1;CPXPARAM_Preprocessing_RepeatPresolve=-1;CPXPARAM_Preprocessing_Symmetry=-1;CPXPARAM_Read_Scale=-1;CPXPARAM_Sifting_Algorithm=0;CPXPARAM_Simplex_Crash=1;CPXPARAM_Simplex_DGradient=0;CPXPARAM_Simplex_Limits_Perturbation=0;CPXPARAM_Simplex_Limits_Singularity=10;CPXPARAM_Simplex_PGradient=0;CPXPARAM_Simplex_Pricing=0;CPXPARAM_Simplex_Refactor=0
16165183184834305453,0,CPXPARAM_Advance=1;CPXPARAM_Barrier_Algorithm=0;CPXPARAM_Barrier_ColNonzeros=0;CPXPARAM_Barrier_Crossover=0;CPXPARAM_Barrier_Limits_Corrections=-1;CPXPARAM_Barrier_Ordering=0;CPXPARAM_Barrier_StartAlg=1;CPXPARAM_Emphasis_MIP=0;CPXPARAM_Emphasis_Memory=0;CPXPARAM_Emphasis_Numerical=0;CPXPARAM_Feasopt_Mode=0;CPXPARAM_LPMethod=0;CPXPARAM_MIP_Cuts_Cliques=2;CPXPARAM_MIP_Cuts_Covers=-1;CPXPARAM_MIP_Cuts_Disjunctive=-1;CPXPARAM_MIP_Cuts_FlowCovers=-1;CPXPARAM_MIP_Cuts_GUBCovers=0;CPXPARAM_MIP_Cuts_Gomory=0;CPXPARAM_MIP_Cuts_Implied=2;CPXPARAM_MIP_Cuts_MIRCut=2;CPXPARAM_MIP_Cuts_PathCut=-1;CPXPARAM_MIP_Limits_AggForCut=3;CPXPARAM_MIP_Limits_CutPasses=0;CPXPARAM_MIP_Limits_CutsFactor=-1;CPXPARAM_MIP_Limits_GomoryCand=100;CPXPARAM_MIP_Limits_GomoryPass=0;CPXPARAM_MIP_Limits_Nodes=9223372036800000000;CPXPARAM_MIP_Limits_ProbeTime=1e+75;CPXPARAM_MIP_Limits_RepairTries=0;CPXPARAM_MIP_Limits_StrongCand=10;CPXPARAM_MIP_Limits_StrongIt=0;CPXPARAM_MIP_OrderType=1;CPXPARAM_MIP_Strategy_BBInterval=7;CPXPARAM_MIP_Strategy_Branch=-1;CPXPARAM_MIP_Strategy_Dive=0;CPXPARAM_MIP_Strategy_File=1;CPXPARAM_MIP_Strategy_HeuristicFreq=0;CPXPARAM_MIP_Strategy_LBHeur=0;CPXPARAM_MIP_Strategy_NodeSelect=0;CPXPARAM_MIP_Strategy_Order=1;CPXPARAM_MIP_Strategy_PresolveNode=1;CPXPARAM_MIP_Strategy_Probe=-1;CPXPARAM_MIP_Strategy_RINSHeur=0;CPXPARAM_MIP_Strategy_StartAlgorithm=0;CPXPARAM_MIP_Strategy_SubAlgorithm=0;CPXPARAM_MIP_Strategy_VariableSelect=4;CPXPARAM_Network_NetFind=2;CPXPARAM_Network_Pricing=0;CPXPARAM_Parallel=1;CPXPARAM_Preprocessing_Aggregator=-1;CPXPARAM_Preprocessing_BoundStrength=-1;CPXPARAM_Preprocessing_CoeffReduce=-1;CPXPARAM_Preprocessing_Dependency=-1;CPXPARAM_Preprocessing_Dual=0;CPXPARAM_Preprocessing_Fill=20;CPXPARAM_Preprocessing_NumPass=-1;CPXPARAM_Preprocessing_Presolve=1;CPXPARAM_Preprocessing_QPMakePSD=1;CPXPARAM_Preprocessing_Reduce=1;CPXPARAM_Preprocessing_Relax=-1;CPXPARAM_Preprocessing_RepeatPresolve=-1;CPXPARAM_Preprocessing_Symmetry=-1;CPXPARAM_Read_Scale=-1;CPXPARAM_Sifting_Algorithm=0;CPXPARAM_Simplex_Crash=1;CPXPARAM_Simplex_DGradient=0;CPXPARAM_Simplex_Limits_Perturbation=0;CPXPARAM_Simplex_Limits_Singularity=10;CPXPARAM_Simplex_PGradient=0;CPXPARAM_Simplex_Pricing=0;CPXPARAM_Simplex_Refactor=0
2042432712656352507,0,CPXPARAM_Advance=1;CPXPARAM_Barrier_Algorithm=0;CPXPARAM_Barrier_ColNonzeros=0;CPXPARAM_Barrier_Crossover=0;CPXPARAM_Barrier_Limits_Corrections=-1;CPXPARAM_Barrier_Ordering=0;CPXPARAM_Barrier_StartAlg=1;CPXPARAM_Emphasis_MIP=0;CPXPARAM_Emphasis_Memory=0;CPXPARAM_Emphasis_Numerical=0;CPXPARAM_Feasopt_Mode=0;CPXPARAM_LPMethod=0;CPXPARAM_MIP_Cuts_Cliques=2;CPXPARAM_MIP_Cuts_Covers=-1;CPXPARAM_MIP_Cuts_Disjunctive=-1;CPXPARAM_MIP_Cuts_FlowCovers=-1;CPXPARAM_MIP_Cuts_GUBCovers=0;CPXPARAM_MIP_Cuts_Gomory=0;CPXPARAM_MIP_Cuts_Implied=2;CPXPARAM_MIP_Cuts_MIRCut=2;CPXPARAM_MIP_Cuts_PathCut=-1;CPXPARAM_MIP_Limits_AggForCut=3;CPXPARAM_MIP_Limits_CutPasses=0;CPXPARAM_MIP_Limits_CutsFactor=-1;CPXPARAM_MIP_Limits_GomoryCand=100;CPXPARAM_MIP_Limits_GomoryPass=0;CPXPARAM_MIP_Limits_Nodes=9223372036800000000;CPXPARAM_MIP_Limits_ProbeTime=1e+75;CPXPARAM_MIP_Limits_RepairTries=0;CPXPARAM_MIP_Limits_StrongCand=10;CPXPARAM_MIP_Limits_StrongIt=0;CPXPARAM_MIP_OrderType=0;CPXPARAM_MIP_Strategy_BBInterval=7;CPXPARAM_MIP_Strategy_Branch=-1;CPXPARAM_MIP_Strategy_Dive=0;CPXPARAM_MIP_Strategy_File=1;CPXPARAM_MIP_Strategy_HeuristicFreq=0;CPXPARAM_MIP_Strategy_LBHeur=0;CPXPARAM_MIP_Strategy_NodeSelect=0;CPXPARAM_MIP_Strategy_Order=1;CPXPARAM_MIP_Strategy_PresolveNode=1;CPXPARAM_MIP_Strategy_Probe=-1;CPXPARAM_MIP_Strategy_RINSHeur=0;CPXPARAM_MIP_Strategy_StartAlgorithm=0;CPXPARAM_MIP_Strategy_SubAlgorithm=0;CPXPARAM_MIP_Strategy_VariableSelect=4;CPXPARAM_Network_NetFind=2;CPXPARAM_Network_Pricing=0;CPXPARAM_Parallel=1;CPXPARAM_Preprocessing_Aggregator=-1;CPXPARAM_Preprocessing_BoundStrength=-1;CPXPARAM_Preprocessing_CoeffReduce=-1;CPXPARAM_Preprocessing_Dependency=-1;CPXPARAM_Preprocessing_Dual=0;CPXPARAM_Preprocessing_Fill=20;CPXPARAM_Preprocessing_NumPass=-1;CPXPARAM_Preprocessing_Presolve=1;CPXPARAM_Preprocessing_QPMakePSD=1;CPXPARAM_Preprocessing_Reduce=1;CPXPARAM_Preprocessing_Relax=-1;CPXPARAM_Preprocessing_RepeatPresolve=-1;CPXPARAM_Preprocessing_Symmetry=-1;CPXPARAM_Read_Scale=-1;CPXPARAM_Sifting_Algorithm=0;CPXPARAM_Simplex_Crash=1;CPXPARAM_Simplex_DGradient=0;CPXPARAM_Simplex_Limits_Perturbation=0;CPXPARAM_Simplex_Limits_Singularity=10;CPXPARAM_Simplex_PGradient=0;CPXPARAM_Simplex_Pricing=0;CPXPARAM_Simplex_Refactor=0
10211384892726494317,0,CPXPARAM_Advance=1;CPXPARAM_Barrier_Algorithm=0;CPXPARAM_Barrier_ColNonzeros=0;CPXPARAM_Barrier_Crossover=0;CPXPARAM_Barrier_Limits_Corrections=-1;CPXPARAM_Barrier_Ordering=0;CPXPARAM_Barrier_StartAlg=1;CPXPARAM_Emphasis_MIP=0;CPXPARAM_Emphasis_Memory=0;CPXPARAM_Emphasis_Numerical=0;CPXPARAM_Feasopt_Mode=0;CPXPARAM_LPMethod=0;CPXPARAM_MIP_Cuts_Cliques=2;CPXPARAM_MIP_Cuts_Covers=-1;CPXPARAM_MIP_Cuts_Disjunctive=-1;CPXPARAM_MIP_Cuts_FlowCovers=0;CPXPARAM_MIP_Cuts_GUBCovers=0;CPXPARAM_MIP_Cuts_Gomory=0;CPXPARAM_MIP_Cuts_Implied=2;CPXPARAM_MIP_Cuts_MIRCut=2;CPXPARAM_MIP_Cuts_PathCut=-1;CPXPARAM_MIP_Limits_AggForCut=3;CPXPARAM_MIP_Limits_CutPasses=0;CPXPARAM_MIP_Limits_CutsFactor=-1;CPXPARAM_MIP_Limits_GomoryCand=100;CPXPARAM_MIP_Limits_GomoryPass=0;CPXPARAM_MIP_Limits_Nodes=9223372036800000000;CPXPARAM_MIP_Limits_ProbeTime=1e+75;CPXPARAM_MIP_Limits_RepairTries=0;CPXPARAM_MIP_Limits_StrongCand=10;CPXPARAM_MIP_Limits_StrongIt=0;CPXPARAM_MIP_OrderType=0;CPXPARAM_MIP_Strategy_BBInterval=7;CPXPARAM_MIP_Strategy_Branch=-1;CPXPARAM_MIP_Strategy_Dive=0;CPXPARAM_MIP_Strategy_File=1;CPXPARAM_MIP_Strategy_HeuristicFreq=0;CPXPARAM_MIP_Strategy_LBHeur=0;CPXPARAM_MIP_Strategy_NodeSelect=0;CPXPARAM_MIP_Strategy_Order=1;CPXPARAM_MIP_Strategy_PresolveNode=1;CPXPARAM_MIP_Strategy_Probe=-1;CPXPARAM_MIP_Strategy_RINSHeur=0;CPXPARAM_MIP_Strategy_StartAlgorithm=0;CPXPARAM_MIP_Strategy_SubAlgorithm=0;CPXPARAM_MIP_Strategy_VariableSelect=4;CPXPARAM_Network_NetFind=2;CPXPARAM_Network_Pricing=0;CPXPARAM_Parallel=1;CPXPARAM_Preprocessing_Aggregator=-1;CPXPARAM_Preprocessing_BoundStrength=-1;CPXPARAM_Preprocessing_CoeffReduce=-1;CPXPARAM_Preprocessing_Dependency=-1;CPXPARAM_Preprocessing_Dual=0;CPXPARAM_Preprocessing_Fill=20;CPXPARAM_Preprocessing_NumPass=-1;CPXPARAM_Preprocessing_Presolve=1;CPXPARAM_Preprocessing_QPMakePSD=1;CPXPARAM_Preprocessing_Reduce=1;CPXPARAM_Preprocessing_Relax=-1;CPXPARAM_Preprocessing_RepeatPresolve=-1;CPXPARAM_Preprocessing_Symmetry=-1;CPXPARAM_Read_Scale=-1;CPXPARAM_Sifting_Algorithm=0;CPXPARAM_Simplex_Crash=1;CPXPARAM_Simplex_DGradient=0;CPXPARAM_Simplex_Limits_Perturbation=0;CPXPARAM_Simplex_Limits_Singularity=10;CPXPARAM_Simplex_PGradient=0;CPXPARAM_Simplex_Pricing=0;CPXPARAM_Simplex_Refactor=0
13503373009626793285,0,CPXPARAM_Advance=1;CPXPARAM_Barrier_Algorithm=0;CPXPARAM_Barrier_ColNonzeros=0;CPXPARAM_Barrier_Crossover=0;CPXPARAM_Barrier_Limits_Corrections=-1;CPXPARAM_Barrier_Ordering=0;CPXPARAM_Barrier_StartAlg=1;CPXPARAM_Emphasis_MIP=5;CPXPARAM_Emphasis_Memory=0;CPXPARAM_Emphasis_Numerical=0;CPXPARAM_Feasopt_Mode=0;CPXPARAM_LPMethod=0;CPXPARAM_MIP_Cuts_Cliques=3;CPXPARAM_MIP_Cuts_Covers=1;CPXPARAM_MIP_Cuts_Disjunctive=-1;CPXPARAM_MIP_Cuts_FlowCovers=0;CPXPARAM_MIP_Cuts_GUBCovers=0;CPXPARAM_MIP_Cuts_Gomory=1;CPXPARAM_MIP_Cuts_Implied=2;CPXPARAM_MIP_Cuts_MIRCut=1;CPXPARAM_MIP_Cuts_PathCut=2;CPXPARAM_MIP_Limits_AggForCut=1;CPXPARAM_MIP_Limits_CutPasses=0;CPXPARAM_MIP_Limits_CutsFactor=-1;CPXPARAM_MIP_Limits_GomoryCand=50;CPXPARAM_MIP_Limits_GomoryPass=0;CPXPARAM_MIP_Limits_Nodes=9223372036800000000;CPXPARAM_MIP_Limits_ProbeTime=1e+75;CPXPARAM_MIP_Limits_RepairTries=0;CPXPARAM_MIP_Limits_StrongCand=10;CPXPARAM_MIP_Limits_StrongIt=0;CPXPARAM_MIP_OrderType=3;CPXPARAM_MIP_Strategy_BBInterval=7;CPXPARAM_MIP_Strategy_Branch=-1;CPXPARAM_MIP_Strategy_Dive=0;CPXPARAM_MIP_Strategy_File=1;CPXPARAM_MIP_Strategy_HeuristicFreq=0;CPXPARAM_MIP_Strategy_LBHeur=0;CPXPARAM_MIP_Strategy_NodeSelect=0;CPXPARAM_MIP_Strategy_Order=1;CPXPARAM_MIP_Strategy_PresolveNode=2;CPXPARAM_MIP_Strategy_Probe=-1;CPXPARAM_MIP_Strategy_RINSHeur=0;CPXPARAM_MIP_Strategy_StartAlgorithm=0;CPXPARAM_MIP_Strategy_SubAlgorithm=4;CPXPARAM_MIP_Strategy_VariableSelect=-1;CPXPARAM_Network_NetFind=2;CPXPARAM_Network_Pricing=0;CPXPARAM_Parallel=1;CPXPARAM_Preprocessing_Aggregator=-1;CPXPARAM_Preprocessing_BoundStrength=-1;CPXPARAM_Preprocessing_CoeffReduce=-1;CPXPARAM_Preprocessing_Dependency=-1;CPXPARAM_Preprocessing_Dual=0;CPXPARAM_Preprocessing_Fill=2;CPXPARAM_Preprocessing_NumPass=-1;CPXPARAM_Preprocessing_Presolve=1;CPXPARAM_Preprocessing_QPMakePSD=1;CPXPARAM_Preprocessing_Reduce=3;CPXPARAM_Preprocessing_Relax=-1;CPXPARAM_Preprocessing_RepeatPresolve=-1;CPXPARAM_Preprocessing_Symmetry=-1;CPXPARAM_Read_Scale=-1;CPXPARAM_Sifting_Algorithm=0;CPXPARAM_Simplex_Crash=1;CPXPARAM_Simplex_DGradient=0;CPXPARAM_Simplex_Limits_Perturbation=0;CPXPARAM_Simplex_Limits_Singularity=10;CPXPARAM_Simplex_PGradient=0;CPXPARAM_Simplex_Pricing=0;CPXPARAM_Simplex_Refactor=0
15230896573644464169,0,CPXPARAM_Advance=1;CPXPARAM_Barrier_Algorithm=0;CPXPARAM_Barrier_ColNonzeros=0;CPXPARAM_Barrier_Crossover=0;CPXPARAM_Barrier_Limits_Corrections=-1;CPXPARAM_Barrier_Ordering=0;CPXPARAM_Barrier_StartAlg=1;CPXPARAM_Emphasis_MIP=0;CPXPARAM_Emphasis_Memory=0;CPXPARAM_Emphasis_Numerical=0;CPXPARAM_Feasopt_Mode=0;CPXPARAM_LPMethod=0;CPXPARAM_MIP_Cuts_Cliques=-1;CPXPARAM_MIP_Cuts_Covers=-1;CPXPARAM_MIP_Cuts_Disjunctive=-1;CPXPARAM_MIP_Cuts_FlowCovers=0;CPXPARAM_MIP_Cuts_GUBCovers=2;CPXPARAM_MIP_Cuts_Gomory=0;CPXPARAM_MIP_Cuts_Implied=1;CPXPARAM_MIP_Cuts_MIRCut=-1;CPXPARAM_MIP_Cuts_PathCut=1;CPXPARAM_MIP_Limits_AggForCut=0;CPXPARAM_MIP_Limits_CutPasses=0;CPXPARAM_MIP_Limits_CutsFactor=-1;CPXPARAM_MIP_Limits_GomoryCand=200;CPXPARAM_MIP_Limits_GomoryPass=0;CPXPARAM_MIP_Limits_Nodes=9223372036800000000;CPXPARAM_MIP_Limits_ProbeTime=1e+75;CPXPARAM_MIP_Limits_RepairTries=0;CPXPARAM_MIP_Limits_StrongCand=10;CPXPARAM_MIP_Limits_StrongIt=0;CPXPARAM_MIP_OrderType=3;CPXPARAM_MIP_Strategy_BBInterval=7;CPXPARAM_MIP_Strategy_Branch=0;CPXPARAM_MIP_Strategy_Dive=0;CPXPARAM_MIP_Strategy_File=1;CPXPARAM_MIP_Strategy_HeuristicFreq=0;CPXPARAM_MIP_Strategy_LBHeur=0;CPXPARAM_MIP_Strategy_NodeSelect=0;CPXPARAM_MIP_Strategy_Order=1;CPXPARAM_MIP_Strategy_PresolveNode=2;CPXPARAM_MIP_Strategy_Probe=3;CPXPARAM_MIP_Strategy_RINSHeur=0;CPXPARAM_MIP_Strategy_StartAlgorithm=0;CPXPARAM_MIP_Strategy_SubAlgorithm=0;CPXPARAM_MIP_Strategy_VariableSelect=0;CPXPARAM_Network_NetFind=2;CPXPARAM_Network_Pricing=0;CPXPARAM_Parallel=1;CPXPARAM_Preprocessing_Aggregator=-1;CPXPARAM_Preprocessing_BoundStrength=-1;CPXPARAM_Preprocessing_CoeffReduce=-1;CPXPARAM_Preprocessing_Dependency=-1;CPXPARAM_Preprocessing_Dual=0;CPXPARAM_Preprocessing_Fill=2;CPXPARAM_Preprocessing_NumPass=-1;CPXPARAM_Preprocessing_Presolve=1;CPXPARAM_Preprocessing_QPMakePSD=1;CPXPARAM_Preprocessing_Reduce=0;CPXPARAM_Preprocessing_Relax=-1;CPXPARAM_Preprocessing_RepeatPresolve=-1;CPXPARAM_Preprocessing_Symmetry=-1;CPXPARAM_Read_Scale=1;CPXPARAM_Sifting_Algorithm=0;CPXPARAM_Simplex_Crash=1;CPXPARAM_Simplex_DGradient=0;CPXPARAM_Simplex_Limits_Perturbation=0;CPXPARAM_Simplex_Limits_Singularity=10;CPXPARAM_Simplex_PGradient=0;CPXPARAM_Simplex_Pricing=0;CPXPARAM_Simplex_Refactor=0
10933561661512235888,0,CPXPARAM_Advance=1;CPXPARAM_Barrier_Algorithm=0;CPXPARAM_Barrier_ColNonzeros=0;CPXPARAM_Barrier_Crossover=0;CPXPARAM_Barrier_Limits_Corrections=-1;CPXPARAM_Barrier_Ordering=0;CPXPARAM_Barrier_StartAlg=1;CPXPARAM_Emphasis_MIP=0;CPXPARAM_Emphasis_Memory=0;CPXPARAM_Emphasis_Numerical=0;CPXPARAM_Feasopt_Mode=0;CPXPARAM_LPMethod=0;CPXPARAM_MIP_Cuts_Cliques=-1;CPXPARAM_MIP_Cuts_Covers=-1;CPXPARAM_MIP_Cuts_Disjunctive=-1;CPXPARAM_MIP_Cuts_FlowCovers=-1;CPXPARAM_MIP_Cuts_GUBCovers=2;CPXPARAM_MIP_Cuts_Gomory=0;CPXPARAM_MIP_Cuts_Implied=1;CPXPARAM_MIP_Cuts_MIRCut=-1;CPXPARAM_MIP_Cuts_PathCut=1;CPXPARAM_MIP_Limits_AggForCut=0;CPXPARAM_MIP_Limits_CutPasses=0;CPXPARAM_MIP_Limits_CutsFactor=-1;CPXPARAM_MIP_Limits_GomoryCand=200;CPXPARAM_MIP_Limits_GomoryPass=0;CPXPARAM_MIP_Limits_Nodes=9223372036800000000;CPXPARAM_MIP_Limits_ProbeTime=1e+75;CPXPARAM_MIP_Limits_RepairTries=0;CPXPARAM_MIP_Limits_StrongCand=10;CPXPARAM_MIP_Limits_StrongIt=0;CPXPARAM_MIP_OrderType=3;CPXPARAM_MIP_Strategy_BBInterval=7;CPXPARAM_MIP_Strategy_Branch=0;CPXPARAM_MIP_Strategy_Dive=0;CPXPARAM_MIP_Strategy_File=1;CPXPARAM_MIP_Strategy_HeuristicFreq=0;CPXPARAM_MIP_Strategy_LBHeur=0;CPXPARAM_MIP_Strategy_NodeSelect=0;CPXPARAM_MIP_Strategy_Order=1;CPXPARAM_MIP_Strategy_PresolveNode=2;CPXPARAM_MIP_Strategy_Probe=3;CPXPARAM_MIP_Strategy_RINSHeur=0;CPXPARAM_MIP_Strategy_StartAlgorithm=0;CPXPARAM_MIP_Strategy_SubAlgorithm=4;CPXPARAM_MIP_Strategy_VariableSelect=0;CPXPARAM_Network_NetFind=2;CPXPARAM_Network_Pricing=0;CPXPARAM_Parallel=1;CPXPARAM_Preprocessing_Aggregator=-1;CPXPARAM_Preprocessing_BoundStrength=-1;CPXPARAM_Preprocessing_CoeffReduce=-1;CPXPARAM_Preprocessing_Dependency=-1;CPXPARAM_Preprocessing_Dual=0;CPXPARAM_Preprocessing_Fill=2;CPXPARAM_Preprocessing_NumPass=-1;CPXPARAM_Preprocessing_Presolve=1;CPXPARAM_Preprocessing_QPMakePSD=1;CPXPARAM_Preprocessing_Reduce=0;CPXPARAM_Preprocessing_Relax=-1;CPXPARAM_Preprocessing_RepeatPresolve=-1;CPXPARAM_Preprocessing_Symmetry=-1;CPXPARAM_Read_Scale=1;CPXPARAM_Sifting_Algorithm=0;CPXPARAM_Simplex_Crash=1;CPXPARAM_Simplex_DGradient=0;CPXPARAM_Simplex_Limits_Perturbation=0;CPXPARAM_Simplex_Limits_Singularity=10;CPXPARAM_Simplex_PGradient=0;CPXPARAM_Simplex_Pricing=0;CPXPARAM_Simplex_Refactor=0
7512241842233414655,0,CPXPARAM_Advance=1;CPXPARAM_Barrier_Algorithm=0;CPXPARAM_Barrier_ColNonzeros=0;CPXPARAM_Barrier_Crossover=0;CPXPARAM_Barrier_Limits_Corrections=-1;CPXPARAM_Barrier_Ordering=0;CPXPARAM_Barrier_StartAlg=1;CPXPARAM_Emphasis_MIP=0;CPXPARAM_Emphasis_Memory=0;CPXPARAM_Emphasis_Numerical=0;CPXPARAM_Feasopt_Mode=0;CPXPARAM_LPMethod=0;CPXPARAM_MIP_Cuts_Cliques=0;CPXPARAM_MIP_Cuts_Covers=-1;CPXPARAM_MIP_Cuts_Disjunctive=-1;CPXPARAM_MIP_Cuts_FlowCovers=-1;CPXPARAM_MIP_Cuts_GUBCovers=2;CPXPARAM_MIP_Cuts_Gomory=0;CPXPARAM_MIP_Cuts_Implied=1;CPXPARAM_MIP_Cuts_MIRCut=-1;CPXPARAM_MIP_Cuts_PathCut=1;CPXPARAM_MIP_Limits_AggForCut=0;CPXPARAM_MIP_Limits_CutPasses=0;CPXPARAM_MIP_Limits_CutsFactor=-1;CPXPARAM_MIP_Limits_GomoryCand=200;CPXPARAM_MIP_Limits_GomoryPass=0;CPXPARAM_MIP_Limits_Nodes=9223372036800000000;CPXPARAM_MIP_Limits_ProbeTime=1e+75;CPXPARAM_MIP_Limits_RepairTries=0;CPXPARAM_MIP_Limits_StrongCand=10;CPXPARAM_MIP_Limits_StrongIt=0;CPXPARAM_MIP_OrderType=3;CPXPARAM_MIP_Strategy_BBInterval=7;CPXPARAM_MIP_Strategy_Branch=0;CPXPARAM_MIP_Strategy_Dive=0;CPXPARAM_MIP_Strategy_File=1;CPXPARAM_MIP_Strategy_HeuristicFreq=0;CPXPARAM_MIP_Strategy_LBHeur=0;CPXPARAM_MIP_Strategy_NodeSelect=0;CPXPARAM_MIP_Strategy_Order=1;CPXPARAM_MIP_Strategy_PresolveNode=2;CPXPARAM_MIP_Strategy_Probe=3;CPXPARAM_MIP_Strategy_RINSHeur=0;CPXPARAM_MIP_Strategy_StartAlgorithm=0;CPXPARAM_MIP_Strategy_SubAlgorithm=0;CPXPARAM_MIP_Strategy_VariableSelect=0;CPXPARAM_Network_NetFind=2;CPXPARAM_Network_Pricing=0;CPXPARAM_Parallel=1;CPXPARAM_Preprocessing_Aggregator=-1;CPXPARAM_Preprocessing_BoundStrength=-1;CPXPARAM_Preprocessing_CoeffReduce=-1;CPXPARAM_Preprocessing_Dependency=-1;CPXPARAM_Preprocessing_Dual=0;CPXPARAM_Preprocessing_Fill=2;CPXPARAM_Preprocessing_NumPass=-1;CPXPARAM_Preprocessing_Presolve=1;CPXPARAM_Preprocessing_QPMakePSD=1;CPXPARAM_Preprocessing_Reduce=0;CPXPARAM_Preprocessing_Relax=-1;CPXPARAM_Preprocessing_RepeatPresolve=-1;CPXPARAM_Preprocessing_Symmetry=-1;CPXPARAM_Read_Scale=1;CPXPARAM_Sifting_Algorithm=0;CPXPARAM_Simplex_Crash=1;CPXPARAM_Simplex_DGradient=0;CPXPARAM_Simplex_Limits_Perturbation=0;CPXPARAM_Simplex_Limits_Singularity=10;CPXPARAM_Simplex_PGradient=0;CPXPARAM_Simplex_Pricing=0;CPXPARAM_Simplex_Refactor=0
8947982703336798144,0,CPXPARAM_Advance=1;CPXPARAM_Barrier_Algorithm=0;CPXPARAM_Barrier_ColNonzeros=0;CPXPARAM_Barrier_Crossover=0;CPXPARAM_Barrier_Limits_Corrections=-1;CPXPARAM_Barrier_Ordering=0;CPXPARAM_Barrier_StartAlg=1;CPXPARAM_Emphasis_MIP=0;CPXPARAM_Emphasis_Memory=0;CPXPARAM_Emphasis_Numerical=0;CPXPARAM_Feasopt_Mode=0;CPXPARAM_LPMethod=0;CPXPARAM_MIP_Cuts_Cliques=-1;CPXPARAM_MIP_Cuts_Covers=-1;CPXPARAM_MIP_Cuts_Disjunctive=-1;CPXPARAM_MIP_Cuts_FlowCovers=-1;CPXPARAM_MIP_Cuts_GUBCovers=2;CPXPARAM_MIP_Cuts_Gomory=0;CPXPARAM_MIP_Cuts_Implied=1;CPXPARAM_MIP_Cuts_MIRCut=-1;CPXPARAM_MIP_Cuts_PathCut=1;CPXPARAM_MIP_Limits_AggForCut=0;CPXPARAM_MIP_Limits_CutPasses=0;CPXPARAM_MIP_Limits_CutsFactor=-1;CPXPARAM_MIP_Limits_GomoryCand=200;CPXPARAM_MIP_Limits_GomoryPass=0;CPXPARAM_MIP_Limits_Nodes=9223372036800000000;CPXPARAM_MIP_Limits_ProbeTime=1e+75;CPXPARAM_MIP_Limits_RepairTries=0;CPXPARAM_MIP_Limits_StrongCand=10;CPXPARAM_MIP_Limits_StrongIt=0;CPXPARAM_MIP_OrderType=3;CPXPARAM_MIP_Strategy_BBInterval=7;CPXPARAM_MIP_Strategy_Branch=0;CPXPARAM_MIP_Strategy_Dive=0;CPXPARAM_MIP_Strategy_File=1;CPXPARAM_MIP_Strategy_HeuristicFreq=0;CPXPARAM_MIP_Strategy_LBHeur=0;CPXPARAM_MIP_Strategy_NodeSelect=0;CPXPARAM_MIP_Strategy_Order=1;CPXPARAM_MIP_Strategy_PresolveNode=2;CPXPARAM_MIP_Strategy_Probe=2;CPXPARAM_MIP_Strategy_RINSHeur=0;CPXPARAM_MIP_Strategy_StartAlgorithm=0;CPXPARAM_MIP_Strategy_SubAlgorithm=0;CPXPARAM_MIP_Strategy_VariableSelect=0;CPXPARAM_Network_NetFind=2;CPXPARAM_Network_Pricing=0;CPXPARAM_Parallel=1;CPXPARAM_Preprocessing_Aggregator=-1;CPXPARAM_Preprocessing_BoundStrength=-1;CPXPARAM_Preprocessing_CoeffReduce=-1;CPXPARAM_Preprocessing_Dependency=-1;CPXPARAM_Preprocessing_Dual=0;CPXPARAM_Preprocessing_Fill=2;CPXPARAM_Preprocessing_NumPass=-1;CPXPARAM_Preprocessing_Presolve=1;CPXPARAM_Preprocessing_QPMakePSD=1;CPXPARAM_Preprocessing_Reduce=0;CPXPARAM_Preprocessing_Relax=-1;CPXPARAM_Preprocessing_RepeatPresolve=-1;CPXPARAM_Preprocessing_Symmetry=-1;CPXPARAM_Read_Scale=1;CPXPARAM_Sifting_Algorithm=0;CPXPARAM_Simplex_Crash=1;CPXPARAM_Simplex_DGradient=0;CPXPARAM_Simplex_Limits_Perturbation=0;CPXPARAM_Simplex_Limits_Singularity=10;CPXPARAM_Simplex_PGradient=0;CPXPARAM_Simplex_Pricing=0;CPXPARAM_Simplex_Refactor=0
9166865423609577223,0,CPXPARAM_Advance=1;CPXPARAM_Barrier_Algorithm=0;CPXPARAM_Barrier_ColNonzeros=0;CPXPARAM_Barrier_Crossover=0;CPXPARAM_Barrier_Limits_Corrections=-1;CPXPARAM_Barrier_Ordering=0;CPXPARAM_Barrier_StartAlg=1;CPXPARAM_Emphasis_MIP=0;CPXPARAM_Emphasis_Memory=0;CPXPARAM_Emphasis_Numerical=0;CPXPARAM_Feasopt_Mode=0;CPXPARAM_LPMethod=0;CPXPARAM_MIP_Cuts_Cliques=-1;CPXPARAM_MIP_Cuts_Covers=-1;CPXPARAM_MIP_Cuts_Disjunctive=-1;CPXPARAM_MIP_Cuts_FlowCovers=-1;CPXPARAM_MIP_Cuts_GUBCovers=2;CPXPARAM_MIP_Cuts_Gomory=0;CPXPARAM_MIP_Cuts_Implied=1;CPXPARAM_MIP_Cuts_MIRCut=-1;CPXPARAM_MIP_Cuts_PathCut=1;CPXPARAM_MIP_Limits_AggForCut=0;CPXPARAM_MIP_Limits_CutPasses=0;CPXPARAM_MIP_Limits_CutsFactor=-1;CPXPARAM_MIP_Limits_GomoryCand=200;CPXPARAM_MIP_Limits_GomoryPass=0;CPXPARAM_MIP_Limits_Nodes=9223372036800000000;CPXPARAM_MIP_Limits_ProbeTime=1e+75;CPXPARAM_MIP_Limits_RepairTries=0;CPXPARAM_MIP_Limits_StrongCand=10;CPXPARAM_MIP_Limits_StrongIt=0;CPXPARAM_MIP_OrderType=3;CPXPARAM_MIP_Strategy_BBInterval=7;CPXPARAM_MIP_Strategy_Branch=0;CPXPARAM_MIP_Strategy_Dive=0;CPXPARAM_MIP_Strategy_File=1;CPXPARAM_MIP_Strategy_HeuristicFreq=0;CPXPARAM_MIP_Strategy_LBHeur=0;CPXPARAM_MIP_Strategy_NodeSelect=0;CPXPARAM_MIP_Strategy_Order=1;CPXPARAM_MIP_Strategy_PresolveNode=2;CPXPARAM_MIP_Strategy_Probe=3;CPXPARAM_MIP_Strategy_RINSHeur=0;CPXPARAM_MIP_Strategy_StartAlgorithm=0;CPXPARAM_MIP_Strategy_SubAlgorithm=0;CPXPARAM_MIP_Strategy_VariableSelect=0;CPXPARAM_Network_NetFind=2;CPXPARAM_Network_Pricing=0;CPXPARAM_Parallel=1;CPXPARAM_Preprocessing_Aggregator=-1;CPXPARAM_Preprocessing_BoundStrength=-1;CPXPARAM_Preprocessing_CoeffReduce=-1;CPXPARAM_Preprocessing_Dependency=-1;CPXPARAM_Preprocessing_Dual=0;CPXPARAM_Preprocessing_Fill=2;CPXPARAM_Preprocessing_NumPass=-1;CPXPARAM_Preprocessing_Presolve=1;CPXPARAM_Preprocessing_QPMakePSD=1;CPXPARAM_Preprocessing_Reduce=0;CPXPARAM_Preprocessing_Relax=-1;CPXPARAM_Preprocessing_RepeatPresolve=-1;CPXPARAM_Preprocessing_Symmetry=-1;CPXPARAM_Read_Scale=1;CPXPARAM_Sifting_Algorithm=0;CPXPARAM_Simplex_Crash=1;CPXPARAM_Simplex_DGradient=0;CPXPARAM_Simplex_Limits_Perturbation=0;CPXPARAM_Simplex_Limits_Singularity=10;CPXPARAM_Simplex_PGradient=0;CPXPARAM_Simplex_Pricing=0;CPXPARAM_Simplex_Refactor=0
8888137463670420069,0,CPXPARAM_Advance=1;CPXPARAM_Barrier_Algorithm=0;CPXPARAM_Barrier_ColNonzeros=0;CPXPARAM_Barrier_Crossover=0;CPXPARAM_Barrier_Limits_Corrections=-1;CPXPARAM_Barrier_Ordering=0;CPXPARAM_Barrier_StartAlg=1;CPXPARAM_Emphasis_MIP=0;CPXPARAM_Emphasis_Memory=0;CPXPARAM_Emphasis_Numerical=0;CPXPARAM_Feasopt_Mode=0;CPXPARAM_LPMethod=0;CPXPARAM_MIP_Cuts_Cliques=1;CPXPARAM_MIP_Cuts_Covers=-1;CPXPARAM_MIP_Cuts_Disjunctive=-1;CPXPARAM_MIP_Cuts_FlowCovers=2;CPXPARAM_MIP_Cuts_GUBCovers=-1;CPXPARAM_MIP_Cuts_Gomory=0;CPXPARAM_MIP_Cuts_Implied=-1;CPXPARAM_MIP_Cuts_MIRCut=-1;CPXPARAM_MIP_Cuts_PathCut=1;CPXPARAM_MIP_Limits_AggForCut=10;CPXPARAM_MIP_Limits_CutPasses=0;CPXPARAM_MIP_Limits_CutsFactor=-1;CPXPARAM_MIP_Limits_GomoryCand=800;CPXPARAM_MIP_Limits_GomoryPass=0;CPXPARAM_MIP_Limits_Nodes=9223372036800000000;CPXPARAM_MIP_Limits_ProbeTime=1e+75;CPXPARAM_MIP_Limits_RepairTries=0;CPXPARAM_MIP_Limits_StrongCand=10;CPXPARAM_MIP_Limits_StrongIt=0;CPXPARAM_MIP_OrderType=2;CPXPARAM_MIP_Strategy_BBInterval=7;CPXPARAM_MIP_Strategy_Branch=0;CPXPARAM_MIP_Strategy_Dive=0;CPXPARAM_MIP_Strategy_File=1;CPXPARAM_MIP_Strategy_HeuristicFreq=0;CPXPARAM_MIP_Strategy_LBHeur=0;CPXPARAM_MIP_Strategy_NodeSelect=3;CPXPARAM_MIP_Strategy_Order=1;CPXPARAM_MIP_Strategy_PresolveNode=3;CPXPARAM_MIP_Strategy_Probe=2;CPXPARAM_MIP_Strategy_RINSHeur=0;CPXPARAM_MIP_Strategy_StartAlgorithm=0;CPXPARAM_MIP_Strategy_SubAlgorithm=0;CPXPARAM_MIP_Strategy_VariableSelect=2;CPXPARAM_Network_NetFind=2;CPXPARAM_Network_Pricing=0;CPXPARAM_Parallel=1;CPXPARAM_Preprocessing_Aggregator=-1;CPXPARAM_Preprocessing_BoundStrength=-1;CPXPARAM_Preprocessing_CoeffReduce=-1;CPXPARAM_Preprocessing_Dependency=-1;CPXPARAM_Preprocessing_Dual=0;CPXPARAM_Preprocessing_Fill=40;CPXPARAM_Preprocessing_NumPass=-1;CPXPARAM_Preprocessing_Presolve=1;CPXPARAM_Preprocessing_QPMakePSD=1;CPXPARAM_Preprocessing_Reduce=3;CPXPARAM_Preprocessing_Relax=-1;CPXPARAM_Preprocessing_RepeatPresolve=-1;CPXPARAM_Preprocessing_Symmetry=-1;CPXPARAM_Read_Scale=-1;CPXPARAM_Sifting_Algorithm=0;CPXPARAM_Simplex_Crash=1;CPXPARAM_Simplex_DGradient=0;CPXPARAM_Simplex_Limits_Perturbation=0;CPXPARAM_Simplex_Limits_Singularity=10;CPXPARAM_Simplex_PGradient=0;CPXPARAM_Simplex_Pricing=0;CPXPARAM_Simplex_Refactor=0
11456051142777295104,0,CPXPARAM_Advance=1;CPXPARAM_Barrier_Algorithm=0;CPXPARAM_Barrier_ColNonzeros=0;CPXPARAM_Barrier_Crossover=0;CPXPARAM_Barrier_Limits_Corrections=-1;CPXPARAM_Barrier_Ordering=0;CPXPARAM_Barrier_StartAlg=1;CPXPARAM_Emphasis_MIP=0;CPXPARAM_Emphasis_Memory=0;CPXPARAM_Emphasis_Numerical=0;CPXPARAM_Feasopt_Mode=0;CPXPARAM_LPMethod=0;CPXPARAM_MIP_Cuts_Cliques=1;CPXPARAM_MIP_Cuts_Covers=-1;CPXPARAM_MIP_Cuts_Disjunctive=-1;CPXPARAM_MIP_Cuts_FlowCovers=2;CPXPARAM_MIP_Cuts_GUBCovers=-1;CPXPARAM_MIP_Cuts_Gomory=0;CPXPARAM_MIP_Cuts_Implied=-1;CPXPARAM_MIP_Cuts_MIRCut=-1;CPXPARAM_MIP_Cuts_PathCut=1;CPXPARAM_MIP_Limits_AggForCut=5;CPXPARAM_MIP_Limits_CutPasses=0;CPXPARAM_MIP_Limits_CutsFactor=-1;CPXPARAM_MIP_Limits_GomoryCand=800;CPXPARAM_MIP_Limits_GomoryPass=0;CPXPARAM_MIP_Limits_Nodes=9223372036800000000;CPXPARAM_MIP_Limits_ProbeTime=1e+75;CPXPARAM_MIP_Limits_RepairTries=0;CPXPARAM_MIP_Limits_StrongCand=10;CPXPARAM_MIP_Limits_StrongIt=0;CPXPARAM_MIP_OrderType=0;CPXPARAM_MIP_Strategy_BBInterval=7;CPXPARAM_MIP_Strategy_Branch=0;CPXPARAM_MIP_Strategy_Dive=0;CPXPARAM_MIP_Strategy_File=1;CPXPARAM_MIP_Strategy_HeuristicFreq=0;CPXPARAM_MIP_Strategy_LBHeur=0;CPXPARAM_MIP_Strategy_NodeSelect=3;CPXPARAM_MIP_Strategy_Order=1;CPXPARAM_MIP_Strategy_PresolveNode=3;CPXPARAM_MIP_Strategy_Probe=2;CPXPARAM_MIP_Strategy_RINSHeur=0;CPXPARAM_MIP_Strategy_StartAlgorithm=0;CPXPARAM_MIP_Strategy_SubAlgorithm=1;CPXPARAM_MIP_Strategy_VariableSelect=2;CPXPARAM_Network_NetFind=2;CPXPARAM_Network_Pricing=0;CPXPARAM_Parallel=1;CPXPARAM_Preprocessing_Aggregator=-1;CPXPARAM_Preprocessing_BoundStrength=-1;CPXPARAM_Preprocessing_CoeffReduce=-1;CPXPARAM_Preprocessing_Dependency=-1;CPXPARAM_Preprocessing_Dual=0;CPXPARAM_Preprocessing_Fill=40;CPXPARAM_Preprocessing_NumPass=-1;CPXPARAM_Preprocessing_Presolve=1;CPXPARAM_Preprocessing_QPMakePSD=1;CPXPARAM_Preprocessing_Reduce=3;CPXPARAM_Preprocessing_Relax=-1;CPXPARAM_Preprocessing_RepeatPresolve=-1;CPXPARAM_Preprocessing_Symmetry=-1;CPXPARAM_Read_Scale=-1;CPXPARAM_Sifting_Algorithm=0;CPXPARAM_Simplex_Crash=1;CPXPARAM_Simplex_DGradient=0;CPXPARAM_Simplex_Limits_Perturbation=0;CPXPARAM_Simplex_Limits_Singularity=10;CPXPARAM_Simplex_PGradient=0;CPXPARAM_Simplex_Pricing=0;CPXPARAM_Simplex_Refactor=0
15858802699582142822,0,CPXPARAM_Advance=1;CPXPARAM_Barrier_Algorithm=0;CPXPARAM_Barrier_ColNonzeros=0;CPXPARAM_Barrier_Crossover=0;CPXPARAM_Barrier_Limits_Corrections=-1;CPXPARAM_Barrier_Ordering=0;CPXPARAM_Barrier_StartAlg=1;CPXPARAM_Emphasis_MIP=0;CPXPARAM_Emphasis_Memory=0;CPXPARAM_Emphasis_Numerical=0;CPXPARAM_Feasopt_Mode=0;CPXPARAM_LPMethod=0;CPXPARAM_MIP_Cuts_Cliques=1;CPXPARAM_MIP_Cuts_Covers=-1;CPXPARAM_MIP_Cuts_Disjunctive=-1;CPXPARAM_MIP_Cuts_FlowCovers=2;CPXPARAM_MIP_Cuts_GUBCovers=-1;CPXPARAM_MIP_Cuts_Gomory=0;CPXPARAM_MIP_Cuts_Implied=-1;CPXPARAM_MIP_Cuts_MIRCut=-1;CPXPARAM_MIP_Cuts_PathCut=1;CPXPARAM_MIP_Limits_AggForCut=10;CPXPARAM_MIP_Limits_CutPasses=0;CPXPARAM_MIP_Limits_CutsFactor=-1;CPXPARAM_MIP_Limits_GomoryCand=800;CPXPARAM_MIP_Limits_GomoryPass=0;CPXPARAM_MIP_Limits_Nodes=9223372036800000000;CPXPARAM_MIP_Limits_ProbeTime=1e+75;CPXPARAM_MIP_Limits_RepairTries=0;CPXPARAM_MIP_Limits_StrongCand=10;CPXPARAM_MIP_Limits_StrongIt=0;CPXPARAM_MIP_OrderType=2;CPXPARAM_MIP_Strategy_BBInterval=7;CPXPARAM_MIP_Strategy_Branch=0;CPXPARAM_MIP_Strategy_Dive=0;CPXPARAM_MIP_Strategy_File=1;CPXPARAM_MIP_Strategy_HeuristicFreq=0;CPXPARAM_MIP_Strategy_LBHeur=0;CPXPARAM_MIP_Strategy_NodeSelect=3;CPXPARAM_MIP_Strategy_Order=1;CPXPARAM_MIP_Strategy_PresolveNode=3;CPXPARAM_MIP_Strategy_Probe=2;CPXPARAM_MIP_Strategy_RINSHeur=0;CPXPARAM_MIP_Strategy_StartAlgorithm=0;CPXPARAM_MIP_Strategy_SubAlgorithm=1;CPXPARAM_MIP_Strategy_VariableSelect=2;CPXPARAM_Network_NetFind=2;CPXPARAM_Network_Pricing=0;CPXPARAM_Parallel=1;CPXPARAM_Preprocessing_Aggregator=-1;CPXPARAM_Preprocessing_BoundStrength=-1;CPXPARAM_Preprocessing_CoeffReduce=-1;CPXPARAM_Preprocessing_Dependency=-1;CPXPARAM_Preprocessing_Dual=0;CPXPARAM_Preprocessing_Fill=40;CPXPARAM_Preprocessing_NumPass=-1;CPXPARAM_Preprocessing_Presolve=1;CPXPARAM_Preprocessing_QPMakePSD=1;CPXPARAM_Preprocessing_Reduce=3;CPXPARAM_Preprocessing_Relax=-1;CPXPARAM_Preprocessing_RepeatPresolve=-1;CPXPARAM_Preprocessing_Symmetry=-1;CPXPARAM_Read_Scale=-1;CPXPARAM_Sifting_Algorithm=0;CPXPARAM_Simplex_Crash=1;CPXPARAM_Simplex_DGradient=0;CPXPARAM_Simplex_Limits_Perturbation=0;CPXPARAM_Simplex_Limits_Singularity=10;CPXPARAM_Simplex_PGradient=0;CPXPARAM_Simplex_Pricing=0;CPXPARAM_Simplex_Refactor=0
10836431003492217425,0,CPXPARAM_Advance=1;CPXPARAM_Barrier_Algorithm=0;CPXPARAM_Barrier_ColNonzeros=0;CPXPARAM_Barrier_Crossover=0;CPXPARAM_Barrier_Limits_Corrections=-1;CPXPARAM_Barrier_Ordering=0;CPXPARAM_Barrier_StartAlg=1;CPXPARAM_Emphasis_MIP=0;CPXPARAM_Emphasis_Memory=0;CPXPARAM_Emphasis_Numerical=0;CPXPARAM_Feasopt_Mode=0;CPXPARAM_LPMethod=0;CPXPARAM_MIP_Cuts_Cliques=1;CPXPARAM_MIP_Cuts_Covers=-1;CPXPARAM_MIP_Cuts_Disjunctive=-1;CPXPARAM_MIP_Cuts_FlowCovers=2;CPXPARAM_MIP_Cuts_GUBCovers=-1;CPXPARAM_MIP_Cuts_Gomory=0;CPXPARAM_MIP_Cuts_Implied=-1;CPXPARAM_MIP_Cuts_MIRCut=-1;CPXPARAM_MIP_Cuts_PathCut=1;CPXPARAM_MIP_Limits_AggForCut=5;CPXPARAM_MIP_Limits_CutPasses=0;CPXPARAM_MIP_Limits_CutsFactor=-1;CPXPARAM_MIP_Limits_GomoryCand=800;CPXPARAM_MIP_Limits_GomoryPass=0;CPXPARAM_MIP_Limits_Nodes=9223372036800000000;CPXPARAM_MIP_Limits_ProbeTime=1e+75;CPXPARAM_MIP_Limits_RepairTries=0;CPXPARAM_MIP_Limits_StrongCand=10;CPXPARAM_MIP_Limits_StrongIt=0;CPXPARAM_MIP_OrderType=2;CPXPARAM_MIP_Strategy_BBInterval=7;CPXPARAM_MIP_Strategy_Branch=0;CPXPARAM_MIP_Strategy_Dive=0;CPXPARAM_MIP_Strategy_File=1;CPXPARAM_MIP_Strategy_HeuristicFreq=0;CPXPARAM_MIP_Strategy_LBHeur=0;CPXPARAM_MIP_Strategy_NodeSelect=3;CPXPARAM_MIP_Strategy_Order=1;CPXPARAM_MIP_Strategy_PresolveNode=3;CPXPARAM_MIP_Strategy_Probe=2;CPXPARAM_MIP_Strategy_RINSHeur=0;CPXPARAM_MIP_Strategy_StartAlgorithm=0;CPXPARAM_MIP_Strategy_SubAlgorithm=1;CPXPARAM_MIP_Strategy_VariableSelect=1;CPXPARAM_Network_NetFind=2;CPXPARAM_Network_Pricing=0;CPXPARAM_Parallel=1;CPXPARAM_Preprocessing_Aggregator=-1;CPXPARAM_Preprocessing_BoundStrength=-1;CPXPARAM_Preprocessing_CoeffReduce=-1;CPXPARAM_Preprocessing_Dependency=-1;CPXPARAM_Preprocessing_Dual=0;CPXPARAM_Preprocessing_Fill=40;CPXPARAM_Preprocessing_NumPass=-1;CPXPARAM_Preprocessing_Presolve=1;CPXPARAM_Preprocessing_QPMakePSD=1;CPXPARAM_Preprocessing_Reduce=3;CPXPARAM_Preprocessing_Relax=-1;CPXPARAM_Preprocessing_RepeatPresolve=-1;CPXPARAM_Preprocessing_Symmetry=-1;CPXPARAM_Read_Scale=-1;CPXPARAM_Sifting_Algorithm=0;CPXPARAM_Simplex_Crash=1;CPXPARAM_Simplex_DGradient=0;CPXPARAM_Simplex_Limits_Perturbation=0;CPXPARAM_Simplex_Limits_Singularity=10;CPXPARAM_Simplex_PGradient=0;CPXPARAM_Simplex_Pricing=0;CPXPARAM_Simplex_Refactor=0
6514181660831412461,0,CPXPARAM_Advance=1;CPXPARAM_Barrier_Algorithm=0;CPXPARAM_Barrier_ColNonzeros=0;CPXPARAM_Barrier_Crossover=0;CPXPARAM_Barrier_Limits_Corrections=-1;CPXPARAM_Barrier_Ordering=0;CPXPARAM_Barrier_StartAlg=1;CPXPARAM_Emphasis_MIP=5;CPXPARAM_Emphasis_Memory=0;CPXPARAM_Emphasis_Numerical=0;CPXPARAM_Feasopt_Mode=0;CPXPARAM_LPMethod=0;CPXPARAM_MIP_Cuts_Cliques=2;CPXPARAM_MIP_Cuts_Covers=3;CPXPARAM_MIP_Cuts_Disjunctive=1;CPXPARAM_MIP_Cuts_FlowCovers=2;CPXPARAM_MIP_Cuts_GUBCovers=2;CPXPARAM_MIP_Cuts_Gomory=-1;CPXPARAM_MIP_Cuts_Implied=-1;CPXPARAM_MIP_Cuts_MIRCut=0;CPXPARAM_MIP_Cuts_PathCut=0;CPXPARAM_MIP_Limits_AggForCut=3;CPXPARAM_MIP_Limits_CutPasses=0;CPXPARAM_MIP_Limits_CutsFactor=-1;CPXPARAM_MIP_Limits_GomoryCand=10;CPXPARAM_MIP_Limits_GomoryPass=0;CPXPARAM_MIP_Limits_Nodes=9223372036800000000;CPXPARAM_MIP_Limits_ProbeTime=1e+75;CPXPARAM_MIP_Limits_RepairTries=0;CPXPARAM_MIP_Limits_StrongCand=10;CPXPARAM_MIP_Limits_StrongIt=0;CPXPARAM_MIP_OrderType=2;CPXPARAM_MIP_Strategy_BBInterval=7;CPXPARAM_MIP_Strategy_Branch=1;CPXPARAM_MIP_Strategy_Dive=0;CPXPARAM_MIP_Strategy_File=1;CPXPARAM_MIP_Strategy_HeuristicFreq=0;CPXPARAM_MIP_Strategy_LBHeur=0;CPXPARAM_MIP_Strategy_NodeSelect=3;CPXPARAM_MIP_Strategy_Order=1;CPXPARAM_MIP_Strategy_PresolveNode=3;CPXPARAM_MIP_Strategy_Probe=-1;CPXPARAM_MIP_Strategy_RINSHeur=0;CPXPARAM_MIP_Strategy_StartAlgorithm=0;CPXPARAM_MIP_Strategy_SubAlgorithm=1;CPXPARAM_MIP_Strategy_VariableSelect=1;CPXPARAM_Network_NetFind=2;CPXPARAM_Network_Pricing=0;CPXPARAM_Parallel=1;CPXPARAM_Preprocessing_Aggregator=-1;CPXPARAM_Preprocessing_BoundStrength=-1;CPXPARAM_Preprocessing_CoeffReduce=-1;CPXPARAM_Preprocessing_Dependency=-1;CPXPARAM_Preprocessing_Dual=0;CPXPARAM_Preprocessing_Fill=2;CPXPARAM_Preprocessing_NumPass=-1;CPXPARAM_Preprocessing_Presolve=1;CPXPARAM_Preprocessing_QPMakePSD=1;CPXPARAM_Preprocessing_Reduce=0;CPXPARAM_Preprocessing_Relax=-1;CPXPARAM_Preprocessing_RepeatPresolve=-1;CPXPARAM_Preprocessing_Symmetry=-1;CPXPARAM_Read_Scale=0;CPXPARAM_Sifting_Algorithm=0;CPXPARAM_Simplex_Crash=1;CPXPARAM_Simplex_DGradient=0;CPXPARAM_Simplex_Limits_Perturbation=0;CPXPARAM_Simplex_Limits_Singularity=10;CPXPARAM_Simplex_PGradient=0;CPXPARAM_Simplex_Pricing=0;CPXPARAM_Simplex_Refactor=0
8034410311471343491,0,CPXPARAM_Advance=1;CPXPARAM_Barrier_Algorithm=0;CPXPARAM_Barrier_ColNonzeros=0;CPXPARAM_Barrier_Crossover=0;CPXPARAM_Barrier_Limits_Corrections=-1;CPXPARAM_Barrier_Ordering=0;CPXPARAM_Barrier_StartAlg=1;CPXPARAM_Emphasis_MIP=0;CPXPARAM_Emphasis_Memory=0;CPXPARAM_Emphasis_Numerical=0;CPXPARAM_Feasopt_Mode=0;CPXPARAM_LPMethod=0;CPXPARAM_MIP_Cuts_Cliques=3;CPXPARAM_MIP_Cuts_Covers=2;CPXPARAM_MIP_Cuts_Disjunctive=0;CPXPARAM_MIP_Cuts_FlowCovers=-1;CPXPARAM_MIP_Cuts_GUBCovers=-1;CPXPARAM_MIP_Cuts_Gomory=1;CPXPARAM_MIP_Cuts_Implied=-1;CPXPARAM_MIP_Cuts_MIRCut=2;CPXPARAM_MIP_Cuts_PathCut=1;CPXPARAM_MIP_Limits_AggForCut=3;CPXPARAM_MIP_Limits_CutPasses=0;CPXPARAM_MIP_Limits_CutsFactor=-1;CPXPARAM_MIP_Limits_GomoryCand=400;CPXPARAM_MIP_Limits_GomoryPass=0;CPXPARAM_MIP_Limits_Nodes=9223372036800000000;CPXPARAM_MIP_Limits_ProbeTime=1e+75;CPXPARAM_MIP_Limits_RepairTries=0;CPXPARAM_MIP_Limits_StrongCand=10;CPXPARAM_MIP_Limits_StrongIt=0;CPXPARAM_MIP_OrderType=0;CPXPARAM_MIP_Strategy_BBInterval=7;CPXPARAM_MIP_Strategy_Branch=1;CPXPARAM_MIP_Strategy_Dive=0;CPXPARAM_MIP_Strategy_File=1;CPXPARAM_MIP_Strategy_HeuristicFreq=0;CPXPARAM_MIP_Strategy_LBHeur=0;CPXPARAM_MIP_Strategy_NodeSelect=3;CPXPARAM_MIP_Strategy_Order=1;CPXPARAM_MIP_Strategy_PresolveNode=1;CPXPARAM_MIP_Strategy_Probe=0;CPXPARAM_MIP_Strategy_RINSHeur=0;CPXPARAM_MIP_Strategy_StartAlgorithm=0;CPXPARAM_MIP_Strategy_SubAlgorithm=3;CPXPARAM_MIP_Strategy_VariableSelect=-1;CPXPARAM_Network_NetFind=2;CPXPARAM_Network_Pricing=0;CPXPARAM_Parallel=1;CPXPARAM_Preprocessing_Aggregator=-1;CPXPARAM_Preprocessing_BoundStrength=-1;CPXPARAM_Preprocessing_CoeffReduce=-1;CPXPARAM_Preprocessing_Dependency=-1;CPXPARAM_Preprocessing_Dual=0;CPXPARAM_Preprocessing_Fill=2;CPXPARAM_Preprocessing_NumPass=-1;CPXPARAM_Preprocessing_Presolve=1;CPXPARAM_Preprocessing_QPMakePSD=1;CPXPARAM_Preprocessing_Reduce=0;CPXPARAM_Preprocessing_Relax=-1;CPXPARAM_Preprocessing_RepeatPresolve=-1;CPXPARAM_Preprocessing_Symmetry=-1;CPXPARAM_Read_Scale=0;CPXPARAM_Sifting_Algorithm=0;CPXPARAM_Simplex_Crash=1;CPXPARAM_Simplex_DGradient=0;CPXPARAM_Simplex_Limits_Perturbation=0;CPXPARAM_Simplex_Limits_Singularity=10;CPXPARAM_Simplex_PGradient=0;CPXPARAM_Simplex_Pricing=0;CPXPARAM_Simplex_Refactor=0
14211144652667757391,0,CPXPARAM_Advance=1;CPXPARAM_Barrier_Algorithm=0;CPXPARAM_Barrier_ColNonzeros=0;CPXPARAM_Barrier_Crossover=0;CPXPARAM_Barrier_Limits_Corrections=-1;CPXPARAM_Barrier_Ordering=0;CPXPARAM_Barrier_StartAlg=1;CPXPARAM_Emphasis_MIP=0;CPXPARAM_Emphasis_Memory=0;CPXPARAM_Emphasis_Numerical=0;CPXPARAM_Feasopt_Mode=0;CPXPARAM_LPMethod=0;CPXPARAM_MIP_Cuts_Cliques=0;CPXPARAM_MIP_Cuts_Covers=2;CPXPARAM_MIP_Cuts_Disjunctive=0;CPXPARAM_MIP_Cuts_FlowCovers=-1;CPXPARAM_MIP_Cuts_GUBCovers=-1;CPXPARAM_MIP_Cuts_Gomory=1;CPXPARAM_MIP_Cuts_Implied=-1;CPXPARAM_MIP_Cuts_MIRCut=2;CPXPARAM_MIP_Cuts_PathCut=-1;CPXPARAM_MIP_Limits_AggForCut=3;CPXPARAM_MIP_Limits_CutPasses=0;CPXPARAM_MIP_Limits_CutsFactor=-1;CPXPARAM_MIP_Limits_GomoryCand=400;CPXPARAM_MIP_Limits_GomoryPass=0;CPXPARAM_MIP_Limits_Nodes=9223372036800000000;CPXPARAM_MIP_Limits_ProbeTime=1e+75;CPXPARAM_MIP_Limits_RepairTries=0;CPXPARAM_MIP_Limits_StrongCand=10;CPXPARAM_MIP_Limits_StrongIt=0;CPXPARAM_MIP_OrderType=0;CPXPARAM_MIP_Strategy_BBInterval=7;CPXPARAM_MIP_Strategy_Branch=1;CPXPARAM_MIP_Strategy_Dive=0;CPXPARAM_MIP_Strategy_File=1;CPXPARAM_MIP_Strategy_HeuristicFreq=0;CPXPARAM_MIP_Strategy_LBHeur=0;CPXPARAM_MIP_Strategy_NodeSelect=3;CPXPARAM_MIP_Strategy_Order=1;CPXPARAM_MIP_Strategy_PresolveNode=1;CPXPARAM_MIP_Strategy_Probe=0;CPXPARAM_MIP_Strategy_RINSHeur=0;CPXPARAM_MIP_Strategy_StartAlgorithm=0;CPXPARAM_MIP_Strategy_SubAlgorithm=3;CPXPARAM_MIP_Strategy_VariableSelect=-1;CPXPARAM_Network_NetFind=2;CPXPARAM_Network_Pricing=0;CPXPARAM_Parallel=1;CPXPARAM_Preprocessing_Aggregator=-1;CPXPARAM_Preprocessing_BoundStrength=-1;CPXPARAM_Preprocessing_CoeffReduce=-1;CPXPARAM_Preprocessing_Dependency=-1;CPXPARAM_Preprocessing_Dual=0;CPXPARAM_Preprocessing_Fill=2;CPXPARAM_Preprocessing_NumPass=-1;CPXPARAM_Preprocessing_Presolve=1;CPXPARAM_Preprocessing_QPMakePSD=1;CPXPARAM_Preprocessing_Reduce=0;CPXPARAM_Preprocessing_Relax=-1;CPXPARAM_Preprocessing_RepeatPresolve=-1;CPXPARAM_Preprocessing_Symmetry=-1;CPXPARAM_Read_Scale=0;CPXPARAM_Sifting_Algorithm=0;CPXPARAM_Simplex_Crash=1;CPXPARAM_Simplex_DGradient=0;CPXPARAM_Simplex_Limits_Perturbation=0;CPXPARAM_Simplex_Limits_Singularity=10;CPXPARAM_Simplex_PGradient=0;CPXPARAM_Simplex_Pricing=0;CPXPARAM_Simplex_Refactor=0
16944562919283919640,0,CPXPARAM_Advance=1;CPXPARAM_Barrier_Algorithm=0;CPXPARAM_Barrier_ColNonzeros=0;CPXPARAM_Barrier_Crossover=0;CPXPARAM_Barrier_Limits_Corrections=-1;CPXPARAM_Barrier_Ordering=0;CPXPARAM_Barrier_StartAlg=1;CPXPARAM_Emphasis_MIP=0;CPXPARAM_Emphasis_Memory=0;CPXPARAM_Emphasis_Numerical=0;CPXPARAM_Feasopt_Mode=0;CPXPARAM_LPMethod=0;CPXPARAM_MIP_Cuts_Cliques=0;CPXPARAM_MIP_Cuts_Covers=2;CPXPARAM_MIP_Cuts_Disjunctive=0;CPXPARAM_MIP_Cuts_FlowCovers=-1;CPXPARAM_MIP_Cuts_GUBCovers=-1;CPXPARAM_MIP_Cuts_Gomory=1;CPXPARAM_MIP_Cuts_Implied=-1;CPXPARAM_MIP_Cuts_MIRCut=1;CPXPARAM_MIP_Cuts_PathCut=1;CPXPARAM_MIP_Limits_AggForCut=3;CPXPARAM_MIP_Limits_CutPasses=0;CPXPARAM_MIP_Limits_CutsFactor=-1;CPXPARAM_MIP_Limits_GomoryCand=400;CPXPARAM_MIP_Limits_GomoryPass=0;CPXPARAM_MIP_Limits_Nodes=9223372036800000000;CPXPARAM_MIP_Limits_ProbeTime=1e+75;CPXPARAM_MIP_Limits_RepairTries=0;CPXPARAM_MIP_Limits_StrongCand=10;CPXPARAM_MIP_Limits_StrongIt=0;CPXPARAM_MIP_OrderType=0;CPXPARAM_MIP_Strategy_BBInterval=7;CPXPARAM_MIP_Strategy_Branch=1;CPXPARAM_MIP_Strategy_Dive=0;CPXPARAM_MIP_Strategy_File=1;CPXPARAM_MIP_Strategy_HeuristicFreq=0;CPXPARAM_MIP_Strategy_LBHeur=0;CPXPARAM_MIP_Strategy_NodeSelect=3;CPXPARAM_MIP_Strategy_Order=1;CPXPARAM_MIP_Strategy_PresolveNode=1;CPXPARAM_MIP_Strategy_Probe=0;CPXPARAM_MIP_Strategy_RINSHeur=0;CPXPARAM_MIP_Strategy_StartAlgorithm=0;CPXPARAM_MIP_Strategy_SubAlgorithm=3;CPXPARAM_MIP_Strategy_VariableSelect=-1;CPXPARAM_Network_NetFind=2;CPXPARAM_Network_Pricing=0;CPXPARAM_Parallel=1;CPXPARAM_Preprocessing_Aggregator=-1;CPXPARAM_Preprocessing_BoundStrength=-1;CPXPARAM_Preprocessing_CoeffReduce=-1;CPXPARAM_Preprocessing_Dependency=-1;CPXPARAM_Preprocessing_Dual=0;CPXPARAM_Preprocessing_Fill=2;CPXPARAM_Preprocessing_NumPass=-1;CPXPARAM_Preprocessing_Presolve=1;CPXPARAM_Preprocessing_QPMakePSD=1;CPXPARAM_Preprocessing_Reduce=0;CPXPARAM_Preprocessing_Relax=-1;CPXPARAM_Preprocessing_RepeatPresolve=-1;CPXPARAM_Preprocessing_Symmetry=-1;CPXPARAM_Read_Scale=0;CPXPARAM_Sifting_Algorithm=0;CPXPARAM_Simplex_Crash=1;CPXPARAM_Simplex_DGradient=0;CPXPARAM_Simplex_Limits_Perturbation=0;CPXPARAM_Simplex_Limits_Singularity=10;CPXPARAM_Simplex_PGradient=0;CPXPARAM_Simplex_Pricing=0;CPXPARAM_Simplex_Refactor=0
5588101388855904389,0,CPXPARAM_Advance=1;CPXPARAM_Barrier_Algorithm=0;CPXPARAM_Barrier_ColNonzeros=0;CPXPARAM_Barrier_Crossover=0;CPXPARAM_Barrier_Limits_Corrections=-1;CPXPARAM_Barrier_Ordering=0;CPXPARAM_Barrier_StartAlg=1;CPXPARAM_Emphasis_MIP=0;CPXPARAM_Emphasis_Memory=0;CPXPARAM_Emphasis_Numerical=0;CPXPARAM_Feasopt_Mode=0;CPXPARAM_LPMethod=0;CPXPARAM_MIP_Cuts_Cliques=0;CPXPARAM_MIP_Cuts_Covers=2;CPXPARAM_MIP_Cuts_Disjunctive=0;CPXPARAM_MIP_Cuts_FlowCovers=-1;CPXPARAM_MIP_Cuts_GUBCovers=-1;CPXPARAM_MIP_Cuts_Gomory=1;CPXPARAM_MIP_Cuts_Implied=-1;CPXPARAM_MIP_Cuts_MIRCut=2;CPXPARAM_MIP_Cuts_PathCut=1;CPXPARAM_MIP_Limits_AggForCut=3;CPXPARAM_MIP_Limits_CutPasses=0;CPXPARAM_MIP_Limits_CutsFactor=-1;CPXPARAM_MIP_Limits_GomoryCand=400;CPXPARAM_MIP_Limits_GomoryPass=0;CPXPARAM_MIP_Limits_Nodes=9223372036800000000;CPXPARAM_MIP_Limits_ProbeTime=1e+75;CPXPARAM_MIP_Limits_RepairTries=0;CPXPARAM_MIP_Limits_StrongCand=10;CPXPARAM_MIP_Limits_StrongIt=0;CPXPARAM_MIP_OrderType=0;CPXPARAM_MIP_Strategy_BBInterval=7;CPXPARAM_MIP_Strategy_Branch=1;CPXPARAM_MIP_Strategy_Dive=0;CPXPARAM_MIP_Strategy_File=1;CPXPARAM_MIP_Strategy_HeuristicFreq=0;CPXPARAM_MIP_Strategy_LBHeur=0;CPXPARAM_MIP_Strategy_NodeSelect=3;CPXPARAM_MIP_Strategy_Order=1;CPXPARAM_MIP_Strategy_PresolveNode=1;CPXPARAM_MIP_Strategy_Probe=0;CPXPARAM_MIP_Strategy_RINSHeur=0;CPXPARAM_MIP_Strategy_StartAlgorithm=0;CPXPARAM_MIP_Strategy_SubAlgorithm=3;CPXPARAM_MIP_Strategy_VariableSelect=-1;CPXPARAM_Network_NetFind=2;CPXPARAM_Network_Pricing=0;CPXPARAM_Parallel=1;CPXPARAM_Preprocessing_Aggregator=-1;CPXPARAM_Preprocessing_BoundStrength=-1;CPXPARAM_Preprocessing_CoeffReduce=-1;CPXPARAM_Preprocessing_Dependency=-1;CPXPARAM_Preprocessing_Dual=0;CPXPARAM_Preprocessing_Fill=5;CPXPARAM_Preprocessing_NumPass=-1;CPXPARAM_Preprocessing_Presolve=1;CPXPARAM_Preprocessing_QPMakePSD=1;CPXPARAM_Preprocessing_Reduce=0;CPXPARAM_Preprocessing_Relax=-1;CPXPARAM_Preprocessing_RepeatPresolve=-1;CPXPARAM_Preprocessing_Symmetry=-1;CPXPARAM_Read_Scale=0;CPXPARAM_Sifting_Algorithm=0;CPXPARAM_Simplex_Crash=1;CPXPARAM_Simplex_DGradient=0;CPXPARAM_Simplex_Limits_Perturbation=0;CPXPARAM_Simplex_Limits_Singularity=10;CPXPARAM_Simplex_PGradient=0;CPXPARAM_Simplex_Pricing=0;CPXPARAM_Simplex_Refactor=0
16383194945233019643,0,CPXPARAM_Advance=1;CPXPARAM_Barrier_Algorithm=0;CPXPARAM_Barrier_ColNonzeros=0;CPXPARAM_Barrier_Crossover=0;CPXPARAM_Barrier_Limits_Corrections=-1;CPXPARAM_Barrier_Ordering=0;CPXPARAM_Barrier_StartAlg=1;CPXPARAM_Emphasis_MIP=0;CPXPARAM_Emphasis_Memory=0;CPXPARAM_Emphasis_Numerical=0;CPXPARAM_Feasopt_Mode=0;CPXPARAM_LPMethod=0;CPXPARAM_MIP_Cuts_Cliques=0;CPXPARAM_MIP_Cuts_Covers=2;CPXPARAM_MIP_Cuts_Disjunctive=0;CPXPARAM_MIP_Cuts_FlowCovers=-1;CPXPARAM_MIP_Cuts_GUBCovers=-1;CPXPARAM_MIP_Cuts_Gomory=1;CPXPARAM_MIP_Cuts_Implied=-1;CPXPARAM_MIP_Cuts_MIRCut=2;CPXPARAM_MIP_Cuts_PathCut=1;CPXPARAM_MIP_Limits_AggForCut=3;CPXPARAM_MIP_Limits_CutPasses=0;CPXPARAM_MIP_Limits_CutsFactor=-1;CPXPARAM_MIP_Limits_GomoryCand=400;CPXPARAM_MIP_Limits_GomoryPass=0;CPXPARAM_MIP_Limits_Nodes=9223372036800000000;CPXPARAM_MIP_Limits_ProbeTime=1e+75;CPXPARAM_MIP_Limits_RepairTries=0;CPXPARAM_MIP_Limits_StrongCand=10;CPXPARAM_MIP_Limits_StrongIt=0;CPXPARAM_MIP_OrderType=0;CPXPARAM_MIP_Strategy_BBInterval=7;CPXPARAM_MIP_Strategy_Branch=1;CPXPARAM_MIP_Strategy_Dive=0;CPXPARAM_MIP_Strategy_File=1;CPXPARAM_MIP_Strategy_HeuristicFreq=0;CPXPARAM_MIP_Strategy_LBHeur=0;CPXPARAM_MIP_Strategy_NodeSelect=3;CPXPARAM_MIP_Strategy_Order=1;CPXPARAM_MIP_Strategy_PresolveNode=1;CPXPARAM_MIP_Strategy_Probe=0;CPXPARAM_MIP_Strategy_RINSHeur=0;CPXPARAM_MIP_Strategy_StartAlgorithm=0;CPXPARAM_MIP_Strategy_SubAlgorithm=3;CPXPARAM_MIP_Strategy_VariableSelect=-1;CPXPARAM_Network_NetFind=2;CPXPARAM_Network_Pricing=0;CPXPARAM_Parallel=1;CPXPARAM_Preprocessing_Aggregator=-1;CPXPARAM_Preprocessing_BoundStrength=-1;CPXPARAM_Preprocessing_CoeffReduce=-1;CPXPARAM_Preprocessing_Dependency=-1;CPXPARAM_Preprocessing_Dual=0;CPXPARAM_Preprocessing_Fill=2;CPXPARAM_Preprocessing_NumPass=-1;CPXPARAM_Preprocessing_Presolve=1;CPXPARAM_Preprocessing_QPMakePSD=1;CPXPARAM_Preprocessing_Reduce=0;CPXPARAM_Preprocessing_Relax=-1;CPXPARAM_Preprocessing_RepeatPresolve=-1;CPXPARAM_Preprocessing_Symmetry=-1;CPXPARAM_Read_Scale=0;CPXPARAM_Sifting_Algorithm=0;CPXPARAM_Simplex_Crash=1;CPXPARAM_Simplex_DGradient=0;CPXPARAM_Simplex_Limits_Perturbation=0;CPXPARAM_Simplex_Limits_Singularity=10;CPXPARAM_Simplex_PGradient=0;CPXPARAM_Simplex_Pricing=0;CPXPARAM_Simplex_Refactor=0
9110215763350574269,0,CPXPARAM_Advance=1;CPXPARAM_Barrier_Algorithm=0;CPXPARAM_Barrier_ColNonzeros=0;CPXPARAM_Barrier_Crossover=0;CPXPARAM_Barrier_Limits_Corrections=-1;CPXPARAM_Barrier_Ordering=0;CPXPARAM_Barrier_StartAlg=1;CPXPARAM_Emphasis_MIP=5;CPXPARAM_Emphasis_Memory=0;CPXPARAM_Emphasis_Numerical=0;CPXPARAM_Feasopt_Mode=0;CPXPARAM_LPMethod=0;CPXPARAM_MIP_Cuts_Cliques=-1;CPXPARAM_MIP_Cuts_Covers=2;CPXPARAM_MIP_Cuts_Disjunctive=1;CPXPARAM_MIP_Cuts_FlowCovers=-1;CPXPARAM_MIP_Cuts_GUBCovers=-1;CPXPARAM_MIP_Cuts_Gomory=1;CPXPARAM_MIP_Cuts_Implied=-1;CPXPARAM_MIP_Cuts_MIRCut=2;CPXPARAM_MIP_Cuts_PathCut=-1;CPXPARAM_MIP_Limits_AggForCut=10;CPXPARAM_MIP_Limits_CutPasses=0;CPXPARAM_MIP_Limits_CutsFactor=-1;CPXPARAM_MIP_Limits_GomoryCand=25;CPXPARAM_MIP_Limits_GomoryPass=0;CPXPARAM_MIP_Limits_Nodes=9223372036800000000;CPXPARAM_MIP_Limits_ProbeTime=1e+75;CPXPARAM_MIP_Limits_RepairTries=0;CPXPARAM_MIP_Limits_StrongCand=10;CPXPARAM_MIP_Limits_StrongIt=0;CPXPARAM_MIP_OrderType=0;CPXPARAM_MIP_Strategy_BBInterval=7;CPXPARAM_MIP_Strategy_Branch=1;CPXPARAM_MIP_Strategy_Dive=0;CPXPARAM_MIP_Strategy_File=1;CPXPARAM_MIP_Strategy_HeuristicFreq=0;CPXPARAM_MIP_Strategy_LBHeur=0;CPXPARAM_MIP_Strategy_NodeSelect=0;CPXPARAM_MIP_Strategy_Order=1;CPXPARAM_MIP_Strategy_PresolveNode=1;CPXPARAM_MIP_Strategy_Probe=2;CPXPARAM_MIP_Strategy_RINSHeur=0;CPXPARAM_MIP_Strategy_StartAlgorithm=0;CPXPARAM_MIP_Strategy_SubAlgorithm=0;CPXPARAM_MIP_Strategy_VariableSelect=2;CPXPARAM_Network_NetFind=2;CPXPARAM_Network_Pricing=0;CPXPARAM_Parallel=1;CPXPARAM_Preprocessing_Aggregator=-1;CPXPARAM_Preprocessing_BoundStrength=-1;CPXPARAM_Preprocessing_CoeffReduce=-1;CPXPARAM_Preprocessing_Dependency=-1;CPXPARAM_Preprocessing_Dual=0;CPXPARAM_Preprocessing_Fill=5;CPXPARAM_Preprocessing_NumPass=-1;CPXPARAM_Preprocessing_Presolve=1;CPXPARAM_Preprocessing_QPMakePSD=1;CPXPARAM_Preprocessing_Reduce=1;CPXPARAM_Preprocessing_Relax=-1;CPXPARAM_Preprocessing_RepeatPresolve=-1;CPXPARAM_Preprocessing_Symmetry=-1;CPXPARAM_Read_Scale=-1;CPXPARAM_Sifting_Algorithm=0;CPXPARAM_Simplex_Crash=1;CPXPARAM_Simplex_DGradient=0;CPXPARAM_Simplex_Limits_Perturbation=0;CPXPARAM_Simplex_Limits_Singularity=10;CPXPARAM_Simplex_PGradient=0;CPXPARAM_Simplex_Pricing=0;CPXPARAM_Simplex_Refactor=0
17446113977720517324,0,CPXPARAM_Advance=1;CPXPARAM_Barrier_Algorithm=0;CPXPARAM_Barrier_ColNonzeros=0;CPXPARAM_Barrier_Crossover=0;CPXPARAM_Barrier_Limits_Corrections=-1;CPXPARAM_Barrier_Ordering=0;CPXPARAM_Barrier_StartAlg=1;CPXPARAM_Emphasis_MIP=0;CPXPARAM_Emphasis_Memory=0;CPXPARAM_Emphasis_Numerical=0;CPXPARAM_Feasopt_Mode=0;CPXPARAM_LPMethod=0;CPXPARAM_MIP_Cuts_Cliques=-1;CPXPARAM_MIP_Cuts_Covers=2;CPXPARAM_MIP_Cuts_Disjunctive=1;CPXPARAM_MIP_Cuts_FlowCovers=-1;CPXPARAM_MIP_Cuts_GUBCovers=-1;CPXPARAM_MIP_Cuts_Gomory=1;CPXPARAM_MIP_Cuts_Implied=-1;CPXPARAM_MIP_Cuts_MIRCut=2;CPXPARAM_MIP_Cuts_PathCut=-1;CPXPARAM_MIP_Limits_AggForCut=10;CPXPARAM_MIP_Limits_CutPasses=0;CPXPARAM_MIP_Limits_CutsFactor=-1;CPXPARAM_MIP_Limits_GomoryCand=25;CPXPARAM_MIP_Limits_GomoryPass=0;CPXPARAM_MIP_Limits_Nodes=9223372036800000000;CPXPARAM_MIP_Limits_ProbeTime=1e+75;CPXPARAM_MIP_Limits_RepairTries=0;CPXPARAM_MIP_Limits_StrongCand=10;CPXPARAM_MIP_Limits_StrongIt=0;CPXPARAM_MIP_OrderType=0;CPXPARAM_MIP_Strategy_BBInterval=7;CPXPARAM_MIP_Strategy_Branch=1;CPXPARAM_MIP_Strategy_Dive=0;CPXPARAM_MIP_Strategy_File=1;CPXPARAM_MIP_Strategy_HeuristicFreq=0;CPXPARAM_MIP_Strategy_LBHeur=0;CPXPARAM_MIP_Strategy_NodeSelect=0;CPXPARAM_MIP_Strategy_Order=1;CPXPARAM_MIP_Strategy_PresolveNode=1;CPXPARAM_MIP_Strategy_Probe=2;CPXPARAM_MIP_Strategy_RINSHeur=0;CPXPARAM_MIP_Strategy_StartAlgorithm=0;CPXPARAM_MIP_Strategy_SubAlgorithm=0;CPXPARAM_MIP_Strategy_VariableSelect=2;CPXPARAM_Network_NetFind=2;CPXPARAM_Network_Pricing=0;CPXPARAM_Parallel=1;CPXPARAM_Preprocessing_Aggregator=-1;CPXPARAM_Preprocessing_BoundStrength=-1;CPXPARAM_Preprocessing_CoeffReduce=-1;CPXPARAM_Preprocessing_Dependency=-1;CPXPARAM_Preprocessing_Dual=0;CPXPARAM_Preprocessing_Fill=5;CPXPARAM_Preprocessing_NumPass=-1;CPXPARAM_Preprocessing_Presolve=1;CPXPARAM_Preprocessing_QPMakePSD=1;CPXPARAM_Preprocessing_Reduce=1;CPXPARAM_Preprocessing_Relax=-1;CPXPARAM_Preprocessing_RepeatPresolve=-1;CPXPARAM_Preprocessing_Symmetry=-1;CPXPARAM_Read_Scale=-1;CPXPARAM_Sifting_Algorithm=0;CPXPARAM_Simplex_Crash=1;CPXPARAM_Simplex_DGradient=0;CPXPARAM_Simplex_Limits_Perturbation=0;CPXPARAM_Simplex_Limits_Singularity=10;CPXPARAM_Simplex_PGradient=0;CPXPARAM_Simplex_Pricing=0;CPXPARAM_Simplex_Refactor=0
4484092319873457709,0,CPXPARAM_Advance=1;CPXPARAM_Barrier_Algorithm=0;CPXPARAM_Barrier_ColNonzeros=0;CPXPARAM_Barrier_Crossover=0;CPXPARAM_Barrier_Limits_Corrections=-1;CPXPARAM_Barrier_Ordering=0;CPXPARAM_Barrier_StartAlg=1;CPXPARAM_Emphasis_MIP=5;CPXPARAM_Emphasis_Memory=0;CPXPARAM_Emphasis_Numerical=0;CPXPARAM_Feasopt_Mode=0;CPXPARAM_LPMethod=0;CPXPARAM_MIP_Cuts_Cliques=-1;CPXPARAM_MIP_Cuts_Covers=2;CPXPARAM_MIP_Cuts_Disjunctive=1;CPXPARAM_MIP_Cuts_FlowCovers=-1;CPXPARAM_MIP_Cuts_GUBCovers=-1;CPXPARAM_MIP_Cuts_Gomory=1;CPXPARAM_MIP_Cuts_Implied=-1;CPXPARAM_MIP_Cuts_MIRCut=2;CPXPARAM_MIP_Cuts_PathCut=-1;CPXPARAM_MIP_Limits_AggForCut=1;CPXPARAM_MIP_Limits_CutPasses=0;CPXPARAM_MIP_Limits_CutsFactor=-1;CPXPARAM_MIP_Limits_GomoryCand=25;CPXPARAM_MIP_Limits_GomoryPass=0;CPXPARAM_MIP_Limits_Nodes=9223372036800000000;CPXPARAM_MIP_Limits_ProbeTime=1e+75;CPXPARAM_MIP_Limits_RepairTries=0;CPXPARAM_MIP_Limits_StrongCand=10;CPXPARAM_MIP_Limits_StrongIt=0;CPXPARAM_MIP_OrderType=0;CPXPARAM_MIP_Strategy_BBInterval=7;CPXPARAM_MIP_Strategy_Branch=1;CPXPARAM_MIP_Strategy_Dive=0;CPXPARAM_MIP_Strategy_File=1;CPXPARAM_MIP_Strategy_HeuristicFreq=0;CPXPARAM_MIP_Strategy_LBHeur=0;CPXPARAM_MIP_Strategy_NodeSelect=0;CPXPARAM_MIP_Strategy_Order=1;CPXPARAM_MIP_Strategy_PresolveNode=1;CPXPARAM_MIP_Strategy_Probe=2;CPXPARAM_MIP_Strategy_RINSHeur=0;CPXPARAM_MIP_Strategy_StartAlgorithm=0;CPXPARAM_MIP_Strategy_SubAlgorithm=0;CPXPARAM_MIP_Strategy_VariableSelect=2;CPXPARAM_Network_NetFind=2;CPXPARAM_Network_Pricing=0;CPXPARAM_Parallel=1;CPXPARAM_Preprocessing_Aggregator=-1;CPXPARAM_Preprocessing_BoundStrength=-1;CPXPARAM_Preprocessing_CoeffReduce=-1;CPXPARAM_Preprocessing_Dependency=-1;CPXPARAM_Preprocessing_Dual=0;CPXPARAM_Preprocessing_Fill=5;CPXPARAM_Preprocessing_NumPass=-1;CPXPARAM_Preprocessing_Presolve=1;CPXPARAM_Preprocessing_QPMakePSD=1;CPXPARAM_Preprocessing_Reduce=1;CPXPARAM_Preprocessing_Relax=-1;CPXPARAM_Preprocessing_RepeatPresolve=-1;CPXPARAM_Preprocessing_Symmetry=-1;CPXPARAM_Read_Scale=-1;CPXPARAM_Sifting_Algorithm=0;CPXPARAM_Simplex_Crash=1;CPXPARAM_Simplex_DGradient=0;CPXPARAM_Simplex_Limits_Perturbation=0;CPXPARAM_Simplex_Limits_Singularity=10;CPXPARAM_Simplex_PGradient=0;CPXPARAM_Simplex_Pricing=0;CPXPARAM_Simplex_Refactor=0
4861683562274394672,0,CPXPARAM_Advance=1;CPXPARAM_Barrier_Algorithm=0;CPXPARAM_Barrier_ColNonzeros=0;CPXPARAM_Barrier_Crossover=0;CPXPARAM_Barrier_Limits_Corrections=-1;CPXPARAM_Barrier_Ordering=0;CPXPARAM_Barrier_StartAlg=1;CPXPARAM_Emphasis_MIP=0;CPXPARAM_Emphasis_Memory=0;CPXPARAM_Emphasis_Numerical=0;CPXPARAM_Feasopt_Mode=0;CPXPARAM_LPMethod=0;CPXPARAM_MIP_Cuts_Cliques=-1;CPXPARAM_MIP_Cuts_Covers=2;CPXPARAM_MIP_Cuts_Disjunctive=1;CPXPARAM_MIP_Cuts_FlowCovers=-1;CPXPARAM_MIP_Cuts_GUBCovers=-1;CPXPARAM_MIP_Cuts_Gomory=1;CPXPARAM_MIP_Cuts_Implied=-1;CPXPARAM_MIP_Cuts_MIRCut=2;CPXPARAM_MIP_Cuts_PathCut=-1;CPXPARAM_MIP_Limits_AggForCut=1;CPXPARAM_MIP_Limits_CutPasses=0;CPXPARAM_MIP_Limits_CutsFactor=-1;CPXPARAM_MIP_Limits_GomoryCand=25;CPXPARAM_MIP_Limits_GomoryPass=0;CPXPARAM_MIP_Limits_Nodes=9223372036800000000;CPXPARAM_MIP_Limits_ProbeTime=1e+75;CPXPARAM_MIP_Limits_RepairTries=0;CPXPARAM_MIP_Limits_StrongCand=10;CPXPARAM_MIP_Limits_StrongIt=0;CPXPARAM_MIP_OrderType=0;CPXPARAM_MIP_Strategy_BBInterval=7;CPXPARAM_MIP_Strategy_Branch=1;CPXPARAM_MIP_Strategy_Dive=0;CPXPARAM_MIP_Strategy_File=1;CPXPARAM_MIP_Strategy_HeuristicFreq=0;CPXPARAM_MIP_Strategy_LBHeur=0;CPXPARAM_MIP_Strategy_NodeSelect=0;CPXPARAM_MIP_Strategy_Order=1;CPXPARAM_MIP_Strategy_PresolveNode=1;CPXPARAM_MIP_Strategy_Probe=2;CPXPARAM_MIP_Strategy_RINSHeur=0;CPXPARAM_MIP_Strategy_StartAlgorithm=0;CPXPARAM_MIP_Strategy_SubAlgorithm=0;CPXPARAM_MIP_Strategy_VariableSelect=2;CPXPARAM_Network_NetFind=2;CPXPARAM_Network_Pricing=0;CPXPARAM_Parallel=1;CPXPARAM_Preprocessing_Aggregator=-1;CPXPARAM_Preprocessing_BoundStrength=-1;CPXPARAM_Preprocessing_CoeffReduce=-1;CPXPARAM_Preprocessing_Dependency=-1;CPXPARAM_Preprocessing_Dual=0;CPXPARAM_Preprocessing_Fill=5;CPXPARAM_Preprocessing_NumPass=-1;CPXPARAM_Preprocessing_Presolve=1;CPXPARAM_Preprocessing_QPMakePSD=1;CPXPARAM_Preprocessing_Reduce=1;CPXPARAM_Preprocessing_Relax=-1;CPXPARAM_Preprocessing_RepeatPresolve=-1;CPXPARAM_Preprocessing_Symmetry=-1;CPXPARAM_Read_Scale=-1;CPXPARAM_Sifting_Algorithm=0;CPXPARAM_Simplex_Crash=1;CPXPARAM_Simplex_DGradient=0;CPXPARAM_Simplex_Limits_Perturbation=0;CPXPARAM_Simplex_Limits_Singularity=10;CPXPARAM_Simplex_PGradient=0;CPXPARAM_Simplex_Pricing=0;CPXPARAM_Simplex_Refactor=0
10228322333993216111,0,CPXPARAM_Advance=1;CPXPARAM_Barrier_Algorithm=0;CPXPARAM_Barrier_ColNonzeros=0;CPXPARAM_Barrier_Crossover=0;CPXPARAM_Barrier_Limits_Corrections=-1;CPXPARAM_Barrier_Ordering=0;CPXPARAM_Barrier_StartAlg=1;CPXPARAM_Emphasis_MIP=5;CPXPARAM_Emphasis_Memory=0;CPXPARAM_Emphasis_Numerical=0;CPXPARAM_Feasopt_Mode=0;CPXPARAM_LPMethod=0;CPXPARAM_MIP_Cuts_Cliques=3;CPXPARAM_MIP_Cuts_Covers=2;CPXPARAM_MIP_Cuts_Disjunctive=-1;CPXPARAM_MIP_Cuts_FlowCovers=1;CPXPARAM_MIP_Cuts_GUBCovers=1;CPXPARAM_MIP_Cuts_Gomory=2;CPXPARAM_MIP_Cuts_Implied=1;CPXPARAM_MIP_Cuts_MIRCut=2;CPXPARAM_MIP_Cuts_PathCut=1;CPXPARAM_MIP_Limits_AggForCut=5;CPXPARAM_MIP_Limits_CutPasses=0;CPXPARAM_MIP_Limits_CutsFactor=-1;CPXPARAM_MIP_Limits_GomoryCand=800;CPXPARAM_MIP_Limits_GomoryPass=0;CPXPARAM_MIP_Limits_Nodes=9223372036800000000;CPXPARAM_MIP_Limits_ProbeTime=1e+75;CPXPARAM_MIP_Limits_RepairTries=0;CPXPARAM_MIP_Limits_StrongCand=10;CPXPARAM_MIP_Limits_StrongIt=0;CPXPARAM_MIP_OrderType=3;CPXPARAM_MIP_Strategy_BBInterval=7;CPXPARAM_MIP_Strategy_Branch=-1;CPXPARAM_MIP_Strategy_Dive=0;CPXPARAM_MIP_Strategy_File=1;CPXPARAM_MIP_Strategy_HeuristicFreq=0;CPXPARAM_MIP_Strategy_LBHeur=0;CPXPARAM_MIP_Strategy_NodeSelect=2;CPXPARAM_MIP_Strategy_Order=1;CPXPARAM_MIP_Strategy_PresolveNode=0;CPXPARAM_MIP_Strategy_Probe=3;CPXPARAM_MIP_Strategy_RINSHeur=0;CPXPARAM_MIP_Strategy_StartAlgorithm=0;CPXPARAM_MIP_Strategy_SubAlgorithm=2;CPXPARAM_MIP_Strategy_VariableSelect=1;CPXPARAM_Network_NetFind=2;CPXPARAM_Network_Pricing=0;CPXPARAM_Parallel=1;CPXPARAM_Preprocessing_Aggregator=-1;CPXPARAM_Preprocessing_BoundStrength=-1;CPXPARAM_Preprocessing_CoeffReduce=-1;CPXPARAM_Preprocessing_Dependency=-1;CPXPARAM_Preprocessing_Dual=0;CPXPARAM_Preprocessing_Fill=2;CPXPARAM_Preprocessing_NumPass=-1;CPXPARAM_Preprocessing_Presolve=1;CPXPARAM_Preprocessing_QPMakePSD=1;CPXPARAM_Preprocessing_Reduce=1;CPXPARAM_Preprocessing_Relax=-1;CPXPARAM_Preprocessing_RepeatPresolve=-1;CPXPARAM_Preprocessing_Symmetry=-1;CPXPARAM_Read_Scale=-1;CPXPARAM_Sifting_Algorithm=0;CPXPARAM_Simplex_Crash=1;CPXPARAM_Simplex_DGradient=0;CPXPARAM_Simplex_Limits_Perturbation=0;CPXPARAM_Simplex_Limits_Singularity=10;CPXPARAM_Simplex_PGradient=0;CPXPARAM_Simplex_Pricing=0;CPXPARAM_Simplex_Refactor=0
6873863863652541145,0,CPXPARAM_Advance=1;CPXPARAM_Barrier_Algorithm=0;CPXPARAM_Barrier_ColNonzeros=0;CPXPARAM_Barrier_Crossover=0;CPXPARAM_Barrier_Limits_Corrections=-1;CPXPARAM_Barrier_Ordering=0;CPXPARAM_Barrier_StartAlg=1;CPXPARAM_Emphasis_MIP=5;CPXPARAM_Emphasis_Memory=0;CPXPARAM_Emphasis_Numerical=0;CPXPARAM_Feasopt_Mode=0;CPXPARAM_LPMethod=0;CPXPARAM_MIP_Cuts_Cliques=3;CPXPARAM_MIP_Cuts_Covers=2;CPXPARAM_MIP_Cuts_Disjunctive=-1;CPXPARAM_MIP_Cuts_FlowCovers=1;CPXPARAM_MIP_Cuts_GUBCovers=1;CPXPARAM_MIP_Cuts_Gomory=2;CPXPARAM_MIP_Cuts_Implied=1;CPXPARAM_MIP_Cuts_MIRCut=2;CPXPARAM_MIP_Cuts_PathCut=1;CPXPARAM_MIP_Limits_AggForCut=5;CPXPARAM_MIP_Limits_CutPasses=0;CPXPARAM_MIP_Limits_CutsFactor=-1;CPXPARAM_MIP_Limits_GomoryCand=800;CPXPARAM_MIP_Limits_GomoryPass=0;CPXPARAM_MIP_Limits_Nodes=9223372036800000000;CPXPARAM_MIP_Limits_ProbeTime=1e+75;CPXPARAM_MIP_Limits_RepairTries=0;CPXPARAM_MIP_Limits_StrongCand=10;CPXPARAM_MIP_Limits_StrongIt=0;CPXPARAM_MIP_OrderType=3;CPXPARAM_MIP_Strategy_BBInterval=7;CPXPARAM_MIP_Strategy_Branch=-1;CPXPARAM_MIP_Strategy_Dive=0;CPXPARAM_MIP_Strategy_File=1;CPXPARAM_MIP_Strategy_HeuristicFreq=0;CPXPARAM_MIP_Strategy_LBHeur=0;CPXPARAM_MIP_Strategy_NodeSelect=2;CPXPARAM_MIP_Strategy_Order=1;CPXPARAM_MIP_Strategy_PresolveNode=0;CPXPARAM_MIP_Strategy_Probe=3;CPXPARAM_MIP_Strategy_RINSHeur=0;CPXPARAM_MIP_Strategy_StartAlgorithm=0;CPXPARAM_MIP_Strategy_SubAlgorithm=3;CPXPARAM_MIP_Strategy_VariableSelect=1;CPXPARAM_Network_NetFind=2;CPXPARAM_Network_Pricing=0;CPXPARAM_Parallel=1;CPXPARAM_Preprocessing_Aggregator=-1;CPXPARAM_Preprocessing_BoundStrength=-1;CPXPARAM_Preprocessing_CoeffReduce=-1;CPXPARAM_Preprocessing_Dependency=-1;CPXPARAM_Preprocessing_Dual=0;CPXPARAM_Preprocessing_Fill=5;CPXPARAM_Preprocessing_NumPass=-1;CPXPARAM_Preprocessing_Presolve=1;CPXPARAM_Preprocessing_QPMakePSD=1;CPXPARAM_Preprocessing_Reduce=1;CPXPARAM_Preprocessing_Relax=-1;CPXPARAM_Preprocessing_RepeatPresolve=-1;CPXPARAM_Preprocessing_Symmetry=-1;CPXPARAM_Read_Scale=-1;CPXPARAM_Sifting_Algorithm=0;CPXPARAM_Simplex_Crash=1;CPXPARAM_Simplex_DGradient=0;CPXPARAM_Simplex_Limits_Perturbation=0;CPXPARAM_Simplex_Limits_Singularity=10;CPXPARAM_Simplex_PGradient=0;CPXPARAM_Simplex_Pricing=0;CPXPARAM_Simplex_Refactor=0
15846022334359437121,0,CPXPARAM_Advance=1;CPXPARAM_Barrier_Algorithm=0;CPXPARAM_Barrier_ColNonzeros=0;CPXPARAM_Barrier_Crossover=0;CPXPARAM_Barrier_Limits_Corrections=-1;CPXPARAM_Barrier_Ordering=0;CPXPARAM_Barrier_StartAlg=1;CPXPARAM_Emphasis_MIP=5;CPXPARAM_Emphasis_Memory=0;CPXPARAM_Emphasis_Numerical=0;CPXPARAM_Feasopt_Mode=0;CPXPARAM_LPMethod=0;CPXPARAM_MIP_Cuts_Cliques=3;CPXPARAM_MIP_Cuts_Covers=2;CPXPARAM_MIP_Cuts_Disjunctive=-1;CPXPARAM_MIP_Cuts_FlowCovers=1;CPXPARAM_MIP_Cuts_GUBCovers=1;CPXPARAM_MIP_Cuts_Gomory=2;CPXPARAM_MIP_Cuts_Implied=1;CPXPARAM_MIP_Cuts_MIRCut=1;CPXPARAM_MIP_Cuts_PathCut=1;CPXPARAM_MIP_Limits_AggForCut=5;CPXPARAM_MIP_Limits_CutPasses=0;CPXPARAM_MIP_Limits_CutsFactor=-1;CPXPARAM_MIP_Limits_GomoryCand=800;CPXPARAM_MIP_Limits_GomoryPass=0;CPXPARAM_MIP_Limits_Nodes=9223372036800000000;CPXPARAM_MIP_Limits_ProbeTime=1e+75;CPXPARAM_MIP_Limits_RepairTries=0;CPXPARAM_MIP_Limits_StrongCand=10;CPXPARAM_MIP_Limits_StrongIt=0;CPXPARAM_MIP_OrderType=3;CPXPARAM_MIP_Strategy_BBInterval=7;CPXPARAM_MIP_Strategy_Branch=-1;CPXPARAM_MIP_Strategy_Dive=0;CPXPARAM_MIP_Strategy_File=1;CPXPARAM_MIP_Strategy_HeuristicFreq=0;CPXPARAM_MIP_Strategy_LBHeur=0;CPXPARAM_MIP_Strategy_NodeSelect=2;CPXPARAM_MIP_Strategy_Order=1;CPXPARAM_MIP_Strategy_PresolveNode=0;CPXPARAM_MIP_Strategy_Probe=3;CPXPARAM_MIP_Strategy_RINSHeur=0;CPXPARAM_MIP_Strategy_StartAlgorithm=0;CPXPARAM_MIP_Strategy_SubAlgorithm=2;CPXPARAM_MIP_Strategy_VariableSelect=1;CPXPARAM_Network_NetFind=2;CPXPARAM_Network_Pricing=0;CPXPARAM_Parallel=1;CPXPARAM_Preprocessing_Aggregator=-1;CPXPARAM_Preprocessing_BoundStrength=-1;CPXPARAM_Preprocessing_CoeffReduce=-1;CPXPARAM_Preprocessing_Dependency=-1;CPXPARAM_Preprocessing_Dual=0;CPXPARAM_Preprocessing_Fill=5;CPXPARAM_Preprocessing_NumPass=-1;CPXPARAM_Preprocessing_Presolve=1;CPXPARAM_Preprocessing_QPMakePSD=1;CPXPARAM_Preprocessing_Reduce=1;CPXPARAM_Preprocessing_Relax=-1;CPXPARAM_Preprocessing_RepeatPresolve=-1;CPXPARAM_Preprocessing_Symmetry=-1;CPXPARAM_Read_Scale=-1;CPXPARAM_Sifting_Algorithm=0;CPXPARAM_Simplex_Crash=1;CPXPARAM_Simplex_DGradient=0;CPXPARAM_Simplex_Limits_Perturbation=0;CPXPARAM_Simplex_Limits_Singularity=10;CPXPARAM_Simplex_PGradient=0;CPXPARAM_Simplex_Pricing=0;CPXPARAM_Simplex_Refactor=0
6784923245760364084,0,CPXPARAM_Advance=1;CPXPARAM_Barrier_Algorithm=0;CPXPARAM_Barrier_ColNonzeros=0;CPXPARAM_Barrier_Crossover=0;CPXPARAM_Barrier_Limits_Corrections=-1;CPXPARAM_Barrier_Ordering=0;CPXPARAM_Barrier_StartAlg=1;CPXPARAM_Emphasis_MIP=5;CPXPARAM_Emphasis_Memory=0;CPXPARAM_Emphasis_Numerical=0;CPXPARAM_Feasopt_Mode=0;CPXPARAM_LPMethod=0;CPXPARAM_MIP_Cuts_Cliques=3;CPXPARAM_MIP_Cuts_Covers=2;CPXPARAM_MIP_Cuts_Disjunctive=-1;CPXPARAM_MIP_Cuts_FlowCovers=1;CPXPARAM_MIP_Cuts_GUBCovers=1;CPXPARAM_MIP_Cuts_Gomory=2;CPXPARAM_MIP_Cuts_Implied=1;CPXPARAM_MIP_Cuts_MIRCut=2;CPXPARAM_MIP_Cuts_PathCut=1;CPXPARAM_MIP_Limits_AggForCut=5;CPXPARAM_MIP_Limits_CutPasses=0;CPXPARAM_MIP_Limits_CutsFactor=-1;CPXPARAM_MIP_Limits_GomoryCand=50;CPXPARAM_MIP_Limits_GomoryPass=0;CPXPARAM_MIP_Limits_Nodes=9223372036800000000;CPXPARAM_MIP_Limits_ProbeTime=1e+75;CPXPARAM_MIP_Limits_RepairTries=0;CPXPARAM_MIP_Limits_StrongCand=10;CPXPARAM_MIP_Limits_StrongIt=0;CPXPARAM_MIP_OrderType=3;CPXPARAM_MIP_Strategy_BBInterval=7;CPXPARAM_MIP_Strategy_Branch=-1;CPXPARAM_MIP_Strategy_Dive=0;CPXPARAM_MIP_Strategy_File=1;CPXPARAM_MIP_Strategy_HeuristicFreq=0;CPXPARAM_MIP_Strategy_LBHeur=0;CPXPARAM_MIP_Strategy_NodeSelect=2;CPXPARAM_MIP_Strategy_Order=1;CPXPARAM_MIP_Strategy_PresolveNode=0;CPXPARAM_MIP_Strategy_Probe=3;CPXPARAM_MIP_Strategy_RINSHeur=0;CPXPARAM_MIP_Strategy_StartAlgorithm=0;CPXPARAM_MIP_Strategy_SubAlgorithm=2;CPXPARAM_MIP_Strategy_VariableSelect=1;CPXPARAM_Network_NetFind=2;CPXPARAM_Network_Pricing=0;CPXPARAM_Parallel=1;CPXPARAM_Preprocessing_Aggregator=-1;CPXPARAM_Preprocessing_BoundStrength=-1;CPXPARAM_Preprocessing_CoeffReduce=-1;CPXPARAM_Preprocessing_Dependency=-1;CPXPARAM_Preprocessing_Dual=0;CPXPARAM_Preprocessing_Fill=20;CPXPARAM_Preprocessing_NumPass=-1;CPXPARAM_Preprocessing_Presolve=1;CPXPARAM_Preprocessing_QPMakePSD=1;CPXPARAM_Preprocessing_Reduce=1;CPXPARAM_Preprocessing_Relax=-1;CPXPARAM_Preprocessing_RepeatPresolve=-1;CPXPARAM_Preprocessing_Symmetry=-1;CPXPARAM_Read_Scale=-1;CPXPARAM_Sifting_Algorithm=0;CPXPARAM_Simplex_Crash=1;CPXPARAM_Simplex_DGradient=0;CPXPARAM_Simplex_Limits_Perturbation=0;CPXPARAM_Simplex_Limits_Singularity=10;CPXPARAM_Simplex_PGradient=0;CPXPARAM_Simplex_Pricing=0;CPXPARAM_Simplex_Refactor=0
3084581398497256214,0,CPXPARAM_Advance=1;CPXPARAM_Barrier_Algorithm=0;CPXPARAM_Barrier_ColNonzeros=0;CPXPARAM_Barrier_Crossover=0;CPXPARAM_Barrier_Limits_Corrections=-1;CPXPARAM_Barrier_Ordering=0;CPXPARAM_Barrier_StartAlg=1;CPXPARAM_Emphasis_MIP=0;CPXPARAM_Emphasis_Memory=0;CPXPARAM_Emphasis_Numerical=0;CPXPARAM_Feasopt_Mode=0;CPXPARAM_LPMethod=0;CPXPARAM_MIP_Cuts_Cliques=0;CPXPARAM_MIP_Cuts_Covers=3;CPXPARAM_MIP_Cuts_Disjunctive=1;CPXPARAM_MIP_Cuts_FlowCovers=0;CPXPARAM_MIP_Cuts_GUBCovers=1;CPXPARAM_MIP_Cuts_Gomory=1;CPXPARAM_MIP_Cuts_Implied=1;CPXPARAM_MIP_Cuts_MIRCut=0;CPXPARAM_MIP_Cuts_PathCut=-1;CPXPARAM_MIP_Limits_AggForCut=1;CPXPARAM_MIP_Limits_CutPasses=0;CPXPARAM_MIP_Limits_CutsFactor=-1;CPXPARAM_MIP_Limits_GomoryCand=400;CPXPARAM_MIP_Limits_GomoryPass=0;CPXPARAM_MIP_Limits_Nodes=9223372036800000000;CPXPARAM_MIP_Limits_ProbeTime=1e+75;CPXPARAM_MIP_Limits_RepairTries=0;CPXPARAM_MIP_Limits_StrongCand=10;CPXPARAM_MIP_Limits_StrongIt=0;CPXPARAM_MIP_OrderType=0;CPXPARAM_MIP_Strategy_BBInterval=7;CPXPARAM_MIP_Strategy_Branch=-1;CPXPARAM_MIP_Strategy_Dive=0;CPXPARAM_MIP_Strategy_File=1;CPXPARAM_MIP_Strategy_HeuristicFreq=0;CPXPARAM_MIP_Strategy_LBHeur=0;CPXPARAM_MIP_Strategy_NodeSelect=0;CPXPARAM_MIP_Strategy_Order=1;CPXPARAM_MIP_Strategy_PresolveNode=3;CPXPARAM_MIP_Strategy_Probe=-1;CPXPARAM_MIP_Strategy_RINSHeur=0;CPXPARAM_MIP_Strategy_StartAlgorithm=0;CPXPARAM_MIP_Strategy_SubAlgorithm=0;CPXPARAM_MIP_Strategy_VariableSelect=1;CPXPARAM_Network_NetFind=2;CPXPARAM_Network_Pricing=0;CPXPARAM_Parallel=1;CPXPARAM_Preprocessing_Aggregator=-1;CPXPARAM_Preprocessing_BoundStrength=-1;CPXPARAM_Preprocessing_CoeffReduce=-1;CPXPARAM_Preprocessing_Dependency=-1;CPXPARAM_Preprocessing_Dual=0;CPXPARAM_Preprocessing_Fill=40;CPXPARAM_Preprocessing_NumPass=-1;CPXPARAM_Preprocessing_Presolve=1;CPXPARAM_Preprocessing_QPMakePSD=1;CPXPARAM_Preprocessing_Reduce=3;CPXPARAM_Preprocessing_Relax=-1;CPXPARAM_Preprocessing_RepeatPresolve=-1;CPXPARAM_Preprocessing_Symmetry=-1;CPXPARAM_Read_Scale=1;CPXPARAM_Sifting_Algorithm=0;CPXPARAM_Simplex_Crash=1;CPXPARAM_Simplex_DGradient=0;CPXPARAM_Simplex_Limits_Perturbation=0;CPXPARAM_Simplex_Limits_Singularity=10;CPXPARAM_Simplex_PGradient=0;CPXPARAM_Simplex_Pricing=0;CPXPARAM_Simplex_Refactor=0
12218754727009582337,0,CPXPARAM_Advance=1;CPXPARAM_Barrier_Algorithm=0;CPXPARAM_Barrier_ColNonzeros=0;CPXPARAM_Barrier_Crossover=0;CPXPARAM_Barrier_Limits_Corrections=-1;CPXPARAM_Barrier_Ordering=0;CPXPARAM_Barrier_StartAlg=1;CPXPARAM_Emphasis_MIP=0;CPXPARAM_Emphasis_Memory=0;CPXPARAM_Emphasis_Numerical=0;CPXPARAM_Feasopt_Mode=0;CPXPARAM_LPMethod=0;CPXPARAM_MIP_Cuts_Cliques=0;CPXPARAM_MIP_Cuts_Covers=3;CPXPARAM_MIP_Cuts_Disjunctive=0;CPXPARAM_MIP_Cuts_FlowCovers=0;CPXPARAM_MIP_Cuts_GUBCovers=1;CPXPARAM_MIP_Cuts_Gomory=1;CPXPARAM_MIP_Cuts_Implied=1;CPXPARAM_MIP_Cuts_MIRCut=0;CPXPARAM_MIP_Cuts_PathCut=-1;CPXPARAM_MIP_Limits_AggForCut=1;CPXPARAM_MIP_Limits_CutPasses=0;CPXPARAM_MIP_Limits_CutsFactor=-1;CPXPARAM_MIP_Limits_GomoryCand=400;CPXPARAM_MIP_Limits_GomoryPass=0;CPXPARAM_MIP_Limits_Nodes=9223372036800000000;CPXPARAM_MIP_Limits_ProbeTime=1e+75;CPXPARAM_MIP_Limits_RepairTries=0;CPXPARAM_MIP_Limits_StrongCand=10;CPXPARAM_MIP_Limits_StrongIt=0;CPXPARAM_MIP_OrderType=0;CPXPARAM_MIP_Strategy_BBInterval=7;CPXPARAM_MIP_Strategy_Branch=0;CPXPARAM_MIP_Strategy_Dive=0;CPXPARAM_MIP_Strategy_File=1;CPXPARAM_MIP_Strategy_HeuristicFreq=0;CPXPARAM_MIP_Strategy_LBHeur=0;CPXPARAM_MIP_Strategy_NodeSelect=0;CPXPARAM_MIP_Strategy_Order=1;CPXPARAM_MIP_Strategy_PresolveNode=3;CPXPARAM_MIP_Strategy_Probe=-1;CPXPARAM_MIP_Strategy_RINSHeur=0;CPXPARAM_MIP_Strategy_StartAlgorithm=0;CPXPARAM_MIP_Strategy_SubAlgorithm=0;CPXPARAM_MIP_Strategy_VariableSelect=1;CPXPARAM_Network_NetFind=2;CPXPARAM_Network_Pricing=0;CPXPARAM_Parallel=1;CPXPARAM_Preprocessing_Aggregator=-1;CPXPARAM_Preprocessing_BoundStrength=-1;CPXPARAM_Preprocessing_CoeffReduce=-1;CPXPARAM_Preprocessing_Dependency=-1;CPXPARAM_Preprocessing_Dual=0;CPXPARAM_Preprocessing_Fill=40;CPXPARAM_Preprocessing_NumPass=-1;CPXPARAM_Preprocessing_Presolve=1;CPXPARAM_Preprocessing_QPMakePSD=1;CPXPARAM_Preprocessing_Reduce=3;CPXPARAM_Preprocessing_Relax=-1;CPXPARAM_Preprocessing_RepeatPresolve=-1;CPXPARAM_Preprocessing_Symmetry=-1;CPXPARAM_Read_Scale=1;CPXPARAM_Sifting_Algorithm=0;CPXPARAM_Simplex_Crash=1;CPXPARAM_Simplex_DGradient=0;CPXPARAM_Simplex_Limits_Perturbation=0;CPXPARAM_Simplex_Limits_Singularity=10;CPXPARAM_Simplex_PGradient=0;CPXPARAM_Simplex_Pricing=0;CPXPARAM_Simplex_Refactor=0
10266115734653407781,0,CPXPARAM_Advance=1;CPXPARAM_Barrier_Algorithm=0;CPXPARAM_Barrier_ColNonzeros=0;CPXPARAM_Barrier_Crossover=0;CPXPARAM_Barrier_Limits_Corrections=-1;CPXPARAM_Barrier_Ordering=0;CPXPARAM_Barrier_StartAlg=1;CPXPARAM_Emphasis_MIP=0;CPXPARAM_Emphasis_Memory=0;CPXPARAM_Emphasis_Numerical=0;CPXPARAM_Feasopt_Mode=0;CPXPARAM_LPMethod=0;CPXPARAM_MIP_Cuts_Cliques=0;CPXPARAM_MIP_Cuts_Covers=3;CPXPARAM_MIP_Cuts_Disjunctive=1;CPXPARAM_MIP_Cuts_FlowCovers=0;CPXPARAM_MIP_Cuts_GUBCovers=-1;CPXPARAM_MIP_Cuts_Gomory=1;CPXPARAM_MIP_Cuts_Implied=1;CPXPARAM_MIP_Cuts_MIRCut=0;CPXPARAM_MIP_Cuts_PathCut=-1;CPXPARAM_MIP_Limits_AggForCut=1;CPXPARAM_MIP_Limits_CutPasses=0;CPXPARAM_MIP_Limits_CutsFactor=-1;CPXPARAM_MIP_Limits_GomoryCand=400;CPXPARAM_MIP_Limits_GomoryPass=0;CPXPARAM_MIP_Limits_Nodes=9223372036800000000;CPXPARAM_MIP_Limits_ProbeTime=1e+75;CPXPARAM_MIP_Limits_RepairTries=0;CPXPARAM_MIP_Limits_StrongCand=10;CPXPARAM_MIP_Limits_StrongIt=0;CPXPARAM_MIP_OrderType=0;CPXPARAM_MIP_Strategy_BBInterval=7;CPXPARAM_MIP_Strategy_Branch=0;CPXPARAM_MIP_Strategy_Dive=0;CPXPARAM_MIP_Strategy_File=1;CPXPARAM_MIP_Strategy_HeuristicFreq=0;CPXPARAM_MIP_Strategy_LBHeur=0;CPXPARAM_MIP_Strategy_NodeSelect=0;CPXPARAM_MIP_Strategy_Order=1;CPXPARAM_MIP_Strategy_PresolveNode=3;CPXPARAM_MIP_Strategy_Probe=-1;CPXPARAM_MIP_Strategy_RINSHeur=0;CPXPARAM_MIP_Strategy_StartAlgorithm=0;CPXPARAM_MIP_Strategy_SubAlgorithm=0;CPXPARAM_MIP_Strategy_VariableSelect=1;CPXPARAM_Network_NetFind=2;CPXPARAM_Network_Pricing=0;CPXPARAM_Parallel=1;CPXPARAM_Preprocessing_Aggregator=-1;CPXPARAM_Preprocessing_BoundStrength=-1;CPXPARAM_Preprocessing_CoeffReduce=-1;CPXPARAM_Preprocessing_Dependency=-1;CPXPARAM_Preprocessing_Dual=0;CPXPARAM_Preprocessing_Fill=40;CPXPARAM_Preprocessing_NumPass=-1;CPXPARAM_Preprocessing_Presolve=1;CPXPARAM_Preprocessing_QPMakePSD=1;CPXPARAM_Preprocessing_Reduce=3;CPXPARAM_Preprocessing_Relax=-1;CPXPARAM_Preprocessing_RepeatPresolve=-1;CPXPARAM_Preprocessing_Symmetry=-1;CPXPARAM_Read_Scale=1;CPXPARAM_Sifting_Algorithm=0;CPXPARAM_Simplex_Crash=1;CPXPARAM_Simplex_DGradient=0;CPXPARAM_Simplex_Limits_Perturbation=0;CPXPARAM_Simplex_Limits_Singularity=10;CPXPARAM_Simplex_PGradient=0;CPXPARAM_Simplex_Pricing=0;CPXPARAM_Simplex_Refactor=0
13600135343767489648,0,CPXPARAM_Advance=1;CPXPARAM_Barrier_Algorithm=0;CPXPARAM_Barrier_ColNonzeros=0;CPXPARAM_Barrier_Crossover=0;CPXPARAM_Barrier_Limits_Corrections=-1;CPXPARAM_Barrier_Ordering=0;CPXPARAM_Barrier_StartAlg=1;CPXPARAM_Emphasis_MIP=0;CPXPARAM_Emphasis_Memory=0;CPXPARAM_Emphasis_Numerical=0;CPXPARAM_Feasopt_Mode=0;CPXPARAM_LPMethod=0;CPXPARAM_MIP_Cuts_Cliques=0;CPXPARAM_MIP_Cuts_Covers=3;CPXPARAM_MIP_Cuts_Disjunctive=1;CPXPARAM_MIP_Cuts_FlowCovers=0;CPXPARAM_MIP_Cuts_GUBCovers=1;CPXPARAM_MIP_Cuts_Gomory=1;CPXPARAM_MIP_Cuts_Implied=1;CPXPARAM_MIP_Cuts_MIRCut=1;CPXPARAM_MIP_Cuts_PathCut=-1;CPXPARAM_MIP_Limits_AggForCut=1;CPXPARAM_MIP_Limits_CutPasses=0;CPXPARAM_MIP_Limits_CutsFactor=-1;CPXPARAM_MIP_Limits_GomoryCand=400;CPXPARAM_MIP_Limits_GomoryPass=0;CPXPARAM_MIP_Limits_Nodes=9223372036800000000;CPXPARAM_MIP_Limits_ProbeTime=1e+75;CPXPARAM_MIP_Limits_RepairTries=0;CPXPARAM_MIP_Limits_StrongCand=10;CPXPARAM_MIP_Limits_StrongIt=0;CPXPARAM_MIP_OrderType=0;CPXPARAM_MIP_Strategy_BBInterval=7;CPXPARAM_MIP_Strategy_Branch=0;CPXPARAM_MIP_Strategy_Dive=0;CPXPARAM_MIP_Strategy_File=1;CPXPARAM_MIP_Strategy_HeuristicFreq=0;CPXPARAM_MIP_Strategy_LBHeur=0;CPXPARAM_MIP_Strategy_NodeSelect=0;CPXPARAM_MIP_Strategy_Order=1;CPXPARAM_MIP_Strategy_PresolveNode=3;CPXPARAM_MIP_Strategy_Probe=-1;CPXPARAM_MIP_Strategy_RINSHeur=0;CPXPARAM_MIP_Strategy_StartAlgorithm=0;CPXPARAM_MIP_Strategy_SubAlgorithm=0;CPXPARAM_MIP_Strategy_VariableSelect=1;CPXPARAM_Network_NetFind=2;CPXPARAM_Network_Pricing=0;CPXPARAM_Parallel=1;CPXPARAM_Preprocessing_Aggregator=-1;CPXPARAM_Preprocessing_BoundStrength=-1;CPXPARAM_Preprocessing_CoeffReduce=-1;CPXPARAM_Preprocessing_Dependency=-1;CPXPARAM_Preprocessing_Dual=0;CPXPARAM_Preprocessing_Fill=40;CPXPARAM_Preprocessing_NumPass=-1;CPXPARAM_Preprocessing_Presolve=1;CPXPARAM_Preprocessing_QPMakePSD=1;CPXPARAM_Preprocessing_Reduce=3;CPXPARAM_Preprocessing_Relax=-1;CPXPARAM_Preprocessing_RepeatPresolve=-1;CPXPARAM_Preprocessing_Symmetry=-1;CPXPARAM_Read_Scale=1;CPXPARAM_Sifting_Algorithm=0;CPXPARAM_Simplex_Crash=1;CPXPARAM_Simplex_DGradient=0;CPXPARAM_Simplex_Limits_Perturbation=0;CPXPARAM_Simplex_Limits_Singularity=10;CPXPARAM_Simplex_PGradient=0;CPXPARAM_Simplex_Pricing=0;CPXPARAM_Simplex_Refactor=0
7991182756001977562,0,CPXPARAM_Advance=1;CPXPARAM_Barrier_Algorithm=0;CPXPARAM_Barrier_ColNonzeros=0;CPXPARAM_Barrier_Crossover=0;CPXPARAM_Barrier_Limits_Corrections=-1;CPXPARAM_Barrier_Ordering=0;CPXPARAM_Barrier_StartAlg=1;CPXPARAM_Emphasis_MIP=0;CPXPARAM_Emphasis_Memory=0;CPXPARAM_Emphasis_Numerical=0;CPXPARAM_Feasopt_Mode=0;CPXPARAM_LPMethod=0;CPXPARAM_MIP_Cuts_Cliques=0;CPXPARAM_MIP_Cuts_Covers=3;CPXPARAM_MIP_Cuts_Disjunctive=1;CPXPARAM_MIP_Cuts_FlowCovers=0;CPXPARAM_MIP_Cuts_GUBCovers=1;CPXPARAM_MIP_Cuts_Gomory=1;CPXPARAM_MIP_Cuts_Implied=1;CPXPARAM_MIP_Cuts_MIRCut=0;CPXPARAM_MIP_Cuts_PathCut=-1;CPXPARAM_MIP_Limits_AggForCut=1;CPXPARAM_MIP_Limits_CutPasses=0;CPXPARAM_MIP_Limits_CutsFactor=-1;CPXPARAM_MIP_Limits_GomoryCand=400;CPXPARAM_MIP_Limits_GomoryPass=0;CPXPARAM_MIP_Limits_Nodes=9223372036800000000;CPXPARAM_MIP_Limits_ProbeTime=1e+75;CPXPARAM_MIP_Limits_RepairTries=0;CPXPARAM_MIP_Limits_StrongCand=10;CPXPARAM_MIP_Limits_StrongIt=0;CPXPARAM_MIP_OrderType=0;CPXPARAM_MIP_Strategy_BBInterval=7;CPXPARAM_MIP_Strategy_Branch=0;CPXPARAM_MIP_Strategy_Dive=0;CPXPARAM_MIP_Strategy_File=1;CPXPARAM_MIP_Strategy_HeuristicFreq=0;CPXPARAM_MIP_Strategy_LBHeur=0;CPXPARAM_MIP_Strategy_NodeSelect=0;CPXPARAM_MIP_Strategy_Order=1;CPXPARAM_MIP_Strategy_PresolveNode=3;CPXPARAM_MIP_Strategy_Probe=-1;CPXPARAM_MIP_Strategy_RINSHeur=0;CPXPARAM_MIP_Strategy_StartAlgorithm=0;CPXPARAM_MIP_Strategy_SubAlgorithm=0;CPXPARAM_MIP_Strategy_VariableSelect=1;CPXPARAM_Network_NetFind=2;CPXPARAM_Network_Pricing=0;CPXPARAM_Parallel=1;CPXPARAM_Preprocessing_Aggregator=-1;CPXPARAM_Preprocessing_BoundStrength=-1;CPXPARAM_Preprocessing_CoeffReduce=-1;CPXPARAM_Preprocessing_Dependency=-1;CPXPARAM_Preprocessing_Dual=0;CPXPARAM_Preprocessing_Fill=40;CPXPARAM_Preprocessing_NumPass=-1;CPXPARAM_Preprocessing_Presolve=1;CPXPARAM_Preprocessing_QPMakePSD=1;CPXPARAM_Preprocessing_Reduce=3;CPXPARAM_Preprocessing_Relax=-1;CPXPARAM_Preprocessing_RepeatPresolve=-1;CPXPARAM_Preprocessing_Symmetry=-1;CPXPARAM_Read_Scale=1;CPXPARAM_Sifting_Algorithm=0;CPXPARAM_Simplex_Crash=1;CPXPARAM_Simplex_DGradient=0;CPXPARAM_Simplex_Limits_Perturbation=0;CPXPARAM_Simplex_Limits_Singularity=10;CPXPARAM_Simplex_PGradient=0;CPXPARAM_Simplex_Pricing=0;CPXPARAM_Simplex_Refactor=0
15591310465934601042,0,CPXPARAM_Advance=1;CPXPARAM_Barrier_Algorithm=0;CPXPARAM_Barrier_ColNonzeros=0;CPXPARAM_Barrier_Crossover=0;CPXPARAM_Barrier_Limits_Corrections=-1;CPXPARAM_Barrier_Ordering=0;CPXPARAM_Barrier_StartAlg=1;CPXPARAM_Emphasis_MIP=0;CPXPARAM_Emphasis_Memory=0;CPXPARAM_Emphasis_Numerical=0;CPXPARAM_Feasopt_Mode=0;CPXPARAM_LPMethod=0;CPXPARAM_MIP_Cuts_Cliques=0;CPXPARAM_MIP_Cuts_Covers=3;CPXPARAM_MIP_Cuts_Disjunctive=1;CPXPARAM_MIP_Cuts_FlowCovers=1;CPXPARAM_MIP_Cuts_GUBCovers=-1;CPXPARAM_MIP_Cuts_Gomory=1;CPXPARAM_MIP_Cuts_Implied=1;CPXPARAM_MIP_Cuts_MIRCut=0;CPXPARAM_MIP_Cuts_PathCut=-1;CPXPARAM_MIP_Limits_AggForCut=1;CPXPARAM_MIP_Limits_CutPasses=0;CPXPARAM_MIP_Limits_CutsFactor=-1;CPXPARAM_MIP_Limits_GomoryCand=400;CPXPARAM_MIP_Limits_GomoryPass=0;CPXPARAM_MIP_Limits_Nodes=9223372036800000000;CPXPARAM_MIP_Limits_ProbeTime=1e+75;CPXPARAM_MIP_Limits_RepairTries=0;CPXPARAM_MIP_Limits_StrongCand=10;CPXPARAM_MIP_Limits_StrongIt=0;CPXPARAM_MIP_OrderType=0;CPXPARAM_MIP_Strategy_BBInterval=7;CPXPARAM_MIP_Strategy_Branch=0;CPXPARAM_MIP_Strategy_Dive=0;CPXPARAM_MIP_Strategy_File=1;CPXPARAM_MIP_Strategy_HeuristicFreq=0;CPXPARAM_MIP_Strategy_LBHeur=0;CPXPARAM_MIP_Strategy_NodeSelect=0;CPXPARAM_MIP_Strategy_Order=1;CPXPARAM_MIP_Strategy_PresolveNode=3;CPXPARAM_MIP_Strategy_Probe=-1;CPXPARAM_MIP_Strategy_RINSHeur=0;CPXPARAM_MIP_Strategy_StartAlgorithm=0;CPXPARAM_MIP_Strategy_SubAlgorithm=0;CPXPARAM_MIP_Strategy_VariableSelect=1;CPXPARAM_Network_NetFind=2;CPXPARAM_Network_Pricing=0;CPXPARAM_Parallel=1;CPXPARAM_Preprocessing_Aggregator=-1;CPXPARAM_Preprocessing_BoundStrength=-1;CPXPARAM_Preprocessing_CoeffReduce=-1;CPXPARAM_Preprocessing_Dependency=-1;CPXPARAM_Preprocessing_Dual=0;CPXPARAM_Preprocessing_Fill=40;CPXPARAM_Preprocessing_NumPass=-1;CPXPARAM_Preprocessing_Presolve=1;CPXPARAM_Preprocessing_QPMakePSD=1;CPXPARAM_Preprocessing_Reduce=3;CPXPARAM_Preprocessing_Relax=-1;CPXPARAM_Preprocessing_RepeatPresolve=-1;CPXPARAM_Preprocessing_Symmetry=-1;CPXPARAM_Read_Scale=1;CPXPARAM_Sifting_Algorithm=0;CPXPARAM_Simplex_Crash=1;CPXPARAM_Simplex_DGradient=0;CPXPARAM_Simplex_Limits_Perturbation=0;CPXPARAM_Simplex_Limits_Singularity=10;CPXPARAM_Simplex_PGradient=0;CPXPARAM_Simplex_Pricing=0;CPXPARAM_Simplex_Refactor=0
11702111971454427385,0,CPXPARAM_Advance=1;CPXPARAM_Barrier_Algorithm=0;CPXPARAM_Barrier_ColNonzeros=0;CPXPARAM_Barrier_Crossover=0;CPXPARAM_Barrier_Limits_Corrections=-1;CPXPARAM_Barrier_Ordering=0;CPXPARAM_Barrier_StartAlg=1;CPXPARAM_Emphasis_MIP=5;CPXPARAM_Emphasis_Memory=0;CPXPARAM_Emphasis_Numerical=0;CPXPARAM_Feasopt_Mode=0;CPXPARAM_LPMethod=0;CPXPARAM_MIP_Cuts_Cliques=-1;CPXPARAM_MIP_Cuts_Covers=3;CPXPARAM_MIP_Cuts_Disjunctive=-1;CPXPARAM_MIP_Cuts_FlowCovers=-1;CPXPARAM_MIP_Cuts_GUBCovers=0;CPXPARAM_MIP_Cuts_Gomory=1;CPXPARAM_MIP_Cuts_Implied=-1;CPXPARAM_MIP_Cuts_MIRCut=-1;CPXPARAM_MIP_Cuts_PathCut=2;CPXPARAM_MIP_Limits_AggForCut=2;CPXPARAM_MIP_Limits_CutPasses=0;CPXPARAM_MIP_Limits_CutsFactor=-1;CPXPARAM_MIP_Limits_GomoryCand=400;CPXPARAM_MIP_Limits_GomoryPass=0;CPXPARAM_MIP_Limits_Nodes=9223372036800000000;CPXPARAM_MIP_Limits_ProbeTime=1e+75;CPXPARAM_MIP_Limits_RepairTries=0;CPXPARAM_MIP_Limits_StrongCand=10;CPXPARAM_MIP_Limits_StrongIt=0;CPXPARAM_MIP_OrderType=1;CPXPARAM_MIP_Strategy_BBInterval=7;CPXPARAM_MIP_Strategy_Branch=1;CPXPARAM_MIP_Strategy_Dive=0;CPXPARAM_MIP_Strategy_File=1;CPXPARAM_MIP_Strategy_HeuristicFreq=0;CPXPARAM_MIP_Strategy_LBHeur=0;CPXPARAM_MIP_Strategy_NodeSelect=1;CPXPARAM_MIP_Strategy_Order=1;CPXPARAM_MIP_Strategy_PresolveNode=0;CPXPARAM_MIP_Strategy_Probe=2;CPXPARAM_MIP_Strategy_RINSHeur=0;CPXPARAM_MIP_Strategy_StartAlgorithm=0;CPXPARAM_MIP_Strategy_SubAlgorithm=1;CPXPARAM_MIP_Strategy_VariableSelect=-1;CPXPARAM_Network_NetFind=2;CPXPARAM_Network_Pricing=0;CPXPARAM_Parallel=1;CPXPARAM_Preprocessing_Aggregator=-1;CPXPARAM_Preprocessing_BoundStrength=-1;CPXPARAM_Preprocessing_CoeffReduce=-1;CPXPARAM_Preprocessing_Dependency=-1;CPXPARAM_Preprocessing_Dual=0;CPXPARAM_Preprocessing_Fill=20;CPXPARAM_Preprocessing_NumPass=-1;CPXPARAM_Preprocessing_Presolve=1;CPXPARAM_Preprocessing_QPMakePSD=1;CPXPARAM_Preprocessing_Reduce=1;CPXPARAM_Preprocessing_Relax=-1;CPXPARAM_Preprocessing_RepeatPresolve=-1;CPXPARAM_Preprocessing_Symmetry=-1;CPXPARAM_Read_Scale=1;CPXPARAM_Sifting_Algorithm=0;CPXPARAM_Simplex_Crash=1;CPXPARAM_Simplex_DGradient=0;CPXPARAM_Simplex_Limits_Perturbation=0;CPXPARAM_Simplex_Limits_Singularity=10;CPXPARAM_Simplex_PGradient=0;CPXPARAM_Simplex_Pricing=0;CPXPARAM_Simplex_Refactor=0
3588856404837897674,0,CPXPARAM_Advance=1;CPXPARAM_Barrier_Algorithm=0;CPXPARAM_Barrier_ColNonzeros=0;CPXPARAM_Barrier_Crossover=0;CPXPARAM_Barrier_Limits_Corrections=-1;CPXPARAM_Barrier_Ordering=0;CPXPARAM_Barrier_StartAlg=1;CPXPARAM_Emphasis_MIP=5;CPXPARAM_Emphasis_Memory=0;CPXPARAM_Emphasis_Numerical=0;CPXPARAM_Feasopt_Mode=0;CPXPARAM_LPMethod=0;CPXPARAM_MIP_Cuts_Cliques=-1;CPXPARAM_MIP_Cuts_Covers=3;CPXPARAM_MIP_Cuts_Disjunctive=-1;CPXPARAM_MIP_Cuts_FlowCovers=-1;CPXPARAM_MIP_Cuts_GUBCovers=0;CPXPARAM_MIP_Cuts_Gomory=1;CPXPARAM_MIP_Cuts_Implied=1;CPXPARAM_MIP_Cuts_MIRCut=-1;CPXPARAM_MIP_Cuts_PathCut=2;CPXPARAM_MIP_Limits_AggForCut=2;CPXPARAM_MIP_Limits_CutPasses=0;CPXPARAM_MIP_Limits_CutsFactor=-1;CPXPARAM_MIP_Limits_GomoryCand=400;CPXPARAM_MIP_Limits_GomoryPass=0;CPXPARAM_MIP_Limits_Nodes=9223372036800000000;CPXPARAM_MIP_Limits_ProbeTime=1e+75;CPXPARAM_MIP_Limits_RepairTries=0;CPXPARAM_MIP_Limits_StrongCand=10;CPXPARAM_MIP_Limits_StrongIt=0;CPXPARAM_MIP_OrderType=1;CPXPARAM_MIP_Strategy_BBInterval=7;CPXPARAM_MIP_Strategy_Branch=1;CPXPARAM_MIP_Strategy_Dive=0;CPXPARAM_MIP_Strategy_File=1;CPXPARAM_MIP_Strategy_HeuristicFreq=0;CPXPARAM_MIP_Strategy_LBHeur=0;CPXPARAM_MIP_Strategy_NodeSelect=1;CPXPARAM_MIP_Strategy_Order=1;CPXPARAM_MIP_Strategy_PresolveNode=0;CPXPARAM_MIP_Strategy_Probe=2;CPXPARAM_MIP_Strategy_RINSHeur=0;CPXPARAM_MIP_Strategy_StartAlgorithm=0;CPXPARAM_MIP_Strategy_SubAlgorithm=1;CPXPARAM_MIP_Strategy_VariableSelect=-1;CPXPARAM_Network_NetFind=2;CPXPARAM_Network_Pricing=0;CPXPARAM_Parallel=1;CPXPARAM_Preprocessing_Aggregator=-1;CPXPARAM_Preprocessing_BoundStrength=-1;CPXPARAM_Preprocessing_CoeffReduce=-1;CPXPARAM_Preprocessing_Dependency=-1;CPXPARAM_Preprocessing_Dual=0;CPXPARAM_Preprocessing_Fill=20;CPXPARAM_Preprocessing_NumPass=-1;CPXPARAM_Preprocessing_Presolve=1;CPXPARAM_Preprocessing_QPMakePSD=1;CPXPARAM_Preprocessing_Reduce=1;CPXPARAM_Preprocessing_Relax=-1;CPXPARAM_Preprocessing_RepeatPresolve=-1;CPXPARAM_Preprocessing_Symmetry=-1;CPXPARAM_Read_Scale=1;CPXPARAM_Sifting_Algorithm=0;CPXPARAM_Simplex_Crash=1;CPXPARAM_Simplex_DGradient=0;CPXPARAM_Simplex_Limits_Perturbation=0;CPXPARAM_Simplex_Limits_Singularity=10;CPXPARAM_Simplex_PGradient=0;CPXPARAM_Simplex_Pricing=0;CPXPARAM_Simplex_Refactor=0
5229757776964458639,0,CPXPARAM_Advance=1;CPXPARAM_Barrier_Algorithm=0;CPXPARAM_Barrier_ColNonzeros=0;CPXPARAM_Barrier_Crossover=0;CPXPARAM_Barrier_Limits_Corrections=-1;CPXPARAM_Barrier_Ordering=0;CPXPARAM_Barrier_StartAlg=1;CPXPARAM_Emphasis_MIP=5;CPXPARAM_Emphasis_Memory=0;CPXPARAM_Emphasis_Numerical=0;CPXPARAM_Feasopt_Mode=0;CPXPARAM_LPMethod=0;CPXPARAM_MIP_Cuts_Cliques=-1;CPXPARAM_MIP_Cuts_Covers=3;CPXPARAM_MIP_Cuts_Disjunctive=-1;CPXPARAM_MIP_Cuts_FlowCovers=-1;CPXPARAM_MIP_Cuts_GUBCovers=-1;CPXPARAM_MIP_Cuts_Gomory=1;CPXPARAM_MIP_Cuts_Implied=1;CPXPARAM_MIP_Cuts_MIRCut=-1;CPXPARAM_MIP_Cuts_PathCut=2;CPXPARAM_MIP_Limits_AggForCut=2;CPXPARAM_MIP_Limits_CutPasses=0;CPXPARAM_MIP_Limits_CutsFactor=-1;CPXPARAM_MIP_Limits_GomoryCand=400;CPXPARAM_MIP_Limits_GomoryPass=0;CPXPARAM_MIP_Limits_Nodes=9223372036800000000;CPXPARAM_MIP_Limits_ProbeTime=1e+75;CPXPARAM_MIP_Limits_RepairTries=0;CPXPARAM_MIP_Limits_StrongCand=10;CPXPARAM_MIP_Limits_StrongIt=0;CPXPARAM_MIP_OrderType=1;CPXPARAM_MIP_Strategy_BBInterval=7;CPXPARAM_MIP_Strategy_Branch=1;CPXPARAM_MIP_Strategy_Dive=0;CPXPARAM_MIP_Strategy_File=1;CPXPARAM_MIP_Strategy_HeuristicFreq=0;CPXPARAM_MIP_Strategy_LBHeur=0;CPXPARAM_MIP_Strategy_NodeSelect=1;CPXPARAM_MIP_Strategy_Order=1;CPXPARAM_MIP_Strategy_PresolveNode=0;CPXPARAM_MIP_Strategy_Probe=2;CPXPARAM_MIP_Strategy_RINSHeur=0;CPXPARAM_MIP_Strategy_StartAlgorithm=0;CPXPARAM_MIP_Strategy_SubAlgorithm=1;CPXPARAM_MIP_Strategy_VariableSelect=-1;CPXPARAM_Network_NetFind=2;CPXPARAM_Network_Pricing=0;CPXPARAM_Parallel=1;CPXPARAM_Preprocessing_Aggregator=-1;CPXPARAM_Preprocessing_BoundStrength=-1;CPXPARAM_Preprocessing_CoeffReduce=-1;CPXPARAM_Preprocessing_Dependency=-1;CPXPARAM_Preprocessing_Dual=0;CPXPARAM_Preprocessing_Fill=20;CPXPARAM_Preprocessing_NumPass=-1;CPXPARAM_Preprocessing_Presolve=1;CPXPARAM_Preprocessing_QPMakePSD=1;CPXPARAM_Preprocessing_Reduce=3;CPXPARAM_Preprocessing_Relax=-1;CPXPARAM_Preprocessing_RepeatPresolve=-1;CPXPARAM_Preprocessing_Symmetry=-1;CPXPARAM_Read_Scale=1;CPXPARAM_Sifting_Algorithm=0;CPXPARAM_Simplex_Crash=1;CPXPARAM_Simplex_DGradient=0;CPXPARAM_Simplex_Limits_Perturbation=0;CPXPARAM_Simplex_Limits_Singularity=10;CPXPARAM_Simplex_PGradient=0;CPXPARAM_Simplex_Pricing=0;CPXPARAM_Simplex_Refactor=0
2223458954627581447,0,CPXPARAM_Advance=1;CPXPARAM_Barrier_Algorithm=0;CPXPARAM_Barrier_ColNonzeros=0;CPXPARAM_Barrier_Crossover=0;CPXPARAM_Barrier_Limits_Corrections=-1;CPXPARAM_Barrier_Ordering=0;CPXPARAM_Barrier_StartAlg=1;CPXPARAM_Emphasis_MIP=0;CPXPARAM_Emphasis_Memory=0;CPXPARAM_Emphasis_Numerical=0;CPXPARAM_Feasopt_Mode=0;CPXPARAM_LPMethod=0;CPXPARAM_MIP_Cuts_Cliques=0;CPXPARAM_MIP_Cuts_Covers=2;CPXPARAM_MIP_Cuts_Disjunctive=0;CPXPARAM_MIP_Cuts_FlowCovers=-1;CPXPARAM_MIP_Cuts_GUBCovers=-1;CPXPARAM_MIP_Cuts_Gomory=1;CPXPARAM_MIP_Cuts_Implied=-1;CPXPARAM_MIP_Cuts_MIRCut=2;CPXPARAM_MIP_Cuts_PathCut=1;CPXPARAM_MIP_Limits_AggForCut=3;CPXPARAM_MIP_Limits_CutPasses=0;CPXPARAM_MIP_Limits_CutsFactor=-1;CPXPARAM_MIP_Limits_GomoryCand=100;CPXPARAM_MIP_Limits_GomoryPass=0;CPXPARAM_MIP_Limits_Nodes=9223372036800000000;CPXPARAM_MIP_Limits_ProbeTime=1e+75;CPXPARAM_MIP_Limits_RepairTries=0;CPXPARAM_MIP_Limits_StrongCand=10;CPXPARAM_MIP_Limits_StrongIt=0;CPXPARAM_MIP_OrderType=0;CPXPARAM_MIP_Strategy_BBInterval=7;CPXPARAM_MIP_Strategy_Branch=1;CPXPARAM_MIP_Strategy_Dive=0;CPXPARAM_MIP_Strategy_File=1;CPXPARAM_MIP_Strategy_HeuristicFreq=0;CPXPARAM_MIP_Strategy_LBHeur=0;CPXPARAM_MIP_Strategy_NodeSelect=3;CPXPARAM_MIP_Strategy_Order=1;CPXPARAM_MIP_Strategy_PresolveNode=1;CPXPARAM_MIP_Strategy_Probe=0;CPXPARAM_MIP_Strategy_RINSHeur=0;CPXPARAM_MIP_Strategy_StartAlgorithm=0;CPXPARAM_MIP_Strategy_SubAlgorithm=3;CPXPARAM_MIP_Strategy_VariableSelect=-1;CPXPARAM_Network_NetFind=2;CPXPARAM_Network_Pricing=0;CPXPARAM_Parallel=1;CPXPARAM_Preprocessing_Aggregator=-1;CPXPARAM_Preprocessing_BoundStrength=-1;CPXPARAM_Preprocessing_CoeffReduce=-1;CPXPARAM_Preprocessing_Dependency=-1;CPXPARAM_Preprocessing_Dual=0;CPXPARAM_Preprocessing_Fill=2;CPXPARAM_Preprocessing_NumPass=-1;CPXPARAM_Preprocessing_Presolve=1;CPXPARAM_Preprocessing_QPMakePSD=1;CPXPARAM_Preprocessing_Reduce=0;CPXPARAM_Preprocessing_Relax=-1;CPXPARAM_Preprocessing_RepeatPresolve=-1;CPXPARAM_Preprocessing_Symmetry=-1;CPXPARAM_Read_Scale=0;CPXPARAM_Sifting_Algorithm=0;CPXPARAM_Simplex_Crash=1;CPXPARAM_Simplex_DGradient=0;CPXPARAM_Simplex_Limits_Perturbation=0;CPXPARAM_Simplex_Limits_Singularity=10;CPXPARAM_Simplex_PGradient=0;CPXPARAM_Simplex_Pricing=0;CPXPARAM_Simplex_Refactor=0
5270223954386721891,0,CPXPARAM_Advance=1;CPXPARAM_Barrier_Algorithm=0;CPXPARAM_Barrier_ColNonzeros=0;CPXPARAM_Barrier_Crossover=0;CPXPARAM_Barrier_Limits_Corrections=-1;CPXPARAM_Barrier_Ordering=0;CPXPARAM_Barrier_StartAlg=1;CPXPARAM_Emphasis_MIP=5;CPXPARAM_Emphasis_Memory=0;CPXPARAM_Emphasis_Numerical=0;CPXPARAM_Feasopt_Mode=0;CPXPARAM_LPMethod=0;CPXPARAM_MIP_Cuts_Cliques=-1;CPXPARAM_MIP_Cuts_Covers=3;CPXPARAM_MIP_Cuts_Disjunctive=-1;CPXPARAM_MIP_Cuts_FlowCovers=-1;CPXPARAM_MIP_Cuts_GUBCovers=0;CPXPARAM_MIP_Cuts_Gomory=1;CPXPARAM_MIP_Cuts_Implied=1;CPXPARAM_MIP_Cuts_MIRCut=-1;CPXPARAM_MIP_Cuts_PathCut=2;CPXPARAM_MIP_Limits_AggForCut=2;CPXPARAM_MIP_Limits_CutPasses=0;CPXPARAM_MIP_Limits_CutsFactor=-1;CPXPARAM_MIP_Limits_GomoryCand=400;CPXPARAM_MIP_Limits_GomoryPass=0;CPXPARAM_MIP_Limits_Nodes=9223372036800000000;CPXPARAM_MIP_Limits_ProbeTime=1e+75;CPXPARAM_MIP_Limits_RepairTries=0;CPXPARAM_MIP_Limits_StrongCand=10;CPXPARAM_MIP_Limits_StrongIt=0;CPXPARAM_MIP_OrderType=1;CPXPARAM_MIP_Strategy_BBInterval=7;CPXPARAM_MIP_Strategy_Branch=1;CPXPARAM_MIP_Strategy_Dive=0;CPXPARAM_MIP_Strategy_File=1;CPXPARAM_MIP_Strategy_HeuristicFreq=0;CPXPARAM_MIP_Strategy_LBHeur=0;CPXPARAM_MIP_Strategy_NodeSelect=1;CPXPARAM_MIP_Strategy_Order=1;CPXPARAM_MIP_Strategy_PresolveNode=0;CPXPARAM_MIP_Strategy_Probe=3;CPXPARAM_MIP_Strategy_RINSHeur=0;CPXPARAM_MIP_Strategy_StartAlgorithm=0;CPXPARAM_MIP_Strategy_SubAlgorithm=1;CPXPARAM_MIP_Strategy_VariableSelect=-1;CPXPARAM_Network_NetFind=2;CPXPARAM_Network_Pricing=0;CPXPARAM_Parallel=1;CPXPARAM_Preprocessing_Aggregator=-1;CPXPARAM_Preprocessing_BoundStrength=-1;CPXPARAM_Preprocessing_CoeffReduce=-1;CPXPARAM_Preprocessing_Dependency=-1;CPXPARAM_Preprocessing_Dual=0;CPXPARAM_Preprocessing_Fill=20;CPXPARAM_Preprocessing_NumPass=-1;CPXPARAM_Preprocessing_Presolve=1;CPXPARAM_Preprocessing_QPMakePSD=1;CPXPARAM_Preprocessing_Reduce=3;CPXPARAM_Preprocessing_Relax=-1;CPXPARAM_Preprocessing_RepeatPresolve=-1;CPXPARAM_Preprocessing_Symmetry=-1;CPXPARAM_Read_Scale=1;CPXPARAM_Sifting_Algorithm=0;CPXPARAM_Simplex_Crash=1;CPXPARAM_Simplex_DGradient=0;CPXPARAM_Simplex_Limits_Perturbation=0;CPXPARAM_Simplex_Limits_Singularity=10;CPXPARAM_Simplex_PGradient=0;CPXPARAM_Simplex_Pricing=0;CPXPARAM_Simplex_Refactor=0
6856453844385468606,0,CPXPARAM_Advance=1;CPXPARAM_Barrier_Algorithm=0;CPXPARAM_Barrier_ColNonzeros=0;CPXPARAM_Barrier_Crossover=0;CPXPARAM_Barrier_Limits_Corrections=-1;CPXPARAM_Barrier_Ordering=0;CPXPARAM_Barrier_StartAlg=1;CPXPARAM_Emphasis_MIP=0;CPXPARAM_Emphasis_Memory=0;CPXPARAM_Emphasis_Numerical=0;CPXPARAM_Feasopt_Mode=0;CPXPARAM_LPMethod=0;CPXPARAM_MIP_Cuts_Cliques=-1;CPXPARAM_MIP_Cuts_Covers=2;CPXPARAM_MIP_Cuts_Disjunctive=0;CPXPARAM_MIP_Cuts_FlowCovers=-1;CPXPARAM_MIP_Cuts_GUBCovers=1;CPXPARAM_MIP_Cuts_Gomory=0;CPXPARAM_MIP_Cuts_Implied=2;CPXPARAM_MIP_Cuts_MIRCut=-1;CPXPARAM_MIP_Cuts_PathCut=1;CPXPARAM_MIP_Limits_AggForCut=10;CPXPARAM_MIP_Limits_CutPasses=0;CPXPARAM_MIP_Limits_CutsFactor=-1;CPXPARAM_MIP_Limits_GomoryCand=100;CPXPARAM_MIP_Limits_GomoryPass=0;CPXPARAM_MIP_Limits_Nodes=9223372036800000000;CPXPARAM_MIP_Limits_ProbeTime=1e+75;CPXPARAM_MIP_Limits_RepairTries=0;CPXPARAM_MIP_Limits_StrongCand=10;CPXPARAM_MIP_Limits_StrongIt=0;CPXPARAM_MIP_OrderType=1;CPXPARAM_MIP_Strategy_BBInterval=7;CPXPARAM_MIP_Strategy_Branch=0;CPXPARAM_MIP_Strategy_Dive=0;CPXPARAM_MIP_Strategy_File=1;CPXPARAM_MIP_Strategy_HeuristicFreq=0;CPXPARAM_MIP_Strategy_LBHeur=0;CPXPARAM_MIP_Strategy_NodeSelect=0;CPXPARAM_MIP_Strategy_Order=1;CPXPARAM_MIP_Strategy_PresolveNode=-1;CPXPARAM_MIP_Strategy_Probe=1;CPXPARAM_MIP_Strategy_RINSHeur=0;CPXPARAM_MIP_Strategy_StartAlgorithm=0;CPXPARAM_MIP_Strategy_SubAlgorithm=0;CPXPARAM_MIP_Strategy_VariableSelect=2;CPXPARAM_Network_NetFind=2;CPXPARAM_Network_Pricing=0;CPXPARAM_Parallel=1;CPXPARAM_Preprocessing_Aggregator=-1;CPXPARAM_Preprocessing_BoundStrength=-1;CPXPARAM_Preprocessing_CoeffReduce=-1;CPXPARAM_Preprocessing_Dependency=-1;CPXPARAM_Preprocessing_Dual=0;CPXPARAM_Preprocessing_Fill=2;CPXPARAM_Preprocessing_NumPass=-1;CPXPARAM_Preprocessing_Presolve=1;CPXPARAM_Preprocessing_QPMakePSD=1;CPXPARAM_Preprocessing_Reduce=1;CPXPARAM_Preprocessing_Relax=-1;CPXPARAM_Preprocessing_RepeatPresolve=-1;CPXPARAM_Preprocessing_Symmetry=-1;CPXPARAM_Read_Scale=0;CPXPARAM_Sifting_Algorithm=0;CPXPARAM_Simplex_Crash=1;CPXPARAM_Simplex_DGradient=0;CPXPARAM_Simplex_Limits_Perturbation=0;CPXPARAM_Simplex_Limits_Singularity=10;CPXPARAM_Simplex_PGradient=0;CPXPARAM_Simplex_Pricing=0;CPXPARAM_Simplex_Refactor=0
15168681741985427056,0,CPXPARAM_Advance=1;CPXPARAM_Barrier_Algorithm=0;CPXPARAM_Barrier_ColNonzeros=0;CPXPARAM_Barrier_Crossover=0;CPXPARAM_Barrier_Limits_Corrections=-1;CPXPARAM_Barrier_Ordering=0;CPXPARAM_Barrier_StartAlg=1;CPXPARAM_Emphasis_MIP=0;CPXPARAM_Emphasis_Memory=0;CPXPARAM_Emphasis_Numerical=0;CPXPARAM_Feasopt_Mode=0;CPXPARAM_LPMethod=0;CPXPARAM_MIP_Cuts_Cliques=-1;CPXPARAM_MIP_Cuts_Covers=2;CPXPARAM_MIP_Cuts_Disjunctive=0;CPXPARAM_MIP_Cuts_FlowCovers=-1;CPXPARAM_MIP_Cuts_GUBCovers=1;CPXPARAM_MIP_Cuts_Gomory=0;CPXPARAM_MIP_Cuts_Implied=2;CPXPARAM_MIP_Cuts_MIRCut=-1;CPXPARAM_MIP_Cuts_PathCut=1;CPXPARAM_MIP_Limits_AggForCut=10;CPXPARAM_MIP_Limits_CutPasses=0;CPXPARAM_MIP_Limits_CutsFactor=-1;CPXPARAM_MIP_Limits_GomoryCand=800;CPXPARAM_MIP_Limits_GomoryPass=0;CPXPARAM_MIP_Limits_Nodes=9223372036800000000;CPXPARAM_MIP_Limits_ProbeTime=1e+75;CPXPARAM_MIP_Limits_RepairTries=0;CPXPARAM_MIP_Limits_StrongCand=10;CPXPARAM_MIP_Limits_StrongIt=0;CPXPARAM_MIP_OrderType=1;CPXPARAM_MIP_Strategy_BBInterval=7;CPXPARAM_MIP_Strategy_Branch=0;CPXPARAM_MIP_Strategy_Dive=0;CPXPARAM_MIP_Strategy_File=1;CPXPARAM_MIP_Strategy_HeuristicFreq=0;CPXPARAM_MIP_Strategy_LBHeur=0;CPXPARAM_MIP_Strategy_NodeSelect=0;CPXPARAM_MIP_Strategy_Order=1;CPXPARAM_MIP_Strategy_PresolveNode=-1;CPXPARAM_MIP_Strategy_Probe=3;CPXPARAM_MIP_Strategy_RINSHeur=0;CPXPARAM_MIP_Strategy_StartAlgorithm=0;CPXPARAM_MIP_Strategy_SubAlgorithm=0;CPXPARAM_MIP_Strategy_VariableSelect=2;CPXPARAM_Network_NetFind=2;CPXPARAM_Network_Pricing=0;CPXPARAM_Parallel=1;CPXPARAM_Preprocessing_Aggregator=-1;CPXPARAM_Preprocessing_BoundStrength=-1;CPXPARAM_Preprocessing_CoeffReduce=-1;CPXPARAM_Preprocessing_Dependency=-1;CPXPARAM_Preprocessing_Dual=0;CPXPARAM_Preprocessing_Fill=2;CPXPARAM_Preprocessing_NumPass=-1;CPXPARAM_Preprocessing_Presolve=1;CPXPARAM_Preprocessing_QPMakePSD=1;CPXPARAM_Preprocessing_Reduce=1;CPXPARAM_Preprocessing_Relax=-1;CPXPARAM_Preprocessing_RepeatPresolve=-1;CPXPARAM_Preprocessing_Symmetry=-1;CPXPARAM_Read_Scale=0;CPXPARAM_Sifting_Algorithm=0;CPXPARAM_Simplex_Crash=1;CPXPARAM_Simplex_DGradient=0;CPXPARAM_Simplex_Limits_Perturbation=0;CPXPARAM_Simplex_Limits_Singularity=10;CPXPARAM_Simplex_PGradient=0;CPXPARAM_Simplex_Pricing=0;CPXPARAM_Simplex_Refactor=0
15131483481285266531,0,CPXPARAM_Advance=1;CPXPARAM_Barrier_Algorithm=0;CPXPARAM_Barrier_ColNonzeros=0;CPXPARAM_Barrier_Crossover=0;CPXPARAM_Barrier_Limits_Corrections=-1;CPXPARAM_Barrier_Ordering=0;CPXPARAM_Barrier_StartAlg=1;CPXPARAM_Emphasis_MIP=0;CPXPARAM_Emphasis_Memory=0;CPXPARAM_Emphasis_Numerical=0;CPXPARAM_Feasopt_Mode=0;CPXPARAM_LPMethod=0;CPXPARAM_MIP_Cuts_Cliques=3;CPXPARAM_MIP_Cuts_Covers=0;CPXPARAM_MIP_Cuts_Disjunctive=-1;CPXPARAM_MIP_Cuts_FlowCovers=-1;CPXPARAM_MIP_Cuts_GUBCovers=1;CPXPARAM_MIP_Cuts_Gomory=0;CPXPARAM_MIP_Cuts_Implied=0;CPXPARAM_MIP_Cuts_MIRCut=1;CPXPARAM_MIP_Cuts_PathCut=1;CPXPARAM_MIP_Limits_AggForCut=5;CPXPARAM_MIP_Limits_CutPasses=0;CPXPARAM_MIP_Limits_CutsFactor=-1;CPXPARAM_MIP_Limits_GomoryCand=10;CPXPARAM_MIP_Limits_GomoryPass=0;CPXPARAM_MIP_Limits_Nodes=9223372036800000000;CPXPARAM_MIP_Limits_ProbeTime=1e+75;CPXPARAM_MIP_Limits_RepairTries=0;CPXPARAM_MIP_Limits_StrongCand=10;CPXPARAM_MIP_Limits_StrongIt=0;CPXPARAM_MIP_OrderType=0;CPXPARAM_MIP_Strategy_BBInterval=7;CPXPARAM_MIP_Strategy_Branch=0;CPXPARAM_MIP_Strategy_Dive=0;CPXPARAM_MIP_Strategy_File=1;CPXPARAM_MIP_Strategy_HeuristicFreq=0;CPXPARAM_MIP_Strategy_LBHeur=0;CPXPARAM_MIP_Strategy_NodeSelect=3;CPXPARAM_MIP_Strategy_Order=1;CPXPARAM_MIP_Strategy_PresolveNode=-1;CPXPARAM_MIP_Strategy_Probe=3;CPXPARAM_MIP_Strategy_RINSHeur=0;CPXPARAM_MIP_Strategy_StartAlgorithm=0;CPXPARAM_MIP_Strategy_SubAlgorithm=0;CPXPARAM_MIP_Strategy_VariableSelect=4;CPXPARAM_Network_NetFind=2;CPXPARAM_Network_Pricing=0;CPXPARAM_Parallel=1;CPXPARAM_Preprocessing_Aggregator=-1;CPXPARAM_Preprocessing_BoundStrength=-1;CPXPARAM_Preprocessing_CoeffReduce=-1;CPXPARAM_Preprocessing_Dependency=-1;CPXPARAM_Preprocessing_Dual=0;CPXPARAM_Preprocessing_Fill=40;CPXPARAM_Preprocessing_NumPass=-1;CPXPARAM_Preprocessing_Presolve=1;CPXPARAM_Preprocessing_QPMakePSD=1;CPXPARAM_Preprocessing_Reduce=0;CPXPARAM_Preprocessing_Relax=-1;CPXPARAM_Preprocessing_RepeatPresolve=-1;CPXPARAM_Preprocessing_Symmetry=-1;CPXPARAM_Read_Scale=1;CPXPARAM_Sifting_Algorithm=0;CPXPARAM_Simplex_Crash=1;CPXPARAM_Simplex_DGradient=0;CPXPARAM_Simplex_Limits_Perturbation=0;CPXPARAM_Simplex_Limits_Singularity=10;CPXPARAM_Simplex_PGradient=0;CPXPARAM_Simplex_Pricing=0;CPXPARAM_Simplex_Refactor=0
16762792832462928000,0,CPXPARAM_Advance=1;CPXPARAM_Barrier_Algorithm=0;CPXPARAM_Barrier_ColNonzeros=0;CPXPARAM_Barrier_Crossover=0;CPXPARAM_Barrier_Limits_Corrections=-1;CPXPARAM_Barrier_Ordering=0;CPXPARAM_Barrier_StartAlg=1;CPXPARAM_Emphasis_MIP=0;CPXPARAM_Emphasis_Memory=0;CPXPARAM_Emphasis_Numerical=0;CPXPARAM_Feasopt_Mode=0;CPXPARAM_LPMethod=0;CPXPARAM_MIP_Cuts_Cliques=3;CPXPARAM_MIP_Cuts_Covers=0;CPXPARAM_MIP_Cuts_Disjunctive=-1;CPXPARAM_MIP_Cuts_FlowCovers=-1;CPXPARAM_MIP_Cuts_GUBCovers=1;CPXPARAM_MIP_Cuts_Gomory=0;CPXPARAM_MIP_Cuts_Implied=0;CPXPARAM_MIP_Cuts_MIRCut=1;CPXPARAM_MIP_Cuts_PathCut=-1;CPXPARAM_MIP_Limits_AggForCut=5;CPXPARAM_MIP_Limits_CutPasses=0;CPXPARAM_MIP_Limits_CutsFactor=-1;CPXPARAM_MIP_Limits_GomoryCand=10;CPXPARAM_MIP_Limits_GomoryPass=0;CPXPARAM_MIP_Limits_Nodes=9223372036800000000;CPXPARAM_MIP_Limits_ProbeTime=1e+75;CPXPARAM_MIP_Limits_RepairTries=0;CPXPARAM_MIP_Limits_StrongCand=10;CPXPARAM_MIP_Limits_StrongIt=0;CPXPARAM_MIP_OrderType=0;CPXPARAM_MIP_Strategy_BBInterval=7;CPXPARAM_MIP_Strategy_Branch=0;CPXPARAM_MIP_Strategy_Dive=0;CPXPARAM_MIP_Strategy_File=1;CPXPARAM_MIP_Strategy_HeuristicFreq=0;CPXPARAM_MIP_Strategy_LBHeur=0;CPXPARAM_MIP_Strategy_NodeSelect=3;CPXPARAM_MIP_Strategy_Order=1;CPXPARAM_MIP_Strategy_PresolveNode=-1;CPXPARAM_MIP_Strategy_Probe=3;CPXPARAM_MIP_Strategy_RINSHeur=0;CPXPARAM_MIP_Strategy_StartAlgorithm=0;CPXPARAM_MIP_Strategy_SubAlgorithm=0;CPXPARAM_MIP_Strategy_VariableSelect=4;CPXPARAM_Network_NetFind=2;CPXPARAM_Network_Pricing=0;CPXPARAM_Parallel=1;CPXPARAM_Preprocessing_Aggregator=-1;CPXPARAM_Preprocessing_BoundStrength=-1;CPXPARAM_Preprocessing_CoeffReduce=-1;CPXPARAM_Preprocessing_Dependency=-1;CPXPARAM_Preprocessing_Dual=0;CPXPARAM_Preprocessing_Fill=40;CPXPARAM_Preprocessing_NumPass=-1;CPXPARAM_Preprocessing_Presolve=1;CPXPARAM_Preprocessing_QPMakePSD=1;CPXPARAM_Preprocessing_Reduce=0;CPXPARAM_Preprocessing_Relax=-1;CPXPARAM_Preprocessing_RepeatPresolve=-1;CPXPARAM_Preprocessing_Symmetry=-1;CPXPARAM_Read_Scale=1;CPXPARAM_Sifting_Algorithm=0;CPXPARAM_Simplex_Crash=1;CPXPARAM_Simplex_DGradient=0;CPXPARAM_Simplex_Limits_Perturbation=0;CPXPARAM_Simplex_Limits_Singularity=10;CPXPARAM_Simplex_PGradient=0;CPXPARAM_Simplex_Pricing=0;CPXPARAM_Simplex_Refactor=0
14200862440099189025,0,CPXPARAM_Advance=1;CPXPARAM_Barrier_Algorithm=0;CPXPARAM_Barrier_ColNonzeros=0;CPXPARAM_Barrier_Crossover=0;CPXPARAM_Barrier_Limits_Corrections=-1;CPXPARAM_Barrier_Ordering=0;CPXPARAM_Barrier_StartAlg=1;CPXPARAM_Emphasis_MIP=0;CPXPARAM_Emphasis_Memory=0;CPXPARAM_Emphasis_Numerical=0;CPXPARAM_Feasopt_Mode=0;CPXPARAM_LPMethod=0;CPXPARAM_MIP_Cuts_Cliques=3;CPXPARAM_MIP_Cuts_Covers=0;CPXPARAM_MIP_Cuts_Disjunctive=-1;CPXPARAM_MIP_Cuts_FlowCovers=-1;CPXPARAM_MIP_Cuts_GUBCovers=1;CPXPARAM_MIP_Cuts_Gomory=-1;CPXPARAM_MIP_Cuts_Implied=0;CPXPARAM_MIP_Cuts_MIRCut=1;CPXPARAM_MIP_Cuts_PathCut=-1;CPXPARAM_MIP_Limits_AggForCut=5;CPXPARAM_MIP_Limits_CutPasses=0;CPXPARAM_MIP_Limits_CutsFactor=-1;CPXPARAM_MIP_Limits_GomoryCand=10;CPXPARAM_MIP_Limits_GomoryPass=0;CPXPARAM_MIP_Limits_Nodes=9223372036800000000;CPXPARAM_MIP_Limits_ProbeTime=1e+75;CPXPARAM_MIP_Limits_RepairTries=0;CPXPARAM_MIP_Limits_StrongCand=10;CPXPARAM_MIP_Limits_StrongIt=0;CPXPARAM_MIP_OrderType=0;CPXPARAM_MIP_Strategy_BBInterval=7;CPXPARAM_MIP_Strategy_Branch=0;CPXPARAM_MIP_Strategy_Dive=0;CPXPARAM_MIP_Strategy_File=1;CPXPARAM_MIP_Strategy_HeuristicFreq=0;CPXPARAM_MIP_Strategy_LBHeur=0;CPXPARAM_MIP_Strategy_NodeSelect=3;CPXPARAM_MIP_Strategy_Order=1;CPXPARAM_MIP_Strategy_PresolveNode=-1;CPXPARAM_MIP_Strategy_Probe=3;CPXPARAM_MIP_Strategy_RINSHeur=0;CPXPARAM_MIP_Strategy_StartAlgorithm=0;CPXPARAM_MIP_Strategy_SubAlgorithm=0;CPXPARAM_MIP_Strategy_VariableSelect=4;CPXPARAM_Network_NetFind=2;CPXPARAM_Network_Pricing=0;CPXPARAM_Parallel=1;CPXPARAM_Preprocessing_Aggregator=-1;CPXPARAM_Preprocessing_BoundStrength=-1;CPXPARAM_Preprocessing_CoeffReduce=-1;CPXPARAM_Preprocessing_Dependency=-1;CPXPARAM_Preprocessing_Dual=0;CPXPARAM_Preprocessing_Fill=40;CPXPARAM_Preprocessing_NumPass=-1;CPXPARAM_Preprocessing_Presolve=1;CPXPARAM_Preprocessing_QPMakePSD=1;CPXPARAM_Preprocessing_Reduce=0;CPXPARAM_Preprocessing_Relax=-1;CPXPARAM_Preprocessing_RepeatPresolve=-1;CPXPARAM_Preprocessing_Symmetry=-1;CPXPARAM_Read_Scale=1;CPXPARAM_Sifting_Algorithm=0;CPXPARAM_Simplex_Crash=1;CPXPARAM_Simplex_DGradient=0;CPXPARAM_Simplex_Limits_Perturbation=0;CPXPARAM_Simplex_Limits_Singularity=10;CPXPARAM_Simplex_PGradient=0;CPXPARAM_Simplex_Pricing=0;CPXPARAM_Simplex_Refactor=0
15388054450801139424,0,CPXPARAM_Advance=1;CPXPARAM_Barrier_Algorithm=0;CPXPARAM_Barrier_ColNonzeros=0;CPXPARAM_Barrier_Crossover=0;CPXPARAM_Barrier_Limits_Corrections=-1;CPXPARAM_Barrier_Ordering=0;CPXPARAM_Barrier_StartAlg=1;CPXPARAM_Emphasis_MIP=0;CPXPARAM_Emphasis_Memory=0;CPXPARAM_Emphasis_Numerical=0;CPXPARAM_Feasopt_Mode=0;CPXPARAM_LPMethod=0;CPXPARAM_MIP_Cuts_Cliques=3;CPXPARAM_MIP_Cuts_Covers=0;CPXPARAM_MIP_Cuts_Disjunctive=0;CPXPARAM_MIP_Cuts_FlowCovers=-1;CPXPARAM_MIP_Cuts_GUBCovers=1;CPXPARAM_MIP_Cuts_Gomory=-1;CPXPARAM_MIP_Cuts_Implied=0;CPXPARAM_MIP_Cuts_MIRCut=1;CPXPARAM_MIP_Cuts_PathCut=-1;CPXPARAM_MIP_Limits_AggForCut=5;CPXPARAM_MIP_Limits_CutPasses=0;CPXPARAM_MIP_Limits_CutsFactor=-1;CPXPARAM_MIP_Limits_GomoryCand=10;CPXPARAM_MIP_Limits_GomoryPass=0;CPXPARAM_MIP_Limits_Nodes=9223372036800000000;CPXPARAM_MIP_Limits_ProbeTime=1e+75;CPXPARAM_MIP_Limits_RepairTries=0;CPXPARAM_MIP_Limits_StrongCand=10;CPXPARAM_MIP_Limits_StrongIt=0;CPXPARAM_MIP_OrderType=0;CPXPARAM_MIP_Strategy_BBInterval=7;CPXPARAM_MIP_Strategy_Branch=0;CPXPARAM_MIP_Strategy_Dive=0;CPXPARAM_MIP_Strategy_File=1;CPXPARAM_MIP_Strategy_HeuristicFreq=0;CPXPARAM_MIP_Strategy_LBHeur=0;CPXPARAM_MIP_Strategy_NodeSelect=3;CPXPARAM_MIP_Strategy_Order=1;CPXPARAM_MIP_Strategy_PresolveNode=-1;CPXPARAM_MIP_Strategy_Probe=3;CPXPARAM_MIP_Strategy_RINSHeur=0;CPXPARAM_MIP_Strategy_StartAlgorithm=0;CPXPARAM_MIP_Strategy_SubAlgorithm=0;CPXPARAM_MIP_Strategy_VariableSelect=4;CPXPARAM_Network_NetFind=2;CPXPARAM_Network_Pricing=0;CPXPARAM_Parallel=1;CPXPARAM_Preprocessing_Aggregator=-1;CPXPARAM_Preprocessing_BoundStrength=-1;CPXPARAM_Preprocessing_CoeffReduce=-1;CPXPARAM_Preprocessing_Dependency=-1;CPXPARAM_Preprocessing_Dual=0;CPXPARAM_Preprocessing_Fill=40;CPXPARAM_Preprocessing_NumPass=-1;CPXPARAM_Preprocessing_Presolve=1;CPXPARAM_Preprocessing_QPMakePSD=1;CPXPARAM_Preprocessing_Reduce=2;CPXPARAM_Preprocessing_Relax=-1;CPXPARAM_Preprocessing_RepeatPresolve=-1;CPXPARAM_Preprocessing_Symmetry=-1;CPXPARAM_Read_Scale=1;CPXPARAM_Sifting_Algorithm=0;CPXPARAM_Simplex_Crash=1;CPXPARAM_Simplex_DGradient=0;CPXPARAM_Simplex_Limits_Perturbation=0;CPXPARAM_Simplex_Limits_Singularity=10;CPXPARAM_Simplex_PGradient=0;CPXPARAM_Simplex_Pricing=0;CPXPARAM_Simplex_Refactor=0
12609673953372001611,0,CPXPARAM_Advance=1;CPXPARAM_Barrier_Algorithm=0;CPXPARAM_Barrier_ColNonzeros=0;CPXPARAM_Barrier_Crossover=0;CPXPARAM_Barrier_Limits_Corrections=-1;CPXPARAM_Barrier_Ordering=0;CPXPARAM_Barrier_StartAlg=1;CPXPARAM_Emphasis_MIP=0;CPXPARAM_Emphasis_Memory=0;CPXPARAM_Emphasis_Numerical=0;CPXPARAM_Feasopt_Mode=0;CPXPARAM_LPMethod=0;CPXPARAM_MIP_Cuts_Cliques=3;CPXPARAM_MIP_Cuts_Covers=0;CPXPARAM_MIP_Cuts_Disjunctive=-1;CPXPARAM_MIP_Cuts_FlowCovers=-1;CPXPARAM_MIP_Cuts_GUBCovers=1;CPXPARAM_MIP_Cuts_Gomory=-1;CPXPARAM_MIP_Cuts_Implied=0;CPXPARAM_MIP_Cuts_MIRCut=1;CPXPARAM_MIP_Cuts_PathCut=-1;CPXPARAM_MIP_Limits_AggForCut=3;CPXPARAM_MIP_Limits_CutPasses=0;CPXPARAM_MIP_Limits_CutsFactor=-1;CPXPARAM_MIP_Limits_GomoryCand=10;CPXPARAM_MIP_Limits_GomoryPass=0;CPXPARAM_MIP_Limits_Nodes=9223372036800000000;CPXPARAM_MIP_Limits_ProbeTime=1e+75;CPXPARAM_MIP_Limits_RepairTries=0;CPXPARAM_MIP_Limits_StrongCand=10;CPXPARAM_MIP_Limits_StrongIt=0;CPXPARAM_MIP_OrderType=0;CPXPARAM_MIP_Strategy_BBInterval=7;CPXPARAM_MIP_Strategy_Branch=0;CPXPARAM_MIP_Strategy_Dive=0;CPXPARAM_MIP_Strategy_File=1;CPXPARAM_MIP_Strategy_HeuristicFreq=0;CPXPARAM_MIP_Strategy_LBHeur=0;CPXPARAM_MIP_Strategy_NodeSelect=3;CPXPARAM_MIP_Strategy_Order=1;CPXPARAM_MIP_Strategy_PresolveNode=-1;CPXPARAM_MIP_Strategy_Probe=3;CPXPARAM_MIP_Strategy_RINSHeur=0;CPXPARAM_MIP_Strategy_StartAlgorithm=0;CPXPARAM_MIP_Strategy_SubAlgorithm=0;CPXPARAM_MIP_Strategy_VariableSelect=4;CPXPARAM_Network_NetFind=2;CPXPARAM_Network_Pricing=0;CPXPARAM_Parallel=1;CPXPARAM_Preprocessing_Aggregator=-1;CPXPARAM_Preprocessing_BoundStrength=-1;CPXPARAM_Preprocessing_CoeffReduce=-1;CPXPARAM_Preprocessing_Dependency=-1;CPXPARAM_Preprocessing_Dual=0;CPXPARAM_Preprocessing_Fill=10;CPXPARAM_Preprocessing_NumPass=-1;CPXPARAM_Preprocessing_Presolve=1;CPXPARAM_Preprocessing_QPMakePSD=1;CPXPARAM_Preprocessing_Reduce=2;CPXPARAM_Preprocessing_Relax=-1;CPXPARAM_Preprocessing_RepeatPresolve=-1;CPXPARAM_Preprocessing_Symmetry=-1;CPXPARAM_Read_Scale=1;CPXPARAM_Sifting_Algorithm=0;CPXPARAM_Simplex_Crash=1;CPXPARAM_Simplex_DGradient=0;CPXPARAM_Simplex_Limits_Perturbation=0;CPXPARAM_Simplex_Limits_Singularity=10;CPXPARAM_Simplex_PGradient=0;CPXPARAM_Simplex_Pricing=0;CPXPARAM_Simplex_Refactor=0
16888323160232033043,0,CPXPARAM_Advance=1;CPXPARAM_Barrier_Algorithm=0;CPXPARAM_Barrier_ColNonzeros=0;CPXPARAM_Barrier_Crossover=0;CPXPARAM_Barrier_Limits_Corrections=-1;CPXPARAM_Barrier_Ordering=0;CPXPARAM_Barrier_StartAlg=1;CPXPARAM_Emphasis_MIP=0;CPXPARAM_Emphasis_Memory=0;CPXPARAM_Emphasis_Numerical=0;CPXPARAM_Feasopt_Mode=0;CPXPARAM_LPMethod=0;CPXPARAM_MIP_Cuts_Cliques=3;CPXPARAM_MIP_Cuts_Covers=0;CPXPARAM_MIP_Cuts_Disjunctive=-1;CPXPARAM_MIP_Cuts_FlowCovers=-1;CPXPARAM_MIP_Cuts_GUBCovers=1;CPXPARAM_MIP_Cuts_Gomory=-1;CPXPARAM_MIP_Cuts_Implied=0;CPXPARAM_MIP_Cuts_MIRCut=1;CPXPARAM_MIP_Cuts_PathCut=-1;CPXPARAM_MIP_Limits_AggForCut=3;CPXPARAM_MIP_Limits_CutPasses=0;CPXPARAM_MIP_Limits_CutsFactor=-1;CPXPARAM_MIP_Limits_GomoryCand=10;CPXPARAM_MIP_Limits_GomoryPass=0;CPXPARAM_MIP_Limits_Nodes=9223372036800000000;CPXPARAM_MIP_Limits_ProbeTime=1e+75;CPXPARAM_MIP_Limits_RepairTries=0;CPXPARAM_MIP_Limits_StrongCand=10;CPXPARAM_MIP_Limits_StrongIt=0;CPXPARAM_MIP_OrderType=0;CPXPARAM_MIP_Strategy_BBInterval=7;CPXPARAM_MIP_Strategy_Branch=0;CPXPARAM_MIP_Strategy_Dive=0;CPXPARAM_MIP_Strategy_File=1;CPXPARAM_MIP_Strategy_HeuristicFreq=0;CPXPARAM_MIP_Strategy_LBHeur=0;CPXPARAM_MIP_Strategy_NodeSelect=3;CPXPARAM_MIP_Strategy_Order=1;CPXPARAM_MIP_Strategy_PresolveNode=-1;CPXPARAM_MIP_Strategy_Probe=3;CPXPARAM_MIP_Strategy_RINSHeur=0;CPXPARAM_MIP_Strategy_StartAlgorithm=0;CPXPARAM_MIP_Strategy_SubAlgorithm=0;CPXPARAM_MIP_Strategy_VariableSelect=4;CPXPARAM_Network_NetFind=2;CPXPARAM_Network_Pricing=0;CPXPARAM_Parallel=1;CPXPARAM_Preprocessing_Aggregator=-1;CPXPARAM_Preprocessing_BoundStrength=-1;CPXPARAM_Preprocessing_CoeffReduce=-1;CPXPARAM_Preprocessing_Dependency=-1;CPXPARAM_Preprocessing_Dual=0;CPXPARAM_Preprocessing_Fill=40;CPXPARAM_Preprocessing_NumPass=-1;CPXPARAM_Preprocessing_Presolve=1;CPXPARAM_Preprocessing_QPMakePSD=1;CPXPARAM_Preprocessing_Reduce=2;CPXPARAM_Preprocessing_Relax=-1;CPXPARAM_Preprocessing_RepeatPresolve=-1;CPXPARAM_Preprocessing_Symmetry=-1;CPXPARAM_Read_Scale=1;CPXPARAM_Sifting_Algorithm=0;CPXPARAM_Simplex_Crash=1;CPXPARAM_Simplex_DGradient=0;CPXPARAM_Simplex_Limits_Perturbation=0;CPXPARAM_Simplex_Limits_Singularity=10;CPXPARAM_Simplex_PGradient=0;CPXPARAM_Simplex_Pricing=0;CPXPARAM_Simplex_Refactor=0
8236183027770844060,0,CPXPARAM_Advance=1;CPXPARAM_Barrier_Algorithm=0;CPXPARAM_Barrier_ColNonzeros=0;CPXPARAM_Barrier_Crossover=0;CPXPARAM_Barrier_Limits_Corrections=-1;CPXPARAM_Barrier_Ordering=0;CPXPARAM_Barrier_StartAlg=1;CPXPARAM_Emphasis_MIP=1;CPXPARAM_Emphasis_Memory=0;CPXPARAM_Emphasis_Numerical=0;CPXPARAM_Feasopt_Mode=0;CPXPARAM_LPMethod=0;CPXPARAM_MIP_Cuts_Cliques=-1;CPXPARAM_MIP_Cuts_Covers=2;CPXPARAM_MIP_Cuts_Disjunctive=1;CPXPARAM_MIP_Cuts_FlowCovers=0;CPXPARAM_MIP_Cuts_GUBCovers=-1;CPXPARAM_MIP_Cuts_Gomory=0;CPXPARAM_MIP_Cuts_Implied=0;CPXPARAM_MIP_Cuts_MIRCut=0;CPXPARAM_MIP_Cuts_PathCut=-1;CPXPARAM_MIP_Limits_AggForCut=10;CPXPARAM_MIP_Limits_CutPasses=0;CPXPARAM_MIP_Limits_CutsFactor=-1;CPXPARAM_MIP_Limits_GomoryCand=800;CPXPARAM_MIP_Limits_GomoryPass=0;CPXPARAM_MIP_Limits_Nodes=9223372036800000000;CPXPARAM_MIP_Limits_ProbeTime=1e+75;CPXPARAM_MIP_Limits_RepairTries=0;CPXPARAM_MIP_Limits_StrongCand=10;CPXPARAM_MIP_Limits_StrongIt=0;CPXPARAM_MIP_OrderType=3;CPXPARAM_MIP_Strategy_BBInterval=7;CPXPARAM_MIP_Strategy_Branch=1;CPXPARAM_MIP_Strategy_Dive=0;CPXPARAM_MIP_Strategy_File=1;CPXPARAM_MIP_Strategy_HeuristicFreq=0;CPXPARAM_MIP_Strategy_LBHeur=0;CPXPARAM_MIP_Strategy_NodeSelect=0;CPXPARAM_MIP_Strategy_Order=1;CPXPARAM_MIP_Strategy_PresolveNode=1;CPXPARAM_MIP_Strategy_Probe=0;CPXPARAM_MIP_Strategy_RINSHeur=0;CPXPARAM_MIP_Strategy_StartAlgorithm=0;CPXPARAM_MIP_Strategy_SubAlgorithm=4;CPXPARAM_MIP_Strategy_VariableSelect=0;CPXPARAM_Network_NetFind=2;CPXPARAM_Network_Pricing=0;CPXPARAM_Parallel=1;CPXPARAM_Preprocessing_Aggregator=-1;CPXPARAM_Preprocessing_BoundStrength=-1;CPXPARAM_Preprocessing_CoeffReduce=-1;CPXPARAM_Preprocessing_Dependency=-1;CPXPARAM_Preprocessing_Dual=0;CPXPARAM_Preprocessing_Fill=2;CPXPARAM_Preprocessing_NumPass=-1;CPXPARAM_Preprocessing_Presolve=1;CPXPARAM_Preprocessing_QPMakePSD=1;CPXPARAM_Preprocessing_Reduce=3;CPXPARAM_Preprocessing_Relax=-1;CPXPARAM_Preprocessing_RepeatPresolve=-1;CPXPARAM_Preprocessing_Symmetry=-1;CPXPARAM_Read_Scale=1;CPXPARAM_Sifting_Algorithm=0;CPXPARAM_Simplex_Crash=1;CPXPARAM_Simplex_DGradient=0;CPXPARAM_Simplex_Limits_Perturbation=0;CPXPARAM_Simplex_Limits_Singularity=10;CPXPARAM_Simplex_PGradient=0;CPXPARAM_Simplex_Pricing=0;CPXPARAM_Simplex_Refactor=0
7096572956775007680,0,CPXPARAM_Advance=1;CPXPARAM_Barrier_Algorithm=0;CPXPARAM_Barrier_ColNonzeros=0;CPXPARAM_Barrier_Crossover=0;CPXPARAM_Barrier_Limits_Corrections=-1;CPXPARAM_Barrier_Ordering=0;CPXPARAM_Barrier_StartAlg=1;CPXPARAM_Emphasis_MIP=4;CPXPARAM_Emphasis_Memory=0;CPXPARAM_Emphasis_Numerical=0;CPXPARAM_Feasopt_Mode=0;CPXPARAM_LPMethod=0;CPXPARAM_MIP_Cuts_Cliques=2;CPXPARAM_MIP_Cuts_Covers=1;CPXPARAM_MIP_Cuts_Disjunctive=-1;CPXPARAM_MIP_Cuts_FlowCovers=-1;CPXPARAM_MIP_Cuts_GUBCovers=2;CPXPARAM_MIP_Cuts_Gomory=0;CPXPARAM_MIP_Cuts_Implied=0;CPXPARAM_MIP_Cuts_MIRCut=-1;CPXPARAM_MIP_Cuts_PathCut=0;CPXPARAM_MIP_Limits_AggForCut=10;CPXPARAM_MIP_Limits_CutPasses=0;CPXPARAM_MIP_Limits_CutsFactor=-1;CPXPARAM_MIP_Limits_GomoryCand=10;CPXPARAM_MIP_Limits_GomoryPass=0;CPXPARAM_MIP_Limits_Nodes=9223372036800000000;CPXPARAM_MIP_Limits_ProbeTime=1e+75;CPXPARAM_MIP_Limits_RepairTries=0;CPXPARAM_MIP_Limits_StrongCand=10;CPXPARAM_MIP_Limits_StrongIt=0;CPXPARAM_MIP_OrderType=1;CPXPARAM_MIP_Strategy_BBInterval=7;CPXPARAM_MIP_Strategy_Branch=1;CPXPARAM_MIP_Strategy_Dive=0;CPXPARAM_MIP_Strategy_File=1;CPXPARAM_MIP_Strategy_HeuristicFreq=0;CPXPARAM_MIP_Strategy_LBHeur=0;CPXPARAM_MIP_Strategy_NodeSelect=3;CPXPARAM_MIP_Strategy_Order=1;CPXPARAM_MIP_Strategy_PresolveNode=-1;CPXPARAM_MIP_Strategy_Probe=1;CPXPARAM_MIP_Strategy_RINSHeur=0;CPXPARAM_MIP_Strategy_StartAlgorithm=0;CPXPARAM_MIP_Strategy_SubAlgorithm=2;CPXPARAM_MIP_Strategy_VariableSelect=-1;CPXPARAM_Network_NetFind=2;CPXPARAM_Network_Pricing=0;CPXPARAM_Parallel=1;CPXPARAM_Preprocessing_Aggregator=-1;CPXPARAM_Preprocessing_BoundStrength=-1;CPXPARAM_Preprocessing_CoeffReduce=-1;CPXPARAM_Preprocessing_Dependency=-1;CPXPARAM_Preprocessing_Dual=0;CPXPARAM_Preprocessing_Fill=20;CPXPARAM_Preprocessing_NumPass=-1;CPXPARAM_Preprocessing_Presolve=1;CPXPARAM_Preprocessing_QPMakePSD=1;CPXPARAM_Preprocessing_Reduce=2;CPXPARAM_Preprocessing_Relax=-1;CPXPARAM_Preprocessing_RepeatPresolve=-1;CPXPARAM_Preprocessing_Symmetry=-1;CPXPARAM_Read_Scale=0;CPXPARAM_Sifting_Algorithm=0;CPXPARAM_Simplex_Crash=1;CPXPARAM_Simplex_DGradient=0;CPXPARAM_Simplex_Limits_Perturbation=0;CPXPARAM_Simplex_Limits_Singularity=10;CPXPARAM_Simplex_PGradient=0;CPXPARAM_Simplex_Pricing=0;CPXPARAM_Simplex_Refactor=0
5109499996245402207,0,CPXPARAM_Advance=1;CPXPARAM_Barrier_Algorithm=0;CPXPARAM_Barrier_ColNonzeros=0;CPXPARAM_Barrier_Crossover=0;CPXPARAM_Barrier_Limits_Corrections=-1;CPXPARAM_Barrier_Ordering=0;CPXPARAM_Barrier_StartAlg=1;CPXPARAM_Emphasis_MIP=4;CPXPARAM_Emphasis_Memory=0;CPXPARAM_Emphasis_Numerical=0;CPXPARAM_Feasopt_Mode=0;CPXPARAM_LPMethod=0;CPXPARAM_MIP_Cuts_Cliques=0;CPXPARAM_MIP_Cuts_Covers=1;CPXPARAM_MIP_Cuts_Disjunctive=0;CPXPARAM_MIP_Cuts_FlowCovers=2;CPXPARAM_MIP_Cuts_GUBCovers=2;CPXPARAM_MIP_Cuts_Gomory=0;CPXPARAM_MIP_Cuts_Implied=2;CPXPARAM_MIP_Cuts_MIRCut=-1;CPXPARAM_MIP_Cuts_PathCut=1;CPXPARAM_MIP_Limits_AggForCut=3;CPXPARAM_MIP_Limits_CutPasses=0;CPXPARAM_MIP_Limits_CutsFactor=-1;CPXPARAM_MIP_Limits_GomoryCand=150;CPXPARAM_MIP_Limits_GomoryPass=0;CPXPARAM_MIP_Limits_Nodes=9223372036800000000;CPXPARAM_MIP_Limits_ProbeTime=1e+75;CPXPARAM_MIP_Limits_RepairTries=0;CPXPARAM_MIP_Limits_StrongCand=10;CPXPARAM_MIP_Limits_StrongIt=0;CPXPARAM_MIP_OrderType=0;CPXPARAM_MIP_Strategy_BBInterval=7;CPXPARAM_MIP_Strategy_Branch=0;CPXPARAM_MIP_Strategy_Dive=0;CPXPARAM_MIP_Strategy_File=1;CPXPARAM_MIP_Strategy_HeuristicFreq=0;CPXPARAM_MIP_Strategy_LBHeur=0;CPXPARAM_MIP_Strategy_NodeSelect=1;CPXPARAM_MIP_Strategy_Order=1;CPXPARAM_MIP_Strategy_PresolveNode=0;CPXPARAM_MIP_Strategy_Probe=0;CPXPARAM_MIP_Strategy_RINSHeur=0;CPXPARAM_MIP_Strategy_StartAlgorithm=0;CPXPARAM_MIP_Strategy_SubAlgorithm=0;CPXPARAM_MIP_Strategy_VariableSelect=0;CPXPARAM_Network_NetFind=2;CPXPARAM_Network_Pricing=0;CPXPARAM_Parallel=1;CPXPARAM_Preprocessing_Aggregator=-1;CPXPARAM_Preprocessing_BoundStrength=-1;CPXPARAM_Preprocessing_CoeffReduce=-1;CPXPARAM_Preprocessing_Dependency=-1;CPXPARAM_Preprocessing_Dual=0;CPXPARAM_Preprocessing_Fill=10;CPXPARAM_Preprocessing_NumPass=-1;CPXPARAM_Preprocessing_Presolve=1;CPXPARAM_Preprocessing_QPMakePSD=1;CPXPARAM_Preprocessing_Reduce=3;CPXPARAM_Preprocessing_Relax=-1;CPXPARAM_Preprocessing_RepeatPresolve=-1;CPXPARAM_Preprocessing_Symmetry=-1;CPXPARAM_Read_Scale=0;CPXPARAM_Sifting_Algorithm=0;CPXPARAM_Simplex_Crash=1;CPXPARAM_Simplex_DGradient=0;CPXPARAM_Simplex_Limits_Perturbation=0;CPXPARAM_Simplex_Limits_Singularity=10;CPXPARAM_Simplex_PGradient=0;CPXPARAM_Simplex_Pricing=0;CPXPARAM_Simplex_Refactor=0
9802368603926966767,0,CPXPARAM_Advance=1;CPXPARAM_Barrier_Algorithm=0;CPXPARAM_Barrier_ColNonzeros=0;CPXPARAM_Barrier_Crossover=0;CPXPARAM_Barrier_Limits_Corrections=-1;CPXPARAM_Barrier_Ordering=0;CPXPARAM_Barrier_StartAlg=1;CPXPARAM_Emphasis_MIP=4;CPXPARAM_Emphasis_Memory=0;CPXPARAM_Emphasis_Numerical=0;CPXPARAM_Feasopt_Mode=0;CPXPARAM_LPMethod=0;CPXPARAM_MIP_Cuts_Cliques=0;CPXPARAM_MIP_Cuts_Covers=1;CPXPARAM_MIP_Cuts_Disjunctive=0;CPXPARAM_MIP_Cuts_FlowCovers=2;CPXPARAM_MIP_Cuts_GUBCovers=2;CPXPARAM_MIP_Cuts_Gomory=0;CPXPARAM_MIP_Cuts_Implied=0;CPXPARAM_MIP_Cuts_MIRCut=-1;CPXPARAM_MIP_Cuts_PathCut=1;CPXPARAM_MIP_Limits_AggForCut=3;CPXPARAM_MIP_Limits_CutPasses=0;CPXPARAM_MIP_Limits_CutsFactor=-1;CPXPARAM_MIP_Limits_GomoryCand=150;CPXPARAM_MIP_Limits_GomoryPass=0;CPXPARAM_MIP_Limits_Nodes=9223372036800000000;CPXPARAM_MIP_Limits_ProbeTime=1e+75;CPXPARAM_MIP_Limits_RepairTries=0;CPXPARAM_MIP_Limits_StrongCand=10;CPXPARAM_MIP_Limits_StrongIt=0;CPXPARAM_MIP_OrderType=0;CPXPARAM_MIP_Strategy_BBInterval=7;CPXPARAM_MIP_Strategy_Branch=0;CPXPARAM_MIP_Strategy_Dive=0;CPXPARAM_MIP_Strategy_File=1;CPXPARAM_MIP_Strategy_HeuristicFreq=0;CPXPARAM_MIP_Strategy_LBHeur=0;CPXPARAM_MIP_Strategy_NodeSelect=1;CPXPARAM_MIP_Strategy_Order=1;CPXPARAM_MIP_Strategy_PresolveNode=0;CPXPARAM_MIP_Strategy_Probe=0;CPXPARAM_MIP_Strategy_RINSHeur=0;CPXPARAM_MIP_Strategy_StartAlgorithm=0;CPXPARAM_MIP_Strategy_SubAlgorithm=0;CPXPARAM_MIP_Strategy_VariableSelect=0;CPXPARAM_Network_NetFind=2;CPXPARAM_Network_Pricing=0;CPXPARAM_Parallel=1;CPXPARAM_Preprocessing_Aggregator=-1;CPXPARAM_Preprocessing_BoundStrength=-1;CPXPARAM_Preprocessing_CoeffReduce=-1;CPXPARAM_Preprocessing_Dependency=-1;CPXPARAM_Preprocessing_Dual=0;CPXPARAM_Preprocessing_Fill=10;CPXPARAM_Preprocessing_NumPass=-1;CPXPARAM_Preprocessing_Presolve=1;CPXPARAM_Preprocessing_QPMakePSD=1;CPXPARAM_Preprocessing_Reduce=3;CPXPARAM_Preprocessing_Relax=-1;CPXPARAM_Preprocessing_RepeatPresolve=-1;CPXPARAM_Preprocessing_Symmetry=-1;CPXPARAM_Read_Scale=-1;CPXPARAM_Sifting_Algorithm=0;CPXPARAM_Simplex_Crash=1;CPXPARAM_Simplex_DGradient=0;CPXPARAM_Simplex_Limits_Perturbation=0;CPXPARAM_Simplex_Limits_Singularity=10;CPXPARAM_Simplex_PGradient=0;CPXPARAM_Simplex_Pricing=0;CPXPARAM_Simplex_Refactor=0
5197979258980136823,0,CPXPARAM_Advance=1;CPXPARAM_Barrier_Algorithm=0;CPXPARAM_Barrier_ColNonzeros=0;CPXPARAM_Barrier_Crossover=0;CPXPARAM_Barrier_Limits_Corrections=-1;CPXPARAM_Barrier_Ordering=0;CPXPARAM_Barrier_StartAlg=1;CPXPARAM_Emphasis_MIP=4;CPXPARAM_Emphasis_Memory=0;CPXPARAM_Emphasis_Numerical=0;CPXPARAM_Feasopt_Mode=0;CPXPARAM_LPMethod=0;CPXPARAM_MIP_Cuts_Cliques=0;CPXPARAM_MIP_Cuts_Covers=1;CPXPARAM_MIP_Cuts_Disjunctive=0;CPXPARAM_MIP_Cuts_FlowCovers=2;CPXPARAM_MIP_Cuts_GUBCovers=2;CPXPARAM_MIP_Cuts_Gomory=0;CPXPARAM_MIP_Cuts_Implied=1;CPXPARAM_MIP_Cuts_MIRCut=-1;CPXPARAM_MIP_Cuts_PathCut=1;CPXPARAM_MIP_Limits_AggForCut=3;CPXPARAM_MIP_Limits_CutPasses=0;CPXPARAM_MIP_Limits_CutsFactor=-1;CPXPARAM_MIP_Limits_GomoryCand=150;CPXPARAM_MIP_Limits_GomoryPass=0;CPXPARAM_MIP_Limits_Nodes=9223372036800000000;CPXPARAM_MIP_Limits_ProbeTime=1e+75;CPXPARAM_MIP_Limits_RepairTries=0;CPXPARAM_MIP_Limits_StrongCand=10;CPXPARAM_MIP_Limits_StrongIt=0;CPXPARAM_MIP_OrderType=0;CPXPARAM_MIP_Strategy_BBInterval=7;CPXPARAM_MIP_Strategy_Branch=0;CPXPARAM_MIP_Strategy_Dive=0;CPXPARAM_MIP_Strategy_File=1;CPXPARAM_MIP_Strategy_HeuristicFreq=0;CPXPARAM_MIP_Strategy_LBHeur=0;CPXPARAM_MIP_Strategy_NodeSelect=1;CPXPARAM_MIP_Strategy_Order=1;CPXPARAM_MIP_Strategy_PresolveNode=0;CPXPARAM_MIP_Strategy_Probe=0;CPXPARAM_MIP_Strategy_RINSHeur=0;CPXPARAM_MIP_Strategy_StartAlgorithm=0;CPXPARAM_MIP_Strategy_SubAlgorithm=0;CPXPARAM_MIP_Strategy_VariableSelect=0;CPXPARAM_Network_NetFind=2;CPXPARAM_Network_Pricing=0;CPXPARAM_Parallel=1;CPXPARAM_Preprocessing_Aggregator=-1;CPXPARAM_Preprocessing_BoundStrength=-1;CPXPARAM_Preprocessing_CoeffReduce=-1;CPXPARAM_Preprocessing_Dependency=-1;CPXPARAM_Preprocessing_Dual=0;CPXPARAM_Preprocessing_Fill=10;CPXPARAM_Preprocessing_NumPass=-1;CPXPARAM_Preprocessing_Presolve=1;CPXPARAM_Preprocessing_QPMakePSD=1;CPXPARAM_Preprocessing_Reduce=3;CPXPARAM_Preprocessing_Relax=-1;CPXPARAM_Preprocessing_RepeatPresolve=-1;CPXPARAM_Preprocessing_Symmetry=-1;CPXPARAM_Read_Scale=0;CPXPARAM_Sifting_Algorithm=0;CPXPARAM_Simplex_Crash=1;CPXPARAM_Simplex_DGradient=0;CPXPARAM_Simplex_Limits_Perturbation=0;CPXPARAM_Simplex_Limits_Singularity=10;CPXPARAM_Simplex_PGradient=0;CPXPARAM_Simplex_Pricing=0;CPXPARAM_Simplex_Refactor=0
16572037999954278138,0,CPXPARAM_Advance=1;CPXPARAM_Barrier_Algorithm=0;CPXPARAM_Barrier_ColNonzeros=0;CPXPARAM_Barrier_Crossover=0;CPXPARAM_Barrier_Limits_Corrections=-1;CPXPARAM_Barrier_Ordering=0;CPXPARAM_Barrier_StartAlg=1;CPXPARAM_Emphasis_MIP=4;CPXPARAM_Emphasis_Memory=0;CPXPARAM_Emphasis_Numerical=0;CPXPARAM_Feasopt_Mode=0;CPXPARAM_LPMethod=0;CPXPARAM_MIP_Cuts_Cliques=0;CPXPARAM_MIP_Cuts_Covers=1;CPXPARAM_MIP_Cuts_Disjunctive=0;CPXPARAM_MIP_Cuts_FlowCovers=2;CPXPARAM_MIP_Cuts_GUBCovers=2;CPXPARAM_MIP_Cuts_Gomory=0;CPXPARAM_MIP_Cuts_Implied=0;CPXPARAM_MIP_Cuts_MIRCut=-1;CPXPARAM_MIP_Cuts_PathCut=1;CPXPARAM_MIP_Limits_AggForCut=3;CPXPARAM_MIP_Limits_CutPasses=0;CPXPARAM_MIP_Limits_CutsFactor=-1;CPXPARAM_MIP_Limits_GomoryCand=150;CPXPARAM_MIP_Limits_GomoryPass=0;CPXPARAM_MIP_Limits_Nodes=9223372036800000000;CPXPARAM_MIP_Limits_ProbeTime=1e+75;CPXPARAM_MIP_Limits_RepairTries=0;CPXPARAM_MIP_Limits_StrongCand=10;CPXPARAM_MIP_Limits_StrongIt=0;CPXPARAM_MIP_OrderType=0;CPXPARAM_MIP_Strategy_BBInterval=7;CPXPARAM_MIP_Strategy_Branch=0;CPXPARAM_MIP_Strategy_Dive=0;CPXPARAM_MIP_Strategy_File=1;CPXPARAM_MIP_Strategy_HeuristicFreq=0;CPXPARAM_MIP_Strategy_LBHeur=0;CPXPARAM_MIP_Strategy_NodeSelect=1;CPXPARAM_MIP_Strategy_Order=1;CPXPARAM_MIP_Strategy_PresolveNode=-1;CPXPARAM_MIP_Strategy_Probe=0;CPXPARAM_MIP_Strategy_RINSHeur=0;CPXPARAM_MIP_Strategy_StartAlgorithm=0;CPXPARAM_MIP_Strategy_SubAlgorithm=0;CPXPARAM_MIP_Strategy_VariableSelect=0;CPXPARAM_Network_NetFind=2;CPXPARAM_Network_Pricing=0;CPXPARAM_Parallel=1;CPXPARAM_Preprocessing_Aggregator=-1;CPXPARAM_Preprocessing_BoundStrength=-1;CPXPARAM_Preprocessing_CoeffReduce=-1;CPXPARAM_Preprocessing_Dependency=-1;CPXPARAM_Preprocessing_Dual=0;CPXPARAM_Preprocessing_Fill=10;CPXPARAM_Preprocessing_NumPass=-1;CPXPARAM_Preprocessing_Presolve=1;CPXPARAM_Preprocessing_QPMakePSD=1;CPXPARAM_Preprocessing_Reduce=3;CPXPARAM_Preprocessing_Relax=-1;CPXPARAM_Preprocessing_RepeatPresolve=-1;CPXPARAM_Preprocessing_Symmetry=-1;CPXPARAM_Read_Scale=0;CPXPARAM_Sifting_Algorithm=0;CPXPARAM_Simplex_Crash=1;CPXPARAM_Simplex_DGradient=0;CPXPARAM_Simplex_Limits_Perturbation=0;CPXPARAM_Simplex_Limits_Singularity=10;CPXPARAM_Simplex_PGradient=0;CPXPARAM_Simplex_Pricing=0;CPXPARAM_Simplex_Refactor=0
7998485682698562707,0,CPXPARAM_Advance=1;CPXPARAM_Barrier_Algorithm=0;CPXPARAM_Barrier_ColNonzeros=0;CPXPARAM_Barrier_Crossover=0;CPXPARAM_Barrier_Limits_Corrections=-1;CPXPARAM_Barrier_Ordering=0;CPXPARAM_Barrier_StartAlg=1;CPXPARAM_Emphasis_MIP=5;CPXPARAM_Emphasis_Memory=0;CPXPARAM_Emphasis_Numerical=0;CPXPARAM_Feasopt_Mode=0;CPXPARAM_LPMethod=0;CPXPARAM_MIP_Cuts_Cliques=-1;CPXPARAM_MIP_Cuts_Covers=3;CPXPARAM_MIP_Cuts_Disjunctive=-1;CPXPARAM_MIP_Cuts_FlowCovers=-1;CPXPARAM_MIP_Cuts_GUBCovers=0;CPXPARAM_MIP_Cuts_Gomory=1;CPXPARAM_MIP_Cuts_Implied=1;CPXPARAM_MIP_Cuts_MIRCut=-1;CPXPARAM_MIP_Cuts_PathCut=2;CPXPARAM_MIP_Limits_AggForCut=2;CPXPARAM_MIP_Limits_CutPasses=0;CPXPARAM_MIP_Limits_CutsFactor=-1;CPXPARAM_MIP_Limits_GomoryCand=400;CPXPARAM_MIP_Limits_GomoryPass=0;CPXPARAM_MIP_Limits_Nodes=9223372036800000000;CPXPARAM_MIP_Limits_ProbeTime=1e+75;CPXPARAM_MIP_Limits_RepairTries=0;CPXPARAM_MIP_Limits_StrongCand=10;CPXPARAM_MIP_Limits_StrongIt=0;CPXPARAM_MIP_OrderType=1;CPXPARAM_MIP_Strategy_BBInterval=7;CPXPARAM_MIP_Strategy_Branch=1;CPXPARAM_MIP_Strategy_Dive=0;CPXPARAM_MIP_Strategy_File=1;CPXPARAM_MIP_Strategy_HeuristicFreq=0;CPXPARAM_MIP_Strategy_LBHeur=0;CPXPARAM_MIP_Strategy_NodeSelect=1;CPXPARAM_MIP_Strategy_Order=1;CPXPARAM_MIP_Strategy_PresolveNode=0;CPXPARAM_MIP_Strategy_Probe=2;CPXPARAM_MIP_Strategy_RINSHeur=0;CPXPARAM_MIP_Strategy_StartAlgorithm=0;CPXPARAM_MIP_Strategy_SubAlgorithm=1;CPXPARAM_MIP_Strategy_VariableSelect=-1;CPXPARAM_Network_NetFind=2;CPXPARAM_Network_Pricing=0;CPXPARAM_Parallel=1;CPXPARAM_Preprocessing_Aggregator=-1;CPXPARAM_Preprocessing_BoundStrength=-1;CPXPARAM_Preprocessing_CoeffReduce=-1;CPXPARAM_Preprocessing_Dependency=-1;CPXPARAM_Preprocessing_Dual=0;CPXPARAM_Preprocessing_Fill=2;CPXPARAM_Preprocessing_NumPass=-1;CPXPARAM_Preprocessing_Presolve=1;CPXPARAM_Preprocessing_QPMakePSD=1;CPXPARAM_Preprocessing_Reduce=3;CPXPARAM_Preprocessing_Relax=-1;CPXPARAM_Preprocessing_RepeatPresolve=-1;CPXPARAM_Preprocessing_Symmetry=-1;CPXPARAM_Read_Scale=1;CPXPARAM_Sifting_Algorithm=0;CPXPARAM_Simplex_Crash=1;CPXPARAM_Simplex_DGradient=0;CPXPARAM_Simplex_Limits_Perturbation=0;CPXPARAM_Simplex_Limits_Singularity=10;CPXPARAM_Simplex_PGradient=0;CPXPARAM_Simplex_Pricing=0;CPXPARAM_Simplex_Refactor=0
1392629915728140056,0,CPXPARAM_Advance=1;CPXPARAM_Barrier_Algorithm=0;CPXPARAM_Barrier_ColNonzeros=0;CPXPARAM_Barrier_Crossover=0;CPXPARAM_Barrier_Limits_Corrections=-1;CPXPARAM_Barrier_Ordering=0;CPXPARAM_Barrier_StartAlg=1;CPXPARAM_Emphasis_MIP=4;CPXPARAM_Emphasis_Memory=0;CPXPARAM_Emphasis_Numerical=0;CPXPARAM_Feasopt_Mode=0;CPXPARAM_LPMethod=0;CPXPARAM_MIP_Cuts_Cliques=0;CPXPARAM_MIP_Cuts_Covers=1;CPXPARAM_MIP_Cuts_Disjunctive=0;CPXPARAM_MIP_Cuts_FlowCovers=2;CPXPARAM_MIP_Cuts_GUBCovers=2;CPXPARAM_MIP_Cuts_Gomory=0;CPXPARAM_MIP_Cuts_Implied=0;CPXPARAM_MIP_Cuts_MIRCut=-1;CPXPARAM_MIP_Cuts_PathCut=-1;CPXPARAM_MIP_Limits_AggForCut=3;CPXPARAM_MIP_Limits_CutPasses=0;CPXPARAM_MIP_Limits_CutsFactor=-1;CPXPARAM_MIP_Limits_GomoryCand=150;CPXPARAM_MIP_Limits_GomoryPass=0;CPXPARAM_MIP_Limits_Nodes=9223372036800000000;CPXPARAM_MIP_Limits_ProbeTime=1e+75;CPXPARAM_MIP_Limits_RepairTries=0;CPXPARAM_MIP_Limits_StrongCand=10;CPXPARAM_MIP_Limits_StrongIt=0;CPXPARAM_MIP_OrderType=0;CPXPARAM_MIP_Strategy_BBInterval=7;CPXPARAM_MIP_Strategy_Branch=0;CPXPARAM_MIP_Strategy_Dive=0;CPXPARAM_MIP_Strategy_File=1;CPXPARAM_MIP_Strategy_HeuristicFreq=0;CPXPARAM_MIP_Strategy_LBHeur=0;CPXPARAM_MIP_Strategy_NodeSelect=1;CPXPARAM_MIP_Strategy_Order=1;CPXPARAM_MIP_Strategy_PresolveNode=0;CPXPARAM_MIP_Strategy_Probe=0;CPXPARAM_MIP_Strategy_RINSHeur=0;CPXPARAM_MIP_Strategy_StartAlgorithm=0;CPXPARAM_MIP_Strategy_SubAlgorithm=0;CPXPARAM_MIP_Strategy_VariableSelect=0;CPXPARAM_Network_NetFind=2;CPXPARAM_Network_Pricing=0;CPXPARAM_Parallel=1;CPXPARAM_Preprocessing_Aggregator=-1;CPXPARAM_Preprocessing_BoundStrength=-1;CPXPARAM_Preprocessing_CoeffReduce=-1;CPXPARAM_Preprocessing_Dependency=-1;CPXPARAM_Preprocessing_Dual=0;CPXPARAM_Preprocessing_Fill=10;CPXPARAM_Preprocessing_NumPass=-1;CPXPARAM_Preprocessing_Presolve=1;CPXPARAM_Preprocessing_QPMakePSD=1;CPXPARAM_Preprocessing_Reduce=3;CPXPARAM_Preprocessing_Relax=-1;CPXPARAM_Preprocessing_RepeatPresolve=-1;CPXPARAM_Preprocessing_Symmetry=-1;CPXPARAM_Read_Scale=0;CPXPARAM_Sifting_Algorithm=0;CPXPARAM_Simplex_Crash=1;CPXPARAM_Simplex_DGradient=0;CPXPARAM_Simplex_Limits_Perturbation=0;CPXPARAM_Simplex_Limits_Singularity=10;CPXPARAM_Simplex_PGradient=0;CPXPARAM_Simplex_Pricing=0;CPXPARAM_Simplex_Refactor=0
9283325552582285888,0,CPXPARAM_Advance=1;CPXPARAM_Barrier_Algorithm=0;CPXPARAM_Barrier_ColNonzeros=0;CPXPARAM_Barrier_Crossover=0;CPXPARAM_Barrier_Limits_Corrections=-1;CPXPARAM_Barrier_Ordering=0;CPXPARAM_Barrier_StartAlg=1;CPXPARAM_Emphasis_MIP=4;CPXPARAM_Emphasis_Memory=0;CPXPARAM_Emphasis_Numerical=0;CPXPARAM_Feasopt_Mode=0;CPXPARAM_LPMethod=0;CPXPARAM_MIP_Cuts_Cliques=0;CPXPARAM_MIP_Cuts_Covers=1;CPXPARAM_MIP_Cuts_Disjunctive=0;CPXPARAM_MIP_Cuts_FlowCovers=2;CPXPARAM_MIP_Cuts_GUBCovers=2;CPXPARAM_MIP_Cuts_Gomory=0;CPXPARAM_MIP_Cuts_Implied=0;CPXPARAM_MIP_Cuts_MIRCut=-1;CPXPARAM_MIP_Cuts_PathCut=1;CPXPARAM_MIP_Limits_AggForCut=3;CPXPARAM_MIP_Limits_CutPasses=0;CPXPARAM_MIP_Limits_CutsFactor=-1;CPXPARAM_MIP_Limits_GomoryCand=800;CPXPARAM_MIP_Limits_GomoryPass=0;CPXPARAM_MIP_Limits_Nodes=9223372036800000000;CPXPARAM_MIP_Limits_ProbeTime=1e+75;CPXPARAM_MIP_Limits_RepairTries=0;CPXPARAM_MIP_Limits_StrongCand=10;CPXPARAM_MIP_Limits_StrongIt=0;CPXPARAM_MIP_OrderType=0;CPXPARAM_MIP_Strategy_BBInterval=7;CPXPARAM_MIP_Strategy_Branch=0;CPXPARAM_MIP_Strategy_Dive=0;CPXPARAM_MIP_Strategy_File=1;CPXPARAM_MIP_Strategy_HeuristicFreq=0;CPXPARAM_MIP_Strategy_LBHeur=0;CPXPARAM_MIP_Strategy_NodeSelect=1;CPXPARAM_MIP_Strategy_Order=1;CPXPARAM_MIP_Strategy_PresolveNode=0;CPXPARAM_MIP_Strategy_Probe=0;CPXPARAM_MIP_Strategy_RINSHeur=0;CPXPARAM_MIP_Strategy_StartAlgorithm=0;CPXPARAM_MIP_Strategy_SubAlgorithm=0;CPXPARAM_MIP_Strategy_VariableSelect=0;CPXPARAM_Network_NetFind=2;CPXPARAM_Network_Pricing=0;CPXPARAM_Parallel=1;CPXPARAM_Preprocessing_Aggregator=-1;CPXPARAM_Preprocessing_BoundStrength=-1;CPXPARAM_Preprocessing_CoeffReduce=-1;CPXPARAM_Preprocessing_Dependency=-1;CPXPARAM_Preprocessing_Dual=0;CPXPARAM_Preprocessing_Fill=10;CPXPARAM_Preprocessing_NumPass=-1;CPXPARAM_Preprocessing_Presolve=1;CPXPARAM_Preprocessing_QPMakePSD=1;CPXPARAM_Preprocessing_Reduce=3;CPXPARAM_Preprocessing_Relax=-1;CPXPARAM_Preprocessing_RepeatPresolve=-1;CPXPARAM_Preprocessing_Symmetry=-1;CPXPARAM_Read_Scale=0;CPXPARAM_Sifting_Algorithm=0;CPXPARAM_Simplex_Crash=1;CPXPARAM_Simplex_DGradient=0;CPXPARAM_Simplex_Limits_Perturbation=0;CPXPARAM_Simplex_Limits_Singularity=10;CPXPARAM_Simplex_PGradient=0;CPXPARAM_Simplex_Pricing=0;CPXPARAM_Simplex_Refactor=0
9961436983495625943,0,CPXPARAM_Advance=1;CPXPARAM_Barrier_Algorithm=0;CPXPARAM_Barrier_ColNonzeros=0;CPXPARAM_Barrier_Crossover=0;CPXPARAM_Barrier_Limits_Corrections=-1;CPXPARAM_Barrier_Ordering=0;CPXPARAM_Barrier_StartAlg=1;CPXPARAM_Emphasis_MIP=5;CPXPARAM_Emphasis_Memory=0;CPXPARAM_Emphasis_Numerical=0;CPXPARAM_Feasopt_Mode=0;CPXPARAM_LPMethod=0;CPXPARAM_MIP_Cuts_Cliques=0;CPXPARAM_MIP_Cuts_Covers=1;CPXPARAM_MIP_Cuts_Disjunctive=0;CPXPARAM_MIP_Cuts_FlowCovers=2;CPXPARAM_MIP_Cuts_GUBCovers=2;CPXPARAM_MIP_Cuts_Gomory=0;CPXPARAM_MIP_Cuts_Implied=0;CPXPARAM_MIP_Cuts_MIRCut=-1;CPXPARAM_MIP_Cuts_PathCut=1;CPXPARAM_MIP_Limits_AggForCut=3;CPXPARAM_MIP_Limits_CutPasses=0;CPXPARAM_MIP_Limits_CutsFactor=-1;CPXPARAM_MIP_Limits_GomoryCand=150;CPXPARAM_MIP_Limits_GomoryPass=0;CPXPARAM_MIP_Limits_Nodes=9223372036800000000;CPXPARAM_MIP_Limits_ProbeTime=1e+75;CPXPARAM_MIP_Limits_RepairTries=0;CPXPARAM_MIP_Limits_StrongCand=10;CPXPARAM_MIP_Limits_StrongIt=0;CPXPARAM_MIP_OrderType=0;CPXPARAM_MIP_Strategy_BBInterval=7;CPXPARAM_MIP_Strategy_Branch=0;CPXPARAM_MIP_Strategy_Dive=0;CPXPARAM_MIP_Strategy_File=1;CPXPARAM_MIP_Strategy_HeuristicFreq=0;CPXPARAM_MIP_Strategy_LBHeur=0;CPXPARAM_MIP_Strategy_NodeSelect=1;CPXPARAM_MIP_Strategy_Order=1;CPXPARAM_MIP_Strategy_PresolveNode=0;CPXPARAM_MIP_Strategy_Probe=0;CPXPARAM_MIP_Strategy_RINSHeur=0;CPXPARAM_MIP_Strategy_StartAlgorithm=0;CPXPARAM_MIP_Strategy_SubAlgorithm=0;CPXPARAM_MIP_Strategy_VariableSelect=0;CPXPARAM_Network_NetFind=2;CPXPARAM_Network_Pricing=0;CPXPARAM_Parallel=1;CPXPARAM_Preprocessing_Aggregator=-1;CPXPARAM_Preprocessing_BoundStrength=-1;CPXPARAM_Preprocessing_CoeffReduce=-1;CPXPARAM_Preprocessing_Dependency=-1;CPXPARAM_Preprocessing_Dual=0;CPXPARAM_Preprocessing_Fill=10;CPXPARAM_Preprocessing_NumPass=-1;CPXPARAM_Preprocessing_Presolve=1;CPXPARAM_Preprocessing_QPMakePSD=1;CPXPARAM_Preprocessing_Reduce=3;CPXPARAM_Preprocessing_Relax=-1;CPXPARAM_Preprocessing_RepeatPresolve=-1;CPXPARAM_Preprocessing_Symmetry=-1;CPXPARAM_Read_Scale=0;CPXPARAM_Sifting_Algorithm=0;CPXPARAM_Simplex_Crash=1;CPXPARAM_Simplex_DGradient=0;CPXPARAM_Simplex_Limits_Perturbation=0;CPXPARAM_Simplex_Limits_Singularity=10;CPXPARAM_Simplex_PGradient=0;CPXPARAM_Simplex_Pricing=0;CPXPARAM_Simplex_Refactor=0
11444285557810627890,0,CPXPARAM_Advance=1;CPXPARAM_Barrier_Algorithm=0;CPXPARAM_Barrier_ColNonzeros=0;CPXPARAM_Barrier_Crossover=0;CPXPARAM_Barrier_Limits_Corrections=-1;CPXPARAM_Barrier_Ordering=0;CPXPARAM_Barrier_StartAlg=1;CPXPARAM_Emphasis_MIP=2;CPXPARAM_Emphasis_Memory=0;CPXPARAM_Emphasis_Numerical=0;CPXPARAM_Feasopt_Mode=0;CPXPARAM_LPMethod=0;CPXPARAM_MIP_Cuts_Cliques=-1;CPXPARAM_MIP_Cuts_Covers=2;CPXPARAM_MIP_Cuts_Disjunctive=1;CPXPARAM_MIP_Cuts_FlowCovers=2;CPXPARAM_MIP_Cuts_GUBCovers=1;CPXPARAM_MIP_Cuts_Gomory=0;CPXPARAM_MIP_Cuts_Implied=-1;CPXPARAM_MIP_Cuts_MIRCut=-1;CPXPARAM_MIP_Cuts_PathCut=-1;CPXPARAM_MIP_Limits_AggForCut=3;CPXPARAM_MIP_Limits_CutPasses=0;CPXPARAM_MIP_Limits_CutsFactor=-1;CPXPARAM_MIP_Limits_GomoryCand=400;CPXPARAM_MIP_Limits_GomoryPass=0;CPXPARAM_MIP_Limits_Nodes=0;CPXPARAM_MIP_Limits_ProbeTime=1e+75;CPXPARAM_MIP_Limits_RepairTries=0;CPXPARAM_MIP_Limits_StrongCand=10;CPXPARAM_MIP_Limits_StrongIt=0;CPXPARAM_MIP_OrderType=0;CPXPARAM_MIP_Strategy_BBInterval=7;CPXPARAM_MIP_Strategy_Branch=0;CPXPARAM_MIP_Strategy_Dive=0;CPXPARAM_MIP_Strategy_File=1;CPXPARAM_MIP_Strategy_HeuristicFreq=0;CPXPARAM_MIP_Strategy_LBHeur=0;CPXPARAM_MIP_Strategy_NodeSelect=1;CPXPARAM_MIP_Strategy_Order=1;CPXPARAM_MIP_Strategy_PresolveNode=0;CPXPARAM_MIP_Strategy_Probe=0;CPXPARAM_MIP_Strategy_RINSHeur=0;CPXPARAM_MIP_Strategy_StartAlgorithm=0;CPXPARAM_MIP_Strategy_SubAlgorithm=0;CPXPARAM_MIP_Strategy_VariableSelect=0;CPXPARAM_Network_NetFind=2;CPXPARAM_Network_Pricing=0;CPXPARAM_Parallel=1;CPXPARAM_Preprocessing_Aggregator=-1;CPXPARAM_Preprocessing_BoundStrength=-1;CPXPARAM_Preprocessing_CoeffReduce=-1;CPXPARAM_Preprocessing_Dependency=-1;CPXPARAM_Preprocessing_Dual=0;CPXPARAM_Preprocessing_Fill=10;CPXPARAM_Preprocessing_NumPass=-1;CPXPARAM_Preprocessing_Presolve=1;CPXPARAM_Preprocessing_QPMakePSD=1;CPXPARAM_Preprocessing_Reduce=3;CPXPARAM_Preprocessing_Relax=-1;CPXPARAM_Preprocessing_RepeatPresolve=-1;CPXPARAM_Preprocessing_Symmetry=-1;CPXPARAM_Read_Scale=0;CPXPARAM_Sifting_Algorithm=0;CPXPARAM_Simplex_Crash=1;CPXPARAM_Simplex_DGradient=0;CPXPARAM_Simplex_Limits_Perturbation=0;CPXPARAM_Simplex_Limits_Singularity=10;CPXPARAM_Simplex_PGradient=0;CPXPARAM_Simplex_Pricing=0;CPXPARAM_Simplex_Refactor=0
11560896704585150081,0,CPXPARAM_Advance=1;CPXPARAM_Barrier_Algorithm=0;CPXPARAM_Barrier_ColNonzeros=0;CPXPARAM_Barrier_Crossover=0;CPXPARAM_Barrier_Limits_Corrections=-1;CPXPARAM_Barrier_Ordering=0;CPXPARAM_Barrier_StartAlg=1;CPXPARAM_Emphasis_MIP=2;CPXPARAM_Emphasis_Memory=0;CPXPARAM_Emphasis_Numerical=0;CPXPARAM_Feasopt_Mode=0;CPXPARAM_LPMethod=0;CPXPARAM_MIP_Cuts_Cliques=-1;CPXPARAM_MIP_Cuts_Covers=2;CPXPARAM_MIP_Cuts_Disjunctive=1;CPXPARAM_MIP_Cuts_FlowCovers=2;CPXPARAM_MIP_Cuts_GUBCovers=1;CPXPARAM_MIP_Cuts_Gomory=0;CPXPARAM_MIP_Cuts_Implied=-1;CPXPARAM_MIP_Cuts_MIRCut=-1;CPXPARAM_MIP_Cuts_PathCut=-1;CPXPARAM_MIP_Limits_AggForCut=3;CPXPARAM_MIP_Limits_CutPasses=0;CPXPARAM_MIP_Limits_CutsFactor=-1;CPXPARAM_MIP_Limits_GomoryCand=400;CPXPARAM_MIP_Limits_GomoryPass=0;CPXPARAM_MIP_Limits_Nodes=9223372036800000000;CPXPARAM_MIP_Limits_ProbeTime=1e+75;CPXPARAM_MIP_Limits_RepairTries=0;CPXPARAM_MIP_Limits_StrongCand=10;CPXPARAM_MIP_Limits_StrongIt=0;CPXPARAM_MIP_OrderType=0;CPXPARAM_MIP_Strategy_BBInterval=7;CPXPARAM_MIP_Strategy_Branch=0;CPXPARAM_MIP_Strategy_Dive=0;CPXPARAM_MIP_Strategy_File=1;CPXPARAM_MIP_Strategy_HeuristicFreq=0;CPXPARAM_MIP_Strategy_LBHeur=0;CPXPARAM_MIP_Strategy_NodeSelect=1;CPXPARAM_MIP_Strategy_Order=1;CPXPARAM_MIP_Strategy_PresolveNode=0;CPXPARAM_MIP_Strategy_Probe=0;CPXPARAM_MIP_Strategy_RINSHeur=0;CPXPARAM_MIP_Strategy_StartAlgorithm=0;CPXPARAM_MIP_Strategy_SubAlgorithm=0;CPXPARAM_MIP_Strategy_VariableSelect=0;CPXPARAM_Network_NetFind=2;CPXPARAM_Network_Pricing=0;CPXPARAM_Parallel=1;CPXPARAM_Preprocessing_Aggregator=-1;CPXPARAM_Preprocessing_BoundStrength=-1;CPXPARAM_Preprocessing_CoeffReduce=-1;CPXPARAM_Preprocessing_Dependency=-1;CPXPARAM_Preprocessing_Dual=0;CPXPARAM_Preprocessing_Fill=10;CPXPARAM_Preprocessing_NumPass=-1;CPXPARAM_Preprocessing_Presolve=1;CPXPARAM_Preprocessing_QPMakePSD=0;CPXPARAM_Preprocessing_Reduce=3;CPXPARAM_Preprocessing_Relax=-1;CPXPARAM_Preprocessing_RepeatPresolve=-1;CPXPARAM_Preprocessing_Symmetry=-1;CPXPARAM_Read_Scale=0;CPXPARAM_Sifting_Algorithm=0;CPXPARAM_Simplex_Crash=1;CPXPARAM_Simplex_DGradient=0;CPXPARAM_Simplex_Limits_Perturbation=0;CPXPARAM_Simplex_Limits_Singularity=10;CPXPARAM_Simplex_PGradient=0;CPXPARAM_Simplex_Pricing=0;CPXPARAM_Simplex_Refactor=0
13813710449024250601,0,CPXPARAM_Advance=1;CPXPARAM_Barrier_Algorithm=0;CPXPARAM_Barrier_ColNonzeros=0;CPXPARAM_Barrier_Crossover=0;CPXPARAM_Barrier_Limits_Corrections=-1;CPXPARAM_Barrier_Ordering=0;CPXPARAM_Barrier_StartAlg=1;CPXPARAM_Emphasis_MIP=2;CPXPARAM_Emphasis_Memory=0;CPXPARAM_Emphasis_Numerical=0;CPXPARAM_Feasopt_Mode=0;CPXPARAM_LPMethod=0;CPXPARAM_MIP_Cuts_Cliques=-1;CPXPARAM_MIP_Cuts_Covers=2;CPXPARAM_MIP_Cuts_Disjunctive=1;CPXPARAM_MIP_Cuts_FlowCovers=2;CPXPARAM_MIP_Cuts_GUBCovers=1;CPXPARAM_MIP_Cuts_Gomory=0;CPXPARAM_MIP_Cuts_Implied=-1;CPXPARAM_MIP_Cuts_MIRCut=-1;CPXPARAM_MIP_Cuts_PathCut=-1;CPXPARAM_MIP_Limits_AggForCut=3;CPXPARAM_MIP_Limits_CutPasses=0;CPXPARAM_MIP_Limits_CutsFactor=-1;CPXPARAM_MIP_Limits_GomoryCand=400;CPXPARAM_MIP_Limits_GomoryPass=0;CPXPARAM_MIP_Limits_Nodes=9223372036800000000;CPXPARAM_MIP_Limits_ProbeTime=1e+75;CPXPARAM_MIP_Limits_RepairTries=0;CPXPARAM_MIP_Limits_StrongCand=40;CPXPARAM_MIP_Limits_StrongIt=0;CPXPARAM_MIP_OrderType=0;CPXPARAM_MIP_Strategy_BBInterval=7;CPXPARAM_MIP_Strategy_Branch=0;CPXPARAM_MIP_Strategy_Dive=0;CPXPARAM_MIP_Strategy_File=1;CPXPARAM_MIP_Strategy_HeuristicFreq=0;CPXPARAM_MIP_Strategy_LBHeur=0;CPXPARAM_MIP_Strategy_NodeSelect=1;CPXPARAM_MIP_Strategy_Order=1;CPXPARAM_MIP_Strategy_PresolveNode=0;CPXPARAM_MIP_Strategy_Probe=0;CPXPARAM_MIP_Strategy_RINSHeur=0;CPXPARAM_MIP_Strategy_StartAlgorithm=0;CPXPARAM_MIP_Strategy_SubAlgorithm=0;CPXPARAM_MIP_Strategy_VariableSelect=0;CPXPARAM_Network_NetFind=2;CPXPARAM_Network_Pricing=0;CPXPARAM_Parallel=1;CPXPARAM_Preprocessing_Aggregator=-1;CPXPARAM_Preprocessing_BoundStrength=-1;CPXPARAM_Preprocessing_CoeffReduce=-1;CPXPARAM_Preprocessing_Dependency=-1;CPXPARAM_Preprocessing_Dual=0;CPXPARAM_Preprocessing_Fill=10;CPXPARAM_Preprocessing_NumPass=-1;CPXPARAM_Preprocessing_Presolve=1;CPXPARAM_Preprocessing_QPMakePSD=1;CPXPARAM_Preprocessing_Reduce=3;CPXPARAM_Preprocessing_Relax=-1;CPXPARAM_Preprocessing_RepeatPresolve=-1;CPXPARAM_Preprocessing_Symmetry=-1;CPXPARAM_Read_Scale=0;CPXPARAM_Sifting_Algorithm=0;CPXPARAM_Simplex_Crash=1;CPXPARAM_Simplex_DGradient=0;CPXPARAM_Simplex_Limits_Perturbation=0;CPXPARAM_Simplex_Limits_Singularity=10;CPXPARAM_Simplex_PGradient=0;CPXPARAM_Simplex_Pricing=0;CPXPARAM_Simplex_Refactor=0
8556797199174821701,0,CPXPARAM_Advance=1;CPXPARAM_Barrier_Algorithm=0;CPXPARAM_Barrier_ColNonzeros=0;CPXPARAM_Barrier_Crossover=0;CPXPARAM_Barrier_Limits_Corrections=-1;CPXPARAM_Barrier_Ordering=0;CPXPARAM_Barrier_StartAlg=1;CPXPARAM_Emphasis_MIP=2;CPXPARAM_Emphasis_Memory=0;CPXPARAM_Emphasis_Numerical=0;CPXPARAM_Feasopt_Mode=0;CPXPARAM_LPMethod=0;CPXPARAM_MIP_Cuts_Cliques=-1;CPXPARAM_MIP_Cuts_Covers=2;CPXPARAM_MIP_Cuts_Disjunctive=1;CPXPARAM_MIP_Cuts_FlowCovers=2;CPXPARAM_MIP_Cuts_GUBCovers=1;CPXPARAM_MIP_Cuts_Gomory=0;CPXPARAM_MIP_Cuts_Implied=-1;CPXPARAM_MIP_Cuts_MIRCut=-1;CPXPARAM_MIP_Cuts_PathCut=-1;CPXPARAM_MIP_Limits_AggForCut=3;CPXPARAM_MIP_Limits_CutPasses=0;CPXPARAM_MIP_Limits_CutsFactor=-1;CPXPARAM_MIP_Limits_GomoryCand=400;CPXPARAM_MIP_Limits_GomoryPass=0;CPXPARAM_MIP_Limits_Nodes=9223372036800000000;CPXPARAM_MIP_Limits_ProbeTime=1e+75;CPXPARAM_MIP_Limits_RepairTries=0;CPXPARAM_MIP_Limits_StrongCand=20;CPXPARAM_MIP_Limits_StrongIt=0;CPXPARAM_MIP_OrderType=0;CPXPARAM_MIP_Strategy_BBInterval=7;CPXPARAM_MIP_Strategy_Branch=0;CPXPARAM_MIP_Strategy_Dive=0;CPXPARAM_MIP_Strategy_File=1;CPXPARAM_MIP_Strategy_HeuristicFreq=0;CPXPARAM_MIP_Strategy_LBHeur=0;CPXPARAM_MIP_Strategy_NodeSelect=1;CPXPARAM_MIP_Strategy_Order=1;CPXPARAM_MIP_Strategy_PresolveNode=0;CPXPARAM_MIP_Strategy_Probe=0;CPXPARAM_MIP_Strategy_RINSHeur=0;CPXPARAM_MIP_Strategy_StartAlgorithm=0;CPXPARAM_MIP_Strategy_SubAlgorithm=0;CPXPARAM_MIP_Strategy_VariableSelect=0;CPXPARAM_Network_NetFind=2;CPXPARAM_Network_Pricing=0;CPXPARAM_Parallel=1;CPXPARAM_Preprocessing_Aggregator=-1;CPXPARAM_Preprocessing_BoundStrength=-1;CPXPARAM_Preprocessing_CoeffReduce=-1;CPXPARAM_Preprocessing_Dependency=-1;CPXPARAM_Preprocessing_Dual=0;CPXPARAM_Preprocessing_Fill=10;CPXPARAM_Preprocessing_NumPass=-1;CPXPARAM_Preprocessing_Presolve=1;CPXPARAM_Preprocessing_QPMakePSD=1;CPXPARAM_Preprocessing_Reduce=3;CPXPARAM_Preprocessing_Relax=-1;CPXPARAM_Preprocessing_RepeatPresolve=-1;CPXPARAM_Preprocessing_Symmetry=-1;CPXPARAM_Read_Scale=0;CPXPARAM_Sifting_Algorithm=0;CPXPARAM_Simplex_Crash=1;CPXPARAM_Simplex_DGradient=0;CPXPARAM_Simplex_Limits_Perturbation=0;CPXPARAM_Simplex_Limits_Singularity=10;CPXPARAM_Simplex_PGradient=0;CPXPARAM_Simplex_Pricing=0;CPXPARAM_Simplex_Refactor=0
15663114175445282917,0,CPXPARAM_Advance=1;CPXPARAM_Barrier_Algorithm=0;CPXPARAM_Barrier_ColNonzeros=0;CPXPARAM_Barrier_Crossover=0;CPXPARAM_Barrier_Limits_Corrections=-1;CPXPARAM_Barrier_Ordering=0;CPXPARAM_Barrier_StartAlg=1;CPXPARAM_Emphasis_MIP=2;CPXPARAM_Emphasis_Memory=0;CPXPARAM_Emphasis_Numerical=0;CPXPARAM_Feasopt_Mode=0;CPXPARAM_LPMethod=0;CPXPARAM_MIP_Cuts_Cliques=-1;CPXPARAM_MIP_Cuts_Covers=2;CPXPARAM_MIP_Cuts_Disjunctive=1;CPXPARAM_MIP_Cuts_FlowCovers=2;CPXPARAM_MIP_Cuts_GUBCovers=1;CPXPARAM_MIP_Cuts_Gomory=0;CPXPARAM_MIP_Cuts_Implied=-1;CPXPARAM_MIP_Cuts_MIRCut=-1;CPXPARAM_MIP_Cuts_PathCut=-1;CPXPARAM_MIP_Limits_AggForCut=3;CPXPARAM_MIP_Limits_CutPasses=0;CPXPARAM_MIP_Limits_CutsFactor=-1;CPXPARAM_MIP_Limits_GomoryCand=400;CPXPARAM_MIP_Limits_GomoryPass=0;CPXPARAM_MIP_Limits_Nodes=9223372036800000000;CPXPARAM_MIP_Limits_ProbeTime=1e+75;CPXPARAM_MIP_Limits_RepairTries=0;CPXPARAM_MIP_Limits_StrongCand=5;CPXPARAM_MIP_Limits_StrongIt=0;CPXPARAM_MIP_OrderType=0;CPXPARAM_MIP_Strategy_BBInterval=7;CPXPARAM_MIP_Strategy_Branch=0;CPXPARAM_MIP_Strategy_Dive=0;CPXPARAM_MIP_Strategy_File=1;CPXPARAM_MIP_Strategy_HeuristicFreq=0;CPXPARAM_MIP_Strategy_LBHeur=0;CPXPARAM_MIP_Strategy_NodeSelect=1;CPXPARAM_MIP_Strategy_Order=1;CPXPARAM_MIP_Strategy_PresolveNode=0;CPXPARAM_MIP_Strategy_Probe=0;CPXPARAM_MIP_Strategy_RINSHeur=0;CPXPARAM_MIP_Strategy_StartAlgorithm=0;CPXPARAM_MIP_Strategy_SubAlgorithm=0;CPXPARAM_MIP_Strategy_VariableSelect=0;CPXPARAM_Network_NetFind=2;CPXPARAM_Network_Pricing=0;CPXPARAM_Parallel=1;CPXPARAM_Preprocessing_Aggregator=-1;CPXPARAM_Preprocessing_BoundStrength=-1;CPXPARAM_Preprocessing_CoeffReduce=-1;CPXPARAM_Preprocessing_Dependency=-1;CPXPARAM_Preprocessing_Dual=0;CPXPARAM_Preprocessing_Fill=10;CPXPARAM_Preprocessing_NumPass=-1;CPXPARAM_Preprocessing_Presolve=1;CPXPARAM_Preprocessing_QPMakePSD=1;CPXPARAM_Preprocessing_Reduce=3;CPXPARAM_Preprocessing_Relax=-1;CPXPARAM_Preprocessing_RepeatPresolve=-1;CPXPARAM_Preprocessing_Symmetry=-1;CPXPARAM_Read_Scale=0;CPXPARAM_Sifting_Algorithm=0;CPXPARAM_Simplex_Crash=1;CPXPARAM_Simplex_DGradient=0;CPXPARAM_Simplex_Limits_Perturbation=0;CPXPARAM_Simplex_Limits_Singularity=10;CPXPARAM_Simplex_PGradient=0;CPXPARAM_Simplex_Pricing=0;CPXPARAM_Simplex_Refactor=0
8288236172737147929,0,CPXPARAM_Advance=1;CPXPARAM_Barrier_Algorithm=0;CPXPARAM_Barrier_ColNonzeros=0;CPXPARAM_Barrier_Crossover=0;CPXPARAM_Barrier_Limits_Corrections=-1;CPXPARAM_Barrier_Ordering=0;CPXPARAM_Barrier_StartAlg=1;CPXPARAM_Emphasis_MIP=4;CPXPARAM_Emphasis_Memory=0;CPXPARAM_Emphasis_Numerical=0;CPXPARAM_Feasopt_Mode=0;CPXPARAM_LPMethod=0;CPXPARAM_MIP_Cuts_Cliques=3;CPXPARAM_MIP_Cuts_Covers=1;CPXPARAM_MIP_Cuts_Disjunctive=0;CPXPARAM_MIP_Cuts_FlowCovers=2;CPXPARAM_MIP_Cuts_GUBCovers=2;CPXPARAM_MIP_Cuts_Gomory=0;CPXPARAM_MIP_Cuts_Implied=0;CPXPARAM_MIP_Cuts_MIRCut=-1;CPXPARAM_MIP_Cuts_PathCut=1;CPXPARAM_MIP_Limits_AggForCut=3;CPXPARAM_MIP_Limits_CutPasses=0;CPXPARAM_MIP_Limits_CutsFactor=-1;CPXPARAM_MIP_Limits_GomoryCand=150;CPXPARAM_MIP_Limits_GomoryPass=0;CPXPARAM_MIP_Limits_Nodes=9223372036800000000;CPXPARAM_MIP_Limits_ProbeTime=1e+75;CPXPARAM_MIP_Limits_RepairTries=0;CPXPARAM_MIP_Limits_StrongCand=10;CPXPARAM_MIP_Limits_StrongIt=0;CPXPARAM_MIP_OrderType=0;CPXPARAM_MIP_Strategy_BBInterval=7;CPXPARAM_MIP_Strategy_Branch=0;CPXPARAM_MIP_Strategy_Dive=0;CPXPARAM_MIP_Strategy_File=1;CPXPARAM_MIP_Strategy_HeuristicFreq=0;CPXPARAM_MIP_Strategy_LBHeur=0;CPXPARAM_MIP_Strategy_NodeSelect=1;CPXPARAM_MIP_Strategy_Order=1;CPXPARAM_MIP_Strategy_PresolveNode=0;CPXPARAM_MIP_Strategy_Probe=0;CPXPARAM_MIP_Strategy_RINSHeur=0;CPXPARAM_MIP_Strategy_StartAlgorithm=0;CPXPARAM_MIP_Strategy_SubAlgorithm=0;CPXPARAM_MIP_Strategy_VariableSelect=0;CPXPARAM_Network_NetFind=2;CPXPARAM_Network_Pricing=0;CPXPARAM_Parallel=1;CPXPARAM_Preprocessing_Aggregator=-1;CPXPARAM_Preprocessing_BoundStrength=-1;CPXPARAM_Preprocessing_CoeffReduce=-1;CPXPARAM_Preprocessing_Dependency=-1;CPXPARAM_Preprocessing_Dual=0;CPXPARAM_Preprocessing_Fill=10;CPXPARAM_Preprocessing_NumPass=-1;CPXPARAM_Preprocessing_Presolve=1;CPXPARAM_Preprocessing_QPMakePSD=1;CPXPARAM_Preprocessing_Reduce=3;CPXPARAM_Preprocessing_Relax=-1;CPXPARAM_Preprocessing_RepeatPresolve=-1;CPXPARAM_Preprocessing_Symmetry=-1;CPXPARAM_Read_Scale=0;CPXPARAM_Sifting_Algorithm=0;CPXPARAM_Simplex_Crash=1;CPXPARAM_Simplex_DGradient=0;CPXPARAM_Simplex_Limits_Perturbation=0;CPXPARAM_Simplex_Limits_Singularity=10;CPXPARAM_Simplex_PGradient=0;CPXPARAM_Simplex_Pricing=0;CPXPARAM_Simplex_Refactor=0
9262134938370712608,0,CPXPARAM_Advance=1;CPXPARAM_Barrier_Algorithm=3;CPXPARAM_Barrier_ColNonzeros=0;CPXPARAM_Barrier_Crossover=0;CPXPARAM_Barrier_Limits_Corrections=-1;CPXPARAM_Barrier_Ordering=0;CPXPARAM_Barrier_StartAlg=1;CPXPARAM_Emphasis_MIP=2;CPXPARAM_Emphasis_Memory=0;CPXPARAM_Emphasis_Numerical=0;CPXPARAM_Feasopt_Mode=0;CPXPARAM_LPMethod=0;CPXPARAM_MIP_Cuts_Cliques=-1;CPXPARAM_MIP_Cuts_Covers=2;CPXPARAM_MIP_Cuts_Disjunctive=1;CPXPARAM_MIP_Cuts_FlowCovers=2;CPXPARAM_MIP_Cuts_GUBCovers=1;CPXPARAM_MIP_Cuts_Gomory=0;CPXPARAM_MIP_Cuts_Implied=-1;CPXPARAM_MIP_Cuts_MIRCut=-1;CPXPARAM_MIP_Cuts_PathCut=-1;CPXPARAM_MIP_Limits_AggForCut=3;CPXPARAM_MIP_Limits_CutPasses=0;CPXPARAM_MIP_Limits_CutsFactor=-1;CPXPARAM_MIP_Limits_GomoryCand=400;CPXPARAM_MIP_Limits_GomoryPass=0;CPXPARAM_MIP_Limits_Nodes=9223372036800000000;CPXPARAM_MIP_Limits_ProbeTime=1e+75;CPXPARAM_MIP_Limits_RepairTries=0;CPXPARAM_MIP_Limits_StrongCand=10;CPXPARAM_MIP_Limits_StrongIt=0;CPXPARAM_MIP_OrderType=0;CPXPARAM_MIP_Strategy_BBInterval=7;CPXPARAM_MIP_Strategy_Branch=0;CPXPARAM_MIP_Strategy_Dive=0;CPXPARAM_MIP_Strategy_File=1;CPXPARAM_MIP_Strategy_HeuristicFreq=0;CPXPARAM_MIP_Strategy_LBHeur=0;CPXPARAM_MIP_Strategy_NodeSelect=1;CPXPARAM_MIP_Strategy_Order=1;CPXPARAM_MIP_Strategy_PresolveNode=0;CPXPARAM_MIP_Strategy_Probe=0;CPXPARAM_MIP_Strategy_RINSHeur=0;CPXPARAM_MIP_Strategy_StartAlgorithm=0;CPXPARAM_MIP_Strategy_SubAlgorithm=0;CPXPARAM_MIP_Strategy_VariableSelect=0;CPXPARAM_Network_NetFind=2;CPXPARAM_Network_Pricing=0;CPXPARAM_Parallel=1;CPXPARAM_Preprocessing_Aggregator=-1;CPXPARAM_Preprocessing_BoundStrength=-1;CPXPARAM_Preprocessing_CoeffReduce=-1;CPXPARAM_Preprocessing_Dependency=-1;CPXPARAM_Preprocessing_Dual=0;CPXPARAM_Preprocessing_Fill=10;CPXPARAM_Preprocessing_NumPass=-1;CPXPARAM_Preprocessing_Presolve=1;CPXPARAM_Preprocessing_QPMakePSD=1;CPXPARAM_Preprocessing_Reduce=3;CPXPARAM_Preprocessing_Relax=-1;CPXPARAM_Preprocessing_RepeatPresolve=-1;CPXPARAM_Preprocessing_Symmetry=-1;CPXPARAM_Read_Scale=0;CPXPARAM_Sifting_Algorithm=0;CPXPARAM_Simplex_Crash=1;CPXPARAM_Simplex_DGradient=0;CPXPARAM_Simplex_Limits_Perturbation=0;CPXPARAM_Simplex_Limits_Singularity=10;CPXPARAM_Simplex_PGradient=0;CPXPARAM_Simplex_Pricing=0;CPXPARAM_Simplex_Refactor=0
4794359342192995957,0,CPXPARAM_Advance=1;CPXPARAM_Barrier_Algorithm=1;CPXPARAM_Barrier_ColNonzeros=0;CPXPARAM_Barrier_Crossover=0;CPXPARAM_Barrier_Limits_Corrections=-1;CPXPARAM_Barrier_Ordering=0;CPXPARAM_Barrier_StartAlg=1;CPXPARAM_Emphasis_MIP=2;CPXPARAM_Emphasis_Memory=0;CPXPARAM_Emphasis_Numerical=0;CPXPARAM_Feasopt_Mode=0;CPXPARAM_LPMethod=0;CPXPARAM_MIP_Cuts_Cliques=-1;CPXPARAM_MIP_Cuts_Covers=2;CPXPARAM_MIP_Cuts_Disjunctive=1;CPXPARAM_MIP_Cuts_FlowCovers=2;CPXPARAM_MIP_Cuts_GUBCovers=1;CPXPARAM_MIP_Cuts_Gomory=0;CPXPARAM_MIP_Cuts_Implied=-1;CPXPARAM_MIP_Cuts_MIRCut=-1;CPXPARAM_MIP_Cuts_PathCut=-1;CPXPARAM_MIP_Limits_AggForCut=3;CPXPARAM_MIP_Limits_CutPasses=0;CPXPARAM_MIP_Limits_CutsFactor=-1;CPXPARAM_MIP_Limits_GomoryCand=400;CPXPARAM_MIP_Limits_GomoryPass=0;CPXPARAM_MIP_Limits_Nodes=9223372036800000000;CPXPARAM_MIP_Limits_ProbeTime=1e+75;CPXPARAM_MIP_Limits_RepairTries=0;CPXPARAM_MIP_Limits_StrongCand=10;CPXPARAM_MIP_Limits_StrongIt=0;CPXPARAM_MIP_OrderType=0;CPXPARAM_MIP_Strategy_BBInterval=7;CPXPARAM_MIP_Strategy_Branch=0;CPXPARAM_MIP_Strategy_Dive=0;CPXPARAM_MIP_Strategy_File=1;CPXPARAM_MIP_Strategy_HeuristicFreq=0;CPXPARAM_MIP_Strategy_LBHeur=0;CPXPARAM_MIP_Strategy_NodeSelect=1;CPXPARAM_MIP_Strategy_Order=1;CPXPARAM_MIP_Strategy_PresolveNode=0;CPXPARAM_MIP_Strategy_Probe=0;CPXPARAM_MIP_Strategy_RINSHeur=0;CPXPARAM_MIP_Strategy_StartAlgorithm=0;CPXPARAM_MIP_Strategy_SubAlgorithm=0;CPXPARAM_MIP_Strategy_VariableSelect=0;CPXPARAM_Network_NetFind=2;CPXPARAM_Network_Pricing=0;CPXPARAM_Parallel=1;CPXPARAM_Preprocessing_Aggregator=-1;CPXPARAM_Preprocessing_BoundStrength=-1;CPXPARAM_Preprocessing_CoeffReduce=-1;CPXPARAM_Preprocessing_Dependency=-1;CPXPARAM_Preprocessing_Dual=0;CPXPARAM_Preprocessing_Fill=10;CPXPARAM_Preprocessing_NumPass=-1;CPXPARAM_Preprocessing_Presolve=1;CPXPARAM_Preprocessing_QPMakePSD=1;CPXPARAM_Preprocessing_Reduce=3;CPXPARAM_Preprocessing_Relax=-1;CPXPARAM_Preprocessing_RepeatPresolve=-1;CPXPARAM_Preprocessing_Symmetry=-1;CPXPARAM_Read_Scale=0;CPXPARAM_Sifting_Algorithm=0;CPXPARAM_Simplex_Crash=1;CPXPARAM_Simplex_DGradient=0;CPXPARAM_Simplex_Limits_Perturbation=0;CPXPARAM_Simplex_Limits_Singularity=10;CPXPARAM_Simplex_PGradient=0;CPXPARAM_Simplex_Pricing=0;CPXPARAM_Simplex_Refactor=0
13872623319963069137,0,CPXPARAM_Advance=1;CPXPARAM_Barrier_Algorithm=0;CPXPARAM_Barrier_ColNonzeros=0;CPXPARAM_Barrier_Crossover=0;CPXPARAM_Barrier_Limits_Corrections=-1;CPXPARAM_Barrier_Ordering=0;CPXPARAM_Barrier_StartAlg=1;CPXPARAM_Emphasis_MIP=2;CPXPARAM_Emphasis_Memory=0;CPXPARAM_Emphasis_Numerical=0;CPXPARAM_Feasopt_Mode=0;CPXPARAM_LPMethod=0;CPXPARAM_MIP_Cuts_Cliques=-1;CPXPARAM_MIP_Cuts_Covers=2;CPXPARAM_MIP_Cuts_Disjunctive=1;CPXPARAM_MIP_Cuts_FlowCovers=2;CPXPARAM_MIP_Cuts_GUBCovers=1;CPXPARAM_MIP_Cuts_Gomory=0;CPXPARAM_MIP_Cuts_Implied=-1;CPXPARAM_MIP_Cuts_MIRCut=-1;CPXPARAM_MIP_Cuts_PathCut=-1;CPXPARAM_MIP_Limits_AggForCut=3;CPXPARAM_MIP_Limits_CutPasses=0;CPXPARAM_MIP_Limits_CutsFactor=-1;CPXPARAM_MIP_Limits_GomoryCand=400;CPXPARAM_MIP_Limits_GomoryPass=0;CPXPARAM_MIP_Limits_Nodes=9223372036800000000;CPXPARAM_MIP_Limits_ProbeTime=1e+75;CPXPARAM_MIP_Limits_RepairTries=0;CPXPARAM_MIP_Limits_StrongCand=10;CPXPARAM_MIP_Limits_StrongIt=0;CPXPARAM_MIP_OrderType=0;CPXPARAM_MIP_Strategy_BBInterval=7;CPXPARAM_MIP_Strategy_Branch=0;CPXPARAM_MIP_Strategy_Dive=0;CPXPARAM_MIP_Strategy_File=1;CPXPARAM_MIP_Strategy_HeuristicFreq=0;CPXPARAM_MIP_Strategy_LBHeur=0;CPXPARAM_MIP_Strategy_NodeSelect=1;CPXPARAM_MIP_Strategy_Order=1;CPXPARAM_MIP_Strategy_PresolveNode=0;CPXPARAM_MIP_Strategy_Probe=0;CPXPARAM_MIP_Strategy_RINSHeur=0;CPXPARAM_MIP_Strategy_StartAlgorithm=0;CPXPARAM_MIP_Strategy_SubAlgorithm=0;CPXPARAM_MIP_Strategy_VariableSelect=0;CPXPARAM_Network_NetFind=2;CPXPARAM_Network_Pricing=0;CPXPARAM_Parallel=1;CPXPARAM_Preprocessing_Aggregator=-1;CPXPARAM_Preprocessing_BoundStrength=-1;CPXPARAM_Preprocessing_CoeffReduce=-1;CPXPARAM_Preprocessing_Dependency=-1;CPXPARAM_Preprocessing_Dual=0;CPXPARAM_Preprocessing_Fill=10;CPXPARAM_Preprocessing_NumPass=-1;CPXPARAM_Preprocessing_Presolve=1;CPXPARAM_Preprocessing_QPMakePSD=1;CPXPARAM_Preprocessing_Reduce=3;CPXPARAM_Preprocessing_Relax=-1;CPXPARAM_Preprocessing_RepeatPresolve=-1;CPXPARAM_Preprocessing_Symmetry=-1;CPXPARAM_Read_Scale=0;CPXPARAM_Sifting_Algorithm=0;CPXPARAM_Simplex_Crash=1;CPXPARAM_Simplex_DGradient=0;CPXPARAM_Simplex_Limits_Perturbation=0;CPXPARAM_Simplex_Limits_Singularity=40;CPXPARAM_Simplex_PGradient=0;CPXPARAM_Simplex_Pricing=0;CPXPARAM_Simplex_Refactor=0
16013898564935973440,0,CPXPARAM_Advance=1;CPXPARAM_Barrier_Algorithm=0;CPXPARAM_Barrier_ColNonzeros=0;CPXPARAM_Barrier_Crossover=0;CPXPARAM_Barrier_Limits_Corrections=-1;CPXPARAM_Barrier_Ordering=0;CPXPARAM_Barrier_StartAlg=1;CPXPARAM_Emphasis_MIP=2;CPXPARAM_Emphasis_Memory=0;CPXPARAM_Emphasis_Numerical=0;CPXPARAM_Feasopt_Mode=0;CPXPARAM_LPMethod=0;CPXPARAM_MIP_Cuts_Cliques=-1;CPXPARAM_MIP_Cuts_Covers=2;CPXPARAM_MIP_Cuts_Disjunctive=1;CPXPARAM_MIP_Cuts_FlowCovers=2;CPXPARAM_MIP_Cuts_GUBCovers=1;CPXPARAM_MIP_Cuts_Gomory=0;CPXPARAM_MIP_Cuts_Implied=-1;CPXPARAM_MIP_Cuts_MIRCut=-1;CPXPARAM_MIP_Cuts_PathCut=-1;CPXPARAM_MIP_Limits_AggForCut=3;CPXPARAM_MIP_Limits_CutPasses=0;CPXPARAM_MIP_Limits_CutsFactor=-1;CPXPARAM_MIP_Limits_GomoryCand=400;CPXPARAM_MIP_Limits_GomoryPass=0;CPXPARAM_MIP_Limits_Nodes=9223372036800000000;CPXPARAM_MIP_Limits_ProbeTime=1e+75;CPXPARAM_MIP_Limits_RepairTries=0;CPXPARAM_MIP_Limits_StrongCand=10;CPXPARAM_MIP_Limits_StrongIt=0;CPXPARAM_MIP_OrderType=0;CPXPARAM_MIP_Strategy_BBInterval=7;CPXPARAM_MIP_Strategy_Branch=0;CPXPARAM_MIP_Strategy_Dive=0;CPXPARAM_MIP_Strategy_File=1;CPXPARAM_MIP_Strategy_HeuristicFreq=0;CPXPARAM_MIP_Strategy_LBHeur=0;CPXPARAM_MIP_Strategy_NodeSelect=1;CPXPARAM_MIP_Strategy_Order=1;CPXPARAM_MIP_Strategy_PresolveNode=0;CPXPARAM_MIP_Strategy_Probe=0;CPXPARAM_MIP_Strategy_RINSHeur=0;CPXPARAM_MIP_Strategy_StartAlgorithm=0;CPXPARAM_MIP_Strategy_SubAlgorithm=0;CPXPARAM_MIP_Strategy_VariableSelect=0;CPXPARAM_Network_NetFind=2;CPXPARAM_Network_Pricing=0;CPXPARAM_Parallel=1;CPXPARAM_Preprocessing_Aggregator=-1;CPXPARAM_Preprocessing_BoundStrength=-1;CPXPARAM_Preprocessing_CoeffReduce=-1;CPXPARAM_Preprocessing_Dependency=-1;CPXPARAM_Preprocessing_Dual=0;CPXPARAM_Preprocessing_Fill=10;CPXPARAM_Preprocessing_NumPass=-1;CPXPARAM_Preprocessing_Presolve=1;CPXPARAM_Preprocessing_QPMakePSD=1;CPXPARAM_Preprocessing_Reduce=3;CPXPARAM_Preprocessing_Relax=-1;CPXPARAM_Preprocessing_RepeatPresolve=-1;CPXPARAM_Preprocessing_Symmetry=-1;CPXPARAM_Read_Scale=0;CPXPARAM_Sifting_Algorithm=0;CPXPARAM_Simplex_Crash=1;CPXPARAM_Simplex_DGradient=0;CPXPARAM_Simplex_Limits_Perturbation=0;CPXPARAM_Simplex_Limits_Singularity=20;CPXPARAM_Simplex_PGradient=0;CPXPARAM_Simplex_Pricing=0;CPXPARAM_Simplex_Refactor=0
7652282797593305159,0,CPXPARAM_Advance=1;CPXPARAM_Barrier_Algorithm=0;CPXPARAM_Barrier_ColNonzeros=0;CPXPARAM_Barrier_Crossover=0;CPXPARAM_Barrier_Limits_Corrections=-1;CPXPARAM_Barrier_Ordering=0;CPXPARAM_Barrier_StartAlg=1;CPXPARAM_Emphasis_MIP=2;CPXPARAM_Emphasis_Memory=0;CPXPARAM_Emphasis_Numerical=0;CPXPARAM_Feasopt_Mode=0;CPXPARAM_LPMethod=0;CPXPARAM_MIP_Cuts_Cliques=-1;CPXPARAM_MIP_Cuts_Covers=2;CPXPARAM_MIP_Cuts_Disjunctive=1;CPXPARAM_MIP_Cuts_FlowCovers=2;CPXPARAM_MIP_Cuts_GUBCovers=1;CPXPARAM_MIP_Cuts_Gomory=0;CPXPARAM_MIP_Cuts_Implied=-1;CPXPARAM_MIP_Cuts_MIRCut=-1;CPXPARAM_MIP_Cuts_PathCut=-1;CPXPARAM_MIP_Limits_AggForCut=3;CPXPARAM_MIP_Limits_CutPasses=0;CPXPARAM_MIP_Limits_CutsFactor=-1;CPXPARAM_MIP_Limits_GomoryCand=400;CPXPARAM_MIP_Limits_GomoryPass=0;CPXPARAM_MIP_Limits_Nodes=9223372036800000000;CPXPARAM_MIP_Limits_ProbeTime=1e+75;CPXPARAM_MIP_Limits_RepairTries=0;CPXPARAM_MIP_Limits_StrongCand=10;CPXPARAM_MIP_Limits_StrongIt=0;CPXPARAM_MIP_OrderType=0;CPXPARAM_MIP_Strategy_BBInterval=7;CPXPARAM_MIP_Strategy_Branch=0;CPXPARAM_MIP_Strategy_Dive=0;CPXPARAM_MIP_Strategy_File=1;CPXPARAM_MIP_Strategy_HeuristicFreq=0;CPXPARAM_MIP_Strategy_LBHeur=0;CPXPARAM_MIP_Strategy_NodeSelect=1;CPXPARAM_MIP_Strategy_Order=1;CPXPARAM_MIP_Strategy_PresolveNode=0;CPXPARAM_MIP_Strategy_Probe=0;CPXPARAM_MIP_Strategy_RINSHeur=0;CPXPARAM_MIP_Strategy_StartAlgorithm=0;CPXPARAM_MIP_Strategy_SubAlgorithm=0;CPXPARAM_MIP_Strategy_VariableSelect=0;CPXPARAM_Network_NetFind=2;CPXPARAM_Network_Pricing=0;CPXPARAM_Parallel=1;CPXPARAM_Preprocessing_Aggregator=-1;CPXPARAM_Preprocessing_BoundStrength=-1;CPXPARAM_Preprocessing_CoeffReduce=-1;CPXPARAM_Preprocessing_Dependency=-1;CPXPARAM_Preprocessing_Dual=0;CPXPARAM_Preprocessing_Fill=10;CPXPARAM_Preprocessing_NumPass=-1;CPXPARAM_Preprocessing_Presolve=1;CPXPARAM_Preprocessing_QPMakePSD=1;CPXPARAM_Preprocessing_Reduce=3;CPXPARAM_Preprocessing_Relax=-1;CPXPARAM_Preprocessing_RepeatPresolve=-1;CPXPARAM_Preprocessing_Symmetry=-1;CPXPARAM_Read_Scale=0;CPXPARAM_Sifting_Algorithm=0;CPXPARAM_Simplex_Crash=1;CPXPARAM_Simplex_DGradient=0;CPXPARAM_Simplex_Limits_Perturbation=0;CPXPARAM_Simplex_Limits_Singularity=5;CPXPARAM_Simplex_PGradient=0;CPXPARAM_Simplex_Pricing=0;CPXPARAM_Simplex_Refactor=0
10607164975971196354,0,CPXPARAM_Advance=1;CPXPARAM_Barrier_Algorithm=0;CPXPARAM_Barrier_ColNonzeros=0;CPXPARAM_Barrier_Crossover=0;CPXPARAM_Barrier_Limits_Corrections=-1;CPXPARAM_Barrier_Ordering=0;CPXPARAM_Barrier_StartAlg=1;CPXPARAM_Emphasis_MIP=2;CPXPARAM_Emphasis_Memory=0;CPXPARAM_Emphasis_Numerical=0;CPXPARAM_Feasopt_Mode=0;CPXPARAM_LPMethod=0;CPXPARAM_MIP_Cuts_Cliques=-1;CPXPARAM_MIP_Cuts_Covers=2;CPXPARAM_MIP_Cuts_Disjunctive=1;CPXPARAM_MIP_Cuts_FlowCovers=2;CPXPARAM_MIP_Cuts_GUBCovers=1;CPXPARAM_MIP_Cuts_Gomory=0;CPXPARAM_MIP_Cuts_Implied=-1;CPXPARAM_MIP_Cuts_MIRCut=-1;CPXPARAM_MIP_Cuts_PathCut=-1;CPXPARAM_MIP_Limits_AggForCut=3;CPXPARAM_MIP_Limits_CutPasses=0;CPXPARAM_MIP_Limits_CutsFactor=-1;CPXPARAM_MIP_Limits_GomoryCand=400;CPXPARAM_MIP_Limits_GomoryPass=0;CPXPARAM_MIP_Limits_Nodes=9223372036800000000;CPXPARAM_MIP_Limits_ProbeTime=1e+75;CPXPARAM_MIP_Limits_RepairTries=0;CPXPARAM_MIP_Limits_StrongCand=10;CPXPARAM_MIP_Limits_StrongIt=0;CPXPARAM_MIP_OrderType=0;CPXPARAM_MIP_Strategy_BBInterval=7;CPXPARAM_MIP_Strategy_Branch=0;CPXPARAM_MIP_Strategy_Dive=0;CPXPARAM_MIP_Strategy_File=1;CPXPARAM_MIP_Strategy_HeuristicFreq=0;CPXPARAM_MIP_Strategy_LBHeur=0;CPXPARAM_MIP_Strategy_NodeSelect=1;CPXPARAM_MIP_Strategy_Order=1;CPXPARAM_MIP_Strategy_PresolveNode=0;CPXPARAM_MIP_Strategy_Probe=0;CPXPARAM_MIP_Strategy_RINSHeur=0;CPXPARAM_MIP_Strategy_StartAlgorithm=0;CPXPARAM_MIP_Strategy_SubAlgorithm=0;CPXPARAM_MIP_Strategy_VariableSelect=0;CPXPARAM_Network_NetFind=2;CPXPARAM_Network_Pricing=0;CPXPARAM_Parallel=1;CPXPARAM_Preprocessing_Aggregator=-1;CPXPARAM_Preprocessing_BoundStrength=-1;CPXPARAM_Preprocessing_CoeffReduce=-1;CPXPARAM_Preprocessing_Dependency=-1;CPXPARAM_Preprocessing_Dual=0;CPXPARAM_Preprocessing_Fill=10;CPXPARAM_Preprocessing_NumPass=-1;CPXPARAM_Preprocessing_Presolve=1;CPXPARAM_Preprocessing_QPMakePSD=1;CPXPARAM_Preprocessing_Reduce=3;CPXPARAM_Preprocessing_Relax=-1;CPXPARAM_Preprocessing_RepeatPresolve=-1;CPXPARAM_Preprocessing_Symmetry=-1;CPXPARAM_Read_Scale=0;CPXPARAM_Sifting_Algorithm=0;CPXPARAM_Simplex_Crash=1;CPXPARAM_Simplex_DGradient=0;CPXPARAM_Simplex_Limits_Perturbation=0;CPXPARAM_Simplex_Limits_Singularity=2;CPXPARAM_Simplex_PGradient=0;CPXPARAM_Simplex_Pricing=0;CPXPARAM_Simplex_Refactor=0
16796281204736624323,0,CPXPARAM_Advance=1;CPXPARAM_Barrier_Algorithm=0;CPXPARAM_Barrier_ColNonzeros=0;CPXPARAM_Barrier_Crossover=0;CPXPARAM_Barrier_Limits_Corrections=-1;CPXPARAM_Barrier_Ordering=0;CPXPARAM_Barrier_StartAlg=1;CPXPARAM_Emphasis_MIP=2;CPXPARAM_Emphasis_Memory=0;CPXPARAM_Emphasis_Numerical=0;CPXPARAM_Feasopt_Mode=0;CPXPARAM_LPMethod=0;CPXPARAM_MIP_Cuts_Cliques=-1;CPXPARAM_MIP_Cuts_Covers=2;CPXPARAM_MIP_Cuts_Disjunctive=1;CPXPARAM_MIP_Cuts_FlowCovers=2;CPXPARAM_MIP_Cuts_GUBCovers=1;CPXPARAM_MIP_Cuts_Gomory=0;CPXPARAM_MIP_Cuts_Implied=-1;CPXPARAM_MIP_Cuts_MIRCut=-1;CPXPARAM_MIP_Cuts_PathCut=-1;CPXPARAM_MIP_Limits_AggForCut=3;CPXPARAM_MIP_Limits_CutPasses=0;CPXPARAM_MIP_Limits_CutsFactor=-1;CPXPARAM_MIP_Limits_GomoryCand=400;CPXPARAM_MIP_Limits_GomoryPass=0;CPXPARAM_MIP_Limits_Nodes=9223372036800000000;CPXPARAM_MIP_Limits_ProbeTime=1e+75;CPXPARAM_MIP_Limits_RepairTries=0;CPXPARAM_MIP_Limits_StrongCand=10;CPXPARAM_MIP_Limits_StrongIt=0;CPXPARAM_MIP_OrderType=0;CPXPARAM_MIP_Strategy_BBInterval=7;CPXPARAM_MIP_Strategy_Branch=0;CPXPARAM_MIP_Strategy_Dive=0;CPXPARAM_MIP_Strategy_File=1;CPXPARAM_MIP_Strategy_HeuristicFreq=0;CPXPARAM_MIP_Strategy_LBHeur=0;CPXPARAM_MIP_Strategy_NodeSelect=1;CPXPARAM_MIP_Strategy_Order=1;CPXPARAM_MIP_Strategy_PresolveNode=0;CPXPARAM_MIP_Strategy_Probe=0;CPXPARAM_MIP_Strategy_RINSHeur=0;CPXPARAM_MIP_Strategy_StartAlgorithm=0;CPXPARAM_MIP_Strategy_SubAlgorithm=0;CPXPARAM_MIP_Strategy_VariableSelect=0;CPXPARAM_Network_NetFind=2;CPXPARAM_Network_Pricing=0;CPXPARAM_Parallel=1;CPXPARAM_Preprocessing_Aggregator=-1;CPXPARAM_Preprocessing_BoundStrength=-1;CPXPARAM_Preprocessing_CoeffReduce=-1;CPXPARAM_Preprocessing_Dependency=-1;CPXPARAM_Preprocessing_Dual=0;CPXPARAM_Preprocessing_Fill=10;CPXPARAM_Preprocessing_NumPass=-1;CPXPARAM_Preprocessing_Presolve=1;CPXPARAM_Preprocessing_QPMakePSD=1;CPXPARAM_Preprocessing_Reduce=3;CPXPARAM_Preprocessing_Relax=-1;CPXPARAM_Preprocessing_RepeatPresolve=-1;CPXPARAM_Preprocessing_Symmetry=-1;CPXPARAM_Read_Scale=0;CPXPARAM_Sifting_Algorithm=0;CPXPARAM_Simplex_Crash=1;CPXPARAM_Simplex_DGradient=0;CPXPARAM_Simplex_Limits_Perturbation=0;CPXPARAM_Simplex_Limits_Singularity=0;CPXPARAM_Simplex_PGradient=0;CPXPARAM_Simplex_Pricing=0;CPXPARAM_Simplex_Refactor=0
11025286354333428803,0,CPXPARAM_Advance=1;CPXPARAM_Barrier_Algorithm=0;CPXPARAM_Barrier_ColNonzeros=0;CPXPARAM_Barrier_Crossover=0;CPXPARAM_Barrier_Limits_Corrections=-1;CPXPARAM_Barrier_Ordering=0;CPXPARAM_Barrier_StartAlg=1;CPXPARAM_Emphasis_MIP=2;CPXPARAM_Emphasis_Memory=0;CPXPARAM_Emphasis_Numerical=0;CPXPARAM_Feasopt_Mode=0;CPXPARAM_LPMethod=0;CPXPARAM_MIP_Cuts_Cliques=-1;CPXPARAM_MIP_Cuts_Covers=2;CPXPARAM_MIP_Cuts_Disjunctive=1;CPXPARAM_MIP_Cuts_FlowCovers=2;CPXPARAM_MIP_Cuts_GUBCovers=1;CPXPARAM_MIP_Cuts_Gomory=0;CPXPARAM_MIP_Cuts_Implied=-1;CPXPARAM_MIP_Cuts_MIRCut=-1;CPXPARAM_MIP_Cuts_PathCut=-1;CPXPARAM_MIP_Limits_AggForCut=3;CPXPARAM_MIP_Limits_CutPasses=0;CPXPARAM_MIP_Limits_CutsFactor=-1;CPXPARAM_MIP_Limits_GomoryCand=400;CPXPARAM_MIP_Limits_GomoryPass=0;CPXPARAM_MIP_Limits_Nodes=9223372036800000000;CPXPARAM_MIP_Limits_ProbeTime=1e+75;CPXPARAM_MIP_Limits_RepairTries=0;CPXPARAM_MIP_Limits_StrongCand=10;CPXPARAM_MIP_Limits_StrongIt=0;CPXPARAM_MIP_OrderType=0;CPXPARAM_MIP_Strategy_BBInterval=7;CPXPARAM_MIP_Strategy_Branch=0;CPXPARAM_MIP_Strategy_Dive=0;CPXPARAM_MIP_Strategy_File=1;CPXPARAM_MIP_Strategy_HeuristicFreq=0;CPXPARAM_MIP_Strategy_LBHeur=0;CPXPARAM_MIP_Strategy_NodeSelect=1;CPXPARAM_MIP_Strategy_Order=1;CPXPARAM_MIP_Strategy_PresolveNode=0;CPXPARAM_MIP_Strategy_Probe=0;CPXPARAM_MIP_Strategy_RINSHeur=0;CPXPARAM_MIP_Strategy_StartAlgorithm=0;CPXPARAM_MIP_Strategy_SubAlgorithm=0;CPXPARAM_MIP_Strategy_VariableSelect=0;CPXPARAM_Network_NetFind=2;CPXPARAM_Network_Pricing=0;CPXPARAM_Parallel=1;CPXPARAM_Preprocessing_Aggregator=-1;CPXPARAM_Preprocessing_BoundStrength=-1;CPXPARAM_Preprocessing_CoeffReduce=-1;CPXPARAM_Preprocessing_Dependency=-1;CPXPARAM_Preprocessing_Dual=0;CPXPARAM_Preprocessing_Fill=10;CPXPARAM_Preprocessing_NumPass=-1;CPXPARAM_Preprocessing_Presolve=1;CPXPARAM_Preprocessing_QPMakePSD=1;CPXPARAM_Preprocessing_Reduce=3;CPXPARAM_Preprocessing_Relax=-1;CPXPARAM_Preprocessing_RepeatPresolve=-1;CPXPARAM_Preprocessing_Symmetry=-1;CPXPARAM_Read_Scale=0;CPXPARAM_Sifting_Algorithm=4;CPXPARAM_Simplex_Crash=1;CPXPARAM_Simplex_DGradient=0;CPXPARAM_Simplex_Limits_Perturbation=0;CPXPARAM_Simplex_Limits_Singularity=10;CPXPARAM_Simplex_PGradient=0;CPXPARAM_Simplex_Pricing=0;CPXPARAM_Simplex_Refactor=0
17323295580115765340,0,CPXPARAM_Advance=1;CPXPARAM_Barrier_Algorithm=0;CPXPARAM_Barrier_ColNonzeros=0;CPXPARAM_Barrier_Crossover=0;CPXPARAM_Barrier_Limits_Corrections=-1;CPXPARAM_Barrier_Ordering=0;CPXPARAM_Barrier_StartAlg=1;CPXPARAM_Emphasis_MIP=2;CPXPARAM_Emphasis_Memory=0;CPXPARAM_Emphasis_Numerical=0;CPXPARAM_Feasopt_Mode=0;CPXPARAM_LPMethod=0;CPXPARAM_MIP_Cuts_Cliques=-1;CPXPARAM_MIP_Cuts_Covers=2;CPXPARAM_MIP_Cuts_Disjunctive=1;CPXPARAM_MIP_Cuts_FlowCovers=2;CPXPARAM_MIP_Cuts_GUBCovers=1;CPXPARAM_MIP_Cuts_Gomory=0;CPXPARAM_MIP_Cuts_Implied=-1;CPXPARAM_MIP_Cuts_MIRCut=-1;CPXPARAM_MIP_Cuts_PathCut=-1;CPXPARAM_MIP_Limits_AggForCut=3;CPXPARAM_MIP_Limits_CutPasses=0;CPXPARAM_MIP_Limits_CutsFactor=-1;CPXPARAM_MIP_Limits_GomoryCand=400;CPXPARAM_MIP_Limits_GomoryPass=0;CPXPARAM_MIP_Limits_Nodes=9223372036800000000;CPXPARAM_MIP_Limits_ProbeTime=1e+75;CPXPARAM_MIP_Limits_RepairTries=0;CPXPARAM_MIP_Limits_StrongCand=10;CPXPARAM_MIP_Limits_StrongIt=0;CPXPARAM_MIP_OrderType=0;CPXPARAM_MIP_Strategy_BBInterval=7;CPXPARAM_MIP_Strategy_Branch=0;CPXPARAM_MIP_Strategy_Dive=0;CPXPARAM_MIP_Strategy_File=1;CPXPARAM_MIP_Strategy_HeuristicFreq=0;CPXPARAM_MIP_Strategy_LBHeur=0;CPXPARAM_MIP_Strategy_NodeSelect=1;CPXPARAM_MIP_Strategy_Order=1;CPXPARAM_MIP_Strategy_PresolveNode=0;CPXPARAM_MIP_Strategy_Probe=0;CPXPARAM_MIP_Strategy_RINSHeur=0;CPXPARAM_MIP_Strategy_StartAlgorithm=0;CPXPARAM_MIP_Strategy_SubAlgorithm=0;CPXPARAM_MIP_Strategy_VariableSelect=0;CPXPARAM_Network_NetFind=2;CPXPARAM_Network_Pricing=0;CPXPARAM_Parallel=1;CPXPARAM_Preprocessing_Aggregator=-1;CPXPARAM_Preprocessing_BoundStrength=-1;CPXPARAM_Preprocessing_CoeffReduce=-1;CPXPARAM_Preprocessing_Dependency=-1;CPXPARAM_Preprocessing_Dual=0;CPXPARAM_Preprocessing_Fill=10;CPXPARAM_Preprocessing_NumPass=-1;CPXPARAM_Preprocessing_Presolve=1;CPXPARAM_Preprocessing_QPMakePSD=1;CPXPARAM_Preprocessing_Reduce=3;CPXPARAM_Preprocessing_Relax=-1;CPXPARAM_Preprocessing_RepeatPresolve=-1;CPXPARAM_Preprocessing_Symmetry=-1;CPXPARAM_Read_Scale=0;CPXPARAM_Sifting_Algorithm=3;CPXPARAM_Simplex_Crash=1;CPXPARAM_Simplex_DGradient=0;CPXPARAM_Simplex_Limits_Perturbation=0;CPXPARAM_Simplex_Limits_Singularity=10;CPXPARAM_Simplex_PGradient=0;CPXPARAM_Simplex_Pricing=0;CPXPARAM_Simplex_Refactor=0
15099613389012001521,0,CPXPARAM_Advance=1;CPXPARAM_Barrier_Algorithm=0;CPXPARAM_Barrier_ColNonzeros=0;CPXPARAM_Barrier_Crossover=0;CPXPARAM_Barrier_Limits_Corrections=-1;CPXPARAM_Barrier_Ordering=0;CPXPARAM_Barrier_StartAlg=1;CPXPARAM_Emphasis_MIP=2;CPXPARAM_Emphasis_Memory=0;CPXPARAM_Emphasis_Numerical=0;CPXPARAM_Feasopt_Mode=0;CPXPARAM_LPMethod=0;CPXPARAM_MIP_Cuts_Cliques=-1;CPXPARAM_MIP_Cuts_Covers=2;CPXPARAM_MIP_Cuts_Disjunctive=1;CPXPARAM_MIP_Cuts_FlowCovers=2;CPXPARAM_MIP_Cuts_GUBCovers=1;CPXPARAM_MIP_Cuts_Gomory=0;CPXPARAM_MIP_Cuts_Implied=-1;CPXPARAM_MIP_Cuts_MIRCut=-1;CPXPARAM_MIP_Cuts_PathCut=-1;CPXPARAM_MIP_Limits_AggForCut=3;CPXPARAM_MIP_Limits_CutPasses=0;CPXPARAM_MIP_Limits_CutsFactor=-1;CPXPARAM_MIP_Limits_GomoryCand=400;CPXPARAM_MIP_Limits_GomoryPass=0;CPXPARAM_MIP_Limits_Nodes=9223372036800000000;CPXPARAM_MIP_Limits_ProbeTime=1e+75;CPXPARAM_MIP_Limits_RepairTries=0;CPXPARAM_MIP_Limits_StrongCand=10;CPXPARAM_MIP_Limits_StrongIt=0;CPXPARAM_MIP_OrderType=0;CPXPARAM_MIP_Strategy_BBInterval=7;CPXPARAM_MIP_Strategy_Branch=0;CPXPARAM_MIP_Strategy_Dive=0;CPXPARAM_MIP_Strategy_File=1;CPXPARAM_MIP_Strategy_HeuristicFreq=0;CPXPARAM_MIP_Strategy_LBHeur=0;CPXPARAM_MIP_Strategy_NodeSelect=1;CPXPARAM_MIP_Strategy_Order=1;CPXPARAM_MIP_Strategy_PresolveNode=0;CPXPARAM_MIP_Strategy_Probe=0;CPXPARAM_MIP_Strategy_RINSHeur=0;CPXPARAM_MIP_Strategy_StartAlgorithm=0;CPXPARAM_MIP_Strategy_SubAlgorithm=0;CPXPARAM_MIP_Strategy_VariableSelect=0;CPXPARAM_Network_NetFind=2;CPXPARAM_Network_Pricing=0;CPXPARAM_Parallel=1;CPXPARAM_Preprocessing_Aggregator=-1;CPXPARAM_Preprocessing_BoundStrength=-1;CPXPARAM_Preprocessing_CoeffReduce=-1;CPXPARAM_Preprocessing_Dependency=-1;CPXPARAM_Preprocessing_Dual=0;CPXPARAM_Preprocessing_Fill=10;CPXPARAM_Preprocessing_NumPass=-1;CPXPARAM_Preprocessing_Presolve=1;CPXPARAM_Preprocessing_QPMakePSD=1;CPXPARAM_Preprocessing_Reduce=3;CPXPARAM_Preprocessing_Relax=-1;CPXPARAM_Preprocessing_RepeatPresolve=-1;CPXPARAM_Preprocessing_Symmetry=-1;CPXPARAM_Read_Scale=0;CPXPARAM_Sifting_Algorithm=2;CPXPARAM_Simplex_Crash=1;CPXPARAM_Simplex_DGradient=0;CPXPARAM_Simplex_Limits_Perturbation=0;CPXPARAM_Simplex_Limits_Singularity=10;CPXPARAM_Simplex_PGradient=0;CPXPARAM_Simplex_Pricing=0;CPXPARAM_Simplex_Refactor=0
13148660642250383090,0,CPXPARAM_Advance=1;CPXPARAM_Barrier_Algorithm=0;CPXPARAM_Barrier_ColNonzeros=0;CPXPARAM_Barrier_Crossover=0;CPXPARAM_Barrier_Limits_Corrections=-1;CPXPARAM_Barrier_Ordering=0;CPXPARAM_Barrier_StartAlg=1;CPXPARAM_Emphasis_MIP=2;CPXPARAM_Emphasis_Memory=0;CPXPARAM_Emphasis_Numerical=0;CPXPARAM_Feasopt_Mode=0;CPXPARAM_LPMethod=0;CPXPARAM_MIP_Cuts_Cliques=-1;CPXPARAM_MIP_Cuts_Covers=2;CPXPARAM_MIP_Cuts_Disjunctive=1;CPXPARAM_MIP_Cuts_FlowCovers=2;CPXPARAM_MIP_Cuts_GUBCovers=1;CPXPARAM_MIP_Cuts_Gomory=0;CPXPARAM_MIP_Cuts_Implied=-1;CPXPARAM_MIP_Cuts_MIRCut=-1;CPXPARAM_MIP_Cuts_PathCut=-1;CPXPARAM_MIP_Limits_AggForCut=3;CPXPARAM_MIP_Limits_CutPasses=0;CPXPARAM_MIP_Limits_CutsFactor=-1;CPXPARAM_MIP_Limits_GomoryCand=400;CPXPARAM_MIP_Limits_GomoryPass=0;CPXPARAM_MIP_Limits_Nodes=9223372036800000000;CPXPARAM_MIP_Limits_ProbeTime=1e+75;CPXPARAM_MIP_Limits_RepairTries=0;CPXPARAM_MIP_Limits_StrongCand=10;CPXPARAM_MIP_Limits_StrongIt=0;CPXPARAM_MIP_OrderType=0;CPXPARAM_MIP_Strategy_BBInterval=7;CPXPARAM_MIP_Strategy_Branch=0;CPXPARAM_MIP_Strategy_Dive=0;CPXPARAM_MIP_Strategy_File=1;CPXPARAM_MIP_Strategy_HeuristicFreq=0;CPXPARAM_MIP_Strategy_LBHeur=0;CPXPARAM_MIP_Strategy_NodeSelect=1;CPXPARAM_MIP_Strategy_Order=1;CPXPARAM_MIP_Strategy_PresolveNode=0;CPXPARAM_MIP_Strategy_Probe=0;CPXPARAM_MIP_Strategy_RINSHeur=0;CPXPARAM_MIP_Strategy_StartAlgorithm=0;CPXPARAM_MIP_Strategy_SubAlgorithm=0;CPXPARAM_MIP_Strategy_VariableSelect=0;CPXPARAM_Network_NetFind=2;CPXPARAM_Network_Pricing=0;CPXPARAM_Parallel=1;CPXPARAM_Preprocessing_Aggregator=-1;CPXPARAM_Preprocessing_BoundStrength=-1;CPXPARAM_Preprocessing_CoeffReduce=-1;CPXPARAM_Preprocessing_Dependency=-1;CPXPARAM_Preprocessing_Dual=0;CPXPARAM_Preprocessing_Fill=10;CPXPARAM_Preprocessing_NumPass=-1;CPXPARAM_Preprocessing_Presolve=1;CPXPARAM_Preprocessing_QPMakePSD=1;CPXPARAM_Preprocessing_Reduce=3;CPXPARAM_Preprocessing_Relax=-1;CPXPARAM_Preprocessing_RepeatPresolve=-1;CPXPARAM_Preprocessing_Symmetry=-1;CPXPARAM_Read_Scale=1;CPXPARAM_Sifting_Algorithm=0;CPXPARAM_Simplex_Crash=1;CPXPARAM_Simplex_DGradient=0;CPXPARAM_Simplex_Limits_Perturbation=0;CPXPARAM_Simplex_Limits_Singularity=10;CPXPARAM_Simplex_PGradient=0;CPXPARAM_Simplex_Pricing=0;CPXPARAM_Simplex_Refactor=0
15126401038699948915,0,CPXPARAM_Advance=1;CPXPARAM_Barrier_Algorithm=0;CPXPARAM_Barrier_ColNonzeros=0;CPXPARAM_Barrier_Crossover=0;CPXPARAM_Barrier_Limits_Corrections=-1;CPXPARAM_Barrier_Ordering=0;CPXPARAM_Barrier_StartAlg=1;CPXPARAM_Emphasis_MIP=2;CPXPARAM_Emphasis_Memory=0;CPXPARAM_Emphasis_Numerical=0;CPXPARAM_Feasopt_Mode=0;CPXPARAM_LPMethod=0;CPXPARAM_MIP_Cuts_Cliques=-1;CPXPARAM_MIP_Cuts_Covers=2;CPXPARAM_MIP_Cuts_Disjunctive=1;CPXPARAM_MIP_Cuts_FlowCovers=2;CPXPARAM_MIP_Cuts_GUBCovers=1;CPXPARAM_MIP_Cuts_Gomory=0;CPXPARAM_MIP_Cuts_Implied=-1;CPXPARAM_MIP_Cuts_MIRCut=-1;CPXPARAM_MIP_Cuts_PathCut=-1;CPXPARAM_MIP_Limits_AggForCut=3;CPXPARAM_MIP_Limits_CutPasses=0;CPXPARAM_MIP_Limits_CutsFactor=-1;CPXPARAM_MIP_Limits_GomoryCand=400;CPXPARAM_MIP_Limits_GomoryPass=0;CPXPARAM_MIP_Limits_Nodes=9223372036800000000;CPXPARAM_MIP_Limits_ProbeTime=1e+75;CPXPARAM_MIP_Limits_RepairTries=0;CPXPARAM_MIP_Limits_StrongCand=10;CPXPARAM_MIP_Limits_StrongIt=0;CPXPARAM_MIP_OrderType=0;CPXPARAM_MIP_Strategy_BBInterval=7;CPXPARAM_MIP_Strategy_Branch=0;CPXPARAM_MIP_Strategy_Dive=0;CPXPARAM_MIP_Strategy_File=1;CPXPARAM_MIP_Strategy_HeuristicFreq=0;CPXPARAM_MIP_Strategy_LBHeur=0;CPXPARAM_MIP_Strategy_NodeSelect=1;CPXPARAM_MIP_Strategy_Order=1;CPXPARAM_MIP_Strategy_PresolveNode=0;CPXPARAM_MIP_Strategy_Probe=0;CPXPARAM_MIP_Strategy_RINSHeur=0;CPXPARAM_MIP_Strategy_StartAlgorithm=0;CPXPARAM_MIP_Strategy_SubAlgorithm=0;CPXPARAM_MIP_Strategy_VariableSelect=0;CPXPARAM_Network_NetFind=2;CPXPARAM_Network_Pricing=0;CPXPARAM_Parallel=1;CPXPARAM_Preprocessing_Aggregator=-1;CPXPARAM_Preprocessing_BoundStrength=-1;CPXPARAM_Preprocessing_CoeffReduce=-1;CPXPARAM_Preprocessing_Dependency=-1;CPXPARAM_Preprocessing_Dual=0;CPXPARAM_Preprocessing_Fill=10;CPXPARAM_Preprocessing_NumPass=-1;CPXPARAM_Preprocessing_Presolve=1;CPXPARAM_Preprocessing_QPMakePSD=1;CPXPARAM_Preprocessing_Reduce=3;CPXPARAM_Preprocessing_Relax=-1;CPXPARAM_Preprocessing_RepeatPresolve=-1;CPXPARAM_Preprocessing_Symmetry=-1;CPXPARAM_Read_Scale=-1;CPXPARAM_Sifting_Algorithm=0;CPXPARAM_Simplex_Crash=1;CPXPARAM_Simplex_DGradient=0;CPXPARAM_Simplex_Limits_Perturbation=0;CPXPARAM_Simplex_Limits_Singularity=10;CPXPARAM_Simplex_PGradient=0;CPXPARAM_Simplex_Pricing=0;CPXPARAM_Simplex_Refactor=0
8767596322653764061,0,CPXPARAM_Advance=1;CPXPARAM_Barrier_Algorithm=0;CPXPARAM_Barrier_ColNonzeros=0;CPXPARAM_Barrier_Crossover=0;CPXPARAM_Barrier_Limits_Corrections=-1;CPXPARAM_Barrier_Ordering=0;CPXPARAM_Barrier_StartAlg=1;CPXPARAM_Emphasis_MIP=5;CPXPARAM_Emphasis_Memory=0;CPXPARAM_Emphasis_Numerical=0;CPXPARAM_Feasopt_Mode=0;CPXPARAM_LPMethod=0;CPXPARAM_MIP_Cuts_Cliques=0;CPXPARAM_MIP_Cuts_Covers=0;CPXPARAM_MIP_Cuts_Disjunctive=0;CPXPARAM_MIP_Cuts_FlowCovers=-1;CPXPARAM_MIP_Cuts_GUBCovers=1;CPXPARAM_MIP_Cuts_Gomory=-1;CPXPARAM_MIP_Cuts_Implied=1;CPXPARAM_MIP_Cuts_MIRCut=2;CPXPARAM_MIP_Cuts_PathCut=0;CPXPARAM_MIP_Limits_AggForCut=3;CPXPARAM_MIP_Limits_CutPasses=0;CPXPARAM_MIP_Limits_CutsFactor=-1;CPXPARAM_MIP_Limits_GomoryCand=400;CPXPARAM_MIP_Limits_GomoryPass=0;CPXPARAM_MIP_Limits_Nodes=9223372036800000000;CPXPARAM_MIP_Limits_ProbeTime=1e+75;CPXPARAM_MIP_Limits_RepairTries=0;CPXPARAM_MIP_Limits_StrongCand=10;CPXPARAM_MIP_Limits_StrongIt=0;CPXPARAM_MIP_OrderType=3;CPXPARAM_MIP_Strategy_BBInterval=7;CPXPARAM_MIP_Strategy_Branch=-1;CPXPARAM_MIP_Strategy_Dive=0;CPXPARAM_MIP_Strategy_File=1;CPXPARAM_MIP_Strategy_HeuristicFreq=0;CPXPARAM_MIP_Strategy_LBHeur=0;CPXPARAM_MIP_Strategy_NodeSelect=0;CPXPARAM_MIP_Strategy_Order=1;CPXPARAM_MIP_Strategy_PresolveNode=1;CPXPARAM_MIP_Strategy_Probe=1;CPXPARAM_MIP_Strategy_RINSHeur=0;CPXPARAM_MIP_Strategy_StartAlgorithm=0;CPXPARAM_MIP_Strategy_SubAlgorithm=0;CPXPARAM_MIP_Strategy_VariableSelect=4;CPXPARAM_Network_NetFind=2;CPXPARAM_Network_Pricing=0;CPXPARAM_Parallel=1;CPXPARAM_Preprocessing_Aggregator=-1;CPXPARAM_Preprocessing_BoundStrength=-1;CPXPARAM_Preprocessing_CoeffReduce=-1;CPXPARAM_Preprocessing_Dependency=-1;CPXPARAM_Preprocessing_Dual=0;CPXPARAM_Preprocessing_Fill=40;CPXPARAM_Preprocessing_NumPass=-1;CPXPARAM_Preprocessing_Presolve=1;CPXPARAM_Preprocessing_QPMakePSD=1;CPXPARAM_Preprocessing_Reduce=0;CPXPARAM_Preprocessing_Relax=-1;CPXPARAM_Preprocessing_RepeatPresolve=-1;CPXPARAM_Preprocessing_Symmetry=-1;CPXPARAM_Read_Scale=0;CPXPARAM_Sifting_Algorithm=0;CPXPARAM_Simplex_Crash=1;CPXPARAM_Simplex_DGradient=0;CPXPARAM_Simplex_Limits_Perturbation=0;CPXPARAM_Simplex_Limits_Singularity=10;CPXPARAM_Simplex_PGradient=0;CPXPARAM_Simplex_Pricing=0;CPXPARAM_Simplex_Refactor=0
12452543926457277416,0,CPXPARAM_Advance=1;CPXPARAM_Barrier_Algorithm=0;CPXPARAM_Barrier_ColNonzeros=0;CPXPARAM_Barrier_Crossover=0;CPXPARAM_Barrier_Limits_Corrections=-1;CPXPARAM_Barrier_Ordering=0;CPXPARAM_Barrier_StartAlg=1;CPXPARAM_Emphasis_MIP=5;CPXPARAM_Emphasis_Memory=0;CPXPARAM_Emphasis_Numerical=0;CPXPARAM_Feasopt_Mode=0;CPXPARAM_LPMethod=0;CPXPARAM_MIP_Cuts_Cliques=3;CPXPARAM_MIP_Cuts_Covers=0;CPXPARAM_MIP_Cuts_Disjunctive=-1;CPXPARAM_MIP_Cuts_FlowCovers=-1;CPXPARAM_MIP_Cuts_GUBCovers=1;CPXPARAM_MIP_Cuts_Gomory=-1;CPXPARAM_MIP_Cuts_Implied=1;CPXPARAM_MIP_Cuts_MIRCut=2;CPXPARAM_MIP_Cuts_PathCut=0;CPXPARAM_MIP_Limits_AggForCut=3;CPXPARAM_MIP_Limits_CutPasses=0;CPXPARAM_MIP_Limits_CutsFactor=-1;CPXPARAM_MIP_Limits_GomoryCand=400;CPXPARAM_MIP_Limits_GomoryPass=0;CPXPARAM_MIP_Limits_Nodes=9223372036800000000;CPXPARAM_MIP_Limits_ProbeTime=1e+75;CPXPARAM_MIP_Limits_RepairTries=0;CPXPARAM_MIP_Limits_StrongCand=10;CPXPARAM_MIP_Limits_StrongIt=0;CPXPARAM_MIP_OrderType=3;CPXPARAM_MIP_Strategy_BBInterval=7;CPXPARAM_MIP_Strategy_Branch=-1;CPXPARAM_MIP_Strategy_Dive=0;CPXPARAM_MIP_Strategy_File=1;CPXPARAM_MIP_Strategy_HeuristicFreq=0;CPXPARAM_MIP_Strategy_LBHeur=0;CPXPARAM_MIP_Strategy_NodeSelect=0;CPXPARAM_MIP_Strategy_Order=1;CPXPARAM_MIP_Strategy_PresolveNode=1;CPXPARAM_MIP_Strategy_Probe=1;CPXPARAM_MIP_Strategy_RINSHeur=0;CPXPARAM_MIP_Strategy_StartAlgorithm=0;CPXPARAM_MIP_Strategy_SubAlgorithm=0;CPXPARAM_MIP_Strategy_VariableSelect=4;CPXPARAM_Network_NetFind=2;CPXPARAM_Network_Pricing=0;CPXPARAM_Parallel=1;CPXPARAM_Preprocessing_Aggregator=-1;CPXPARAM_Preprocessing_BoundStrength=-1;CPXPARAM_Preprocessing_CoeffReduce=-1;CPXPARAM_Preprocessing_Dependency=-1;CPXPARAM_Preprocessing_Dual=0;CPXPARAM_Preprocessing_Fill=40;CPXPARAM_Preprocessing_NumPass=-1;CPXPARAM_Preprocessing_Presolve=1;CPXPARAM_Preprocessing_QPMakePSD=1;CPXPARAM_Preprocessing_Reduce=0;CPXPARAM_Preprocessing_Relax=-1;CPXPARAM_Preprocessing_RepeatPresolve=-1;CPXPARAM_Preprocessing_Symmetry=-1;CPXPARAM_Read_Scale=0;CPXPARAM_Sifting_Algorithm=0;CPXPARAM_Simplex_Crash=1;CPXPARAM_Simplex_DGradient=0;CPXPARAM_Simplex_Limits_Perturbation=0;CPXPARAM_Simplex_Limits_Singularity=10;CPXPARAM_Simplex_PGradient=0;CPXPARAM_Simplex_Pricing=0;CPXPARAM_Simplex_Refactor=0
15667356503145855129,0,CPXPARAM_Advance=1;CPXPARAM_Barrier_Algorithm=0;CPXPARAM_Barrier_ColNonzeros=0;CPXPARAM_Barrier_Crossover=0;CPXPARAM_Barrier_Limits_Corrections=-1;CPXPARAM_Barrier_Ordering=0;CPXPARAM_Barrier_StartAlg=1;CPXPARAM_Emphasis_MIP=5;CPXPARAM_Emphasis_Memory=0;CPXPARAM_Emphasis_Numerical=0;CPXPARAM_Feasopt_Mode=0;CPXPARAM_LPMethod=0;CPXPARAM_MIP_Cuts_Cliques=0;CPXPARAM_MIP_Cuts_Covers=0;CPXPARAM_MIP_Cuts_Disjunctive=-1;CPXPARAM_MIP_Cuts_FlowCovers=-1;CPXPARAM_MIP_Cuts_GUBCovers=1;CPXPARAM_MIP_Cuts_Gomory=-1;CPXPARAM_MIP_Cuts_Implied=1;CPXPARAM_MIP_Cuts_MIRCut=2;CPXPARAM_MIP_Cuts_PathCut=0;CPXPARAM_MIP_Limits_AggForCut=3;CPXPARAM_MIP_Limits_CutPasses=0;CPXPARAM_MIP_Limits_CutsFactor=-1;CPXPARAM_MIP_Limits_GomoryCand=400;CPXPARAM_MIP_Limits_GomoryPass=0;CPXPARAM_MIP_Limits_Nodes=9223372036800000000;CPXPARAM_MIP_Limits_ProbeTime=1e+75;CPXPARAM_MIP_Limits_RepairTries=0;CPXPARAM_MIP_Limits_StrongCand=10;CPXPARAM_MIP_Limits_StrongIt=0;CPXPARAM_MIP_OrderType=3;CPXPARAM_MIP_Strategy_BBInterval=7;CPXPARAM_MIP_Strategy_Branch=-1;CPXPARAM_MIP_Strategy_Dive=0;CPXPARAM_MIP_Strategy_File=1;CPXPARAM_MIP_Strategy_HeuristicFreq=0;CPXPARAM_MIP_Strategy_LBHeur=0;CPXPARAM_MIP_Strategy_NodeSelect=0;CPXPARAM_MIP_Strategy_Order=1;CPXPARAM_MIP_Strategy_PresolveNode=1;CPXPARAM_MIP_Strategy_Probe=1;CPXPARAM_MIP_Strategy_RINSHeur=0;CPXPARAM_MIP_Strategy_StartAlgorithm=0;CPXPARAM_MIP_Strategy_SubAlgorithm=0;CPXPARAM_MIP_Strategy_VariableSelect=1;CPXPARAM_Network_NetFind=2;CPXPARAM_Network_Pricing=0;CPXPARAM_Parallel=1;CPXPARAM_Preprocessing_Aggregator=-1;CPXPARAM_Preprocessing_BoundStrength=-1;CPXPARAM_Preprocessing_CoeffReduce=-1;CPXPARAM_Preprocessing_Dependency=-1;CPXPARAM_Preprocessing_Dual=0;CPXPARAM_Preprocessing_Fill=40;CPXPARAM_Preprocessing_NumPass=-1;CPXPARAM_Preprocessing_Presolve=1;CPXPARAM_Preprocessing_QPMakePSD=1;CPXPARAM_Preprocessing_Reduce=0;CPXPARAM_Preprocessing_Relax=-1;CPXPARAM_Preprocessing_RepeatPresolve=-1;CPXPARAM_Preprocessing_Symmetry=-1;CPXPARAM_Read_Scale=0;CPXPARAM_Sifting_Algorithm=0;CPXPARAM_Simplex_Crash=1;CPXPARAM_Simplex_DGradient=0;CPXPARAM_Simplex_Limits_Perturbation=0;CPXPARAM_Simplex_Limits_Singularity=10;CPXPARAM_Simplex_PGradient=0;CPXPARAM_Simplex_Pricing=0;CPXPARAM_Simplex_Refactor=0
16844630082212285811,0,CPXPARAM_Advance=1;CPXPARAM_Barrier_Algorithm=0;CPXPARAM_Barrier_ColNonzeros=0;CPXPARAM_Barrier_Crossover=0;CPXPARAM_Barrier_Limits_Corrections=-1;CPXPARAM_Barrier_Ordering=0;CPXPARAM_Barrier_StartAlg=1;CPXPARAM_Emphasis_MIP=0;CPXPARAM_Emphasis_Memory=0;CPXPARAM_Emphasis_Numerical=0;CPXPARAM_Feasopt_Mode=0;CPXPARAM_LPMethod=0;CPXPARAM_MIP_Cuts_Cliques=-1;CPXPARAM_MIP_Cuts_Covers=2;CPXPARAM_MIP_Cuts_Disjunctive=0;CPXPARAM_MIP_Cuts_FlowCovers=-1;CPXPARAM_MIP_Cuts_GUBCovers=1;CPXPARAM_MIP_Cuts_Gomory=0;CPXPARAM_MIP_Cuts_Implied=-1;CPXPARAM_MIP_Cuts_MIRCut=-1;CPXPARAM_MIP_Cuts_PathCut=1;CPXPARAM_MIP_Limits_AggForCut=10;CPXPARAM_MIP_Limits_CutPasses=0;CPXPARAM_MIP_Limits_CutsFactor=-1;CPXPARAM_MIP_Limits_GomoryCand=100;CPXPARAM_MIP_Limits_GomoryPass=0;CPXPARAM_MIP_Limits_Nodes=9223372036800000000;CPXPARAM_MIP_Limits_ProbeTime=1e+75;CPXPARAM_MIP_Limits_RepairTries=0;CPXPARAM_MIP_Limits_StrongCand=10;CPXPARAM_MIP_Limits_StrongIt=0;CPXPARAM_MIP_OrderType=1;CPXPARAM_MIP_Strategy_BBInterval=7;CPXPARAM_MIP_Strategy_Branch=0;CPXPARAM_MIP_Strategy_Dive=0;CPXPARAM_MIP_Strategy_File=1;CPXPARAM_MIP_Strategy_HeuristicFreq=0;CPXPARAM_MIP_Strategy_LBHeur=0;CPXPARAM_MIP_Strategy_NodeSelect=0;CPXPARAM_MIP_Strategy_Order=1;CPXPARAM_MIP_Strategy_PresolveNode=-1;CPXPARAM_MIP_Strategy_Probe=3;CPXPARAM_MIP_Strategy_RINSHeur=0;CPXPARAM_MIP_Strategy_StartAlgorithm=0;CPXPARAM_MIP_Strategy_SubAlgorithm=0;CPXPARAM_MIP_Strategy_VariableSelect=2;CPXPARAM_Network_NetFind=2;CPXPARAM_Network_Pricing=0;CPXPARAM_Parallel=1;CPXPARAM_Preprocessing_Aggregator=-1;CPXPARAM_Preprocessing_BoundStrength=-1;CPXPARAM_Preprocessing_CoeffReduce=-1;CPXPARAM_Preprocessing_Dependency=-1;CPXPARAM_Preprocessing_Dual=0;CPXPARAM_Preprocessing_Fill=2;CPXPARAM_Preprocessing_NumPass=-1;CPXPARAM_Preprocessing_Presolve=1;CPXPARAM_Preprocessing_QPMakePSD=1;CPXPARAM_Preprocessing_Reduce=1;CPXPARAM_Preprocessing_Relax=-1;CPXPARAM_Preprocessing_RepeatPresolve=-1;CPXPARAM_Preprocessing_Symmetry=-1;CPXPARAM_Read_Scale=0;CPXPARAM_Sifting_Algorithm=0;CPXPARAM_Simplex_Crash=1;CPXPARAM_Simplex_DGradient=0;CPXPARAM_Simplex_Limits_Perturbation=0;CPXPARAM_Simplex_Limits_Singularity=10;CPXPARAM_Simplex_PGradient=0;CPXPARAM_Simplex_Pricing=0;CPXPARAM_Simplex_Refactor=0
10136173506634526020,0,CPXPARAM_Advance=1;CPXPARAM_Barrier_Algorithm=0;CPXPARAM_Barrier_ColNonzeros=0;CPXPARAM_Barrier_Crossover=0;CPXPARAM_Barrier_Limits_Corrections=-1;CPXPARAM_Barrier_Ordering=0;CPXPARAM_Barrier_StartAlg=1;CPXPARAM_Emphasis_MIP=5;CPXPARAM_Emphasis_Memory=0;CPXPARAM_Emphasis_Numerical=0;CPXPARAM_Feasopt_Mode=0;CPXPARAM_LPMethod=0;CPXPARAM_MIP_Cuts_Cliques=0;CPXPARAM_MIP_Cuts_Covers=0;CPXPARAM_MIP_Cuts_Disjunctive=-1;CPXPARAM_MIP_Cuts_FlowCovers=-1;CPXPARAM_MIP_Cuts_GUBCovers=1;CPXPARAM_MIP_Cuts_Gomory=-1;CPXPARAM_MIP_Cuts_Implied=1;CPXPARAM_MIP_Cuts_MIRCut=1;CPXPARAM_MIP_Cuts_PathCut=0;CPXPARAM_MIP_Limits_AggForCut=3;CPXPARAM_MIP_Limits_CutPasses=0;CPXPARAM_MIP_Limits_CutsFactor=-1;CPXPARAM_MIP_Limits_GomoryCand=400;CPXPARAM_MIP_Limits_GomoryPass=0;CPXPARAM_MIP_Limits_Nodes=9223372036800000000;CPXPARAM_MIP_Limits_ProbeTime=1e+75;CPXPARAM_MIP_Limits_RepairTries=0;CPXPARAM_MIP_Limits_StrongCand=10;CPXPARAM_MIP_Limits_StrongIt=0;CPXPARAM_MIP_OrderType=3;CPXPARAM_MIP_Strategy_BBInterval=7;CPXPARAM_MIP_Strategy_Branch=-1;CPXPARAM_MIP_Strategy_Dive=0;CPXPARAM_MIP_Strategy_File=1;CPXPARAM_MIP_Strategy_HeuristicFreq=0;CPXPARAM_MIP_Strategy_LBHeur=0;CPXPARAM_MIP_Strategy_NodeSelect=0;CPXPARAM_MIP_Strategy_Order=1;CPXPARAM_MIP_Strategy_PresolveNode=1;CPXPARAM_MIP_Strategy_Probe=1;CPXPARAM_MIP_Strategy_RINSHeur=0;CPXPARAM_MIP_Strategy_StartAlgorithm=0;CPXPARAM_MIP_Strategy_SubAlgorithm=0;CPXPARAM_MIP_Strategy_VariableSelect=4;CPXPARAM_Network_NetFind=2;CPXPARAM_Network_Pricing=0;CPXPARAM_Parallel=1;CPXPARAM_Preprocessing_Aggregator=-1;CPXPARAM_Preprocessing_BoundStrength=-1;CPXPARAM_Preprocessing_CoeffReduce=-1;CPXPARAM_Preprocessing_Dependency=-1;CPXPARAM_Preprocessing_Dual=0;CPXPARAM_Preprocessing_Fill=40;CPXPARAM_Preprocessing_NumPass=-1;CPXPARAM_Preprocessing_Presolve=1;CPXPARAM_Preprocessing_QPMakePSD=1;CPXPARAM_Preprocessing_Reduce=0;CPXPARAM_Preprocessing_Relax=-1;CPXPARAM_Preprocessing_RepeatPresolve=-1;CPXPARAM_Preprocessing_Symmetry=-1;CPXPARAM_Read_Scale=0;CPXPARAM_Sifting_Algorithm=0;CPXPARAM_Simplex_Crash=1;CPXPARAM_Simplex_DGradient=0;CPXPARAM_Simplex_Limits_Perturbation=0;CPXPARAM_Simplex_Limits_Singularity=10;CPXPARAM_Simplex_PGradient=0;CPXPARAM_Simplex_Pricing=0;CPXPARAM_Simplex_Refactor=0
4141990111577390716,0,CPXPARAM_Advance=1;CPXPARAM_Barrier_Algorithm=0;CPXPARAM_Barrier_ColNonzeros=0;CPXPARAM_Barrier_Crossover=0;CPXPARAM_Barrier_Limits_Corrections=-1;CPXPARAM_Barrier_Ordering=0;CPXPARAM_Barrier_StartAlg=1;CPXPARAM_Emphasis_MIP=5;CPXPARAM_Emphasis_Memory=0;CPXPARAM_Emphasis_Numerical=0;CPXPARAM_Feasopt_Mode=0;CPXPARAM_LPMethod=0;CPXPARAM_MIP_Cuts_Cliques=0;CPXPARAM_MIP_Cuts_Covers=0;CPXPARAM_MIP_Cuts_Disjunctive=-1;CPXPARAM_MIP_Cuts_FlowCovers=-1;CPXPARAM_MIP_Cuts_GUBCovers=1;CPXPARAM_MIP_Cuts_Gomory=-1;CPXPARAM_MIP_Cuts_Implied=1;CPXPARAM_MIP_Cuts_MIRCut=2;CPXPARAM_MIP_Cuts_PathCut=0;CPXPARAM_MIP_Limits_AggForCut=3;CPXPARAM_MIP_Limits_CutPasses=0;CPXPARAM_MIP_Limits_CutsFactor=-1;CPXPARAM_MIP_Limits_GomoryCand=400;CPXPARAM_MIP_Limits_GomoryPass=0;CPXPARAM_MIP_Limits_Nodes=9223372036800000000;CPXPARAM_MIP_Limits_ProbeTime=1e+75;CPXPARAM_MIP_Limits_RepairTries=0;CPXPARAM_MIP_Limits_StrongCand=10;CPXPARAM_MIP_Limits_StrongIt=0;CPXPARAM_MIP_OrderType=3;CPXPARAM_MIP_Strategy_BBInterval=7;CPXPARAM_MIP_Strategy_Branch=-1;CPXPARAM_MIP_Strategy_Dive=0;CPXPARAM_MIP_Strategy_File=1;CPXPARAM_MIP_Strategy_HeuristicFreq=0;CPXPARAM_MIP_Strategy_LBHeur=0;CPXPARAM_MIP_Strategy_NodeSelect=0;CPXPARAM_MIP_Strategy_Order=1;CPXPARAM_MIP_Strategy_PresolveNode=1;CPXPARAM_MIP_Strategy_Probe=-1;CPXPARAM_MIP_Strategy_RINSHeur=0;CPXPARAM_MIP_Strategy_StartAlgorithm=0;CPXPARAM_MIP_Strategy_SubAlgorithm=0;CPXPARAM_MIP_Strategy_VariableSelect=4;CPXPARAM_Network_NetFind=2;CPXPARAM_Network_Pricing=0;CPXPARAM_Parallel=1;CPXPARAM_Preprocessing_Aggregator=-1;CPXPARAM_Preprocessing_BoundStrength=-1;CPXPARAM_Preprocessing_CoeffReduce=-1;CPXPARAM_Preprocessing_Dependency=-1;CPXPARAM_Preprocessing_Dual=0;CPXPARAM_Preprocessing_Fill=40;CPXPARAM_Preprocessing_NumPass=-1;CPXPARAM_Preprocessing_Presolve=1;CPXPARAM_Preprocessing_QPMakePSD=1;CPXPARAM_Preprocessing_Reduce=0;CPXPARAM_Preprocessing_Relax=-1;CPXPARAM_Preprocessing_RepeatPresolve=-1;CPXPARAM_Preprocessing_Symmetry=-1;CPXPARAM_Read_Scale=0;CPXPARAM_Sifting_Algorithm=0;CPXPARAM_Simplex_Crash=1;CPXPARAM_Simplex_DGradient=0;CPXPARAM_Simplex_Limits_Perturbation=0;CPXPARAM_Simplex_Limits_Singularity=10;CPXPARAM_Simplex_PGradient=0;CPXPARAM_Simplex_Pricing=0;CPXPARAM_Simplex_Refactor=0
11538170916132020018,0,CPXPARAM_Advance=1;CPXPARAM_Barrier_Algorithm=0;CPXPARAM_Barrier_ColNonzeros=0;CPXPARAM_Barrier_Crossover=0;CPXPARAM_Barrier_Limits_Corrections=-1;CPXPARAM_Barrier_Ordering=0;CPXPARAM_Barrier_StartAlg=1;CPXPARAM_Emphasis_MIP=5;CPXPARAM_Emphasis_Memory=0;CPXPARAM_Emphasis_Numerical=0;CPXPARAM_Feasopt_Mode=0;CPXPARAM_LPMethod=0;CPXPARAM_MIP_Cuts_Cliques=0;CPXPARAM_MIP_Cuts_Covers=0;CPXPARAM_MIP_Cuts_Disjunctive=1;CPXPARAM_MIP_Cuts_FlowCovers=-1;CPXPARAM_MIP_Cuts_GUBCovers=1;CPXPARAM_MIP_Cuts_Gomory=-1;CPXPARAM_MIP_Cuts_Implied=1;CPXPARAM_MIP_Cuts_MIRCut=2;CPXPARAM_MIP_Cuts_PathCut=0;CPXPARAM_MIP_Limits_AggForCut=3;CPXPARAM_MIP_Limits_CutPasses=0;CPXPARAM_MIP_Limits_CutsFactor=-1;CPXPARAM_MIP_Limits_GomoryCand=400;CPXPARAM_MIP_Limits_GomoryPass=0;CPXPARAM_MIP_Limits_Nodes=9223372036800000000;CPXPARAM_MIP_Limits_ProbeTime=1e+75;CPXPARAM_MIP_Limits_RepairTries=0;CPXPARAM_MIP_Limits_StrongCand=10;CPXPARAM_MIP_Limits_StrongIt=0;CPXPARAM_MIP_OrderType=3;CPXPARAM_MIP_Strategy_BBInterval=7;CPXPARAM_MIP_Strategy_Branch=-1;CPXPARAM_MIP_Strategy_Dive=0;CPXPARAM_MIP_Strategy_File=1;CPXPARAM_MIP_Strategy_HeuristicFreq=0;CPXPARAM_MIP_Strategy_LBHeur=0;CPXPARAM_MIP_Strategy_NodeSelect=0;CPXPARAM_MIP_Strategy_Order=1;CPXPARAM_MIP_Strategy_PresolveNode=1;CPXPARAM_MIP_Strategy_Probe=1;CPXPARAM_MIP_Strategy_RINSHeur=0;CPXPARAM_MIP_Strategy_StartAlgorithm=0;CPXPARAM_MIP_Strategy_SubAlgorithm=0;CPXPARAM_MIP_Strategy_VariableSelect=-1;CPXPARAM_Network_NetFind=2;CPXPARAM_Network_Pricing=0;CPXPARAM_Parallel=1;CPXPARAM_Preprocessing_Aggregator=-1;CPXPARAM_Preprocessing_BoundStrength=-1;CPXPARAM_Preprocessing_CoeffReduce=-1;CPXPARAM_Preprocessing_Dependency=-1;CPXPARAM_Preprocessing_Dual=0;CPXPARAM_Preprocessing_Fill=40;CPXPARAM_Preprocessing_NumPass=-1;CPXPARAM_Preprocessing_Presolve=1;CPXPARAM_Preprocessing_QPMakePSD=1;CPXPARAM_Preprocessing_Reduce=0;CPXPARAM_Preprocessing_Relax=-1;CPXPARAM_Preprocessing_RepeatPresolve=-1;CPXPARAM_Preprocessing_Symmetry=-1;CPXPARAM_Read_Scale=0;CPXPARAM_Sifting_Algorithm=0;CPXPARAM_Simplex_Crash=1;CPXPARAM_Simplex_DGradient=0;CPXPARAM_Simplex_Limits_Perturbation=0;CPXPARAM_Simplex_Limits_Singularity=10;CPXPARAM_Simplex_PGradient=0;CPXPARAM_Simplex_Pricing=0;CPXPARAM_Simplex_Refactor=0
12293389064690586480,0,CPXPARAM_Advance=1;CPXPARAM_Barrier_Algorithm=0;CPXPARAM_Barrier_ColNonzeros=0;CPXPARAM_Barrier_Crossover=0;CPXPARAM_Barrier_Limits_Corrections=-1;CPXPARAM_Barrier_Ordering=0;CPXPARAM_Barrier_StartAlg=1;CPXPARAM_Emphasis_MIP=5;CPXPARAM_Emphasis_Memory=0;CPXPARAM_Emphasis_Numerical=0;CPXPARAM_Feasopt_Mode=0;CPXPARAM_LPMethod=0;CPXPARAM_MIP_Cuts_Cliques=0;CPXPARAM_MIP_Cuts_Covers=0;CPXPARAM_MIP_Cuts_Disjunctive=-1;CPXPARAM_MIP_Cuts_FlowCovers=-1;CPXPARAM_MIP_Cuts_GUBCovers=1;CPXPARAM_MIP_Cuts_Gomory=-1;CPXPARAM_MIP_Cuts_Implied=1;CPXPARAM_MIP_Cuts_MIRCut=2;CPXPARAM_MIP_Cuts_PathCut=0;CPXPARAM_MIP_Limits_AggForCut=3;CPXPARAM_MIP_Limits_CutPasses=0;CPXPARAM_MIP_Limits_CutsFactor=-1;CPXPARAM_MIP_Limits_GomoryCand=400;CPXPARAM_MIP_Limits_GomoryPass=0;CPXPARAM_MIP_Limits_Nodes=9223372036800000000;CPXPARAM_MIP_Limits_ProbeTime=1e+75;CPXPARAM_MIP_Limits_RepairTries=0;CPXPARAM_MIP_Limits_StrongCand=10;CPXPARAM_MIP_Limits_StrongIt=0;CPXPARAM_MIP_OrderType=3;CPXPARAM_MIP_Strategy_BBInterval=7;CPXPARAM_MIP_Strategy_Branch=-1;CPXPARAM_MIP_Strategy_Dive=0;CPXPARAM_MIP_Strategy_File=1;CPXPARAM_MIP_Strategy_HeuristicFreq=0;CPXPARAM_MIP_Strategy_LBHeur=0;CPXPARAM_MIP_Strategy_NodeSelect=0;CPXPARAM_MIP_Strategy_Order=1;CPXPARAM_MIP_Strategy_PresolveNode=1;CPXPARAM_MIP_Strategy_Probe=1;CPXPARAM_MIP_Strategy_RINSHeur=0;CPXPARAM_MIP_Strategy_StartAlgorithm=0;CPXPARAM_MIP_Strategy_SubAlgorithm=0;CPXPARAM_MIP_Strategy_VariableSelect=-1;CPXPARAM_Network_NetFind=2;CPXPARAM_Network_Pricing=0;CPXPARAM_Parallel=1;CPXPARAM_Preprocessing_Aggregator=-1;CPXPARAM_Preprocessing_BoundStrength=-1;CPXPARAM_Preprocessing_CoeffReduce=-1;CPXPARAM_Preprocessing_Dependency=-1;CPXPARAM_Preprocessing_Dual=0;CPXPARAM_Preprocessing_Fill=20;CPXPARAM_Preprocessing_NumPass=-1;CPXPARAM_Preprocessing_Presolve=1;CPXPARAM_Preprocessing_QPMakePSD=1;CPXPARAM_Preprocessing_Reduce=0;CPXPARAM_Preprocessing_Relax=-1;CPXPARAM_Preprocessing_RepeatPresolve=-1;CPXPARAM_Preprocessing_Symmetry=-1;CPXPARAM_Read_Scale=0;CPXPARAM_Sifting_Algorithm=0;CPXPARAM_Simplex_Crash=1;CPXPARAM_Simplex_DGradient=0;CPXPARAM_Simplex_Limits_Perturbation=0;CPXPARAM_Simplex_Limits_Singularity=10;CPXPARAM_Simplex_PGradient=0;CPXPARAM_Simplex_Pricing=0;CPXPARAM_Simplex_Refactor=0
14409185431707144324,0,CPXPARAM_Advance=1;CPXPARAM_Barrier_Algorithm=0;CPXPARAM_Barrier_ColNonzeros=0;CPXPARAM_Barrier_Crossover=0;CPXPARAM_Barrier_Limits_Corrections=-1;CPXPARAM_Barrier_Ordering=0;CPXPARAM_Barrier_StartAlg=1;CPXPARAM_Emphasis_MIP=5;CPXPARAM_Emphasis_Memory=0;CPXPARAM_Emphasis_Numerical=0;CPXPARAM_Feasopt_Mode=0;CPXPARAM_LPMethod=0;CPXPARAM_MIP_Cuts_Cliques=0;CPXPARAM_MIP_Cuts_Covers=0;CPXPARAM_MIP_Cuts_Disjunctive=-1;CPXPARAM_MIP_Cuts_FlowCovers=-1;CPXPARAM_MIP_Cuts_GUBCovers=1;CPXPARAM_MIP_Cuts_Gomory=-1;CPXPARAM_MIP_Cuts_Implied=1;CPXPARAM_MIP_Cuts_MIRCut=2;CPXPARAM_MIP_Cuts_PathCut=0;CPXPARAM_MIP_Limits_AggForCut=3;CPXPARAM_MIP_Limits_CutPasses=0;CPXPARAM_MIP_Limits_CutsFactor=-1;CPXPARAM_MIP_Limits_GomoryCand=400;CPXPARAM_MIP_Limits_GomoryPass=0;CPXPARAM_MIP_Limits_Nodes=9223372036800000000;CPXPARAM_MIP_Limits_ProbeTime=1e+75;CPXPARAM_MIP_Limits_RepairTries=0;CPXPARAM_MIP_Limits_StrongCand=10;CPXPARAM_MIP_Limits_StrongIt=0;CPXPARAM_MIP_OrderType=3;CPXPARAM_MIP_Strategy_BBInterval=7;CPXPARAM_MIP_Strategy_Branch=-1;CPXPARAM_MIP_Strategy_Dive=0;CPXPARAM_MIP_Strategy_File=1;CPXPARAM_MIP_Strategy_HeuristicFreq=0;CPXPARAM_MIP_Strategy_LBHeur=0;CPXPARAM_MIP_Strategy_NodeSelect=0;CPXPARAM_MIP_Strategy_Order=1;CPXPARAM_MIP_Strategy_PresolveNode=1;CPXPARAM_MIP_Strategy_Probe=1;CPXPARAM_MIP_Strategy_RINSHeur=0;CPXPARAM_MIP_Strategy_StartAlgorithm=0;CPXPARAM_MIP_Strategy_SubAlgorithm=0;CPXPARAM_MIP_Strategy_VariableSelect=-1;CPXPARAM_Network_NetFind=2;CPXPARAM_Network_Pricing=0;CPXPARAM_Parallel=1;CPXPARAM_Preprocessing_Aggregator=-1;CPXPARAM_Preprocessing_BoundStrength=-1;CPXPARAM_Preprocessing_CoeffReduce=-1;CPXPARAM_Preprocessing_Dependency=-1;CPXPARAM_Preprocessing_Dual=0;CPXPARAM_Preprocessing_Fill=40;CPXPARAM_Preprocessing_NumPass=-1;CPXPARAM_Preprocessing_Presolve=1;CPXPARAM_Preprocessing_QPMakePSD=1;CPXPARAM_Preprocessing_Reduce=0;CPXPARAM_Preprocessing_Relax=-1;CPXPARAM_Preprocessing_RepeatPresolve=-1;CPXPARAM_Preprocessing_Symmetry=-1;CPXPARAM_Read_Scale=0;CPXPARAM_Sifting_Algorithm=0;CPXPARAM_Simplex_Crash=1;CPXPARAM_Simplex_DGradient=0;CPXPARAM_Simplex_Limits_Perturbation=0;CPXPARAM_Simplex_Limits_Singularity=10;CPXPARAM_Simplex_PGradient=0;CPXPARAM_Simplex_Pricing=0;CPXPARAM_Simplex_Refactor=0
5198440794660435979,0,CPXPARAM_Advance=1;CPXPARAM_Barrier_Algorithm=0;CPXPARAM_Barrier_ColNonzeros=0;CPXPARAM_Barrier_Crossover=0;CPXPARAM_Barrier_Limits_Corrections=-1;CPXPARAM_Barrier_Ordering=0;CPXPARAM_Barrier_StartAlg=1;CPXPARAM_Emphasis_MIP=0;CPXPARAM_Emphasis_Memory=0;CPXPARAM_Emphasis_Numerical=0;CPXPARAM_Feasopt_Mode=0;CPXPARAM_LPMethod=0;CPXPARAM_MIP_Cuts_Cliques=0;CPXPARAM_MIP_Cuts_Covers=2;CPXPARAM_MIP_Cuts_Disjunctive=0;CPXPARAM_MIP_Cuts_FlowCovers=0;CPXPARAM_MIP_Cuts_GUBCovers=2;CPXPARAM_MIP_Cuts_Gomory=1;CPXPARAM_MIP_Cuts_Implied=-1;CPXPARAM_MIP_Cuts_MIRCut=-1;CPXPARAM_MIP_Cuts_PathCut=2;CPXPARAM_MIP_Limits_AggForCut=0;CPXPARAM_MIP_Limits_CutPasses=0;CPXPARAM_MIP_Limits_CutsFactor=-1;CPXPARAM_MIP_Limits_GomoryCand=400;CPXPARAM_MIP_Limits_GomoryPass=0;CPXPARAM_MIP_Limits_Nodes=9223372036800000000;CPXPARAM_MIP_Limits_ProbeTime=1e+75;CPXPARAM_MIP_Limits_RepairTries=0;CPXPARAM_MIP_Limits_StrongCand=10;CPXPARAM_MIP_Limits_StrongIt=0;CPXPARAM_MIP_OrderType=0;CPXPARAM_MIP_Strategy_BBInterval=7;CPXPARAM_MIP_Strategy_Branch=-1;CPXPARAM_MIP_Strategy_Dive=0;CPXPARAM_MIP_Strategy_File=1;CPXPARAM_MIP_Strategy_HeuristicFreq=0;CPXPARAM_MIP_Strategy_LBHeur=0;CPXPARAM_MIP_Strategy_NodeSelect=0;CPXPARAM_MIP_Strategy_Order=1;CPXPARAM_MIP_Strategy_PresolveNode=-1;CPXPARAM_MIP_Strategy_Probe=-1;CPXPARAM_MIP_Strategy_RINSHeur=0;CPXPARAM_MIP_Strategy_StartAlgorithm=0;CPXPARAM_MIP_Strategy_SubAlgorithm=3;CPXPARAM_MIP_Strategy_VariableSelect=2;CPXPARAM_Network_NetFind=2;CPXPARAM_Network_Pricing=0;CPXPARAM_Parallel=1;CPXPARAM_Preprocessing_Aggregator=-1;CPXPARAM_Preprocessing_BoundStrength=-1;CPXPARAM_Preprocessing_CoeffReduce=-1;CPXPARAM_Preprocessing_Dependency=-1;CPXPARAM_Preprocessing_Dual=0;CPXPARAM_Preprocessing_Fill=40;CPXPARAM_Preprocessing_NumPass=-1;CPXPARAM_Preprocessing_Presolve=1;CPXPARAM_Preprocessing_QPMakePSD=1;CPXPARAM_Preprocessing_Reduce=0;CPXPARAM_Preprocessing_Relax=-1;CPXPARAM_Preprocessing_RepeatPresolve=-1;CPXPARAM_Preprocessing_Symmetry=-1;CPXPARAM_Read_Scale=0;CPXPARAM_Sifting_Algorithm=0;CPXPARAM_Simplex_Crash=1;CPXPARAM_Simplex_DGradient=0;CPXPARAM_Simplex_Limits_Perturbation=0;CPXPARAM_Simplex_Limits_Singularity=10;CPXPARAM_Simplex_PGradient=0;CPXPARAM_Simplex_Pricing=0;CPXPARAM_Simplex_Refactor=0
3739528211241141684,0,CPXPARAM_Advance=1;CPXPARAM_Barrier_Algorithm=0;CPXPARAM_Barrier_ColNonzeros=0;CPXPARAM_Barrier_Crossover=0;CPXPARAM_Barrier_Limits_Corrections=-1;CPXPARAM_Barrier_Ordering=0;CPXPARAM_Barrier_StartAlg=1;CPXPARAM_Emphasis_MIP=5;CPXPARAM_Emphasis_Memory=0;CPXPARAM_Emphasis_Numerical=0;CPXPARAM_Feasopt_Mode=0;CPXPARAM_LPMethod=0;CPXPARAM_MIP_Cuts_Cliques=3;CPXPARAM_MIP_Cuts_Covers=0;CPXPARAM_MIP_Cuts_Disjunctive=1;CPXPARAM_MIP_Cuts_FlowCovers=0;CPXPARAM_MIP_Cuts_GUBCovers=0;CPXPARAM_MIP_Cuts_Gomory=2;CPXPARAM_MIP_Cuts_Implied=1;CPXPARAM_MIP_Cuts_MIRCut=-1;CPXPARAM_MIP_Cuts_PathCut=1;CPXPARAM_MIP_Limits_AggForCut=5;CPXPARAM_MIP_Limits_CutPasses=0;CPXPARAM_MIP_Limits_CutsFactor=-1;CPXPARAM_MIP_Limits_GomoryCand=150;CPXPARAM_MIP_Limits_GomoryPass=0;CPXPARAM_MIP_Limits_Nodes=9223372036800000000;CPXPARAM_MIP_Limits_ProbeTime=1e+75;CPXPARAM_MIP_Limits_RepairTries=0;CPXPARAM_MIP_Limits_StrongCand=10;CPXPARAM_MIP_Limits_StrongIt=0;CPXPARAM_MIP_OrderType=3;CPXPARAM_MIP_Strategy_BBInterval=7;CPXPARAM_MIP_Strategy_Branch=0;CPXPARAM_MIP_Strategy_Dive=0;CPXPARAM_MIP_Strategy_File=1;CPXPARAM_MIP_Strategy_HeuristicFreq=0;CPXPARAM_MIP_Strategy_LBHeur=0;CPXPARAM_MIP_Strategy_NodeSelect=0;CPXPARAM_MIP_Strategy_Order=1;CPXPARAM_MIP_Strategy_PresolveNode=-1;CPXPARAM_MIP_Strategy_Probe=2;CPXPARAM_MIP_Strategy_RINSHeur=0;CPXPARAM_MIP_Strategy_StartAlgorithm=0;CPXPARAM_MIP_Strategy_SubAlgorithm=5;CPXPARAM_MIP_Strategy_VariableSelect=1;CPXPARAM_Network_NetFind=2;CPXPARAM_Network_Pricing=0;CPXPARAM_Parallel=1;CPXPARAM_Preprocessing_Aggregator=-1;CPXPARAM_Preprocessing_BoundStrength=-1;CPXPARAM_Preprocessing_CoeffReduce=-1;CPXPARAM_Preprocessing_Dependency=-1;CPXPARAM_Preprocessing_Dual=0;CPXPARAM_Preprocessing_Fill=20;CPXPARAM_Preprocessing_NumPass=-1;CPXPARAM_Preprocessing_Presolve=1;CPXPARAM_Preprocessing_QPMakePSD=1;CPXPARAM_Preprocessing_Reduce=1;CPXPARAM_Preprocessing_Relax=-1;CPXPARAM_Preprocessing_RepeatPresolve=-1;CPXPARAM_Preprocessing_Symmetry=-1;CPXPARAM_Read_Scale=0;CPXPARAM_Sifting_Algorithm=0;CPXPARAM_Simplex_Crash=1;CPXPARAM_Simplex_DGradient=0;CPXPARAM_Simplex_Limits_Perturbation=0;CPXPARAM_Simplex_Limits_Singularity=10;CPXPARAM_Simplex_PGradient=0;CPXPARAM_Simplex_Pricing=0;CPXPARAM_Simplex_Refactor=0
17054846776525330541,0,CPXPARAM_Advance=1;CPXPARAM_Barrier_Algorithm=0;CPXPARAM_Barrier_ColNonzeros=0;CPXPARAM_Barrier_Crossover=0;CPXPARAM_Barrier_Limits_Corrections=-1;CPXPARAM_Barrier_Ordering=0;CPXPARAM_Barrier_StartAlg=1;CPXPARAM_Emphasis_MIP=5;CPXPARAM_Emphasis_Memory=0;CPXPARAM_Emphasis_Numerical=0;CPXPARAM_Feasopt_Mode=0;CPXPARAM_LPMethod=0;CPXPARAM_MIP_Cuts_Cliques=3;CPXPARAM_MIP_Cuts_Covers=0;CPXPARAM_MIP_Cuts_Disjunctive=1;CPXPARAM_MIP_Cuts_FlowCovers=0;CPXPARAM_MIP_Cuts_GUBCovers=0;CPXPARAM_MIP_Cuts_Gomory=2;CPXPARAM_MIP_Cuts_Implied=1;CPXPARAM_MIP_Cuts_MIRCut=-1;CPXPARAM_MIP_Cuts_PathCut=1;CPXPARAM_MIP_Limits_AggForCut=5;CPXPARAM_MIP_Limits_CutPasses=0;CPXPARAM_MIP_Limits_CutsFactor=-1;CPXPARAM_MIP_Limits_GomoryCand=150;CPXPARAM_MIP_Limits_GomoryPass=0;CPXPARAM_MIP_Limits_Nodes=9223372036800000000;CPXPARAM_MIP_Limits_ProbeTime=1e+75;CPXPARAM_MIP_Limits_RepairTries=0;CPXPARAM_MIP_Limits_StrongCand=10;CPXPARAM_MIP_Limits_StrongIt=0;CPXPARAM_MIP_OrderType=3;CPXPARAM_MIP_Strategy_BBInterval=7;CPXPARAM_MIP_Strategy_Branch=0;CPXPARAM_MIP_Strategy_Dive=0;CPXPARAM_MIP_Strategy_File=1;CPXPARAM_MIP_Strategy_HeuristicFreq=0;CPXPARAM_MIP_Strategy_LBHeur=0;CPXPARAM_MIP_Strategy_NodeSelect=0;CPXPARAM_MIP_Strategy_Order=1;CPXPARAM_MIP_Strategy_PresolveNode=-1;CPXPARAM_MIP_Strategy_Probe=2;CPXPARAM_MIP_Strategy_RINSHeur=0;CPXPARAM_MIP_Strategy_StartAlgorithm=0;CPXPARAM_MIP_Strategy_SubAlgorithm=5;CPXPARAM_MIP_Strategy_VariableSelect=4;CPXPARAM_Network_NetFind=2;CPXPARAM_Network_Pricing=0;CPXPARAM_Parallel=1;CPXPARAM_Preprocessing_Aggregator=-1;CPXPARAM_Preprocessing_BoundStrength=-1;CPXPARAM_Preprocessing_CoeffReduce=-1;CPXPARAM_Preprocessing_Dependency=-1;CPXPARAM_Preprocessing_Dual=0;CPXPARAM_Preprocessing_Fill=10;CPXPARAM_Preprocessing_NumPass=-1;CPXPARAM_Preprocessing_Presolve=1;CPXPARAM_Preprocessing_QPMakePSD=1;CPXPARAM_Preprocessing_Reduce=1;CPXPARAM_Preprocessing_Relax=-1;CPXPARAM_Preprocessing_RepeatPresolve=-1;CPXPARAM_Preprocessing_Symmetry=-1;CPXPARAM_Read_Scale=0;CPXPARAM_Sifting_Algorithm=0;CPXPARAM_Simplex_Crash=1;CPXPARAM_Simplex_DGradient=0;CPXPARAM_Simplex_Limits_Perturbation=0;CPXPARAM_Simplex_Limits_Singularity=10;CPXPARAM_Simplex_PGradient=0;CPXPARAM_Simplex_Pricing=0;CPXPARAM_Simplex_Refactor=0
2409222799368336738,0,CPXPARAM_Advance=1;CPXPARAM_Barrier_Algorithm=0;CPXPARAM_Barrier_ColNonzeros=0;CPXPARAM_Barrier_Crossover=0;CPXPARAM_Barrier_Limits_Corrections=-1;CPXPARAM_Barrier_Ordering=0;CPXPARAM_Barrier_StartAlg=1;CPXPARAM_Emphasis_MIP=5;CPXPARAM_Emphasis_Memory=0;CPXPARAM_Emphasis_Numerical=0;CPXPARAM_Feasopt_Mode=0;CPXPARAM_LPMethod=0;CPXPARAM_MIP_Cuts_Cliques=3;CPXPARAM_MIP_Cuts_Covers=0;CPXPARAM_MIP_Cuts_Disjunctive=1;CPXPARAM_MIP_Cuts_FlowCovers=0;CPXPARAM_MIP_Cuts_GUBCovers=0;CPXPARAM_MIP_Cuts_Gomory=2;CPXPARAM_MIP_Cuts_Implied=1;CPXPARAM_MIP_Cuts_MIRCut=-1;CPXPARAM_MIP_Cuts_PathCut=1;CPXPARAM_MIP_Limits_AggForCut=5;CPXPARAM_MIP_Limits_CutPasses=0;CPXPARAM_MIP_Limits_CutsFactor=-1;CPXPARAM_MIP_Limits_GomoryCand=150;CPXPARAM_MIP_Limits_GomoryPass=0;CPXPARAM_MIP_Limits_Nodes=9223372036800000000;CPXPARAM_MIP_Limits_ProbeTime=1e+75;CPXPARAM_MIP_Limits_RepairTries=0;CPXPARAM_MIP_Limits_StrongCand=10;CPXPARAM_MIP_Limits_StrongIt=0;CPXPARAM_MIP_OrderType=3;CPXPARAM_MIP_Strategy_BBInterval=7;CPXPARAM_MIP_Strategy_Branch=0;CPXPARAM_MIP_Strategy_Dive=0;CPXPARAM_MIP_Strategy_File=1;CPXPARAM_MIP_Strategy_HeuristicFreq=0;CPXPARAM_MIP_Strategy_LBHeur=0;CPXPARAM_MIP_Strategy_NodeSelect=0;CPXPARAM_MIP_Strategy_Order=1;CPXPARAM_MIP_Strategy_PresolveNode=-1;CPXPARAM_MIP_Strategy_Probe=2;CPXPARAM_MIP_Strategy_RINSHeur=0;CPXPARAM_MIP_Strategy_StartAlgorithm=0;CPXPARAM_MIP_Strategy_SubAlgorithm=5;CPXPARAM_MIP_Strategy_VariableSelect=4;CPXPARAM_Network_NetFind=2;CPXPARAM_Network_Pricing=0;CPXPARAM_Parallel=1;CPXPARAM_Preprocessing_Aggregator=-1;CPXPARAM_Preprocessing_BoundStrength=-1;CPXPARAM_Preprocessing_CoeffReduce=-1;CPXPARAM_Preprocessing_Dependency=-1;CPXPARAM_Preprocessing_Dual=0;CPXPARAM_Preprocessing_Fill=5;CPXPARAM_Preprocessing_NumPass=-1;CPXPARAM_Preprocessing_Presolve=1;CPXPARAM_Preprocessing_QPMakePSD=1;CPXPARAM_Preprocessing_Reduce=1;CPXPARAM_Preprocessing_Relax=-1;CPXPARAM_Preprocessing_RepeatPresolve=-1;CPXPARAM_Preprocessing_Symmetry=-1;CPXPARAM_Read_Scale=0;CPXPARAM_Sifting_Algorithm=0;CPXPARAM_Simplex_Crash=1;CPXPARAM_Simplex_DGradient=0;CPXPARAM_Simplex_Limits_Perturbation=0;CPXPARAM_Simplex_Limits_Singularity=10;CPXPARAM_Simplex_PGradient=0;CPXPARAM_Simplex_Pricing=0;CPXPARAM_Simplex_Refactor=0
7026546242051130540,0,CPXPARAM_Advance=1;CPXPARAM_Barrier_Algorithm=0;CPXPARAM_Barrier_ColNonzeros=0;CPXPARAM_Barrier_Crossover=0;CPXPARAM_Barrier_Limits_Corrections=-1;CPXPARAM_Barrier_Ordering=0;CPXPARAM_Barrier_StartAlg=1;CPXPARAM_Emphasis_MIP=5;CPXPARAM_Emphasis_Memory=0;CPXPARAM_Emphasis_Numerical=0;CPXPARAM_Feasopt_Mode=0;CPXPARAM_LPMethod=0;CPXPARAM_MIP_Cuts_Cliques=2;CPXPARAM_MIP_Cuts_Covers=0;CPXPARAM_MIP_Cuts_Disjunctive=1;CPXPARAM_MIP_Cuts_FlowCovers=0;CPXPARAM_MIP_Cuts_GUBCovers=0;CPXPARAM_MIP_Cuts_Gomory=2;CPXPARAM_MIP_Cuts_Implied=1;CPXPARAM_MIP_Cuts_MIRCut=-1;CPXPARAM_MIP_Cuts_PathCut=1;CPXPARAM_MIP_Limits_AggForCut=5;CPXPARAM_MIP_Limits_CutPasses=0;CPXPARAM_MIP_Limits_CutsFactor=-1;CPXPARAM_MIP_Limits_GomoryCand=150;CPXPARAM_MIP_Limits_GomoryPass=0;CPXPARAM_MIP_Limits_Nodes=9223372036800000000;CPXPARAM_MIP_Limits_ProbeTime=1e+75;CPXPARAM_MIP_Limits_RepairTries=0;CPXPARAM_MIP_Limits_StrongCand=10;CPXPARAM_MIP_Limits_StrongIt=0;CPXPARAM_MIP_OrderType=3;CPXPARAM_MIP_Strategy_BBInterval=7;CPXPARAM_MIP_Strategy_Branch=0;CPXPARAM_MIP_Strategy_Dive=0;CPXPARAM_MIP_Strategy_File=1;CPXPARAM_MIP_Strategy_HeuristicFreq=0;CPXPARAM_MIP_Strategy_LBHeur=0;CPXPARAM_MIP_Strategy_NodeSelect=0;CPXPARAM_MIP_Strategy_Order=1;CPXPARAM_MIP_Strategy_PresolveNode=-1;CPXPARAM_MIP_Strategy_Probe=2;CPXPARAM_MIP_Strategy_RINSHeur=0;CPXPARAM_MIP_Strategy_StartAlgorithm=0;CPXPARAM_MIP_Strategy_SubAlgorithm=5;CPXPARAM_MIP_Strategy_VariableSelect=4;CPXPARAM_Network_NetFind=2;CPXPARAM_Network_Pricing=0;CPXPARAM_Parallel=1;CPXPARAM_Preprocessing_Aggregator=-1;CPXPARAM_Preprocessing_BoundStrength=-1;CPXPARAM_Preprocessing_CoeffReduce=-1;CPXPARAM_Preprocessing_Dependency=-1;CPXPARAM_Preprocessing_Dual=0;CPXPARAM_Preprocessing_Fill=2;CPXPARAM_Preprocessing_NumPass=-1;CPXPARAM_Preprocessing_Presolve=1;CPXPARAM_Preprocessing_QPMakePSD=1;CPXPARAM_Preprocessing_Reduce=1;CPXPARAM_Preprocessing_Relax=-1;CPXPARAM_Preprocessing_RepeatPresolve=-1;CPXPARAM_Preprocessing_Symmetry=-1;CPXPARAM_Read_Scale=0;CPXPARAM_Sifting_Algorithm=0;CPXPARAM_Simplex_Crash=1;CPXPARAM_Simplex_DGradient=0;CPXPARAM_Simplex_Limits_Perturbation=0;CPXPARAM_Simplex_Limits_Singularity=10;CPXPARAM_Simplex_PGradient=0;CPXPARAM_Simplex_Pricing=0;CPXPARAM_Simplex_Refactor=0
16359507221107365905,0,CPXPARAM_Advance=1;CPXPARAM_Barrier_Algorithm=0;CPXPARAM_Barrier_ColNonzeros=0;CPXPARAM_Barrier_Crossover=0;CPXPARAM_Barrier_Limits_Corrections=-1;CPXPARAM_Barrier_Ordering=0;CPXPARAM_Barrier_StartAlg=1;CPXPARAM_Emphasis_MIP=5;CPXPARAM_Emphasis_Memory=0;CPXPARAM_Emphasis_Numerical=0;CPXPARAM_Feasopt_Mode=0;CPXPARAM_LPMethod=0;CPXPARAM_MIP_Cuts_Cliques=3;CPXPARAM_MIP_Cuts_Covers=0;CPXPARAM_MIP_Cuts_Disjunctive=1;CPXPARAM_MIP_Cuts_FlowCovers=0;CPXPARAM_MIP_Cuts_GUBCovers=0;CPXPARAM_MIP_Cuts_Gomory=2;CPXPARAM_MIP_Cuts_Implied=1;CPXPARAM_MIP_Cuts_MIRCut=-1;CPXPARAM_MIP_Cuts_PathCut=1;CPXPARAM_MIP_Limits_AggForCut=5;CPXPARAM_MIP_Limits_CutPasses=0;CPXPARAM_MIP_Limits_CutsFactor=-1;CPXPARAM_MIP_Limits_GomoryCand=150;CPXPARAM_MIP_Limits_GomoryPass=0;CPXPARAM_MIP_Limits_Nodes=9223372036800000000;CPXPARAM_MIP_Limits_ProbeTime=1e+75;CPXPARAM_MIP_Limits_RepairTries=0;CPXPARAM_MIP_Limits_StrongCand=10;CPXPARAM_MIP_Limits_StrongIt=0;CPXPARAM_MIP_OrderType=3;CPXPARAM_MIP_Strategy_BBInterval=7;CPXPARAM_MIP_Strategy_Branch=0;CPXPARAM_MIP_Strategy_Dive=0;CPXPARAM_MIP_Strategy_File=1;CPXPARAM_MIP_Strategy_HeuristicFreq=0;CPXPARAM_MIP_Strategy_LBHeur=0;CPXPARAM_MIP_Strategy_NodeSelect=0;CPXPARAM_MIP_Strategy_Order=1;CPXPARAM_MIP_Strategy_PresolveNode=-1;CPXPARAM_MIP_Strategy_Probe=2;CPXPARAM_MIP_Strategy_RINSHeur=0;CPXPARAM_MIP_Strategy_StartAlgorithm=0;CPXPARAM_MIP_Strategy_SubAlgorithm=5;CPXPARAM_MIP_Strategy_VariableSelect=1;CPXPARAM_Network_NetFind=2;CPXPARAM_Network_Pricing=0;CPXPARAM_Parallel=1;CPXPARAM_Preprocessing_Aggregator=-1;CPXPARAM_Preprocessing_BoundStrength=-1;CPXPARAM_Preprocessing_CoeffReduce=-1;CPXPARAM_Preprocessing_Dependency=-1;CPXPARAM_Preprocessing_Dual=0;CPXPARAM_Preprocessing_Fill=2;CPXPARAM_Preprocessing_NumPass=-1;CPXPARAM_Preprocessing_Presolve=1;CPXPARAM_Preprocessing_QPMakePSD=1;CPXPARAM_Preprocessing_Reduce=1;CPXPARAM_Preprocessing_Relax=-1;CPXPARAM_Preprocessing_RepeatPresolve=-1;CPXPARAM_Preprocessing_Symmetry=-1;CPXPARAM_Read_Scale=0;CPXPARAM_Sifting_Algorithm=0;CPXPARAM_Simplex_Crash=1;CPXPARAM_Simplex_DGradient=0;CPXPARAM_Simplex_Limits_Perturbation=0;CPXPARAM_Simplex_Limits_Singularity=10;CPXPARAM_Simplex_PGradient=0;CPXPARAM_Simplex_Pricing=0;CPXPARAM_Simplex_Refactor=0
5265766086600830771,0,CPXPARAM_Advance=1;CPXPARAM_Barrier_Algorithm=0;CPXPARAM_Barrier_ColNonzeros=0;CPXPARAM_Barrier_Crossover=0;CPXPARAM_Barrier_Limits_Corrections=-1;CPXPARAM_Barrier_Ordering=0;CPXPARAM_Barrier_StartAlg=1;CPXPARAM_Emphasis_MIP=5;CPXPARAM_Emphasis_Memory=0;CPXPARAM_Emphasis_Numerical=0;CPXPARAM_Feasopt_Mode=0;CPXPARAM_LPMethod=0;CPXPARAM_MIP_Cuts_Cliques=3;CPXPARAM_MIP_Cuts_Covers=0;CPXPARAM_MIP_Cuts_Disjunctive=1;CPXPARAM_MIP_Cuts_FlowCovers=0;CPXPARAM_MIP_Cuts_GUBCovers=0;CPXPARAM_MIP_Cuts_Gomory=2;CPXPARAM_MIP_Cuts_Implied=1;CPXPARAM_MIP_Cuts_MIRCut=-1;CPXPARAM_MIP_Cuts_PathCut=1;CPXPARAM_MIP_Limits_AggForCut=1;CPXPARAM_MIP_Limits_CutPasses=0;CPXPARAM_MIP_Limits_CutsFactor=-1;CPXPARAM_MIP_Limits_GomoryCand=150;CPXPARAM_MIP_Limits_GomoryPass=0;CPXPARAM_MIP_Limits_Nodes=9223372036800000000;CPXPARAM_MIP_Limits_ProbeTime=1e+75;CPXPARAM_MIP_Limits_RepairTries=0;CPXPARAM_MIP_Limits_StrongCand=10;CPXPARAM_MIP_Limits_StrongIt=0;CPXPARAM_MIP_OrderType=3;CPXPARAM_MIP_Strategy_BBInterval=7;CPXPARAM_MIP_Strategy_Branch=0;CPXPARAM_MIP_Strategy_Dive=0;CPXPARAM_MIP_Strategy_File=1;CPXPARAM_MIP_Strategy_HeuristicFreq=0;CPXPARAM_MIP_Strategy_LBHeur=0;CPXPARAM_MIP_Strategy_NodeSelect=0;CPXPARAM_MIP_Strategy_Order=1;CPXPARAM_MIP_Strategy_PresolveNode=-1;CPXPARAM_MIP_Strategy_Probe=2;CPXPARAM_MIP_Strategy_RINSHeur=0;CPXPARAM_MIP_Strategy_StartAlgorithm=0;CPXPARAM_MIP_Strategy_SubAlgorithm=5;CPXPARAM_MIP_Strategy_VariableSelect=4;CPXPARAM_Network_NetFind=2;CPXPARAM_Network_Pricing=0;CPXPARAM_Parallel=1;CPXPARAM_Preprocessing_Aggregator=-1;CPXPARAM_Preprocessing_BoundStrength=-1;CPXPARAM_Preprocessing_CoeffReduce=-1;CPXPARAM_Preprocessing_Dependency=-1;CPXPARAM_Preprocessing_Dual=0;CPXPARAM_Preprocessing_Fill=2;CPXPARAM_Preprocessing_NumPass=-1;CPXPARAM_Preprocessing_Presolve=1;CPXPARAM_Preprocessing_QPMakePSD=1;CPXPARAM_Preprocessing_Reduce=1;CPXPARAM_Preprocessing_Relax=-1;CPXPARAM_Preprocessing_RepeatPresolve=-1;CPXPARAM_Preprocessing_Symmetry=-1;CPXPARAM_Read_Scale=0;CPXPARAM_Sifting_Algorithm=0;CPXPARAM_Simplex_Crash=1;CPXPARAM_Simplex_DGradient=0;CPXPARAM_Simplex_Limits_Perturbation=0;CPXPARAM_Simplex_Limits_Singularity=10;CPXPARAM_Simplex_PGradient=0;CPXPARAM_Simplex_Pricing=0;CPXPARAM_Simplex_Refactor=0
1909000114140539495,0,CPXPARAM_Advance=1;CPXPARAM_Barrier_Algorithm=0;CPXPARAM_Barrier_ColNonzeros=0;CPXPARAM_Barrier_Crossover=0;CPXPARAM_Barrier_Limits_Corrections=-1;CPXPARAM_Barrier_Ordering=0;CPXPARAM_Barrier_StartAlg=1;CPXPARAM_Emphasis_MIP=5;CPXPARAM_Emphasis_Memory=0;CPXPARAM_Emphasis_Numerical=0;CPXPARAM_Feasopt_Mode=0;CPXPARAM_LPMethod=0;CPXPARAM_MIP_Cuts_Cliques=3;CPXPARAM_MIP_Cuts_Covers=0;CPXPARAM_MIP_Cuts_Disjunctive=1;CPXPARAM_MIP_Cuts_FlowCovers=0;CPXPARAM_MIP_Cuts_GUBCovers=0;CPXPARAM_MIP_Cuts_Gomory=0;CPXPARAM_MIP_Cuts_Implied=1;CPXPARAM_MIP_Cuts_MIRCut=-1;CPXPARAM_MIP_Cuts_PathCut=1;CPXPARAM_MIP_Limits_AggForCut=5;CPXPARAM_MIP_Limits_CutPasses=0;CPXPARAM_MIP_Limits_CutsFactor=-1;CPXPARAM_MIP_Limits_GomoryCand=150;CPXPARAM_MIP_Limits_GomoryPass=0;CPXPARAM_MIP_Limits_Nodes=9223372036800000000;CPXPARAM_MIP_Limits_ProbeTime=1e+75;CPXPARAM_MIP_Limits_RepairTries=0;CPXPARAM_MIP_Limits_StrongCand=10;CPXPARAM_MIP_Limits_StrongIt=0;CPXPARAM_MIP_OrderType=3;CPXPARAM_MIP_Strategy_BBInterval=7;CPXPARAM_MIP_Strategy_Branch=0;CPXPARAM_MIP_Strategy_Dive=0;CPXPARAM_MIP_Strategy_File=1;CPXPARAM_MIP_Strategy_HeuristicFreq=0;CPXPARAM_MIP_Strategy_LBHeur=0;CPXPARAM_MIP_Strategy_NodeSelect=0;CPXPARAM_MIP_Strategy_Order=1;CPXPARAM_MIP_Strategy_PresolveNode=-1;CPXPARAM_MIP_Strategy_Probe=2;CPXPARAM_MIP_Strategy_RINSHeur=0;CPXPARAM_MIP_Strategy_StartAlgorithm=0;CPXPARAM_MIP_Strategy_SubAlgorithm=5;CPXPARAM_MIP_Strategy_VariableSelect=4;CPXPARAM_Network_NetFind=2;CPXPARAM_Network_Pricing=0;CPXPARAM_Parallel=1;CPXPARAM_Preprocessing_Aggregator=-1;CPXPARAM_Preprocessing_BoundStrength=-1;CPXPARAM_Preprocessing_CoeffReduce=-1;CPXPARAM_Preprocessing_Dependency=-1;CPXPARAM_Preprocessing_Dual=0;CPXPARAM_Preprocessing_Fill=2;CPXPARAM_Preprocessing_NumPass=-1;CPXPARAM_Preprocessing_Presolve=1;CPXPARAM_Preprocessing_QPMakePSD=1;CPXPARAM_Preprocessing_Reduce=1;CPXPARAM_Preprocessing_Relax=-1;CPXPARAM_Preprocessing_RepeatPresolve=-1;CPXPARAM_Preprocessing_Symmetry=-1;CPXPARAM_Read_Scale=0;CPXPARAM_Sifting_Algorithm=0;CPXPARAM_Simplex_Crash=1;CPXPARAM_Simplex_DGradient=0;CPXPARAM_Simplex_Limits_Perturbation=0;CPXPARAM_Simplex_Limits_Singularity=10;CPXPARAM_Simplex_PGradient=0;CPXPARAM_Simplex_Pricing=0;CPXPARAM_Simplex_Refactor=0
5664104182559466749,0,CPXPARAM_Advance=1;CPXPARAM_Barrier_Algorithm=0;CPXPARAM_Barrier_ColNonzeros=0;CPXPARAM_Barrier_Crossover=0;CPXPARAM_Barrier_Limits_Corrections=-1;CPXPARAM_Barrier_Ordering=0;CPXPARAM_Barrier_StartAlg=1;CPXPARAM_Emphasis_MIP=5;CPXPARAM_Emphasis_Memory=0;CPXPARAM_Emphasis_Numerical=0;CPXPARAM_Feasopt_Mode=0;CPXPARAM_LPMethod=0;CPXPARAM_MIP_Cuts_Cliques=3;CPXPARAM_MIP_Cuts_Covers=0;CPXPARAM_MIP_Cuts_Disjunctive=0;CPXPARAM_MIP_Cuts_FlowCovers=0;CPXPARAM_MIP_Cuts_GUBCovers=0;CPXPARAM_MIP_Cuts_Gomory=2;CPXPARAM_MIP_Cuts_Implied=1;CPXPARAM_MIP_Cuts_MIRCut=-1;CPXPARAM_MIP_Cuts_PathCut=1;CPXPARAM_MIP_Limits_AggForCut=5;CPXPARAM_MIP_Limits_CutPasses=0;CPXPARAM_MIP_Limits_CutsFactor=-1;CPXPARAM_MIP_Limits_GomoryCand=150;CPXPARAM_MIP_Limits_GomoryPass=0;CPXPARAM_MIP_Limits_Nodes=9223372036800000000;CPXPARAM_MIP_Limits_ProbeTime=1e+75;CPXPARAM_MIP_Limits_RepairTries=0;CPXPARAM_MIP_Limits_StrongCand=10;CPXPARAM_MIP_Limits_StrongIt=0;CPXPARAM_MIP_OrderType=3;CPXPARAM_MIP_Strategy_BBInterval=7;CPXPARAM_MIP_Strategy_Branch=0;CPXPARAM_MIP_Strategy_Dive=0;CPXPARAM_MIP_Strategy_File=1;CPXPARAM_MIP_Strategy_HeuristicFreq=0;CPXPARAM_MIP_Strategy_LBHeur=0;CPXPARAM_MIP_Strategy_NodeSelect=0;CPXPARAM_MIP_Strategy_Order=1;CPXPARAM_MIP_Strategy_PresolveNode=-1;CPXPARAM_MIP_Strategy_Probe=2;CPXPARAM_MIP_Strategy_RINSHeur=0;CPXPARAM_MIP_Strategy_StartAlgorithm=0;CPXPARAM_MIP_Strategy_SubAlgorithm=5;CPXPARAM_MIP_Strategy_VariableSelect=4;CPXPARAM_Network_NetFind=2;CPXPARAM_Network_Pricing=0;CPXPARAM_Parallel=1;CPXPARAM_Preprocessing_Aggregator=-1;CPXPARAM_Preprocessing_BoundStrength=-1;CPXPARAM_Preprocessing_CoeffReduce=-1;CPXPARAM_Preprocessing_Dependency=-1;CPXPARAM_Preprocessing_Dual=0;CPXPARAM_Preprocessing_Fill=2;CPXPARAM_Preprocessing_NumPass=-1;CPXPARAM_Preprocessing_Presolve=1;CPXPARAM_Preprocessing_QPMakePSD=1;CPXPARAM_Preprocessing_Reduce=1;CPXPARAM_Preprocessing_Relax=-1;CPXPARAM_Preprocessing_RepeatPresolve=-1;CPXPARAM_Preprocessing_Symmetry=-1;CPXPARAM_Read_Scale=0;CPXPARAM_Sifting_Algorithm=0;CPXPARAM_Simplex_Crash=1;CPXPARAM_Simplex_DGradient=0;CPXPARAM_Simplex_Limits_Perturbation=0;CPXPARAM_Simplex_Limits_Singularity=10;CPXPARAM_Simplex_PGradient=0;CPXPARAM_Simplex_Pricing=0;CPXPARAM_Simplex_Refactor=0
14162250945436583131,0,CPXPARAM_Advance=1;CPXPARAM_Barrier_Algorithm=0;CPXPARAM_Barrier_ColNonzeros=0;CPXPARAM_Barrier_Crossover=0;CPXPARAM_Barrier_Limits_Corrections=-1;CPXPARAM_Barrier_Ordering=0;CPXPARAM_Barrier_StartAlg=1;CPXPARAM_Emphasis_MIP=5;CPXPARAM_Emphasis_Memory=0;CPXPARAM_Emphasis_Numerical=0;CPXPARAM_Feasopt_Mode=0;CPXPARAM_LPMethod=0;CPXPARAM_MIP_Cuts_Cliques=3;CPXPARAM_MIP_Cuts_Covers=0;CPXPARAM_MIP_Cuts_Disjunctive=1;CPXPARAM_MIP_Cuts_FlowCovers=0;CPXPARAM_MIP_Cuts_GUBCovers=0;CPXPARAM_MIP_Cuts_Gomory=2;CPXPARAM_MIP_Cuts_Implied=1;CPXPARAM_MIP_Cuts_MIRCut=-1;CPXPARAM_MIP_Cuts_PathCut=1;CPXPARAM_MIP_Limits_AggForCut=5;CPXPARAM_MIP_Limits_CutPasses=0;CPXPARAM_MIP_Limits_CutsFactor=-1;CPXPARAM_MIP_Limits_GomoryCand=50;CPXPARAM_MIP_Limits_GomoryPass=0;CPXPARAM_MIP_Limits_Nodes=9223372036800000000;CPXPARAM_MIP_Limits_ProbeTime=1e+75;CPXPARAM_MIP_Limits_RepairTries=0;CPXPARAM_MIP_Limits_StrongCand=10;CPXPARAM_MIP_Limits_StrongIt=0;CPXPARAM_MIP_OrderType=3;CPXPARAM_MIP_Strategy_BBInterval=7;CPXPARAM_MIP_Strategy_Branch=0;CPXPARAM_MIP_Strategy_Dive=0;CPXPARAM_MIP_Strategy_File=1;CPXPARAM_MIP_Strategy_HeuristicFreq=0;CPXPARAM_MIP_Strategy_LBHeur=0;CPXPARAM_MIP_Strategy_NodeSelect=0;CPXPARAM_MIP_Strategy_Order=1;CPXPARAM_MIP_Strategy_PresolveNode=-1;CPXPARAM_MIP_Strategy_Probe=2;CPXPARAM_MIP_Strategy_RINSHeur=0;CPXPARAM_MIP_Strategy_StartAlgorithm=0;CPXPARAM_MIP_Strategy_SubAlgorithm=5;CPXPARAM_MIP_Strategy_VariableSelect=4;CPXPARAM_Network_NetFind=2;CPXPARAM_Network_Pricing=0;CPXPARAM_Parallel=1;CPXPARAM_Preprocessing_Aggregator=-1;CPXPARAM_Preprocessing_BoundStrength=-1;CPXPARAM_Preprocessing_CoeffReduce=-1;CPXPARAM_Preprocessing_Dependency=-1;CPXPARAM_Preprocessing_Dual=0;CPXPARAM_Preprocessing_Fill=2;CPXPARAM_Preprocessing_NumPass=-1;CPXPARAM_Preprocessing_Presolve=1;CPXPARAM_Preprocessing_QPMakePSD=1;CPXPARAM_Preprocessing_Reduce=1;CPXPARAM_Preprocessing_Relax=-1;CPXPARAM_Preprocessing_RepeatPresolve=-1;CPXPARAM_Preprocessing_Symmetry=-1;CPXPARAM_Read_Scale=0;CPXPARAM_Sifting_Algorithm=0;CPXPARAM_Simplex_Crash=1;CPXPARAM_Simplex_DGradient=0;CPXPARAM_Simplex_Limits_Perturbation=0;CPXPARAM_Simplex_Limits_Singularity=10;CPXPARAM_Simplex_PGradient=0;CPXPARAM_Simplex_Pricing=0;CPXPARAM_Simplex_Refactor=0
17833260814758815153,0,CPXPARAM_Advance=1;CPXPARAM_Barrier_Algorithm=0;CPXPARAM_Barrier_ColNonzeros=0;CPXPARAM_Barrier_Crossover=0;CPXPARAM_Barrier_Limits_Corrections=-1;CPXPARAM_Barrier_Ordering=0;CPXPARAM_Barrier_StartAlg=1;CPXPARAM_Emphasis_MIP=5;CPXPARAM_Emphasis_Memory=0;CPXPARAM_Emphasis_Numerical=0;CPXPARAM_Feasopt_Mode=0;CPXPARAM_LPMethod=0;CPXPARAM_MIP_Cuts_Cliques=3;CPXPARAM_MIP_Cuts_Covers=0;CPXPARAM_MIP_Cuts_Disjunctive=1;CPXPARAM_MIP_Cuts_FlowCovers=0;CPXPARAM_MIP_Cuts_GUBCovers=0;CPXPARAM_MIP_Cuts_Gomory=2;CPXPARAM_MIP_Cuts_Implied=1;CPXPARAM_MIP_Cuts_MIRCut=-1;CPXPARAM_MIP_Cuts_PathCut=1;CPXPARAM_MIP_Limits_AggForCut=5;CPXPARAM_MIP_Limits_CutPasses=0;CPXPARAM_MIP_Limits_CutsFactor=-1;CPXPARAM_MIP_Limits_GomoryCand=150;CPXPARAM_MIP_Limits_GomoryPass=0;CPXPARAM_MIP_Limits_Nodes=9223372036800000000;CPXPARAM_MIP_Limits_ProbeTime=1e+75;CPXPARAM_MIP_Limits_RepairTries=0;CPXPARAM_MIP_Limits_StrongCand=10;CPXPARAM_MIP_Limits_StrongIt=0;CPXPARAM_MIP_OrderType=3;CPXPARAM_MIP_Strategy_BBInterval=7;CPXPARAM_MIP_Strategy_Branch=0;CPXPARAM_MIP_Strategy_Dive=0;CPXPARAM_MIP_Strategy_File=1;CPXPARAM_MIP_Strategy_HeuristicFreq=0;CPXPARAM_MIP_Strategy_LBHeur=0;CPXPARAM_MIP_Strategy_NodeSelect=0;CPXPARAM_MIP_Strategy_Order=1;CPXPARAM_MIP_Strategy_PresolveNode=-1;CPXPARAM_MIP_Strategy_Probe=2;CPXPARAM_MIP_Strategy_RINSHeur=0;CPXPARAM_MIP_Strategy_StartAlgorithm=0;CPXPARAM_MIP_Strategy_SubAlgorithm=5;CPXPARAM_MIP_Strategy_VariableSelect=-1;CPXPARAM_Network_NetFind=2;CPXPARAM_Network_Pricing=0;CPXPARAM_Parallel=1;CPXPARAM_Preprocessing_Aggregator=-1;CPXPARAM_Preprocessing_BoundStrength=-1;CPXPARAM_Preprocessing_CoeffReduce=-1;CPXPARAM_Preprocessing_Dependency=-1;CPXPARAM_Preprocessing_Dual=0;CPXPARAM_Preprocessing_Fill=2;CPXPARAM_Preprocessing_NumPass=-1;CPXPARAM_Preprocessing_Presolve=1;CPXPARAM_Preprocessing_QPMakePSD=1;CPXPARAM_Preprocessing_Reduce=1;CPXPARAM_Preprocessing_Relax=-1;CPXPARAM_Preprocessing_RepeatPresolve=-1;CPXPARAM_Preprocessing_Symmetry=-1;CPXPARAM_Read_Scale=0;CPXPARAM_Sifting_Algorithm=0;CPXPARAM_Simplex_Crash=1;CPXPARAM_Simplex_DGradient=0;CPXPARAM_Simplex_Limits_Perturbation=0;CPXPARAM_Simplex_Limits_Singularity=10;CPXPARAM_Simplex_PGradient=0;CPXPARAM_Simplex_Pricing=0;CPXPARAM_Simplex_Refactor=0
7056729253902355733,0,CPXPARAM_Advance=1;CPXPARAM_Barrier_Algorithm=0;CPXPARAM_Barrier_ColNonzeros=0;CPXPARAM_Barrier_Crossover=0;CPXPARAM_Barrier_Limits_Corrections=-1;CPXPARAM_Barrier_Ordering=0;CPXPARAM_Barrier_StartAlg=1;CPXPARAM_Emphasis_MIP=5;CPXPARAM_Emphasis_Memory=0;CPXPARAM_Emphasis_Numerical=0;CPXPARAM_Feasopt_Mode=0;CPXPARAM_LPMethod=0;CPXPARAM_MIP_Cuts_Cliques=3;CPXPARAM_MIP_Cuts_Covers=0;CPXPARAM_MIP_Cuts_Disjunctive=1;CPXPARAM_MIP_Cuts_FlowCovers=0;CPXPARAM_MIP_Cuts_GUBCovers=0;CPXPARAM_MIP_Cuts_Gomory=-1;CPXPARAM_MIP_Cuts_Implied=1;CPXPARAM_MIP_Cuts_MIRCut=-1;CPXPARAM_MIP_Cuts_PathCut=1;CPXPARAM_MIP_Limits_AggForCut=5;CPXPARAM_MIP_Limits_CutPasses=0;CPXPARAM_MIP_Limits_CutsFactor=-1;CPXPARAM_MIP_Limits_GomoryCand=400;CPXPARAM_MIP_Limits_GomoryPass=0;CPXPARAM_MIP_Limits_Nodes=9223372036800000000;CPXPARAM_MIP_Limits_ProbeTime=1e+75;CPXPARAM_MIP_Limits_RepairTries=0;CPXPARAM_MIP_Limits_StrongCand=10;CPXPARAM_MIP_Limits_StrongIt=0;CPXPARAM_MIP_OrderType=3;CPXPARAM_MIP_Strategy_BBInterval=7;CPXPARAM_MIP_Strategy_Branch=0;CPXPARAM_MIP_Strategy_Dive=0;CPXPARAM_MIP_Strategy_File=1;CPXPARAM_MIP_Strategy_HeuristicFreq=0;CPXPARAM_MIP_Strategy_LBHeur=0;CPXPARAM_MIP_Strategy_NodeSelect=0;CPXPARAM_MIP_Strategy_Order=1;CPXPARAM_MIP_Strategy_PresolveNode=-1;CPXPARAM_MIP_Strategy_Probe=2;CPXPARAM_MIP_Strategy_RINSHeur=0;CPXPARAM_MIP_Strategy_StartAlgorithm=0;CPXPARAM_MIP_Strategy_SubAlgorithm=5;CPXPARAM_MIP_Strategy_VariableSelect=4;CPXPARAM_Network_NetFind=2;CPXPARAM_Network_Pricing=0;CPXPARAM_Parallel=1;CPXPARAM_Preprocessing_Aggregator=-1;CPXPARAM_Preprocessing_BoundStrength=-1;CPXPARAM_Preprocessing_CoeffReduce=-1;CPXPARAM_Preprocessing_Dependency=-1;CPXPARAM_Preprocessing_Dual=0;CPXPARAM_Preprocessing_Fill=2;CPXPARAM_Preprocessing_NumPass=-1;CPXPARAM_Preprocessing_Presolve=1;CPXPARAM_Preprocessing_QPMakePSD=1;CPXPARAM_Preprocessing_Reduce=1;CPXPARAM_Preprocessing_Relax=-1;CPXPARAM_Preprocessing_RepeatPresolve=-1;CPXPARAM_Preprocessing_Symmetry=-1;CPXPARAM_Read_Scale=0;CPXPARAM_Sifting_Algorithm=0;CPXPARAM_Simplex_Crash=1;CPXPARAM_Simplex_DGradient=0;CPXPARAM_Simplex_Limits_Perturbation=0;CPXPARAM_Simplex_Limits_Singularity=10;CPXPARAM_Simplex_PGradient=0;CPXPARAM_Simplex_Pricing=0;CPXPARAM_Simplex_Refactor=0
6468899580417185626,0,CPXPARAM_Advance=1;CPXPARAM_Barrier_Algorithm=0;CPXPARAM_Barrier_ColNonzeros=0;CPXPARAM_Barrier_Crossover=0;CPXPARAM_Barrier_Limits_Corrections=-1;CPXPARAM_Barrier_Ordering=0;CPXPARAM_Barrier_StartAlg=1;CPXPARAM_Emphasis_MIP=5;CPXPARAM_Emphasis_Memory=0;CPXPARAM_Emphasis_Numerical=0;CPXPARAM_Feasopt_Mode=0;CPXPARAM_LPMethod=0;CPXPARAM_MIP_Cuts_Cliques=3;CPXPARAM_MIP_Cuts_Covers=0;CPXPARAM_MIP_Cuts_Disjunctive=1;CPXPARAM_MIP_Cuts_FlowCovers=0;CPXPARAM_MIP_Cuts_GUBCovers=0;CPXPARAM_MIP_Cuts_Gomory=2;CPXPARAM_MIP_Cuts_Implied=1;CPXPARAM_MIP_Cuts_MIRCut=-1;CPXPARAM_MIP_Cuts_PathCut=1;CPXPARAM_MIP_Limits_AggForCut=5;CPXPARAM_MIP_Limits_CutPasses=0;CPXPARAM_MIP_Limits_CutsFactor=-1;CPXPARAM_MIP_Limits_GomoryCand=150;CPXPARAM_MIP_Limits_GomoryPass=0;CPXPARAM_MIP_Limits_Nodes=9223372036800000000;CPXPARAM_MIP_Limits_ProbeTime=1e+75;CPXPARAM_MIP_Limits_RepairTries=0;CPXPARAM_MIP_Limits_StrongCand=10;CPXPARAM_MIP_Limits_StrongIt=0;CPXPARAM_MIP_OrderType=3;CPXPARAM_MIP_Strategy_BBInterval=7;CPXPARAM_MIP_Strategy_Branch=0;CPXPARAM_MIP_Strategy_Dive=0;CPXPARAM_MIP_Strategy_File=1;CPXPARAM_MIP_Strategy_HeuristicFreq=0;CPXPARAM_MIP_Strategy_LBHeur=0;CPXPARAM_MIP_Strategy_NodeSelect=0;CPXPARAM_MIP_Strategy_Order=1;CPXPARAM_MIP_Strategy_PresolveNode=-1;CPXPARAM_MIP_Strategy_Probe=2;CPXPARAM_MIP_Strategy_RINSHeur=0;CPXPARAM_MIP_Strategy_StartAlgorithm=0;CPXPARAM_MIP_Strategy_SubAlgorithm=5;CPXPARAM_MIP_Strategy_VariableSelect=4;CPXPARAM_Network_NetFind=2;CPXPARAM_Network_Pricing=0;CPXPARAM_Parallel=1;CPXPARAM_Preprocessing_Aggregator=-1;CPXPARAM_Preprocessing_BoundStrength=-1;CPXPARAM_Preprocessing_CoeffReduce=-1;CPXPARAM_Preprocessing_Dependency=-1;CPXPARAM_Preprocessing_Dual=0;CPXPARAM_Preprocessing_Fill=2;CPXPARAM_Preprocessing_NumPass=-1;CPXPARAM_Preprocessing_Presolve=1;CPXPARAM_Preprocessing_QPMakePSD=1;CPXPARAM_Preprocessing_Reduce=1;CPXPARAM_Preprocessing_Relax=-1;CPXPARAM_Preprocessing_RepeatPresolve=-1;CPXPARAM_Preprocessing_Symmetry=-1;CPXPARAM_Read_Scale=0;CPXPARAM_Sifting_Algorithm=0;CPXPARAM_Simplex_Crash=1;CPXPARAM_Simplex_DGradient=0;CPXPARAM_Simplex_Limits_Perturbation=0;CPXPARAM_Simplex_Limits_Singularity=10;CPXPARAM_Simplex_PGradient=0;CPXPARAM_Simplex_Pricing=0;CPXPARAM_Simplex_Refactor=0
17456766460152650950,0,CPXPARAM_Advance=1;CPXPARAM_Barrier_Algorithm=0;CPXPARAM_Barrier_ColNonzeros=0;CPXPARAM_Barrier_Crossover=0;CPXPARAM_Barrier_Limits_Corrections=-1;CPXPARAM_Barrier_Ordering=0;CPXPARAM_Barrier_StartAlg=1;CPXPARAM_Emphasis_MIP=0;CPXPARAM_Emphasis_Memory=0;CPXPARAM_Emphasis_Numerical=0;CPXPARAM_Feasopt_Mode=0;CPXPARAM_LPMethod=0;CPXPARAM_MIP_Cuts_Cliques=-1;CPXPARAM_MIP_Cuts_Covers=3;CPXPARAM_MIP_Cuts_Disjunctive=1;CPXPARAM_MIP_Cuts_FlowCovers=1;CPXPARAM_MIP_Cuts_GUBCovers=1;CPXPARAM_MIP_Cuts_Gomory=2;CPXPARAM_MIP_Cuts_Implied=1;CPXPARAM_MIP_Cuts_MIRCut=2;CPXPARAM_MIP_Cuts_PathCut=2;CPXPARAM_MIP_Limits_AggForCut=3;CPXPARAM_MIP_Limits_CutPasses=0;CPXPARAM_MIP_Limits_CutsFactor=-1;CPXPARAM_MIP_Limits_GomoryCand=400;CPXPARAM_MIP_Limits_GomoryPass=0;CPXPARAM_MIP_Limits_Nodes=9223372036800000000;CPXPARAM_MIP_Limits_ProbeTime=1e+75;CPXPARAM_MIP_Limits_RepairTries=0;CPXPARAM_MIP_Limits_StrongCand=10;CPXPARAM_MIP_Limits_StrongIt=0;CPXPARAM_MIP_OrderType=3;CPXPARAM_MIP_Strategy_BBInterval=7;CPXPARAM_MIP_Strategy_Branch=0;CPXPARAM_MIP_Strategy_Dive=0;CPXPARAM_MIP_Strategy_File=1;CPXPARAM_MIP_Strategy_HeuristicFreq=0;CPXPARAM_MIP_Strategy_LBHeur=0;CPXPARAM_MIP_Strategy_NodeSelect=2;CPXPARAM_MIP_Strategy_Order=1;CPXPARAM_MIP_Strategy_PresolveNode=-1;CPXPARAM_MIP_Strategy_Probe=-1;CPXPARAM_MIP_Strategy_RINSHeur=0;CPXPARAM_MIP_Strategy_StartAlgorithm=0;CPXPARAM_MIP_Strategy_SubAlgorithm=5;CPXPARAM_MIP_Strategy_VariableSelect=2;CPXPARAM_Network_NetFind=2;CPXPARAM_Network_Pricing=0;CPXPARAM_Parallel=1;CPXPARAM_Preprocessing_Aggregator=-1;CPXPARAM_Preprocessing_BoundStrength=-1;CPXPARAM_Preprocessing_CoeffReduce=-1;CPXPARAM_Preprocessing_Dependency=-1;CPXPARAM_Preprocessing_Dual=0;CPXPARAM_Preprocessing_Fill=10;CPXPARAM_Preprocessing_NumPass=-1;CPXPARAM_Preprocessing_Presolve=1;CPXPARAM_Preprocessing_QPMakePSD=1;CPXPARAM_Preprocessing_Reduce=1;CPXPARAM_Preprocessing_Relax=-1;CPXPARAM_Preprocessing_RepeatPresolve=-1;CPXPARAM_Preprocessing_Symmetry=-1;CPXPARAM_Read_Scale=0;CPXPARAM_Sifting_Algorithm=0;CPXPARAM_Simplex_Crash=1;CPXPARAM_Simplex_DGradient=0;CPXPARAM_Simplex_Limits_Perturbation=0;CPXPARAM_Simplex_Limits_Singularity=10;CPXPARAM_Simplex_PGradient=0;CPXPARAM_Simplex_Pricing=0;CPXPARAM_Simplex_Refactor=0
10445327359275253958,0,CPXPARAM_Advance=1;CPXPARAM_Barrier_Algorithm=0;CPXPARAM_Barrier_ColNonzeros=0;CPXPARAM_Barrier_Crossover=0;CPXPARAM_Barrier_Limits_Corrections=-1;CPXPARAM_Barrier_Ordering=0;CPXPARAM_Barrier_StartAlg=1;CPXPARAM_Emphasis_MIP=5;CPXPARAM_Emphasis_Memory=0;CPXPARAM_Emphasis_Numerical=0;CPXPARAM_Feasopt_Mode=0;CPXPARAM_LPMethod=0;CPXPARAM_MIP_Cuts_Cliques=1;CPXPARAM_MIP_Cuts_Covers=0;CPXPARAM_MIP_Cuts_Disjunctive=0;CPXPARAM_MIP_Cuts_FlowCovers=2;CPXPARAM_MIP_Cuts_GUBCovers=-1;CPXPARAM_MIP_Cuts_Gomory=0;CPXPARAM_MIP_Cuts_Implied=2;CPXPARAM_MIP_Cuts_MIRCut=-1;CPXPARAM_MIP_Cuts_PathCut=0;CPXPARAM_MIP_Limits_AggForCut=1;CPXPARAM_MIP_Limits_CutPasses=0;CPXPARAM_MIP_Limits_CutsFactor=-1;CPXPARAM_MIP_Limits_GomoryCand=25;CPXPARAM_MIP_Limits_GomoryPass=0;CPXPARAM_MIP_Limits_Nodes=9223372036800000000;CPXPARAM_MIP_Limits_ProbeTime=1e+75;CPXPARAM_MIP_Limits_RepairTries=0;CPXPARAM_MIP_Limits_StrongCand=10;CPXPARAM_MIP_Limits_StrongIt=0;CPXPARAM_MIP_OrderType=3;CPXPARAM_MIP_Strategy_BBInterval=7;CPXPARAM_MIP_Strategy_Branch=0;CPXPARAM_MIP_Strategy_Dive=0;CPXPARAM_MIP_Strategy_File=1;CPXPARAM_MIP_Strategy_HeuristicFreq=0;CPXPARAM_MIP_Strategy_LBHeur=0;CPXPARAM_MIP_Strategy_NodeSelect=3;CPXPARAM_MIP_Strategy_Order=1;CPXPARAM_MIP_Strategy_PresolveNode=1;CPXPARAM_MIP_Strategy_Probe=1;CPXPARAM_MIP_Strategy_RINSHeur=0;CPXPARAM_MIP_Strategy_StartAlgorithm=0;CPXPARAM_MIP_Strategy_SubAlgorithm=0;CPXPARAM_MIP_Strategy_VariableSelect=4;CPXPARAM_Network_NetFind=2;CPXPARAM_Network_Pricing=0;CPXPARAM_Parallel=1;CPXPARAM_Preprocessing_Aggregator=-1;CPXPARAM_Preprocessing_BoundStrength=-1;CPXPARAM_Preprocessing_CoeffReduce=-1;CPXPARAM_Preprocessing_Dependency=-1;CPXPARAM_Preprocessing_Dual=0;CPXPARAM_Preprocessing_Fill=5;CPXPARAM_Preprocessing_NumPass=-1;CPXPARAM_Preprocessing_Presolve=1;CPXPARAM_Preprocessing_QPMakePSD=1;CPXPARAM_Preprocessing_Reduce=3;CPXPARAM_Preprocessing_Relax=-1;CPXPARAM_Preprocessing_RepeatPresolve=-1;CPXPARAM_Preprocessing_Symmetry=-1;CPXPARAM_Read_Scale=0;CPXPARAM_Sifting_Algorithm=0;CPXPARAM_Simplex_Crash=1;CPXPARAM_Simplex_DGradient=0;CPXPARAM_Simplex_Limits_Perturbation=0;CPXPARAM_Simplex_Limits_Singularity=10;CPXPARAM_Simplex_PGradient=0;CPXPARAM_Simplex_Pricing=0;CPXPARAM_Simplex_Refactor=0
5781023100216909882,0,CPXPARAM_Advance=1;CPXPARAM_Barrier_Algorithm=0;CPXPARAM_Barrier_ColNonzeros=0;CPXPARAM_Barrier_Crossover=0;CPXPARAM_Barrier_Limits_Corrections=-1;CPXPARAM_Barrier_Ordering=0;CPXPARAM_Barrier_StartAlg=1;CPXPARAM_Emphasis_MIP=5;CPXPARAM_Emphasis_Memory=0;CPXPARAM_Emphasis_Numerical=0;CPXPARAM_Feasopt_Mode=0;CPXPARAM_LPMethod=0;CPXPARAM_MIP_Cuts_Cliques=1;CPXPARAM_MIP_Cuts_Covers=0;CPXPARAM_MIP_Cuts_Disjunctive=0;CPXPARAM_MIP_Cuts_FlowCovers=-1;CPXPARAM_MIP_Cuts_GUBCovers=-1;CPXPARAM_MIP_Cuts_Gomory=1;CPXPARAM_MIP_Cuts_Implied=2;CPXPARAM_MIP_Cuts_MIRCut=-1;CPXPARAM_MIP_Cuts_PathCut=0;CPXPARAM_MIP_Limits_AggForCut=1;CPXPARAM_MIP_Limits_CutPasses=0;CPXPARAM_MIP_Limits_CutsFactor=-1;CPXPARAM_MIP_Limits_GomoryCand=25;CPXPARAM_MIP_Limits_GomoryPass=0;CPXPARAM_MIP_Limits_Nodes=9223372036800000000;CPXPARAM_MIP_Limits_ProbeTime=1e+75;CPXPARAM_MIP_Limits_RepairTries=0;CPXPARAM_MIP_Limits_StrongCand=10;CPXPARAM_MIP_Limits_StrongIt=0;CPXPARAM_MIP_OrderType=3;CPXPARAM_MIP_Strategy_BBInterval=7;CPXPARAM_MIP_Strategy_Branch=0;CPXPARAM_MIP_Strategy_Dive=0;CPXPARAM_MIP_Strategy_File=1;CPXPARAM_MIP_Strategy_HeuristicFreq=0;CPXPARAM_MIP_Strategy_LBHeur=0;CPXPARAM_MIP_Strategy_NodeSelect=3;CPXPARAM_MIP_Strategy_Order=1;CPXPARAM_MIP_Strategy_PresolveNode=1;CPXPARAM_MIP_Strategy_Probe=1;CPXPARAM_MIP_Strategy_RINSHeur=0;CPXPARAM_MIP_Strategy_StartAlgorithm=0;CPXPARAM_MIP_Strategy_SubAlgorithm=0;CPXPARAM_MIP_Strategy_VariableSelect=4;CPXPARAM_Network_NetFind=2;CPXPARAM_Network_Pricing=0;CPXPARAM_Parallel=1;CPXPARAM_Preprocessing_Aggregator=-1;CPXPARAM_Preprocessing_BoundStrength=-1;CPXPARAM_Preprocessing_CoeffReduce=-1;CPXPARAM_Preprocessing_Dependency=-1;CPXPARAM_Preprocessing_Dual=0;CPXPARAM_Preprocessing_Fill=5;CPXPARAM_Preprocessing_NumPass=-1;CPXPARAM_Preprocessing_Presolve=1;CPXPARAM_Preprocessing_QPMakePSD=1;CPXPARAM_Preprocessing_Reduce=3;CPXPARAM_Preprocessing_Relax=-1;CPXPARAM_Preprocessing_RepeatPresolve=-1;CPXPARAM_Preprocessing_Symmetry=-1;CPXPARAM_Read_Scale=0;CPXPARAM_Sifting_Algorithm=0;CPXPARAM_Simplex_Crash=1;CPXPARAM_Simplex_DGradient=0;CPXPARAM_Simplex_Limits_Perturbation=0;CPXPARAM_Simplex_Limits_Singularity=10;CPXPARAM_Simplex_PGradient=0;CPXPARAM_Simplex_Pricing=0;CPXPARAM_Simplex_Refactor=0
5153200644647529537,0,CPXPARAM_Advance=1;CPXPARAM_Barrier_Algorithm=0;CPXPARAM_Barrier_ColNonzeros=0;CPXPARAM_Barrier_Crossover=0;CPXPARAM_Barrier_Limits_Corrections=-1;CPXPARAM_Barrier_Ordering=0;CPXPARAM_Barrier_StartAlg=1;CPXPARAM_Emphasis_MIP=5;CPXPARAM_Emphasis_Memory=0;CPXPARAM_Emphasis_Numerical=0;CPXPARAM_Feasopt_Mode=0;CPXPARAM_LPMethod=0;CPXPARAM_MIP_Cuts_Cliques=1;CPXPARAM_MIP_Cuts_Covers=0;CPXPARAM_MIP_Cuts_Disjunctive=0;CPXPARAM_MIP_Cuts_FlowCovers=-1;CPXPARAM_MIP_Cuts_GUBCovers=-1;CPXPARAM_MIP_Cuts_Gomory=1;CPXPARAM_MIP_Cuts_Implied=2;CPXPARAM_MIP_Cuts_MIRCut=-1;CPXPARAM_MIP_Cuts_PathCut=0;CPXPARAM_MIP_Limits_AggForCut=1;CPXPARAM_MIP_Limits_CutPasses=0;CPXPARAM_MIP_Limits_CutsFactor=-1;CPXPARAM_MIP_Limits_GomoryCand=150;CPXPARAM_MIP_Limits_GomoryPass=0;CPXPARAM_MIP_Limits_Nodes=9223372036800000000;CPXPARAM_MIP_Limits_ProbeTime=1e+75;CPXPARAM_MIP_Limits_RepairTries=0;CPXPARAM_MIP_Limits_StrongCand=10;CPXPARAM_MIP_Limits_StrongIt=0;CPXPARAM_MIP_OrderType=3;CPXPARAM_MIP_Strategy_BBInterval=7;CPXPARAM_MIP_Strategy_Branch=0;CPXPARAM_MIP_Strategy_Dive=0;CPXPARAM_MIP_Strategy_File=1;CPXPARAM_MIP_Strategy_HeuristicFreq=0;CPXPARAM_MIP_Strategy_LBHeur=0;CPXPARAM_MIP_Strategy_NodeSelect=3;CPXPARAM_MIP_Strategy_Order=1;CPXPARAM_MIP_Strategy_PresolveNode=1;CPXPARAM_MIP_Strategy_Probe=1;CPXPARAM_MIP_Strategy_RINSHeur=0;CPXPARAM_MIP_Strategy_StartAlgorithm=0;CPXPARAM_MIP_Strategy_SubAlgorithm=3;CPXPARAM_MIP_Strategy_VariableSelect=4;CPXPARAM_Network_NetFind=2;CPXPARAM_Network_Pricing=0;CPXPARAM_Parallel=1;CPXPARAM_Preprocessing_Aggregator=-1;CPXPARAM_Preprocessing_BoundStrength=-1;CPXPARAM_Preprocessing_CoeffReduce=-1;CPXPARAM_Preprocessing_Dependency=-1;CPXPARAM_Preprocessing_Dual=0;CPXPARAM_Preprocessing_Fill=5;CPXPARAM_Preprocessing_NumPass=-1;CPXPARAM_Preprocessing_Presolve=1;CPXPARAM_Preprocessing_QPMakePSD=1;CPXPARAM_Preprocessing_Reduce=3;CPXPARAM_Preprocessing_Relax=-1;CPXPARAM_Preprocessing_RepeatPresolve=-1;CPXPARAM_Preprocessing_Symmetry=-1;CPXPARAM_Read_Scale=0;CPXPARAM_Sifting_Algorithm=0;CPXPARAM_Simplex_Crash=1;CPXPARAM_Simplex_DGradient=0;CPXPARAM_Simplex_Limits_Perturbation=0;CPXPARAM_Simplex_Limits_Singularity=10;CPXPARAM_Simplex_PGradient=0;CPXPARAM_Simplex_Pricing=0;CPXPARAM_Simplex_Refactor=0
16987086059651986146,0,CPXPARAM_Advance=1;CPXPARAM_Barrier_Algorithm=0;CPXPARAM_Barrier_ColNonzeros=0;CPXPARAM_Barrier_Crossover=0;CPXPARAM_Barrier_Limits_Corrections=-1;CPXPARAM_Barrier_Ordering=0;CPXPARAM_Barrier_StartAlg=1;CPXPARAM_Emphasis_MIP=5;CPXPARAM_Emphasis_Memory=0;CPXPARAM_Emphasis_Numerical=0;CPXPARAM_Feasopt_Mode=0;CPXPARAM_LPMethod=0;CPXPARAM_MIP_Cuts_Cliques=1;CPXPARAM_MIP_Cuts_Covers=0;CPXPARAM_MIP_Cuts_Disjunctive=0;CPXPARAM_MIP_Cuts_FlowCovers=-1;CPXPARAM_MIP_Cuts_GUBCovers=-1;CPXPARAM_MIP_Cuts_Gomory=1;CPXPARAM_MIP_Cuts_Implied=2;CPXPARAM_MIP_Cuts_MIRCut=-1;CPXPARAM_MIP_Cuts_PathCut=0;CPXPARAM_MIP_Limits_AggForCut=1;CPXPARAM_MIP_Limits_CutPasses=0;CPXPARAM_MIP_Limits_CutsFactor=-1;CPXPARAM_MIP_Limits_GomoryCand=25;CPXPARAM_MIP_Limits_GomoryPass=0;CPXPARAM_MIP_Limits_Nodes=9223372036800000000;CPXPARAM_MIP_Limits_ProbeTime=1e+75;CPXPARAM_MIP_Limits_RepairTries=0;CPXPARAM_MIP_Limits_StrongCand=10;CPXPARAM_MIP_Limits_StrongIt=0;CPXPARAM_MIP_OrderType=2;CPXPARAM_MIP_Strategy_BBInterval=7;CPXPARAM_MIP_Strategy_Branch=0;CPXPARAM_MIP_Strategy_Dive=0;CPXPARAM_MIP_Strategy_File=1;CPXPARAM_MIP_Strategy_HeuristicFreq=0;CPXPARAM_MIP_Strategy_LBHeur=0;CPXPARAM_MIP_Strategy_NodeSelect=3;CPXPARAM_MIP_Strategy_Order=1;CPXPARAM_MIP_Strategy_PresolveNode=1;CPXPARAM_MIP_Strategy_Probe=1;CPXPARAM_MIP_Strategy_RINSHeur=0;CPXPARAM_MIP_Strategy_StartAlgorithm=0;CPXPARAM_MIP_Strategy_SubAlgorithm=3;CPXPARAM_MIP_Strategy_VariableSelect=4;CPXPARAM_Network_NetFind=2;CPXPARAM_Network_Pricing=0;CPXPARAM_Parallel=1;CPXPARAM_Preprocessing_Aggregator=-1;CPXPARAM_Preprocessing_BoundStrength=-1;CPXPARAM_Preprocessing_CoeffReduce=-1;CPXPARAM_Preprocessing_Dependency=-1;CPXPARAM_Preprocessing_Dual=0;CPXPARAM_Preprocessing_Fill=5;CPXPARAM_Preprocessing_NumPass=-1;CPXPARAM_Preprocessing_Presolve=1;CPXPARAM_Preprocessing_QPMakePSD=1;CPXPARAM_Preprocessing_Reduce=3;CPXPARAM_Preprocessing_Relax=-1;CPXPARAM_Preprocessing_RepeatPresolve=-1;CPXPARAM_Preprocessing_Symmetry=-1;CPXPARAM_Read_Scale=0;CPXPARAM_Sifting_Algorithm=0;CPXPARAM_Simplex_Crash=1;CPXPARAM_Simplex_DGradient=0;CPXPARAM_Simplex_Limits_Perturbation=0;CPXPARAM_Simplex_Limits_Singularity=10;CPXPARAM_Simplex_PGradient=0;CPXPARAM_Simplex_Pricing=0;CPXPARAM_Simplex_Refactor=0
2624886118972927993,0,CPXPARAM_Advance=1;CPXPARAM_Barrier_Algorithm=0;CPXPARAM_Barrier_ColNonzeros=0;CPXPARAM_Barrier_Crossover=0;CPXPARAM_Barrier_Limits_Corrections=-1;CPXPARAM_Barrier_Ordering=0;CPXPARAM_Barrier_StartAlg=1;CPXPARAM_Emphasis_MIP=5;CPXPARAM_Emphasis_Memory=0;CPXPARAM_Emphasis_Numerical=0;CPXPARAM_Feasopt_Mode=0;CPXPARAM_LPMethod=0;CPXPARAM_MIP_Cuts_Cliques=1;CPXPARAM_MIP_Cuts_Covers=0;CPXPARAM_MIP_Cuts_Disjunctive=0;CPXPARAM_MIP_Cuts_FlowCovers=-1;CPXPARAM_MIP_Cuts_GUBCovers=-1;CPXPARAM_MIP_Cuts_Gomory=1;CPXPARAM_MIP_Cuts_Implied=2;CPXPARAM_MIP_Cuts_MIRCut=-1;CPXPARAM_MIP_Cuts_PathCut=0;CPXPARAM_MIP_Limits_AggForCut=1;CPXPARAM_MIP_Limits_CutPasses=0;CPXPARAM_MIP_Limits_CutsFactor=-1;CPXPARAM_MIP_Limits_GomoryCand=25;CPXPARAM_MIP_Limits_GomoryPass=0;CPXPARAM_MIP_Limits_Nodes=9223372036800000000;CPXPARAM_MIP_Limits_ProbeTime=1e+75;CPXPARAM_MIP_Limits_RepairTries=0;CPXPARAM_MIP_Limits_StrongCand=10;CPXPARAM_MIP_Limits_StrongIt=0;CPXPARAM_MIP_OrderType=3;CPXPARAM_MIP_Strategy_BBInterval=7;CPXPARAM_MIP_Strategy_Branch=0;CPXPARAM_MIP_Strategy_Dive=0;CPXPARAM_MIP_Strategy_File=1;CPXPARAM_MIP_Strategy_HeuristicFreq=0;CPXPARAM_MIP_Strategy_LBHeur=0;CPXPARAM_MIP_Strategy_NodeSelect=3;CPXPARAM_MIP_Strategy_Order=1;CPXPARAM_MIP_Strategy_PresolveNode=1;CPXPARAM_MIP_Strategy_Probe=1;CPXPARAM_MIP_Strategy_RINSHeur=0;CPXPARAM_MIP_Strategy_StartAlgorithm=0;CPXPARAM_MIP_Strategy_SubAlgorithm=3;CPXPARAM_MIP_Strategy_VariableSelect=-1;CPXPARAM_Network_NetFind=2;CPXPARAM_Network_Pricing=0;CPXPARAM_Parallel=1;CPXPARAM_Preprocessing_Aggregator=-1;CPXPARAM_Preprocessing_BoundStrength=-1;CPXPARAM_Preprocessing_CoeffReduce=-1;CPXPARAM_Preprocessing_Dependency=-1;CPXPARAM_Preprocessing_Dual=0;CPXPARAM_Preprocessing_Fill=5;CPXPARAM_Preprocessing_NumPass=-1;CPXPARAM_Preprocessing_Presolve=1;CPXPARAM_Preprocessing_QPMakePSD=1;CPXPARAM_Preprocessing_Reduce=3;CPXPARAM_Preprocessing_Relax=-1;CPXPARAM_Preprocessing_RepeatPresolve=-1;CPXPARAM_Preprocessing_Symmetry=-1;CPXPARAM_Read_Scale=0;CPXPARAM_Sifting_Algorithm=0;CPXPARAM_Simplex_Crash=1;CPXPARAM_Simplex_DGradient=0;CPXPARAM_Simplex_Limits_Perturbation=0;CPXPARAM_Simplex_Limits_Singularity=10;CPXPARAM_Simplex_PGradient=0;CPXPARAM_Simplex_Pricing=0;CPXPARAM_Simplex_Refactor=0
12775528698649029725,0,CPXPARAM_Advance=1;CPXPARAM_Barrier_Algorithm=0;CPXPARAM_Barrier_ColNonzeros=0;CPXPARAM_Barrier_Crossover=0;CPXPARAM_Barrier_Limits_Corrections=-1;CPXPARAM_Barrier_Ordering=0;CPXPARAM_Barrier_StartAlg=1;CPXPARAM_Emphasis_MIP=5;CPXPARAM_Emphasis_Memory=0;CPXPARAM_Emphasis_Numerical=0;CPXPARAM_Feasopt_Mode=0;CPXPARAM_LPMethod=0;CPXPARAM_MIP_Cuts_Cliques=1;CPXPARAM_MIP_Cuts_Covers=0;CPXPARAM_MIP_Cuts_Disjunctive=0;CPXPARAM_MIP_Cuts_FlowCovers=-1;CPXPARAM_MIP_Cuts_GUBCovers=-1;CPXPARAM_MIP_Cuts_Gomory=1;CPXPARAM_MIP_Cuts_Implied=2;CPXPARAM_MIP_Cuts_MIRCut=-1;CPXPARAM_MIP_Cuts_PathCut=0;CPXPARAM_MIP_Limits_AggForCut=1;CPXPARAM_MIP_Limits_CutPasses=0;CPXPARAM_MIP_Limits_CutsFactor=-1;CPXPARAM_MIP_Limits_GomoryCand=25;CPXPARAM_MIP_Limits_GomoryPass=0;CPXPARAM_MIP_Limits_Nodes=9223372036800000000;CPXPARAM_MIP_Limits_ProbeTime=1e+75;CPXPARAM_MIP_Limits_RepairTries=0;CPXPARAM_MIP_Limits_StrongCand=10;CPXPARAM_MIP_Limits_StrongIt=0;CPXPARAM_MIP_OrderType=3;CPXPARAM_MIP_Strategy_BBInterval=7;CPXPARAM_MIP_Strategy_Branch=0;CPXPARAM_MIP_Strategy_Dive=0;CPXPARAM_MIP_Strategy_File=1;CPXPARAM_MIP_Strategy_HeuristicFreq=0;CPXPARAM_MIP_Strategy_LBHeur=0;CPXPARAM_MIP_Strategy_NodeSelect=3;CPXPARAM_MIP_Strategy_Order=1;CPXPARAM_MIP_Strategy_PresolveNode=1;CPXPARAM_MIP_Strategy_Probe=1;CPXPARAM_MIP_Strategy_RINSHeur=0;CPXPARAM_MIP_Strategy_StartAlgorithm=0;CPXPARAM_MIP_Strategy_SubAlgorithm=3;CPXPARAM_MIP_Strategy_VariableSelect=4;CPXPARAM_Network_NetFind=2;CPXPARAM_Network_Pricing=0;CPXPARAM_Parallel=1;CPXPARAM_Preprocessing_Aggregator=-1;CPXPARAM_Preprocessing_BoundStrength=-1;CPXPARAM_Preprocessing_CoeffReduce=-1;CPXPARAM_Preprocessing_Dependency=-1;CPXPARAM_Preprocessing_Dual=0;CPXPARAM_Preprocessing_Fill=5;CPXPARAM_Preprocessing_NumPass=-1;CPXPARAM_Preprocessing_Presolve=1;CPXPARAM_Preprocessing_QPMakePSD=1;CPXPARAM_Preprocessing_Reduce=3;CPXPARAM_Preprocessing_Relax=-1;CPXPARAM_Preprocessing_RepeatPresolve=-1;CPXPARAM_Preprocessing_Symmetry=-1;CPXPARAM_Read_Scale=0;CPXPARAM_Sifting_Algorithm=0;CPXPARAM_Simplex_Crash=1;CPXPARAM_Simplex_DGradient=0;CPXPARAM_Simplex_Limits_Perturbation=0;CPXPARAM_Simplex_Limits_Singularity=10;CPXPARAM_Simplex_PGradient=0;CPXPARAM_Simplex_Pricing=0;CPXPARAM_Simplex_Refactor=0
10683775005231509578,0,CPXPARAM_Advance=1;CPXPARAM_Barrier_Algorithm=0;CPXPARAM_Barrier_ColNonzeros=0;CPXPARAM_Barrier_Crossover=0;CPXPARAM_Barrier_Limits_Corrections=-1;CPXPARAM_Barrier_Ordering=0;CPXPARAM_Barrier_StartAlg=1;CPXPARAM_Emphasis_MIP=5;CPXPARAM_Emphasis_Memory=0;CPXPARAM_Emphasis_Numerical=0;CPXPARAM_Feasopt_Mode=0;CPXPARAM_LPMethod=0;CPXPARAM_MIP_Cuts_Cliques=1;CPXPARAM_MIP_Cuts_Covers=0;CPXPARAM_MIP_Cuts_Disjunctive=0;CPXPARAM_MIP_Cuts_FlowCovers=-1;CPXPARAM_MIP_Cuts_GUBCovers=-1;CPXPARAM_MIP_Cuts_Gomory=1;CPXPARAM_MIP_Cuts_Implied=2;CPXPARAM_MIP_Cuts_MIRCut=-1;CPXPARAM_MIP_Cuts_PathCut=0;CPXPARAM_MIP_Limits_AggForCut=1;CPXPARAM_MIP_Limits_CutPasses=0;CPXPARAM_MIP_Limits_CutsFactor=-1;CPXPARAM_MIP_Limits_GomoryCand=25;CPXPARAM_MIP_Limits_GomoryPass=0;CPXPARAM_MIP_Limits_Nodes=9223372036800000000;CPXPARAM_MIP_Limits_ProbeTime=1e+75;CPXPARAM_MIP_Limits_RepairTries=0;CPXPARAM_MIP_Limits_StrongCand=10;CPXPARAM_MIP_Limits_StrongIt=0;CPXPARAM_MIP_OrderType=3;CPXPARAM_MIP_Strategy_BBInterval=7;CPXPARAM_MIP_Strategy_Branch=0;CPXPARAM_MIP_Strategy_Dive=0;CPXPARAM_MIP_Strategy_File=1;CPXPARAM_MIP_Strategy_HeuristicFreq=0;CPXPARAM_MIP_Strategy_LBHeur=0;CPXPARAM_MIP_Strategy_NodeSelect=3;CPXPARAM_MIP_Strategy_Order=1;CPXPARAM_MIP_Strategy_PresolveNode=1;CPXPARAM_MIP_Strategy_Probe=1;CPXPARAM_MIP_Strategy_RINSHeur=0;CPXPARAM_MIP_Strategy_StartAlgorithm=0;CPXPARAM_MIP_Strategy_SubAlgorithm=0;CPXPARAM_MIP_Strategy_VariableSelect=2;CPXPARAM_Network_NetFind=2;CPXPARAM_Network_Pricing=0;CPXPARAM_Parallel=1;CPXPARAM_Preprocessing_Aggregator=-1;CPXPARAM_Preprocessing_BoundStrength=-1;CPXPARAM_Preprocessing_CoeffReduce=-1;CPXPARAM_Preprocessing_Dependency=-1;CPXPARAM_Preprocessing_Dual=0;CPXPARAM_Preprocessing_Fill=5;CPXPARAM_Preprocessing_NumPass=-1;CPXPARAM_Preprocessing_Presolve=1;CPXPARAM_Preprocessing_QPMakePSD=1;CPXPARAM_Preprocessing_Reduce=3;CPXPARAM_Preprocessing_Relax=-1;CPXPARAM_Preprocessing_RepeatPresolve=-1;CPXPARAM_Preprocessing_Symmetry=-1;CPXPARAM_Read_Scale=0;CPXPARAM_Sifting_Algorithm=0;CPXPARAM_Simplex_Crash=1;CPXPARAM_Simplex_DGradient=0;CPXPARAM_Simplex_Limits_Perturbation=0;CPXPARAM_Simplex_Limits_Singularity=10;CPXPARAM_Simplex_PGradient=0;CPXPARAM_Simplex_Pricing=0;CPXPARAM_Simplex_Refactor=0
11750916949541847802,0,CPXPARAM_Advance=1;CPXPARAM_Barrier_Algorithm=0;CPXPARAM_Barrier_ColNonzeros=0;CPXPARAM_Barrier_Crossover=0;CPXPARAM_Barrier_Limits_Corrections=-1;CPXPARAM_Barrier_Ordering=0;CPXPARAM_Barrier_StartAlg=1;CPXPARAM_Emphasis_MIP=5;CPXPARAM_Emphasis_Memory=0;CPXPARAM_Emphasis_Numerical=0;CPXPARAM_Feasopt_Mode=0;CPXPARAM_LPMethod=0;CPXPARAM_MIP_Cuts_Cliques=1;CPXPARAM_MIP_Cuts_Covers=0;CPXPARAM_MIP_Cuts_Disjunctive=0;CPXPARAM_MIP_Cuts_FlowCovers=-1;CPXPARAM_MIP_Cuts_GUBCovers=-1;CPXPARAM_MIP_Cuts_Gomory=1;CPXPARAM_MIP_Cuts_Implied=2;CPXPARAM_MIP_Cuts_MIRCut=-1;CPXPARAM_MIP_Cuts_PathCut=0;CPXPARAM_MIP_Limits_AggForCut=1;CPXPARAM_MIP_Limits_CutPasses=0;CPXPARAM_MIP_Limits_CutsFactor=-1;CPXPARAM_MIP_Limits_GomoryCand=25;CPXPARAM_MIP_Limits_GomoryPass=0;CPXPARAM_MIP_Limits_Nodes=9223372036800000000;CPXPARAM_MIP_Limits_ProbeTime=1e+75;CPXPARAM_MIP_Limits_RepairTries=0;CPXPARAM_MIP_Limits_StrongCand=10;CPXPARAM_MIP_Limits_StrongIt=0;CPXPARAM_MIP_OrderType=3;CPXPARAM_MIP_Strategy_BBInterval=7;CPXPARAM_MIP_Strategy_Branch=0;CPXPARAM_MIP_Strategy_Dive=0;CPXPARAM_MIP_Strategy_File=1;CPXPARAM_MIP_Strategy_HeuristicFreq=0;CPXPARAM_MIP_Strategy_LBHeur=0;CPXPARAM_MIP_Strategy_NodeSelect=3;CPXPARAM_MIP_Strategy_Order=1;CPXPARAM_MIP_Strategy_PresolveNode=1;CPXPARAM_MIP_Strategy_Probe=1;CPXPARAM_MIP_Strategy_RINSHeur=0;CPXPARAM_MIP_Strategy_StartAlgorithm=0;CPXPARAM_MIP_Strategy_SubAlgorithm=3;CPXPARAM_MIP_Strategy_VariableSelect=2;CPXPARAM_Network_NetFind=2;CPXPARAM_Network_Pricing=0;CPXPARAM_Parallel=1;CPXPARAM_Preprocessing_Aggregator=-1;CPXPARAM_Preprocessing_BoundStrength=-1;CPXPARAM_Preprocessing_CoeffReduce=-1;CPXPARAM_Preprocessing_Dependency=-1;CPXPARAM_Preprocessing_Dual=0;CPXPARAM_Preprocessing_Fill=5;CPXPARAM_Preprocessing_NumPass=-1;CPXPARAM_Preprocessing_Presolve=1;CPXPARAM_Preprocessing_QPMakePSD=1;CPXPARAM_Preprocessing_Reduce=0;CPXPARAM_Preprocessing_Relax=-1;CPXPARAM_Preprocessing_RepeatPresolve=-1;CPXPARAM_Preprocessing_Symmetry=-1;CPXPARAM_Read_Scale=0;CPXPARAM_Sifting_Algorithm=0;CPXPARAM_Simplex_Crash=1;CPXPARAM_Simplex_DGradient=0;CPXPARAM_Simplex_Limits_Perturbation=0;CPXPARAM_Simplex_Limits_Singularity=10;CPXPARAM_Simplex_PGradient=0;CPXPARAM_Simplex_Pricing=0;CPXPARAM_Simplex_Refactor=0
13877070733351995660,0,CPXPARAM_Advance=1;CPXPARAM_Barrier_Algorithm=0;CPXPARAM_Barrier_ColNonzeros=0;CPXPARAM_Barrier_Crossover=0;CPXPARAM_Barrier_Limits_Corrections=-1;CPXPARAM_Barrier_Ordering=0;CPXPARAM_Barrier_StartAlg=1;CPXPARAM_Emphasis_MIP=5;CPXPARAM_Emphasis_Memory=0;CPXPARAM_Emphasis_Numerical=0;CPXPARAM_Feasopt_Mode=0;CPXPARAM_LPMethod=0;CPXPARAM_MIP_Cuts_Cliques=3;CPXPARAM_MIP_Cuts_Covers=0;CPXPARAM_MIP_Cuts_Disjunctive=0;CPXPARAM_MIP_Cuts_FlowCovers=-1;CPXPARAM_MIP_Cuts_GUBCovers=-1;CPXPARAM_MIP_Cuts_Gomory=1;CPXPARAM_MIP_Cuts_Implied=2;CPXPARAM_MIP_Cuts_MIRCut=-1;CPXPARAM_MIP_Cuts_PathCut=0;CPXPARAM_MIP_Limits_AggForCut=1;CPXPARAM_MIP_Limits_CutPasses=0;CPXPARAM_MIP_Limits_CutsFactor=-1;CPXPARAM_MIP_Limits_GomoryCand=25;CPXPARAM_MIP_Limits_GomoryPass=0;CPXPARAM_MIP_Limits_Nodes=9223372036800000000;CPXPARAM_MIP_Limits_ProbeTime=1e+75;CPXPARAM_MIP_Limits_RepairTries=0;CPXPARAM_MIP_Limits_StrongCand=10;CPXPARAM_MIP_Limits_StrongIt=0;CPXPARAM_MIP_OrderType=3;CPXPARAM_MIP_Strategy_BBInterval=7;CPXPARAM_MIP_Strategy_Branch=0;CPXPARAM_MIP_Strategy_Dive=0;CPXPARAM_MIP_Strategy_File=1;CPXPARAM_MIP_Strategy_HeuristicFreq=0;CPXPARAM_MIP_Strategy_LBHeur=0;CPXPARAM_MIP_Strategy_NodeSelect=3;CPXPARAM_MIP_Strategy_Order=1;CPXPARAM_MIP_Strategy_PresolveNode=1;CPXPARAM_MIP_Strategy_Probe=1;CPXPARAM_MIP_Strategy_RINSHeur=0;CPXPARAM_MIP_Strategy_StartAlgorithm=0;CPXPARAM_MIP_Strategy_SubAlgorithm=3;CPXPARAM_MIP_Strategy_VariableSelect=2;CPXPARAM_Network_NetFind=2;CPXPARAM_Network_Pricing=0;CPXPARAM_Parallel=1;CPXPARAM_Preprocessing_Aggregator=-1;CPXPARAM_Preprocessing_BoundStrength=-1;CPXPARAM_Preprocessing_CoeffReduce=-1;CPXPARAM_Preprocessing_Dependency=-1;CPXPARAM_Preprocessing_Dual=0;CPXPARAM_Preprocessing_Fill=5;CPXPARAM_Preprocessing_NumPass=-1;CPXPARAM_Preprocessing_Presolve=1;CPXPARAM_Preprocessing_QPMakePSD=1;CPXPARAM_Preprocessing_Reduce=3;CPXPARAM_Preprocessing_Relax=-1;CPXPARAM_Preprocessing_RepeatPresolve=-1;CPXPARAM_Preprocessing_Symmetry=-1;CPXPARAM_Read_Scale=0;CPXPARAM_Sifting_Algorithm=0;CPXPARAM_Simplex_Crash=1;CPXPARAM_Simplex_DGradient=0;CPXPARAM_Simplex_Limits_Perturbation=0;CPXPARAM_Simplex_Limits_Singularity=10;CPXPARAM_Simplex_PGradient=0;CPXPARAM_Simplex_Pricing=0;CPXPARAM_Simplex_Refactor=0
8855314389704651374,0,CPXPARAM_Advance=1;CPXPARAM_Barrier_Algorithm=0;CPXPARAM_Barrier_ColNonzeros=0;CPXPARAM_Barrier_Crossover=0;CPXPARAM_Barrier_Limits_Corrections=-1;CPXPARAM_Barrier_Ordering=0;CPXPARAM_Barrier_StartAlg=1;CPXPARAM_Emphasis_MIP=5;CPXPARAM_Emphasis_Memory=0;CPXPARAM_Emphasis_Numerical=0;CPXPARAM_Feasopt_Mode=0;CPXPARAM_LPMethod=0;CPXPARAM_MIP_Cuts_Cliques=2;CPXPARAM_MIP_Cuts_Covers=0;CPXPARAM_MIP_Cuts_Disjunctive=0;CPXPARAM_MIP_Cuts_FlowCovers=-1;CPXPARAM_MIP_Cuts_GUBCovers=-1;CPXPARAM_MIP_Cuts_Gomory=1;CPXPARAM_MIP_Cuts_Implied=2;CPXPARAM_MIP_Cuts_MIRCut=-1;CPXPARAM_MIP_Cuts_PathCut=0;CPXPARAM_MIP_Limits_AggForCut=1;CPXPARAM_MIP_Limits_CutPasses=0;CPXPARAM_MIP_Limits_CutsFactor=-1;CPXPARAM_MIP_Limits_GomoryCand=25;CPXPARAM_MIP_Limits_GomoryPass=0;CPXPARAM_MIP_Limits_Nodes=9223372036800000000;CPXPARAM_MIP_Limits_ProbeTime=1e+75;CPXPARAM_MIP_Limits_RepairTries=0;CPXPARAM_MIP_Limits_StrongCand=10;CPXPARAM_MIP_Limits_StrongIt=0;CPXPARAM_MIP_OrderType=3;CPXPARAM_MIP_Strategy_BBInterval=7;CPXPARAM_MIP_Strategy_Branch=0;CPXPARAM_MIP_Strategy_Dive=0;CPXPARAM_MIP_Strategy_File=1;CPXPARAM_MIP_Strategy_HeuristicFreq=0;CPXPARAM_MIP_Strategy_LBHeur=0;CPXPARAM_MIP_Strategy_NodeSelect=3;CPXPARAM_MIP_Strategy_Order=1;CPXPARAM_MIP_Strategy_PresolveNode=1;CPXPARAM_MIP_Strategy_Probe=1;CPXPARAM_MIP_Strategy_RINSHeur=0;CPXPARAM_MIP_Strategy_StartAlgorithm=0;CPXPARAM_MIP_Strategy_SubAlgorithm=3;CPXPARAM_MIP_Strategy_VariableSelect=2;CPXPARAM_Network_NetFind=2;CPXPARAM_Network_Pricing=0;CPXPARAM_Parallel=1;CPXPARAM_Preprocessing_Aggregator=-1;CPXPARAM_Preprocessing_BoundStrength=-1;CPXPARAM_Preprocessing_CoeffReduce=-1;CPXPARAM_Preprocessing_Dependency=-1;CPXPARAM_Preprocessing_Dual=0;CPXPARAM_Preprocessing_Fill=5;CPXPARAM_Preprocessing_NumPass=-1;CPXPARAM_Preprocessing_Presolve=1;CPXPARAM_Preprocessing_QPMakePSD=1;CPXPARAM_Preprocessing_Reduce=3;CPXPARAM_Preprocessing_Relax=-1;CPXPARAM_Preprocessing_RepeatPresolve=-1;CPXPARAM_Preprocessing_Symmetry=-1;CPXPARAM_Read_Scale=0;CPXPARAM_Sifting_Algorithm=0;CPXPARAM_Simplex_Crash=1;CPXPARAM_Simplex_DGradient=0;CPXPARAM_Simplex_Limits_Perturbation=0;CPXPARAM_Simplex_Limits_Singularity=10;CPXPARAM_Simplex_PGradient=0;CPXPARAM_Simplex_Pricing=0;CPXPARAM_Simplex_Refactor=0
4240113879837993419,0,CPXPARAM_Advance=1;CPXPARAM_Barrier_Algorithm=0;CPXPARAM_Barrier_ColNonzeros=0;CPXPARAM_Barrier_Crossover=0;CPXPARAM_Barrier_Limits_Corrections=-1;CPXPARAM_Barrier_Ordering=0;CPXPARAM_Barrier_StartAlg=1;CPXPARAM_Emphasis_MIP=0;CPXPARAM_Emphasis_Memory=0;CPXPARAM_Emphasis_Numerical=0;CPXPARAM_Feasopt_Mode=0;CPXPARAM_LPMethod=0;CPXPARAM_MIP_Cuts_Cliques=1;CPXPARAM_MIP_Cuts_Covers=0;CPXPARAM_MIP_Cuts_Disjunctive=1;CPXPARAM_MIP_Cuts_FlowCovers=0;CPXPARAM_MIP_Cuts_GUBCovers=1;CPXPARAM_MIP_Cuts_Gomory=2;CPXPARAM_MIP_Cuts_Implied=-1;CPXPARAM_MIP_Cuts_MIRCut=1;CPXPARAM_MIP_Cuts_PathCut=1;CPXPARAM_MIP_Limits_AggForCut=0;CPXPARAM_MIP_Limits_CutPasses=0;CPXPARAM_MIP_Limits_CutsFactor=-1;CPXPARAM_MIP_Limits_GomoryCand=800;CPXPARAM_MIP_Limits_GomoryPass=0;CPXPARAM_MIP_Limits_Nodes=9223372036800000000;CPXPARAM_MIP_Limits_ProbeTime=1e+75;CPXPARAM_MIP_Limits_RepairTries=0;CPXPARAM_MIP_Limits_StrongCand=10;CPXPARAM_MIP_Limits_StrongIt=0;CPXPARAM_MIP_OrderType=3;CPXPARAM_MIP_Strategy_BBInterval=7;CPXPARAM_MIP_Strategy_Branch=1;CPXPARAM_MIP_Strategy_Dive=0;CPXPARAM_MIP_Strategy_File=1;CPXPARAM_MIP_Strategy_HeuristicFreq=0;CPXPARAM_MIP_Strategy_LBHeur=0;CPXPARAM_MIP_Strategy_NodeSelect=3;CPXPARAM_MIP_Strategy_Order=1;CPXPARAM_MIP_Strategy_PresolveNode=0;CPXPARAM_MIP_Strategy_Probe=2;CPXPARAM_MIP_Strategy_RINSHeur=0;CPXPARAM_MIP_Strategy_StartAlgorithm=0;CPXPARAM_MIP_Strategy_SubAlgorithm=0;CPXPARAM_MIP_Strategy_VariableSelect=1;CPXPARAM_Network_NetFind=2;CPXPARAM_Network_Pricing=0;CPXPARAM_Parallel=1;CPXPARAM_Preprocessing_Aggregator=-1;CPXPARAM_Preprocessing_BoundStrength=-1;CPXPARAM_Preprocessing_CoeffReduce=-1;CPXPARAM_Preprocessing_Dependency=-1;CPXPARAM_Preprocessing_Dual=0;CPXPARAM_Preprocessing_Fill=10;CPXPARAM_Preprocessing_NumPass=-1;CPXPARAM_Preprocessing_Presolve=1;CPXPARAM_Preprocessing_QPMakePSD=1;CPXPARAM_Preprocessing_Reduce=3;CPXPARAM_Preprocessing_Relax=-1;CPXPARAM_Preprocessing_RepeatPresolve=-1;CPXPARAM_Preprocessing_Symmetry=-1;CPXPARAM_Read_Scale=0;CPXPARAM_Sifting_Algorithm=0;CPXPARAM_Simplex_Crash=1;CPXPARAM_Simplex_DGradient=0;CPXPARAM_Simplex_Limits_Perturbation=0;CPXPARAM_Simplex_Limits_Singularity=10;CPXPARAM_Simplex_PGradient=0;CPXPARAM_Simplex_Pricing=0;CPXPARAM_Simplex_Refactor=0
8043058585265808308,0,CPXPARAM_Advance=1;CPXPARAM_Barrier_Algorithm=0;CPXPARAM_Barrier_ColNonzeros=0;CPXPARAM_Barrier_Crossover=0;CPXPARAM_Barrier_Limits_Corrections=-1;CPXPARAM_Barrier_Ordering=0;CPXPARAM_Barrier_StartAlg=1;CPXPARAM_Emphasis_MIP=0;CPXPARAM_Emphasis_Memory=0;CPXPARAM_Emphasis_Numerical=0;CPXPARAM_Feasopt_Mode=0;CPXPARAM_LPMethod=0;CPXPARAM_MIP_Cuts_Cliques=1;CPXPARAM_MIP_Cuts_Covers=0;CPXPARAM_MIP_Cuts_Disjunctive=1;CPXPARAM_MIP_Cuts_FlowCovers=0;CPXPARAM_MIP_Cuts_GUBCovers=1;CPXPARAM_MIP_Cuts_Gomory=2;CPXPARAM_MIP_Cuts_Implied=-1;CPXPARAM_MIP_Cuts_MIRCut=-1;CPXPARAM_MIP_Cuts_PathCut=1;CPXPARAM_MIP_Limits_AggForCut=0;CPXPARAM_MIP_Limits_CutPasses=0;CPXPARAM_MIP_Limits_CutsFactor=-1;CPXPARAM_MIP_Limits_GomoryCand=800;CPXPARAM_MIP_Limits_GomoryPass=0;CPXPARAM_MIP_Limits_Nodes=9223372036800000000;CPXPARAM_MIP_Limits_ProbeTime=1e+75;CPXPARAM_MIP_Limits_RepairTries=0;CPXPARAM_MIP_Limits_StrongCand=10;CPXPARAM_MIP_Limits_StrongIt=0;CPXPARAM_MIP_OrderType=3;CPXPARAM_MIP_Strategy_BBInterval=7;CPXPARAM_MIP_Strategy_Branch=1;CPXPARAM_MIP_Strategy_Dive=0;CPXPARAM_MIP_Strategy_File=1;CPXPARAM_MIP_Strategy_HeuristicFreq=0;CPXPARAM_MIP_Strategy_LBHeur=0;CPXPARAM_MIP_Strategy_NodeSelect=3;CPXPARAM_MIP_Strategy_Order=1;CPXPARAM_MIP_Strategy_PresolveNode=0;CPXPARAM_MIP_Strategy_Probe=2;CPXPARAM_MIP_Strategy_RINSHeur=0;CPXPARAM_MIP_Strategy_StartAlgorithm=0;CPXPARAM_MIP_Strategy_SubAlgorithm=0;CPXPARAM_MIP_Strategy_VariableSelect=1;CPXPARAM_Network_NetFind=2;CPXPARAM_Network_Pricing=0;CPXPARAM_Parallel=1;CPXPARAM_Preprocessing_Aggregator=-1;CPXPARAM_Preprocessing_BoundStrength=-1;CPXPARAM_Preprocessing_CoeffReduce=-1;CPXPARAM_Preprocessing_Dependency=-1;CPXPARAM_Preprocessing_Dual=0;CPXPARAM_Preprocessing_Fill=40;CPXPARAM_Preprocessing_NumPass=-1;CPXPARAM_Preprocessing_Presolve=1;CPXPARAM_Preprocessing_QPMakePSD=1;CPXPARAM_Preprocessing_Reduce=3;CPXPARAM_Preprocessing_Relax=-1;CPXPARAM_Preprocessing_RepeatPresolve=-1;CPXPARAM_Preprocessing_Symmetry=-1;CPXPARAM_Read_Scale=0;CPXPARAM_Sifting_Algorithm=0;CPXPARAM_Simplex_Crash=1;CPXPARAM_Simplex_DGradient=0;CPXPARAM_Simplex_Limits_Perturbation=0;CPXPARAM_Simplex_Limits_Singularity=10;CPXPARAM_Simplex_PGradient=0;CPXPARAM_Simplex_Pricing=0;CPXPARAM_Simplex_Refactor=0
8522701416332758173,0,CPXPARAM_Advance=1;CPXPARAM_Barrier_Algorithm=0;CPXPARAM_Barrier_ColNonzeros=0;CPXPARAM_Barrier_Crossover=0;CPXPARAM_Barrier_Limits_Corrections=-1;CPXPARAM_Barrier_Ordering=0;CPXPARAM_Barrier_StartAlg=1;CPXPARAM_Emphasis_MIP=0;CPXPARAM_Emphasis_Memory=0;CPXPARAM_Emphasis_Numerical=0;CPXPARAM_Feasopt_Mode=0;CPXPARAM_LPMethod=0;CPXPARAM_MIP_Cuts_Cliques=1;CPXPARAM_MIP_Cuts_Covers=0;CPXPARAM_MIP_Cuts_Disjunctive=1;CPXPARAM_MIP_Cuts_FlowCovers=0;CPXPARAM_MIP_Cuts_GUBCovers=1;CPXPARAM_MIP_Cuts_Gomory=2;CPXPARAM_MIP_Cuts_Implied=-1;CPXPARAM_MIP_Cuts_MIRCut=-1;CPXPARAM_MIP_Cuts_PathCut=1;CPXPARAM_MIP_Limits_AggForCut=0;CPXPARAM_MIP_Limits_CutPasses=0;CPXPARAM_MIP_Limits_CutsFactor=-1;CPXPARAM_MIP_Limits_GomoryCand=800;CPXPARAM_MIP_Limits_GomoryPass=0;CPXPARAM_MIP_Limits_Nodes=9223372036800000000;CPXPARAM_MIP_Limits_ProbeTime=1e+75;CPXPARAM_MIP_Limits_RepairTries=0;CPXPARAM_MIP_Limits_StrongCand=10;CPXPARAM_MIP_Limits_StrongIt=0;CPXPARAM_MIP_OrderType=3;CPXPARAM_MIP_Strategy_BBInterval=7;CPXPARAM_MIP_Strategy_Branch=1;CPXPARAM_MIP_Strategy_Dive=0;CPXPARAM_MIP_Strategy_File=1;CPXPARAM_MIP_Strategy_HeuristicFreq=0;CPXPARAM_MIP_Strategy_LBHeur=0;CPXPARAM_MIP_Strategy_NodeSelect=3;CPXPARAM_MIP_Strategy_Order=1;CPXPARAM_MIP_Strategy_PresolveNode=0;CPXPARAM_MIP_Strategy_Probe=2;CPXPARAM_MIP_Strategy_RINSHeur=0;CPXPARAM_MIP_Strategy_StartAlgorithm=0;CPXPARAM_MIP_Strategy_SubAlgorithm=0;CPXPARAM_MIP_Strategy_VariableSelect=1;CPXPARAM_Network_NetFind=2;CPXPARAM_Network_Pricing=0;CPXPARAM_Parallel=1;CPXPARAM_Preprocessing_Aggregator=-1;CPXPARAM_Preprocessing_BoundStrength=-1;CPXPARAM_Preprocessing_CoeffReduce=-1;CPXPARAM_Preprocessing_Dependency=-1;CPXPARAM_Preprocessing_Dual=0;CPXPARAM_Preprocessing_Fill=10;CPXPARAM_Preprocessing_NumPass=-1;CPXPARAM_Preprocessing_Presolve=1;CPXPARAM_Preprocessing_QPMakePSD=1;CPXPARAM_Preprocessing_Reduce=0;CPXPARAM_Preprocessing_Relax=-1;CPXPARAM_Preprocessing_RepeatPresolve=-1;CPXPARAM_Preprocessing_Symmetry=-1;CPXPARAM_Read_Scale=0;CPXPARAM_Sifting_Algorithm=0;CPXPARAM_Simplex_Crash=1;CPXPARAM_Simplex_DGradient=0;CPXPARAM_Simplex_Limits_Perturbation=0;CPXPARAM_Simplex_Limits_Singularity=10;CPXPARAM_Simplex_PGradient=0;CPXPARAM_Simplex_Pricing=0;CPXPARAM_Simplex_Refactor=0
9756078661401711038,0,CPXPARAM_Advance=1;CPXPARAM_Barrier_Algorithm=0;CPXPARAM_Barrier_ColNonzeros=0;CPXPARAM_Barrier_Crossover=0;CPXPARAM_Barrier_Limits_Corrections=-1;CPXPARAM_Barrier_Ordering=0;CPXPARAM_Barrier_StartAlg=1;CPXPARAM_Emphasis_MIP=0;CPXPARAM_Emphasis_Memory=0;CPXPARAM_Emphasis_Numerical=0;CPXPARAM_Feasopt_Mode=0;CPXPARAM_LPMethod=0;CPXPARAM_MIP_Cuts_Cliques=1;CPXPARAM_MIP_Cuts_Covers=0;CPXPARAM_MIP_Cuts_Disjunctive=1;CPXPARAM_MIP_Cuts_FlowCovers=0;CPXPARAM_MIP_Cuts_GUBCovers=1;CPXPARAM_MIP_Cuts_Gomory=2;CPXPARAM_MIP_Cuts_Implied=-1;CPXPARAM_MIP_Cuts_MIRCut=-1;CPXPARAM_MIP_Cuts_PathCut=1;CPXPARAM_MIP_Limits_AggForCut=0;CPXPARAM_MIP_Limits_CutPasses=0;CPXPARAM_MIP_Limits_CutsFactor=-1;CPXPARAM_MIP_Limits_GomoryCand=800;CPXPARAM_MIP_Limits_GomoryPass=0;CPXPARAM_MIP_Limits_Nodes=9223372036800000000;CPXPARAM_MIP_Limits_ProbeTime=1e+75;CPXPARAM_MIP_Limits_RepairTries=0;CPXPARAM_MIP_Limits_StrongCand=10;CPXPARAM_MIP_Limits_StrongIt=0;CPXPARAM_MIP_OrderType=3;CPXPARAM_MIP_Strategy_BBInterval=7;CPXPARAM_MIP_Strategy_Branch=1;CPXPARAM_MIP_Strategy_Dive=0;CPXPARAM_MIP_Strategy_File=1;CPXPARAM_MIP_Strategy_HeuristicFreq=0;CPXPARAM_MIP_Strategy_LBHeur=0;CPXPARAM_MIP_Strategy_NodeSelect=3;CPXPARAM_MIP_Strategy_Order=1;CPXPARAM_MIP_Strategy_PresolveNode=0;CPXPARAM_MIP_Strategy_Probe=2;CPXPARAM_MIP_Strategy_RINSHeur=0;CPXPARAM_MIP_Strategy_StartAlgorithm=0;CPXPARAM_MIP_Strategy_SubAlgorithm=0;CPXPARAM_MIP_Strategy_VariableSelect=1;CPXPARAM_Network_NetFind=2;CPXPARAM_Network_Pricing=0;CPXPARAM_Parallel=1;CPXPARAM_Preprocessing_Aggregator=-1;CPXPARAM_Preprocessing_BoundStrength=-1;CPXPARAM_Preprocessing_CoeffReduce=-1;CPXPARAM_Preprocessing_Dependency=-1;CPXPARAM_Preprocessing_Dual=0;CPXPARAM_Preprocessing_Fill=10;CPXPARAM_Preprocessing_NumPass=-1;CPXPARAM_Preprocessing_Presolve=1;CPXPARAM_Preprocessing_QPMakePSD=1;CPXPARAM_Preprocessing_Reduce=3;CPXPARAM_Preprocessing_Relax=-1;CPXPARAM_Preprocessing_RepeatPresolve=-1;CPXPARAM_Preprocessing_Symmetry=-1;CPXPARAM_Read_Scale=0;CPXPARAM_Sifting_Algorithm=0;CPXPARAM_Simplex_Crash=1;CPXPARAM_Simplex_DGradient=0;CPXPARAM_Simplex_Limits_Perturbation=0;CPXPARAM_Simplex_Limits_Singularity=10;CPXPARAM_Simplex_PGradient=0;CPXPARAM_Simplex_Pricing=0;CPXPARAM_Simplex_Refactor=0
1375741122514199893,0,CPXPARAM_Advance=1;CPXPARAM_Barrier_Algorithm=0;CPXPARAM_Barrier_ColNonzeros=0;CPXPARAM_Barrier_Crossover=0;CPXPARAM_Barrier_Limits_Corrections=-1;CPXPARAM_Barrier_Ordering=0;CPXPARAM_Barrier_StartAlg=1;CPXPARAM_Emphasis_MIP=1;CPXPARAM_Emphasis_Memory=0;CPXPARAM_Emphasis_Numerical=0;CPXPARAM_Feasopt_Mode=0;CPXPARAM_LPMethod=0;CPXPARAM_MIP_Cuts_Cliques=1;CPXPARAM_MIP_Cuts_Covers=0;CPXPARAM_MIP_Cuts_Disjunctive=1;CPXPARAM_MIP_Cuts_FlowCovers=0;CPXPARAM_MIP_Cuts_GUBCovers=1;CPXPARAM_MIP_Cuts_Gomory=2;CPXPARAM_MIP_Cuts_Implied=-1;CPXPARAM_MIP_Cuts_MIRCut=-1;CPXPARAM_MIP_Cuts_PathCut=1;CPXPARAM_MIP_Limits_AggForCut=0;CPXPARAM_MIP_Limits_CutPasses=0;CPXPARAM_MIP_Limits_CutsFactor=-1;CPXPARAM_MIP_Limits_GomoryCand=800;CPXPARAM_MIP_Limits_GomoryPass=0;CPXPARAM_MIP_Limits_Nodes=9223372036800000000;CPXPARAM_MIP_Limits_ProbeTime=1e+75;CPXPARAM_MIP_Limits_RepairTries=0;CPXPARAM_MIP_Limits_StrongCand=10;CPXPARAM_MIP_Limits_StrongIt=0;CPXPARAM_MIP_OrderType=3;CPXPARAM_MIP_Strategy_BBInterval=7;CPXPARAM_MIP_Strategy_Branch=-1;CPXPARAM_MIP_Strategy_Dive=0;CPXPARAM_MIP_Strategy_File=1;CPXPARAM_MIP_Strategy_HeuristicFreq=0;CPXPARAM_MIP_Strategy_LBHeur=0;CPXPARAM_MIP_Strategy_NodeSelect=3;CPXPARAM_MIP_Strategy_Order=1;CPXPARAM_MIP_Strategy_PresolveNode=0;CPXPARAM_MIP_Strategy_Probe=2;CPXPARAM_MIP_Strategy_RINSHeur=0;CPXPARAM_MIP_Strategy_StartAlgorithm=0;CPXPARAM_MIP_Strategy_SubAlgorithm=0;CPXPARAM_MIP_Strategy_VariableSelect=1;CPXPARAM_Network_NetFind=2;CPXPARAM_Network_Pricing=0;CPXPARAM_Parallel=1;CPXPARAM_Preprocessing_Aggregator=-1;CPXPARAM_Preprocessing_BoundStrength=-1;CPXPARAM_Preprocessing_CoeffReduce=-1;CPXPARAM_Preprocessing_Dependency=-1;CPXPARAM_Preprocessing_Dual=0;CPXPARAM_Preprocessing_Fill=10;CPXPARAM_Preprocessing_NumPass=-1;CPXPARAM_Preprocessing_Presolve=1;CPXPARAM_Preprocessing_QPMakePSD=1;CPXPARAM_Preprocessing_Reduce=3;CPXPARAM_Preprocessing_Relax=-1;CPXPARAM_Preprocessing_RepeatPresolve=-1;CPXPARAM_Preprocessing_Symmetry=-1;CPXPARAM_Read_Scale=0;CPXPARAM_Sifting_Algorithm=0;CPXPARAM_Simplex_Crash=1;CPXPARAM_Simplex_DGradient=0;CPXPARAM_Simplex_Limits_Perturbation=0;CPXPARAM_Simplex_Limits_Singularity=10;CPXPARAM_Simplex_PGradient=0;CPXPARAM_Simplex_Pricing=0;CPXPARAM_Simplex_Refactor=0
10833973907119727378,0,CPXPARAM_Advance=1;CPXPARAM_Barrier_Algorithm=0;CPXPARAM_Barrier_ColNonzeros=0;CPXPARAM_Barrier_Crossover=0;CPXPARAM_Barrier_Limits_Corrections=-1;CPXPARAM_Barrier_Ordering=0;CPXPARAM_Barrier_StartAlg=1;CPXPARAM_Emphasis_MIP=1;CPXPARAM_Emphasis_Memory=0;CPXPARAM_Emphasis_Numerical=0;CPXPARAM_Feasopt_Mode=0;CPXPARAM_LPMethod=0;CPXPARAM_MIP_Cuts_Cliques=1;CPXPARAM_MIP_Cuts_Covers=0;CPXPARAM_MIP_Cuts_Disjunctive=1;CPXPARAM_MIP_Cuts_FlowCovers=0;CPXPARAM_MIP_Cuts_GUBCovers=1;CPXPARAM_MIP_Cuts_Gomory=2;CPXPARAM_MIP_Cuts_Implied=-1;CPXPARAM_MIP_Cuts_MIRCut=-1;CPXPARAM_MIP_Cuts_PathCut=1;CPXPARAM_MIP_Limits_AggForCut=0;CPXPARAM_MIP_Limits_CutPasses=0;CPXPARAM_MIP_Limits_CutsFactor=-1;CPXPARAM_MIP_Limits_GomoryCand=800;CPXPARAM_MIP_Limits_GomoryPass=0;CPXPARAM_MIP_Limits_Nodes=9223372036800000000;CPXPARAM_MIP_Limits_ProbeTime=1e+75;CPXPARAM_MIP_Limits_RepairTries=0;CPXPARAM_MIP_Limits_StrongCand=10;CPXPARAM_MIP_Limits_StrongIt=0;CPXPARAM_MIP_OrderType=3;CPXPARAM_MIP_Strategy_BBInterval=7;CPXPARAM_MIP_Strategy_Branch=1;CPXPARAM_MIP_Strategy_Dive=0;CPXPARAM_MIP_Strategy_File=1;CPXPARAM_MIP_Strategy_HeuristicFreq=0;CPXPARAM_MIP_Strategy_LBHeur=0;CPXPARAM_MIP_Strategy_NodeSelect=3;CPXPARAM_MIP_Strategy_Order=1;CPXPARAM_MIP_Strategy_PresolveNode=0;CPXPARAM_MIP_Strategy_Probe=2;CPXPARAM_MIP_Strategy_RINSHeur=0;CPXPARAM_MIP_Strategy_StartAlgorithm=0;CPXPARAM_MIP_Strategy_SubAlgorithm=3;CPXPARAM_MIP_Strategy_VariableSelect=1;CPXPARAM_Network_NetFind=2;CPXPARAM_Network_Pricing=0;CPXPARAM_Parallel=1;CPXPARAM_Preprocessing_Aggregator=-1;CPXPARAM_Preprocessing_BoundStrength=-1;CPXPARAM_Preprocessing_CoeffReduce=-1;CPXPARAM_Preprocessing_Dependency=-1;CPXPARAM_Preprocessing_Dual=0;CPXPARAM_Preprocessing_Fill=10;CPXPARAM_Preprocessing_NumPass=-1;CPXPARAM_Preprocessing_Presolve=1;CPXPARAM_Preprocessing_QPMakePSD=1;CPXPARAM_Preprocessing_Reduce=3;CPXPARAM_Preprocessing_Relax=-1;CPXPARAM_Preprocessing_RepeatPresolve=-1;CPXPARAM_Preprocessing_Symmetry=-1;CPXPARAM_Read_Scale=0;CPXPARAM_Sifting_Algorithm=0;CPXPARAM_Simplex_Crash=1;CPXPARAM_Simplex_DGradient=0;CPXPARAM_Simplex_Limits_Perturbation=0;CPXPARAM_Simplex_Limits_Singularity=10;CPXPARAM_Simplex_PGradient=0;CPXPARAM_Simplex_Pricing=0;CPXPARAM_Simplex_Refactor=0
1755156645785064654,0,CPXPARAM_Advance=1;CPXPARAM_Barrier_Algorithm=0;CPXPARAM_Barrier_ColNonzeros=0;CPXPARAM_Barrier_Crossover=0;CPXPARAM_Barrier_Limits_Corrections=-1;CPXPARAM_Barrier_Ordering=0;CPXPARAM_Barrier_StartAlg=1;CPXPARAM_Emphasis_MIP=5;CPXPARAM_Emphasis_Memory=0;CPXPARAM_Emphasis_Numerical=0;CPXPARAM_Feasopt_Mode=0;CPXPARAM_LPMethod=0;CPXPARAM_MIP_Cuts_Cliques=-1;CPXPARAM_MIP_Cuts_Covers=3;CPXPARAM_MIP_Cuts_Disjunctive=-1;CPXPARAM_MIP_Cuts_FlowCovers=-1;CPXPARAM_MIP_Cuts_GUBCovers=0;CPXPARAM_MIP_Cuts_Gomory=1;CPXPARAM_MIP_Cuts_Implied=1;CPXPARAM_MIP_Cuts_MIRCut=-1;CPXPARAM_MIP_Cuts_PathCut=2;CPXPARAM_MIP_Limits_AggForCut=2;CPXPARAM_MIP_Limits_CutPasses=0;CPXPARAM_MIP_Limits_CutsFactor=-1;CPXPARAM_MIP_Limits_GomoryCand=400;CPXPARAM_MIP_Limits_GomoryPass=0;CPXPARAM_MIP_Limits_Nodes=9223372036800000000;CPXPARAM_MIP_Limits_ProbeTime=1e+75;CPXPARAM_MIP_Limits_RepairTries=0;CPXPARAM_MIP_Limits_StrongCand=10;CPXPARAM_MIP_Limits_StrongIt=0;CPXPARAM_MIP_OrderType=1;CPXPARAM_MIP_Strategy_BBInterval=7;CPXPARAM_MIP_Strategy_Branch=1;CPXPARAM_MIP_Strategy_Dive=0;CPXPARAM_MIP_Strategy_File=1;CPXPARAM_MIP_Strategy_HeuristicFreq=0;CPXPARAM_MIP_Strategy_LBHeur=0;CPXPARAM_MIP_Strategy_NodeSelect=1;CPXPARAM_MIP_Strategy_Order=1;CPXPARAM_MIP_Strategy_PresolveNode=0;CPXPARAM_MIP_Strategy_Probe=2;CPXPARAM_MIP_Strategy_RINSHeur=0;CPXPARAM_MIP_Strategy_StartAlgorithm=0;CPXPARAM_MIP_Strategy_SubAlgorithm=1;CPXPARAM_MIP_Strategy_VariableSelect=-1;CPXPARAM_Network_NetFind=2;CPXPARAM_Network_Pricing=0;CPXPARAM_Parallel=1;CPXPARAM_Preprocessing_Aggregator=-1;CPXPARAM_Preprocessing_BoundStrength=-1;CPXPARAM_Preprocessing_CoeffReduce=-1;CPXPARAM_Preprocessing_Dependency=-1;CPXPARAM_Preprocessing_Dual=0;CPXPARAM_Preprocessing_Fill=20;CPXPARAM_Preprocessing_NumPass=-1;CPXPARAM_Preprocessing_Presolve=1;CPXPARAM_Preprocessing_QPMakePSD=1;CPXPARAM_Preprocessing_Reduce=2;CPXPARAM_Preprocessing_Relax=-1;CPXPARAM_Preprocessing_RepeatPresolve=-1;CPXPARAM_Preprocessing_Symmetry=-1;CPXPARAM_Read_Scale=1;CPXPARAM_Sifting_Algorithm=0;CPXPARAM_Simplex_Crash=1;CPXPARAM_Simplex_DGradient=0;CPXPARAM_Simplex_Limits_Perturbation=0;CPXPARAM_Simplex_Limits_Singularity=10;CPXPARAM_Simplex_PGradient=0;CPXPARAM_Simplex_Pricing=0;CPXPARAM_Simplex_Refactor=0
8576268049374989599,0,CPXPARAM_Advance=1;CPXPARAM_Barrier_Algorithm=0;CPXPARAM_Barrier_ColNonzeros=0;CPXPARAM_Barrier_Crossover=0;CPXPARAM_Barrier_Limits_Corrections=-1;CPXPARAM_Barrier_Ordering=0;CPXPARAM_Barrier_StartAlg=1;CPXPARAM_Emphasis_MIP=5;CPXPARAM_Emphasis_Memory=0;CPXPARAM_Emphasis_Numerical=0;CPXPARAM_Feasopt_Mode=0;CPXPARAM_LPMethod=0;CPXPARAM_MIP_Cuts_Cliques=1;CPXPARAM_MIP_Cuts_Covers=0;CPXPARAM_MIP_Cuts_Disjunctive=1;CPXPARAM_MIP_Cuts_FlowCovers=0;CPXPARAM_MIP_Cuts_GUBCovers=1;CPXPARAM_MIP_Cuts_Gomory=2;CPXPARAM_MIP_Cuts_Implied=-1;CPXPARAM_MIP_Cuts_MIRCut=-1;CPXPARAM_MIP_Cuts_PathCut=1;CPXPARAM_MIP_Limits_AggForCut=0;CPXPARAM_MIP_Limits_CutPasses=0;CPXPARAM_MIP_Limits_CutsFactor=-1;CPXPARAM_MIP_Limits_GomoryCand=800;CPXPARAM_MIP_Limits_GomoryPass=0;CPXPARAM_MIP_Limits_Nodes=9223372036800000000;CPXPARAM_MIP_Limits_ProbeTime=1e+75;CPXPARAM_MIP_Limits_RepairTries=0;CPXPARAM_MIP_Limits_StrongCand=10;CPXPARAM_MIP_Limits_StrongIt=0;CPXPARAM_MIP_OrderType=3;CPXPARAM_MIP_Strategy_BBInterval=7;CPXPARAM_MIP_Strategy_Branch=1;CPXPARAM_MIP_Strategy_Dive=0;CPXPARAM_MIP_Strategy_File=1;CPXPARAM_MIP_Strategy_HeuristicFreq=0;CPXPARAM_MIP_Strategy_LBHeur=0;CPXPARAM_MIP_Strategy_NodeSelect=3;CPXPARAM_MIP_Strategy_Order=1;CPXPARAM_MIP_Strategy_PresolveNode=0;CPXPARAM_MIP_Strategy_Probe=2;CPXPARAM_MIP_Strategy_RINSHeur=0;CPXPARAM_MIP_Strategy_StartAlgorithm=0;CPXPARAM_MIP_Strategy_SubAlgorithm=0;CPXPARAM_MIP_Strategy_VariableSelect=1;CPXPARAM_Network_NetFind=2;CPXPARAM_Network_Pricing=0;CPXPARAM_Parallel=1;CPXPARAM_Preprocessing_Aggregator=-1;CPXPARAM_Preprocessing_BoundStrength=-1;CPXPARAM_Preprocessing_CoeffReduce=-1;CPXPARAM_Preprocessing_Dependency=-1;CPXPARAM_Preprocessing_Dual=0;CPXPARAM_Preprocessing_Fill=10;CPXPARAM_Preprocessing_NumPass=-1;CPXPARAM_Preprocessing_Presolve=1;CPXPARAM_Preprocessing_QPMakePSD=1;CPXPARAM_Preprocessing_Reduce=3;CPXPARAM_Preprocessing_Relax=-1;CPXPARAM_Preprocessing_RepeatPresolve=-1;CPXPARAM_Preprocessing_Symmetry=-1;CPXPARAM_Read_Scale=0;CPXPARAM_Sifting_Algorithm=0;CPXPARAM_Simplex_Crash=1;CPXPARAM_Simplex_DGradient=0;CPXPARAM_Simplex_Limits_Perturbation=0;CPXPARAM_Simplex_Limits_Singularity=10;CPXPARAM_Simplex_PGradient=0;CPXPARAM_Simplex_Pricing=0;CPXPARAM_Simplex_Refactor=0
9909052734456147141,0,CPXPARAM_Advance=1;CPXPARAM_Barrier_Algorithm=0;CPXPARAM_Barrier_ColNonzeros=0;CPXPARAM_Barrier_Crossover=0;CPXPARAM_Barrier_Limits_Corrections=-1;CPXPARAM_Barrier_Ordering=0;CPXPARAM_Barrier_StartAlg=1;CPXPARAM_Emphasis_MIP=1;CPXPARAM_Emphasis_Memory=0;CPXPARAM_Emphasis_Numerical=0;CPXPARAM_Feasopt_Mode=0;CPXPARAM_LPMethod=0;CPXPARAM_MIP_Cuts_Cliques=1;CPXPARAM_MIP_Cuts_Covers=0;CPXPARAM_MIP_Cuts_Disjunctive=1;CPXPARAM_MIP_Cuts_FlowCovers=0;CPXPARAM_MIP_Cuts_GUBCovers=1;CPXPARAM_MIP_Cuts_Gomory=2;CPXPARAM_MIP_Cuts_Implied=-1;CPXPARAM_MIP_Cuts_MIRCut=-1;CPXPARAM_MIP_Cuts_PathCut=1;CPXPARAM_MIP_Limits_AggForCut=2;CPXPARAM_MIP_Limits_CutPasses=0;CPXPARAM_MIP_Limits_CutsFactor=-1;CPXPARAM_MIP_Limits_GomoryCand=800;CPXPARAM_MIP_Limits_GomoryPass=0;CPXPARAM_MIP_Limits_Nodes=9223372036800000000;CPXPARAM_MIP_Limits_ProbeTime=1e+75;CPXPARAM_MIP_Limits_RepairTries=0;CPXPARAM_MIP_Limits_StrongCand=10;CPXPARAM_MIP_Limits_StrongIt=0;CPXPARAM_MIP_OrderType=3;CPXPARAM_MIP_Strategy_BBInterval=7;CPXPARAM_MIP_Strategy_Branch=1;CPXPARAM_MIP_Strategy_Dive=0;CPXPARAM_MIP_Strategy_File=1;CPXPARAM_MIP_Strategy_HeuristicFreq=0;CPXPARAM_MIP_Strategy_LBHeur=0;CPXPARAM_MIP_Strategy_NodeSelect=3;CPXPARAM_MIP_Strategy_Order=1;CPXPARAM_MIP_Strategy_PresolveNode=0;CPXPARAM_MIP_Strategy_Probe=2;CPXPARAM_MIP_Strategy_RINSHeur=0;CPXPARAM_MIP_Strategy_StartAlgorithm=0;CPXPARAM_MIP_Strategy_SubAlgorithm=0;CPXPARAM_MIP_Strategy_VariableSelect=1;CPXPARAM_Network_NetFind=2;CPXPARAM_Network_Pricing=0;CPXPARAM_Parallel=1;CPXPARAM_Preprocessing_Aggregator=-1;CPXPARAM_Preprocessing_BoundStrength=-1;CPXPARAM_Preprocessing_CoeffReduce=-1;CPXPARAM_Preprocessing_Dependency=-1;CPXPARAM_Preprocessing_Dual=0;CPXPARAM_Preprocessing_Fill=10;CPXPARAM_Preprocessing_NumPass=-1;CPXPARAM_Preprocessing_Presolve=1;CPXPARAM_Preprocessing_QPMakePSD=1;CPXPARAM_Preprocessing_Reduce=3;CPXPARAM_Preprocessing_Relax=-1;CPXPARAM_Preprocessing_RepeatPresolve=-1;CPXPARAM_Preprocessing_Symmetry=-1;CPXPARAM_Read_Scale=0;CPXPARAM_Sifting_Algorithm=0;CPXPARAM_Simplex_Crash=1;CPXPARAM_Simplex_DGradient=0;CPXPARAM_Simplex_Limits_Perturbation=0;CPXPARAM_Simplex_Limits_Singularity=10;CPXPARAM_Simplex_PGradient=0;CPXPARAM_Simplex_Pricing=0;CPXPARAM_Simplex_Refactor=0
7907785110882343416,0,CPXPARAM_Advance=1;CPXPARAM_Barrier_Algorithm=0;CPXPARAM_Barrier_ColNonzeros=0;CPXPARAM_Barrier_Crossover=0;CPXPARAM_Barrier_Limits_Corrections=-1;CPXPARAM_Barrier_Ordering=0;CPXPARAM_Barrier_StartAlg=1;CPXPARAM_Emphasis_MIP=1;CPXPARAM_Emphasis_Memory=0;CPXPARAM_Emphasis_Numerical=0;CPXPARAM_Feasopt_Mode=0;CPXPARAM_LPMethod=0;CPXPARAM_MIP_Cuts_Cliques=1;CPXPARAM_MIP_Cuts_Covers=0;CPXPARAM_MIP_Cuts_Disjunctive=1;CPXPARAM_MIP_Cuts_FlowCovers=0;CPXPARAM_MIP_Cuts_GUBCovers=1;CPXPARAM_MIP_Cuts_Gomory=2;CPXPARAM_MIP_Cuts_Implied=-1;CPXPARAM_MIP_Cuts_MIRCut=-1;CPXPARAM_MIP_Cuts_PathCut=1;CPXPARAM_MIP_Limits_AggForCut=0;CPXPARAM_MIP_Limits_CutPasses=0;CPXPARAM_MIP_Limits_CutsFactor=-1;CPXPARAM_MIP_Limits_GomoryCand=800;CPXPARAM_MIP_Limits_GomoryPass=0;CPXPARAM_MIP_Limits_Nodes=9223372036800000000;CPXPARAM_MIP_Limits_ProbeTime=1e+75;CPXPARAM_MIP_Limits_RepairTries=0;CPXPARAM_MIP_Limits_StrongCand=10;CPXPARAM_MIP_Limits_StrongIt=0;CPXPARAM_MIP_OrderType=3;CPXPARAM_MIP_Strategy_BBInterval=7;CPXPARAM_MIP_Strategy_Branch=1;CPXPARAM_MIP_Strategy_Dive=0;CPXPARAM_MIP_Strategy_File=1;CPXPARAM_MIP_Strategy_HeuristicFreq=0;CPXPARAM_MIP_Strategy_LBHeur=0;CPXPARAM_MIP_Strategy_NodeSelect=3;CPXPARAM_MIP_Strategy_Order=1;CPXPARAM_MIP_Strategy_PresolveNode=0;CPXPARAM_MIP_Strategy_Probe=3;CPXPARAM_MIP_Strategy_RINSHeur=0;CPXPARAM_MIP_Strategy_StartAlgorithm=0;CPXPARAM_MIP_Strategy_SubAlgorithm=0;CPXPARAM_MIP_Strategy_VariableSelect=1;CPXPARAM_Network_NetFind=2;CPXPARAM_Network_Pricing=0;CPXPARAM_Parallel=1;CPXPARAM_Preprocessing_Aggregator=-1;CPXPARAM_Preprocessing_BoundStrength=-1;CPXPARAM_Preprocessing_CoeffReduce=-1;CPXPARAM_Preprocessing_Dependency=-1;CPXPARAM_Preprocessing_Dual=0;CPXPARAM_Preprocessing_Fill=10;CPXPARAM_Preprocessing_NumPass=-1;CPXPARAM_Preprocessing_Presolve=1;CPXPARAM_Preprocessing_QPMakePSD=1;CPXPARAM_Preprocessing_Reduce=3;CPXPARAM_Preprocessing_Relax=-1;CPXPARAM_Preprocessing_RepeatPresolve=-1;CPXPARAM_Preprocessing_Symmetry=-1;CPXPARAM_Read_Scale=0;CPXPARAM_Sifting_Algorithm=0;CPXPARAM_Simplex_Crash=1;CPXPARAM_Simplex_DGradient=0;CPXPARAM_Simplex_Limits_Perturbation=0;CPXPARAM_Simplex_Limits_Singularity=10;CPXPARAM_Simplex_PGradient=0;CPXPARAM_Simplex_Pricing=0;CPXPARAM_Simplex_Refactor=0
7558250500719182566,0,CPXPARAM_Advance=1;CPXPARAM_Barrier_Algorithm=0;CPXPARAM_Barrier_ColNonzeros=0;CPXPARAM_Barrier_Crossover=0;CPXPARAM_Barrier_Limits_Corrections=-1;CPXPARAM_Barrier_Ordering=0;CPXPARAM_Barrier_StartAlg=1;CPXPARAM_Emphasis_MIP=1;CPXPARAM_Emphasis_Memory=0;CPXPARAM_Emphasis_Numerical=0;CPXPARAM_Feasopt_Mode=0;CPXPARAM_LPMethod=0;CPXPARAM_MIP_Cuts_Cliques=1;CPXPARAM_MIP_Cuts_Covers=-1;CPXPARAM_MIP_Cuts_Disjunctive=1;CPXPARAM_MIP_Cuts_FlowCovers=0;CPXPARAM_MIP_Cuts_GUBCovers=1;CPXPARAM_MIP_Cuts_Gomory=2;CPXPARAM_MIP_Cuts_Implied=-1;CPXPARAM_MIP_Cuts_MIRCut=-1;CPXPARAM_MIP_Cuts_PathCut=1;CPXPARAM_MIP_Limits_AggForCut=0;CPXPARAM_MIP_Limits_CutPasses=0;CPXPARAM_MIP_Limits_CutsFactor=-1;CPXPARAM_MIP_Limits_GomoryCand=800;CPXPARAM_MIP_Limits_GomoryPass=0;CPXPARAM_MIP_Limits_Nodes=9223372036800000000;CPXPARAM_MIP_Limits_ProbeTime=1e+75;CPXPARAM_MIP_Limits_RepairTries=0;CPXPARAM_MIP_Limits_StrongCand=10;CPXPARAM_MIP_Limits_StrongIt=0;CPXPARAM_MIP_OrderType=3;CPXPARAM_MIP_Strategy_BBInterval=7;CPXPARAM_MIP_Strategy_Branch=1;CPXPARAM_MIP_Strategy_Dive=0;CPXPARAM_MIP_Strategy_File=1;CPXPARAM_MIP_Strategy_HeuristicFreq=0;CPXPARAM_MIP_Strategy_LBHeur=0;CPXPARAM_MIP_Strategy_NodeSelect=3;CPXPARAM_MIP_Strategy_Order=1;CPXPARAM_MIP_Strategy_PresolveNode=0;CPXPARAM_MIP_Strategy_Probe=2;CPXPARAM_MIP_Strategy_RINSHeur=0;CPXPARAM_MIP_Strategy_StartAlgorithm=0;CPXPARAM_MIP_Strategy_SubAlgorithm=0;CPXPARAM_MIP_Strategy_VariableSelect=1;CPXPARAM_Network_NetFind=2;CPXPARAM_Network_Pricing=0;CPXPARAM_Parallel=1;CPXPARAM_Preprocessing_Aggregator=-1;CPXPARAM_Preprocessing_BoundStrength=-1;CPXPARAM_Preprocessing_CoeffReduce=-1;CPXPARAM_Preprocessing_Dependency=-1;CPXPARAM_Preprocessing_Dual=0;CPXPARAM_Preprocessing_Fill=10;CPXPARAM_Preprocessing_NumPass=-1;CPXPARAM_Preprocessing_Presolve=1;CPXPARAM_Preprocessing_QPMakePSD=1;CPXPARAM_Preprocessing_Reduce=3;CPXPARAM_Preprocessing_Relax=-1;CPXPARAM_Preprocessing_RepeatPresolve=-1;CPXPARAM_Preprocessing_Symmetry=-1;CPXPARAM_Read_Scale=0;CPXPARAM_Sifting_Algorithm=0;CPXPARAM_Simplex_Crash=1;CPXPARAM_Simplex_DGradient=0;CPXPARAM_Simplex_Limits_Perturbation=0;CPXPARAM_Simplex_Limits_Singularity=10;CPXPARAM_Simplex_PGradient=0;CPXPARAM_Simplex_Pricing=0;CPXPARAM_Simplex_Refactor=0
3529621408964528360,0,CPXPARAM_Advance=1;CPXPARAM_Barrier_Algorithm=0;CPXPARAM_Barrier_ColNonzeros=0;CPXPARAM_Barrier_Crossover=0;CPXPARAM_Barrier_Limits_Corrections=-1;CPXPARAM_Barrier_Ordering=0;CPXPARAM_Barrier_StartAlg=1;CPXPARAM_Emphasis_MIP=1;CPXPARAM_Emphasis_Memory=0;CPXPARAM_Emphasis_Numerical=0;CPXPARAM_Feasopt_Mode=0;CPXPARAM_LPMethod=0;CPXPARAM_MIP_Cuts_Cliques=1;CPXPARAM_MIP_Cuts_Covers=0;CPXPARAM_MIP_Cuts_Disjunctive=1;CPXPARAM_MIP_Cuts_FlowCovers=0;CPXPARAM_MIP_Cuts_GUBCovers=1;CPXPARAM_MIP_Cuts_Gomory=2;CPXPARAM_MIP_Cuts_Implied=-1;CPXPARAM_MIP_Cuts_MIRCut=-1;CPXPARAM_MIP_Cuts_PathCut=1;CPXPARAM_MIP_Limits_AggForCut=0;CPXPARAM_MIP_Limits_CutPasses=0;CPXPARAM_MIP_Limits_CutsFactor=-1;CPXPARAM_MIP_Limits_GomoryCand=800;CPXPARAM_MIP_Limits_GomoryPass=0;CPXPARAM_MIP_Limits_Nodes=9223372036800000000;CPXPARAM_MIP_Limits_ProbeTime=1e+75;CPXPARAM_MIP_Limits_RepairTries=0;CPXPARAM_MIP_Limits_StrongCand=10;CPXPARAM_MIP_Limits_StrongIt=0;CPXPARAM_MIP_OrderType=3;CPXPARAM_MIP_Strategy_BBInterval=7;CPXPARAM_MIP_Strategy_Branch=1;CPXPARAM_MIP_Strategy_Dive=0;CPXPARAM_MIP_Strategy_File=1;CPXPARAM_MIP_Strategy_HeuristicFreq=0;CPXPARAM_MIP_Strategy_LBHeur=0;CPXPARAM_MIP_Strategy_NodeSelect=3;CPXPARAM_MIP_Strategy_Order=1;CPXPARAM_MIP_Strategy_PresolveNode=0;CPXPARAM_MIP_Strategy_Probe=2;CPXPARAM_MIP_Strategy_RINSHeur=0;CPXPARAM_MIP_Strategy_StartAlgorithm=0;CPXPARAM_MIP_Strategy_SubAlgorithm=0;CPXPARAM_MIP_Strategy_VariableSelect=1;CPXPARAM_Network_NetFind=2;CPXPARAM_Network_Pricing=0;CPXPARAM_Parallel=1;CPXPARAM_Preprocessing_Aggregator=-1;CPXPARAM_Preprocessing_BoundStrength=-1;CPXPARAM_Preprocessing_CoeffReduce=-1;CPXPARAM_Preprocessing_Dependency=-1;CPXPARAM_Preprocessing_Dual=0;CPXPARAM_Preprocessing_Fill=10;CPXPARAM_Preprocessing_NumPass=-1;CPXPARAM_Preprocessing_Presolve=1;CPXPARAM_Preprocessing_QPMakePSD=1;CPXPARAM_Preprocessing_Reduce=2;CPXPARAM_Preprocessing_Relax=-1;CPXPARAM_Preprocessing_RepeatPresolve=-1;CPXPARAM_Preprocessing_Symmetry=-1;CPXPARAM_Read_Scale=0;CPXPARAM_Sifting_Algorithm=0;CPXPARAM_Simplex_Crash=1;CPXPARAM_Simplex_DGradient=0;CPXPARAM_Simplex_Limits_Perturbation=0;CPXPARAM_Simplex_Limits_Singularity=10;CPXPARAM_Simplex_PGradient=0;CPXPARAM_Simplex_Pricing=0;CPXPARAM_Simplex_Refactor=0
8408169831028113565,0,CPXPARAM_Advance=1;CPXPARAM_Barrier_Algorithm=0;CPXPARAM_Barrier_ColNonzeros=0;CPXPARAM_Barrier_Crossover=0;CPXPARAM_Barrier_Limits_Corrections=-1;CPXPARAM_Barrier_Ordering=0;CPXPARAM_Barrier_StartAlg=1;CPXPARAM_Emphasis_MIP=1;CPXPARAM_Emphasis_Memory=0;CPXPARAM_Emphasis_Numerical=0;CPXPARAM_Feasopt_Mode=0;CPXPARAM_LPMethod=0;CPXPARAM_MIP_Cuts_Cliques=1;CPXPARAM_MIP_Cuts_Covers=0;CPXPARAM_MIP_Cuts_Disjunctive=1;CPXPARAM_MIP_Cuts_FlowCovers=0;CPXPARAM_MIP_Cuts_GUBCovers=1;CPXPARAM_MIP_Cuts_Gomory=2;CPXPARAM_MIP_Cuts_Implied=-1;CPXPARAM_MIP_Cuts_MIRCut=-1;CPXPARAM_MIP_Cuts_PathCut=1;CPXPARAM_MIP_Limits_AggForCut=0;CPXPARAM_MIP_Limits_CutPasses=0;CPXPARAM_MIP_Limits_CutsFactor=-1;CPXPARAM_MIP_Limits_GomoryCand=800;CPXPARAM_MIP_Limits_GomoryPass=0;CPXPARAM_MIP_Limits_Nodes=9223372036800000000;CPXPARAM_MIP_Limits_ProbeTime=1e+75;CPXPARAM_MIP_Limits_RepairTries=0;CPXPARAM_MIP_Limits_StrongCand=10;CPXPARAM_MIP_Limits_StrongIt=0;CPXPARAM_MIP_OrderType=3;CPXPARAM_MIP_Strategy_BBInterval=7;CPXPARAM_MIP_Strategy_Branch=1;CPXPARAM_MIP_Strategy_Dive=0;CPXPARAM_MIP_Strategy_File=1;CPXPARAM_MIP_Strategy_HeuristicFreq=0;CPXPARAM_MIP_Strategy_LBHeur=0;CPXPARAM_MIP_Strategy_NodeSelect=3;CPXPARAM_MIP_Strategy_Order=1;CPXPARAM_MIP_Strategy_PresolveNode=0;CPXPARAM_MIP_Strategy_Probe=2;CPXPARAM_MIP_Strategy_RINSHeur=0;CPXPARAM_MIP_Strategy_StartAlgorithm=0;CPXPARAM_MIP_Strategy_SubAlgorithm=0;CPXPARAM_MIP_Strategy_VariableSelect=1;CPXPARAM_Network_NetFind=2;CPXPARAM_Network_Pricing=0;CPXPARAM_Parallel=1;CPXPARAM_Preprocessing_Aggregator=-1;CPXPARAM_Preprocessing_BoundStrength=-1;CPXPARAM_Preprocessing_CoeffReduce=-1;CPXPARAM_Preprocessing_Dependency=-1;CPXPARAM_Preprocessing_Dual=0;CPXPARAM_Preprocessing_Fill=10;CPXPARAM_Preprocessing_NumPass=-1;CPXPARAM_Preprocessing_Presolve=1;CPXPARAM_Preprocessing_QPMakePSD=1;CPXPARAM_Preprocessing_Reduce=0;CPXPARAM_Preprocessing_Relax=-1;CPXPARAM_Preprocessing_RepeatPresolve=-1;CPXPARAM_Preprocessing_Symmetry=-1;CPXPARAM_Read_Scale=0;CPXPARAM_Sifting_Algorithm=0;CPXPARAM_Simplex_Crash=1;CPXPARAM_Simplex_DGradient=0;CPXPARAM_Simplex_Limits_Perturbation=0;CPXPARAM_Simplex_Limits_Singularity=10;CPXPARAM_Simplex_PGradient=0;CPXPARAM_Simplex_Pricing=0;CPXPARAM_Simplex_Refactor=0
15574503526159263929,0,CPXPARAM_Advance=1;CPXPARAM_Barrier_Algorithm=0;CPXPARAM_Barrier_ColNonzeros=0;CPXPARAM_Barrier_Crossover=0;CPXPARAM_Barrier_Limits_Corrections=-1;CPXPARAM_Barrier_Ordering=0;CPXPARAM_Barrier_StartAlg=1;CPXPARAM_Emphasis_MIP=1;CPXPARAM_Emphasis_Memory=0;CPXPARAM_Emphasis_Numerical=0;CPXPARAM_Feasopt_Mode=0;CPXPARAM_LPMethod=0;CPXPARAM_MIP_Cuts_Cliques=1;CPXPARAM_MIP_Cuts_Covers=0;CPXPARAM_MIP_Cuts_Disjunctive=1;CPXPARAM_MIP_Cuts_FlowCovers=0;CPXPARAM_MIP_Cuts_GUBCovers=1;CPXPARAM_MIP_Cuts_Gomory=2;CPXPARAM_MIP_Cuts_Implied=-1;CPXPARAM_MIP_Cuts_MIRCut=-1;CPXPARAM_MIP_Cuts_PathCut=1;CPXPARAM_MIP_Limits_AggForCut=0;CPXPARAM_MIP_Limits_CutPasses=0;CPXPARAM_MIP_Limits_CutsFactor=-1;CPXPARAM_MIP_Limits_GomoryCand=100;CPXPARAM_MIP_Limits_GomoryPass=0;CPXPARAM_MIP_Limits_Nodes=9223372036800000000;CPXPARAM_MIP_Limits_ProbeTime=1e+75;CPXPARAM_MIP_Limits_RepairTries=0;CPXPARAM_MIP_Limits_StrongCand=10;CPXPARAM_MIP_Limits_StrongIt=0;CPXPARAM_MIP_OrderType=3;CPXPARAM_MIP_Strategy_BBInterval=7;CPXPARAM_MIP_Strategy_Branch=1;CPXPARAM_MIP_Strategy_Dive=0;CPXPARAM_MIP_Strategy_File=1;CPXPARAM_MIP_Strategy_HeuristicFreq=0;CPXPARAM_MIP_Strategy_LBHeur=0;CPXPARAM_MIP_Strategy_NodeSelect=3;CPXPARAM_MIP_Strategy_Order=1;CPXPARAM_MIP_Strategy_PresolveNode=0;CPXPARAM_MIP_Strategy_Probe=2;CPXPARAM_MIP_Strategy_RINSHeur=0;CPXPARAM_MIP_Strategy_StartAlgorithm=0;CPXPARAM_MIP_Strategy_SubAlgorithm=0;CPXPARAM_MIP_Strategy_VariableSelect=1;CPXPARAM_Network_NetFind=2;CPXPARAM_Network_Pricing=0;CPXPARAM_Parallel=1;CPXPARAM_Preprocessing_Aggregator=-1;CPXPARAM_Preprocessing_BoundStrength=-1;CPXPARAM_Preprocessing_CoeffReduce=-1;CPXPARAM_Preprocessing_Dependency=-1;CPXPARAM_Preprocessing_Dual=0;CPXPARAM_Preprocessing_Fill=10;CPXPARAM_Preprocessing_NumPass=-1;CPXPARAM_Preprocessing_Presolve=1;CPXPARAM_Preprocessing_QPMakePSD=1;CPXPARAM_Preprocessing_Reduce=3;CPXPARAM_Preprocessing_Relax=-1;CPXPARAM_Preprocessing_RepeatPresolve=-1;CPXPARAM_Preprocessing_Symmetry=-1;CPXPARAM_Read_Scale=0;CPXPARAM_Sifting_Algorithm=0;CPXPARAM_Simplex_Crash=1;CPXPARAM_Simplex_DGradient=0;CPXPARAM_Simplex_Limits_Perturbation=0;CPXPARAM_Simplex_Limits_Singularity=10;CPXPARAM_Simplex_PGradient=0;CPXPARAM_Simplex_Pricing=0;CPXPARAM_Simplex_Refactor=0
4610511985734160654,0,CPXPARAM_Advance=1;CPXPARAM_Barrier_Algorithm=0;CPXPARAM_Barrier_ColNonzeros=0;CPXPARAM_Barrier_Crossover=0;CPXPARAM_Barrier_Limits_Corrections=-1;CPXPARAM_Barrier_Ordering=0;CPXPARAM_Barrier_StartAlg=1;CPXPARAM_Emphasis_MIP=0;CPXPARAM_Emphasis_Memory=0;CPXPARAM_Emphasis_Numerical=0;CPXPARAM_Feasopt_Mode=0;CPXPARAM_LPMethod=0;CPXPARAM_MIP_Cuts_Cliques=0;CPXPARAM_MIP_Cuts_Covers=-1;CPXPARAM_MIP_Cuts_Disjunctive=0;CPXPARAM_MIP_Cuts_FlowCovers=-1;CPXPARAM_MIP_Cuts_GUBCovers=2;CPXPARAM_MIP_Cuts_Gomory=2;CPXPARAM_MIP_Cuts_Implied=-1;CPXPARAM_MIP_Cuts_MIRCut=-1;CPXPARAM_MIP_Cuts_PathCut=-1;CPXPARAM_MIP_Limits_AggForCut=2;CPXPARAM_MIP_Limits_CutPasses=0;CPXPARAM_MIP_Limits_CutsFactor=-1;CPXPARAM_MIP_Limits_GomoryCand=200;CPXPARAM_MIP_Limits_GomoryPass=0;CPXPARAM_MIP_Limits_Nodes=9223372036800000000;CPXPARAM_MIP_Limits_ProbeTime=1e+75;CPXPARAM_MIP_Limits_RepairTries=0;CPXPARAM_MIP_Limits_StrongCand=10;CPXPARAM_MIP_Limits_StrongIt=0;CPXPARAM_MIP_OrderType=0;CPXPARAM_MIP_Strategy_BBInterval=7;CPXPARAM_MIP_Strategy_Branch=-1;CPXPARAM_MIP_Strategy_Dive=0;CPXPARAM_MIP_Strategy_File=1;CPXPARAM_MIP_Strategy_HeuristicFreq=0;CPXPARAM_MIP_Strategy_LBHeur=0;CPXPARAM_MIP_Strategy_NodeSelect=0;CPXPARAM_MIP_Strategy_Order=1;CPXPARAM_MIP_Strategy_PresolveNode=0;CPXPARAM_MIP_Strategy_Probe=2;CPXPARAM_MIP_Strategy_RINSHeur=0;CPXPARAM_MIP_Strategy_StartAlgorithm=0;CPXPARAM_MIP_Strategy_SubAlgorithm=3;CPXPARAM_MIP_Strategy_VariableSelect=1;CPXPARAM_Network_NetFind=2;CPXPARAM_Network_Pricing=0;CPXPARAM_Parallel=1;CPXPARAM_Preprocessing_Aggregator=-1;CPXPARAM_Preprocessing_BoundStrength=-1;CPXPARAM_Preprocessing_CoeffReduce=-1;CPXPARAM_Preprocessing_Dependency=-1;CPXPARAM_Preprocessing_Dual=0;CPXPARAM_Preprocessing_Fill=5;CPXPARAM_Preprocessing_NumPass=-1;CPXPARAM_Preprocessing_Presolve=1;CPXPARAM_Preprocessing_QPMakePSD=1;CPXPARAM_Preprocessing_Reduce=3;CPXPARAM_Preprocessing_Relax=-1;CPXPARAM_Preprocessing_RepeatPresolve=-1;CPXPARAM_Preprocessing_Symmetry=-1;CPXPARAM_Read_Scale=0;CPXPARAM_Sifting_Algorithm=0;CPXPARAM_Simplex_Crash=1;CPXPARAM_Simplex_DGradient=0;CPXPARAM_Simplex_Limits_Perturbation=0;CPXPARAM_Simplex_Limits_Singularity=10;CPXPARAM_Simplex_PGradient=0;CPXPARAM_Simplex_Pricing=0;CPXPARAM_Simplex_Refactor=0
1653727133592860454,0,CPXPARAM_Advance=1;CPXPARAM_Barrier_Algorithm=0;CPXPARAM_Barrier_ColNonzeros=0;CPXPARAM_Barrier_Crossover=0;CPXPARAM_Barrier_Limits_Corrections=-1;CPXPARAM_Barrier_Ordering=0;CPXPARAM_Barrier_StartAlg=1;CPXPARAM_Emphasis_MIP=0;CPXPARAM_Emphasis_Memory=0;CPXPARAM_Emphasis_Numerical=0;CPXPARAM_Feasopt_Mode=0;CPXPARAM_LPMethod=0;CPXPARAM_MIP_Cuts_Cliques=0;CPXPARAM_MIP_Cuts_Covers=-1;CPXPARAM_MIP_Cuts_Disjunctive=0;CPXPARAM_MIP_Cuts_FlowCovers=-1;CPXPARAM_MIP_Cuts_GUBCovers=2;CPXPARAM_MIP_Cuts_Gomory=2;CPXPARAM_MIP_Cuts_Implied=-1;CPXPARAM_MIP_Cuts_MIRCut=-1;CPXPARAM_MIP_Cuts_PathCut=-1;CPXPARAM_MIP_Limits_AggForCut=2;CPXPARAM_MIP_Limits_CutPasses=0;CPXPARAM_MIP_Limits_CutsFactor=-1;CPXPARAM_MIP_Limits_GomoryCand=200;CPXPARAM_MIP_Limits_GomoryPass=0;CPXPARAM_MIP_Limits_Nodes=9223372036800000000;CPXPARAM_MIP_Limits_ProbeTime=1e+75;CPXPARAM_MIP_Limits_RepairTries=0;CPXPARAM_MIP_Limits_StrongCand=10;CPXPARAM_MIP_Limits_StrongIt=0;CPXPARAM_MIP_OrderType=0;CPXPARAM_MIP_Strategy_BBInterval=7;CPXPARAM_MIP_Strategy_Branch=-1;CPXPARAM_MIP_Strategy_Dive=0;CPXPARAM_MIP_Strategy_File=1;CPXPARAM_MIP_Strategy_HeuristicFreq=0;CPXPARAM_MIP_Strategy_LBHeur=0;CPXPARAM_MIP_Strategy_NodeSelect=0;CPXPARAM_MIP_Strategy_Order=1;CPXPARAM_MIP_Strategy_PresolveNode=0;CPXPARAM_MIP_Strategy_Probe=2;CPXPARAM_MIP_Strategy_RINSHeur=0;CPXPARAM_MIP_Strategy_StartAlgorithm=0;CPXPARAM_MIP_Strategy_SubAlgorithm=3;CPXPARAM_MIP_Strategy_VariableSelect=1;CPXPARAM_Network_NetFind=2;CPXPARAM_Network_Pricing=0;CPXPARAM_Parallel=1;CPXPARAM_Preprocessing_Aggregator=-1;CPXPARAM_Preprocessing_BoundStrength=-1;CPXPARAM_Preprocessing_CoeffReduce=-1;CPXPARAM_Preprocessing_Dependency=-1;CPXPARAM_Preprocessing_Dual=0;CPXPARAM_Preprocessing_Fill=5;CPXPARAM_Preprocessing_NumPass=-1;CPXPARAM_Preprocessing_Presolve=1;CPXPARAM_Preprocessing_QPMakePSD=1;CPXPARAM_Preprocessing_Reduce=2;CPXPARAM_Preprocessing_Relax=-1;CPXPARAM_Preprocessing_RepeatPresolve=-1;CPXPARAM_Preprocessing_Symmetry=-1;CPXPARAM_Read_Scale=0;CPXPARAM_Sifting_Algorithm=0;CPXPARAM_Simplex_Crash=1;CPXPARAM_Simplex_DGradient=0;CPXPARAM_Simplex_Limits_Perturbation=0;CPXPARAM_Simplex_Limits_Singularity=10;CPXPARAM_Simplex_PGradient=0;CPXPARAM_Simplex_Pricing=0;CPXPARAM_Simplex_Refactor=0
15775553989348986153,0,CPXPARAM_Advance=1;CPXPARAM_Barrier_Algorithm=0;CPXPARAM_Barrier_ColNonzeros=0;CPXPARAM_Barrier_Crossover=0;CPXPARAM_Barrier_Limits_Corrections=-1;CPXPARAM_Barrier_Ordering=0;CPXPARAM_Barrier_StartAlg=1;CPXPARAM_Emphasis_MIP=0;CPXPARAM_Emphasis_Memory=0;CPXPARAM_Emphasis_Numerical=0;CPXPARAM_Feasopt_Mode=0;CPXPARAM_LPMethod=0;CPXPARAM_MIP_Cuts_Cliques=0;CPXPARAM_MIP_Cuts_Covers=-1;CPXPARAM_MIP_Cuts_Disjunctive=0;CPXPARAM_MIP_Cuts_FlowCovers=-1;CPXPARAM_MIP_Cuts_GUBCovers=2;CPXPARAM_MIP_Cuts_Gomory=2;CPXPARAM_MIP_Cuts_Implied=-1;CPXPARAM_MIP_Cuts_MIRCut=-1;CPXPARAM_MIP_Cuts_PathCut=-1;CPXPARAM_MIP_Limits_AggForCut=2;CPXPARAM_MIP_Limits_CutPasses=0;CPXPARAM_MIP_Limits_CutsFactor=-1;CPXPARAM_MIP_Limits_GomoryCand=200;CPXPARAM_MIP_Limits_GomoryPass=0;CPXPARAM_MIP_Limits_Nodes=9223372036800000000;CPXPARAM_MIP_Limits_ProbeTime=1e+75;CPXPARAM_MIP_Limits_RepairTries=0;CPXPARAM_MIP_Limits_StrongCand=10;CPXPARAM_MIP_Limits_StrongIt=0;CPXPARAM_MIP_OrderType=0;CPXPARAM_MIP_Strategy_BBInterval=7;CPXPARAM_MIP_Strategy_Branch=-1;CPXPARAM_MIP_Strategy_Dive=0;CPXPARAM_MIP_Strategy_File=1;CPXPARAM_MIP_Strategy_HeuristicFreq=0;CPXPARAM_MIP_Strategy_LBHeur=0;CPXPARAM_MIP_Strategy_NodeSelect=0;CPXPARAM_MIP_Strategy_Order=1;CPXPARAM_MIP_Strategy_PresolveNode=0;CPXPARAM_MIP_Strategy_Probe=2;CPXPARAM_MIP_Strategy_RINSHeur=0;CPXPARAM_MIP_Strategy_StartAlgorithm=0;CPXPARAM_MIP_Strategy_SubAlgorithm=3;CPXPARAM_MIP_Strategy_VariableSelect=1;CPXPARAM_Network_NetFind=2;CPXPARAM_Network_Pricing=0;CPXPARAM_Parallel=1;CPXPARAM_Preprocessing_Aggregator=-1;CPXPARAM_Preprocessing_BoundStrength=-1;CPXPARAM_Preprocessing_CoeffReduce=-1;CPXPARAM_Preprocessing_Dependency=-1;CPXPARAM_Preprocessing_Dual=0;CPXPARAM_Preprocessing_Fill=5;CPXPARAM_Preprocessing_NumPass=-1;CPXPARAM_Preprocessing_Presolve=1;CPXPARAM_Preprocessing_QPMakePSD=1;CPXPARAM_Preprocessing_Reduce=1;CPXPARAM_Preprocessing_Relax=-1;CPXPARAM_Preprocessing_RepeatPresolve=-1;CPXPARAM_Preprocessing_Symmetry=-1;CPXPARAM_Read_Scale=0;CPXPARAM_Sifting_Algorithm=0;CPXPARAM_Simplex_Crash=1;CPXPARAM_Simplex_DGradient=0;CPXPARAM_Simplex_Limits_Perturbation=0;CPXPARAM_Simplex_Limits_Singularity=10;CPXPARAM_Simplex_PGradient=0;CPXPARAM_Simplex_Pricing=0;CPXPARAM_Simplex_Refactor=0
5469635283596362714,0,CPXPARAM_Advance=1;CPXPARAM_Barrier_Algorithm=0;CPXPARAM_Barrier_ColNonzeros=0;CPXPARAM_Barrier_Crossover=0;CPXPARAM_Barrier_Limits_Corrections=-1;CPXPARAM_Barrier_Ordering=0;CPXPARAM_Barrier_StartAlg=1;CPXPARAM_Emphasis_MIP=5;CPXPARAM_Emphasis_Memory=0;CPXPARAM_Emphasis_Numerical=0;CPXPARAM_Feasopt_Mode=0;CPXPARAM_LPMethod=0;CPXPARAM_MIP_Cuts_Cliques=0;CPXPARAM_MIP_Cuts_Covers=-1;CPXPARAM_MIP_Cuts_Disjunctive=0;CPXPARAM_MIP_Cuts_FlowCovers=-1;CPXPARAM_MIP_Cuts_GUBCovers=2;CPXPARAM_MIP_Cuts_Gomory=2;CPXPARAM_MIP_Cuts_Implied=-1;CPXPARAM_MIP_Cuts_MIRCut=2;CPXPARAM_MIP_Cuts_PathCut=-1;CPXPARAM_MIP_Limits_AggForCut=2;CPXPARAM_MIP_Limits_CutPasses=0;CPXPARAM_MIP_Limits_CutsFactor=-1;CPXPARAM_MIP_Limits_GomoryCand=200;CPXPARAM_MIP_Limits_GomoryPass=0;CPXPARAM_MIP_Limits_Nodes=9223372036800000000;CPXPARAM_MIP_Limits_ProbeTime=1e+75;CPXPARAM_MIP_Limits_RepairTries=0;CPXPARAM_MIP_Limits_StrongCand=10;CPXPARAM_MIP_Limits_StrongIt=0;CPXPARAM_MIP_OrderType=0;CPXPARAM_MIP_Strategy_BBInterval=7;CPXPARAM_MIP_Strategy_Branch=-1;CPXPARAM_MIP_Strategy_Dive=0;CPXPARAM_MIP_Strategy_File=1;CPXPARAM_MIP_Strategy_HeuristicFreq=0;CPXPARAM_MIP_Strategy_LBHeur=0;CPXPARAM_MIP_Strategy_NodeSelect=0;CPXPARAM_MIP_Strategy_Order=1;CPXPARAM_MIP_Strategy_PresolveNode=0;CPXPARAM_MIP_Strategy_Probe=2;CPXPARAM_MIP_Strategy_RINSHeur=0;CPXPARAM_MIP_Strategy_StartAlgorithm=0;CPXPARAM_MIP_Strategy_SubAlgorithm=3;CPXPARAM_MIP_Strategy_VariableSelect=1;CPXPARAM_Network_NetFind=2;CPXPARAM_Network_Pricing=0;CPXPARAM_Parallel=1;CPXPARAM_Preprocessing_Aggregator=-1;CPXPARAM_Preprocessing_BoundStrength=-1;CPXPARAM_Preprocessing_CoeffReduce=-1;CPXPARAM_Preprocessing_Dependency=-1;CPXPARAM_Preprocessing_Dual=0;CPXPARAM_Preprocessing_Fill=5;CPXPARAM_Preprocessing_NumPass=-1;CPXPARAM_Preprocessing_Presolve=1;CPXPARAM_Preprocessing_QPMakePSD=1;CPXPARAM_Preprocessing_Reduce=1;CPXPARAM_Preprocessing_Relax=-1;CPXPARAM_Preprocessing_RepeatPresolve=-1;CPXPARAM_Preprocessing_Symmetry=-1;CPXPARAM_Read_Scale=0;CPXPARAM_Sifting_Algorithm=0;CPXPARAM_Simplex_Crash=1;CPXPARAM_Simplex_DGradient=0;CPXPARAM_Simplex_Limits_Perturbation=0;CPXPARAM_Simplex_Limits_Singularity=10;CPXPARAM_Simplex_PGradient=0;CPXPARAM_Simplex_Pricing=0;CPXPARAM_Simplex_Refactor=0
7306648339383559833,0,CPXPARAM_Advance=1;CPXPARAM_Barrier_Algorithm=0;CPXPARAM_Barrier_ColNonzeros=0;CPXPARAM_Barrier_Crossover=0;CPXPARAM_Barrier_Limits_Corrections=-1;CPXPARAM_Barrier_Ordering=0;CPXPARAM_Barrier_StartAlg=1;CPXPARAM_Emphasis_MIP=0;CPXPARAM_Emphasis_Memory=0;CPXPARAM_Emphasis_Numerical=0;CPXPARAM_Feasopt_Mode=0;CPXPARAM_LPMethod=0;CPXPARAM_MIP_Cuts_Cliques=1;CPXPARAM_MIP_Cuts_Covers=-1;CPXPARAM_MIP_Cuts_Disjunctive=-1;CPXPARAM_MIP_Cuts_FlowCovers=2;CPXPARAM_MIP_Cuts_GUBCovers=-1;CPXPARAM_MIP_Cuts_Gomory=0;CPXPARAM_MIP_Cuts_Implied=-1;CPXPARAM_MIP_Cuts_MIRCut=-1;CPXPARAM_MIP_Cuts_PathCut=1;CPXPARAM_MIP_Limits_AggForCut=5;CPXPARAM_MIP_Limits_CutPasses=0;CPXPARAM_MIP_Limits_CutsFactor=-1;CPXPARAM_MIP_Limits_GomoryCand=800;CPXPARAM_MIP_Limits_GomoryPass=0;CPXPARAM_MIP_Limits_Nodes=9223372036800000000;CPXPARAM_MIP_Limits_ProbeTime=1e+75;CPXPARAM_MIP_Limits_RepairTries=0;CPXPARAM_MIP_Limits_StrongCand=10;CPXPARAM_MIP_Limits_StrongIt=0;CPXPARAM_MIP_OrderType=1;CPXPARAM_MIP_Strategy_BBInterval=7;CPXPARAM_MIP_Strategy_Branch=0;CPXPARAM_MIP_Strategy_Dive=0;CPXPARAM_MIP_Strategy_File=1;CPXPARAM_MIP_Strategy_HeuristicFreq=0;CPXPARAM_MIP_Strategy_LBHeur=0;CPXPARAM_MIP_Strategy_NodeSelect=3;CPXPARAM_MIP_Strategy_Order=1;CPXPARAM_MIP_Strategy_PresolveNode=3;CPXPARAM_MIP_Strategy_Probe=2;CPXPARAM_MIP_Strategy_RINSHeur=0;CPXPARAM_MIP_Strategy_StartAlgorithm=0;CPXPARAM_MIP_Strategy_SubAlgorithm=1;CPXPARAM_MIP_Strategy_VariableSelect=2;CPXPARAM_Network_NetFind=2;CPXPARAM_Network_Pricing=0;CPXPARAM_Parallel=1;CPXPARAM_Preprocessing_Aggregator=-1;CPXPARAM_Preprocessing_BoundStrength=-1;CPXPARAM_Preprocessing_CoeffReduce=-1;CPXPARAM_Preprocessing_Dependency=-1;CPXPARAM_Preprocessing_Dual=0;CPXPARAM_Preprocessing_Fill=40;CPXPARAM_Preprocessing_NumPass=-1;CPXPARAM_Preprocessing_Presolve=1;CPXPARAM_Preprocessing_QPMakePSD=1;CPXPARAM_Preprocessing_Reduce=3;CPXPARAM_Preprocessing_Relax=-1;CPXPARAM_Preprocessing_RepeatPresolve=-1;CPXPARAM_Preprocessing_Symmetry=-1;CPXPARAM_Read_Scale=-1;CPXPARAM_Sifting_Algorithm=0;CPXPARAM_Simplex_Crash=1;CPXPARAM_Simplex_DGradient=0;CPXPARAM_Simplex_Limits_Perturbation=0;CPXPARAM_Simplex_Limits_Singularity=10;CPXPARAM_Simplex_PGradient=0;CPXPARAM_Simplex_Pricing=0;CPXPARAM_Simplex_Refactor=0
5740600597705927692,0,CPXPARAM_Advance=1;CPXPARAM_Barrier_Algorithm=0;CPXPARAM_Barrier_ColNonzeros=0;CPXPARAM_Barrier_Crossover=0;CPXPARAM_Barrier_Limits_Corrections=-1;CPXPARAM_Barrier_Ordering=0;CPXPARAM_Barrier_StartAlg=1;CPXPARAM_Emphasis_MIP=0;CPXPARAM_Emphasis_Memory=0;CPXPARAM_Emphasis_Numerical=0;CPXPARAM_Feasopt_Mode=0;CPXPARAM_LPMethod=0;CPXPARAM_MIP_Cuts_Cliques=0;CPXPARAM_MIP_Cuts_Covers=-1;CPXPARAM_MIP_Cuts_Disjunctive=0;CPXPARAM_MIP_Cuts_FlowCovers=-1;CPXPARAM_MIP_Cuts_GUBCovers=2;CPXPARAM_MIP_Cuts_Gomory=2;CPXPARAM_MIP_Cuts_Implied=-1;CPXPARAM_MIP_Cuts_MIRCut=2;CPXPARAM_MIP_Cuts_PathCut=-1;CPXPARAM_MIP_Limits_AggForCut=2;CPXPARAM_MIP_Limits_CutPasses=0;CPXPARAM_MIP_Limits_CutsFactor=-1;CPXPARAM_MIP_Limits_GomoryCand=100;CPXPARAM_MIP_Limits_GomoryPass=0;CPXPARAM_MIP_Limits_Nodes=9223372036800000000;CPXPARAM_MIP_Limits_ProbeTime=1e+75;CPXPARAM_MIP_Limits_RepairTries=0;CPXPARAM_MIP_Limits_StrongCand=10;CPXPARAM_MIP_Limits_StrongIt=0;CPXPARAM_MIP_OrderType=0;CPXPARAM_MIP_Strategy_BBInterval=7;CPXPARAM_MIP_Strategy_Branch=-1;CPXPARAM_MIP_Strategy_Dive=0;CPXPARAM_MIP_Strategy_File=1;CPXPARAM_MIP_Strategy_HeuristicFreq=0;CPXPARAM_MIP_Strategy_LBHeur=0;CPXPARAM_MIP_Strategy_NodeSelect=0;CPXPARAM_MIP_Strategy_Order=1;CPXPARAM_MIP_Strategy_PresolveNode=0;CPXPARAM_MIP_Strategy_Probe=2;CPXPARAM_MIP_Strategy_RINSHeur=0;CPXPARAM_MIP_Strategy_StartAlgorithm=0;CPXPARAM_MIP_Strategy_SubAlgorithm=3;CPXPARAM_MIP_Strategy_VariableSelect=1;CPXPARAM_Network_NetFind=2;CPXPARAM_Network_Pricing=0;CPXPARAM_Parallel=1;CPXPARAM_Preprocessing_Aggregator=-1;CPXPARAM_Preprocessing_BoundStrength=-1;CPXPARAM_Preprocessing_CoeffReduce=-1;CPXPARAM_Preprocessing_Dependency=-1;CPXPARAM_Preprocessing_Dual=0;CPXPARAM_Preprocessing_Fill=5;CPXPARAM_Preprocessing_NumPass=-1;CPXPARAM_Preprocessing_Presolve=1;CPXPARAM_Preprocessing_QPMakePSD=1;CPXPARAM_Preprocessing_Reduce=1;CPXPARAM_Preprocessing_Relax=-1;CPXPARAM_Preprocessing_RepeatPresolve=-1;CPXPARAM_Preprocessing_Symmetry=-1;CPXPARAM_Read_Scale=0;CPXPARAM_Sifting_Algorithm=0;CPXPARAM_Simplex_Crash=1;CPXPARAM_Simplex_DGradient=0;CPXPARAM_Simplex_Limits_Perturbation=0;CPXPARAM_Simplex_Limits_Singularity=10;CPXPARAM_Simplex_PGradient=0;CPXPARAM_Simplex_Pricing=0;CPXPARAM_Simplex_Refactor=0
445893027637872953,0,CPXPARAM_Advance=1;CPXPARAM_Barrier_Algorithm=0;CPXPARAM_Barrier_ColNonzeros=0;CPXPARAM_Barrier_Crossover=0;CPXPARAM_Barrier_Limits_Corrections=-1;CPXPARAM_Barrier_Ordering=0;CPXPARAM_Barrier_StartAlg=1;CPXPARAM_Emphasis_MIP=0;CPXPARAM_Emphasis_Memory=0;CPXPARAM_Emphasis_Numerical=0;CPXPARAM_Feasopt_Mode=0;CPXPARAM_LPMethod=0;CPXPARAM_MIP_Cuts_Cliques=0;CPXPARAM_MIP_Cuts_Covers=2;CPXPARAM_MIP_Cuts_Disjunctive=0;CPXPARAM_MIP_Cuts_FlowCovers=-1;CPXPARAM_MIP_Cuts_GUBCovers=-1;CPXPARAM_MIP_Cuts_Gomory=1;CPXPARAM_MIP_Cuts_Implied=-1;CPXPARAM_MIP_Cuts_MIRCut=2;CPXPARAM_MIP_Cuts_PathCut=1;CPXPARAM_MIP_Limits_AggForCut=3;CPXPARAM_MIP_Limits_CutPasses=0;CPXPARAM_MIP_Limits_CutsFactor=-1;CPXPARAM_MIP_Limits_GomoryCand=400;CPXPARAM_MIP_Limits_GomoryPass=0;CPXPARAM_MIP_Limits_Nodes=9223372036800000000;CPXPARAM_MIP_Limits_ProbeTime=1e+75;CPXPARAM_MIP_Limits_RepairTries=0;CPXPARAM_MIP_Limits_StrongCand=10;CPXPARAM_MIP_Limits_StrongIt=0;CPXPARAM_MIP_OrderType=0;CPXPARAM_MIP_Strategy_BBInterval=7;CPXPARAM_MIP_Strategy_Branch=-1;CPXPARAM_MIP_Strategy_Dive=0;CPXPARAM_MIP_Strategy_File=1;CPXPARAM_MIP_Strategy_HeuristicFreq=0;CPXPARAM_MIP_Strategy_LBHeur=0;CPXPARAM_MIP_Strategy_NodeSelect=3;CPXPARAM_MIP_Strategy_Order=1;CPXPARAM_MIP_Strategy_PresolveNode=1;CPXPARAM_MIP_Strategy_Probe=0;CPXPARAM_MIP_Strategy_RINSHeur=0;CPXPARAM_MIP_Strategy_StartAlgorithm=0;CPXPARAM_MIP_Strategy_SubAlgorithm=3;CPXPARAM_MIP_Strategy_VariableSelect=-1;CPXPARAM_Network_NetFind=2;CPXPARAM_Network_Pricing=0;CPXPARAM_Parallel=1;CPXPARAM_Preprocessing_Aggregator=-1;CPXPARAM_Preprocessing_BoundStrength=-1;CPXPARAM_Preprocessing_CoeffReduce=-1;CPXPARAM_Preprocessing_Dependency=-1;CPXPARAM_Preprocessing_Dual=0;CPXPARAM_Preprocessing_Fill=2;CPXPARAM_Preprocessing_NumPass=-1;CPXPARAM_Preprocessing_Presolve=1;CPXPARAM_Preprocessing_QPMakePSD=1;CPXPARAM_Preprocessing_Reduce=0;CPXPARAM_Preprocessing_Relax=-1;CPXPARAM_Preprocessing_RepeatPresolve=-1;CPXPARAM_Preprocessing_Symmetry=-1;CPXPARAM_Read_Scale=0;CPXPARAM_Sifting_Algorithm=0;CPXPARAM_Simplex_Crash=1;CPXPARAM_Simplex_DGradient=0;CPXPARAM_Simplex_Limits_Perturbation=0;CPXPARAM_Simplex_Limits_Singularity=10;CPXPARAM_Simplex_PGradient=0;CPXPARAM_Simplex_Pricing=0;CPXPARAM_Simplex_Refactor=0
2940382410773687817,0,CPXPARAM_Advance=1;CPXPARAM_Barrier_Algorithm=0;CPXPARAM_Barrier_ColNonzeros=0;CPXPARAM_Barrier_Crossover=0;CPXPARAM_Barrier_Limits_Corrections=-1;CPXPARAM_Barrier_Ordering=0;CPXPARAM_Barrier_StartAlg=1;CPXPARAM_Emphasis_MIP=0;CPXPARAM_Emphasis_Memory=0;CPXPARAM_Emphasis_Numerical=0;CPXPARAM_Feasopt_Mode=0;CPXPARAM_LPMethod=0;CPXPARAM_MIP_Cuts_Cliques=-1;CPXPARAM_MIP_Cuts_Covers=-1;CPXPARAM_MIP_Cuts_Disjunctive=0;CPXPARAM_MIP_Cuts_FlowCovers=-1;CPXPARAM_MIP_Cuts_GUBCovers=2;CPXPARAM_MIP_Cuts_Gomory=2;CPXPARAM_MIP_Cuts_Implied=-1;CPXPARAM_MIP_Cuts_MIRCut=2;CPXPARAM_MIP_Cuts_PathCut=-1;CPXPARAM_MIP_Limits_AggForCut=2;CPXPARAM_MIP_Limits_CutPasses=0;CPXPARAM_MIP_Limits_CutsFactor=-1;CPXPARAM_MIP_Limits_GomoryCand=200;CPXPARAM_MIP_Limits_GomoryPass=0;CPXPARAM_MIP_Limits_Nodes=9223372036800000000;CPXPARAM_MIP_Limits_ProbeTime=1e+75;CPXPARAM_MIP_Limits_RepairTries=0;CPXPARAM_MIP_Limits_StrongCand=10;CPXPARAM_MIP_Limits_StrongIt=0;CPXPARAM_MIP_OrderType=0;CPXPARAM_MIP_Strategy_BBInterval=7;CPXPARAM_MIP_Strategy_Branch=-1;CPXPARAM_MIP_Strategy_Dive=0;CPXPARAM_MIP_Strategy_File=1;CPXPARAM_MIP_Strategy_HeuristicFreq=0;CPXPARAM_MIP_Strategy_LBHeur=0;CPXPARAM_MIP_Strategy_NodeSelect=0;CPXPARAM_MIP_Strategy_Order=1;CPXPARAM_MIP_Strategy_PresolveNode=0;CPXPARAM_MIP_Strategy_Probe=2;CPXPARAM_MIP_Strategy_RINSHeur=0;CPXPARAM_MIP_Strategy_StartAlgorithm=0;CPXPARAM_MIP_Strategy_SubAlgorithm=3;CPXPARAM_MIP_Strategy_VariableSelect=1;CPXPARAM_Network_NetFind=2;CPXPARAM_Network_Pricing=0;CPXPARAM_Parallel=1;CPXPARAM_Preprocessing_Aggregator=-1;CPXPARAM_Preprocessing_BoundStrength=-1;CPXPARAM_Preprocessing_CoeffReduce=-1;CPXPARAM_Preprocessing_Dependency=-1;CPXPARAM_Preprocessing_Dual=0;CPXPARAM_Preprocessing_Fill=5;CPXPARAM_Preprocessing_NumPass=-1;CPXPARAM_Preprocessing_Presolve=1;CPXPARAM_Preprocessing_QPMakePSD=1;CPXPARAM_Preprocessing_Reduce=1;CPXPARAM_Preprocessing_Relax=-1;CPXPARAM_Preprocessing_RepeatPresolve=-1;CPXPARAM_Preprocessing_Symmetry=-1;CPXPARAM_Read_Scale=0;CPXPARAM_Sifting_Algorithm=0;CPXPARAM_Simplex_Crash=1;CPXPARAM_Simplex_DGradient=0;CPXPARAM_Simplex_Limits_Perturbation=0;CPXPARAM_Simplex_Limits_Singularity=10;CPXPARAM_Simplex_PGradient=0;CPXPARAM_Simplex_Pricing=0;CPXPARAM_Simplex_Refactor=0
9877724263820975583,0,CPXPARAM_Advance=1;CPXPARAM_Barrier_Algorithm=0;CPXPARAM_Barrier_ColNonzeros=0;CPXPARAM_Barrier_Crossover=0;CPXPARAM_Barrier_Limits_Corrections=-1;CPXPARAM_Barrier_Ordering=0;CPXPARAM_Barrier_StartAlg=1;CPXPARAM_Emphasis_MIP=0;CPXPARAM_Emphasis_Memory=0;CPXPARAM_Emphasis_Numerical=0;CPXPARAM_Feasopt_Mode=0;CPXPARAM_LPMethod=0;CPXPARAM_MIP_Cuts_Cliques=0;CPXPARAM_MIP_Cuts_Covers=-1;CPXPARAM_MIP_Cuts_Disjunctive=0;CPXPARAM_MIP_Cuts_FlowCovers=-1;CPXPARAM_MIP_Cuts_GUBCovers=2;CPXPARAM_MIP_Cuts_Gomory=2;CPXPARAM_MIP_Cuts_Implied=-1;CPXPARAM_MIP_Cuts_MIRCut=2;CPXPARAM_MIP_Cuts_PathCut=-1;CPXPARAM_MIP_Limits_AggForCut=2;CPXPARAM_MIP_Limits_CutPasses=0;CPXPARAM_MIP_Limits_CutsFactor=-1;CPXPARAM_MIP_Limits_GomoryCand=200;CPXPARAM_MIP_Limits_GomoryPass=0;CPXPARAM_MIP_Limits_Nodes=9223372036800000000;CPXPARAM_MIP_Limits_ProbeTime=1e+75;CPXPARAM_MIP_Limits_RepairTries=0;CPXPARAM_MIP_Limits_StrongCand=10;CPXPARAM_MIP_Limits_StrongIt=0;CPXPARAM_MIP_OrderType=0;CPXPARAM_MIP_Strategy_BBInterval=7;CPXPARAM_MIP_Strategy_Branch=0;CPXPARAM_MIP_Strategy_Dive=0;CPXPARAM_MIP_Strategy_File=1;CPXPARAM_MIP_Strategy_HeuristicFreq=0;CPXPARAM_MIP_Strategy_LBHeur=0;CPXPARAM_MIP_Strategy_NodeSelect=0;CPXPARAM_MIP_Strategy_Order=1;CPXPARAM_MIP_Strategy_PresolveNode=0;CPXPARAM_MIP_Strategy_Probe=2;CPXPARAM_MIP_Strategy_RINSHeur=0;CPXPARAM_MIP_Strategy_StartAlgorithm=0;CPXPARAM_MIP_Strategy_SubAlgorithm=3;CPXPARAM_MIP_Strategy_VariableSelect=1;CPXPARAM_Network_NetFind=2;CPXPARAM_Network_Pricing=0;CPXPARAM_Parallel=1;CPXPARAM_Preprocessing_Aggregator=-1;CPXPARAM_Preprocessing_BoundStrength=-1;CPXPARAM_Preprocessing_CoeffReduce=-1;CPXPARAM_Preprocessing_Dependency=-1;CPXPARAM_Preprocessing_Dual=0;CPXPARAM_Preprocessing_Fill=5;CPXPARAM_Preprocessing_NumPass=-1;CPXPARAM_Preprocessing_Presolve=1;CPXPARAM_Preprocessing_QPMakePSD=1;CPXPARAM_Preprocessing_Reduce=1;CPXPARAM_Preprocessing_Relax=-1;CPXPARAM_Preprocessing_RepeatPresolve=-1;CPXPARAM_Preprocessing_Symmetry=-1;CPXPARAM_Read_Scale=0;CPXPARAM_Sifting_Algorithm=0;CPXPARAM_Simplex_Crash=1;CPXPARAM_Simplex_DGradient=0;CPXPARAM_Simplex_Limits_Perturbation=0;CPXPARAM_Simplex_Limits_Singularity=10;CPXPARAM_Simplex_PGradient=0;CPXPARAM_Simplex_Pricing=0;CPXPARAM_Simplex_Refactor=0
14808974830237067057,0,CPXPARAM_Advance=1;CPXPARAM_Barrier_Algorithm=0;CPXPARAM_Barrier_ColNonzeros=0;CPXPARAM_Barrier_Crossover=0;CPXPARAM_Barrier_Limits_Corrections=-1;CPXPARAM_Barrier_Ordering=0;CPXPARAM_Barrier_StartAlg=1;CPXPARAM_Emphasis_MIP=0;CPXPARAM_Emphasis_Memory=0;CPXPARAM_Emphasis_Numerical=0;CPXPARAM_Feasopt_Mode=0;CPXPARAM_LPMethod=0;CPXPARAM_MIP_Cuts_Cliques=0;CPXPARAM_MIP_Cuts_Covers=-1;CPXPARAM_MIP_Cuts_Disjunctive=0;CPXPARAM_MIP_Cuts_FlowCovers=-1;CPXPARAM_MIP_Cuts_GUBCovers=2;CPXPARAM_MIP_Cuts_Gomory=2;CPXPARAM_MIP_Cuts_Implied=-1;CPXPARAM_MIP_Cuts_MIRCut=2;CPXPARAM_MIP_Cuts_PathCut=-1;CPXPARAM_MIP_Limits_AggForCut=2;CPXPARAM_MIP_Limits_CutPasses=0;CPXPARAM_MIP_Limits_CutsFactor=-1;CPXPARAM_MIP_Limits_GomoryCand=200;CPXPARAM_MIP_Limits_GomoryPass=0;CPXPARAM_MIP_Limits_Nodes=9223372036800000000;CPXPARAM_MIP_Limits_ProbeTime=1e+75;CPXPARAM_MIP_Limits_RepairTries=0;CPXPARAM_MIP_Limits_StrongCand=10;CPXPARAM_MIP_Limits_StrongIt=0;CPXPARAM_MIP_OrderType=0;CPXPARAM_MIP_Strategy_BBInterval=7;CPXPARAM_MIP_Strategy_Branch=-1;CPXPARAM_MIP_Strategy_Dive=0;CPXPARAM_MIP_Strategy_File=1;CPXPARAM_MIP_Strategy_HeuristicFreq=0;CPXPARAM_MIP_Strategy_LBHeur=0;CPXPARAM_MIP_Strategy_NodeSelect=0;CPXPARAM_MIP_Strategy_Order=1;CPXPARAM_MIP_Strategy_PresolveNode=0;CPXPARAM_MIP_Strategy_Probe=2;CPXPARAM_MIP_Strategy_RINSHeur=0;CPXPARAM_MIP_Strategy_StartAlgorithm=0;CPXPARAM_MIP_Strategy_SubAlgorithm=3;CPXPARAM_MIP_Strategy_VariableSelect=1;CPXPARAM_Network_NetFind=2;CPXPARAM_Network_Pricing=0;CPXPARAM_Parallel=1;CPXPARAM_Preprocessing_Aggregator=-1;CPXPARAM_Preprocessing_BoundStrength=-1;CPXPARAM_Preprocessing_CoeffReduce=-1;CPXPARAM_Preprocessing_Dependency=-1;CPXPARAM_Preprocessing_Dual=0;CPXPARAM_Preprocessing_Fill=2;CPXPARAM_Preprocessing_NumPass=-1;CPXPARAM_Preprocessing_Presolve=1;CPXPARAM_Preprocessing_QPMakePSD=1;CPXPARAM_Preprocessing_Reduce=1;CPXPARAM_Preprocessing_Relax=-1;CPXPARAM_Preprocessing_RepeatPresolve=-1;CPXPARAM_Preprocessing_Symmetry=-1;CPXPARAM_Read_Scale=0;CPXPARAM_Sifting_Algorithm=0;CPXPARAM_Simplex_Crash=1;CPXPARAM_Simplex_DGradient=0;CPXPARAM_Simplex_Limits_Perturbation=0;CPXPARAM_Simplex_Limits_Singularity=10;CPXPARAM_Simplex_PGradient=0;CPXPARAM_Simplex_Pricing=0;CPXPARAM_Simplex_Refactor=0
17321786448676975299,0,CPXPARAM_Advance=1;CPXPARAM_Barrier_Algorithm=0;CPXPARAM_Barrier_ColNonzeros=0;CPXPARAM_Barrier_Crossover=0;CPXPARAM_Barrier_Limits_Corrections=-1;CPXPARAM_Barrier_Ordering=0;CPXPARAM_Barrier_StartAlg=1;CPXPARAM_Emphasis_MIP=0;CPXPARAM_Emphasis_Memory=0;CPXPARAM_Emphasis_Numerical=0;CPXPARAM_Feasopt_Mode=0;CPXPARAM_LPMethod=0;CPXPARAM_MIP_Cuts_Cliques=3;CPXPARAM_MIP_Cuts_Covers=-1;CPXPARAM_MIP_Cuts_Disjunctive=0;CPXPARAM_MIP_Cuts_FlowCovers=-1;CPXPARAM_MIP_Cuts_GUBCovers=2;CPXPARAM_MIP_Cuts_Gomory=2;CPXPARAM_MIP_Cuts_Implied=-1;CPXPARAM_MIP_Cuts_MIRCut=2;CPXPARAM_MIP_Cuts_PathCut=-1;CPXPARAM_MIP_Limits_AggForCut=2;CPXPARAM_MIP_Limits_CutPasses=0;CPXPARAM_MIP_Limits_CutsFactor=-1;CPXPARAM_MIP_Limits_GomoryCand=200;CPXPARAM_MIP_Limits_GomoryPass=0;CPXPARAM_MIP_Limits_Nodes=9223372036800000000;CPXPARAM_MIP_Limits_ProbeTime=1e+75;CPXPARAM_MIP_Limits_RepairTries=0;CPXPARAM_MIP_Limits_StrongCand=10;CPXPARAM_MIP_Limits_StrongIt=0;CPXPARAM_MIP_OrderType=0;CPXPARAM_MIP_Strategy_BBInterval=7;CPXPARAM_MIP_Strategy_Branch=-1;CPXPARAM_MIP_Strategy_Dive=0;CPXPARAM_MIP_Strategy_File=1;CPXPARAM_MIP_Strategy_HeuristicFreq=0;CPXPARAM_MIP_Strategy_LBHeur=0;CPXPARAM_MIP_Strategy_NodeSelect=0;CPXPARAM_MIP_Strategy_Order=1;CPXPARAM_MIP_Strategy_PresolveNode=0;CPXPARAM_MIP_Strategy_Probe=2;CPXPARAM_MIP_Strategy_RINSHeur=0;CPXPARAM_MIP_Strategy_StartAlgorithm=0;CPXPARAM_MIP_Strategy_SubAlgorithm=3;CPXPARAM_MIP_Strategy_VariableSelect=1;CPXPARAM_Network_NetFind=2;CPXPARAM_Network_Pricing=0;CPXPARAM_Parallel=1;CPXPARAM_Preprocessing_Aggregator=-1;CPXPARAM_Preprocessing_BoundStrength=-1;CPXPARAM_Preprocessing_CoeffReduce=-1;CPXPARAM_Preprocessing_Dependency=-1;CPXPARAM_Preprocessing_Dual=0;CPXPARAM_Preprocessing_Fill=5;CPXPARAM_Preprocessing_NumPass=-1;CPXPARAM_Preprocessing_Presolve=1;CPXPARAM_Preprocessing_QPMakePSD=1;CPXPARAM_Preprocessing_Reduce=1;CPXPARAM_Preprocessing_Relax=-1;CPXPARAM_Preprocessing_RepeatPresolve=-1;CPXPARAM_Preprocessing_Symmetry=-1;CPXPARAM_Read_Scale=0;CPXPARAM_Sifting_Algorithm=0;CPXPARAM_Simplex_Crash=1;CPXPARAM_Simplex_DGradient=0;CPXPARAM_Simplex_Limits_Perturbation=0;CPXPARAM_Simplex_Limits_Singularity=10;CPXPARAM_Simplex_PGradient=0;CPXPARAM_Simplex_Pricing=0;CPXPARAM_Simplex_Refactor=0
2235627290844829882,0,CPXPARAM_Advance=1;CPXPARAM_Barrier_Algorithm=0;CPXPARAM_Barrier_ColNonzeros=0;CPXPARAM_Barrier_Crossover=0;CPXPARAM_Barrier_Limits_Corrections=-1;CPXPARAM_Barrier_Ordering=0;CPXPARAM_Barrier_StartAlg=1;CPXPARAM_Emphasis_MIP=0;CPXPARAM_Emphasis_Memory=0;CPXPARAM_Emphasis_Numerical=0;CPXPARAM_Feasopt_Mode=0;CPXPARAM_LPMethod=0;CPXPARAM_MIP_Cuts_Cliques=0;CPXPARAM_MIP_Cuts_Covers=-1;CPXPARAM_MIP_Cuts_Disjunctive=0;CPXPARAM_MIP_Cuts_FlowCovers=-1;CPXPARAM_MIP_Cuts_GUBCovers=2;CPXPARAM_MIP_Cuts_Gomory=2;CPXPARAM_MIP_Cuts_Implied=-1;CPXPARAM_MIP_Cuts_MIRCut=2;CPXPARAM_MIP_Cuts_PathCut=-1;CPXPARAM_MIP_Limits_AggForCut=2;CPXPARAM_MIP_Limits_CutPasses=0;CPXPARAM_MIP_Limits_CutsFactor=-1;CPXPARAM_MIP_Limits_GomoryCand=200;CPXPARAM_MIP_Limits_GomoryPass=0;CPXPARAM_MIP_Limits_Nodes=9223372036800000000;CPXPARAM_MIP_Limits_ProbeTime=1e+75;CPXPARAM_MIP_Limits_RepairTries=0;CPXPARAM_MIP_Limits_StrongCand=10;CPXPARAM_MIP_Limits_StrongIt=0;CPXPARAM_MIP_OrderType=0;CPXPARAM_MIP_Strategy_BBInterval=7;CPXPARAM_MIP_Strategy_Branch=-1;CPXPARAM_MIP_Strategy_Dive=0;CPXPARAM_MIP_Strategy_File=1;CPXPARAM_MIP_Strategy_HeuristicFreq=0;CPXPARAM_MIP_Strategy_LBHeur=0;CPXPARAM_MIP_Strategy_NodeSelect=0;CPXPARAM_MIP_Strategy_Order=1;CPXPARAM_MIP_Strategy_PresolveNode=0;CPXPARAM_MIP_Strategy_Probe=3;CPXPARAM_MIP_Strategy_RINSHeur=0;CPXPARAM_MIP_Strategy_StartAlgorithm=0;CPXPARAM_MIP_Strategy_SubAlgorithm=3;CPXPARAM_MIP_Strategy_VariableSelect=1;CPXPARAM_Network_NetFind=2;CPXPARAM_Network_Pricing=0;CPXPARAM_Parallel=1;CPXPARAM_Preprocessing_Aggregator=-1;CPXPARAM_Preprocessing_BoundStrength=-1;CPXPARAM_Preprocessing_CoeffReduce=-1;CPXPARAM_Preprocessing_Dependency=-1;CPXPARAM_Preprocessing_Dual=0;CPXPARAM_Preprocessing_Fill=5;CPXPARAM_Preprocessing_NumPass=-1;CPXPARAM_Preprocessing_Presolve=1;CPXPARAM_Preprocessing_QPMakePSD=1;CPXPARAM_Preprocessing_Reduce=1;CPXPARAM_Preprocessing_Relax=-1;CPXPARAM_Preprocessing_RepeatPresolve=-1;CPXPARAM_Preprocessing_Symmetry=-1;CPXPARAM_Read_Scale=0;CPXPARAM_Sifting_Algorithm=0;CPXPARAM_Simplex_Crash=1;CPXPARAM_Simplex_DGradient=0;CPXPARAM_Simplex_Limits_Perturbation=0;CPXPARAM_Simplex_Limits_Singularity=10;CPXPARAM_Simplex_PGradient=0;CPXPARAM_Simplex_Pricing=0;CPXPARAM_Simplex_Refactor=0
8474079644730832657,0,CPXPARAM_Advance=1;CPXPARAM_Barrier_Algorithm=0;CPXPARAM_Barrier_ColNonzeros=0;CPXPARAM_Barrier_Crossover=0;CPXPARAM_Barrier_Limits_Corrections=-1;CPXPARAM_Barrier_Ordering=0;CPXPARAM_Barrier_StartAlg=1;CPXPARAM_Emphasis_MIP=0;CPXPARAM_Emphasis_Memory=0;CPXPARAM_Emphasis_Numerical=0;CPXPARAM_Feasopt_Mode=0;CPXPARAM_LPMethod=0;CPXPARAM_MIP_Cuts_Cliques=0;CPXPARAM_MIP_Cuts_Covers=-1;CPXPARAM_MIP_Cuts_Disjunctive=0;CPXPARAM_MIP_Cuts_FlowCovers=-1;CPXPARAM_MIP_Cuts_GUBCovers=2;CPXPARAM_MIP_Cuts_Gomory=2;CPXPARAM_MIP_Cuts_Implied=1;CPXPARAM_MIP_Cuts_MIRCut=2;CPXPARAM_MIP_Cuts_PathCut=-1;CPXPARAM_MIP_Limits_AggForCut=2;CPXPARAM_MIP_Limits_CutPasses=0;CPXPARAM_MIP_Limits_CutsFactor=-1;CPXPARAM_MIP_Limits_GomoryCand=200;CPXPARAM_MIP_Limits_GomoryPass=0;CPXPARAM_MIP_Limits_Nodes=9223372036800000000;CPXPARAM_MIP_Limits_ProbeTime=1e+75;CPXPARAM_MIP_Limits_RepairTries=0;CPXPARAM_MIP_Limits_StrongCand=10;CPXPARAM_MIP_Limits_StrongIt=0;CPXPARAM_MIP_OrderType=0;CPXPARAM_MIP_Strategy_BBInterval=7;CPXPARAM_MIP_Strategy_Branch=-1;CPXPARAM_MIP_Strategy_Dive=0;CPXPARAM_MIP_Strategy_File=1;CPXPARAM_MIP_Strategy_HeuristicFreq=0;CPXPARAM_MIP_Strategy_LBHeur=0;CPXPARAM_MIP_Strategy_NodeSelect=0;CPXPARAM_MIP_Strategy_Order=1;CPXPARAM_MIP_Strategy_PresolveNode=0;CPXPARAM_MIP_Strategy_Probe=2;CPXPARAM_MIP_Strategy_RINSHeur=0;CPXPARAM_MIP_Strategy_StartAlgorithm=0;CPXPARAM_MIP_Strategy_SubAlgorithm=3;CPXPARAM_MIP_Strategy_VariableSelect=1;CPXPARAM_Network_NetFind=2;CPXPARAM_Network_Pricing=0;CPXPARAM_Parallel=1;CPXPARAM_Preprocessing_Aggregator=-1;CPXPARAM_Preprocessing_BoundStrength=-1;CPXPARAM_Preprocessing_CoeffReduce=-1;CPXPARAM_Preprocessing_Dependency=-1;CPXPARAM_Preprocessing_Dual=0;CPXPARAM_Preprocessing_Fill=5;CPXPARAM_Preprocessing_NumPass=-1;CPXPARAM_Preprocessing_Presolve=1;CPXPARAM_Preprocessing_QPMakePSD=1;CPXPARAM_Preprocessing_Reduce=1;CPXPARAM_Preprocessing_Relax=-1;CPXPARAM_Preprocessing_RepeatPresolve=-1;CPXPARAM_Preprocessing_Symmetry=-1;CPXPARAM_Read_Scale=0;CPXPARAM_Sifting_Algorithm=0;CPXPARAM_Simplex_Crash=1;CPXPARAM_Simplex_DGradient=0;CPXPARAM_Simplex_Limits_Perturbation=0;CPXPARAM_Simplex_Limits_Singularity=10;CPXPARAM_Simplex_PGradient=0;CPXPARAM_Simplex_Pricing=0;CPXPARAM_Simplex_Refactor=0
14017588084701439318,0,CPXPARAM_Advance=1;CPXPARAM_Barrier_Algorithm=0;CPXPARAM_Barrier_ColNonzeros=0;CPXPARAM_Barrier_Crossover=0;CPXPARAM_Barrier_Limits_Corrections=-1;CPXPARAM_Barrier_Ordering=0;CPXPARAM_Barrier_StartAlg=1;CPXPARAM_Emphasis_MIP=0;CPXPARAM_Emphasis_Memory=0;CPXPARAM_Emphasis_Numerical=0;CPXPARAM_Feasopt_Mode=0;CPXPARAM_LPMethod=0;CPXPARAM_MIP_Cuts_Cliques=0;CPXPARAM_MIP_Cuts_Covers=-1;CPXPARAM_MIP_Cuts_Disjunctive=0;CPXPARAM_MIP_Cuts_FlowCovers=-1;CPXPARAM_MIP_Cuts_GUBCovers=2;CPXPARAM_MIP_Cuts_Gomory=2;CPXPARAM_MIP_Cuts_Implied=-1;CPXPARAM_MIP_Cuts_MIRCut=2;CPXPARAM_MIP_Cuts_PathCut=-1;CPXPARAM_MIP_Limits_AggForCut=2;CPXPARAM_MIP_Limits_CutPasses=0;CPXPARAM_MIP_Limits_CutsFactor=-1;CPXPARAM_MIP_Limits_GomoryCand=200;CPXPARAM_MIP_Limits_GomoryPass=0;CPXPARAM_MIP_Limits_Nodes=9223372036800000000;CPXPARAM_MIP_Limits_ProbeTime=1e+75;CPXPARAM_MIP_Limits_RepairTries=0;CPXPARAM_MIP_Limits_StrongCand=10;CPXPARAM_MIP_Limits_StrongIt=0;CPXPARAM_MIP_OrderType=0;CPXPARAM_MIP_Strategy_BBInterval=7;CPXPARAM_MIP_Strategy_Branch=-1;CPXPARAM_MIP_Strategy_Dive=0;CPXPARAM_MIP_Strategy_File=1;CPXPARAM_MIP_Strategy_HeuristicFreq=0;CPXPARAM_MIP_Strategy_LBHeur=0;CPXPARAM_MIP_Strategy_NodeSelect=0;CPXPARAM_MIP_Strategy_Order=1;CPXPARAM_MIP_Strategy_PresolveNode=0;CPXPARAM_MIP_Strategy_Probe=2;CPXPARAM_MIP_Strategy_RINSHeur=0;CPXPARAM_MIP_Strategy_StartAlgorithm=0;CPXPARAM_MIP_Strategy_SubAlgorithm=3;CPXPARAM_MIP_Strategy_VariableSelect=1;CPXPARAM_Network_NetFind=2;CPXPARAM_Network_Pricing=0;CPXPARAM_Parallel=1;CPXPARAM_Preprocessing_Aggregator=-1;CPXPARAM_Preprocessing_BoundStrength=-1;CPXPARAM_Preprocessing_CoeffReduce=-1;CPXPARAM_Preprocessing_Dependency=-1;CPXPARAM_Preprocessing_Dual=0;CPXPARAM_Preprocessing_Fill=5;CPXPARAM_Preprocessing_NumPass=-1;CPXPARAM_Preprocessing_Presolve=1;CPXPARAM_Preprocessing_QPMakePSD=1;CPXPARAM_Preprocessing_Reduce=1;CPXPARAM_Preprocessing_Relax=-1;CPXPARAM_Preprocessing_RepeatPresolve=-1;CPXPARAM_Preprocessing_Symmetry=-1;CPXPARAM_Read_Scale=0;CPXPARAM_Sifting_Algorithm=0;CPXPARAM_Simplex_Crash=1;CPXPARAM_Simplex_DGradient=0;CPXPARAM_Simplex_Limits_Perturbation=0;CPXPARAM_Simplex_Limits_Singularity=10;CPXPARAM_Simplex_PGradient=0;CPXPARAM_Simplex_Pricing=0;CPXPARAM_Simplex_Refactor=0
9305154681006245888,0,CPXPARAM_Advance=1;CPXPARAM_Barrier_Algorithm=0;CPXPARAM_Barrier_ColNonzeros=0;CPXPARAM_Barrier_Crossover=0;CPXPARAM_Barrier_Limits_Corrections=-1;CPXPARAM_Barrier_Ordering=0;CPXPARAM_Barrier_StartAlg=1;CPXPARAM_Emphasis_MIP=0;CPXPARAM_Emphasis_Memory=0;CPXPARAM_Emphasis_Numerical=0;CPXPARAM_Feasopt_Mode=0;CPXPARAM_LPMethod=0;CPXPARAM_MIP_Cuts_Cliques=0;CPXPARAM_MIP_Cuts_Covers=1;CPXPARAM_MIP_Cuts_Disjunctive=-1;CPXPARAM_MIP_Cuts_FlowCovers=-1;CPXPARAM_MIP_Cuts_GUBCovers=2;CPXPARAM_MIP_Cuts_Gomory=2;CPXPARAM_MIP_Cuts_Implied=2;CPXPARAM_MIP_Cuts_MIRCut=2;CPXPARAM_MIP_Cuts_PathCut=1;CPXPARAM_MIP_Limits_AggForCut=2;CPXPARAM_MIP_Limits_CutPasses=0;CPXPARAM_MIP_Limits_CutsFactor=-1;CPXPARAM_MIP_Limits_GomoryCand=200;CPXPARAM_MIP_Limits_GomoryPass=0;CPXPARAM_MIP_Limits_Nodes=9223372036800000000;CPXPARAM_MIP_Limits_ProbeTime=1e+75;CPXPARAM_MIP_Limits_RepairTries=0;CPXPARAM_MIP_Limits_StrongCand=10;CPXPARAM_MIP_Limits_StrongIt=0;CPXPARAM_MIP_OrderType=3;CPXPARAM_MIP_Strategy_BBInterval=7;CPXPARAM_MIP_Strategy_Branch=0;CPXPARAM_MIP_Strategy_Dive=0;CPXPARAM_MIP_Strategy_File=1;CPXPARAM_MIP_Strategy_HeuristicFreq=0;CPXPARAM_MIP_Strategy_LBHeur=0;CPXPARAM_MIP_Strategy_NodeSelect=1;CPXPARAM_MIP_Strategy_Order=1;CPXPARAM_MIP_Strategy_PresolveNode=0;CPXPARAM_MIP_Strategy_Probe=3;CPXPARAM_MIP_Strategy_RINSHeur=0;CPXPARAM_MIP_Strategy_StartAlgorithm=0;CPXPARAM_MIP_Strategy_SubAlgorithm=5;CPXPARAM_MIP_Strategy_VariableSelect=0;CPXPARAM_Network_NetFind=2;CPXPARAM_Network_Pricing=0;CPXPARAM_Parallel=1;CPXPARAM_Preprocessing_Aggregator=-1;CPXPARAM_Preprocessing_BoundStrength=-1;CPXPARAM_Preprocessing_CoeffReduce=-1;CPXPARAM_Preprocessing_Dependency=-1;CPXPARAM_Preprocessing_Dual=0;CPXPARAM_Preprocessing_Fill=20;CPXPARAM_Preprocessing_NumPass=-1;CPXPARAM_Preprocessing_Presolve=1;CPXPARAM_Preprocessing_QPMakePSD=1;CPXPARAM_Preprocessing_Reduce=1;CPXPARAM_Preprocessing_Relax=-1;CPXPARAM_Preprocessing_RepeatPresolve=-1;CPXPARAM_Preprocessing_Symmetry=-1;CPXPARAM_Read_Scale=0;CPXPARAM_Sifting_Algorithm=0;CPXPARAM_Simplex_Crash=1;CPXPARAM_Simplex_DGradient=0;CPXPARAM_Simplex_Limits_Perturbation=0;CPXPARAM_Simplex_Limits_Singularity=10;CPXPARAM_Simplex_PGradient=0;CPXPARAM_Simplex_Pricing=0;CPXPARAM_Simplex_Refactor=0
9181144789468514178,0,CPXPARAM_Advance=1;CPXPARAM_Barrier_Algorithm=0;CPXPARAM_Barrier_ColNonzeros=0;CPXPARAM_Barrier_Crossover=0;CPXPARAM_Barrier_Limits_Corrections=-1;CPXPARAM_Barrier_Ordering=0;CPXPARAM_Barrier_StartAlg=1;CPXPARAM_Emphasis_MIP=0;CPXPARAM_Emphasis_Memory=0;CPXPARAM_Emphasis_Numerical=0;CPXPARAM_Feasopt_Mode=0;CPXPARAM_LPMethod=0;CPXPARAM_MIP_Cuts_Cliques=2;CPXPARAM_MIP_Cuts_Covers=2;CPXPARAM_MIP_Cuts_Disjunctive=-1;CPXPARAM_MIP_Cuts_FlowCovers=0;CPXPARAM_MIP_Cuts_GUBCovers=1;CPXPARAM_MIP_Cuts_Gomory=0;CPXPARAM_MIP_Cuts_Implied=0;CPXPARAM_MIP_Cuts_MIRCut=0;CPXPARAM_MIP_Cuts_PathCut=-1;CPXPARAM_MIP_Limits_AggForCut=2;CPXPARAM_MIP_Limits_CutPasses=0;CPXPARAM_MIP_Limits_CutsFactor=-1;CPXPARAM_MIP_Limits_GomoryCand=800;CPXPARAM_MIP_Limits_GomoryPass=0;CPXPARAM_MIP_Limits_Nodes=9223372036800000000;CPXPARAM_MIP_Limits_ProbeTime=1e+75;CPXPARAM_MIP_Limits_RepairTries=0;CPXPARAM_MIP_Limits_StrongCand=10;CPXPARAM_MIP_Limits_StrongIt=0;CPXPARAM_MIP_OrderType=2;CPXPARAM_MIP_Strategy_BBInterval=7;CPXPARAM_MIP_Strategy_Branch=-1;CPXPARAM_MIP_Strategy_Dive=0;CPXPARAM_MIP_Strategy_File=1;CPXPARAM_MIP_Strategy_HeuristicFreq=0;CPXPARAM_MIP_Strategy_LBHeur=0;CPXPARAM_MIP_Strategy_NodeSelect=2;CPXPARAM_MIP_Strategy_Order=1;CPXPARAM_MIP_Strategy_PresolveNode=0;CPXPARAM_MIP_Strategy_Probe=-1;CPXPARAM_MIP_Strategy_RINSHeur=0;CPXPARAM_MIP_Strategy_StartAlgorithm=0;CPXPARAM_MIP_Strategy_SubAlgorithm=0;CPXPARAM_MIP_Strategy_VariableSelect=1;CPXPARAM_Network_NetFind=2;CPXPARAM_Network_Pricing=0;CPXPARAM_Parallel=1;CPXPARAM_Preprocessing_Aggregator=-1;CPXPARAM_Preprocessing_BoundStrength=-1;CPXPARAM_Preprocessing_CoeffReduce=-1;CPXPARAM_Preprocessing_Dependency=-1;CPXPARAM_Preprocessing_Dual=0;CPXPARAM_Preprocessing_Fill=40;CPXPARAM_Preprocessing_NumPass=-1;CPXPARAM_Preprocessing_Presolve=1;CPXPARAM_Preprocessing_QPMakePSD=1;CPXPARAM_Preprocessing_Reduce=0;CPXPARAM_Preprocessing_Relax=-1;CPXPARAM_Preprocessing_RepeatPresolve=-1;CPXPARAM_Preprocessing_Symmetry=-1;CPXPARAM_Read_Scale=0;CPXPARAM_Sifting_Algorithm=0;CPXPARAM_Simplex_Crash=1;CPXPARAM_Simplex_DGradient=0;CPXPARAM_Simplex_Limits_Perturbation=0;CPXPARAM_Simplex_Limits_Singularity=10;CPXPARAM_Simplex_PGradient=0;CPXPARAM_Simplex_Pricing=0;CPXPARAM_Simplex_Refactor=0
12392880717017633207,0,CPXPARAM_Advance=1;CPXPARAM_Barrier_Algorithm=0;CPXPARAM_Barrier_ColNonzeros=0;CPXPARAM_Barrier_Crossover=0;CPXPARAM_Barrier_Limits_Corrections=-1;CPXPARAM_Barrier_Ordering=0;CPXPARAM_Barrier_StartAlg=1;CPXPARAM_Emphasis_MIP=0;CPXPARAM_Emphasis_Memory=0;CPXPARAM_Emphasis_Numerical=0;CPXPARAM_Feasopt_Mode=0;CPXPARAM_LPMethod=0;CPXPARAM_MIP_Cuts_Cliques=3;CPXPARAM_MIP_Cuts_Covers=2;CPXPARAM_MIP_Cuts_Disjunctive=-1;CPXPARAM_MIP_Cuts_FlowCovers=0;CPXPARAM_MIP_Cuts_GUBCovers=1;CPXPARAM_MIP_Cuts_Gomory=0;CPXPARAM_MIP_Cuts_Implied=0;CPXPARAM_MIP_Cuts_MIRCut=0;CPXPARAM_MIP_Cuts_PathCut=-1;CPXPARAM_MIP_Limits_AggForCut=2;CPXPARAM_MIP_Limits_CutPasses=0;CPXPARAM_MIP_Limits_CutsFactor=-1;CPXPARAM_MIP_Limits_GomoryCand=800;CPXPARAM_MIP_Limits_GomoryPass=0;CPXPARAM_MIP_Limits_Nodes=9223372036800000000;CPXPARAM_MIP_Limits_ProbeTime=1e+75;CPXPARAM_MIP_Limits_RepairTries=0;CPXPARAM_MIP_Limits_StrongCand=10;CPXPARAM_MIP_Limits_StrongIt=0;CPXPARAM_MIP_OrderType=2;CPXPARAM_MIP_Strategy_BBInterval=7;CPXPARAM_MIP_Strategy_Branch=-1;CPXPARAM_MIP_Strategy_Dive=0;CPXPARAM_MIP_Strategy_File=1;CPXPARAM_MIP_Strategy_HeuristicFreq=0;CPXPARAM_MIP_Strategy_LBHeur=0;CPXPARAM_MIP_Strategy_NodeSelect=2;CPXPARAM_MIP_Strategy_Order=1;CPXPARAM_MIP_Strategy_PresolveNode=0;CPXPARAM_MIP_Strategy_Probe=3;CPXPARAM_MIP_Strategy_RINSHeur=0;CPXPARAM_MIP_Strategy_StartAlgorithm=0;CPXPARAM_MIP_Strategy_SubAlgorithm=0;CPXPARAM_MIP_Strategy_VariableSelect=1;CPXPARAM_Network_NetFind=2;CPXPARAM_Network_Pricing=0;CPXPARAM_Parallel=1;CPXPARAM_Preprocessing_Aggregator=-1;CPXPARAM_Preprocessing_BoundStrength=-1;CPXPARAM_Preprocessing_CoeffReduce=-1;CPXPARAM_Preprocessing_Dependency=-1;CPXPARAM_Preprocessing_Dual=0;CPXPARAM_Preprocessing_Fill=40;CPXPARAM_Preprocessing_NumPass=-1;CPXPARAM_Preprocessing_Presolve=1;CPXPARAM_Preprocessing_QPMakePSD=1;CPXPARAM_Preprocessing_Reduce=0;CPXPARAM_Preprocessing_Relax=-1;CPXPARAM_Preprocessing_RepeatPresolve=-1;CPXPARAM_Preprocessing_Symmetry=-1;CPXPARAM_Read_Scale=0;CPXPARAM_Sifting_Algorithm=0;CPXPARAM_Simplex_Crash=1;CPXPARAM_Simplex_DGradient=0;CPXPARAM_Simplex_Limits_Perturbation=0;CPXPARAM_Simplex_Limits_Singularity=10;CPXPARAM_Simplex_PGradient=0;CPXPARAM_Simplex_Pricing=0;CPXPARAM_Simplex_Refactor=0
3771259151859302577,0,CPXPARAM_Advance=1;CPXPARAM_Barrier_Algorithm=0;CPXPARAM_Barrier_ColNonzeros=0;CPXPARAM_Barrier_Crossover=0;CPXPARAM_Barrier_Limits_Corrections=-1;CPXPARAM_Barrier_Ordering=0;CPXPARAM_Barrier_StartAlg=1;CPXPARAM_Emphasis_MIP=0;CPXPARAM_Emphasis_Memory=0;CPXPARAM_Emphasis_Numerical=0;CPXPARAM_Feasopt_Mode=0;CPXPARAM_LPMethod=0;CPXPARAM_MIP_Cuts_Cliques=3;CPXPARAM_MIP_Cuts_Covers=2;CPXPARAM_MIP_Cuts_Disjunctive=-1;CPXPARAM_MIP_Cuts_FlowCovers=0;CPXPARAM_MIP_Cuts_GUBCovers=1;CPXPARAM_MIP_Cuts_Gomory=0;CPXPARAM_MIP_Cuts_Implied=0;CPXPARAM_MIP_Cuts_MIRCut=0;CPXPARAM_MIP_Cuts_PathCut=-1;CPXPARAM_MIP_Limits_AggForCut=5;CPXPARAM_MIP_Limits_CutPasses=0;CPXPARAM_MIP_Limits_CutsFactor=-1;CPXPARAM_MIP_Limits_GomoryCand=800;CPXPARAM_MIP_Limits_GomoryPass=0;CPXPARAM_MIP_Limits_Nodes=9223372036800000000;CPXPARAM_MIP_Limits_ProbeTime=1e+75;CPXPARAM_MIP_Limits_RepairTries=0;CPXPARAM_MIP_Limits_StrongCand=10;CPXPARAM_MIP_Limits_StrongIt=0;CPXPARAM_MIP_OrderType=2;CPXPARAM_MIP_Strategy_BBInterval=7;CPXPARAM_MIP_Strategy_Branch=-1;CPXPARAM_MIP_Strategy_Dive=0;CPXPARAM_MIP_Strategy_File=1;CPXPARAM_MIP_Strategy_HeuristicFreq=0;CPXPARAM_MIP_Strategy_LBHeur=0;CPXPARAM_MIP_Strategy_NodeSelect=2;CPXPARAM_MIP_Strategy_Order=1;CPXPARAM_MIP_Strategy_PresolveNode=0;CPXPARAM_MIP_Strategy_Probe=-1;CPXPARAM_MIP_Strategy_RINSHeur=0;CPXPARAM_MIP_Strategy_StartAlgorithm=0;CPXPARAM_MIP_Strategy_SubAlgorithm=0;CPXPARAM_MIP_Strategy_VariableSelect=1;CPXPARAM_Network_NetFind=2;CPXPARAM_Network_Pricing=0;CPXPARAM_Parallel=1;CPXPARAM_Preprocessing_Aggregator=-1;CPXPARAM_Preprocessing_BoundStrength=-1;CPXPARAM_Preprocessing_CoeffReduce=-1;CPXPARAM_Preprocessing_Dependency=-1;CPXPARAM_Preprocessing_Dual=0;CPXPARAM_Preprocessing_Fill=40;CPXPARAM_Preprocessing_NumPass=-1;CPXPARAM_Preprocessing_Presolve=1;CPXPARAM_Preprocessing_QPMakePSD=1;CPXPARAM_Preprocessing_Reduce=0;CPXPARAM_Preprocessing_Relax=-1;CPXPARAM_Preprocessing_RepeatPresolve=-1;CPXPARAM_Preprocessing_Symmetry=-1;CPXPARAM_Read_Scale=0;CPXPARAM_Sifting_Algorithm=0;CPXPARAM_Simplex_Crash=1;CPXPARAM_Simplex_DGradient=0;CPXPARAM_Simplex_Limits_Perturbation=0;CPXPARAM_Simplex_Limits_Singularity=10;CPXPARAM_Simplex_PGradient=0;CPXPARAM_Simplex_Pricing=0;CPXPARAM_Simplex_Refactor=0
16611279470628382926,0,CPXPARAM_Advance=1;CPXPARAM_Barrier_Algorithm=0;CPXPARAM_Barrier_ColNonzeros=0;CPXPARAM_Barrier_Crossover=0;CPXPARAM_Barrier_Limits_Corrections=-1;CPXPARAM_Barrier_Ordering=0;CPXPARAM_Barrier_StartAlg=1;CPXPARAM_Emphasis_MIP=0;CPXPARAM_Emphasis_Memory=0;CPXPARAM_Emphasis_Numerical=0;CPXPARAM_Feasopt_Mode=0;CPXPARAM_LPMethod=0;CPXPARAM_MIP_Cuts_Cliques=3;CPXPARAM_MIP_Cuts_Covers=2;CPXPARAM_MIP_Cuts_Disjunctive=-1;CPXPARAM_MIP_Cuts_FlowCovers=2;CPXPARAM_MIP_Cuts_GUBCovers=1;CPXPARAM_MIP_Cuts_Gomory=0;CPXPARAM_MIP_Cuts_Implied=0;CPXPARAM_MIP_Cuts_MIRCut=0;CPXPARAM_MIP_Cuts_PathCut=-1;CPXPARAM_MIP_Limits_AggForCut=2;CPXPARAM_MIP_Limits_CutPasses=0;CPXPARAM_MIP_Limits_CutsFactor=-1;CPXPARAM_MIP_Limits_GomoryCand=800;CPXPARAM_MIP_Limits_GomoryPass=0;CPXPARAM_MIP_Limits_Nodes=9223372036800000000;CPXPARAM_MIP_Limits_ProbeTime=1e+75;CPXPARAM_MIP_Limits_RepairTries=0;CPXPARAM_MIP_Limits_StrongCand=10;CPXPARAM_MIP_Limits_StrongIt=0;CPXPARAM_MIP_OrderType=2;CPXPARAM_MIP_Strategy_BBInterval=7;CPXPARAM_MIP_Strategy_Branch=-1;CPXPARAM_MIP_Strategy_Dive=0;CPXPARAM_MIP_Strategy_File=1;CPXPARAM_MIP_Strategy_HeuristicFreq=0;CPXPARAM_MIP_Strategy_LBHeur=0;CPXPARAM_MIP_Strategy_NodeSelect=2;CPXPARAM_MIP_Strategy_Order=1;CPXPARAM_MIP_Strategy_PresolveNode=0;CPXPARAM_MIP_Strategy_Probe=-1;CPXPARAM_MIP_Strategy_RINSHeur=0;CPXPARAM_MIP_Strategy_StartAlgorithm=0;CPXPARAM_MIP_Strategy_SubAlgorithm=0;CPXPARAM_MIP_Strategy_VariableSelect=1;CPXPARAM_Network_NetFind=2;CPXPARAM_Network_Pricing=0;CPXPARAM_Parallel=1;CPXPARAM_Preprocessing_Aggregator=-1;CPXPARAM_Preprocessing_BoundStrength=-1;CPXPARAM_Preprocessing_CoeffReduce=-1;CPXPARAM_Preprocessing_Dependency=-1;CPXPARAM_Preprocessing_Dual=0;CPXPARAM_Preprocessing_Fill=40;CPXPARAM_Preprocessing_NumPass=-1;CPXPARAM_Preprocessing_Presolve=1;CPXPARAM_Preprocessing_QPMakePSD=1;CPXPARAM_Preprocessing_Reduce=0;CPXPARAM_Preprocessing_Relax=-1;CPXPARAM_Preprocessing_RepeatPresolve=-1;CPXPARAM_Preprocessing_Symmetry=-1;CPXPARAM_Read_Scale=0;CPXPARAM_Sifting_Algorithm=0;CPXPARAM_Simplex_Crash=1;CPXPARAM_Simplex_DGradient=0;CPXPARAM_Simplex_Limits_Perturbation=0;CPXPARAM_Simplex_Limits_Singularity=10;CPXPARAM_Simplex_PGradient=0;CPXPARAM_Simplex_Pricing=0;CPXPARAM_Simplex_Refactor=0
16626610453644092818,0,CPXPARAM_Advance=1;CPXPARAM_Barrier_Algorithm=0;CPXPARAM_Barrier_ColNonzeros=0;CPXPARAM_Barrier_Crossover=0;CPXPARAM_Barrier_Limits_Corrections=-1;CPXPARAM_Barrier_Ordering=0;CPXPARAM_Barrier_StartAlg=1;CPXPARAM_Emphasis_MIP=0;CPXPARAM_Emphasis_Memory=0;CPXPARAM_Emphasis_Numerical=0;CPXPARAM_Feasopt_Mode=0;CPXPARAM_LPMethod=0;CPXPARAM_MIP_Cuts_Cliques=3;CPXPARAM_MIP_Cuts_Covers=2;CPXPARAM_MIP_Cuts_Disjunctive=-1;CPXPARAM_MIP_Cuts_FlowCovers=0;CPXPARAM_MIP_Cuts_GUBCovers=1;CPXPARAM_MIP_Cuts_Gomory=0;CPXPARAM_MIP_Cuts_Implied=0;CPXPARAM_MIP_Cuts_MIRCut=0;CPXPARAM_MIP_Cuts_PathCut=2;CPXPARAM_MIP_Limits_AggForCut=2;CPXPARAM_MIP_Limits_CutPasses=0;CPXPARAM_MIP_Limits_CutsFactor=-1;CPXPARAM_MIP_Limits_GomoryCand=800;CPXPARAM_MIP_Limits_GomoryPass=0;CPXPARAM_MIP_Limits_Nodes=9223372036800000000;CPXPARAM_MIP_Limits_ProbeTime=1e+75;CPXPARAM_MIP_Limits_RepairTries=0;CPXPARAM_MIP_Limits_StrongCand=10;CPXPARAM_MIP_Limits_StrongIt=0;CPXPARAM_MIP_OrderType=2;CPXPARAM_MIP_Strategy_BBInterval=7;CPXPARAM_MIP_Strategy_Branch=-1;CPXPARAM_MIP_Strategy_Dive=0;CPXPARAM_MIP_Strategy_File=1;CPXPARAM_MIP_Strategy_HeuristicFreq=0;CPXPARAM_MIP_Strategy_LBHeur=0;CPXPARAM_MIP_Strategy_NodeSelect=2;CPXPARAM_MIP_Strategy_Order=1;CPXPARAM_MIP_Strategy_PresolveNode=0;CPXPARAM_MIP_Strategy_Probe=-1;CPXPARAM_MIP_Strategy_RINSHeur=0;CPXPARAM_MIP_Strategy_StartAlgorithm=0;CPXPARAM_MIP_Strategy_SubAlgorithm=0;CPXPARAM_MIP_Strategy_VariableSelect=1;CPXPARAM_Network_NetFind=2;CPXPARAM_Network_Pricing=0;CPXPARAM_Parallel=1;CPXPARAM_Preprocessing_Aggregator=-1;CPXPARAM_Preprocessing_BoundStrength=-1;CPXPARAM_Preprocessing_CoeffReduce=-1;CPXPARAM_Preprocessing_Dependency=-1;CPXPARAM_Preprocessing_Dual=0;CPXPARAM_Preprocessing_Fill=40;CPXPARAM_Preprocessing_NumPass=-1;CPXPARAM_Preprocessing_Presolve=1;CPXPARAM_Preprocessing_QPMakePSD=1;CPXPARAM_Preprocessing_Reduce=0;CPXPARAM_Preprocessing_Relax=-1;CPXPARAM_Preprocessing_RepeatPresolve=-1;CPXPARAM_Preprocessing_Symmetry=-1;CPXPARAM_Read_Scale=0;CPXPARAM_Sifting_Algorithm=0;CPXPARAM_Simplex_Crash=1;CPXPARAM_Simplex_DGradient=0;CPXPARAM_Simplex_Limits_Perturbation=0;CPXPARAM_Simplex_Limits_Singularity=10;CPXPARAM_Simplex_PGradient=0;CPXPARAM_Simplex_Pricing=0;CPXPARAM_Simplex_Refactor=0
17272842369631445096,0,CPXPARAM_Advance=1;CPXPARAM_Barrier_Algorithm=0;CPXPARAM_Barrier_ColNonzeros=0;CPXPARAM_Barrier_Crossover=0;CPXPARAM_Barrier_Limits_Corrections=-1;CPXPARAM_Barrier_Ordering=0;CPXPARAM_Barrier_StartAlg=1;CPXPARAM_Emphasis_MIP=0;CPXPARAM_Emphasis_Memory=0;CPXPARAM_Emphasis_Numerical=0;CPXPARAM_Feasopt_Mode=0;CPXPARAM_LPMethod=0;CPXPARAM_MIP_Cuts_Cliques=2;CPXPARAM_MIP_Cuts_Covers=2;CPXPARAM_MIP_Cuts_Disjunctive=-1;CPXPARAM_MIP_Cuts_FlowCovers=0;CPXPARAM_MIP_Cuts_GUBCovers=1;CPXPARAM_MIP_Cuts_Gomory=-1;CPXPARAM_MIP_Cuts_Implied=0;CPXPARAM_MIP_Cuts_MIRCut=0;CPXPARAM_MIP_Cuts_PathCut=-1;CPXPARAM_MIP_Limits_AggForCut=2;CPXPARAM_MIP_Limits_CutPasses=0;CPXPARAM_MIP_Limits_CutsFactor=-1;CPXPARAM_MIP_Limits_GomoryCand=800;CPXPARAM_MIP_Limits_GomoryPass=0;CPXPARAM_MIP_Limits_Nodes=9223372036800000000;CPXPARAM_MIP_Limits_ProbeTime=1e+75;CPXPARAM_MIP_Limits_RepairTries=0;CPXPARAM_MIP_Limits_StrongCand=10;CPXPARAM_MIP_Limits_StrongIt=0;CPXPARAM_MIP_OrderType=2;CPXPARAM_MIP_Strategy_BBInterval=7;CPXPARAM_MIP_Strategy_Branch=-1;CPXPARAM_MIP_Strategy_Dive=0;CPXPARAM_MIP_Strategy_File=1;CPXPARAM_MIP_Strategy_HeuristicFreq=0;CPXPARAM_MIP_Strategy_LBHeur=0;CPXPARAM_MIP_Strategy_NodeSelect=2;CPXPARAM_MIP_Strategy_Order=1;CPXPARAM_MIP_Strategy_PresolveNode=0;CPXPARAM_MIP_Strategy_Probe=-1;CPXPARAM_MIP_Strategy_RINSHeur=0;CPXPARAM_MIP_Strategy_StartAlgorithm=0;CPXPARAM_MIP_Strategy_SubAlgorithm=0;CPXPARAM_MIP_Strategy_VariableSelect=1;CPXPARAM_Network_NetFind=2;CPXPARAM_Network_Pricing=0;CPXPARAM_Parallel=1;CPXPARAM_Preprocessing_Aggregator=-1;CPXPARAM_Preprocessing_BoundStrength=-1;CPXPARAM_Preprocessing_CoeffReduce=-1;CPXPARAM_Preprocessing_Dependency=-1;CPXPARAM_Preprocessing_Dual=0;CPXPARAM_Preprocessing_Fill=40;CPXPARAM_Preprocessing_NumPass=-1;CPXPARAM_Preprocessing_Presolve=1;CPXPARAM_Preprocessing_QPMakePSD=1;CPXPARAM_Preprocessing_Reduce=0;CPXPARAM_Preprocessing_Relax=-1;CPXPARAM_Preprocessing_RepeatPresolve=-1;CPXPARAM_Preprocessing_Symmetry=-1;CPXPARAM_Read_Scale=0;CPXPARAM_Sifting_Algorithm=0;CPXPARAM_Simplex_Crash=1;CPXPARAM_Simplex_DGradient=0;CPXPARAM_Simplex_Limits_Perturbation=0;CPXPARAM_Simplex_Limits_Singularity=10;CPXPARAM_Simplex_PGradient=0;CPXPARAM_Simplex_Pricing=0;CPXPARAM_Simplex_Refactor=0
10338645759772164512,0,CPXPARAM_Advance=1;CPXPARAM_Barrier_Algorithm=0;CPXPARAM_Barrier_ColNonzeros=0;CPXPARAM_Barrier_Crossover=0;CPXPARAM_Barrier_Limits_Corrections=-1;CPXPARAM_Barrier_Ordering=0;CPXPARAM_Barrier_StartAlg=1;CPXPARAM_Emphasis_MIP=4;CPXPARAM_Emphasis_Memory=0;CPXPARAM_Emphasis_Numerical=0;CPXPARAM_Feasopt_Mode=0;CPXPARAM_LPMethod=0;CPXPARAM_MIP_Cuts_Cliques=3;CPXPARAM_MIP_Cuts_Covers=2;CPXPARAM_MIP_Cuts_Disjunctive=-1;CPXPARAM_MIP_Cuts_FlowCovers=0;CPXPARAM_MIP_Cuts_GUBCovers=1;CPXPARAM_MIP_Cuts_Gomory=-1;CPXPARAM_MIP_Cuts_Implied=0;CPXPARAM_MIP_Cuts_MIRCut=0;CPXPARAM_MIP_Cuts_PathCut=-1;CPXPARAM_MIP_Limits_AggForCut=2;CPXPARAM_MIP_Limits_CutPasses=0;CPXPARAM_MIP_Limits_CutsFactor=-1;CPXPARAM_MIP_Limits_GomoryCand=800;CPXPARAM_MIP_Limits_GomoryPass=0;CPXPARAM_MIP_Limits_Nodes=9223372036800000000;CPXPARAM_MIP_Limits_ProbeTime=1e+75;CPXPARAM_MIP_Limits_RepairTries=0;CPXPARAM_MIP_Limits_StrongCand=10;CPXPARAM_MIP_Limits_StrongIt=0;CPXPARAM_MIP_OrderType=2;CPXPARAM_MIP_Strategy_BBInterval=7;CPXPARAM_MIP_Strategy_Branch=-1;CPXPARAM_MIP_Strategy_Dive=0;CPXPARAM_MIP_Strategy_File=1;CPXPARAM_MIP_Strategy_HeuristicFreq=0;CPXPARAM_MIP_Strategy_LBHeur=0;CPXPARAM_MIP_Strategy_NodeSelect=2;CPXPARAM_MIP_Strategy_Order=1;CPXPARAM_MIP_Strategy_PresolveNode=0;CPXPARAM_MIP_Strategy_Probe=-1;CPXPARAM_MIP_Strategy_RINSHeur=0;CPXPARAM_MIP_Strategy_StartAlgorithm=0;CPXPARAM_MIP_Strategy_SubAlgorithm=0;CPXPARAM_MIP_Strategy_VariableSelect=1;CPXPARAM_Network_NetFind=2;CPXPARAM_Network_Pricing=0;CPXPARAM_Parallel=1;CPXPARAM_Preprocessing_Aggregator=-1;CPXPARAM_Preprocessing_BoundStrength=-1;CPXPARAM_Preprocessing_CoeffReduce=-1;CPXPARAM_Preprocessing_Dependency=-1;CPXPARAM_Preprocessing_Dual=0;CPXPARAM_Preprocessing_Fill=40;CPXPARAM_Preprocessing_NumPass=-1;CPXPARAM_Preprocessing_Presolve=1;CPXPARAM_Preprocessing_QPMakePSD=1;CPXPARAM_Preprocessing_Reduce=0;CPXPARAM_Preprocessing_Relax=-1;CPXPARAM_Preprocessing_RepeatPresolve=-1;CPXPARAM_Preprocessing_Symmetry=-1;CPXPARAM_Read_Scale=0;CPXPARAM_Sifting_Algorithm=0;CPXPARAM_Simplex_Crash=1;CPXPARAM_Simplex_DGradient=0;CPXPARAM_Simplex_Limits_Perturbation=0;CPXPARAM_Simplex_Limits_Singularity=10;CPXPARAM_Simplex_PGradient=0;CPXPARAM_Simplex_Pricing=0;CPXPARAM_Simplex_Refactor=0
6233858289817609076,0,CPXPARAM_Advance=1;CPXPARAM_Barrier_Algorithm=0;CPXPARAM_Barrier_ColNonzeros=0;CPXPARAM_Barrier_Crossover=0;CPXPARAM_Barrier_Limits_Corrections=-1;CPXPARAM_Barrier_Ordering=0;CPXPARAM_Barrier_StartAlg=1;CPXPARAM_Emphasis_MIP=4;CPXPARAM_Emphasis_Memory=0;CPXPARAM_Emphasis_Numerical=0;CPXPARAM_Feasopt_Mode=0;CPXPARAM_LPMethod=0;CPXPARAM_MIP_Cuts_Cliques=3;CPXPARAM_MIP_Cuts_Covers=2;CPXPARAM_MIP_Cuts_Disjunctive=-1;CPXPARAM_MIP_Cuts_FlowCovers=0;CPXPARAM_MIP_Cuts_GUBCovers=1;CPXPARAM_MIP_Cuts_Gomory=-1;CPXPARAM_MIP_Cuts_Implied=0;CPXPARAM_MIP_Cuts_MIRCut=0;CPXPARAM_MIP_Cuts_PathCut=-1;CPXPARAM_MIP_Limits_AggForCut=2;CPXPARAM_MIP_Limits_CutPasses=0;CPXPARAM_MIP_Limits_CutsFactor=-1;CPXPARAM_MIP_Limits_GomoryCand=800;CPXPARAM_MIP_Limits_GomoryPass=0;CPXPARAM_MIP_Limits_Nodes=9223372036800000000;CPXPARAM_MIP_Limits_ProbeTime=1e+75;CPXPARAM_MIP_Limits_RepairTries=0;CPXPARAM_MIP_Limits_StrongCand=10;CPXPARAM_MIP_Limits_StrongIt=0;CPXPARAM_MIP_OrderType=1;CPXPARAM_MIP_Strategy_BBInterval=7;CPXPARAM_MIP_Strategy_Branch=-1;CPXPARAM_MIP_Strategy_Dive=0;CPXPARAM_MIP_Strategy_File=1;CPXPARAM_MIP_Strategy_HeuristicFreq=0;CPXPARAM_MIP_Strategy_LBHeur=0;CPXPARAM_MIP_Strategy_NodeSelect=2;CPXPARAM_MIP_Strategy_Order=1;CPXPARAM_MIP_Strategy_PresolveNode=0;CPXPARAM_MIP_Strategy_Probe=-1;CPXPARAM_MIP_Strategy_RINSHeur=0;CPXPARAM_MIP_Strategy_StartAlgorithm=0;CPXPARAM_MIP_Strategy_SubAlgorithm=0;CPXPARAM_MIP_Strategy_VariableSelect=1;CPXPARAM_Network_NetFind=2;CPXPARAM_Network_Pricing=0;CPXPARAM_Parallel=1;CPXPARAM_Preprocessing_Aggregator=-1;CPXPARAM_Preprocessing_BoundStrength=-1;CPXPARAM_Preprocessing_CoeffReduce=-1;CPXPARAM_Preprocessing_Dependency=-1;CPXPARAM_Preprocessing_Dual=0;CPXPARAM_Preprocessing_Fill=10;CPXPARAM_Preprocessing_NumPass=-1;CPXPARAM_Preprocessing_Presolve=1;CPXPARAM_Preprocessing_QPMakePSD=1;CPXPARAM_Preprocessing_Reduce=0;CPXPARAM_Preprocessing_Relax=-1;CPXPARAM_Preprocessing_RepeatPresolve=-1;CPXPARAM_Preprocessing_Symmetry=-1;CPXPARAM_Read_Scale=0;CPXPARAM_Sifting_Algorithm=0;CPXPARAM_Simplex_Crash=1;CPXPARAM_Simplex_DGradient=0;CPXPARAM_Simplex_Limits_Perturbation=0;CPXPARAM_Simplex_Limits_Singularity=10;CPXPARAM_Simplex_PGradient=0;CPXPARAM_Simplex_Pricing=0;CPXPARAM_Simplex_Refactor=0
6049398623294369526,0,CPXPARAM_Advance=1;CPXPARAM_Barrier_Algorithm=0;CPXPARAM_Barrier_ColNonzeros=0;CPXPARAM_Barrier_Crossover=0;CPXPARAM_Barrier_Limits_Corrections=-1;CPXPARAM_Barrier_Ordering=0;CPXPARAM_Barrier_StartAlg=1;CPXPARAM_Emphasis_MIP=5;CPXPARAM_Emphasis_Memory=0;CPXPARAM_Emphasis_Numerical=0;CPXPARAM_Feasopt_Mode=0;CPXPARAM_LPMethod=0;CPXPARAM_MIP_Cuts_Cliques=1;CPXPARAM_MIP_Cuts_Covers=-1;CPXPARAM_MIP_Cuts_Disjunctive=0;CPXPARAM_MIP_Cuts_FlowCovers=2;CPXPARAM_MIP_Cuts_GUBCovers=1;CPXPARAM_MIP_Cuts_Gomory=-1;CPXPARAM_MIP_Cuts_Implied=-1;CPXPARAM_MIP_Cuts_MIRCut=1;CPXPARAM_MIP_Cuts_PathCut=2;CPXPARAM_MIP_Limits_AggForCut=10;CPXPARAM_MIP_Limits_CutPasses=0;CPXPARAM_MIP_Limits_CutsFactor=-1;CPXPARAM_MIP_Limits_GomoryCand=800;CPXPARAM_MIP_Limits_GomoryPass=0;CPXPARAM_MIP_Limits_Nodes=9223372036800000000;CPXPARAM_MIP_Limits_ProbeTime=1e+75;CPXPARAM_MIP_Limits_RepairTries=0;CPXPARAM_MIP_Limits_StrongCand=10;CPXPARAM_MIP_Limits_StrongIt=0;CPXPARAM_MIP_OrderType=2;CPXPARAM_MIP_Strategy_BBInterval=7;CPXPARAM_MIP_Strategy_Branch=0;CPXPARAM_MIP_Strategy_Dive=0;CPXPARAM_MIP_Strategy_File=1;CPXPARAM_MIP_Strategy_HeuristicFreq=0;CPXPARAM_MIP_Strategy_LBHeur=0;CPXPARAM_MIP_Strategy_NodeSelect=0;CPXPARAM_MIP_Strategy_Order=1;CPXPARAM_MIP_Strategy_PresolveNode=1;CPXPARAM_MIP_Strategy_Probe=-1;CPXPARAM_MIP_Strategy_RINSHeur=0;CPXPARAM_MIP_Strategy_StartAlgorithm=0;CPXPARAM_MIP_Strategy_SubAlgorithm=0;CPXPARAM_MIP_Strategy_VariableSelect=4;CPXPARAM_Network_NetFind=2;CPXPARAM_Network_Pricing=0;CPXPARAM_Parallel=1;CPXPARAM_Preprocessing_Aggregator=-1;CPXPARAM_Preprocessing_BoundStrength=-1;CPXPARAM_Preprocessing_CoeffReduce=-1;CPXPARAM_Preprocessing_Dependency=-1;CPXPARAM_Preprocessing_Dual=0;CPXPARAM_Preprocessing_Fill=20;CPXPARAM_Preprocessing_NumPass=-1;CPXPARAM_Preprocessing_Presolve=1;CPXPARAM_Preprocessing_QPMakePSD=1;CPXPARAM_Preprocessing_Reduce=1;CPXPARAM_Preprocessing_Relax=-1;CPXPARAM_Preprocessing_RepeatPresolve=-1;CPXPARAM_Preprocessing_Symmetry=-1;CPXPARAM_Read_Scale=0;CPXPARAM_Sifting_Algorithm=0;CPXPARAM_Simplex_Crash=1;CPXPARAM_Simplex_DGradient=0;CPXPARAM_Simplex_Limits_Perturbation=0;CPXPARAM_Simplex_Limits_Singularity=10;CPXPARAM_Simplex_PGradient=0;CPXPARAM_Simplex_Pricing=0;CPXPARAM_Simplex_Refactor=0
15930530695777073987,0,CPXPARAM_Advance=1;CPXPARAM_Barrier_Algorithm=0;CPXPARAM_Barrier_ColNonzeros=0;CPXPARAM_Barrier_Crossover=0;CPXPARAM_Barrier_Limits_Corrections=-1;CPXPARAM_Barrier_Ordering=0;CPXPARAM_Barrier_StartAlg=1;CPXPARAM_Emphasis_MIP=4;CPXPARAM_Emphasis_Memory=0;CPXPARAM_Emphasis_Numerical=0;CPXPARAM_Feasopt_Mode=0;CPXPARAM_LPMethod=0;CPXPARAM_MIP_Cuts_Cliques=3;CPXPARAM_MIP_Cuts_Covers=2;CPXPARAM_MIP_Cuts_Disjunctive=-1;CPXPARAM_MIP_Cuts_FlowCovers=0;CPXPARAM_MIP_Cuts_GUBCovers=1;CPXPARAM_MIP_Cuts_Gomory=-1;CPXPARAM_MIP_Cuts_Implied=0;CPXPARAM_MIP_Cuts_MIRCut=0;CPXPARAM_MIP_Cuts_PathCut=-1;CPXPARAM_MIP_Limits_AggForCut=2;CPXPARAM_MIP_Limits_CutPasses=0;CPXPARAM_MIP_Limits_CutsFactor=-1;CPXPARAM_MIP_Limits_GomoryCand=800;CPXPARAM_MIP_Limits_GomoryPass=0;CPXPARAM_MIP_Limits_Nodes=9223372036800000000;CPXPARAM_MIP_Limits_ProbeTime=1e+75;CPXPARAM_MIP_Limits_RepairTries=0;CPXPARAM_MIP_Limits_StrongCand=10;CPXPARAM_MIP_Limits_StrongIt=0;CPXPARAM_MIP_OrderType=1;CPXPARAM_MIP_Strategy_BBInterval=7;CPXPARAM_MIP_Strategy_Branch=-1;CPXPARAM_MIP_Strategy_Dive=0;CPXPARAM_MIP_Strategy_File=1;CPXPARAM_MIP_Strategy_HeuristicFreq=0;CPXPARAM_MIP_Strategy_LBHeur=0;CPXPARAM_MIP_Strategy_NodeSelect=2;CPXPARAM_MIP_Strategy_Order=1;CPXPARAM_MIP_Strategy_PresolveNode=0;CPXPARAM_MIP_Strategy_Probe=-1;CPXPARAM_MIP_Strategy_RINSHeur=0;CPXPARAM_MIP_Strategy_StartAlgorithm=0;CPXPARAM_MIP_Strategy_SubAlgorithm=0;CPXPARAM_MIP_Strategy_VariableSelect=1;CPXPARAM_Network_NetFind=2;CPXPARAM_Network_Pricing=0;CPXPARAM_Parallel=1;CPXPARAM_Preprocessing_Aggregator=-1;CPXPARAM_Preprocessing_BoundStrength=-1;CPXPARAM_Preprocessing_CoeffReduce=-1;CPXPARAM_Preprocessing_Dependency=-1;CPXPARAM_Preprocessing_Dual=0;CPXPARAM_Preprocessing_Fill=40;CPXPARAM_Preprocessing_NumPass=-1;CPXPARAM_Preprocessing_Presolve=1;CPXPARAM_Preprocessing_QPMakePSD=1;CPXPARAM_Preprocessing_Reduce=0;CPXPARAM_Preprocessing_Relax=-1;CPXPARAM_Preprocessing_RepeatPresolve=-1;CPXPARAM_Preprocessing_Symmetry=-1;CPXPARAM_Read_Scale=0;CPXPARAM_Sifting_Algorithm=0;CPXPARAM_Simplex_Crash=1;CPXPARAM_Simplex_DGradient=0;CPXPARAM_Simplex_Limits_Perturbation=0;CPXPARAM_Simplex_Limits_Singularity=10;CPXPARAM_Simplex_PGradient=0;CPXPARAM_Simplex_Pricing=0;CPXPARAM_Simplex_Refactor=0
13859161933344416858,0,CPXPARAM_Advance=1;CPXPARAM_Barrier_Algorithm=0;CPXPARAM_Barrier_ColNonzeros=0;CPXPARAM_Barrier_Crossover=0;CPXPARAM_Barrier_Limits_Corrections=-1;CPXPARAM_Barrier_Ordering=0;CPXPARAM_Barrier_StartAlg=1;CPXPARAM_Emphasis_MIP=0;CPXPARAM_Emphasis_Memory=0;CPXPARAM_Emphasis_Numerical=0;CPXPARAM_Feasopt_Mode=0;CPXPARAM_LPMethod=0;CPXPARAM_MIP_Cuts_Cliques=3;CPXPARAM_MIP_Cuts_Covers=3;CPXPARAM_MIP_Cuts_Disjunctive=-1;CPXPARAM_MIP_Cuts_FlowCovers=1;CPXPARAM_MIP_Cuts_GUBCovers=1;CPXPARAM_MIP_Cuts_Gomory=0;CPXPARAM_MIP_Cuts_Implied=-1;CPXPARAM_MIP_Cuts_MIRCut=-1;CPXPARAM_MIP_Cuts_PathCut=0;CPXPARAM_MIP_Limits_AggForCut=2;CPXPARAM_MIP_Limits_CutPasses=0;CPXPARAM_MIP_Limits_CutsFactor=-1;CPXPARAM_MIP_Limits_GomoryCand=200;CPXPARAM_MIP_Limits_GomoryPass=0;CPXPARAM_MIP_Limits_Nodes=9223372036800000000;CPXPARAM_MIP_Limits_ProbeTime=1e+75;CPXPARAM_MIP_Limits_RepairTries=0;CPXPARAM_MIP_Limits_StrongCand=10;CPXPARAM_MIP_Limits_StrongIt=0;CPXPARAM_MIP_OrderType=3;CPXPARAM_MIP_Strategy_BBInterval=7;CPXPARAM_MIP_Strategy_Branch=0;CPXPARAM_MIP_Strategy_Dive=0;CPXPARAM_MIP_Strategy_File=1;CPXPARAM_MIP_Strategy_HeuristicFreq=0;CPXPARAM_MIP_Strategy_LBHeur=0;CPXPARAM_MIP_Strategy_NodeSelect=0;CPXPARAM_MIP_Strategy_Order=1;CPXPARAM_MIP_Strategy_PresolveNode=-1;CPXPARAM_MIP_Strategy_Probe=1;CPXPARAM_MIP_Strategy_RINSHeur=0;CPXPARAM_MIP_Strategy_StartAlgorithm=0;CPXPARAM_MIP_Strategy_SubAlgorithm=1;CPXPARAM_MIP_Strategy_VariableSelect=2;CPXPARAM_Network_NetFind=2;CPXPARAM_Network_Pricing=0;CPXPARAM_Parallel=1;CPXPARAM_Preprocessing_Aggregator=-1;CPXPARAM_Preprocessing_BoundStrength=-1;CPXPARAM_Preprocessing_CoeffReduce=-1;CPXPARAM_Preprocessing_Dependency=-1;CPXPARAM_Preprocessing_Dual=0;CPXPARAM_Preprocessing_Fill=5;CPXPARAM_Preprocessing_NumPass=-1;CPXPARAM_Preprocessing_Presolve=1;CPXPARAM_Preprocessing_QPMakePSD=1;CPXPARAM_Preprocessing_Reduce=3;CPXPARAM_Preprocessing_Relax=-1;CPXPARAM_Preprocessing_RepeatPresolve=-1;CPXPARAM_Preprocessing_Symmetry=-1;CPXPARAM_Read_Scale=0;CPXPARAM_Sifting_Algorithm=0;CPXPARAM_Simplex_Crash=1;CPXPARAM_Simplex_DGradient=0;CPXPARAM_Simplex_Limits_Perturbation=0;CPXPARAM_Simplex_Limits_Singularity=10;CPXPARAM_Simplex_PGradient=0;CPXPARAM_Simplex_Pricing=0;CPXPARAM_Simplex_Refactor=0
5380494310858175605,0,CPXPARAM_Advance=1;CPXPARAM_Barrier_Algorithm=0;CPXPARAM_Barrier_ColNonzeros=0;CPXPARAM_Barrier_Crossover=0;CPXPARAM_Barrier_Limits_Corrections=-1;CPXPARAM_Barrier_Ordering=0;CPXPARAM_Barrier_StartAlg=1;CPXPARAM_Emphasis_MIP=0;CPXPARAM_Emphasis_Memory=0;CPXPARAM_Emphasis_Numerical=0;CPXPARAM_Feasopt_Mode=0;CPXPARAM_LPMethod=0;CPXPARAM_MIP_Cuts_Cliques=3;CPXPARAM_MIP_Cuts_Covers=3;CPXPARAM_MIP_Cuts_Disjunctive=-1;CPXPARAM_MIP_Cuts_FlowCovers=1;CPXPARAM_MIP_Cuts_GUBCovers=1;CPXPARAM_MIP_Cuts_Gomory=0;CPXPARAM_MIP_Cuts_Implied=-1;CPXPARAM_MIP_Cuts_MIRCut=-1;CPXPARAM_MIP_Cuts_PathCut=1;CPXPARAM_MIP_Limits_AggForCut=2;CPXPARAM_MIP_Limits_CutPasses=0;CPXPARAM_MIP_Limits_CutsFactor=-1;CPXPARAM_MIP_Limits_GomoryCand=200;CPXPARAM_MIP_Limits_GomoryPass=0;CPXPARAM_MIP_Limits_Nodes=9223372036800000000;CPXPARAM_MIP_Limits_ProbeTime=1e+75;CPXPARAM_MIP_Limits_RepairTries=0;CPXPARAM_MIP_Limits_StrongCand=10;CPXPARAM_MIP_Limits_StrongIt=0;CPXPARAM_MIP_OrderType=3;CPXPARAM_MIP_Strategy_BBInterval=7;CPXPARAM_MIP_Strategy_Branch=0;CPXPARAM_MIP_Strategy_Dive=0;CPXPARAM_MIP_Strategy_File=1;CPXPARAM_MIP_Strategy_HeuristicFreq=0;CPXPARAM_MIP_Strategy_LBHeur=0;CPXPARAM_MIP_Strategy_NodeSelect=0;CPXPARAM_MIP_Strategy_Order=1;CPXPARAM_MIP_Strategy_PresolveNode=3;CPXPARAM_MIP_Strategy_Probe=1;CPXPARAM_MIP_Strategy_RINSHeur=0;CPXPARAM_MIP_Strategy_StartAlgorithm=0;CPXPARAM_MIP_Strategy_SubAlgorithm=1;CPXPARAM_MIP_Strategy_VariableSelect=2;CPXPARAM_Network_NetFind=2;CPXPARAM_Network_Pricing=0;CPXPARAM_Parallel=1;CPXPARAM_Preprocessing_Aggregator=-1;CPXPARAM_Preprocessing_BoundStrength=-1;CPXPARAM_Preprocessing_CoeffReduce=-1;CPXPARAM_Preprocessing_Dependency=-1;CPXPARAM_Preprocessing_Dual=0;CPXPARAM_Preprocessing_Fill=5;CPXPARAM_Preprocessing_NumPass=-1;CPXPARAM_Preprocessing_Presolve=1;CPXPARAM_Preprocessing_QPMakePSD=1;CPXPARAM_Preprocessing_Reduce=3;CPXPARAM_Preprocessing_Relax=-1;CPXPARAM_Preprocessing_RepeatPresolve=-1;CPXPARAM_Preprocessing_Symmetry=-1;CPXPARAM_Read_Scale=0;CPXPARAM_Sifting_Algorithm=0;CPXPARAM_Simplex_Crash=1;CPXPARAM_Simplex_DGradient=0;CPXPARAM_Simplex_Limits_Perturbation=0;CPXPARAM_Simplex_Limits_Singularity=10;CPXPARAM_Simplex_PGradient=0;CPXPARAM_Simplex_Pricing=0;CPXPARAM_Simplex_Refactor=0
5976240687814105480,0,CPXPARAM_Advance=1;CPXPARAM_Barrier_Algorithm=0;CPXPARAM_Barrier_ColNonzeros=0;CPXPARAM_Barrier_Crossover=0;CPXPARAM_Barrier_Limits_Corrections=-1;CPXPARAM_Barrier_Ordering=0;CPXPARAM_Barrier_StartAlg=1;CPXPARAM_Emphasis_MIP=0;CPXPARAM_Emphasis_Memory=0;CPXPARAM_Emphasis_Numerical=0;CPXPARAM_Feasopt_Mode=0;CPXPARAM_LPMethod=0;CPXPARAM_MIP_Cuts_Cliques=-1;CPXPARAM_MIP_Cuts_Covers=3;CPXPARAM_MIP_Cuts_Disjunctive=-1;CPXPARAM_MIP_Cuts_FlowCovers=1;CPXPARAM_MIP_Cuts_GUBCovers=1;CPXPARAM_MIP_Cuts_Gomory=0;CPXPARAM_MIP_Cuts_Implied=-1;CPXPARAM_MIP_Cuts_MIRCut=-1;CPXPARAM_MIP_Cuts_PathCut=0;CPXPARAM_MIP_Limits_AggForCut=10;CPXPARAM_MIP_Limits_CutPasses=0;CPXPARAM_MIP_Limits_CutsFactor=-1;CPXPARAM_MIP_Limits_GomoryCand=200;CPXPARAM_MIP_Limits_GomoryPass=0;CPXPARAM_MIP_Limits_Nodes=9223372036800000000;CPXPARAM_MIP_Limits_ProbeTime=1e+75;CPXPARAM_MIP_Limits_RepairTries=0;CPXPARAM_MIP_Limits_StrongCand=10;CPXPARAM_MIP_Limits_StrongIt=0;CPXPARAM_MIP_OrderType=3;CPXPARAM_MIP_Strategy_BBInterval=7;CPXPARAM_MIP_Strategy_Branch=0;CPXPARAM_MIP_Strategy_Dive=0;CPXPARAM_MIP_Strategy_File=1;CPXPARAM_MIP_Strategy_HeuristicFreq=0;CPXPARAM_MIP_Strategy_LBHeur=0;CPXPARAM_MIP_Strategy_NodeSelect=0;CPXPARAM_MIP_Strategy_Order=1;CPXPARAM_MIP_Strategy_PresolveNode=3;CPXPARAM_MIP_Strategy_Probe=1;CPXPARAM_MIP_Strategy_RINSHeur=0;CPXPARAM_MIP_Strategy_StartAlgorithm=0;CPXPARAM_MIP_Strategy_SubAlgorithm=1;CPXPARAM_MIP_Strategy_VariableSelect=2;CPXPARAM_Network_NetFind=2;CPXPARAM_Network_Pricing=0;CPXPARAM_Parallel=1;CPXPARAM_Preprocessing_Aggregator=-1;CPXPARAM_Preprocessing_BoundStrength=-1;CPXPARAM_Preprocessing_CoeffReduce=-1;CPXPARAM_Preprocessing_Dependency=-1;CPXPARAM_Preprocessing_Dual=0;CPXPARAM_Preprocessing_Fill=5;CPXPARAM_Preprocessing_NumPass=-1;CPXPARAM_Preprocessing_Presolve=1;CPXPARAM_Preprocessing_QPMakePSD=1;CPXPARAM_Preprocessing_Reduce=3;CPXPARAM_Preprocessing_Relax=-1;CPXPARAM_Preprocessing_RepeatPresolve=-1;CPXPARAM_Preprocessing_Symmetry=-1;CPXPARAM_Read_Scale=0;CPXPARAM_Sifting_Algorithm=0;CPXPARAM_Simplex_Crash=1;CPXPARAM_Simplex_DGradient=0;CPXPARAM_Simplex_Limits_Perturbation=0;CPXPARAM_Simplex_Limits_Singularity=10;CPXPARAM_Simplex_PGradient=0;CPXPARAM_Simplex_Pricing=0;CPXPARAM_Simplex_Refactor=0
8590502189686925987,0,CPXPARAM_Advance=1;CPXPARAM_Barrier_Algorithm=0;CPXPARAM_Barrier_ColNonzeros=0;CPXPARAM_Barrier_Crossover=0;CPXPARAM_Barrier_Limits_Corrections=-1;CPXPARAM_Barrier_Ordering=0;CPXPARAM_Barrier_StartAlg=1;CPXPARAM_Emphasis_MIP=2;CPXPARAM_Emphasis_Memory=0;CPXPARAM_Emphasis_Numerical=0;CPXPARAM_Feasopt_Mode=0;CPXPARAM_LPMethod=0;CPXPARAM_MIP_Cuts_Cliques=3;CPXPARAM_MIP_Cuts_Covers=0;CPXPARAM_MIP_Cuts_Disjunctive=0;CPXPARAM_MIP_Cuts_FlowCovers=1;CPXPARAM_MIP_Cuts_GUBCovers=-1;CPXPARAM_MIP_Cuts_Gomory=1;CPXPARAM_MIP_Cuts_Implied=0;CPXPARAM_MIP_Cuts_MIRCut=2;CPXPARAM_MIP_Cuts_PathCut=0;CPXPARAM_MIP_Limits_AggForCut=3;CPXPARAM_MIP_Limits_CutPasses=0;CPXPARAM_MIP_Limits_CutsFactor=-1;CPXPARAM_MIP_Limits_GomoryCand=25;CPXPARAM_MIP_Limits_GomoryPass=0;CPXPARAM_MIP_Limits_Nodes=9223372036800000000;CPXPARAM_MIP_Limits_ProbeTime=1e+75;CPXPARAM_MIP_Limits_RepairTries=0;CPXPARAM_MIP_Limits_StrongCand=10;CPXPARAM_MIP_Limits_StrongIt=0;CPXPARAM_MIP_OrderType=0;CPXPARAM_MIP_Strategy_BBInterval=7;CPXPARAM_MIP_Strategy_Branch=0;CPXPARAM_MIP_Strategy_Dive=0;CPXPARAM_MIP_Strategy_File=1;CPXPARAM_MIP_Strategy_HeuristicFreq=0;CPXPARAM_MIP_Strategy_LBHeur=0;CPXPARAM_MIP_Strategy_NodeSelect=2;CPXPARAM_MIP_Strategy_Order=1;CPXPARAM_MIP_Strategy_PresolveNode=2;CPXPARAM_MIP_Strategy_Probe=3;CPXPARAM_MIP_Strategy_RINSHeur=0;CPXPARAM_MIP_Strategy_StartAlgorithm=0;CPXPARAM_MIP_Strategy_SubAlgorithm=0;CPXPARAM_MIP_Strategy_VariableSelect=-1;CPXPARAM_Network_NetFind=2;CPXPARAM_Network_Pricing=0;CPXPARAM_Parallel=1;CPXPARAM_Preprocessing_Aggregator=-1;CPXPARAM_Preprocessing_BoundStrength=-1;CPXPARAM_Preprocessing_CoeffReduce=-1;CPXPARAM_Preprocessing_Dependency=-1;CPXPARAM_Preprocessing_Dual=0;CPXPARAM_Preprocessing_Fill=10;CPXPARAM_Preprocessing_NumPass=-1;CPXPARAM_Preprocessing_Presolve=1;CPXPARAM_Preprocessing_QPMakePSD=1;CPXPARAM_Preprocessing_Reduce=3;CPXPARAM_Preprocessing_Relax=-1;CPXPARAM_Preprocessing_RepeatPresolve=-1;CPXPARAM_Preprocessing_Symmetry=-1;CPXPARAM_Read_Scale=0;CPXPARAM_Sifting_Algorithm=0;CPXPARAM_Simplex_Crash=1;CPXPARAM_Simplex_DGradient=0;CPXPARAM_Simplex_Limits_Perturbation=0;CPXPARAM_Simplex_Limits_Singularity=10;CPXPARAM_Simplex_PGradient=0;CPXPARAM_Simplex_Pricing=0;CPXPARAM_Simplex_Refactor=0
18371724515574421926,0,CPXPARAM_Advance=1;CPXPARAM_Barrier_Algorithm=0;CPXPARAM_Barrier_ColNonzeros=0;CPXPARAM_Barrier_Crossover=0;CPXPARAM_Barrier_Limits_Corrections=-1;CPXPARAM_Barrier_Ordering=0;CPXPARAM_Barrier_StartAlg=1;CPXPARAM_Emphasis_MIP=2;CPXPARAM_Emphasis_Memory=0;CPXPARAM_Emphasis_Numerical=0;CPXPARAM_Feasopt_Mode=0;CPXPARAM_LPMethod=0;CPXPARAM_MIP_Cuts_Cliques=3;CPXPARAM_MIP_Cuts_Covers=0;CPXPARAM_MIP_Cuts_Disjunctive=0;CPXPARAM_MIP_Cuts_FlowCovers=1;CPXPARAM_MIP_Cuts_GUBCovers=-1;CPXPARAM_MIP_Cuts_Gomory=1;CPXPARAM_MIP_Cuts_Implied=0;CPXPARAM_MIP_Cuts_MIRCut=2;CPXPARAM_MIP_Cuts_PathCut=0;CPXPARAM_MIP_Limits_AggForCut=3;CPXPARAM_MIP_Limits_CutPasses=0;CPXPARAM_MIP_Limits_CutsFactor=-1;CPXPARAM_MIP_Limits_GomoryCand=200;CPXPARAM_MIP_Limits_GomoryPass=0;CPXPARAM_MIP_Limits_Nodes=9223372036800000000;CPXPARAM_MIP_Limits_ProbeTime=1e+75;CPXPARAM_MIP_Limits_RepairTries=0;CPXPARAM_MIP_Limits_StrongCand=10;CPXPARAM_MIP_Limits_StrongIt=0;CPXPARAM_MIP_OrderType=0;CPXPARAM_MIP_Strategy_BBInterval=7;CPXPARAM_MIP_Strategy_Branch=0;CPXPARAM_MIP_Strategy_Dive=0;CPXPARAM_MIP_Strategy_File=1;CPXPARAM_MIP_Strategy_HeuristicFreq=0;CPXPARAM_MIP_Strategy_LBHeur=0;CPXPARAM_MIP_Strategy_NodeSelect=2;CPXPARAM_MIP_Strategy_Order=1;CPXPARAM_MIP_Strategy_PresolveNode=2;CPXPARAM_MIP_Strategy_Probe=3;CPXPARAM_MIP_Strategy_RINSHeur=0;CPXPARAM_MIP_Strategy_StartAlgorithm=0;CPXPARAM_MIP_Strategy_SubAlgorithm=0;CPXPARAM_MIP_Strategy_VariableSelect=-1;CPXPARAM_Network_NetFind=2;CPXPARAM_Network_Pricing=0;CPXPARAM_Parallel=1;CPXPARAM_Preprocessing_Aggregator=-1;CPXPARAM_Preprocessing_BoundStrength=-1;CPXPARAM_Preprocessing_CoeffReduce=-1;CPXPARAM_Preprocessing_Dependency=-1;CPXPARAM_Preprocessing_Dual=0;CPXPARAM_Preprocessing_Fill=10;CPXPARAM_Preprocessing_NumPass=-1;CPXPARAM_Preprocessing_Presolve=1;CPXPARAM_Preprocessing_QPMakePSD=1;CPXPARAM_Preprocessing_Reduce=3;CPXPARAM_Preprocessing_Relax=-1;CPXPARAM_Preprocessing_RepeatPresolve=-1;CPXPARAM_Preprocessing_Symmetry=-1;CPXPARAM_Read_Scale=0;CPXPARAM_Sifting_Algorithm=0;CPXPARAM_Simplex_Crash=1;CPXPARAM_Simplex_DGradient=0;CPXPARAM_Simplex_Limits_Perturbation=0;CPXPARAM_Simplex_Limits_Singularity=10;CPXPARAM_Simplex_PGradient=0;CPXPARAM_Simplex_Pricing=0;CPXPARAM_Simplex_Refactor=0
1345118777137607883,0,CPXPARAM_Advance=1;CPXPARAM_Barrier_Algorithm=0;CPXPARAM_Barrier_ColNonzeros=0;CPXPARAM_Barrier_Crossover=0;CPXPARAM_Barrier_Limits_Corrections=-1;CPXPARAM_Barrier_Ordering=0;CPXPARAM_Barrier_StartAlg=1;CPXPARAM_Emphasis_MIP=0;CPXPARAM_Emphasis_Memory=0;CPXPARAM_Emphasis_Numerical=0;CPXPARAM_Feasopt_Mode=0;CPXPARAM_LPMethod=0;CPXPARAM_MIP_Cuts_Cliques=-1;CPXPARAM_MIP_Cuts_Covers=0;CPXPARAM_MIP_Cuts_Disjunctive=1;CPXPARAM_MIP_Cuts_FlowCovers=-1;CPXPARAM_MIP_Cuts_GUBCovers=-1;CPXPARAM_MIP_Cuts_Gomory=1;CPXPARAM_MIP_Cuts_Implied=2;CPXPARAM_MIP_Cuts_MIRCut=2;CPXPARAM_MIP_Cuts_PathCut=0;CPXPARAM_MIP_Limits_AggForCut=10;CPXPARAM_MIP_Limits_CutPasses=0;CPXPARAM_MIP_Limits_CutsFactor=-1;CPXPARAM_MIP_Limits_GomoryCand=10;CPXPARAM_MIP_Limits_GomoryPass=0;CPXPARAM_MIP_Limits_Nodes=9223372036800000000;CPXPARAM_MIP_Limits_ProbeTime=1e+75;CPXPARAM_MIP_Limits_RepairTries=0;CPXPARAM_MIP_Limits_StrongCand=10;CPXPARAM_MIP_Limits_StrongIt=0;CPXPARAM_MIP_OrderType=0;CPXPARAM_MIP_Strategy_BBInterval=7;CPXPARAM_MIP_Strategy_Branch=-1;CPXPARAM_MIP_Strategy_Dive=0;CPXPARAM_MIP_Strategy_File=1;CPXPARAM_MIP_Strategy_HeuristicFreq=0;CPXPARAM_MIP_Strategy_LBHeur=0;CPXPARAM_MIP_Strategy_NodeSelect=0;CPXPARAM_MIP_Strategy_Order=1;CPXPARAM_MIP_Strategy_PresolveNode=-1;CPXPARAM_MIP_Strategy_Probe=1;CPXPARAM_MIP_Strategy_RINSHeur=0;CPXPARAM_MIP_Strategy_StartAlgorithm=0;CPXPARAM_MIP_Strategy_SubAlgorithm=1;CPXPARAM_MIP_Strategy_VariableSelect=-1;CPXPARAM_Network_NetFind=2;CPXPARAM_Network_Pricing=0;CPXPARAM_Parallel=1;CPXPARAM_Preprocessing_Aggregator=-1;CPXPARAM_Preprocessing_BoundStrength=-1;CPXPARAM_Preprocessing_CoeffReduce=-1;CPXPARAM_Preprocessing_Dependency=-1;CPXPARAM_Preprocessing_Dual=0;CPXPARAM_Preprocessing_Fill=40;CPXPARAM_Preprocessing_NumPass=-1;CPXPARAM_Preprocessing_Presolve=1;CPXPARAM_Preprocessing_QPMakePSD=1;CPXPARAM_Preprocessing_Reduce=3;CPXPARAM_Preprocessing_Relax=-1;CPXPARAM_Preprocessing_RepeatPresolve=-1;CPXPARAM_Preprocessing_Symmetry=-1;CPXPARAM_Read_Scale=0;CPXPARAM_Sifting_Algorithm=0;CPXPARAM_Simplex_Crash=1;CPXPARAM_Simplex_DGradient=0;CPXPARAM_Simplex_Limits_Perturbation=0;CPXPARAM_Simplex_Limits_Singularity=10;CPXPARAM_Simplex_PGradient=0;CPXPARAM_Simplex_Pricing=0;CPXPARAM_Simplex_Refactor=0
6042130326236261349,0,CPXPARAM_Advance=1;CPXPARAM_Barrier_Algorithm=0;CPXPARAM_Barrier_ColNonzeros=0;CPXPARAM_Barrier_Crossover=0;CPXPARAM_Barrier_Limits_Corrections=-1;CPXPARAM_Barrier_Ordering=0;CPXPARAM_Barrier_StartAlg=1;CPXPARAM_Emphasis_MIP=2;CPXPARAM_Emphasis_Memory=0;CPXPARAM_Emphasis_Numerical=0;CPXPARAM_Feasopt_Mode=0;CPXPARAM_LPMethod=0;CPXPARAM_MIP_Cuts_Cliques=3;CPXPARAM_MIP_Cuts_Covers=0;CPXPARAM_MIP_Cuts_Disjunctive=0;CPXPARAM_MIP_Cuts_FlowCovers=1;CPXPARAM_MIP_Cuts_GUBCovers=-1;CPXPARAM_MIP_Cuts_Gomory=1;CPXPARAM_MIP_Cuts_Implied=0;CPXPARAM_MIP_Cuts_MIRCut=2;CPXPARAM_MIP_Cuts_PathCut=0;CPXPARAM_MIP_Limits_AggForCut=3;CPXPARAM_MIP_Limits_CutPasses=0;CPXPARAM_MIP_Limits_CutsFactor=-1;CPXPARAM_MIP_Limits_GomoryCand=200;CPXPARAM_MIP_Limits_GomoryPass=0;CPXPARAM_MIP_Limits_Nodes=9223372036800000000;CPXPARAM_MIP_Limits_ProbeTime=1e+75;CPXPARAM_MIP_Limits_RepairTries=0;CPXPARAM_MIP_Limits_StrongCand=10;CPXPARAM_MIP_Limits_StrongIt=0;CPXPARAM_MIP_OrderType=0;CPXPARAM_MIP_Strategy_BBInterval=7;CPXPARAM_MIP_Strategy_Branch=-1;CPXPARAM_MIP_Strategy_Dive=0;CPXPARAM_MIP_Strategy_File=1;CPXPARAM_MIP_Strategy_HeuristicFreq=0;CPXPARAM_MIP_Strategy_LBHeur=0;CPXPARAM_MIP_Strategy_NodeSelect=2;CPXPARAM_MIP_Strategy_Order=1;CPXPARAM_MIP_Strategy_PresolveNode=1;CPXPARAM_MIP_Strategy_Probe=1;CPXPARAM_MIP_Strategy_RINSHeur=0;CPXPARAM_MIP_Strategy_StartAlgorithm=0;CPXPARAM_MIP_Strategy_SubAlgorithm=0;CPXPARAM_MIP_Strategy_VariableSelect=-1;CPXPARAM_Network_NetFind=2;CPXPARAM_Network_Pricing=0;CPXPARAM_Parallel=1;CPXPARAM_Preprocessing_Aggregator=-1;CPXPARAM_Preprocessing_BoundStrength=-1;CPXPARAM_Preprocessing_CoeffReduce=-1;CPXPARAM_Preprocessing_Dependency=-1;CPXPARAM_Preprocessing_Dual=0;CPXPARAM_Preprocessing_Fill=10;CPXPARAM_Preprocessing_NumPass=-1;CPXPARAM_Preprocessing_Presolve=1;CPXPARAM_Preprocessing_QPMakePSD=1;CPXPARAM_Preprocessing_Reduce=3;CPXPARAM_Preprocessing_Relax=-1;CPXPARAM_Preprocessing_RepeatPresolve=-1;CPXPARAM_Preprocessing_Symmetry=-1;CPXPARAM_Read_Scale=0;CPXPARAM_Sifting_Algorithm=0;CPXPARAM_Simplex_Crash=1;CPXPARAM_Simplex_DGradient=0;CPXPARAM_Simplex_Limits_Perturbation=0;CPXPARAM_Simplex_Limits_Singularity=10;CPXPARAM_Simplex_PGradient=0;CPXPARAM_Simplex_Pricing=0;CPXPARAM_Simplex_Refactor=0
5459244208331104469,0,CPXPARAM_Advance=1;CPXPARAM_Barrier_Algorithm=0;CPXPARAM_Barrier_ColNonzeros=0;CPXPARAM_Barrier_Crossover=0;CPXPARAM_Barrier_Limits_Corrections=-1;CPXPARAM_Barrier_Ordering=0;CPXPARAM_Barrier_StartAlg=1;CPXPARAM_Emphasis_MIP=2;CPXPARAM_Emphasis_Memory=0;CPXPARAM_Emphasis_Numerical=0;CPXPARAM_Feasopt_Mode=0;CPXPARAM_LPMethod=0;CPXPARAM_MIP_Cuts_Cliques=-1;CPXPARAM_MIP_Cuts_Covers=0;CPXPARAM_MIP_Cuts_Disjunctive=1;CPXPARAM_MIP_Cuts_FlowCovers=2;CPXPARAM_MIP_Cuts_GUBCovers=1;CPXPARAM_MIP_Cuts_Gomory=0;CPXPARAM_MIP_Cuts_Implied=-1;CPXPARAM_MIP_Cuts_MIRCut=-1;CPXPARAM_MIP_Cuts_PathCut=-1;CPXPARAM_MIP_Limits_AggForCut=3;CPXPARAM_MIP_Limits_CutPasses=0;CPXPARAM_MIP_Limits_CutsFactor=-1;CPXPARAM_MIP_Limits_GomoryCand=400;CPXPARAM_MIP_Limits_GomoryPass=0;CPXPARAM_MIP_Limits_Nodes=9223372036800000000;CPXPARAM_MIP_Limits_ProbeTime=1e+75;CPXPARAM_MIP_Limits_RepairTries=0;CPXPARAM_MIP_Limits_StrongCand=10;CPXPARAM_MIP_Limits_StrongIt=0;CPXPARAM_MIP_OrderType=0;CPXPARAM_MIP_Strategy_BBInterval=7;CPXPARAM_MIP_Strategy_Branch=0;CPXPARAM_MIP_Strategy_Dive=0;CPXPARAM_MIP_Strategy_File=1;CPXPARAM_MIP_Strategy_HeuristicFreq=0;CPXPARAM_MIP_Strategy_LBHeur=0;CPXPARAM_MIP_Strategy_NodeSelect=1;CPXPARAM_MIP_Strategy_Order=1;CPXPARAM_MIP_Strategy_PresolveNode=0;CPXPARAM_MIP_Strategy_Probe=0;CPXPARAM_MIP_Strategy_RINSHeur=0;CPXPARAM_MIP_Strategy_StartAlgorithm=0;CPXPARAM_MIP_Strategy_SubAlgorithm=0;CPXPARAM_MIP_Strategy_VariableSelect=0;CPXPARAM_Network_NetFind=2;CPXPARAM_Network_Pricing=0;CPXPARAM_Parallel=1;CPXPARAM_Preprocessing_Aggregator=-1;CPXPARAM_Preprocessing_BoundStrength=-1;CPXPARAM_Preprocessing_CoeffReduce=-1;CPXPARAM_Preprocessing_Dependency=-1;CPXPARAM_Preprocessing_Dual=0;CPXPARAM_Preprocessing_Fill=10;CPXPARAM_Preprocessing_NumPass=-1;CPXPARAM_Preprocessing_Presolve=1;CPXPARAM_Preprocessing_QPMakePSD=1;CPXPARAM_Preprocessing_Reduce=3;CPXPARAM_Preprocessing_Relax=-1;CPXPARAM_Preprocessing_RepeatPresolve=-1;CPXPARAM_Preprocessing_Symmetry=-1;CPXPARAM_Read_Scale=0;CPXPARAM_Sifting_Algorithm=0;CPXPARAM_Simplex_Crash=1;CPXPARAM_Simplex_DGradient=0;CPXPARAM_Simplex_Limits_Perturbation=0;CPXPARAM_Simplex_Limits_Singularity=10;CPXPARAM_Simplex_PGradient=0;CPXPARAM_Simplex_Pricing=0;CPXPARAM_Simplex_Refactor=0
9485767380424861453,0,CPXPARAM_Advance=1;CPXPARAM_Barrier_Algorithm=0;CPXPARAM_Barrier_ColNonzeros=0;CPXPARAM_Barrier_Crossover=0;CPXPARAM_Barrier_Limits_Corrections=-1;CPXPARAM_Barrier_Ordering=0;CPXPARAM_Barrier_StartAlg=1;CPXPARAM_Emphasis_MIP=2;CPXPARAM_Emphasis_Memory=0;CPXPARAM_Emphasis_Numerical=0;CPXPARAM_Feasopt_Mode=0;CPXPARAM_LPMethod=0;CPXPARAM_MIP_Cuts_Cliques=3;CPXPARAM_MIP_Cuts_Covers=0;CPXPARAM_MIP_Cuts_Disjunctive=0;CPXPARAM_MIP_Cuts_FlowCovers=1;CPXPARAM_MIP_Cuts_GUBCovers=-1;CPXPARAM_MIP_Cuts_Gomory=1;CPXPARAM_MIP_Cuts_Implied=0;CPXPARAM_MIP_Cuts_MIRCut=2;CPXPARAM_MIP_Cuts_PathCut=0;CPXPARAM_MIP_Limits_AggForCut=3;CPXPARAM_MIP_Limits_CutPasses=0;CPXPARAM_MIP_Limits_CutsFactor=-1;CPXPARAM_MIP_Limits_GomoryCand=10;CPXPARAM_MIP_Limits_GomoryPass=0;CPXPARAM_MIP_Limits_Nodes=9223372036800000000;CPXPARAM_MIP_Limits_ProbeTime=1e+75;CPXPARAM_MIP_Limits_RepairTries=0;CPXPARAM_MIP_Limits_StrongCand=10;CPXPARAM_MIP_Limits_StrongIt=0;CPXPARAM_MIP_OrderType=0;CPXPARAM_MIP_Strategy_BBInterval=7;CPXPARAM_MIP_Strategy_Branch=-1;CPXPARAM_MIP_Strategy_Dive=0;CPXPARAM_MIP_Strategy_File=1;CPXPARAM_MIP_Strategy_HeuristicFreq=0;CPXPARAM_MIP_Strategy_LBHeur=0;CPXPARAM_MIP_Strategy_NodeSelect=2;CPXPARAM_MIP_Strategy_Order=1;CPXPARAM_MIP_Strategy_PresolveNode=1;CPXPARAM_MIP_Strategy_Probe=3;CPXPARAM_MIP_Strategy_RINSHeur=0;CPXPARAM_MIP_Strategy_StartAlgorithm=0;CPXPARAM_MIP_Strategy_SubAlgorithm=0;CPXPARAM_MIP_Strategy_VariableSelect=-1;CPXPARAM_Network_NetFind=2;CPXPARAM_Network_Pricing=0;CPXPARAM_Parallel=1;CPXPARAM_Preprocessing_Aggregator=-1;CPXPARAM_Preprocessing_BoundStrength=-1;CPXPARAM_Preprocessing_CoeffReduce=-1;CPXPARAM_Preprocessing_Dependency=-1;CPXPARAM_Preprocessing_Dual=0;CPXPARAM_Preprocessing_Fill=10;CPXPARAM_Preprocessing_NumPass=-1;CPXPARAM_Preprocessing_Presolve=1;CPXPARAM_Preprocessing_QPMakePSD=1;CPXPARAM_Preprocessing_Reduce=3;CPXPARAM_Preprocessing_Relax=-1;CPXPARAM_Preprocessing_RepeatPresolve=-1;CPXPARAM_Preprocessing_Symmetry=-1;CPXPARAM_Read_Scale=0;CPXPARAM_Sifting_Algorithm=0;CPXPARAM_Simplex_Crash=1;CPXPARAM_Simplex_DGradient=0;CPXPARAM_Simplex_Limits_Perturbation=0;CPXPARAM_Simplex_Limits_Singularity=10;CPXPARAM_Simplex_PGradient=0;CPXPARAM_Simplex_Pricing=0;CPXPARAM_Simplex_Refactor=0
13392578708123475006,0,CPXPARAM_Advance=1;CPXPARAM_Barrier_Algorithm=0;CPXPARAM_Barrier_ColNonzeros=0;CPXPARAM_Barrier_Crossover=0;CPXPARAM_Barrier_Limits_Corrections=-1;CPXPARAM_Barrier_Ordering=0;CPXPARAM_Barrier_StartAlg=1;CPXPARAM_Emphasis_MIP=0;CPXPARAM_Emphasis_Memory=0;CPXPARAM_Emphasis_Numerical=0;CPXPARAM_Feasopt_Mode=0;CPXPARAM_LPMethod=0;CPXPARAM_MIP_Cuts_Cliques=1;CPXPARAM_MIP_Cuts_Covers=-1;CPXPARAM_MIP_Cuts_Disjunctive=-1;CPXPARAM_MIP_Cuts_FlowCovers=2;CPXPARAM_MIP_Cuts_GUBCovers=-1;CPXPARAM_MIP_Cuts_Gomory=0;CPXPARAM_MIP_Cuts_Implied=-1;CPXPARAM_MIP_Cuts_MIRCut=-1;CPXPARAM_MIP_Cuts_PathCut=1;CPXPARAM_MIP_Limits_AggForCut=10;CPXPARAM_MIP_Limits_CutPasses=0;CPXPARAM_MIP_Limits_CutsFactor=-1;CPXPARAM_MIP_Limits_GomoryCand=800;CPXPARAM_MIP_Limits_GomoryPass=0;CPXPARAM_MIP_Limits_Nodes=9223372036800000000;CPXPARAM_MIP_Limits_ProbeTime=1e+75;CPXPARAM_MIP_Limits_RepairTries=0;CPXPARAM_MIP_Limits_StrongCand=10;CPXPARAM_MIP_Limits_StrongIt=0;CPXPARAM_MIP_OrderType=0;CPXPARAM_MIP_Strategy_BBInterval=7;CPXPARAM_MIP_Strategy_Branch=0;CPXPARAM_MIP_Strategy_Dive=0;CPXPARAM_MIP_Strategy_File=1;CPXPARAM_MIP_Strategy_HeuristicFreq=0;CPXPARAM_MIP_Strategy_LBHeur=0;CPXPARAM_MIP_Strategy_NodeSelect=3;CPXPARAM_MIP_Strategy_Order=1;CPXPARAM_MIP_Strategy_PresolveNode=3;CPXPARAM_MIP_Strategy_Probe=2;CPXPARAM_MIP_Strategy_RINSHeur=0;CPXPARAM_MIP_Strategy_StartAlgorithm=0;CPXPARAM_MIP_Strategy_SubAlgorithm=1;CPXPARAM_MIP_Strategy_VariableSelect=2;CPXPARAM_Network_NetFind=2;CPXPARAM_Network_Pricing=0;CPXPARAM_Parallel=1;CPXPARAM_Preprocessing_Aggregator=-1;CPXPARAM_Preprocessing_BoundStrength=-1;CPXPARAM_Preprocessing_CoeffReduce=-1;CPXPARAM_Preprocessing_Dependency=-1;CPXPARAM_Preprocessing_Dual=0;CPXPARAM_Preprocessing_Fill=40;CPXPARAM_Preprocessing_NumPass=-1;CPXPARAM_Preprocessing_Presolve=1;CPXPARAM_Preprocessing_QPMakePSD=1;CPXPARAM_Preprocessing_Reduce=3;CPXPARAM_Preprocessing_Relax=-1;CPXPARAM_Preprocessing_RepeatPresolve=-1;CPXPARAM_Preprocessing_Symmetry=-1;CPXPARAM_Read_Scale=-1;CPXPARAM_Sifting_Algorithm=0;CPXPARAM_Simplex_Crash=1;CPXPARAM_Simplex_DGradient=0;CPXPARAM_Simplex_Limits_Perturbation=0;CPXPARAM_Simplex_Limits_Singularity=10;CPXPARAM_Simplex_PGradient=0;CPXPARAM_Simplex_Pricing=0;CPXPARAM_Simplex_Refactor=0
5178493366027248689,0,CPXPARAM_Advance=1;CPXPARAM_Barrier_Algorithm=0;CPXPARAM_Barrier_ColNonzeros=0;CPXPARAM_Barrier_Crossover=0;CPXPARAM_Barrier_Limits_Corrections=-1;CPXPARAM_Barrier_Ordering=0;CPXPARAM_Barrier_StartAlg=1;CPXPARAM_Emphasis_MIP=0;CPXPARAM_Emphasis_Memory=0;CPXPARAM_Emphasis_Numerical=0;CPXPARAM_Feasopt_Mode=0;CPXPARAM_LPMethod=0;CPXPARAM_MIP_Cuts_Cliques=3;CPXPARAM_MIP_Cuts_Covers=2;CPXPARAM_MIP_Cuts_Disjunctive=0;CPXPARAM_MIP_Cuts_FlowCovers=-1;CPXPARAM_MIP_Cuts_GUBCovers=1;CPXPARAM_MIP_Cuts_Gomory=0;CPXPARAM_MIP_Cuts_Implied=1;CPXPARAM_MIP_Cuts_MIRCut=2;CPXPARAM_MIP_Cuts_PathCut=0;CPXPARAM_MIP_Limits_AggForCut=3;CPXPARAM_MIP_Limits_CutPasses=0;CPXPARAM_MIP_Limits_CutsFactor=-1;CPXPARAM_MIP_Limits_GomoryCand=100;CPXPARAM_MIP_Limits_GomoryPass=0;CPXPARAM_MIP_Limits_Nodes=9223372036800000000;CPXPARAM_MIP_Limits_ProbeTime=1e+75;CPXPARAM_MIP_Limits_RepairTries=0;CPXPARAM_MIP_Limits_StrongCand=10;CPXPARAM_MIP_Limits_StrongIt=0;CPXPARAM_MIP_OrderType=0;CPXPARAM_MIP_Strategy_BBInterval=7;CPXPARAM_MIP_Strategy_Branch=0;CPXPARAM_MIP_Strategy_Dive=0;CPXPARAM_MIP_Strategy_File=1;CPXPARAM_MIP_Strategy_HeuristicFreq=0;CPXPARAM_MIP_Strategy_LBHeur=0;CPXPARAM_MIP_Strategy_NodeSelect=3;CPXPARAM_MIP_Strategy_Order=1;CPXPARAM_MIP_Strategy_PresolveNode=2;CPXPARAM_MIP_Strategy_Probe=-1;CPXPARAM_MIP_Strategy_RINSHeur=0;CPXPARAM_MIP_Strategy_StartAlgorithm=0;CPXPARAM_MIP_Strategy_SubAlgorithm=0;CPXPARAM_MIP_Strategy_VariableSelect=1;CPXPARAM_Network_NetFind=2;CPXPARAM_Network_Pricing=0;CPXPARAM_Parallel=1;CPXPARAM_Preprocessing_Aggregator=-1;CPXPARAM_Preprocessing_BoundStrength=-1;CPXPARAM_Preprocessing_CoeffReduce=-1;CPXPARAM_Preprocessing_Dependency=-1;CPXPARAM_Preprocessing_Dual=0;CPXPARAM_Preprocessing_Fill=10;CPXPARAM_Preprocessing_NumPass=-1;CPXPARAM_Preprocessing_Presolve=1;CPXPARAM_Preprocessing_QPMakePSD=1;CPXPARAM_Preprocessing_Reduce=3;CPXPARAM_Preprocessing_Relax=-1;CPXPARAM_Preprocessing_RepeatPresolve=-1;CPXPARAM_Preprocessing_Symmetry=-1;CPXPARAM_Read_Scale=0;CPXPARAM_Sifting_Algorithm=0;CPXPARAM_Simplex_Crash=1;CPXPARAM_Simplex_DGradient=0;CPXPARAM_Simplex_Limits_Perturbation=0;CPXPARAM_Simplex_Limits_Singularity=10;CPXPARAM_Simplex_PGradient=0;CPXPARAM_Simplex_Pricing=0;CPXPARAM_Simplex_Refactor=0
8152534626608099142,0,CPXPARAM_Advance=1;CPXPARAM_Barrier_Algorithm=0;CPXPARAM_Barrier_ColNonzeros=0;CPXPARAM_Barrier_Crossover=0;CPXPARAM_Barrier_Limits_Corrections=-1;CPXPARAM_Barrier_Ordering=0;CPXPARAM_Barrier_StartAlg=1;CPXPARAM_Emphasis_MIP=2;CPXPARAM_Emphasis_Memory=0;CPXPARAM_Emphasis_Numerical=0;CPXPARAM_Feasopt_Mode=0;CPXPARAM_LPMethod=0;CPXPARAM_MIP_Cuts_Cliques=-1;CPXPARAM_MIP_Cuts_Covers=2;CPXPARAM_MIP_Cuts_Disjunctive=1;CPXPARAM_MIP_Cuts_FlowCovers=2;CPXPARAM_MIP_Cuts_GUBCovers=1;CPXPARAM_MIP_Cuts_Gomory=0;CPXPARAM_MIP_Cuts_Implied=-1;CPXPARAM_MIP_Cuts_MIRCut=-1;CPXPARAM_MIP_Cuts_PathCut=-1;CPXPARAM_MIP_Limits_AggForCut=3;CPXPARAM_MIP_Limits_CutPasses=0;CPXPARAM_MIP_Limits_CutsFactor=-1;CPXPARAM_MIP_Limits_GomoryCand=400;CPXPARAM_MIP_Limits_GomoryPass=0;CPXPARAM_MIP_Limits_Nodes=9223372036800000000;CPXPARAM_MIP_Limits_ProbeTime=0;CPXPARAM_MIP_Limits_RepairTries=0;CPXPARAM_MIP_Limits_StrongCand=10;CPXPARAM_MIP_Limits_StrongIt=0;CPXPARAM_MIP_OrderType=0;CPXPARAM_MIP_Strategy_BBInterval=7;CPXPARAM_MIP_Strategy_Branch=0;CPXPARAM_MIP_Strategy_Dive=0;CPXPARAM_MIP_Strategy_File=1;CPXPARAM_MIP_Strategy_HeuristicFreq=0;CPXPARAM_MIP_Strategy_LBHeur=0;CPXPARAM_MIP_Strategy_NodeSelect=1;CPXPARAM_MIP_Strategy_Order=1;CPXPARAM_MIP_Strategy_PresolveNode=0;CPXPARAM_MIP_Strategy_Probe=0;CPXPARAM_MIP_Strategy_RINSHeur=0;CPXPARAM_MIP_Strategy_StartAlgorithm=0;CPXPARAM_MIP_Strategy_SubAlgorithm=0;CPXPARAM_MIP_Strategy_VariableSelect=0;CPXPARAM_Network_NetFind=2;CPXPARAM_Network_Pricing=0;CPXPARAM_Parallel=1;CPXPARAM_Preprocessing_Aggregator=-1;CPXPARAM_Preprocessing_BoundStrength=-1;CPXPARAM_Preprocessing_CoeffReduce=-1;CPXPARAM_Preprocessing_Dependency=-1;CPXPARAM_Preprocessing_Dual=0;CPXPARAM_Preprocessing_Fill=10;CPXPARAM_Preprocessing_NumPass=-1;CPXPARAM_Preprocessing_Presolve=1;CPXPARAM_Preprocessing_QPMakePSD=1;CPXPARAM_Preprocessing_Reduce=3;CPXPARAM_Preprocessing_Relax=-1;CPXPARAM_Preprocessing_RepeatPresolve=-1;CPXPARAM_Preprocessing_Symmetry=-1;CPXPARAM_Read_Scale=0;CPXPARAM_Sifting_Algorithm=0;CPXPARAM_Simplex_Crash=1;CPXPARAM_Simplex_DGradient=0;CPXPARAM_Simplex_Limits_Perturbation=0;CPXPARAM_Simplex_Limits_Singularity=10;CPXPARAM_Simplex_PGradient=0;CPXPARAM_Simplex_Pricing=0;CPXPARAM_Simplex_Refactor=0
12193063110750593411,0,CPXPARAM_Advance=1;CPXPARAM_Barrier_Algorithm=0;CPXPARAM_Barrier_ColNonzeros=0;CPXPARAM_Barrier_Crossover=0;CPXPARAM_Barrier_Limits_Corrections=-1;CPXPARAM_Barrier_Ordering=0;CPXPARAM_Barrier_StartAlg=3;CPXPARAM_Emphasis_MIP=2;CPXPARAM_Emphasis_Memory=0;CPXPARAM_Emphasis_Numerical=0;CPXPARAM_Feasopt_Mode=0;CPXPARAM_LPMethod=0;CPXPARAM_MIP_Cuts_Cliques=-1;CPXPARAM_MIP_Cuts_Covers=2;CPXPARAM_MIP_Cuts_Disjunctive=1;CPXPARAM_MIP_Cuts_FlowCovers=2;CPXPARAM_MIP_Cuts_GUBCovers=1;CPXPARAM_MIP_Cuts_Gomory=0;CPXPARAM_MIP_Cuts_Implied=-1;CPXPARAM_MIP_Cuts_MIRCut=-1;CPXPARAM_MIP_Cuts_PathCut=-1;CPXPARAM_MIP_Limits_AggForCut=3;CPXPARAM_MIP_Limits_CutPasses=0;CPXPARAM_MIP_Limits_CutsFactor=-1;CPXPARAM_MIP_Limits_GomoryCand=400;CPXPARAM_MIP_Limits_GomoryPass=0;CPXPARAM_MIP_Limits_Nodes=9223372036800000000;CPXPARAM_MIP_Limits_ProbeTime=1e+75;CPXPARAM_MIP_Limits_RepairTries=0;CPXPARAM_MIP_Limits_StrongCand=10;CPXPARAM_MIP_Limits_StrongIt=0;CPXPARAM_MIP_OrderType=0;CPXPARAM_MIP_Strategy_BBInterval=7;CPXPARAM_MIP_Strategy_Branch=0;CPXPARAM_MIP_Strategy_Dive=0;CPXPARAM_MIP_Strategy_File=1;CPXPARAM_MIP_Strategy_HeuristicFreq=0;CPXPARAM_MIP_Strategy_LBHeur=0;CPXPARAM_MIP_Strategy_NodeSelect=1;CPXPARAM_MIP_Strategy_Order=1;CPXPARAM_MIP_Strategy_PresolveNode=0;CPXPARAM_MIP_Strategy_Probe=0;CPXPARAM_MIP_Strategy_RINSHeur=0;CPXPARAM_MIP_Strategy_StartAlgorithm=0;CPXPARAM_MIP_Strategy_SubAlgorithm=0;CPXPARAM_MIP_Strategy_VariableSelect=0;CPXPARAM_Network_NetFind=2;CPXPARAM_Network_Pricing=0;CPXPARAM_Parallel=1;CPXPARAM_Preprocessing_Aggregator=-1;CPXPARAM_Preprocessing_BoundStrength=-1;CPXPARAM_Preprocessing_CoeffReduce=-1;CPXPARAM_Preprocessing_Dependency=-1;CPXPARAM_Preprocessing_Dual=0;CPXPARAM_Preprocessing_Fill=10;CPXPARAM_Preprocessing_NumPass=-1;CPXPARAM_Preprocessing_Presolve=1;CPXPARAM_Preprocessing_QPMakePSD=1;CPXPARAM_Preprocessing_Reduce=3;CPXPARAM_Preprocessing_Relax=-1;CPXPARAM_Preprocessing_RepeatPresolve=-1;CPXPARAM_Preprocessing_Symmetry=-1;CPXPARAM_Read_Scale=0;CPXPARAM_Sifting_Algorithm=0;CPXPARAM_Simplex_Crash=1;CPXPARAM_Simplex_DGradient=0;CPXPARAM_Simplex_Limits_Perturbation=0;CPXPARAM_Simplex_Limits_Singularity=10;CPXPARAM_Simplex_PGradient=0;CPXPARAM_Simplex_Pricing=0;CPXPARAM_Simplex_Refactor=0
6640687226372888148,0,CPXPARAM_Advance=1;CPXPARAM_Barrier_Algorithm=0;CPXPARAM_Barrier_ColNonzeros=0;CPXPARAM_Barrier_Crossover=0;CPXPARAM_Barrier_Limits_Corrections=-1;CPXPARAM_Barrier_Ordering=0;CPXPARAM_Barrier_StartAlg=1;CPXPARAM_Emphasis_MIP=0;CPXPARAM_Emphasis_Memory=0;CPXPARAM_Emphasis_Numerical=0;CPXPARAM_Feasopt_Mode=0;CPXPARAM_LPMethod=0;CPXPARAM_MIP_Cuts_Cliques=3;CPXPARAM_MIP_Cuts_Covers=2;CPXPARAM_MIP_Cuts_Disjunctive=0;CPXPARAM_MIP_Cuts_FlowCovers=-1;CPXPARAM_MIP_Cuts_GUBCovers=1;CPXPARAM_MIP_Cuts_Gomory=0;CPXPARAM_MIP_Cuts_Implied=2;CPXPARAM_MIP_Cuts_MIRCut=2;CPXPARAM_MIP_Cuts_PathCut=0;CPXPARAM_MIP_Limits_AggForCut=3;CPXPARAM_MIP_Limits_CutPasses=0;CPXPARAM_MIP_Limits_CutsFactor=-1;CPXPARAM_MIP_Limits_GomoryCand=100;CPXPARAM_MIP_Limits_GomoryPass=0;CPXPARAM_MIP_Limits_Nodes=9223372036800000000;CPXPARAM_MIP_Limits_ProbeTime=1e+75;CPXPARAM_MIP_Limits_RepairTries=0;CPXPARAM_MIP_Limits_StrongCand=10;CPXPARAM_MIP_Limits_StrongIt=0;CPXPARAM_MIP_OrderType=0;CPXPARAM_MIP_Strategy_BBInterval=7;CPXPARAM_MIP_Strategy_Branch=0;CPXPARAM_MIP_Strategy_Dive=0;CPXPARAM_MIP_Strategy_File=1;CPXPARAM_MIP_Strategy_HeuristicFreq=0;CPXPARAM_MIP_Strategy_LBHeur=0;CPXPARAM_MIP_Strategy_NodeSelect=3;CPXPARAM_MIP_Strategy_Order=1;CPXPARAM_MIP_Strategy_PresolveNode=1;CPXPARAM_MIP_Strategy_Probe=-1;CPXPARAM_MIP_Strategy_RINSHeur=0;CPXPARAM_MIP_Strategy_StartAlgorithm=0;CPXPARAM_MIP_Strategy_SubAlgorithm=0;CPXPARAM_MIP_Strategy_VariableSelect=1;CPXPARAM_Network_NetFind=2;CPXPARAM_Network_Pricing=0;CPXPARAM_Parallel=1;CPXPARAM_Preprocessing_Aggregator=-1;CPXPARAM_Preprocessing_BoundStrength=-1;CPXPARAM_Preprocessing_CoeffReduce=-1;CPXPARAM_Preprocessing_Dependency=-1;CPXPARAM_Preprocessing_Dual=0;CPXPARAM_Preprocessing_Fill=10;CPXPARAM_Preprocessing_NumPass=-1;CPXPARAM_Preprocessing_Presolve=1;CPXPARAM_Preprocessing_QPMakePSD=1;CPXPARAM_Preprocessing_Reduce=3;CPXPARAM_Preprocessing_Relax=-1;CPXPARAM_Preprocessing_RepeatPresolve=-1;CPXPARAM_Preprocessing_Symmetry=-1;CPXPARAM_Read_Scale=0;CPXPARAM_Sifting_Algorithm=0;CPXPARAM_Simplex_Crash=1;CPXPARAM_Simplex_DGradient=0;CPXPARAM_Simplex_Limits_Perturbation=0;CPXPARAM_Simplex_Limits_Singularity=10;CPXPARAM_Simplex_PGradient=0;CPXPARAM_Simplex_Pricing=0;CPXPARAM_Simplex_Refactor=0
15491711262934522625,0,CPXPARAM_Advance=1;CPXPARAM_Barrier_Algorithm=0;CPXPARAM_Barrier_ColNonzeros=0;CPXPARAM_Barrier_Crossover=0;CPXPARAM_Barrier_Limits_Corrections=-1;CPXPARAM_Barrier_Ordering=0;CPXPARAM_Barrier_StartAlg=1;CPXPARAM_Emphasis_MIP=0;CPXPARAM_Emphasis_Memory=0;CPXPARAM_Emphasis_Numerical=0;CPXPARAM_Feasopt_Mode=0;CPXPARAM_LPMethod=0;CPXPARAM_MIP_Cuts_Cliques=3;CPXPARAM_MIP_Cuts_Covers=0;CPXPARAM_MIP_Cuts_Disjunctive=0;CPXPARAM_MIP_Cuts_FlowCovers=2;CPXPARAM_MIP_Cuts_GUBCovers=2;CPXPARAM_MIP_Cuts_Gomory=0;CPXPARAM_MIP_Cuts_Implied=-1;CPXPARAM_MIP_Cuts_MIRCut=1;CPXPARAM_MIP_Cuts_PathCut=1;CPXPARAM_MIP_Limits_AggForCut=0;CPXPARAM_MIP_Limits_CutPasses=0;CPXPARAM_MIP_Limits_CutsFactor=-1;CPXPARAM_MIP_Limits_GomoryCand=25;CPXPARAM_MIP_Limits_GomoryPass=0;CPXPARAM_MIP_Limits_Nodes=9223372036800000000;CPXPARAM_MIP_Limits_ProbeTime=1e+75;CPXPARAM_MIP_Limits_RepairTries=0;CPXPARAM_MIP_Limits_StrongCand=10;CPXPARAM_MIP_Limits_StrongIt=0;CPXPARAM_MIP_OrderType=0;CPXPARAM_MIP_Strategy_BBInterval=7;CPXPARAM_MIP_Strategy_Branch=-1;CPXPARAM_MIP_Strategy_Dive=0;CPXPARAM_MIP_Strategy_File=1;CPXPARAM_MIP_Strategy_HeuristicFreq=0;CPXPARAM_MIP_Strategy_LBHeur=0;CPXPARAM_MIP_Strategy_NodeSelect=3;CPXPARAM_MIP_Strategy_Order=1;CPXPARAM_MIP_Strategy_PresolveNode=1;CPXPARAM_MIP_Strategy_Probe=3;CPXPARAM_MIP_Strategy_RINSHeur=0;CPXPARAM_MIP_Strategy_StartAlgorithm=0;CPXPARAM_MIP_Strategy_SubAlgorithm=0;CPXPARAM_MIP_Strategy_VariableSelect=4;CPXPARAM_Network_NetFind=2;CPXPARAM_Network_Pricing=0;CPXPARAM_Parallel=1;CPXPARAM_Preprocessing_Aggregator=-1;CPXPARAM_Preprocessing_BoundStrength=-1;CPXPARAM_Preprocessing_CoeffReduce=-1;CPXPARAM_Preprocessing_Dependency=-1;CPXPARAM_Preprocessing_Dual=0;CPXPARAM_Preprocessing_Fill=5;CPXPARAM_Preprocessing_NumPass=-1;CPXPARAM_Preprocessing_Presolve=1;CPXPARAM_Preprocessing_QPMakePSD=1;CPXPARAM_Preprocessing_Reduce=3;CPXPARAM_Preprocessing_Relax=-1;CPXPARAM_Preprocessing_RepeatPresolve=-1;CPXPARAM_Preprocessing_Symmetry=-1;CPXPARAM_Read_Scale=0;CPXPARAM_Sifting_Algorithm=0;CPXPARAM_Simplex_Crash=1;CPXPARAM_Simplex_DGradient=0;CPXPARAM_Simplex_Limits_Perturbation=0;CPXPARAM_Simplex_Limits_Singularity=10;CPXPARAM_Simplex_PGradient=0;CPXPARAM_Simplex_Pricing=0;CPXPARAM_Simplex_Refactor=0
10791550066103821371,0,CPXPARAM_Advance=1;CPXPARAM_Barrier_Algorithm=0;CPXPARAM_Barrier_ColNonzeros=0;CPXPARAM_Barrier_Crossover=0;CPXPARAM_Barrier_Limits_Corrections=-1;CPXPARAM_Barrier_Ordering=0;CPXPARAM_Barrier_StartAlg=1;CPXPARAM_Emphasis_MIP=2;CPXPARAM_Emphasis_Memory=0;CPXPARAM_Emphasis_Numerical=0;CPXPARAM_Feasopt_Mode=0;CPXPARAM_LPMethod=0;CPXPARAM_MIP_Cuts_Cliques=3;CPXPARAM_MIP_Cuts_Covers=0;CPXPARAM_MIP_Cuts_Disjunctive=0;CPXPARAM_MIP_Cuts_FlowCovers=1;CPXPARAM_MIP_Cuts_GUBCovers=-1;CPXPARAM_MIP_Cuts_Gomory=1;CPXPARAM_MIP_Cuts_Implied=0;CPXPARAM_MIP_Cuts_MIRCut=2;CPXPARAM_MIP_Cuts_PathCut=0;CPXPARAM_MIP_Limits_AggForCut=3;CPXPARAM_MIP_Limits_CutPasses=0;CPXPARAM_MIP_Limits_CutsFactor=-1;CPXPARAM_MIP_Limits_GomoryCand=200;CPXPARAM_MIP_Limits_GomoryPass=0;CPXPARAM_MIP_Limits_Nodes=9223372036800000000;CPXPARAM_MIP_Limits_ProbeTime=1e+75;CPXPARAM_MIP_Limits_RepairTries=0;CPXPARAM_MIP_Limits_StrongCand=10;CPXPARAM_MIP_Limits_StrongIt=0;CPXPARAM_MIP_OrderType=0;CPXPARAM_MIP_Strategy_BBInterval=7;CPXPARAM_MIP_Strategy_Branch=1;CPXPARAM_MIP_Strategy_Dive=0;CPXPARAM_MIP_Strategy_File=1;CPXPARAM_MIP_Strategy_HeuristicFreq=0;CPXPARAM_MIP_Strategy_LBHeur=0;CPXPARAM_MIP_Strategy_NodeSelect=2;CPXPARAM_MIP_Strategy_Order=1;CPXPARAM_MIP_Strategy_PresolveNode=2;CPXPARAM_MIP_Strategy_Probe=3;CPXPARAM_MIP_Strategy_RINSHeur=0;CPXPARAM_MIP_Strategy_StartAlgorithm=0;CPXPARAM_MIP_Strategy_SubAlgorithm=0;CPXPARAM_MIP_Strategy_VariableSelect=-1;CPXPARAM_Network_NetFind=2;CPXPARAM_Network_Pricing=0;CPXPARAM_Parallel=1;CPXPARAM_Preprocessing_Aggregator=-1;CPXPARAM_Preprocessing_BoundStrength=-1;CPXPARAM_Preprocessing_CoeffReduce=-1;CPXPARAM_Preprocessing_Dependency=-1;CPXPARAM_Preprocessing_Dual=0;CPXPARAM_Preprocessing_Fill=10;CPXPARAM_Preprocessing_NumPass=-1;CPXPARAM_Preprocessing_Presolve=1;CPXPARAM_Preprocessing_QPMakePSD=1;CPXPARAM_Preprocessing_Reduce=3;CPXPARAM_Preprocessing_Relax=-1;CPXPARAM_Preprocessing_RepeatPresolve=-1;CPXPARAM_Preprocessing_Symmetry=-1;CPXPARAM_Read_Scale=0;CPXPARAM_Sifting_Algorithm=0;CPXPARAM_Simplex_Crash=1;CPXPARAM_Simplex_DGradient=0;CPXPARAM_Simplex_Limits_Perturbation=0;CPXPARAM_Simplex_Limits_Singularity=10;CPXPARAM_Simplex_PGradient=0;CPXPARAM_Simplex_Pricing=0;CPXPARAM_Simplex_Refactor=0
12954754028968305102,0,CPXPARAM_Advance=1;CPXPARAM_Barrier_Algorithm=0;CPXPARAM_Barrier_ColNonzeros=0;CPXPARAM_Barrier_Crossover=0;CPXPARAM_Barrier_Limits_Corrections=-1;CPXPARAM_Barrier_Ordering=0;CPXPARAM_Barrier_StartAlg=1;CPXPARAM_Emphasis_MIP=0;CPXPARAM_Emphasis_Memory=0;CPXPARAM_Emphasis_Numerical=0;CPXPARAM_Feasopt_Mode=0;CPXPARAM_LPMethod=0;CPXPARAM_MIP_Cuts_Cliques=3;CPXPARAM_MIP_Cuts_Covers=2;CPXPARAM_MIP_Cuts_Disjunctive=0;CPXPARAM_MIP_Cuts_FlowCovers=-1;CPXPARAM_MIP_Cuts_GUBCovers=1;CPXPARAM_MIP_Cuts_Gomory=0;CPXPARAM_MIP_Cuts_Implied=1;CPXPARAM_MIP_Cuts_MIRCut=2;CPXPARAM_MIP_Cuts_PathCut=0;CPXPARAM_MIP_Limits_AggForCut=3;CPXPARAM_MIP_Limits_CutPasses=0;CPXPARAM_MIP_Limits_CutsFactor=-1;CPXPARAM_MIP_Limits_GomoryCand=100;CPXPARAM_MIP_Limits_GomoryPass=0;CPXPARAM_MIP_Limits_Nodes=9223372036800000000;CPXPARAM_MIP_Limits_ProbeTime=1e+75;CPXPARAM_MIP_Limits_RepairTries=0;CPXPARAM_MIP_Limits_StrongCand=10;CPXPARAM_MIP_Limits_StrongIt=0;CPXPARAM_MIP_OrderType=0;CPXPARAM_MIP_Strategy_BBInterval=7;CPXPARAM_MIP_Strategy_Branch=0;CPXPARAM_MIP_Strategy_Dive=0;CPXPARAM_MIP_Strategy_File=1;CPXPARAM_MIP_Strategy_HeuristicFreq=0;CPXPARAM_MIP_Strategy_LBHeur=0;CPXPARAM_MIP_Strategy_NodeSelect=3;CPXPARAM_MIP_Strategy_Order=1;CPXPARAM_MIP_Strategy_PresolveNode=1;CPXPARAM_MIP_Strategy_Probe=-1;CPXPARAM_MIP_Strategy_RINSHeur=0;CPXPARAM_MIP_Strategy_StartAlgorithm=0;CPXPARAM_MIP_Strategy_SubAlgorithm=0;CPXPARAM_MIP_Strategy_VariableSelect=1;CPXPARAM_Network_NetFind=2;CPXPARAM_Network_Pricing=0;CPXPARAM_Parallel=1;CPXPARAM_Preprocessing_Aggregator=-1;CPXPARAM_Preprocessing_BoundStrength=-1;CPXPARAM_Preprocessing_CoeffReduce=-1;CPXPARAM_Preprocessing_Dependency=-1;CPXPARAM_Preprocessing_Dual=0;CPXPARAM_Preprocessing_Fill=10;CPXPARAM_Preprocessing_NumPass=-1;CPXPARAM_Preprocessing_Presolve=1;CPXPARAM_Preprocessing_QPMakePSD=1;CPXPARAM_Preprocessing_Reduce=3;CPXPARAM_Preprocessing_Relax=-1;CPXPARAM_Preprocessing_RepeatPresolve=-1;CPXPARAM_Preprocessing_Symmetry=-1;CPXPARAM_Read_Scale=0;CPXPARAM_Sifting_Algorithm=0;CPXPARAM_Simplex_Crash=1;CPXPARAM_Simplex_DGradient=0;CPXPARAM_Simplex_Limits_Perturbation=0;CPXPARAM_Simplex_Limits_Singularity=10;CPXPARAM_Simplex_PGradient=0;CPXPARAM_Simplex_Pricing=0;CPXPARAM_Simplex_Refactor=0
4614446224110661830,0,CPXPARAM_Advance=1;CPXPARAM_Barrier_Algorithm=0;CPXPARAM_Barrier_ColNonzeros=0;CPXPARAM_Barrier_Crossover=0;CPXPARAM_Barrier_Limits_Corrections=-1;CPXPARAM_Barrier_Ordering=0;CPXPARAM_Barrier_StartAlg=1;CPXPARAM_Emphasis_MIP=0;CPXPARAM_Emphasis_Memory=0;CPXPARAM_Emphasis_Numerical=0;CPXPARAM_Feasopt_Mode=0;CPXPARAM_LPMethod=0;CPXPARAM_MIP_Cuts_Cliques=3;CPXPARAM_MIP_Cuts_Covers=-1;CPXPARAM_MIP_Cuts_Disjunctive=0;CPXPARAM_MIP_Cuts_FlowCovers=-1;CPXPARAM_MIP_Cuts_GUBCovers=1;CPXPARAM_MIP_Cuts_Gomory=2;CPXPARAM_MIP_Cuts_Implied=-1;CPXPARAM_MIP_Cuts_MIRCut=1;CPXPARAM_MIP_Cuts_PathCut=-1;CPXPARAM_MIP_Limits_AggForCut=5;CPXPARAM_MIP_Limits_CutPasses=0;CPXPARAM_MIP_Limits_CutsFactor=-1;CPXPARAM_MIP_Limits_GomoryCand=200;CPXPARAM_MIP_Limits_GomoryPass=0;CPXPARAM_MIP_Limits_Nodes=9223372036800000000;CPXPARAM_MIP_Limits_ProbeTime=1e+75;CPXPARAM_MIP_Limits_RepairTries=0;CPXPARAM_MIP_Limits_StrongCand=10;CPXPARAM_MIP_Limits_StrongIt=0;CPXPARAM_MIP_OrderType=3;CPXPARAM_MIP_Strategy_BBInterval=7;CPXPARAM_MIP_Strategy_Branch=-1;CPXPARAM_MIP_Strategy_Dive=0;CPXPARAM_MIP_Strategy_File=1;CPXPARAM_MIP_Strategy_HeuristicFreq=0;CPXPARAM_MIP_Strategy_LBHeur=0;CPXPARAM_MIP_Strategy_NodeSelect=3;CPXPARAM_MIP_Strategy_Order=1;CPXPARAM_MIP_Strategy_PresolveNode=-1;CPXPARAM_MIP_Strategy_Probe=0;CPXPARAM_MIP_Strategy_RINSHeur=0;CPXPARAM_MIP_Strategy_StartAlgorithm=0;CPXPARAM_MIP_Strategy_SubAlgorithm=0;CPXPARAM_MIP_Strategy_VariableSelect=0;CPXPARAM_Network_NetFind=2;CPXPARAM_Network_Pricing=0;CPXPARAM_Parallel=1;CPXPARAM_Preprocessing_Aggregator=-1;CPXPARAM_Preprocessing_BoundStrength=-1;CPXPARAM_Preprocessing_CoeffReduce=-1;CPXPARAM_Preprocessing_Dependency=-1;CPXPARAM_Preprocessing_Dual=0;CPXPARAM_Preprocessing_Fill=10;CPXPARAM_Preprocessing_NumPass=-1;CPXPARAM_Preprocessing_Presolve=1;CPXPARAM_Preprocessing_QPMakePSD=1;CPXPARAM_Preprocessing_Reduce=2;CPXPARAM_Preprocessing_Relax=-1;CPXPARAM_Preprocessing_RepeatPresolve=-1;CPXPARAM_Preprocessing_Symmetry=-1;CPXPARAM_Read_Scale=0;CPXPARAM_Sifting_Algorithm=0;CPXPARAM_Simplex_Crash=1;CPXPARAM_Simplex_DGradient=0;CPXPARAM_Simplex_Limits_Perturbation=0;CPXPARAM_Simplex_Limits_Singularity=10;CPXPARAM_Simplex_PGradient=0;CPXPARAM_Simplex_Pricing=0;CPXPARAM_Simplex_Refactor=0
72887089286833215,0,CPXPARAM_Advance=1;CPXPARAM_Barrier_Algorithm=0;CPXPARAM_Barrier_ColNonzeros=0;CPXPARAM_Barrier_Crossover=0;CPXPARAM_Barrier_Limits_Corrections=-1;CPXPARAM_Barrier_Ordering=0;CPXPARAM_Barrier_StartAlg=1;CPXPARAM_Emphasis_MIP=0;CPXPARAM_Emphasis_Memory=0;CPXPARAM_Emphasis_Numerical=0;CPXPARAM_Feasopt_Mode=0;CPXPARAM_LPMethod=0;CPXPARAM_MIP_Cuts_Cliques=3;CPXPARAM_MIP_Cuts_Covers=3;CPXPARAM_MIP_Cuts_Disjunctive=-1;CPXPARAM_MIP_Cuts_FlowCovers=1;CPXPARAM_MIP_Cuts_GUBCovers=1;CPXPARAM_MIP_Cuts_Gomory=0;CPXPARAM_MIP_Cuts_Implied=-1;CPXPARAM_MIP_Cuts_MIRCut=-1;CPXPARAM_MIP_Cuts_PathCut=0;CPXPARAM_MIP_Limits_AggForCut=2;CPXPARAM_MIP_Limits_CutPasses=0;CPXPARAM_MIP_Limits_CutsFactor=-1;CPXPARAM_MIP_Limits_GomoryCand=800;CPXPARAM_MIP_Limits_GomoryPass=0;CPXPARAM_MIP_Limits_Nodes=9223372036800000000;CPXPARAM_MIP_Limits_ProbeTime=1e+75;CPXPARAM_MIP_Limits_RepairTries=0;CPXPARAM_MIP_Limits_StrongCand=10;CPXPARAM_MIP_Limits_StrongIt=0;CPXPARAM_MIP_OrderType=3;CPXPARAM_MIP_Strategy_BBInterval=7;CPXPARAM_MIP_Strategy_Branch=0;CPXPARAM_MIP_Strategy_Dive=0;CPXPARAM_MIP_Strategy_File=1;CPXPARAM_MIP_Strategy_HeuristicFreq=0;CPXPARAM_MIP_Strategy_LBHeur=0;CPXPARAM_MIP_Strategy_NodeSelect=0;CPXPARAM_MIP_Strategy_Order=1;CPXPARAM_MIP_Strategy_PresolveNode=3;CPXPARAM_MIP_Strategy_Probe=1;CPXPARAM_MIP_Strategy_RINSHeur=0;CPXPARAM_MIP_Strategy_StartAlgorithm=0;CPXPARAM_MIP_Strategy_SubAlgorithm=1;CPXPARAM_MIP_Strategy_VariableSelect=2;CPXPARAM_Network_NetFind=2;CPXPARAM_Network_Pricing=0;CPXPARAM_Parallel=1;CPXPARAM_Preprocessing_Aggregator=-1;CPXPARAM_Preprocessing_BoundStrength=-1;CPXPARAM_Preprocessing_CoeffReduce=-1;CPXPARAM_Preprocessing_Dependency=-1;CPXPARAM_Preprocessing_Dual=0;CPXPARAM_Preprocessing_Fill=5;CPXPARAM_Preprocessing_NumPass=-1;CPXPARAM_Preprocessing_Presolve=1;CPXPARAM_Preprocessing_QPMakePSD=1;CPXPARAM_Preprocessing_Reduce=3;CPXPARAM_Preprocessing_Relax=-1;CPXPARAM_Preprocessing_RepeatPresolve=-1;CPXPARAM_Preprocessing_Symmetry=-1;CPXPARAM_Read_Scale=0;CPXPARAM_Sifting_Algorithm=0;CPXPARAM_Simplex_Crash=1;CPXPARAM_Simplex_DGradient=0;CPXPARAM_Simplex_Limits_Perturbation=0;CPXPARAM_Simplex_Limits_Singularity=10;CPXPARAM_Simplex_PGradient=0;CPXPARAM_Simplex_Pricing=0;CPXPARAM_Simplex_Refactor=0
13236616914915664992,0,CPXPARAM_Advance=1;CPXPARAM_Barrier_Algorithm=0;CPXPARAM_Barrier_ColNonzeros=0;CPXPARAM_Barrier_Crossover=0;CPXPARAM_Barrier_Limits_Corrections=-1;CPXPARAM_Barrier_Ordering=0;CPXPARAM_Barrier_StartAlg=1;CPXPARAM_Emphasis_MIP=0;CPXPARAM_Emphasis_Memory=0;CPXPARAM_Emphasis_Numerical=0;CPXPARAM_Feasopt_Mode=0;CPXPARAM_LPMethod=0;CPXPARAM_MIP_Cuts_Cliques=3;CPXPARAM_MIP_Cuts_Covers=2;CPXPARAM_MIP_Cuts_Disjunctive=1;CPXPARAM_MIP_Cuts_FlowCovers=-1;CPXPARAM_MIP_Cuts_GUBCovers=1;CPXPARAM_MIP_Cuts_Gomory=0;CPXPARAM_MIP_Cuts_Implied=1;CPXPARAM_MIP_Cuts_MIRCut=2;CPXPARAM_MIP_Cuts_PathCut=0;CPXPARAM_MIP_Limits_AggForCut=3;CPXPARAM_MIP_Limits_CutPasses=0;CPXPARAM_MIP_Limits_CutsFactor=-1;CPXPARAM_MIP_Limits_GomoryCand=10;CPXPARAM_MIP_Limits_GomoryPass=0;CPXPARAM_MIP_Limits_Nodes=9223372036800000000;CPXPARAM_MIP_Limits_ProbeTime=1e+75;CPXPARAM_MIP_Limits_RepairTries=0;CPXPARAM_MIP_Limits_StrongCand=10;CPXPARAM_MIP_Limits_StrongIt=0;CPXPARAM_MIP_OrderType=0;CPXPARAM_MIP_Strategy_BBInterval=7;CPXPARAM_MIP_Strategy_Branch=0;CPXPARAM_MIP_Strategy_Dive=0;CPXPARAM_MIP_Strategy_File=1;CPXPARAM_MIP_Strategy_HeuristicFreq=0;CPXPARAM_MIP_Strategy_LBHeur=0;CPXPARAM_MIP_Strategy_NodeSelect=3;CPXPARAM_MIP_Strategy_Order=1;CPXPARAM_MIP_Strategy_PresolveNode=1;CPXPARAM_MIP_Strategy_Probe=1;CPXPARAM_MIP_Strategy_RINSHeur=0;CPXPARAM_MIP_Strategy_StartAlgorithm=0;CPXPARAM_MIP_Strategy_SubAlgorithm=0;CPXPARAM_MIP_Strategy_VariableSelect=3;CPXPARAM_Network_NetFind=2;CPXPARAM_Network_Pricing=0;CPXPARAM_Parallel=1;CPXPARAM_Preprocessing_Aggregator=-1;CPXPARAM_Preprocessing_BoundStrength=-1;CPXPARAM_Preprocessing_CoeffReduce=-1;CPXPARAM_Preprocessing_Dependency=-1;CPXPARAM_Preprocessing_Dual=0;CPXPARAM_Preprocessing_Fill=10;CPXPARAM_Preprocessing_NumPass=-1;CPXPARAM_Preprocessing_Presolve=1;CPXPARAM_Preprocessing_QPMakePSD=1;CPXPARAM_Preprocessing_Reduce=3;CPXPARAM_Preprocessing_Relax=-1;CPXPARAM_Preprocessing_RepeatPresolve=-1;CPXPARAM_Preprocessing_Symmetry=-1;CPXPARAM_Read_Scale=0;CPXPARAM_Sifting_Algorithm=0;CPXPARAM_Simplex_Crash=1;CPXPARAM_Simplex_DGradient=0;CPXPARAM_Simplex_Limits_Perturbation=0;CPXPARAM_Simplex_Limits_Singularity=10;CPXPARAM_Simplex_PGradient=0;CPXPARAM_Simplex_Pricing=0;CPXPARAM_Simplex_Refactor=0
8703352792379622106,0,CPXPARAM_Advance=1;CPXPARAM_Barrier_Algorithm=0;CPXPARAM_Barrier_ColNonzeros=0;CPXPARAM_Barrier_Crossover=0;CPXPARAM_Barrier_Limits_Corrections=-1;CPXPARAM_Barrier_Ordering=0;CPXPARAM_Barrier_StartAlg=1;CPXPARAM_Emphasis_MIP=5;CPXPARAM_Emphasis_Memory=0;CPXPARAM_Emphasis_Numerical=0;CPXPARAM_Feasopt_Mode=0;CPXPARAM_LPMethod=0;CPXPARAM_MIP_Cuts_Cliques=2;CPXPARAM_MIP_Cuts_Covers=-1;CPXPARAM_MIP_Cuts_Disjunctive=0;CPXPARAM_MIP_Cuts_FlowCovers=-1;CPXPARAM_MIP_Cuts_GUBCovers=-1;CPXPARAM_MIP_Cuts_Gomory=-1;CPXPARAM_MIP_Cuts_Implied=-1;CPXPARAM_MIP_Cuts_MIRCut=2;CPXPARAM_MIP_Cuts_PathCut=1;CPXPARAM_MIP_Limits_AggForCut=3;CPXPARAM_MIP_Limits_CutPasses=0;CPXPARAM_MIP_Limits_CutsFactor=-1;CPXPARAM_MIP_Limits_GomoryCand=50;CPXPARAM_MIP_Limits_GomoryPass=0;CPXPARAM_MIP_Limits_Nodes=9223372036800000000;CPXPARAM_MIP_Limits_ProbeTime=1e+75;CPXPARAM_MIP_Limits_RepairTries=0;CPXPARAM_MIP_Limits_StrongCand=10;CPXPARAM_MIP_Limits_StrongIt=0;CPXPARAM_MIP_OrderType=0;CPXPARAM_MIP_Strategy_BBInterval=7;CPXPARAM_MIP_Strategy_Branch=0;CPXPARAM_MIP_Strategy_Dive=0;CPXPARAM_MIP_Strategy_File=1;CPXPARAM_MIP_Strategy_HeuristicFreq=0;CPXPARAM_MIP_Strategy_LBHeur=0;CPXPARAM_MIP_Strategy_NodeSelect=1;CPXPARAM_MIP_Strategy_Order=1;CPXPARAM_MIP_Strategy_PresolveNode=0;CPXPARAM_MIP_Strategy_Probe=0;CPXPARAM_MIP_Strategy_RINSHeur=0;CPXPARAM_MIP_Strategy_StartAlgorithm=0;CPXPARAM_MIP_Strategy_SubAlgorithm=0;CPXPARAM_MIP_Strategy_VariableSelect=1;CPXPARAM_Network_NetFind=2;CPXPARAM_Network_Pricing=0;CPXPARAM_Parallel=1;CPXPARAM_Preprocessing_Aggregator=-1;CPXPARAM_Preprocessing_BoundStrength=-1;CPXPARAM_Preprocessing_CoeffReduce=-1;CPXPARAM_Preprocessing_Dependency=-1;CPXPARAM_Preprocessing_Dual=0;CPXPARAM_Preprocessing_Fill=10;CPXPARAM_Preprocessing_NumPass=-1;CPXPARAM_Preprocessing_Presolve=1;CPXPARAM_Preprocessing_QPMakePSD=1;CPXPARAM_Preprocessing_Reduce=3;CPXPARAM_Preprocessing_Relax=-1;CPXPARAM_Preprocessing_RepeatPresolve=-1;CPXPARAM_Preprocessing_Symmetry=-1;CPXPARAM_Read_Scale=0;CPXPARAM_Sifting_Algorithm=0;CPXPARAM_Simplex_Crash=1;CPXPARAM_Simplex_DGradient=0;CPXPARAM_Simplex_Limits_Perturbation=0;CPXPARAM_Simplex_Limits_Singularity=10;CPXPARAM_Simplex_PGradient=0;CPXPARAM_Simplex_Pricing=0;CPXPARAM_Simplex_Refactor=0
5524577231595684301,0,CPXPARAM_Advance=1;CPXPARAM_Barrier_Algorithm=0;CPXPARAM_Barrier_ColNonzeros=0;CPXPARAM_Barrier_Crossover=0;CPXPARAM_Barrier_Limits_Corrections=-1;CPXPARAM_Barrier_Ordering=0;CPXPARAM_Barrier_StartAlg=1;CPXPARAM_Emphasis_MIP=5;CPXPARAM_Emphasis_Memory=0;CPXPARAM_Emphasis_Numerical=0;CPXPARAM_Feasopt_Mode=0;CPXPARAM_LPMethod=0;CPXPARAM_MIP_Cuts_Cliques=2;CPXPARAM_MIP_Cuts_Covers=-1;CPXPARAM_MIP_Cuts_Disjunctive=0;CPXPARAM_MIP_Cuts_FlowCovers=-1;CPXPARAM_MIP_Cuts_GUBCovers=-1;CPXPARAM_MIP_Cuts_Gomory=-1;CPXPARAM_MIP_Cuts_Implied=1;CPXPARAM_MIP_Cuts_MIRCut=2;CPXPARAM_MIP_Cuts_PathCut=2;CPXPARAM_MIP_Limits_AggForCut=3;CPXPARAM_MIP_Limits_CutPasses=0;CPXPARAM_MIP_Limits_CutsFactor=-1;CPXPARAM_MIP_Limits_GomoryCand=50;CPXPARAM_MIP_Limits_GomoryPass=0;CPXPARAM_MIP_Limits_Nodes=9223372036800000000;CPXPARAM_MIP_Limits_ProbeTime=1e+75;CPXPARAM_MIP_Limits_RepairTries=0;CPXPARAM_MIP_Limits_StrongCand=10;CPXPARAM_MIP_Limits_StrongIt=0;CPXPARAM_MIP_OrderType=0;CPXPARAM_MIP_Strategy_BBInterval=7;CPXPARAM_MIP_Strategy_Branch=0;CPXPARAM_MIP_Strategy_Dive=0;CPXPARAM_MIP_Strategy_File=1;CPXPARAM_MIP_Strategy_HeuristicFreq=0;CPXPARAM_MIP_Strategy_LBHeur=0;CPXPARAM_MIP_Strategy_NodeSelect=1;CPXPARAM_MIP_Strategy_Order=1;CPXPARAM_MIP_Strategy_PresolveNode=0;CPXPARAM_MIP_Strategy_Probe=0;CPXPARAM_MIP_Strategy_RINSHeur=0;CPXPARAM_MIP_Strategy_StartAlgorithm=0;CPXPARAM_MIP_Strategy_SubAlgorithm=0;CPXPARAM_MIP_Strategy_VariableSelect=1;CPXPARAM_Network_NetFind=2;CPXPARAM_Network_Pricing=0;CPXPARAM_Parallel=1;CPXPARAM_Preprocessing_Aggregator=-1;CPXPARAM_Preprocessing_BoundStrength=-1;CPXPARAM_Preprocessing_CoeffReduce=-1;CPXPARAM_Preprocessing_Dependency=-1;CPXPARAM_Preprocessing_Dual=0;CPXPARAM_Preprocessing_Fill=10;CPXPARAM_Preprocessing_NumPass=-1;CPXPARAM_Preprocessing_Presolve=1;CPXPARAM_Preprocessing_QPMakePSD=1;CPXPARAM_Preprocessing_Reduce=3;CPXPARAM_Preprocessing_Relax=-1;CPXPARAM_Preprocessing_RepeatPresolve=-1;CPXPARAM_Preprocessing_Symmetry=-1;CPXPARAM_Read_Scale=0;CPXPARAM_Sifting_Algorithm=0;CPXPARAM_Simplex_Crash=1;CPXPARAM_Simplex_DGradient=0;CPXPARAM_Simplex_Limits_Perturbation=0;CPXPARAM_Simplex_Limits_Singularity=10;CPXPARAM_Simplex_PGradient=0;CPXPARAM_Simplex_Pricing=0;CPXPARAM_Simplex_Refactor=0
14062567602293496063,0,CPXPARAM_Advance=1;CPXPARAM_Barrier_Algorithm=0;CPXPARAM_Barrier_ColNonzeros=0;CPXPARAM_Barrier_Crossover=0;CPXPARAM_Barrier_Limits_Corrections=-1;CPXPARAM_Barrier_Ordering=0;CPXPARAM_Barrier_StartAlg=1;CPXPARAM_Emphasis_MIP=5;CPXPARAM_Emphasis_Memory=0;CPXPARAM_Emphasis_Numerical=0;CPXPARAM_Feasopt_Mode=0;CPXPARAM_LPMethod=0;CPXPARAM_MIP_Cuts_Cliques=2;CPXPARAM_MIP_Cuts_Covers=-1;CPXPARAM_MIP_Cuts_Disjunctive=0;CPXPARAM_MIP_Cuts_FlowCovers=-1;CPXPARAM_MIP_Cuts_GUBCovers=-1;CPXPARAM_MIP_Cuts_Gomory=-1;CPXPARAM_MIP_Cuts_Implied=-1;CPXPARAM_MIP_Cuts_MIRCut=2;CPXPARAM_MIP_Cuts_PathCut=-1;CPXPARAM_MIP_Limits_AggForCut=3;CPXPARAM_MIP_Limits_CutPasses=0;CPXPARAM_MIP_Limits_CutsFactor=-1;CPXPARAM_MIP_Limits_GomoryCand=50;CPXPARAM_MIP_Limits_GomoryPass=0;CPXPARAM_MIP_Limits_Nodes=9223372036800000000;CPXPARAM_MIP_Limits_ProbeTime=1e+75;CPXPARAM_MIP_Limits_RepairTries=0;CPXPARAM_MIP_Limits_StrongCand=10;CPXPARAM_MIP_Limits_StrongIt=0;CPXPARAM_MIP_OrderType=0;CPXPARAM_MIP_Strategy_BBInterval=7;CPXPARAM_MIP_Strategy_Branch=0;CPXPARAM_MIP_Strategy_Dive=0;CPXPARAM_MIP_Strategy_File=1;CPXPARAM_MIP_Strategy_HeuristicFreq=0;CPXPARAM_MIP_Strategy_LBHeur=0;CPXPARAM_MIP_Strategy_NodeSelect=1;CPXPARAM_MIP_Strategy_Order=1;CPXPARAM_MIP_Strategy_PresolveNode=0;CPXPARAM_MIP_Strategy_Probe=0;CPXPARAM_MIP_Strategy_RINSHeur=0;CPXPARAM_MIP_Strategy_StartAlgorithm=0;CPXPARAM_MIP_Strategy_SubAlgorithm=0;CPXPARAM_MIP_Strategy_VariableSelect=1;CPXPARAM_Network_NetFind=2;CPXPARAM_Network_Pricing=0;CPXPARAM_Parallel=1;CPXPARAM_Preprocessing_Aggregator=-1;CPXPARAM_Preprocessing_BoundStrength=-1;CPXPARAM_Preprocessing_CoeffReduce=-1;CPXPARAM_Preprocessing_Dependency=-1;CPXPARAM_Preprocessing_Dual=0;CPXPARAM_Preprocessing_Fill=10;CPXPARAM_Preprocessing_NumPass=-1;CPXPARAM_Preprocessing_Presolve=1;CPXPARAM_Preprocessing_QPMakePSD=1;CPXPARAM_Preprocessing_Reduce=3;CPXPARAM_Preprocessing_Relax=-1;CPXPARAM_Preprocessing_RepeatPresolve=-1;CPXPARAM_Preprocessing_Symmetry=-1;CPXPARAM_Read_Scale=0;CPXPARAM_Sifting_Algorithm=0;CPXPARAM_Simplex_Crash=1;CPXPARAM_Simplex_DGradient=0;CPXPARAM_Simplex_Limits_Perturbation=0;CPXPARAM_Simplex_Limits_Singularity=10;CPXPARAM_Simplex_PGradient=0;CPXPARAM_Simplex_Pricing=0;CPXPARAM_Simplex_Refactor=0
10263492530446931080,0,CPXPARAM_Advance=1;CPXPARAM_Barrier_Algorithm=0;CPXPARAM_Barrier_ColNonzeros=0;CPXPARAM_Barrier_Crossover=0;CPXPARAM_Barrier_Limits_Corrections=-1;CPXPARAM_Barrier_Ordering=0;CPXPARAM_Barrier_StartAlg=1;CPXPARAM_Emphasis_MIP=5;CPXPARAM_Emphasis_Memory=0;CPXPARAM_Emphasis_Numerical=0;CPXPARAM_Feasopt_Mode=0;CPXPARAM_LPMethod=0;CPXPARAM_MIP_Cuts_Cliques=2;CPXPARAM_MIP_Cuts_Covers=-1;CPXPARAM_MIP_Cuts_Disjunctive=0;CPXPARAM_MIP_Cuts_FlowCovers=-1;CPXPARAM_MIP_Cuts_GUBCovers=-1;CPXPARAM_MIP_Cuts_Gomory=-1;CPXPARAM_MIP_Cuts_Implied=0;CPXPARAM_MIP_Cuts_MIRCut=2;CPXPARAM_MIP_Cuts_PathCut=2;CPXPARAM_MIP_Limits_AggForCut=3;CPXPARAM_MIP_Limits_CutPasses=0;CPXPARAM_MIP_Limits_CutsFactor=-1;CPXPARAM_MIP_Limits_GomoryCand=50;CPXPARAM_MIP_Limits_GomoryPass=0;CPXPARAM_MIP_Limits_Nodes=9223372036800000000;CPXPARAM_MIP_Limits_ProbeTime=1e+75;CPXPARAM_MIP_Limits_RepairTries=0;CPXPARAM_MIP_Limits_StrongCand=10;CPXPARAM_MIP_Limits_StrongIt=0;CPXPARAM_MIP_OrderType=0;CPXPARAM_MIP_Strategy_BBInterval=7;CPXPARAM_MIP_Strategy_Branch=0;CPXPARAM_MIP_Strategy_Dive=0;CPXPARAM_MIP_Strategy_File=1;CPXPARAM_MIP_Strategy_HeuristicFreq=0;CPXPARAM_MIP_Strategy_LBHeur=0;CPXPARAM_MIP_Strategy_NodeSelect=1;CPXPARAM_MIP_Strategy_Order=1;CPXPARAM_MIP_Strategy_PresolveNode=0;CPXPARAM_MIP_Strategy_Probe=-1;CPXPARAM_MIP_Strategy_RINSHeur=0;CPXPARAM_MIP_Strategy_StartAlgorithm=0;CPXPARAM_MIP_Strategy_SubAlgorithm=0;CPXPARAM_MIP_Strategy_VariableSelect=4;CPXPARAM_Network_NetFind=2;CPXPARAM_Network_Pricing=0;CPXPARAM_Parallel=1;CPXPARAM_Preprocessing_Aggregator=-1;CPXPARAM_Preprocessing_BoundStrength=-1;CPXPARAM_Preprocessing_CoeffReduce=-1;CPXPARAM_Preprocessing_Dependency=-1;CPXPARAM_Preprocessing_Dual=0;CPXPARAM_Preprocessing_Fill=10;CPXPARAM_Preprocessing_NumPass=-1;CPXPARAM_Preprocessing_Presolve=1;CPXPARAM_Preprocessing_QPMakePSD=1;CPXPARAM_Preprocessing_Reduce=3;CPXPARAM_Preprocessing_Relax=-1;CPXPARAM_Preprocessing_RepeatPresolve=-1;CPXPARAM_Preprocessing_Symmetry=-1;CPXPARAM_Read_Scale=0;CPXPARAM_Sifting_Algorithm=0;CPXPARAM_Simplex_Crash=1;CPXPARAM_Simplex_DGradient=0;CPXPARAM_Simplex_Limits_Perturbation=0;CPXPARAM_Simplex_Limits_Singularity=10;CPXPARAM_Simplex_PGradient=0;CPXPARAM_Simplex_Pricing=0;CPXPARAM_Simplex_Refactor=0
8663112241919838715,0,CPXPARAM_Advance=1;CPXPARAM_Barrier_Algorithm=0;CPXPARAM_Barrier_ColNonzeros=0;CPXPARAM_Barrier_Crossover=0;CPXPARAM_Barrier_Limits_Corrections=-1;CPXPARAM_Barrier_Ordering=0;CPXPARAM_Barrier_StartAlg=1;CPXPARAM_Emphasis_MIP=5;CPXPARAM_Emphasis_Memory=0;CPXPARAM_Emphasis_Numerical=0;CPXPARAM_Feasopt_Mode=0;CPXPARAM_LPMethod=0;CPXPARAM_MIP_Cuts_Cliques=3;CPXPARAM_MIP_Cuts_Covers=0;CPXPARAM_MIP_Cuts_Disjunctive=1;CPXPARAM_MIP_Cuts_FlowCovers=0;CPXPARAM_MIP_Cuts_GUBCovers=0;CPXPARAM_MIP_Cuts_Gomory=-1;CPXPARAM_MIP_Cuts_Implied=1;CPXPARAM_MIP_Cuts_MIRCut=-1;CPXPARAM_MIP_Cuts_PathCut=1;CPXPARAM_MIP_Limits_AggForCut=5;CPXPARAM_MIP_Limits_CutPasses=0;CPXPARAM_MIP_Limits_CutsFactor=-1;CPXPARAM_MIP_Limits_GomoryCand=400;CPXPARAM_MIP_Limits_GomoryPass=0;CPXPARAM_MIP_Limits_Nodes=9223372036800000000;CPXPARAM_MIP_Limits_ProbeTime=1e+75;CPXPARAM_MIP_Limits_RepairTries=0;CPXPARAM_MIP_Limits_StrongCand=10;CPXPARAM_MIP_Limits_StrongIt=0;CPXPARAM_MIP_OrderType=3;CPXPARAM_MIP_Strategy_BBInterval=7;CPXPARAM_MIP_Strategy_Branch=0;CPXPARAM_MIP_Strategy_Dive=0;CPXPARAM_MIP_Strategy_File=1;CPXPARAM_MIP_Strategy_HeuristicFreq=0;CPXPARAM_MIP_Strategy_LBHeur=0;CPXPARAM_MIP_Strategy_NodeSelect=0;CPXPARAM_MIP_Strategy_Order=1;CPXPARAM_MIP_Strategy_PresolveNode=-1;CPXPARAM_MIP_Strategy_Probe=2;CPXPARAM_MIP_Strategy_RINSHeur=0;CPXPARAM_MIP_Strategy_StartAlgorithm=0;CPXPARAM_MIP_Strategy_SubAlgorithm=5;CPXPARAM_MIP_Strategy_VariableSelect=4;CPXPARAM_Network_NetFind=2;CPXPARAM_Network_Pricing=0;CPXPARAM_Parallel=1;CPXPARAM_Preprocessing_Aggregator=-1;CPXPARAM_Preprocessing_BoundStrength=-1;CPXPARAM_Preprocessing_CoeffReduce=-1;CPXPARAM_Preprocessing_Dependency=-1;CPXPARAM_Preprocessing_Dual=0;CPXPARAM_Preprocessing_Fill=20;CPXPARAM_Preprocessing_NumPass=-1;CPXPARAM_Preprocessing_Presolve=1;CPXPARAM_Preprocessing_QPMakePSD=1;CPXPARAM_Preprocessing_Reduce=1;CPXPARAM_Preprocessing_Relax=-1;CPXPARAM_Preprocessing_RepeatPresolve=-1;CPXPARAM_Preprocessing_Symmetry=-1;CPXPARAM_Read_Scale=0;CPXPARAM_Sifting_Algorithm=0;CPXPARAM_Simplex_Crash=1;CPXPARAM_Simplex_DGradient=0;CPXPARAM_Simplex_Limits_Perturbation=0;CPXPARAM_Simplex_Limits_Singularity=10;CPXPARAM_Simplex_PGradient=0;CPXPARAM_Simplex_Pricing=0;CPXPARAM_Simplex_Refactor=0
18322215919920019364,0,CPXPARAM_Advance=1;CPXPARAM_Barrier_Algorithm=0;CPXPARAM_Barrier_ColNonzeros=0;CPXPARAM_Barrier_Crossover=0;CPXPARAM_Barrier_Limits_Corrections=-1;CPXPARAM_Barrier_Ordering=0;CPXPARAM_Barrier_StartAlg=1;CPXPARAM_Emphasis_MIP=3;CPXPARAM_Emphasis_Memory=0;CPXPARAM_Emphasis_Numerical=0;CPXPARAM_Feasopt_Mode=0;CPXPARAM_LPMethod=0;CPXPARAM_MIP_Cuts_Cliques=2;CPXPARAM_MIP_Cuts_Covers=3;CPXPARAM_MIP_Cuts_Disjunctive=-1;CPXPARAM_MIP_Cuts_FlowCovers=-1;CPXPARAM_MIP_Cuts_GUBCovers=2;CPXPARAM_MIP_Cuts_Gomory=1;CPXPARAM_MIP_Cuts_Implied=2;CPXPARAM_MIP_Cuts_MIRCut=2;CPXPARAM_MIP_Cuts_PathCut=1;CPXPARAM_MIP_Limits_AggForCut=10;CPXPARAM_MIP_Limits_CutPasses=0;CPXPARAM_MIP_Limits_CutsFactor=-1;CPXPARAM_MIP_Limits_GomoryCand=25;CPXPARAM_MIP_Limits_GomoryPass=0;CPXPARAM_MIP_Limits_Nodes=9223372036800000000;CPXPARAM_MIP_Limits_ProbeTime=1e+75;CPXPARAM_MIP_Limits_RepairTries=0;CPXPARAM_MIP_Limits_StrongCand=10;CPXPARAM_MIP_Limits_StrongIt=0;CPXPARAM_MIP_OrderType=0;CPXPARAM_MIP_Strategy_BBInterval=7;CPXPARAM_MIP_Strategy_Branch=-1;CPXPARAM_MIP_Strategy_Dive=0;CPXPARAM_MIP_Strategy_File=1;CPXPARAM_MIP_Strategy_HeuristicFreq=0;CPXPARAM_MIP_Strategy_LBHeur=0;CPXPARAM_MIP_Strategy_NodeSelect=2;CPXPARAM_MIP_Strategy_Order=1;CPXPARAM_MIP_Strategy_PresolveNode=-1;CPXPARAM_MIP_Strategy_Probe=1;CPXPARAM_MIP_Strategy_RINSHeur=0;CPXPARAM_MIP_Strategy_StartAlgorithm=0;CPXPARAM_MIP_Strategy_SubAlgorithm=1;CPXPARAM_MIP_Strategy_VariableSelect=1;CPXPARAM_Network_NetFind=2;CPXPARAM_Network_Pricing=0;CPXPARAM_Parallel=1;CPXPARAM_Preprocessing_Aggregator=-1;CPXPARAM_Preprocessing_BoundStrength=-1;CPXPARAM_Preprocessing_CoeffReduce=-1;CPXPARAM_Preprocessing_Dependency=-1;CPXPARAM_Preprocessing_Dual=0;CPXPARAM_Preprocessing_Fill=5;CPXPARAM_Preprocessing_NumPass=-1;CPXPARAM_Preprocessing_Presolve=1;CPXPARAM_Preprocessing_QPMakePSD=1;CPXPARAM_Preprocessing_Reduce=3;CPXPARAM_Preprocessing_Relax=-1;CPXPARAM_Preprocessing_RepeatPresolve=-1;CPXPARAM_Preprocessing_Symmetry=-1;CPXPARAM_Read_Scale=0;CPXPARAM_Sifting_Algorithm=0;CPXPARAM_Simplex_Crash=1;CPXPARAM_Simplex_DGradient=0;CPXPARAM_Simplex_Limits_Perturbation=0;CPXPARAM_Simplex_Limits_Singularity=10;CPXPARAM_Simplex_PGradient=0;CPXPARAM_Simplex_Pricing=0;CPXPARAM_Simplex_Refactor=0
489587101225734253,0,CPXPARAM_Advance=1;CPXPARAM_Barrier_Algorithm=0;CPXPARAM_Barrier_ColNonzeros=0;CPXPARAM_Barrier_Crossover=0;CPXPARAM_Barrier_Limits_Corrections=-1;CPXPARAM_Barrier_Ordering=0;CPXPARAM_Barrier_StartAlg=1;CPXPARAM_Emphasis_MIP=3;CPXPARAM_Emphasis_Memory=0;CPXPARAM_Emphasis_Numerical=0;CPXPARAM_Feasopt_Mode=0;CPXPARAM_LPMethod=0;CPXPARAM_MIP_Cuts_Cliques=2;CPXPARAM_MIP_Cuts_Covers=2;CPXPARAM_MIP_Cuts_Disjunctive=1;CPXPARAM_MIP_Cuts_FlowCovers=-1;CPXPARAM_MIP_Cuts_GUBCovers=-1;CPXPARAM_MIP_Cuts_Gomory=-1;CPXPARAM_MIP_Cuts_Implied=-1;CPXPARAM_MIP_Cuts_MIRCut=-1;CPXPARAM_MIP_Cuts_PathCut=2;CPXPARAM_MIP_Limits_AggForCut=3;CPXPARAM_MIP_Limits_CutPasses=0;CPXPARAM_MIP_Limits_CutsFactor=-1;CPXPARAM_MIP_Limits_GomoryCand=10;CPXPARAM_MIP_Limits_GomoryPass=0;CPXPARAM_MIP_Limits_Nodes=9223372036800000000;CPXPARAM_MIP_Limits_ProbeTime=1e+75;CPXPARAM_MIP_Limits_RepairTries=0;CPXPARAM_MIP_Limits_StrongCand=10;CPXPARAM_MIP_Limits_StrongIt=0;CPXPARAM_MIP_OrderType=0;CPXPARAM_MIP_Strategy_BBInterval=7;CPXPARAM_MIP_Strategy_Branch=1;CPXPARAM_MIP_Strategy_Dive=0;CPXPARAM_MIP_Strategy_File=1;CPXPARAM_MIP_Strategy_HeuristicFreq=0;CPXPARAM_MIP_Strategy_LBHeur=0;CPXPARAM_MIP_Strategy_NodeSelect=1;CPXPARAM_MIP_Strategy_Order=1;CPXPARAM_MIP_Strategy_PresolveNode=0;CPXPARAM_MIP_Strategy_Probe=-1;CPXPARAM_MIP_Strategy_RINSHeur=0;CPXPARAM_MIP_Strategy_StartAlgorithm=0;CPXPARAM_MIP_Strategy_SubAlgorithm=0;CPXPARAM_MIP_Strategy_VariableSelect=0;CPXPARAM_Network_NetFind=2;CPXPARAM_Network_Pricing=0;CPXPARAM_Parallel=1;CPXPARAM_Preprocessing_Aggregator=-1;CPXPARAM_Preprocessing_BoundStrength=-1;CPXPARAM_Preprocessing_CoeffReduce=-1;CPXPARAM_Preprocessing_Dependency=-1;CPXPARAM_Preprocessing_Dual=0;CPXPARAM_Preprocessing_Fill=10;CPXPARAM_Preprocessing_NumPass=-1;CPXPARAM_Preprocessing_Presolve=1;CPXPARAM_Preprocessing_QPMakePSD=1;CPXPARAM_Preprocessing_Reduce=3;CPXPARAM_Preprocessing_Relax=-1;CPXPARAM_Preprocessing_RepeatPresolve=-1;CPXPARAM_Preprocessing_Symmetry=-1;CPXPARAM_Read_Scale=0;CPXPARAM_Sifting_Algorithm=0;CPXPARAM_Simplex_Crash=1;CPXPARAM_Simplex_DGradient=0;CPXPARAM_Simplex_Limits_Perturbation=0;CPXPARAM_Simplex_Limits_Singularity=10;CPXPARAM_Simplex_PGradient=0;CPXPARAM_Simplex_Pricing=0;CPXPARAM_Simplex_Refactor=0
2924700261389581057,0,CPXPARAM_Advance=1;CPXPARAM_Barrier_Algorithm=0;CPXPARAM_Barrier_ColNonzeros=0;CPXPARAM_Barrier_Crossover=0;CPXPARAM_Barrier_Limits_Corrections=-1;CPXPARAM_Barrier_Ordering=0;CPXPARAM_Barrier_StartAlg=1;CPXPARAM_Emphasis_MIP=4;CPXPARAM_Emphasis_Memory=0;CPXPARAM_Emphasis_Numerical=0;CPXPARAM_Feasopt_Mode=0;CPXPARAM_LPMethod=0;CPXPARAM_MIP_Cuts_Cliques=0;CPXPARAM_MIP_Cuts_Covers=1;CPXPARAM_MIP_Cuts_Disjunctive=1;CPXPARAM_MIP_Cuts_FlowCovers=-1;CPXPARAM_MIP_Cuts_GUBCovers=2;CPXPARAM_MIP_Cuts_Gomory=0;CPXPARAM_MIP_Cuts_Implied=0;CPXPARAM_MIP_Cuts_MIRCut=2;CPXPARAM_MIP_Cuts_PathCut=1;CPXPARAM_MIP_Limits_AggForCut=3;CPXPARAM_MIP_Limits_CutPasses=0;CPXPARAM_MIP_Limits_CutsFactor=-1;CPXPARAM_MIP_Limits_GomoryCand=150;CPXPARAM_MIP_Limits_GomoryPass=0;CPXPARAM_MIP_Limits_Nodes=9223372036800000000;CPXPARAM_MIP_Limits_ProbeTime=1e+75;CPXPARAM_MIP_Limits_RepairTries=0;CPXPARAM_MIP_Limits_StrongCand=10;CPXPARAM_MIP_Limits_StrongIt=0;CPXPARAM_MIP_OrderType=0;CPXPARAM_MIP_Strategy_BBInterval=7;CPXPARAM_MIP_Strategy_Branch=0;CPXPARAM_MIP_Strategy_Dive=0;CPXPARAM_MIP_Strategy_File=1;CPXPARAM_MIP_Strategy_HeuristicFreq=0;CPXPARAM_MIP_Strategy_LBHeur=0;CPXPARAM_MIP_Strategy_NodeSelect=1;CPXPARAM_MIP_Strategy_Order=1;CPXPARAM_MIP_Strategy_PresolveNode=0;CPXPARAM_MIP_Strategy_Probe=0;CPXPARAM_MIP_Strategy_RINSHeur=0;CPXPARAM_MIP_Strategy_StartAlgorithm=0;CPXPARAM_MIP_Strategy_SubAlgorithm=0;CPXPARAM_MIP_Strategy_VariableSelect=0;CPXPARAM_Network_NetFind=2;CPXPARAM_Network_Pricing=0;CPXPARAM_Parallel=1;CPXPARAM_Preprocessing_Aggregator=-1;CPXPARAM_Preprocessing_BoundStrength=-1;CPXPARAM_Preprocessing_CoeffReduce=-1;CPXPARAM_Preprocessing_Dependency=-1;CPXPARAM_Preprocessing_Dual=0;CPXPARAM_Preprocessing_Fill=10;CPXPARAM_Preprocessing_NumPass=-1;CPXPARAM_Preprocessing_Presolve=1;CPXPARAM_Preprocessing_QPMakePSD=1;CPXPARAM_Preprocessing_Reduce=3;CPXPARAM_Preprocessing_Relax=-1;CPXPARAM_Preprocessing_RepeatPresolve=-1;CPXPARAM_Preprocessing_Symmetry=-1;CPXPARAM_Read_Scale=0;CPXPARAM_Sifting_Algorithm=0;CPXPARAM_Simplex_Crash=1;CPXPARAM_Simplex_DGradient=0;CPXPARAM_Simplex_Limits_Perturbation=0;CPXPARAM_Simplex_Limits_Singularity=10;CPXPARAM_Simplex_PGradient=0;CPXPARAM_Simplex_Pricing=0;CPXPARAM_Simplex_Refactor=0
6329972759079741807,0,CPXPARAM_Advance=1;CPXPARAM_Barrier_Algorithm=0;CPXPARAM_Barrier_ColNonzeros=0;CPXPARAM_Barrier_Crossover=0;CPXPARAM_Barrier_Limits_Corrections=-1;CPXPARAM_Barrier_Ordering=0;CPXPARAM_Barrier_StartAlg=1;CPXPARAM_Emphasis_MIP=0;CPXPARAM_Emphasis_Memory=0;CPXPARAM_Emphasis_Numerical=0;CPXPARAM_Feasopt_Mode=0;CPXPARAM_LPMethod=0;CPXPARAM_MIP_Cuts_Cliques=2;CPXPARAM_MIP_Cuts_Covers=3;CPXPARAM_MIP_Cuts_Disjunctive=1;CPXPARAM_MIP_Cuts_FlowCovers=2;CPXPARAM_MIP_Cuts_GUBCovers=-1;CPXPARAM_MIP_Cuts_Gomory=1;CPXPARAM_MIP_Cuts_Implied=-1;CPXPARAM_MIP_Cuts_MIRCut=2;CPXPARAM_MIP_Cuts_PathCut=1;CPXPARAM_MIP_Limits_AggForCut=1;CPXPARAM_MIP_Limits_CutPasses=0;CPXPARAM_MIP_Limits_CutsFactor=-1;CPXPARAM_MIP_Limits_GomoryCand=150;CPXPARAM_MIP_Limits_GomoryPass=0;CPXPARAM_MIP_Limits_Nodes=9223372036800000000;CPXPARAM_MIP_Limits_ProbeTime=1e+75;CPXPARAM_MIP_Limits_RepairTries=0;CPXPARAM_MIP_Limits_StrongCand=10;CPXPARAM_MIP_Limits_StrongIt=0;CPXPARAM_MIP_OrderType=0;CPXPARAM_MIP_Strategy_BBInterval=7;CPXPARAM_MIP_Strategy_Branch=0;CPXPARAM_MIP_Strategy_Dive=0;CPXPARAM_MIP_Strategy_File=1;CPXPARAM_MIP_Strategy_HeuristicFreq=0;CPXPARAM_MIP_Strategy_LBHeur=0;CPXPARAM_MIP_Strategy_NodeSelect=0;CPXPARAM_MIP_Strategy_Order=1;CPXPARAM_MIP_Strategy_PresolveNode=1;CPXPARAM_MIP_Strategy_Probe=3;CPXPARAM_MIP_Strategy_RINSHeur=0;CPXPARAM_MIP_Strategy_StartAlgorithm=0;CPXPARAM_MIP_Strategy_SubAlgorithm=3;CPXPARAM_MIP_Strategy_VariableSelect=2;CPXPARAM_Network_NetFind=2;CPXPARAM_Network_Pricing=0;CPXPARAM_Parallel=1;CPXPARAM_Preprocessing_Aggregator=-1;CPXPARAM_Preprocessing_BoundStrength=-1;CPXPARAM_Preprocessing_CoeffReduce=-1;CPXPARAM_Preprocessing_Dependency=-1;CPXPARAM_Preprocessing_Dual=0;CPXPARAM_Preprocessing_Fill=10;CPXPARAM_Preprocessing_NumPass=-1;CPXPARAM_Preprocessing_Presolve=1;CPXPARAM_Preprocessing_QPMakePSD=1;CPXPARAM_Preprocessing_Reduce=0;CPXPARAM_Preprocessing_Relax=-1;CPXPARAM_Preprocessing_RepeatPresolve=-1;CPXPARAM_Preprocessing_Symmetry=-1;CPXPARAM_Read_Scale=-1;CPXPARAM_Sifting_Algorithm=0;CPXPARAM_Simplex_Crash=1;CPXPARAM_Simplex_DGradient=0;CPXPARAM_Simplex_Limits_Perturbation=0;CPXPARAM_Simplex_Limits_Singularity=10;CPXPARAM_Simplex_PGradient=0;CPXPARAM_Simplex_Pricing=0;CPXPARAM_Simplex_Refactor=0
15777692549620284265,0,CPXPARAM_Advance=1;CPXPARAM_Barrier_Algorithm=0;CPXPARAM_Barrier_ColNonzeros=0;CPXPARAM_Barrier_Crossover=0;CPXPARAM_Barrier_Limits_Corrections=-1;CPXPARAM_Barrier_Ordering=0;CPXPARAM_Barrier_StartAlg=1;CPXPARAM_Emphasis_MIP=3;CPXPARAM_Emphasis_Memory=0;CPXPARAM_Emphasis_Numerical=0;CPXPARAM_Feasopt_Mode=0;CPXPARAM_LPMethod=0;CPXPARAM_MIP_Cuts_Cliques=3;CPXPARAM_MIP_Cuts_Covers=2;CPXPARAM_MIP_Cuts_Disjunctive=1;CPXPARAM_MIP_Cuts_FlowCovers=-1;CPXPARAM_MIP_Cuts_GUBCovers=0;CPXPARAM_MIP_Cuts_Gomory=-1;CPXPARAM_MIP_Cuts_Implied=-1;CPXPARAM_MIP_Cuts_MIRCut=-1;CPXPARAM_MIP_Cuts_PathCut=2;CPXPARAM_MIP_Limits_AggForCut=3;CPXPARAM_MIP_Limits_CutPasses=0;CPXPARAM_MIP_Limits_CutsFactor=-1;CPXPARAM_MIP_Limits_GomoryCand=10;CPXPARAM_MIP_Limits_GomoryPass=0;CPXPARAM_MIP_Limits_Nodes=9223372036800000000;CPXPARAM_MIP_Limits_ProbeTime=1e+75;CPXPARAM_MIP_Limits_RepairTries=0;CPXPARAM_MIP_Limits_StrongCand=10;CPXPARAM_MIP_Limits_StrongIt=0;CPXPARAM_MIP_OrderType=0;CPXPARAM_MIP_Strategy_BBInterval=7;CPXPARAM_MIP_Strategy_Branch=1;CPXPARAM_MIP_Strategy_Dive=0;CPXPARAM_MIP_Strategy_File=1;CPXPARAM_MIP_Strategy_HeuristicFreq=0;CPXPARAM_MIP_Strategy_LBHeur=0;CPXPARAM_MIP_Strategy_NodeSelect=3;CPXPARAM_MIP_Strategy_Order=1;CPXPARAM_MIP_Strategy_PresolveNode=0;CPXPARAM_MIP_Strategy_Probe=-1;CPXPARAM_MIP_Strategy_RINSHeur=0;CPXPARAM_MIP_Strategy_StartAlgorithm=0;CPXPARAM_MIP_Strategy_SubAlgorithm=0;CPXPARAM_MIP_Strategy_VariableSelect=1;CPXPARAM_Network_NetFind=2;CPXPARAM_Network_Pricing=0;CPXPARAM_Parallel=1;CPXPARAM_Preprocessing_Aggregator=-1;CPXPARAM_Preprocessing_BoundStrength=-1;CPXPARAM_Preprocessing_CoeffReduce=-1;CPXPARAM_Preprocessing_Dependency=-1;CPXPARAM_Preprocessing_Dual=0;CPXPARAM_Preprocessing_Fill=10;CPXPARAM_Preprocessing_NumPass=-1;CPXPARAM_Preprocessing_Presolve=1;CPXPARAM_Preprocessing_QPMakePSD=1;CPXPARAM_Preprocessing_Reduce=3;CPXPARAM_Preprocessing_Relax=-1;CPXPARAM_Preprocessing_RepeatPresolve=-1;CPXPARAM_Preprocessing_Symmetry=-1;CPXPARAM_Read_Scale=0;CPXPARAM_Sifting_Algorithm=0;CPXPARAM_Simplex_Crash=1;CPXPARAM_Simplex_DGradient=0;CPXPARAM_Simplex_Limits_Perturbation=0;CPXPARAM_Simplex_Limits_Singularity=10;CPXPARAM_Simplex_PGradient=0;CPXPARAM_Simplex_Pricing=0;CPXPARAM_Simplex_Refactor=0
12060573914741361369,0,CPXPARAM_Advance=1;CPXPARAM_Barrier_Algorithm=0;CPXPARAM_Barrier_ColNonzeros=0;CPXPARAM_Barrier_Crossover=0;CPXPARAM_Barrier_Limits_Corrections=-1;CPXPARAM_Barrier_Ordering=0;CPXPARAM_Barrier_StartAlg=1;CPXPARAM_Emphasis_MIP=0;CPXPARAM_Emphasis_Memory=0;CPXPARAM_Emphasis_Numerical=0;CPXPARAM_Feasopt_Mode=0;CPXPARAM_LPMethod=0;CPXPARAM_MIP_Cuts_Cliques=-1;CPXPARAM_MIP_Cuts_Covers=-1;CPXPARAM_MIP_Cuts_Disjunctive=0;CPXPARAM_MIP_Cuts_FlowCovers=2;CPXPARAM_MIP_Cuts_GUBCovers=-1;CPXPARAM_MIP_Cuts_Gomory=1;CPXPARAM_MIP_Cuts_Implied=1;CPXPARAM_MIP_Cuts_MIRCut=1;CPXPARAM_MIP_Cuts_PathCut=0;CPXPARAM_MIP_Limits_AggForCut=3;CPXPARAM_MIP_Limits_CutPasses=0;CPXPARAM_MIP_Limits_CutsFactor=-1;CPXPARAM_MIP_Limits_GomoryCand=50;CPXPARAM_MIP_Limits_GomoryPass=0;CPXPARAM_MIP_Limits_Nodes=9223372036800000000;CPXPARAM_MIP_Limits_ProbeTime=1e+75;CPXPARAM_MIP_Limits_RepairTries=0;CPXPARAM_MIP_Limits_StrongCand=10;CPXPARAM_MIP_Limits_StrongIt=0;CPXPARAM_MIP_OrderType=0;CPXPARAM_MIP_Strategy_BBInterval=7;CPXPARAM_MIP_Strategy_Branch=0;CPXPARAM_MIP_Strategy_Dive=0;CPXPARAM_MIP_Strategy_File=1;CPXPARAM_MIP_Strategy_HeuristicFreq=0;CPXPARAM_MIP_Strategy_LBHeur=0;CPXPARAM_MIP_Strategy_NodeSelect=3;CPXPARAM_MIP_Strategy_Order=1;CPXPARAM_MIP_Strategy_PresolveNode=3;CPXPARAM_MIP_Strategy_Probe=1;CPXPARAM_MIP_Strategy_RINSHeur=0;CPXPARAM_MIP_Strategy_StartAlgorithm=0;CPXPARAM_MIP_Strategy_SubAlgorithm=2;CPXPARAM_MIP_Strategy_VariableSelect=2;CPXPARAM_Network_NetFind=2;CPXPARAM_Network_Pricing=0;CPXPARAM_Parallel=1;CPXPARAM_Preprocessing_Aggregator=-1;CPXPARAM_Preprocessing_BoundStrength=-1;CPXPARAM_Preprocessing_CoeffReduce=-1;CPXPARAM_Preprocessing_Dependency=-1;CPXPARAM_Preprocessing_Dual=0;CPXPARAM_Preprocessing_Fill=5;CPXPARAM_Preprocessing_NumPass=-1;CPXPARAM_Preprocessing_Presolve=1;CPXPARAM_Preprocessing_QPMakePSD=1;CPXPARAM_Preprocessing_Reduce=3;CPXPARAM_Preprocessing_Relax=-1;CPXPARAM_Preprocessing_RepeatPresolve=-1;CPXPARAM_Preprocessing_Symmetry=-1;CPXPARAM_Read_Scale=0;CPXPARAM_Sifting_Algorithm=0;CPXPARAM_Simplex_Crash=1;CPXPARAM_Simplex_DGradient=0;CPXPARAM_Simplex_Limits_Perturbation=0;CPXPARAM_Simplex_Limits_Singularity=10;CPXPARAM_Simplex_PGradient=0;CPXPARAM_Simplex_Pricing=0;CPXPARAM_Simplex_Refactor=0
14978349393285891038,0,CPXPARAM_Advance=1;CPXPARAM_Barrier_Algorithm=0;CPXPARAM_Barrier_ColNonzeros=0;CPXPARAM_Barrier_Crossover=0;CPXPARAM_Barrier_Limits_Corrections=-1;CPXPARAM_Barrier_Ordering=0;CPXPARAM_Barrier_StartAlg=1;CPXPARAM_Emphasis_MIP=3;CPXPARAM_Emphasis_Memory=0;CPXPARAM_Emphasis_Numerical=0;CPXPARAM_Feasopt_Mode=0;CPXPARAM_LPMethod=0;CPXPARAM_MIP_Cuts_Cliques=2;CPXPARAM_MIP_Cuts_Covers=2;CPXPARAM_MIP_Cuts_Disjunctive=1;CPXPARAM_MIP_Cuts_FlowCovers=-1;CPXPARAM_MIP_Cuts_GUBCovers=0;CPXPARAM_MIP_Cuts_Gomory=-1;CPXPARAM_MIP_Cuts_Implied=-1;CPXPARAM_MIP_Cuts_MIRCut=-1;CPXPARAM_MIP_Cuts_PathCut=2;CPXPARAM_MIP_Limits_AggForCut=3;CPXPARAM_MIP_Limits_CutPasses=0;CPXPARAM_MIP_Limits_CutsFactor=-1;CPXPARAM_MIP_Limits_GomoryCand=10;CPXPARAM_MIP_Limits_GomoryPass=0;CPXPARAM_MIP_Limits_Nodes=9223372036800000000;CPXPARAM_MIP_Limits_ProbeTime=1e+75;CPXPARAM_MIP_Limits_RepairTries=0;CPXPARAM_MIP_Limits_StrongCand=10;CPXPARAM_MIP_Limits_StrongIt=0;CPXPARAM_MIP_OrderType=0;CPXPARAM_MIP_Strategy_BBInterval=7;CPXPARAM_MIP_Strategy_Branch=1;CPXPARAM_MIP_Strategy_Dive=0;CPXPARAM_MIP_Strategy_File=1;CPXPARAM_MIP_Strategy_HeuristicFreq=0;CPXPARAM_MIP_Strategy_LBHeur=0;CPXPARAM_MIP_Strategy_NodeSelect=3;CPXPARAM_MIP_Strategy_Order=1;CPXPARAM_MIP_Strategy_PresolveNode=0;CPXPARAM_MIP_Strategy_Probe=-1;CPXPARAM_MIP_Strategy_RINSHeur=0;CPXPARAM_MIP_Strategy_StartAlgorithm=0;CPXPARAM_MIP_Strategy_SubAlgorithm=0;CPXPARAM_MIP_Strategy_VariableSelect=1;CPXPARAM_Network_NetFind=2;CPXPARAM_Network_Pricing=0;CPXPARAM_Parallel=1;CPXPARAM_Preprocessing_Aggregator=-1;CPXPARAM_Preprocessing_BoundStrength=-1;CPXPARAM_Preprocessing_CoeffReduce=-1;CPXPARAM_Preprocessing_Dependency=-1;CPXPARAM_Preprocessing_Dual=0;CPXPARAM_Preprocessing_Fill=10;CPXPARAM_Preprocessing_NumPass=-1;CPXPARAM_Preprocessing_Presolve=1;CPXPARAM_Preprocessing_QPMakePSD=1;CPXPARAM_Preprocessing_Reduce=3;CPXPARAM_Preprocessing_Relax=-1;CPXPARAM_Preprocessing_RepeatPresolve=-1;CPXPARAM_Preprocessing_Symmetry=-1;CPXPARAM_Read_Scale=0;CPXPARAM_Sifting_Algorithm=0;CPXPARAM_Simplex_Crash=1;CPXPARAM_Simplex_DGradient=0;CPXPARAM_Simplex_Limits_Perturbation=0;CPXPARAM_Simplex_Limits_Singularity=10;CPXPARAM_Simplex_PGradient=0;CPXPARAM_Simplex_Pricing=0;CPXPARAM_Simplex_Refactor=0
9302567122018421607,0,CPXPARAM_Advance=1;CPXPARAM_Barrier_Algorithm=0;CPXPARAM_Barrier_ColNonzeros=0;CPXPARAM_Barrier_Crossover=0;CPXPARAM_Barrier_Limits_Corrections=-1;CPXPARAM_Barrier_Ordering=0;CPXPARAM_Barrier_StartAlg=1;CPXPARAM_Emphasis_MIP=3;CPXPARAM_Emphasis_Memory=0;CPXPARAM_Emphasis_Numerical=0;CPXPARAM_Feasopt_Mode=0;CPXPARAM_LPMethod=0;CPXPARAM_MIP_Cuts_Cliques=1;CPXPARAM_MIP_Cuts_Covers=-1;CPXPARAM_MIP_Cuts_Disjunctive=1;CPXPARAM_MIP_Cuts_FlowCovers=-1;CPXPARAM_MIP_Cuts_GUBCovers=0;CPXPARAM_MIP_Cuts_Gomory=-1;CPXPARAM_MIP_Cuts_Implied=-1;CPXPARAM_MIP_Cuts_MIRCut=-1;CPXPARAM_MIP_Cuts_PathCut=2;CPXPARAM_MIP_Limits_AggForCut=3;CPXPARAM_MIP_Limits_CutPasses=0;CPXPARAM_MIP_Limits_CutsFactor=-1;CPXPARAM_MIP_Limits_GomoryCand=10;CPXPARAM_MIP_Limits_GomoryPass=0;CPXPARAM_MIP_Limits_Nodes=9223372036800000000;CPXPARAM_MIP_Limits_ProbeTime=1e+75;CPXPARAM_MIP_Limits_RepairTries=0;CPXPARAM_MIP_Limits_StrongCand=10;CPXPARAM_MIP_Limits_StrongIt=0;CPXPARAM_MIP_OrderType=0;CPXPARAM_MIP_Strategy_BBInterval=7;CPXPARAM_MIP_Strategy_Branch=1;CPXPARAM_MIP_Strategy_Dive=0;CPXPARAM_MIP_Strategy_File=1;CPXPARAM_MIP_Strategy_HeuristicFreq=0;CPXPARAM_MIP_Strategy_LBHeur=0;CPXPARAM_MIP_Strategy_NodeSelect=3;CPXPARAM_MIP_Strategy_Order=1;CPXPARAM_MIP_Strategy_PresolveNode=0;CPXPARAM_MIP_Strategy_Probe=-1;CPXPARAM_MIP_Strategy_RINSHeur=0;CPXPARAM_MIP_Strategy_StartAlgorithm=0;CPXPARAM_MIP_Strategy_SubAlgorithm=0;CPXPARAM_MIP_Strategy_VariableSelect=1;CPXPARAM_Network_NetFind=2;CPXPARAM_Network_Pricing=0;CPXPARAM_Parallel=1;CPXPARAM_Preprocessing_Aggregator=-1;CPXPARAM_Preprocessing_BoundStrength=-1;CPXPARAM_Preprocessing_CoeffReduce=-1;CPXPARAM_Preprocessing_Dependency=-1;CPXPARAM_Preprocessing_Dual=0;CPXPARAM_Preprocessing_Fill=10;CPXPARAM_Preprocessing_NumPass=-1;CPXPARAM_Preprocessing_Presolve=1;CPXPARAM_Preprocessing_QPMakePSD=1;CPXPARAM_Preprocessing_Reduce=3;CPXPARAM_Preprocessing_Relax=-1;CPXPARAM_Preprocessing_RepeatPresolve=-1;CPXPARAM_Preprocessing_Symmetry=-1;CPXPARAM_Read_Scale=0;CPXPARAM_Sifting_Algorithm=0;CPXPARAM_Simplex_Crash=1;CPXPARAM_Simplex_DGradient=0;CPXPARAM_Simplex_Limits_Perturbation=0;CPXPARAM_Simplex_Limits_Singularity=10;CPXPARAM_Simplex_PGradient=0;CPXPARAM_Simplex_Pricing=0;CPXPARAM_Simplex_Refactor=0
14235857836424992956,0,CPXPARAM_Advance=1;CPXPARAM_Barrier_Algorithm=0;CPXPARAM_Barrier_ColNonzeros=0;CPXPARAM_Barrier_Crossover=0;CPXPARAM_Barrier_Limits_Corrections=-1;CPXPARAM_Barrier_Ordering=0;CPXPARAM_Barrier_StartAlg=1;CPXPARAM_Emphasis_MIP=0;CPXPARAM_Emphasis_Memory=0;CPXPARAM_Emphasis_Numerical=0;CPXPARAM_Feasopt_Mode=0;CPXPARAM_LPMethod=0;CPXPARAM_MIP_Cuts_Cliques=2;CPXPARAM_MIP_Cuts_Covers=0;CPXPARAM_MIP_Cuts_Disjunctive=1;CPXPARAM_MIP_Cuts_FlowCovers=0;CPXPARAM_MIP_Cuts_GUBCovers=1;CPXPARAM_MIP_Cuts_Gomory=0;CPXPARAM_MIP_Cuts_Implied=-1;CPXPARAM_MIP_Cuts_MIRCut=1;CPXPARAM_MIP_Cuts_PathCut=1;CPXPARAM_MIP_Limits_AggForCut=3;CPXPARAM_MIP_Limits_CutPasses=0;CPXPARAM_MIP_Limits_CutsFactor=-1;CPXPARAM_MIP_Limits_GomoryCand=400;CPXPARAM_MIP_Limits_GomoryPass=0;CPXPARAM_MIP_Limits_Nodes=9223372036800000000;CPXPARAM_MIP_Limits_ProbeTime=1e+75;CPXPARAM_MIP_Limits_RepairTries=0;CPXPARAM_MIP_Limits_StrongCand=10;CPXPARAM_MIP_Limits_StrongIt=0;CPXPARAM_MIP_OrderType=0;CPXPARAM_MIP_Strategy_BBInterval=7;CPXPARAM_MIP_Strategy_Branch=-1;CPXPARAM_MIP_Strategy_Dive=0;CPXPARAM_MIP_Strategy_File=1;CPXPARAM_MIP_Strategy_HeuristicFreq=0;CPXPARAM_MIP_Strategy_LBHeur=0;CPXPARAM_MIP_Strategy_NodeSelect=0;CPXPARAM_MIP_Strategy_Order=1;CPXPARAM_MIP_Strategy_PresolveNode=-1;CPXPARAM_MIP_Strategy_Probe=0;CPXPARAM_MIP_Strategy_RINSHeur=0;CPXPARAM_MIP_Strategy_StartAlgorithm=0;CPXPARAM_MIP_Strategy_SubAlgorithm=0;CPXPARAM_MIP_Strategy_VariableSelect=1;CPXPARAM_Network_NetFind=2;CPXPARAM_Network_Pricing=0;CPXPARAM_Parallel=1;CPXPARAM_Preprocessing_Aggregator=-1;CPXPARAM_Preprocessing_BoundStrength=-1;CPXPARAM_Preprocessing_CoeffReduce=-1;CPXPARAM_Preprocessing_Dependency=-1;CPXPARAM_Preprocessing_Dual=0;CPXPARAM_Preprocessing_Fill=10;CPXPARAM_Preprocessing_NumPass=-1;CPXPARAM_Preprocessing_Presolve=1;CPXPARAM_Preprocessing_QPMakePSD=1;CPXPARAM_Preprocessing_Reduce=3;CPXPARAM_Preprocessing_Relax=-1;CPXPARAM_Preprocessing_RepeatPresolve=-1;CPXPARAM_Preprocessing_Symmetry=-1;CPXPARAM_Read_Scale=0;CPXPARAM_Sifting_Algorithm=0;CPXPARAM_Simplex_Crash=1;CPXPARAM_Simplex_DGradient=0;CPXPARAM_Simplex_Limits_Perturbation=0;CPXPARAM_Simplex_Limits_Singularity=10;CPXPARAM_Simplex_PGradient=0;CPXPARAM_Simplex_Pricing=0;CPXPARAM_Simplex_Refactor=0
3237380603971152522,0,CPXPARAM_Advance=1;CPXPARAM_Barrier_Algorithm=0;CPXPARAM_Barrier_ColNonzeros=0;CPXPARAM_Barrier_Crossover=0;CPXPARAM_Barrier_Limits_Corrections=-1;CPXPARAM_Barrier_Ordering=0;CPXPARAM_Barrier_StartAlg=1;CPXPARAM_Emphasis_MIP=4;CPXPARAM_Emphasis_Memory=0;CPXPARAM_Emphasis_Numerical=0;CPXPARAM_Feasopt_Mode=0;CPXPARAM_LPMethod=0;CPXPARAM_MIP_Cuts_Cliques=0;CPXPARAM_MIP_Cuts_Covers=1;CPXPARAM_MIP_Cuts_Disjunctive=0;CPXPARAM_MIP_Cuts_FlowCovers=-1;CPXPARAM_MIP_Cuts_GUBCovers=2;CPXPARAM_MIP_Cuts_Gomory=0;CPXPARAM_MIP_Cuts_Implied=0;CPXPARAM_MIP_Cuts_MIRCut=0;CPXPARAM_MIP_Cuts_PathCut=1;CPXPARAM_MIP_Limits_AggForCut=3;CPXPARAM_MIP_Limits_CutPasses=0;CPXPARAM_MIP_Limits_CutsFactor=-1;CPXPARAM_MIP_Limits_GomoryCand=150;CPXPARAM_MIP_Limits_GomoryPass=0;CPXPARAM_MIP_Limits_Nodes=9223372036800000000;CPXPARAM_MIP_Limits_ProbeTime=1e+75;CPXPARAM_MIP_Limits_RepairTries=0;CPXPARAM_MIP_Limits_StrongCand=10;CPXPARAM_MIP_Limits_StrongIt=0;CPXPARAM_MIP_OrderType=0;CPXPARAM_MIP_Strategy_BBInterval=7;CPXPARAM_MIP_Strategy_Branch=0;CPXPARAM_MIP_Strategy_Dive=0;CPXPARAM_MIP_Strategy_File=1;CPXPARAM_MIP_Strategy_HeuristicFreq=0;CPXPARAM_MIP_Strategy_LBHeur=0;CPXPARAM_MIP_Strategy_NodeSelect=1;CPXPARAM_MIP_Strategy_Order=1;CPXPARAM_MIP_Strategy_PresolveNode=3;CPXPARAM_MIP_Strategy_Probe=0;CPXPARAM_MIP_Strategy_RINSHeur=0;CPXPARAM_MIP_Strategy_StartAlgorithm=0;CPXPARAM_MIP_Strategy_SubAlgorithm=0;CPXPARAM_MIP_Strategy_VariableSelect=0;CPXPARAM_Network_NetFind=2;CPXPARAM_Network_Pricing=0;CPXPARAM_Parallel=1;CPXPARAM_Preprocessing_Aggregator=-1;CPXPARAM_Preprocessing_BoundStrength=-1;CPXPARAM_Preprocessing_CoeffReduce=-1;CPXPARAM_Preprocessing_Dependency=-1;CPXPARAM_Preprocessing_Dual=0;CPXPARAM_Preprocessing_Fill=10;CPXPARAM_Preprocessing_NumPass=-1;CPXPARAM_Preprocessing_Presolve=1;CPXPARAM_Preprocessing_QPMakePSD=1;CPXPARAM_Preprocessing_Reduce=3;CPXPARAM_Preprocessing_Relax=-1;CPXPARAM_Preprocessing_RepeatPresolve=-1;CPXPARAM_Preprocessing_Symmetry=-1;CPXPARAM_Read_Scale=0;CPXPARAM_Sifting_Algorithm=0;CPXPARAM_Simplex_Crash=1;CPXPARAM_Simplex_DGradient=0;CPXPARAM_Simplex_Limits_Perturbation=0;CPXPARAM_Simplex_Limits_Singularity=10;CPXPARAM_Simplex_PGradient=0;CPXPARAM_Simplex_Pricing=0;CPXPARAM_Simplex_Refactor=0
3971137867119676746,0,CPXPARAM_Advance=1;CPXPARAM_Barrier_Algorithm=0;CPXPARAM_Barrier_ColNonzeros=0;CPXPARAM_Barrier_Crossover=0;CPXPARAM_Barrier_Limits_Corrections=-1;CPXPARAM_Barrier_Ordering=0;CPXPARAM_Barrier_StartAlg=1;CPXPARAM_Emphasis_MIP=0;CPXPARAM_Emphasis_Memory=0;CPXPARAM_Emphasis_Numerical=0;CPXPARAM_Feasopt_Mode=0;CPXPARAM_LPMethod=0;CPXPARAM_MIP_Cuts_Cliques=2;CPXPARAM_MIP_Cuts_Covers=0;CPXPARAM_MIP_Cuts_Disjunctive=1;CPXPARAM_MIP_Cuts_FlowCovers=-1;CPXPARAM_MIP_Cuts_GUBCovers=1;CPXPARAM_MIP_Cuts_Gomory=0;CPXPARAM_MIP_Cuts_Implied=-1;CPXPARAM_MIP_Cuts_MIRCut=1;CPXPARAM_MIP_Cuts_PathCut=1;CPXPARAM_MIP_Limits_AggForCut=3;CPXPARAM_MIP_Limits_CutPasses=0;CPXPARAM_MIP_Limits_CutsFactor=-1;CPXPARAM_MIP_Limits_GomoryCand=400;CPXPARAM_MIP_Limits_GomoryPass=0;CPXPARAM_MIP_Limits_Nodes=9223372036800000000;CPXPARAM_MIP_Limits_ProbeTime=1e+75;CPXPARAM_MIP_Limits_RepairTries=0;CPXPARAM_MIP_Limits_StrongCand=10;CPXPARAM_MIP_Limits_StrongIt=0;CPXPARAM_MIP_OrderType=0;CPXPARAM_MIP_Strategy_BBInterval=7;CPXPARAM_MIP_Strategy_Branch=-1;CPXPARAM_MIP_Strategy_Dive=0;CPXPARAM_MIP_Strategy_File=1;CPXPARAM_MIP_Strategy_HeuristicFreq=0;CPXPARAM_MIP_Strategy_LBHeur=0;CPXPARAM_MIP_Strategy_NodeSelect=0;CPXPARAM_MIP_Strategy_Order=1;CPXPARAM_MIP_Strategy_PresolveNode=0;CPXPARAM_MIP_Strategy_Probe=0;CPXPARAM_MIP_Strategy_RINSHeur=0;CPXPARAM_MIP_Strategy_StartAlgorithm=0;CPXPARAM_MIP_Strategy_SubAlgorithm=0;CPXPARAM_MIP_Strategy_VariableSelect=1;CPXPARAM_Network_NetFind=2;CPXPARAM_Network_Pricing=0;CPXPARAM_Parallel=1;CPXPARAM_Preprocessing_Aggregator=-1;CPXPARAM_Preprocessing_BoundStrength=-1;CPXPARAM_Preprocessing_CoeffReduce=-1;CPXPARAM_Preprocessing_Dependency=-1;CPXPARAM_Preprocessing_Dual=0;CPXPARAM_Preprocessing_Fill=10;CPXPARAM_Preprocessing_NumPass=-1;CPXPARAM_Preprocessing_Presolve=1;CPXPARAM_Preprocessing_QPMakePSD=1;CPXPARAM_Preprocessing_Reduce=3;CPXPARAM_Preprocessing_Relax=-1;CPXPARAM_Preprocessing_RepeatPresolve=-1;CPXPARAM_Preprocessing_Symmetry=-1;CPXPARAM_Read_Scale=0;CPXPARAM_Sifting_Algorithm=0;CPXPARAM_Simplex_Crash=1;CPXPARAM_Simplex_DGradient=0;CPXPARAM_Simplex_Limits_Perturbation=0;CPXPARAM_Simplex_Limits_Singularity=10;CPXPARAM_Simplex_PGradient=0;CPXPARAM_Simplex_Pricing=0;CPXPARAM_Simplex_Refactor=0
10018588228556889623,0,CPXPARAM_Advance=1;CPXPARAM_Barrier_Algorithm=0;CPXPARAM_Barrier_ColNonzeros=0;CPXPARAM_Barrier_Crossover=0;CPXPARAM_Barrier_Limits_Corrections=-1;CPXPARAM_Barrier_Ordering=0;CPXPARAM_Barrier_StartAlg=1;CPXPARAM_Emphasis_MIP=3;CPXPARAM_Emphasis_Memory=0;CPXPARAM_Emphasis_Numerical=0;CPXPARAM_Feasopt_Mode=0;CPXPARAM_LPMethod=0;CPXPARAM_MIP_Cuts_Cliques=3;CPXPARAM_MIP_Cuts_Covers=0;CPXPARAM_MIP_Cuts_Disjunctive=0;CPXPARAM_MIP_Cuts_FlowCovers=0;CPXPARAM_MIP_Cuts_GUBCovers=1;CPXPARAM_MIP_Cuts_Gomory=2;CPXPARAM_MIP_Cuts_Implied=-1;CPXPARAM_MIP_Cuts_MIRCut=0;CPXPARAM_MIP_Cuts_PathCut=-1;CPXPARAM_MIP_Limits_AggForCut=3;CPXPARAM_MIP_Limits_CutPasses=0;CPXPARAM_MIP_Limits_CutsFactor=-1;CPXPARAM_MIP_Limits_GomoryCand=200;CPXPARAM_MIP_Limits_GomoryPass=0;CPXPARAM_MIP_Limits_Nodes=9223372036800000000;CPXPARAM_MIP_Limits_ProbeTime=1e+75;CPXPARAM_MIP_Limits_RepairTries=0;CPXPARAM_MIP_Limits_StrongCand=10;CPXPARAM_MIP_Limits_StrongIt=0;CPXPARAM_MIP_OrderType=0;CPXPARAM_MIP_Strategy_BBInterval=7;CPXPARAM_MIP_Strategy_Branch=0;CPXPARAM_MIP_Strategy_Dive=0;CPXPARAM_MIP_Strategy_File=1;CPXPARAM_MIP_Strategy_HeuristicFreq=0;CPXPARAM_MIP_Strategy_LBHeur=0;CPXPARAM_MIP_Strategy_NodeSelect=1;CPXPARAM_MIP_Strategy_Order=1;CPXPARAM_MIP_Strategy_PresolveNode=0;CPXPARAM_MIP_Strategy_Probe=0;CPXPARAM_MIP_Strategy_RINSHeur=0;CPXPARAM_MIP_Strategy_StartAlgorithm=0;CPXPARAM_MIP_Strategy_SubAlgorithm=0;CPXPARAM_MIP_Strategy_VariableSelect=0;CPXPARAM_Network_NetFind=2;CPXPARAM_Network_Pricing=0;CPXPARAM_Parallel=1;CPXPARAM_Preprocessing_Aggregator=-1;CPXPARAM_Preprocessing_BoundStrength=-1;CPXPARAM_Preprocessing_CoeffReduce=-1;CPXPARAM_Preprocessing_Dependency=-1;CPXPARAM_Preprocessing_Dual=0;CPXPARAM_Preprocessing_Fill=10;CPXPARAM_Preprocessing_NumPass=-1;CPXPARAM_Preprocessing_Presolve=1;CPXPARAM_Preprocessing_QPMakePSD=1;CPXPARAM_Preprocessing_Reduce=3;CPXPARAM_Preprocessing_Relax=-1;CPXPARAM_Preprocessing_RepeatPresolve=-1;CPXPARAM_Preprocessing_Symmetry=-1;CPXPARAM_Read_Scale=0;CPXPARAM_Sifting_Algorithm=0;CPXPARAM_Simplex_Crash=1;CPXPARAM_Simplex_DGradient=0;CPXPARAM_Simplex_Limits_Perturbation=0;CPXPARAM_Simplex_Limits_Singularity=10;CPXPARAM_Simplex_PGradient=0;CPXPARAM_Simplex_Pricing=0;CPXPARAM_Simplex_Refactor=0
5038145157581039382,0,CPXPARAM_Advance=1;CPXPARAM_Barrier_Algorithm=0;CPXPARAM_Barrier_ColNonzeros=0;CPXPARAM_Barrier_Crossover=0;CPXPARAM_Barrier_Limits_Corrections=-1;CPXPARAM_Barrier_Ordering=0;CPXPARAM_Barrier_StartAlg=1;CPXPARAM_Emphasis_MIP=2;CPXPARAM_Emphasis_Memory=0;CPXPARAM_Emphasis_Numerical=0;CPXPARAM_Feasopt_Mode=0;CPXPARAM_LPMethod=0;CPXPARAM_MIP_Cuts_Cliques=-1;CPXPARAM_MIP_Cuts_Covers=2;CPXPARAM_MIP_Cuts_Disjunctive=1;CPXPARAM_MIP_Cuts_FlowCovers=2;CPXPARAM_MIP_Cuts_GUBCovers=1;CPXPARAM_MIP_Cuts_Gomory=0;CPXPARAM_MIP_Cuts_Implied=-1;CPXPARAM_MIP_Cuts_MIRCut=-1;CPXPARAM_MIP_Cuts_PathCut=-1;CPXPARAM_MIP_Limits_AggForCut=3;CPXPARAM_MIP_Limits_CutPasses=0;CPXPARAM_MIP_Limits_CutsFactor=-1;CPXPARAM_MIP_Limits_GomoryCand=400;CPXPARAM_MIP_Limits_GomoryPass=0;CPXPARAM_MIP_Limits_Nodes=9223372036800000000;CPXPARAM_MIP_Limits_ProbeTime=1e+75;CPXPARAM_MIP_Limits_RepairTries=0;CPXPARAM_MIP_Limits_StrongCand=10;CPXPARAM_MIP_Limits_StrongIt=0;CPXPARAM_MIP_OrderType=0;CPXPARAM_MIP_Strategy_BBInterval=7;CPXPARAM_MIP_Strategy_Branch=0;CPXPARAM_MIP_Strategy_Dive=0;CPXPARAM_MIP_Strategy_File=1;CPXPARAM_MIP_Strategy_HeuristicFreq=0;CPXPARAM_MIP_Strategy_LBHeur=0;CPXPARAM_MIP_Strategy_NodeSelect=1;CPXPARAM_MIP_Strategy_Order=1;CPXPARAM_MIP_Strategy_PresolveNode=0;CPXPARAM_MIP_Strategy_Probe=0;CPXPARAM_MIP_Strategy_RINSHeur=0;CPXPARAM_MIP_Strategy_StartAlgorithm=0;CPXPARAM_MIP_Strategy_SubAlgorithm=0;CPXPARAM_MIP_Strategy_VariableSelect=0;CPXPARAM_Network_NetFind=2;CPXPARAM_Network_Pricing=0;CPXPARAM_Parallel=1;CPXPARAM_Preprocessing_Aggregator=-1;CPXPARAM_Preprocessing_BoundStrength=-1;CPXPARAM_Preprocessing_CoeffReduce=-1;CPXPARAM_Preprocessing_Dependency=-1;CPXPARAM_Preprocessing_Dual=0;CPXPARAM_Preprocessing_Fill=10;CPXPARAM_Preprocessing_NumPass=-1;CPXPARAM_Preprocessing_Presolve=1;CPXPARAM_Preprocessing_QPMakePSD=1;CPXPARAM_Preprocessing_Reduce=3;CPXPARAM_Preprocessing_Relax=-1;CPXPARAM_Preprocessing_RepeatPresolve=-1;CPXPARAM_Preprocessing_Symmetry=1;CPXPARAM_Read_Scale=0;CPXPARAM_Sifting_Algorithm=0;CPXPARAM_Simplex_Crash=1;CPXPARAM_Simplex_DGradient=0;CPXPARAM_Simplex_Limits_Perturbation=0;CPXPARAM_Simplex_Limits_Singularity=10;CPXPARAM_Simplex_PGradient=0;CPXPARAM_Simplex_Pricing=0;CPXPARAM_Simplex_Refactor=0
16824997820690096864,0,CPXPARAM_Advance=1;CPXPARAM_Barrier_Algorithm=0;CPXPARAM_Barrier_ColNonzeros=0;CPXPARAM_Barrier_Crossover=0;CPXPARAM_Barrier_Limits_Corrections=-1;CPXPARAM_Barrier_Ordering=0;CPXPARAM_Barrier_StartAlg=1;CPXPARAM_Emphasis_MIP=5;CPXPARAM_Emphasis_Memory=0;CPXPARAM_Emphasis_Numerical=0;CPXPARAM_Feasopt_Mode=0;CPXPARAM_LPMethod=0;CPXPARAM_MIP_Cuts_Cliques=2;CPXPARAM_MIP_Cuts_Covers=0;CPXPARAM_MIP_Cuts_Disjunctive=1;CPXPARAM_MIP_Cuts_FlowCovers=0;CPXPARAM_MIP_Cuts_GUBCovers=1;CPXPARAM_MIP_Cuts_Gomory=0;CPXPARAM_MIP_Cuts_Implied=-1;CPXPARAM_MIP_Cuts_MIRCut=1;CPXPARAM_MIP_Cuts_PathCut=1;CPXPARAM_MIP_Limits_AggForCut=3;CPXPARAM_MIP_Limits_CutPasses=0;CPXPARAM_MIP_Limits_CutsFactor=-1;CPXPARAM_MIP_Limits_GomoryCand=400;CPXPARAM_MIP_Limits_GomoryPass=0;CPXPARAM_MIP_Limits_Nodes=9223372036800000000;CPXPARAM_MIP_Limits_ProbeTime=1e+75;CPXPARAM_MIP_Limits_RepairTries=0;CPXPARAM_MIP_Limits_StrongCand=10;CPXPARAM_MIP_Limits_StrongIt=0;CPXPARAM_MIP_OrderType=0;CPXPARAM_MIP_Strategy_BBInterval=7;CPXPARAM_MIP_Strategy_Branch=-1;CPXPARAM_MIP_Strategy_Dive=0;CPXPARAM_MIP_Strategy_File=1;CPXPARAM_MIP_Strategy_HeuristicFreq=0;CPXPARAM_MIP_Strategy_LBHeur=0;CPXPARAM_MIP_Strategy_NodeSelect=0;CPXPARAM_MIP_Strategy_Order=1;CPXPARAM_MIP_Strategy_PresolveNode=1;CPXPARAM_MIP_Strategy_Probe=0;CPXPARAM_MIP_Strategy_RINSHeur=0;CPXPARAM_MIP_Strategy_StartAlgorithm=0;CPXPARAM_MIP_Strategy_SubAlgorithm=0;CPXPARAM_MIP_Strategy_VariableSelect=1;CPXPARAM_Network_NetFind=2;CPXPARAM_Network_Pricing=0;CPXPARAM_Parallel=1;CPXPARAM_Preprocessing_Aggregator=-1;CPXPARAM_Preprocessing_BoundStrength=-1;CPXPARAM_Preprocessing_CoeffReduce=-1;CPXPARAM_Preprocessing_Dependency=-1;CPXPARAM_Preprocessing_Dual=0;CPXPARAM_Preprocessing_Fill=10;CPXPARAM_Preprocessing_NumPass=-1;CPXPARAM_Preprocessing_Presolve=1;CPXPARAM_Preprocessing_QPMakePSD=1;CPXPARAM_Preprocessing_Reduce=3;CPXPARAM_Preprocessing_Relax=-1;CPXPARAM_Preprocessing_RepeatPresolve=-1;CPXPARAM_Preprocessing_Symmetry=-1;CPXPARAM_Read_Scale=0;CPXPARAM_Sifting_Algorithm=0;CPXPARAM_Simplex_Crash=1;CPXPARAM_Simplex_DGradient=0;CPXPARAM_Simplex_Limits_Perturbation=0;CPXPARAM_Simplex_Limits_Singularity=10;CPXPARAM_Simplex_PGradient=0;CPXPARAM_Simplex_Pricing=0;CPXPARAM_Simplex_Refactor=0
1284001651117398534,0,CPXPARAM_Advance=1;CPXPARAM_Barrier_Algorithm=0;CPXPARAM_Barrier_ColNonzeros=0;CPXPARAM_Barrier_Crossover=0;CPXPARAM_Barrier_Limits_Corrections=-1;CPXPARAM_Barrier_Ordering=0;CPXPARAM_Barrier_StartAlg=1;CPXPARAM_Emphasis_MIP=0;CPXPARAM_Emphasis_Memory=0;CPXPARAM_Emphasis_Numerical=0;CPXPARAM_Feasopt_Mode=0;CPXPARAM_LPMethod=0;CPXPARAM_MIP_Cuts_Cliques=2;CPXPARAM_MIP_Cuts_Covers=0;CPXPARAM_MIP_Cuts_Disjunctive=1;CPXPARAM_MIP_Cuts_FlowCovers=0;CPXPARAM_MIP_Cuts_GUBCovers=1;CPXPARAM_MIP_Cuts_Gomory=0;CPXPARAM_MIP_Cuts_Implied=-1;CPXPARAM_MIP_Cuts_MIRCut=1;CPXPARAM_MIP_Cuts_PathCut=1;CPXPARAM_MIP_Limits_AggForCut=3;CPXPARAM_MIP_Limits_CutPasses=0;CPXPARAM_MIP_Limits_CutsFactor=-1;CPXPARAM_MIP_Limits_GomoryCand=50;CPXPARAM_MIP_Limits_GomoryPass=0;CPXPARAM_MIP_Limits_Nodes=9223372036800000000;CPXPARAM_MIP_Limits_ProbeTime=1e+75;CPXPARAM_MIP_Limits_RepairTries=0;CPXPARAM_MIP_Limits_StrongCand=10;CPXPARAM_MIP_Limits_StrongIt=0;CPXPARAM_MIP_OrderType=0;CPXPARAM_MIP_Strategy_BBInterval=7;CPXPARAM_MIP_Strategy_Branch=-1;CPXPARAM_MIP_Strategy_Dive=0;CPXPARAM_MIP_Strategy_File=1;CPXPARAM_MIP_Strategy_HeuristicFreq=0;CPXPARAM_MIP_Strategy_LBHeur=0;CPXPARAM_MIP_Strategy_NodeSelect=0;CPXPARAM_MIP_Strategy_Order=1;CPXPARAM_MIP_Strategy_PresolveNode=1;CPXPARAM_MIP_Strategy_Probe=0;CPXPARAM_MIP_Strategy_RINSHeur=0;CPXPARAM_MIP_Strategy_StartAlgorithm=0;CPXPARAM_MIP_Strategy_SubAlgorithm=0;CPXPARAM_MIP_Strategy_VariableSelect=1;CPXPARAM_Network_NetFind=2;CPXPARAM_Network_Pricing=0;CPXPARAM_Parallel=1;CPXPARAM_Preprocessing_Aggregator=-1;CPXPARAM_Preprocessing_BoundStrength=-1;CPXPARAM_Preprocessing_CoeffReduce=-1;CPXPARAM_Preprocessing_Dependency=-1;CPXPARAM_Preprocessing_Dual=0;CPXPARAM_Preprocessing_Fill=10;CPXPARAM_Preprocessing_NumPass=-1;CPXPARAM_Preprocessing_Presolve=1;CPXPARAM_Preprocessing_QPMakePSD=1;CPXPARAM_Preprocessing_Reduce=3;CPXPARAM_Preprocessing_Relax=-1;CPXPARAM_Preprocessing_RepeatPresolve=-1;CPXPARAM_Preprocessing_Symmetry=-1;CPXPARAM_Read_Scale=0;CPXPARAM_Sifting_Algorithm=0;CPXPARAM_Simplex_Crash=1;CPXPARAM_Simplex_DGradient=0;CPXPARAM_Simplex_Limits_Perturbation=0;CPXPARAM_Simplex_Limits_Singularity=10;CPXPARAM_Simplex_PGradient=0;CPXPARAM_Simplex_Pricing=0;CPXPARAM_Simplex_Refactor=0
2223768317666889356,0,CPXPARAM_Advance=1;CPXPARAM_Barrier_Algorithm=0;CPXPARAM_Barrier_ColNonzeros=0;CPXPARAM_Barrier_Crossover=0;CPXPARAM_Barrier_Limits_Corrections=-1;CPXPARAM_Barrier_Ordering=0;CPXPARAM_Barrier_StartAlg=1;CPXPARAM_Emphasis_MIP=5;CPXPARAM_Emphasis_Memory=0;CPXPARAM_Emphasis_Numerical=0;CPXPARAM_Feasopt_Mode=0;CPXPARAM_LPMethod=0;CPXPARAM_MIP_Cuts_Cliques=2;CPXPARAM_MIP_Cuts_Covers=-1;CPXPARAM_MIP_Cuts_Disjunctive=0;CPXPARAM_MIP_Cuts_FlowCovers=2;CPXPARAM_MIP_Cuts_GUBCovers=0;CPXPARAM_MIP_Cuts_Gomory=-1;CPXPARAM_MIP_Cuts_Implied=1;CPXPARAM_MIP_Cuts_MIRCut=1;CPXPARAM_MIP_Cuts_PathCut=0;CPXPARAM_MIP_Limits_AggForCut=3;CPXPARAM_MIP_Limits_CutPasses=0;CPXPARAM_MIP_Limits_CutsFactor=-1;CPXPARAM_MIP_Limits_GomoryCand=10;CPXPARAM_MIP_Limits_GomoryPass=0;CPXPARAM_MIP_Limits_Nodes=9223372036800000000;CPXPARAM_MIP_Limits_ProbeTime=1e+75;CPXPARAM_MIP_Limits_RepairTries=0;CPXPARAM_MIP_Limits_StrongCand=10;CPXPARAM_MIP_Limits_StrongIt=0;CPXPARAM_MIP_OrderType=0;CPXPARAM_MIP_Strategy_BBInterval=7;CPXPARAM_MIP_Strategy_Branch=0;CPXPARAM_MIP_Strategy_Dive=0;CPXPARAM_MIP_Strategy_File=1;CPXPARAM_MIP_Strategy_HeuristicFreq=0;CPXPARAM_MIP_Strategy_LBHeur=0;CPXPARAM_MIP_Strategy_NodeSelect=2;CPXPARAM_MIP_Strategy_Order=1;CPXPARAM_MIP_Strategy_PresolveNode=2;CPXPARAM_MIP_Strategy_Probe=0;CPXPARAM_MIP_Strategy_RINSHeur=0;CPXPARAM_MIP_Strategy_StartAlgorithm=0;CPXPARAM_MIP_Strategy_SubAlgorithm=0;CPXPARAM_MIP_Strategy_VariableSelect=0;CPXPARAM_Network_NetFind=2;CPXPARAM_Network_Pricing=0;CPXPARAM_Parallel=1;CPXPARAM_Preprocessing_Aggregator=-1;CPXPARAM_Preprocessing_BoundStrength=-1;CPXPARAM_Preprocessing_CoeffReduce=-1;CPXPARAM_Preprocessing_Dependency=-1;CPXPARAM_Preprocessing_Dual=0;CPXPARAM_Preprocessing_Fill=10;CPXPARAM_Preprocessing_NumPass=-1;CPXPARAM_Preprocessing_Presolve=1;CPXPARAM_Preprocessing_QPMakePSD=1;CPXPARAM_Preprocessing_Reduce=3;CPXPARAM_Preprocessing_Relax=-1;CPXPARAM_Preprocessing_RepeatPresolve=-1;CPXPARAM_Preprocessing_Symmetry=-1;CPXPARAM_Read_Scale=0;CPXPARAM_Sifting_Algorithm=0;CPXPARAM_Simplex_Crash=1;CPXPARAM_Simplex_DGradient=0;CPXPARAM_Simplex_Limits_Perturbation=0;CPXPARAM_Simplex_Limits_Singularity=10;CPXPARAM_Simplex_PGradient=0;CPXPARAM_Simplex_Pricing=0;CPXPARAM_Simplex_Refactor=0
2901612876545281410,0,CPXPARAM_Advance=1;CPXPARAM_Barrier_Algorithm=0;CPXPARAM_Barrier_ColNonzeros=0;CPXPARAM_Barrier_Crossover=0;CPXPARAM_Barrier_Limits_Corrections=-1;CPXPARAM_Barrier_Ordering=0;CPXPARAM_Barrier_StartAlg=1;CPXPARAM_Emphasis_MIP=0;CPXPARAM_Emphasis_Memory=0;CPXPARAM_Emphasis_Numerical=0;CPXPARAM_Feasopt_Mode=0;CPXPARAM_LPMethod=0;CPXPARAM_MIP_Cuts_Cliques=2;CPXPARAM_MIP_Cuts_Covers=-1;CPXPARAM_MIP_Cuts_Disjunctive=1;CPXPARAM_MIP_Cuts_FlowCovers=0;CPXPARAM_MIP_Cuts_GUBCovers=1;CPXPARAM_MIP_Cuts_Gomory=0;CPXPARAM_MIP_Cuts_Implied=-1;CPXPARAM_MIP_Cuts_MIRCut=1;CPXPARAM_MIP_Cuts_PathCut=1;CPXPARAM_MIP_Limits_AggForCut=3;CPXPARAM_MIP_Limits_CutPasses=0;CPXPARAM_MIP_Limits_CutsFactor=-1;CPXPARAM_MIP_Limits_GomoryCand=400;CPXPARAM_MIP_Limits_GomoryPass=0;CPXPARAM_MIP_Limits_Nodes=9223372036800000000;CPXPARAM_MIP_Limits_ProbeTime=1e+75;CPXPARAM_MIP_Limits_RepairTries=0;CPXPARAM_MIP_Limits_StrongCand=10;CPXPARAM_MIP_Limits_StrongIt=0;CPXPARAM_MIP_OrderType=0;CPXPARAM_MIP_Strategy_BBInterval=7;CPXPARAM_MIP_Strategy_Branch=-1;CPXPARAM_MIP_Strategy_Dive=0;CPXPARAM_MIP_Strategy_File=1;CPXPARAM_MIP_Strategy_HeuristicFreq=0;CPXPARAM_MIP_Strategy_LBHeur=0;CPXPARAM_MIP_Strategy_NodeSelect=0;CPXPARAM_MIP_Strategy_Order=1;CPXPARAM_MIP_Strategy_PresolveNode=1;CPXPARAM_MIP_Strategy_Probe=0;CPXPARAM_MIP_Strategy_RINSHeur=0;CPXPARAM_MIP_Strategy_StartAlgorithm=0;CPXPARAM_MIP_Strategy_SubAlgorithm=0;CPXPARAM_MIP_Strategy_VariableSelect=1;CPXPARAM_Network_NetFind=2;CPXPARAM_Network_Pricing=0;CPXPARAM_Parallel=1;CPXPARAM_Preprocessing_Aggregator=-1;CPXPARAM_Preprocessing_BoundStrength=-1;CPXPARAM_Preprocessing_CoeffReduce=-1;CPXPARAM_Preprocessing_Dependency=-1;CPXPARAM_Preprocessing_Dual=0;CPXPARAM_Preprocessing_Fill=10;CPXPARAM_Preprocessing_NumPass=-1;CPXPARAM_Preprocessing_Presolve=1;CPXPARAM_Preprocessing_QPMakePSD=1;CPXPARAM_Preprocessing_Reduce=3;CPXPARAM_Preprocessing_Relax=-1;CPXPARAM_Preprocessing_RepeatPresolve=-1;CPXPARAM_Preprocessing_Symmetry=-1;CPXPARAM_Read_Scale=0;CPXPARAM_Sifting_Algorithm=0;CPXPARAM_Simplex_Crash=1;CPXPARAM_Simplex_DGradient=0;CPXPARAM_Simplex_Limits_Perturbation=0;CPXPARAM_Simplex_Limits_Singularity=10;CPXPARAM_Simplex_PGradient=0;CPXPARAM_Simplex_Pricing=0;CPXPARAM_Simplex_Refactor=0
5607437405692184149,0,CPXPARAM_Advance=1;CPXPARAM_Barrier_Algorithm=0;CPXPARAM_Barrier_ColNonzeros=0;CPXPARAM_Barrier_Crossover=0;CPXPARAM_Barrier_Limits_Corrections=-1;CPXPARAM_Barrier_Ordering=0;CPXPARAM_Barrier_StartAlg=1;CPXPARAM_Emphasis_MIP=2;CPXPARAM_Emphasis_Memory=0;CPXPARAM_Emphasis_Numerical=0;CPXPARAM_Feasopt_Mode=1;CPXPARAM_LPMethod=0;CPXPARAM_MIP_Cuts_Cliques=-1;CPXPARAM_MIP_Cuts_Covers=2;CPXPARAM_MIP_Cuts_Disjunctive=1;CPXPARAM_MIP_Cuts_FlowCovers=2;CPXPARAM_MIP_Cuts_GUBCovers=1;CPXPARAM_MIP_Cuts_Gomory=0;CPXPARAM_MIP_Cuts_Implied=-1;CPXPARAM_MIP_Cuts_MIRCut=-1;CPXPARAM_MIP_Cuts_PathCut=-1;CPXPARAM_MIP_Limits_AggForCut=3;CPXPARAM_MIP_Limits_CutPasses=0;CPXPARAM_MIP_Limits_CutsFactor=-1;CPXPARAM_MIP_Limits_GomoryCand=400;CPXPARAM_MIP_Limits_GomoryPass=0;CPXPARAM_MIP_Limits_Nodes=9223372036800000000;CPXPARAM_MIP_Limits_ProbeTime=1e+75;CPXPARAM_MIP_Limits_RepairTries=0;CPXPARAM_MIP_Limits_StrongCand=10;CPXPARAM_MIP_Limits_StrongIt=0;CPXPARAM_MIP_OrderType=0;CPXPARAM_MIP_Strategy_BBInterval=7;CPXPARAM_MIP_Strategy_Branch=0;CPXPARAM_MIP_Strategy_Dive=0;CPXPARAM_MIP_Strategy_File=1;CPXPARAM_MIP_Strategy_HeuristicFreq=0;CPXPARAM_MIP_Strategy_LBHeur=0;CPXPARAM_MIP_Strategy_NodeSelect=1;CPXPARAM_MIP_Strategy_Order=1;CPXPARAM_MIP_Strategy_PresolveNode=0;CPXPARAM_MIP_Strategy_Probe=0;CPXPARAM_MIP_Strategy_RINSHeur=0;CPXPARAM_MIP_Strategy_StartAlgorithm=0;CPXPARAM_MIP_Strategy_SubAlgorithm=0;CPXPARAM_MIP_Strategy_VariableSelect=0;CPXPARAM_Network_NetFind=2;CPXPARAM_Network_Pricing=0;CPXPARAM_Parallel=1;CPXPARAM_Preprocessing_Aggregator=-1;CPXPARAM_Preprocessing_BoundStrength=-1;CPXPARAM_Preprocessing_CoeffReduce=-1;CPXPARAM_Preprocessing_Dependency=-1;CPXPARAM_Preprocessing_Dual=0;CPXPARAM_Preprocessing_Fill=10;CPXPARAM_Preprocessing_NumPass=-1;CPXPARAM_Preprocessing_Presolve=1;CPXPARAM_Preprocessing_QPMakePSD=1;CPXPARAM_Preprocessing_Reduce=3;CPXPARAM_Preprocessing_Relax=-1;CPXPARAM_Preprocessing_RepeatPresolve=-1;CPXPARAM_Preprocessing_Symmetry=-1;CPXPARAM_Read_Scale=0;CPXPARAM_Sifting_Algorithm=0;CPXPARAM_Simplex_Crash=1;CPXPARAM_Simplex_DGradient=0;CPXPARAM_Simplex_Limits_Perturbation=0;CPXPARAM_Simplex_Limits_Singularity=10;CPXPARAM_Simplex_PGradient=0;CPXPARAM_Simplex_Pricing=0;CPXPARAM_Simplex_Refactor=0
12488251099339044828,0,CPXPARAM_Advance=1;CPXPARAM_Barrier_Algorithm=0;CPXPARAM_Barrier_ColNonzeros=0;CPXPARAM_Barrier_Crossover=0;CPXPARAM_Barrier_Limits_Corrections=-1;CPXPARAM_Barrier_Ordering=0;CPXPARAM_Barrier_StartAlg=1;CPXPARAM_Emphasis_MIP=0;CPXPARAM_Emphasis_Memory=0;CPXPARAM_Emphasis_Numerical=0;CPXPARAM_Feasopt_Mode=0;CPXPARAM_LPMethod=0;CPXPARAM_MIP_Cuts_Cliques=2;CPXPARAM_MIP_Cuts_Covers=0;CPXPARAM_MIP_Cuts_Disjunctive=1;CPXPARAM_MIP_Cuts_FlowCovers=0;CPXPARAM_MIP_Cuts_GUBCovers=1;CPXPARAM_MIP_Cuts_Gomory=0;CPXPARAM_MIP_Cuts_Implied=-1;CPXPARAM_MIP_Cuts_MIRCut=1;CPXPARAM_MIP_Cuts_PathCut=1;CPXPARAM_MIP_Limits_AggForCut=3;CPXPARAM_MIP_Limits_CutPasses=0;CPXPARAM_MIP_Limits_CutsFactor=-1;CPXPARAM_MIP_Limits_GomoryCand=400;CPXPARAM_MIP_Limits_GomoryPass=0;CPXPARAM_MIP_Limits_Nodes=9223372036800000000;CPXPARAM_MIP_Limits_ProbeTime=1e+75;CPXPARAM_MIP_Limits_RepairTries=0;CPXPARAM_MIP_Limits_StrongCand=10;CPXPARAM_MIP_Limits_StrongIt=0;CPXPARAM_MIP_OrderType=0;CPXPARAM_MIP_Strategy_BBInterval=7;CPXPARAM_MIP_Strategy_Branch=-1;CPXPARAM_MIP_Strategy_Dive=0;CPXPARAM_MIP_Strategy_File=1;CPXPARAM_MIP_Strategy_HeuristicFreq=0;CPXPARAM_MIP_Strategy_LBHeur=0;CPXPARAM_MIP_Strategy_NodeSelect=0;CPXPARAM_MIP_Strategy_Order=1;CPXPARAM_MIP_Strategy_PresolveNode=1;CPXPARAM_MIP_Strategy_Probe=0;CPXPARAM_MIP_Strategy_RINSHeur=0;CPXPARAM_MIP_Strategy_StartAlgorithm=0;CPXPARAM_MIP_Strategy_SubAlgorithm=0;CPXPARAM_MIP_Strategy_VariableSelect=4;CPXPARAM_Network_NetFind=2;CPXPARAM_Network_Pricing=0;CPXPARAM_Parallel=1;CPXPARAM_Preprocessing_Aggregator=-1;CPXPARAM_Preprocessing_BoundStrength=-1;CPXPARAM_Preprocessing_CoeffReduce=-1;CPXPARAM_Preprocessing_Dependency=-1;CPXPARAM_Preprocessing_Dual=0;CPXPARAM_Preprocessing_Fill=10;CPXPARAM_Preprocessing_NumPass=-1;CPXPARAM_Preprocessing_Presolve=1;CPXPARAM_Preprocessing_QPMakePSD=1;CPXPARAM_Preprocessing_Reduce=3;CPXPARAM_Preprocessing_Relax=-1;CPXPARAM_Preprocessing_RepeatPresolve=-1;CPXPARAM_Preprocessing_Symmetry=-1;CPXPARAM_Read_Scale=0;CPXPARAM_Sifting_Algorithm=0;CPXPARAM_Simplex_Crash=1;CPXPARAM_Simplex_DGradient=0;CPXPARAM_Simplex_Limits_Perturbation=0;CPXPARAM_Simplex_Limits_Singularity=10;CPXPARAM_Simplex_PGradient=0;CPXPARAM_Simplex_Pricing=0;CPXPARAM_Simplex_Refactor=0
8251516840840304809,0,CPXPARAM_Advance=1;CPXPARAM_Barrier_Algorithm=0;CPXPARAM_Barrier_ColNonzeros=0;CPXPARAM_Barrier_Crossover=0;CPXPARAM_Barrier_Limits_Corrections=-1;CPXPARAM_Barrier_Ordering=0;CPXPARAM_Barrier_StartAlg=1;CPXPARAM_Emphasis_MIP=0;CPXPARAM_Emphasis_Memory=0;CPXPARAM_Emphasis_Numerical=0;CPXPARAM_Feasopt_Mode=0;CPXPARAM_LPMethod=0;CPXPARAM_MIP_Cuts_Cliques=2;CPXPARAM_MIP_Cuts_Covers=0;CPXPARAM_MIP_Cuts_Disjunctive=1;CPXPARAM_MIP_Cuts_FlowCovers=0;CPXPARAM_MIP_Cuts_GUBCovers=1;CPXPARAM_MIP_Cuts_Gomory=0;CPXPARAM_MIP_Cuts_Implied=-1;CPXPARAM_MIP_Cuts_MIRCut=1;CPXPARAM_MIP_Cuts_PathCut=1;CPXPARAM_MIP_Limits_AggForCut=3;CPXPARAM_MIP_Limits_CutPasses=0;CPXPARAM_MIP_Limits_CutsFactor=-1;CPXPARAM_MIP_Limits_GomoryCand=400;CPXPARAM_MIP_Limits_GomoryPass=0;CPXPARAM_MIP_Limits_Nodes=9223372036800000000;CPXPARAM_MIP_Limits_ProbeTime=1e+75;CPXPARAM_MIP_Limits_RepairTries=0;CPXPARAM_MIP_Limits_StrongCand=10;CPXPARAM_MIP_Limits_StrongIt=0;CPXPARAM_MIP_OrderType=0;CPXPARAM_MIP_Strategy_BBInterval=7;CPXPARAM_MIP_Strategy_Branch=0;CPXPARAM_MIP_Strategy_Dive=0;CPXPARAM_MIP_Strategy_File=1;CPXPARAM_MIP_Strategy_HeuristicFreq=0;CPXPARAM_MIP_Strategy_LBHeur=0;CPXPARAM_MIP_Strategy_NodeSelect=0;CPXPARAM_MIP_Strategy_Order=1;CPXPARAM_MIP_Strategy_PresolveNode=1;CPXPARAM_MIP_Strategy_Probe=0;CPXPARAM_MIP_Strategy_RINSHeur=0;CPXPARAM_MIP_Strategy_StartAlgorithm=0;CPXPARAM_MIP_Strategy_SubAlgorithm=0;CPXPARAM_MIP_Strategy_VariableSelect=1;CPXPARAM_Network_NetFind=2;CPXPARAM_Network_Pricing=0;CPXPARAM_Parallel=1;CPXPARAM_Preprocessing_Aggregator=-1;CPXPARAM_Preprocessing_BoundStrength=-1;CPXPARAM_Preprocessing_CoeffReduce=-1;CPXPARAM_Preprocessing_Dependency=-1;CPXPARAM_Preprocessing_Dual=0;CPXPARAM_Preprocessing_Fill=10;CPXPARAM_Preprocessing_NumPass=-1;CPXPARAM_Preprocessing_Presolve=1;CPXPARAM_Preprocessing_QPMakePSD=1;CPXPARAM_Preprocessing_Reduce=3;CPXPARAM_Preprocessing_Relax=-1;CPXPARAM_Preprocessing_RepeatPresolve=-1;CPXPARAM_Preprocessing_Symmetry=-1;CPXPARAM_Read_Scale=0;CPXPARAM_Sifting_Algorithm=0;CPXPARAM_Simplex_Crash=1;CPXPARAM_Simplex_DGradient=0;CPXPARAM_Simplex_Limits_Perturbation=0;CPXPARAM_Simplex_Limits_Singularity=10;CPXPARAM_Simplex_PGradient=0;CPXPARAM_Simplex_Pricing=0;CPXPARAM_Simplex_Refactor=0
6415240443778033530,0,CPXPARAM_Advance=1;CPXPARAM_Barrier_Algorithm=0;CPXPARAM_Barrier_ColNonzeros=0;CPXPARAM_Barrier_Crossover=0;CPXPARAM_Barrier_Limits_Corrections=-1;CPXPARAM_Barrier_Ordering=0;CPXPARAM_Barrier_StartAlg=1;CPXPARAM_Emphasis_MIP=2;CPXPARAM_Emphasis_Memory=0;CPXPARAM_Emphasis_Numerical=0;CPXPARAM_Feasopt_Mode=0;CPXPARAM_LPMethod=0;CPXPARAM_MIP_Cuts_Cliques=-1;CPXPARAM_MIP_Cuts_Covers=2;CPXPARAM_MIP_Cuts_Disjunctive=1;CPXPARAM_MIP_Cuts_FlowCovers=2;CPXPARAM_MIP_Cuts_GUBCovers=1;CPXPARAM_MIP_Cuts_Gomory=0;CPXPARAM_MIP_Cuts_Implied=-1;CPXPARAM_MIP_Cuts_MIRCut=-1;CPXPARAM_MIP_Cuts_PathCut=-1;CPXPARAM_MIP_Limits_AggForCut=2;CPXPARAM_MIP_Limits_CutPasses=0;CPXPARAM_MIP_Limits_CutsFactor=-1;CPXPARAM_MIP_Limits_GomoryCand=400;CPXPARAM_MIP_Limits_GomoryPass=0;CPXPARAM_MIP_Limits_Nodes=9223372036800000000;CPXPARAM_MIP_Limits_ProbeTime=1e+75;CPXPARAM_MIP_Limits_RepairTries=0;CPXPARAM_MIP_Limits_StrongCand=10;CPXPARAM_MIP_Limits_StrongIt=0;CPXPARAM_MIP_OrderType=0;CPXPARAM_MIP_Strategy_BBInterval=7;CPXPARAM_MIP_Strategy_Branch=0;CPXPARAM_MIP_Strategy_Dive=0;CPXPARAM_MIP_Strategy_File=1;CPXPARAM_MIP_Strategy_HeuristicFreq=0;CPXPARAM_MIP_Strategy_LBHeur=0;CPXPARAM_MIP_Strategy_NodeSelect=1;CPXPARAM_MIP_Strategy_Order=1;CPXPARAM_MIP_Strategy_PresolveNode=0;CPXPARAM_MIP_Strategy_Probe=0;CPXPARAM_MIP_Strategy_RINSHeur=0;CPXPARAM_MIP_Strategy_StartAlgorithm=0;CPXPARAM_MIP_Strategy_SubAlgorithm=0;CPXPARAM_MIP_Strategy_VariableSelect=0;CPXPARAM_Network_NetFind=2;CPXPARAM_Network_Pricing=0;CPXPARAM_Parallel=1;CPXPARAM_Preprocessing_Aggregator=-1;CPXPARAM_Preprocessing_BoundStrength=-1;CPXPARAM_Preprocessing_CoeffReduce=-1;CPXPARAM_Preprocessing_Dependency=-1;CPXPARAM_Preprocessing_Dual=0;CPXPARAM_Preprocessing_Fill=10;CPXPARAM_Preprocessing_NumPass=-1;CPXPARAM_Preprocessing_Presolve=1;CPXPARAM_Preprocessing_QPMakePSD=1;CPXPARAM_Preprocessing_Reduce=3;CPXPARAM_Preprocessing_Relax=-1;CPXPARAM_Preprocessing_RepeatPresolve=-1;CPXPARAM_Preprocessing_Symmetry=-1;CPXPARAM_Read_Scale=0;CPXPARAM_Sifting_Algorithm=0;CPXPARAM_Simplex_Crash=1;CPXPARAM_Simplex_DGradient=0;CPXPARAM_Simplex_Limits_Perturbation=0;CPXPARAM_Simplex_Limits_Singularity=10;CPXPARAM_Simplex_PGradient=0;CPXPARAM_Simplex_Pricing=0;CPXPARAM_Simplex_Refactor=0
4662293171075652077,0,CPXPARAM_Advance=1;CPXPARAM_Barrier_Algorithm=0;CPXPARAM_Barrier_ColNonzeros=0;CPXPARAM_Barrier_Crossover=0;CPXPARAM_Barrier_Limits_Corrections=-1;CPXPARAM_Barrier_Ordering=0;CPXPARAM_Barrier_StartAlg=1;CPXPARAM_Emphasis_MIP=0;CPXPARAM_Emphasis_Memory=0;CPXPARAM_Emphasis_Numerical=0;CPXPARAM_Feasopt_Mode=0;CPXPARAM_LPMethod=0;CPXPARAM_MIP_Cuts_Cliques=2;CPXPARAM_MIP_Cuts_Covers=0;CPXPARAM_MIP_Cuts_Disjunctive=1;CPXPARAM_MIP_Cuts_FlowCovers=0;CPXPARAM_MIP_Cuts_GUBCovers=1;CPXPARAM_MIP_Cuts_Gomory=0;CPXPARAM_MIP_Cuts_Implied=-1;CPXPARAM_MIP_Cuts_MIRCut=1;CPXPARAM_MIP_Cuts_PathCut=1;CPXPARAM_MIP_Limits_AggForCut=3;CPXPARAM_MIP_Limits_CutPasses=0;CPXPARAM_MIP_Limits_CutsFactor=-1;CPXPARAM_MIP_Limits_GomoryCand=400;CPXPARAM_MIP_Limits_GomoryPass=0;CPXPARAM_MIP_Limits_Nodes=9223372036800000000;CPXPARAM_MIP_Limits_ProbeTime=1e+75;CPXPARAM_MIP_Limits_RepairTries=0;CPXPARAM_MIP_Limits_StrongCand=10;CPXPARAM_MIP_Limits_StrongIt=0;CPXPARAM_MIP_OrderType=0;CPXPARAM_MIP_Strategy_BBInterval=7;CPXPARAM_MIP_Strategy_Branch=-1;CPXPARAM_MIP_Strategy_Dive=0;CPXPARAM_MIP_Strategy_File=1;CPXPARAM_MIP_Strategy_HeuristicFreq=0;CPXPARAM_MIP_Strategy_LBHeur=0;CPXPARAM_MIP_Strategy_NodeSelect=0;CPXPARAM_MIP_Strategy_Order=1;CPXPARAM_MIP_Strategy_PresolveNode=1;CPXPARAM_MIP_Strategy_Probe=3;CPXPARAM_MIP_Strategy_RINSHeur=0;CPXPARAM_MIP_Strategy_StartAlgorithm=0;CPXPARAM_MIP_Strategy_SubAlgorithm=0;CPXPARAM_MIP_Strategy_VariableSelect=1;CPXPARAM_Network_NetFind=2;CPXPARAM_Network_Pricing=0;CPXPARAM_Parallel=1;CPXPARAM_Preprocessing_Aggregator=-1;CPXPARAM_Preprocessing_BoundStrength=-1;CPXPARAM_Preprocessing_CoeffReduce=-1;CPXPARAM_Preprocessing_Dependency=-1;CPXPARAM_Preprocessing_Dual=0;CPXPARAM_Preprocessing_Fill=10;CPXPARAM_Preprocessing_NumPass=-1;CPXPARAM_Preprocessing_Presolve=1;CPXPARAM_Preprocessing_QPMakePSD=1;CPXPARAM_Preprocessing_Reduce=3;CPXPARAM_Preprocessing_Relax=-1;CPXPARAM_Preprocessing_RepeatPresolve=-1;CPXPARAM_Preprocessing_Symmetry=-1;CPXPARAM_Read_Scale=0;CPXPARAM_Sifting_Algorithm=0;CPXPARAM_Simplex_Crash=1;CPXPARAM_Simplex_DGradient=0;CPXPARAM_Simplex_Limits_Perturbation=0;CPXPARAM_Simplex_Limits_Singularity=10;CPXPARAM_Simplex_PGradient=0;CPXPARAM_Simplex_Pricing=0;CPXPARAM_Simplex_Refactor=0
3197272943974577478,0,CPXPARAM_Advance=1;CPXPARAM_Barrier_Algorithm=0;CPXPARAM_Barrier_ColNonzeros=0;CPXPARAM_Barrier_Crossover=0;CPXPARAM_Barrier_Limits_Corrections=-1;CPXPARAM_Barrier_Ordering=0;CPXPARAM_Barrier_StartAlg=1;CPXPARAM_Emphasis_MIP=0;CPXPARAM_Emphasis_Memory=0;CPXPARAM_Emphasis_Numerical=0;CPXPARAM_Feasopt_Mode=0;CPXPARAM_LPMethod=0;CPXPARAM_MIP_Cuts_Cliques=2;CPXPARAM_MIP_Cuts_Covers=-1;CPXPARAM_MIP_Cuts_Disjunctive=0;CPXPARAM_MIP_Cuts_FlowCovers=2;CPXPARAM_MIP_Cuts_GUBCovers=0;CPXPARAM_MIP_Cuts_Gomory=-1;CPXPARAM_MIP_Cuts_Implied=1;CPXPARAM_MIP_Cuts_MIRCut=2;CPXPARAM_MIP_Cuts_PathCut=0;CPXPARAM_MIP_Limits_AggForCut=3;CPXPARAM_MIP_Limits_CutPasses=0;CPXPARAM_MIP_Limits_CutsFactor=-1;CPXPARAM_MIP_Limits_GomoryCand=10;CPXPARAM_MIP_Limits_GomoryPass=0;CPXPARAM_MIP_Limits_Nodes=9223372036800000000;CPXPARAM_MIP_Limits_ProbeTime=1e+75;CPXPARAM_MIP_Limits_RepairTries=0;CPXPARAM_MIP_Limits_StrongCand=10;CPXPARAM_MIP_Limits_StrongIt=0;CPXPARAM_MIP_OrderType=0;CPXPARAM_MIP_Strategy_BBInterval=7;CPXPARAM_MIP_Strategy_Branch=0;CPXPARAM_MIP_Strategy_Dive=0;CPXPARAM_MIP_Strategy_File=1;CPXPARAM_MIP_Strategy_HeuristicFreq=0;CPXPARAM_MIP_Strategy_LBHeur=0;CPXPARAM_MIP_Strategy_NodeSelect=2;CPXPARAM_MIP_Strategy_Order=1;CPXPARAM_MIP_Strategy_PresolveNode=2;CPXPARAM_MIP_Strategy_Probe=0;CPXPARAM_MIP_Strategy_RINSHeur=0;CPXPARAM_MIP_Strategy_StartAlgorithm=0;CPXPARAM_MIP_Strategy_SubAlgorithm=0;CPXPARAM_MIP_Strategy_VariableSelect=-1;CPXPARAM_Network_NetFind=2;CPXPARAM_Network_Pricing=0;CPXPARAM_Parallel=1;CPXPARAM_Preprocessing_Aggregator=-1;CPXPARAM_Preprocessing_BoundStrength=-1;CPXPARAM_Preprocessing_CoeffReduce=-1;CPXPARAM_Preprocessing_Dependency=-1;CPXPARAM_Preprocessing_Dual=0;CPXPARAM_Preprocessing_Fill=10;CPXPARAM_Preprocessing_NumPass=-1;CPXPARAM_Preprocessing_Presolve=1;CPXPARAM_Preprocessing_QPMakePSD=1;CPXPARAM_Preprocessing_Reduce=3;CPXPARAM_Preprocessing_Relax=-1;CPXPARAM_Preprocessing_RepeatPresolve=-1;CPXPARAM_Preprocessing_Symmetry=-1;CPXPARAM_Read_Scale=0;CPXPARAM_Sifting_Algorithm=0;CPXPARAM_Simplex_Crash=1;CPXPARAM_Simplex_DGradient=0;CPXPARAM_Simplex_Limits_Perturbation=0;CPXPARAM_Simplex_Limits_Singularity=10;CPXPARAM_Simplex_PGradient=0;CPXPARAM_Simplex_Pricing=0;CPXPARAM_Simplex_Refactor=0
11082875561253866288,0,CPXPARAM_Advance=1;CPXPARAM_Barrier_Algorithm=0;CPXPARAM_Barrier_ColNonzeros=0;CPXPARAM_Barrier_Crossover=0;CPXPARAM_Barrier_Limits_Corrections=-1;CPXPARAM_Barrier_Ordering=0;CPXPARAM_Barrier_StartAlg=1;CPXPARAM_Emphasis_MIP=0;CPXPARAM_Emphasis_Memory=0;CPXPARAM_Emphasis_Numerical=0;CPXPARAM_Feasopt_Mode=0;CPXPARAM_LPMethod=0;CPXPARAM_MIP_Cuts_Cliques=-1;CPXPARAM_MIP_Cuts_Covers=-1;CPXPARAM_MIP_Cuts_Disjunctive=0;CPXPARAM_MIP_Cuts_FlowCovers=2;CPXPARAM_MIP_Cuts_GUBCovers=1;CPXPARAM_MIP_Cuts_Gomory=1;CPXPARAM_MIP_Cuts_Implied=1;CPXPARAM_MIP_Cuts_MIRCut=1;CPXPARAM_MIP_Cuts_PathCut=0;CPXPARAM_MIP_Limits_AggForCut=3;CPXPARAM_MIP_Limits_CutPasses=0;CPXPARAM_MIP_Limits_CutsFactor=-1;CPXPARAM_MIP_Limits_GomoryCand=25;CPXPARAM_MIP_Limits_GomoryPass=0;CPXPARAM_MIP_Limits_Nodes=9223372036800000000;CPXPARAM_MIP_Limits_ProbeTime=1e+75;CPXPARAM_MIP_Limits_RepairTries=0;CPXPARAM_MIP_Limits_StrongCand=10;CPXPARAM_MIP_Limits_StrongIt=0;CPXPARAM_MIP_OrderType=0;CPXPARAM_MIP_Strategy_BBInterval=7;CPXPARAM_MIP_Strategy_Branch=0;CPXPARAM_MIP_Strategy_Dive=0;CPXPARAM_MIP_Strategy_File=1;CPXPARAM_MIP_Strategy_HeuristicFreq=0;CPXPARAM_MIP_Strategy_LBHeur=0;CPXPARAM_MIP_Strategy_NodeSelect=3;CPXPARAM_MIP_Strategy_Order=1;CPXPARAM_MIP_Strategy_PresolveNode=3;CPXPARAM_MIP_Strategy_Probe=1;CPXPARAM_MIP_Strategy_RINSHeur=0;CPXPARAM_MIP_Strategy_StartAlgorithm=0;CPXPARAM_MIP_Strategy_SubAlgorithm=3;CPXPARAM_MIP_Strategy_VariableSelect=2;CPXPARAM_Network_NetFind=2;CPXPARAM_Network_Pricing=0;CPXPARAM_Parallel=1;CPXPARAM_Preprocessing_Aggregator=-1;CPXPARAM_Preprocessing_BoundStrength=-1;CPXPARAM_Preprocessing_CoeffReduce=-1;CPXPARAM_Preprocessing_Dependency=-1;CPXPARAM_Preprocessing_Dual=0;CPXPARAM_Preprocessing_Fill=5;CPXPARAM_Preprocessing_NumPass=-1;CPXPARAM_Preprocessing_Presolve=1;CPXPARAM_Preprocessing_QPMakePSD=1;CPXPARAM_Preprocessing_Reduce=3;CPXPARAM_Preprocessing_Relax=-1;CPXPARAM_Preprocessing_RepeatPresolve=-1;CPXPARAM_Preprocessing_Symmetry=-1;CPXPARAM_Read_Scale=0;CPXPARAM_Sifting_Algorithm=0;CPXPARAM_Simplex_Crash=1;CPXPARAM_Simplex_DGradient=0;CPXPARAM_Simplex_Limits_Perturbation=0;CPXPARAM_Simplex_Limits_Singularity=10;CPXPARAM_Simplex_PGradient=0;CPXPARAM_Simplex_Pricing=0;CPXPARAM_Simplex_Refactor=0
15328473597591792799,0,CPXPARAM_Advance=1;CPXPARAM_Barrier_Algorithm=0;CPXPARAM_Barrier_ColNonzeros=0;CPXPARAM_Barrier_Crossover=0;CPXPARAM_Barrier_Limits_Corrections=-1;CPXPARAM_Barrier_Ordering=0;CPXPARAM_Barrier_StartAlg=1;CPXPARAM_Emphasis_MIP=0;CPXPARAM_Emphasis_Memory=0;CPXPARAM_Emphasis_Numerical=0;CPXPARAM_Feasopt_Mode=0;CPXPARAM_LPMethod=0;CPXPARAM_MIP_Cuts_Cliques=2;CPXPARAM_MIP_Cuts_Covers=-1;CPXPARAM_MIP_Cuts_Disjunctive=0;CPXPARAM_MIP_Cuts_FlowCovers=2;CPXPARAM_MIP_Cuts_GUBCovers=0;CPXPARAM_MIP_Cuts_Gomory=-1;CPXPARAM_MIP_Cuts_Implied=1;CPXPARAM_MIP_Cuts_MIRCut=1;CPXPARAM_MIP_Cuts_PathCut=0;CPXPARAM_MIP_Limits_AggForCut=3;CPXPARAM_MIP_Limits_CutPasses=0;CPXPARAM_MIP_Limits_CutsFactor=-1;CPXPARAM_MIP_Limits_GomoryCand=10;CPXPARAM_MIP_Limits_GomoryPass=0;CPXPARAM_MIP_Limits_Nodes=9223372036800000000;CPXPARAM_MIP_Limits_ProbeTime=1e+75;CPXPARAM_MIP_Limits_RepairTries=0;CPXPARAM_MIP_Limits_StrongCand=10;CPXPARAM_MIP_Limits_StrongIt=0;CPXPARAM_MIP_OrderType=0;CPXPARAM_MIP_Strategy_BBInterval=7;CPXPARAM_MIP_Strategy_Branch=0;CPXPARAM_MIP_Strategy_Dive=0;CPXPARAM_MIP_Strategy_File=1;CPXPARAM_MIP_Strategy_HeuristicFreq=0;CPXPARAM_MIP_Strategy_LBHeur=0;CPXPARAM_MIP_Strategy_NodeSelect=2;CPXPARAM_MIP_Strategy_Order=1;CPXPARAM_MIP_Strategy_PresolveNode=0;CPXPARAM_MIP_Strategy_Probe=0;CPXPARAM_MIP_Strategy_RINSHeur=0;CPXPARAM_MIP_Strategy_StartAlgorithm=0;CPXPARAM_MIP_Strategy_SubAlgorithm=0;CPXPARAM_MIP_Strategy_VariableSelect=-1;CPXPARAM_Network_NetFind=2;CPXPARAM_Network_Pricing=0;CPXPARAM_Parallel=1;CPXPARAM_Preprocessing_Aggregator=-1;CPXPARAM_Preprocessing_BoundStrength=-1;CPXPARAM_Preprocessing_CoeffReduce=-1;CPXPARAM_Preprocessing_Dependency=-1;CPXPARAM_Preprocessing_Dual=0;CPXPARAM_Preprocessing_Fill=10;CPXPARAM_Preprocessing_NumPass=-1;CPXPARAM_Preprocessing_Presolve=1;CPXPARAM_Preprocessing_QPMakePSD=1;CPXPARAM_Preprocessing_Reduce=3;CPXPARAM_Preprocessing_Relax=-1;CPXPARAM_Preprocessing_RepeatPresolve=-1;CPXPARAM_Preprocessing_Symmetry=-1;CPXPARAM_Read_Scale=0;CPXPARAM_Sifting_Algorithm=0;CPXPARAM_Simplex_Crash=1;CPXPARAM_Simplex_DGradient=0;CPXPARAM_Simplex_Limits_Perturbation=0;CPXPARAM_Simplex_Limits_Singularity=10;CPXPARAM_Simplex_PGradient=0;CPXPARAM_Simplex_Pricing=0;CPXPARAM_Simplex_Refactor=0
3703900224757954994,0,CPXPARAM_Advance=1;CPXPARAM_Barrier_Algorithm=0;CPXPARAM_Barrier_ColNonzeros=0;CPXPARAM_Barrier_Crossover=0;CPXPARAM_Barrier_Limits_Corrections=-1;CPXPARAM_Barrier_Ordering=0;CPXPARAM_Barrier_StartAlg=1;CPXPARAM_Emphasis_MIP=2;CPXPARAM_Emphasis_Memory=0;CPXPARAM_Emphasis_Numerical=0;CPXPARAM_Feasopt_Mode=0;CPXPARAM_LPMethod=0;CPXPARAM_MIP_Cuts_Cliques=-1;CPXPARAM_MIP_Cuts_Covers=2;CPXPARAM_MIP_Cuts_Disjunctive=1;CPXPARAM_MIP_Cuts_FlowCovers=2;CPXPARAM_MIP_Cuts_GUBCovers=1;CPXPARAM_MIP_Cuts_Gomory=0;CPXPARAM_MIP_Cuts_Implied=-1;CPXPARAM_MIP_Cuts_MIRCut=-1;CPXPARAM_MIP_Cuts_PathCut=-1;CPXPARAM_MIP_Limits_AggForCut=3;CPXPARAM_MIP_Limits_CutPasses=0;CPXPARAM_MIP_Limits_CutsFactor=-1;CPXPARAM_MIP_Limits_GomoryCand=400;CPXPARAM_MIP_Limits_GomoryPass=0;CPXPARAM_MIP_Limits_Nodes=9223372036800000000;CPXPARAM_MIP_Limits_ProbeTime=1e+75;CPXPARAM_MIP_Limits_RepairTries=0;CPXPARAM_MIP_Limits_StrongCand=10;CPXPARAM_MIP_Limits_StrongIt=0;CPXPARAM_MIP_OrderType=0;CPXPARAM_MIP_Strategy_BBInterval=7;CPXPARAM_MIP_Strategy_Branch=0;CPXPARAM_MIP_Strategy_Dive=0;CPXPARAM_MIP_Strategy_File=1;CPXPARAM_MIP_Strategy_HeuristicFreq=0;CPXPARAM_MIP_Strategy_LBHeur=0;CPXPARAM_MIP_Strategy_NodeSelect=1;CPXPARAM_MIP_Strategy_Order=1;CPXPARAM_MIP_Strategy_PresolveNode=0;CPXPARAM_MIP_Strategy_Probe=0;CPXPARAM_MIP_Strategy_RINSHeur=1000;CPXPARAM_MIP_Strategy_StartAlgorithm=0;CPXPARAM_MIP_Strategy_SubAlgorithm=0;CPXPARAM_MIP_Strategy_VariableSelect=0;CPXPARAM_Network_NetFind=2;CPXPARAM_Network_Pricing=0;CPXPARAM_Parallel=1;CPXPARAM_Preprocessing_Aggregator=-1;CPXPARAM_Preprocessing_BoundStrength=-1;CPXPARAM_Preprocessing_CoeffReduce=-1;CPXPARAM_Preprocessing_Dependency=-1;CPXPARAM_Preprocessing_Dual=0;CPXPARAM_Preprocessing_Fill=10;CPXPARAM_Preprocessing_NumPass=-1;CPXPARAM_Preprocessing_Presolve=1;CPXPARAM_Preprocessing_QPMakePSD=1;CPXPARAM_Preprocessing_Reduce=3;CPXPARAM_Preprocessing_Relax=-1;CPXPARAM_Preprocessing_RepeatPresolve=-1;CPXPARAM_Preprocessing_Symmetry=-1;CPXPARAM_Read_Scale=0;CPXPARAM_Sifting_Algorithm=0;CPXPARAM_Simplex_Crash=1;CPXPARAM_Simplex_DGradient=0;CPXPARAM_Simplex_Limits_Perturbation=0;CPXPARAM_Simplex_Limits_Singularity=10;CPXPARAM_Simplex_PGradient=0;CPXPARAM_Simplex_Pricing=0;CPXPARAM_Simplex_Refactor=0
10808668463383620913,0,CPXPARAM_Advance=1;CPXPARAM_Barrier_Algorithm=0;CPXPARAM_Barrier_ColNonzeros=0;CPXPARAM_Barrier_Crossover=0;CPXPARAM_Barrier_Limits_Corrections=-1;CPXPARAM_Barrier_Ordering=0;CPXPARAM_Barrier_StartAlg=1;CPXPARAM_Emphasis_MIP=4;CPXPARAM_Emphasis_Memory=0;CPXPARAM_Emphasis_Numerical=0;CPXPARAM_Feasopt_Mode=0;CPXPARAM_LPMethod=0;CPXPARAM_MIP_Cuts_Cliques=0;CPXPARAM_MIP_Cuts_Covers=1;CPXPARAM_MIP_Cuts_Disjunctive=0;CPXPARAM_MIP_Cuts_FlowCovers=-1;CPXPARAM_MIP_Cuts_GUBCovers=2;CPXPARAM_MIP_Cuts_Gomory=0;CPXPARAM_MIP_Cuts_Implied=0;CPXPARAM_MIP_Cuts_MIRCut=0;CPXPARAM_MIP_Cuts_PathCut=1;CPXPARAM_MIP_Limits_AggForCut=3;CPXPARAM_MIP_Limits_CutPasses=0;CPXPARAM_MIP_Limits_CutsFactor=-1;CPXPARAM_MIP_Limits_GomoryCand=150;CPXPARAM_MIP_Limits_GomoryPass=0;CPXPARAM_MIP_Limits_Nodes=9223372036800000000;CPXPARAM_MIP_Limits_ProbeTime=1e+75;CPXPARAM_MIP_Limits_RepairTries=0;CPXPARAM_MIP_Limits_StrongCand=10;CPXPARAM_MIP_Limits_StrongIt=0;CPXPARAM_MIP_OrderType=0;CPXPARAM_MIP_Strategy_BBInterval=7;CPXPARAM_MIP_Strategy_Branch=0;CPXPARAM_MIP_Strategy_Dive=0;CPXPARAM_MIP_Strategy_File=1;CPXPARAM_MIP_Strategy_HeuristicFreq=0;CPXPARAM_MIP_Strategy_LBHeur=0;CPXPARAM_MIP_Strategy_NodeSelect=1;CPXPARAM_MIP_Strategy_Order=1;CPXPARAM_MIP_Strategy_PresolveNode=0;CPXPARAM_MIP_Strategy_Probe=0;CPXPARAM_MIP_Strategy_RINSHeur=0;CPXPARAM_MIP_Strategy_StartAlgorithm=0;CPXPARAM_MIP_Strategy_SubAlgorithm=0;CPXPARAM_MIP_Strategy_VariableSelect=-1;CPXPARAM_Network_NetFind=2;CPXPARAM_Network_Pricing=0;CPXPARAM_Parallel=1;CPXPARAM_Preprocessing_Aggregator=-1;CPXPARAM_Preprocessing_BoundStrength=-1;CPXPARAM_Preprocessing_CoeffReduce=-1;CPXPARAM_Preprocessing_Dependency=-1;CPXPARAM_Preprocessing_Dual=0;CPXPARAM_Preprocessing_Fill=10;CPXPARAM_Preprocessing_NumPass=-1;CPXPARAM_Preprocessing_Presolve=1;CPXPARAM_Preprocessing_QPMakePSD=1;CPXPARAM_Preprocessing_Reduce=3;CPXPARAM_Preprocessing_Relax=-1;CPXPARAM_Preprocessing_RepeatPresolve=-1;CPXPARAM_Preprocessing_Symmetry=-1;CPXPARAM_Read_Scale=0;CPXPARAM_Sifting_Algorithm=0;CPXPARAM_Simplex_Crash=1;CPXPARAM_Simplex_DGradient=0;CPXPARAM_Simplex_Limits_Perturbation=0;CPXPARAM_Simplex_Limits_Singularity=10;CPXPARAM_Simplex_PGradient=0;CPXPARAM_Simplex_Pricing=0;CPXPARAM_Simplex_Refactor=0
6293965943947472348,0,CPXPARAM_Advance=1;CPXPARAM_Barrier_Algorithm=0;CPXPARAM_Barrier_ColNonzeros=0;CPXPARAM_Barrier_Crossover=0;CPXPARAM_Barrier_Limits_Corrections=-1;CPXPARAM_Barrier_Ordering=0;CPXPARAM_Barrier_StartAlg=1;CPXPARAM_Emphasis_MIP=3;CPXPARAM_Emphasis_Memory=0;CPXPARAM_Emphasis_Numerical=0;CPXPARAM_Feasopt_Mode=0;CPXPARAM_LPMethod=0;CPXPARAM_MIP_Cuts_Cliques=-1;CPXPARAM_MIP_Cuts_Covers=0;CPXPARAM_MIP_Cuts_Disjunctive=1;CPXPARAM_MIP_Cuts_FlowCovers=-1;CPXPARAM_MIP_Cuts_GUBCovers=0;CPXPARAM_MIP_Cuts_Gomory=-1;CPXPARAM_MIP_Cuts_Implied=-1;CPXPARAM_MIP_Cuts_MIRCut=-1;CPXPARAM_MIP_Cuts_PathCut=-1;CPXPARAM_MIP_Limits_AggForCut=3;CPXPARAM_MIP_Limits_CutPasses=0;CPXPARAM_MIP_Limits_CutsFactor=-1;CPXPARAM_MIP_Limits_GomoryCand=200;CPXPARAM_MIP_Limits_GomoryPass=0;CPXPARAM_MIP_Limits_Nodes=9223372036800000000;CPXPARAM_MIP_Limits_ProbeTime=1e+75;CPXPARAM_MIP_Limits_RepairTries=0;CPXPARAM_MIP_Limits_StrongCand=10;CPXPARAM_MIP_Limits_StrongIt=0;CPXPARAM_MIP_OrderType=0;CPXPARAM_MIP_Strategy_BBInterval=7;CPXPARAM_MIP_Strategy_Branch=0;CPXPARAM_MIP_Strategy_Dive=0;CPXPARAM_MIP_Strategy_File=1;CPXPARAM_MIP_Strategy_HeuristicFreq=0;CPXPARAM_MIP_Strategy_LBHeur=0;CPXPARAM_MIP_Strategy_NodeSelect=1;CPXPARAM_MIP_Strategy_Order=1;CPXPARAM_MIP_Strategy_PresolveNode=0;CPXPARAM_MIP_Strategy_Probe=0;CPXPARAM_MIP_Strategy_RINSHeur=0;CPXPARAM_MIP_Strategy_StartAlgorithm=0;CPXPARAM_MIP_Strategy_SubAlgorithm=0;CPXPARAM_MIP_Strategy_VariableSelect=0;CPXPARAM_Network_NetFind=2;CPXPARAM_Network_Pricing=0;CPXPARAM_Parallel=1;CPXPARAM_Preprocessing_Aggregator=-1;CPXPARAM_Preprocessing_BoundStrength=-1;CPXPARAM_Preprocessing_CoeffReduce=-1;CPXPARAM_Preprocessing_Dependency=-1;CPXPARAM_Preprocessing_Dual=0;CPXPARAM_Preprocessing_Fill=10;CPXPARAM_Preprocessing_NumPass=-1;CPXPARAM_Preprocessing_Presolve=1;CPXPARAM_Preprocessing_QPMakePSD=1;CPXPARAM_Preprocessing_Reduce=3;CPXPARAM_Preprocessing_Relax=-1;CPXPARAM_Preprocessing_RepeatPresolve=-1;CPXPARAM_Preprocessing_Symmetry=-1;CPXPARAM_Read_Scale=0;CPXPARAM_Sifting_Algorithm=0;CPXPARAM_Simplex_Crash=1;CPXPARAM_Simplex_DGradient=0;CPXPARAM_Simplex_Limits_Perturbation=0;CPXPARAM_Simplex_Limits_Singularity=10;CPXPARAM_Simplex_PGradient=0;CPXPARAM_Simplex_Pricing=0;CPXPARAM_Simplex_Refactor=0
13371994862008949795,0,CPXPARAM_Advance=1;CPXPARAM_Barrier_Algorithm=0;CPXPARAM_Barrier_ColNonzeros=0;CPXPARAM_Barrier_Crossover=0;CPXPARAM_Barrier_Limits_Corrections=-1;CPXPARAM_Barrier_Ordering=0;CPXPARAM_Barrier_StartAlg=1;CPXPARAM_Emphasis_MIP=0;CPXPARAM_Emphasis_Memory=0;CPXPARAM_Emphasis_Numerical=0;CPXPARAM_Feasopt_Mode=0;CPXPARAM_LPMethod=0;CPXPARAM_MIP_Cuts_Cliques=-1;CPXPARAM_MIP_Cuts_Covers=-1;CPXPARAM_MIP_Cuts_Disjunctive=-1;CPXPARAM_MIP_Cuts_FlowCovers=-1;CPXPARAM_MIP_Cuts_GUBCovers=2;CPXPARAM_MIP_Cuts_Gomory=0;CPXPARAM_MIP_Cuts_Implied=1;CPXPARAM_MIP_Cuts_MIRCut=-1;CPXPARAM_MIP_Cuts_PathCut=2;CPXPARAM_MIP_Limits_AggForCut=0;CPXPARAM_MIP_Limits_CutPasses=0;CPXPARAM_MIP_Limits_CutsFactor=-1;CPXPARAM_MIP_Limits_GomoryCand=200;CPXPARAM_MIP_Limits_GomoryPass=0;CPXPARAM_MIP_Limits_Nodes=9223372036800000000;CPXPARAM_MIP_Limits_ProbeTime=1e+75;CPXPARAM_MIP_Limits_RepairTries=0;CPXPARAM_MIP_Limits_StrongCand=10;CPXPARAM_MIP_Limits_StrongIt=0;CPXPARAM_MIP_OrderType=3;CPXPARAM_MIP_Strategy_BBInterval=7;CPXPARAM_MIP_Strategy_Branch=0;CPXPARAM_MIP_Strategy_Dive=0;CPXPARAM_MIP_Strategy_File=1;CPXPARAM_MIP_Strategy_HeuristicFreq=0;CPXPARAM_MIP_Strategy_LBHeur=0;CPXPARAM_MIP_Strategy_NodeSelect=0;CPXPARAM_MIP_Strategy_Order=1;CPXPARAM_MIP_Strategy_PresolveNode=2;CPXPARAM_MIP_Strategy_Probe=3;CPXPARAM_MIP_Strategy_RINSHeur=0;CPXPARAM_MIP_Strategy_StartAlgorithm=0;CPXPARAM_MIP_Strategy_SubAlgorithm=0;CPXPARAM_MIP_Strategy_VariableSelect=0;CPXPARAM_Network_NetFind=2;CPXPARAM_Network_Pricing=0;CPXPARAM_Parallel=1;CPXPARAM_Preprocessing_Aggregator=-1;CPXPARAM_Preprocessing_BoundStrength=-1;CPXPARAM_Preprocessing_CoeffReduce=-1;CPXPARAM_Preprocessing_Dependency=-1;CPXPARAM_Preprocessing_Dual=0;CPXPARAM_Preprocessing_Fill=2;CPXPARAM_Preprocessing_NumPass=-1;CPXPARAM_Preprocessing_Presolve=1;CPXPARAM_Preprocessing_QPMakePSD=1;CPXPARAM_Preprocessing_Reduce=0;CPXPARAM_Preprocessing_Relax=-1;CPXPARAM_Preprocessing_RepeatPresolve=-1;CPXPARAM_Preprocessing_Symmetry=-1;CPXPARAM_Read_Scale=1;CPXPARAM_Sifting_Algorithm=0;CPXPARAM_Simplex_Crash=1;CPXPARAM_Simplex_DGradient=0;CPXPARAM_Simplex_Limits_Perturbation=0;CPXPARAM_Simplex_Limits_Singularity=10;CPXPARAM_Simplex_PGradient=0;CPXPARAM_Simplex_Pricing=0;CPXPARAM_Simplex_Refactor=0
12494388516524684468,0,CPXPARAM_Advance=1;CPXPARAM_Barrier_Algorithm=0;CPXPARAM_Barrier_ColNonzeros=0;CPXPARAM_Barrier_Crossover=0;CPXPARAM_Barrier_Limits_Corrections=-1;CPXPARAM_Barrier_Ordering=0;CPXPARAM_Barrier_StartAlg=1;CPXPARAM_Emphasis_MIP=0;CPXPARAM_Emphasis_Memory=0;CPXPARAM_Emphasis_Numerical=0;CPXPARAM_Feasopt_Mode=0;CPXPARAM_LPMethod=0;CPXPARAM_MIP_Cuts_Cliques=0;CPXPARAM_MIP_Cuts_Covers=-1;CPXPARAM_MIP_Cuts_Disjunctive=0;CPXPARAM_MIP_Cuts_FlowCovers=2;CPXPARAM_MIP_Cuts_GUBCovers=0;CPXPARAM_MIP_Cuts_Gomory=-1;CPXPARAM_MIP_Cuts_Implied=1;CPXPARAM_MIP_Cuts_MIRCut=1;CPXPARAM_MIP_Cuts_PathCut=0;CPXPARAM_MIP_Limits_AggForCut=3;CPXPARAM_MIP_Limits_CutPasses=0;CPXPARAM_MIP_Limits_CutsFactor=-1;CPXPARAM_MIP_Limits_GomoryCand=10;CPXPARAM_MIP_Limits_GomoryPass=0;CPXPARAM_MIP_Limits_Nodes=9223372036800000000;CPXPARAM_MIP_Limits_ProbeTime=1e+75;CPXPARAM_MIP_Limits_RepairTries=0;CPXPARAM_MIP_Limits_StrongCand=10;CPXPARAM_MIP_Limits_StrongIt=0;CPXPARAM_MIP_OrderType=0;CPXPARAM_MIP_Strategy_BBInterval=7;CPXPARAM_MIP_Strategy_Branch=0;CPXPARAM_MIP_Strategy_Dive=0;CPXPARAM_MIP_Strategy_File=1;CPXPARAM_MIP_Strategy_HeuristicFreq=0;CPXPARAM_MIP_Strategy_LBHeur=0;CPXPARAM_MIP_Strategy_NodeSelect=2;CPXPARAM_MIP_Strategy_Order=1;CPXPARAM_MIP_Strategy_PresolveNode=2;CPXPARAM_MIP_Strategy_Probe=0;CPXPARAM_MIP_Strategy_RINSHeur=0;CPXPARAM_MIP_Strategy_StartAlgorithm=0;CPXPARAM_MIP_Strategy_SubAlgorithm=0;CPXPARAM_MIP_Strategy_VariableSelect=-1;CPXPARAM_Network_NetFind=2;CPXPARAM_Network_Pricing=0;CPXPARAM_Parallel=1;CPXPARAM_Preprocessing_Aggregator=-1;CPXPARAM_Preprocessing_BoundStrength=-1;CPXPARAM_Preprocessing_CoeffReduce=-1;CPXPARAM_Preprocessing_Dependency=-1;CPXPARAM_Preprocessing_Dual=0;CPXPARAM_Preprocessing_Fill=10;CPXPARAM_Preprocessing_NumPass=-1;CPXPARAM_Preprocessing_Presolve=1;CPXPARAM_Preprocessing_QPMakePSD=1;CPXPARAM_Preprocessing_Reduce=3;CPXPARAM_Preprocessing_Relax=-1;CPXPARAM_Preprocessing_RepeatPresolve=-1;CPXPARAM_Preprocessing_Symmetry=-1;CPXPARAM_Read_Scale=0;CPXPARAM_Sifting_Algorithm=0;CPXPARAM_Simplex_Crash=1;CPXPARAM_Simplex_DGradient=0;CPXPARAM_Simplex_Limits_Perturbation=0;CPXPARAM_Simplex_Limits_Singularity=10;CPXPARAM_Simplex_PGradient=0;CPXPARAM_Simplex_Pricing=0;CPXPARAM_Simplex_Refactor=0
683777174843514301,0,CPXPARAM_Advance=1;CPXPARAM_Barrier_Algorithm=0;CPXPARAM_Barrier_ColNonzeros=0;CPXPARAM_Barrier_Crossover=0;CPXPARAM_Barrier_Limits_Corrections=-1;CPXPARAM_Barrier_Ordering=0;CPXPARAM_Barrier_StartAlg=1;CPXPARAM_Emphasis_MIP=0;CPXPARAM_Emphasis_Memory=0;CPXPARAM_Emphasis_Numerical=0;CPXPARAM_Feasopt_Mode=0;CPXPARAM_LPMethod=0;CPXPARAM_MIP_Cuts_Cliques=2;CPXPARAM_MIP_Cuts_Covers=-1;CPXPARAM_MIP_Cuts_Disjunctive=0;CPXPARAM_MIP_Cuts_FlowCovers=2;CPXPARAM_MIP_Cuts_GUBCovers=0;CPXPARAM_MIP_Cuts_Gomory=-1;CPXPARAM_MIP_Cuts_Implied=1;CPXPARAM_MIP_Cuts_MIRCut=1;CPXPARAM_MIP_Cuts_PathCut=0;CPXPARAM_MIP_Limits_AggForCut=3;CPXPARAM_MIP_Limits_CutPasses=0;CPXPARAM_MIP_Limits_CutsFactor=-1;CPXPARAM_MIP_Limits_GomoryCand=10;CPXPARAM_MIP_Limits_GomoryPass=0;CPXPARAM_MIP_Limits_Nodes=9223372036800000000;CPXPARAM_MIP_Limits_ProbeTime=1e+75;CPXPARAM_MIP_Limits_RepairTries=0;CPXPARAM_MIP_Limits_StrongCand=10;CPXPARAM_MIP_Limits_StrongIt=0;CPXPARAM_MIP_OrderType=0;CPXPARAM_MIP_Strategy_BBInterval=7;CPXPARAM_MIP_Strategy_Branch=0;CPXPARAM_MIP_Strategy_Dive=0;CPXPARAM_MIP_Strategy_File=1;CPXPARAM_MIP_Strategy_HeuristicFreq=0;CPXPARAM_MIP_Strategy_LBHeur=0;CPXPARAM_MIP_Strategy_NodeSelect=2;CPXPARAM_MIP_Strategy_Order=1;CPXPARAM_MIP_Strategy_PresolveNode=2;CPXPARAM_MIP_Strategy_Probe=0;CPXPARAM_MIP_Strategy_RINSHeur=0;CPXPARAM_MIP_Strategy_StartAlgorithm=0;CPXPARAM_MIP_Strategy_SubAlgorithm=0;CPXPARAM_MIP_Strategy_VariableSelect=-1;CPXPARAM_Network_NetFind=2;CPXPARAM_Network_Pricing=0;CPXPARAM_Parallel=1;CPXPARAM_Preprocessing_Aggregator=-1;CPXPARAM_Preprocessing_BoundStrength=-1;CPXPARAM_Preprocessing_CoeffReduce=-1;CPXPARAM_Preprocessing_Dependency=-1;CPXPARAM_Preprocessing_Dual=0;CPXPARAM_Preprocessing_Fill=10;CPXPARAM_Preprocessing_NumPass=-1;CPXPARAM_Preprocessing_Presolve=1;CPXPARAM_Preprocessing_QPMakePSD=1;CPXPARAM_Preprocessing_Reduce=3;CPXPARAM_Preprocessing_Relax=-1;CPXPARAM_Preprocessing_RepeatPresolve=-1;CPXPARAM_Preprocessing_Symmetry=-1;CPXPARAM_Read_Scale=0;CPXPARAM_Sifting_Algorithm=0;CPXPARAM_Simplex_Crash=1;CPXPARAM_Simplex_DGradient=0;CPXPARAM_Simplex_Limits_Perturbation=0;CPXPARAM_Simplex_Limits_Singularity=10;CPXPARAM_Simplex_PGradient=0;CPXPARAM_Simplex_Pricing=0;CPXPARAM_Simplex_Refactor=0
14860326294109550068,0,CPXPARAM_Advance=1;CPXPARAM_Barrier_Algorithm=0;CPXPARAM_Barrier_ColNonzeros=0;CPXPARAM_Barrier_Crossover=0;CPXPARAM_Barrier_Limits_Corrections=-1;CPXPARAM_Barrier_Ordering=0;CPXPARAM_Barrier_StartAlg=1;CPXPARAM_Emphasis_MIP=0;CPXPARAM_Emphasis_Memory=0;CPXPARAM_Emphasis_Numerical=0;CPXPARAM_Feasopt_Mode=0;CPXPARAM_LPMethod=0;CPXPARAM_MIP_Cuts_Cliques=3;CPXPARAM_MIP_Cuts_Covers=2;CPXPARAM_MIP_Cuts_Disjunctive=0;CPXPARAM_MIP_Cuts_FlowCovers=-1;CPXPARAM_MIP_Cuts_GUBCovers=1;CPXPARAM_MIP_Cuts_Gomory=0;CPXPARAM_MIP_Cuts_Implied=1;CPXPARAM_MIP_Cuts_MIRCut=-1;CPXPARAM_MIP_Cuts_PathCut=0;CPXPARAM_MIP_Limits_AggForCut=3;CPXPARAM_MIP_Limits_CutPasses=0;CPXPARAM_MIP_Limits_CutsFactor=-1;CPXPARAM_MIP_Limits_GomoryCand=100;CPXPARAM_MIP_Limits_GomoryPass=0;CPXPARAM_MIP_Limits_Nodes=9223372036800000000;CPXPARAM_MIP_Limits_ProbeTime=1e+75;CPXPARAM_MIP_Limits_RepairTries=0;CPXPARAM_MIP_Limits_StrongCand=10;CPXPARAM_MIP_Limits_StrongIt=0;CPXPARAM_MIP_OrderType=0;CPXPARAM_MIP_Strategy_BBInterval=7;CPXPARAM_MIP_Strategy_Branch=0;CPXPARAM_MIP_Strategy_Dive=0;CPXPARAM_MIP_Strategy_File=1;CPXPARAM_MIP_Strategy_HeuristicFreq=0;CPXPARAM_MIP_Strategy_LBHeur=0;CPXPARAM_MIP_Strategy_NodeSelect=3;CPXPARAM_MIP_Strategy_Order=1;CPXPARAM_MIP_Strategy_PresolveNode=1;CPXPARAM_MIP_Strategy_Probe=-1;CPXPARAM_MIP_Strategy_RINSHeur=0;CPXPARAM_MIP_Strategy_StartAlgorithm=0;CPXPARAM_MIP_Strategy_SubAlgorithm=0;CPXPARAM_MIP_Strategy_VariableSelect=1;CPXPARAM_Network_NetFind=2;CPXPARAM_Network_Pricing=0;CPXPARAM_Parallel=1;CPXPARAM_Preprocessing_Aggregator=-1;CPXPARAM_Preprocessing_BoundStrength=-1;CPXPARAM_Preprocessing_CoeffReduce=-1;CPXPARAM_Preprocessing_Dependency=-1;CPXPARAM_Preprocessing_Dual=0;CPXPARAM_Preprocessing_Fill=10;CPXPARAM_Preprocessing_NumPass=-1;CPXPARAM_Preprocessing_Presolve=1;CPXPARAM_Preprocessing_QPMakePSD=1;CPXPARAM_Preprocessing_Reduce=3;CPXPARAM_Preprocessing_Relax=-1;CPXPARAM_Preprocessing_RepeatPresolve=-1;CPXPARAM_Preprocessing_Symmetry=-1;CPXPARAM_Read_Scale=0;CPXPARAM_Sifting_Algorithm=0;CPXPARAM_Simplex_Crash=1;CPXPARAM_Simplex_DGradient=0;CPXPARAM_Simplex_Limits_Perturbation=0;CPXPARAM_Simplex_Limits_Singularity=10;CPXPARAM_Simplex_PGradient=0;CPXPARAM_Simplex_Pricing=0;CPXPARAM_Simplex_Refactor=0
6393159056105176888,0,CPXPARAM_Advance=1;CPXPARAM_Barrier_Algorithm=0;CPXPARAM_Barrier_ColNonzeros=0;CPXPARAM_Barrier_Crossover=0;CPXPARAM_Barrier_Limits_Corrections=-1;CPXPARAM_Barrier_Ordering=0;CPXPARAM_Barrier_StartAlg=1;CPXPARAM_Emphasis_MIP=0;CPXPARAM_Emphasis_Memory=0;CPXPARAM_Emphasis_Numerical=0;CPXPARAM_Feasopt_Mode=0;CPXPARAM_LPMethod=0;CPXPARAM_MIP_Cuts_Cliques=2;CPXPARAM_MIP_Cuts_Covers=3;CPXPARAM_MIP_Cuts_Disjunctive=1;CPXPARAM_MIP_Cuts_FlowCovers=0;CPXPARAM_MIP_Cuts_GUBCovers=0;CPXPARAM_MIP_Cuts_Gomory=-1;CPXPARAM_MIP_Cuts_Implied=1;CPXPARAM_MIP_Cuts_MIRCut=2;CPXPARAM_MIP_Cuts_PathCut=2;CPXPARAM_MIP_Limits_AggForCut=3;CPXPARAM_MIP_Limits_CutPasses=0;CPXPARAM_MIP_Limits_CutsFactor=-1;CPXPARAM_MIP_Limits_GomoryCand=200;CPXPARAM_MIP_Limits_GomoryPass=0;CPXPARAM_MIP_Limits_Nodes=9223372036800000000;CPXPARAM_MIP_Limits_ProbeTime=1e+75;CPXPARAM_MIP_Limits_RepairTries=0;CPXPARAM_MIP_Limits_StrongCand=10;CPXPARAM_MIP_Limits_StrongIt=0;CPXPARAM_MIP_OrderType=0;CPXPARAM_MIP_Strategy_BBInterval=7;CPXPARAM_MIP_Strategy_Branch=0;CPXPARAM_MIP_Strategy_Dive=0;CPXPARAM_MIP_Strategy_File=1;CPXPARAM_MIP_Strategy_HeuristicFreq=0;CPXPARAM_MIP_Strategy_LBHeur=0;CPXPARAM_MIP_Strategy_NodeSelect=2;CPXPARAM_MIP_Strategy_Order=1;CPXPARAM_MIP_Strategy_PresolveNode=2;CPXPARAM_MIP_Strategy_Probe=1;CPXPARAM_MIP_Strategy_RINSHeur=0;CPXPARAM_MIP_Strategy_StartAlgorithm=0;CPXPARAM_MIP_Strategy_SubAlgorithm=0;CPXPARAM_MIP_Strategy_VariableSelect=3;CPXPARAM_Network_NetFind=2;CPXPARAM_Network_Pricing=0;CPXPARAM_Parallel=1;CPXPARAM_Preprocessing_Aggregator=-1;CPXPARAM_Preprocessing_BoundStrength=-1;CPXPARAM_Preprocessing_CoeffReduce=-1;CPXPARAM_Preprocessing_Dependency=-1;CPXPARAM_Preprocessing_Dual=0;CPXPARAM_Preprocessing_Fill=10;CPXPARAM_Preprocessing_NumPass=-1;CPXPARAM_Preprocessing_Presolve=1;CPXPARAM_Preprocessing_QPMakePSD=1;CPXPARAM_Preprocessing_Reduce=3;CPXPARAM_Preprocessing_Relax=-1;CPXPARAM_Preprocessing_RepeatPresolve=-1;CPXPARAM_Preprocessing_Symmetry=-1;CPXPARAM_Read_Scale=0;CPXPARAM_Sifting_Algorithm=0;CPXPARAM_Simplex_Crash=1;CPXPARAM_Simplex_DGradient=0;CPXPARAM_Simplex_Limits_Perturbation=0;CPXPARAM_Simplex_Limits_Singularity=10;CPXPARAM_Simplex_PGradient=0;CPXPARAM_Simplex_Pricing=0;CPXPARAM_Simplex_Refactor=0
7906082291628118546,0,CPXPARAM_Advance=1;CPXPARAM_Barrier_Algorithm=0;CPXPARAM_Barrier_ColNonzeros=0;CPXPARAM_Barrier_Crossover=0;CPXPARAM_Barrier_Limits_Corrections=-1;CPXPARAM_Barrier_Ordering=0;CPXPARAM_Barrier_StartAlg=1;CPXPARAM_Emphasis_MIP=0;CPXPARAM_Emphasis_Memory=0;CPXPARAM_Emphasis_Numerical=0;CPXPARAM_Feasopt_Mode=0;CPXPARAM_LPMethod=0;CPXPARAM_MIP_Cuts_Cliques=1;CPXPARAM_MIP_Cuts_Covers=3;CPXPARAM_MIP_Cuts_Disjunctive=0;CPXPARAM_MIP_Cuts_FlowCovers=2;CPXPARAM_MIP_Cuts_GUBCovers=0;CPXPARAM_MIP_Cuts_Gomory=-1;CPXPARAM_MIP_Cuts_Implied=1;CPXPARAM_MIP_Cuts_MIRCut=1;CPXPARAM_MIP_Cuts_PathCut=0;CPXPARAM_MIP_Limits_AggForCut=3;CPXPARAM_MIP_Limits_CutPasses=0;CPXPARAM_MIP_Limits_CutsFactor=-1;CPXPARAM_MIP_Limits_GomoryCand=10;CPXPARAM_MIP_Limits_GomoryPass=0;CPXPARAM_MIP_Limits_Nodes=9223372036800000000;CPXPARAM_MIP_Limits_ProbeTime=1e+75;CPXPARAM_MIP_Limits_RepairTries=0;CPXPARAM_MIP_Limits_StrongCand=10;CPXPARAM_MIP_Limits_StrongIt=0;CPXPARAM_MIP_OrderType=0;CPXPARAM_MIP_Strategy_BBInterval=7;CPXPARAM_MIP_Strategy_Branch=0;CPXPARAM_MIP_Strategy_Dive=0;CPXPARAM_MIP_Strategy_File=1;CPXPARAM_MIP_Strategy_HeuristicFreq=0;CPXPARAM_MIP_Strategy_LBHeur=0;CPXPARAM_MIP_Strategy_NodeSelect=2;CPXPARAM_MIP_Strategy_Order=1;CPXPARAM_MIP_Strategy_PresolveNode=2;CPXPARAM_MIP_Strategy_Probe=0;CPXPARAM_MIP_Strategy_RINSHeur=0;CPXPARAM_MIP_Strategy_StartAlgorithm=0;CPXPARAM_MIP_Strategy_SubAlgorithm=0;CPXPARAM_MIP_Strategy_VariableSelect=0;CPXPARAM_Network_NetFind=2;CPXPARAM_Network_Pricing=0;CPXPARAM_Parallel=1;CPXPARAM_Preprocessing_Aggregator=-1;CPXPARAM_Preprocessing_BoundStrength=-1;CPXPARAM_Preprocessing_CoeffReduce=-1;CPXPARAM_Preprocessing_Dependency=-1;CPXPARAM_Preprocessing_Dual=0;CPXPARAM_Preprocessing_Fill=10;CPXPARAM_Preprocessing_NumPass=-1;CPXPARAM_Preprocessing_Presolve=1;CPXPARAM_Preprocessing_QPMakePSD=1;CPXPARAM_Preprocessing_Reduce=3;CPXPARAM_Preprocessing_Relax=-1;CPXPARAM_Preprocessing_RepeatPresolve=-1;CPXPARAM_Preprocessing_Symmetry=-1;CPXPARAM_Read_Scale=0;CPXPARAM_Sifting_Algorithm=0;CPXPARAM_Simplex_Crash=1;CPXPARAM_Simplex_DGradient=0;CPXPARAM_Simplex_Limits_Perturbation=0;CPXPARAM_Simplex_Limits_Singularity=10;CPXPARAM_Simplex_PGradient=0;CPXPARAM_Simplex_Pricing=0;CPXPARAM_Simplex_Refactor=0
8911250531476028777,0,CPXPARAM_Advance=1;CPXPARAM_Barrier_Algorithm=0;CPXPARAM_Barrier_ColNonzeros=0;CPXPARAM_Barrier_Crossover=0;CPXPARAM_Barrier_Limits_Corrections=-1;CPXPARAM_Barrier_Ordering=0;CPXPARAM_Barrier_StartAlg=1;CPXPARAM_Emphasis_MIP=0;CPXPARAM_Emphasis_Memory=0;CPXPARAM_Emphasis_Numerical=0;CPXPARAM_Feasopt_Mode=0;CPXPARAM_LPMethod=0;CPXPARAM_MIP_Cuts_Cliques=2;CPXPARAM_MIP_Cuts_Covers=3;CPXPARAM_MIP_Cuts_Disjunctive=0;CPXPARAM_MIP_Cuts_FlowCovers=2;CPXPARAM_MIP_Cuts_GUBCovers=0;CPXPARAM_MIP_Cuts_Gomory=-1;CPXPARAM_MIP_Cuts_Implied=2;CPXPARAM_MIP_Cuts_MIRCut=1;CPXPARAM_MIP_Cuts_PathCut=0;CPXPARAM_MIP_Limits_AggForCut=3;CPXPARAM_MIP_Limits_CutPasses=0;CPXPARAM_MIP_Limits_CutsFactor=-1;CPXPARAM_MIP_Limits_GomoryCand=10;CPXPARAM_MIP_Limits_GomoryPass=0;CPXPARAM_MIP_Limits_Nodes=9223372036800000000;CPXPARAM_MIP_Limits_ProbeTime=1e+75;CPXPARAM_MIP_Limits_RepairTries=0;CPXPARAM_MIP_Limits_StrongCand=10;CPXPARAM_MIP_Limits_StrongIt=0;CPXPARAM_MIP_OrderType=0;CPXPARAM_MIP_Strategy_BBInterval=7;CPXPARAM_MIP_Strategy_Branch=0;CPXPARAM_MIP_Strategy_Dive=0;CPXPARAM_MIP_Strategy_File=1;CPXPARAM_MIP_Strategy_HeuristicFreq=0;CPXPARAM_MIP_Strategy_LBHeur=0;CPXPARAM_MIP_Strategy_NodeSelect=2;CPXPARAM_MIP_Strategy_Order=1;CPXPARAM_MIP_Strategy_PresolveNode=2;CPXPARAM_MIP_Strategy_Probe=0;CPXPARAM_MIP_Strategy_RINSHeur=0;CPXPARAM_MIP_Strategy_StartAlgorithm=0;CPXPARAM_MIP_Strategy_SubAlgorithm=0;CPXPARAM_MIP_Strategy_VariableSelect=0;CPXPARAM_Network_NetFind=2;CPXPARAM_Network_Pricing=0;CPXPARAM_Parallel=1;CPXPARAM_Preprocessing_Aggregator=-1;CPXPARAM_Preprocessing_BoundStrength=-1;CPXPARAM_Preprocessing_CoeffReduce=-1;CPXPARAM_Preprocessing_Dependency=-1;CPXPARAM_Preprocessing_Dual=0;CPXPARAM_Preprocessing_Fill=10;CPXPARAM_Preprocessing_NumPass=-1;CPXPARAM_Preprocessing_Presolve=1;CPXPARAM_Preprocessing_QPMakePSD=1;CPXPARAM_Preprocessing_Reduce=3;CPXPARAM_Preprocessing_Relax=-1;CPXPARAM_Preprocessing_RepeatPresolve=-1;CPXPARAM_Preprocessing_Symmetry=-1;CPXPARAM_Read_Scale=0;CPXPARAM_Sifting_Algorithm=0;CPXPARAM_Simplex_Crash=1;CPXPARAM_Simplex_DGradient=0;CPXPARAM_Simplex_Limits_Perturbation=0;CPXPARAM_Simplex_Limits_Singularity=10;CPXPARAM_Simplex_PGradient=0;CPXPARAM_Simplex_Pricing=0;CPXPARAM_Simplex_Refactor=0
16815513007671269114,0,CPXPARAM_Advance=1;CPXPARAM_Barrier_Algorithm=0;CPXPARAM_Barrier_ColNonzeros=0;CPXPARAM_Barrier_Crossover=0;CPXPARAM_Barrier_Limits_Corrections=-1;CPXPARAM_Barrier_Ordering=0;CPXPARAM_Barrier_StartAlg=1;CPXPARAM_Emphasis_MIP=0;CPXPARAM_Emphasis_Memory=0;CPXPARAM_Emphasis_Numerical=0;CPXPARAM_Feasopt_Mode=0;CPXPARAM_LPMethod=0;CPXPARAM_MIP_Cuts_Cliques=2;CPXPARAM_MIP_Cuts_Covers=3;CPXPARAM_MIP_Cuts_Disjunctive=0;CPXPARAM_MIP_Cuts_FlowCovers=2;CPXPARAM_MIP_Cuts_GUBCovers=0;CPXPARAM_MIP_Cuts_Gomory=-1;CPXPARAM_MIP_Cuts_Implied=1;CPXPARAM_MIP_Cuts_MIRCut=1;CPXPARAM_MIP_Cuts_PathCut=0;CPXPARAM_MIP_Limits_AggForCut=3;CPXPARAM_MIP_Limits_CutPasses=0;CPXPARAM_MIP_Limits_CutsFactor=-1;CPXPARAM_MIP_Limits_GomoryCand=10;CPXPARAM_MIP_Limits_GomoryPass=0;CPXPARAM_MIP_Limits_Nodes=9223372036800000000;CPXPARAM_MIP_Limits_ProbeTime=1e+75;CPXPARAM_MIP_Limits_RepairTries=0;CPXPARAM_MIP_Limits_StrongCand=10;CPXPARAM_MIP_Limits_StrongIt=0;CPXPARAM_MIP_OrderType=0;CPXPARAM_MIP_Strategy_BBInterval=7;CPXPARAM_MIP_Strategy_Branch=0;CPXPARAM_MIP_Strategy_Dive=0;CPXPARAM_MIP_Strategy_File=1;CPXPARAM_MIP_Strategy_HeuristicFreq=0;CPXPARAM_MIP_Strategy_LBHeur=0;CPXPARAM_MIP_Strategy_NodeSelect=2;CPXPARAM_MIP_Strategy_Order=1;CPXPARAM_MIP_Strategy_PresolveNode=2;CPXPARAM_MIP_Strategy_Probe=0;CPXPARAM_MIP_Strategy_RINSHeur=0;CPXPARAM_MIP_Strategy_StartAlgorithm=0;CPXPARAM_MIP_Strategy_SubAlgorithm=0;CPXPARAM_MIP_Strategy_VariableSelect=0;CPXPARAM_Network_NetFind=2;CPXPARAM_Network_Pricing=0;CPXPARAM_Parallel=1;CPXPARAM_Preprocessing_Aggregator=-1;CPXPARAM_Preprocessing_BoundStrength=-1;CPXPARAM_Preprocessing_CoeffReduce=-1;CPXPARAM_Preprocessing_Dependency=-1;CPXPARAM_Preprocessing_Dual=0;CPXPARAM_Preprocessing_Fill=10;CPXPARAM_Preprocessing_NumPass=-1;CPXPARAM_Preprocessing_Presolve=1;CPXPARAM_Preprocessing_QPMakePSD=1;CPXPARAM_Preprocessing_Reduce=3;CPXPARAM_Preprocessing_Relax=-1;CPXPARAM_Preprocessing_RepeatPresolve=-1;CPXPARAM_Preprocessing_Symmetry=-1;CPXPARAM_Read_Scale=0;CPXPARAM_Sifting_Algorithm=0;CPXPARAM_Simplex_Crash=1;CPXPARAM_Simplex_DGradient=0;CPXPARAM_Simplex_Limits_Perturbation=0;CPXPARAM_Simplex_Limits_Singularity=10;CPXPARAM_Simplex_PGradient=0;CPXPARAM_Simplex_Pricing=0;CPXPARAM_Simplex_Refactor=0
12906194198400151971,0,CPXPARAM_Advance=1;CPXPARAM_Barrier_Algorithm=0;CPXPARAM_Barrier_ColNonzeros=0;CPXPARAM_Barrier_Crossover=0;CPXPARAM_Barrier_Limits_Corrections=-1;CPXPARAM_Barrier_Ordering=0;CPXPARAM_Barrier_StartAlg=1;CPXPARAM_Emphasis_MIP=5;CPXPARAM_Emphasis_Memory=0;CPXPARAM_Emphasis_Numerical=0;CPXPARAM_Feasopt_Mode=0;CPXPARAM_LPMethod=0;CPXPARAM_MIP_Cuts_Cliques=1;CPXPARAM_MIP_Cuts_Covers=0;CPXPARAM_MIP_Cuts_Disjunctive=-1;CPXPARAM_MIP_Cuts_FlowCovers=-1;CPXPARAM_MIP_Cuts_GUBCovers=1;CPXPARAM_MIP_Cuts_Gomory=0;CPXPARAM_MIP_Cuts_Implied=1;CPXPARAM_MIP_Cuts_MIRCut=2;CPXPARAM_MIP_Cuts_PathCut=1;CPXPARAM_MIP_Limits_AggForCut=3;CPXPARAM_MIP_Limits_CutPasses=0;CPXPARAM_MIP_Limits_CutsFactor=-1;CPXPARAM_MIP_Limits_GomoryCand=25;CPXPARAM_MIP_Limits_GomoryPass=0;CPXPARAM_MIP_Limits_Nodes=9223372036800000000;CPXPARAM_MIP_Limits_ProbeTime=1e+75;CPXPARAM_MIP_Limits_RepairTries=0;CPXPARAM_MIP_Limits_StrongCand=10;CPXPARAM_MIP_Limits_StrongIt=0;CPXPARAM_MIP_OrderType=0;CPXPARAM_MIP_Strategy_BBInterval=7;CPXPARAM_MIP_Strategy_Branch=0;CPXPARAM_MIP_Strategy_Dive=0;CPXPARAM_MIP_Strategy_File=1;CPXPARAM_MIP_Strategy_HeuristicFreq=0;CPXPARAM_MIP_Strategy_LBHeur=0;CPXPARAM_MIP_Strategy_NodeSelect=0;CPXPARAM_MIP_Strategy_Order=1;CPXPARAM_MIP_Strategy_PresolveNode=-1;CPXPARAM_MIP_Strategy_Probe=3;CPXPARAM_MIP_Strategy_RINSHeur=0;CPXPARAM_MIP_Strategy_StartAlgorithm=0;CPXPARAM_MIP_Strategy_SubAlgorithm=3;CPXPARAM_MIP_Strategy_VariableSelect=-1;CPXPARAM_Network_NetFind=2;CPXPARAM_Network_Pricing=0;CPXPARAM_Parallel=1;CPXPARAM_Preprocessing_Aggregator=-1;CPXPARAM_Preprocessing_BoundStrength=-1;CPXPARAM_Preprocessing_CoeffReduce=-1;CPXPARAM_Preprocessing_Dependency=-1;CPXPARAM_Preprocessing_Dual=0;CPXPARAM_Preprocessing_Fill=10;CPXPARAM_Preprocessing_NumPass=-1;CPXPARAM_Preprocessing_Presolve=1;CPXPARAM_Preprocessing_QPMakePSD=1;CPXPARAM_Preprocessing_Reduce=3;CPXPARAM_Preprocessing_Relax=-1;CPXPARAM_Preprocessing_RepeatPresolve=-1;CPXPARAM_Preprocessing_Symmetry=-1;CPXPARAM_Read_Scale=0;CPXPARAM_Sifting_Algorithm=0;CPXPARAM_Simplex_Crash=1;CPXPARAM_Simplex_DGradient=0;CPXPARAM_Simplex_Limits_Perturbation=0;CPXPARAM_Simplex_Limits_Singularity=10;CPXPARAM_Simplex_PGradient=0;CPXPARAM_Simplex_Pricing=0;CPXPARAM_Simplex_Refactor=0
10807644954269621121,0,CPXPARAM_Advance=1;CPXPARAM_Barrier_Algorithm=0;CPXPARAM_Barrier_ColNonzeros=0;CPXPARAM_Barrier_Crossover=0;CPXPARAM_Barrier_Limits_Corrections=-1;CPXPARAM_Barrier_Ordering=0;CPXPARAM_Barrier_StartAlg=1;CPXPARAM_Emphasis_MIP=2;CPXPARAM_Emphasis_Memory=0;CPXPARAM_Emphasis_Numerical=0;CPXPARAM_Feasopt_Mode=0;CPXPARAM_LPMethod=0;CPXPARAM_MIP_Cuts_Cliques=1;CPXPARAM_MIP_Cuts_Covers=-1;CPXPARAM_MIP_Cuts_Disjunctive=1;CPXPARAM_MIP_Cuts_FlowCovers=1;CPXPARAM_MIP_Cuts_GUBCovers=-1;CPXPARAM_MIP_Cuts_Gomory=2;CPXPARAM_MIP_Cuts_Implied=-1;CPXPARAM_MIP_Cuts_MIRCut=2;CPXPARAM_MIP_Cuts_PathCut=1;CPXPARAM_MIP_Limits_AggForCut=5;CPXPARAM_MIP_Limits_CutPasses=0;CPXPARAM_MIP_Limits_CutsFactor=-1;CPXPARAM_MIP_Limits_GomoryCand=400;CPXPARAM_MIP_Limits_GomoryPass=0;CPXPARAM_MIP_Limits_Nodes=9223372036800000000;CPXPARAM_MIP_Limits_ProbeTime=1e+75;CPXPARAM_MIP_Limits_RepairTries=0;CPXPARAM_MIP_Limits_StrongCand=10;CPXPARAM_MIP_Limits_StrongIt=0;CPXPARAM_MIP_OrderType=0;CPXPARAM_MIP_Strategy_BBInterval=7;CPXPARAM_MIP_Strategy_Branch=-1;CPXPARAM_MIP_Strategy_Dive=0;CPXPARAM_MIP_Strategy_File=1;CPXPARAM_MIP_Strategy_HeuristicFreq=0;CPXPARAM_MIP_Strategy_LBHeur=0;CPXPARAM_MIP_Strategy_NodeSelect=0;CPXPARAM_MIP_Strategy_Order=1;CPXPARAM_MIP_Strategy_PresolveNode=0;CPXPARAM_MIP_Strategy_Probe=1;CPXPARAM_MIP_Strategy_RINSHeur=0;CPXPARAM_MIP_Strategy_StartAlgorithm=0;CPXPARAM_MIP_Strategy_SubAlgorithm=0;CPXPARAM_MIP_Strategy_VariableSelect=4;CPXPARAM_Network_NetFind=2;CPXPARAM_Network_Pricing=0;CPXPARAM_Parallel=1;CPXPARAM_Preprocessing_Aggregator=-1;CPXPARAM_Preprocessing_BoundStrength=-1;CPXPARAM_Preprocessing_CoeffReduce=-1;CPXPARAM_Preprocessing_Dependency=-1;CPXPARAM_Preprocessing_Dual=0;CPXPARAM_Preprocessing_Fill=10;CPXPARAM_Preprocessing_NumPass=-1;CPXPARAM_Preprocessing_Presolve=1;CPXPARAM_Preprocessing_QPMakePSD=1;CPXPARAM_Preprocessing_Reduce=3;CPXPARAM_Preprocessing_Relax=-1;CPXPARAM_Preprocessing_RepeatPresolve=-1;CPXPARAM_Preprocessing_Symmetry=-1;CPXPARAM_Read_Scale=0;CPXPARAM_Sifting_Algorithm=0;CPXPARAM_Simplex_Crash=1;CPXPARAM_Simplex_DGradient=0;CPXPARAM_Simplex_Limits_Perturbation=0;CPXPARAM_Simplex_Limits_Singularity=10;CPXPARAM_Simplex_PGradient=0;CPXPARAM_Simplex_Pricing=0;CPXPARAM_Simplex_Refactor=0
6859550065441293228,0,CPXPARAM_Advance=1;CPXPARAM_Barrier_Algorithm=0;CPXPARAM_Barrier_ColNonzeros=0;CPXPARAM_Barrier_Crossover=0;CPXPARAM_Barrier_Limits_Corrections=-1;CPXPARAM_Barrier_Ordering=0;CPXPARAM_Barrier_StartAlg=1;CPXPARAM_Emphasis_MIP=4;CPXPARAM_Emphasis_Memory=0;CPXPARAM_Emphasis_Numerical=0;CPXPARAM_Feasopt_Mode=0;CPXPARAM_LPMethod=0;CPXPARAM_MIP_Cuts_Cliques=-1;CPXPARAM_MIP_Cuts_Covers=2;CPXPARAM_MIP_Cuts_Disjunctive=0;CPXPARAM_MIP_Cuts_FlowCovers=1;CPXPARAM_MIP_Cuts_GUBCovers=-1;CPXPARAM_MIP_Cuts_Gomory=0;CPXPARAM_MIP_Cuts_Implied=1;CPXPARAM_MIP_Cuts_MIRCut=1;CPXPARAM_MIP_Cuts_PathCut=2;CPXPARAM_MIP_Limits_AggForCut=5;CPXPARAM_MIP_Limits_CutPasses=0;CPXPARAM_MIP_Limits_CutsFactor=-1;CPXPARAM_MIP_Limits_GomoryCand=100;CPXPARAM_MIP_Limits_GomoryPass=0;CPXPARAM_MIP_Limits_Nodes=9223372036800000000;CPXPARAM_MIP_Limits_ProbeTime=1e+75;CPXPARAM_MIP_Limits_RepairTries=0;CPXPARAM_MIP_Limits_StrongCand=10;CPXPARAM_MIP_Limits_StrongIt=0;CPXPARAM_MIP_OrderType=0;CPXPARAM_MIP_Strategy_BBInterval=7;CPXPARAM_MIP_Strategy_Branch=-1;CPXPARAM_MIP_Strategy_Dive=0;CPXPARAM_MIP_Strategy_File=1;CPXPARAM_MIP_Strategy_HeuristicFreq=0;CPXPARAM_MIP_Strategy_LBHeur=0;CPXPARAM_MIP_Strategy_NodeSelect=3;CPXPARAM_MIP_Strategy_Order=1;CPXPARAM_MIP_Strategy_PresolveNode=-1;CPXPARAM_MIP_Strategy_Probe=3;CPXPARAM_MIP_Strategy_RINSHeur=0;CPXPARAM_MIP_Strategy_StartAlgorithm=0;CPXPARAM_MIP_Strategy_SubAlgorithm=0;CPXPARAM_MIP_Strategy_VariableSelect=2;CPXPARAM_Network_NetFind=2;CPXPARAM_Network_Pricing=0;CPXPARAM_Parallel=1;CPXPARAM_Preprocessing_Aggregator=-1;CPXPARAM_Preprocessing_BoundStrength=-1;CPXPARAM_Preprocessing_CoeffReduce=-1;CPXPARAM_Preprocessing_Dependency=-1;CPXPARAM_Preprocessing_Dual=0;CPXPARAM_Preprocessing_Fill=5;CPXPARAM_Preprocessing_NumPass=-1;CPXPARAM_Preprocessing_Presolve=1;CPXPARAM_Preprocessing_QPMakePSD=1;CPXPARAM_Preprocessing_Reduce=2;CPXPARAM_Preprocessing_Relax=-1;CPXPARAM_Preprocessing_RepeatPresolve=-1;CPXPARAM_Preprocessing_Symmetry=-1;CPXPARAM_Read_Scale=0;CPXPARAM_Sifting_Algorithm=0;CPXPARAM_Simplex_Crash=1;CPXPARAM_Simplex_DGradient=0;CPXPARAM_Simplex_Limits_Perturbation=0;CPXPARAM_Simplex_Limits_Singularity=10;CPXPARAM_Simplex_PGradient=0;CPXPARAM_Simplex_Pricing=0;CPXPARAM_Simplex_Refactor=0
4531724927436597452,0,CPXPARAM_Advance=1;CPXPARAM_Barrier_Algorithm=0;CPXPARAM_Barrier_ColNonzeros=0;CPXPARAM_Barrier_Crossover=0;CPXPARAM_Barrier_Limits_Corrections=-1;CPXPARAM_Barrier_Ordering=0;CPXPARAM_Barrier_StartAlg=1;CPXPARAM_Emphasis_MIP=0;CPXPARAM_Emphasis_Memory=0;CPXPARAM_Emphasis_Numerical=0;CPXPARAM_Feasopt_Mode=0;CPXPARAM_LPMethod=0;CPXPARAM_MIP_Cuts_Cliques=1;CPXPARAM_MIP_Cuts_Covers=-1;CPXPARAM_MIP_Cuts_Disjunctive=0;CPXPARAM_MIP_Cuts_FlowCovers=-1;CPXPARAM_MIP_Cuts_GUBCovers=2;CPXPARAM_MIP_Cuts_Gomory=2;CPXPARAM_MIP_Cuts_Implied=-1;CPXPARAM_MIP_Cuts_MIRCut=2;CPXPARAM_MIP_Cuts_PathCut=-1;CPXPARAM_MIP_Limits_AggForCut=2;CPXPARAM_MIP_Limits_CutPasses=0;CPXPARAM_MIP_Limits_CutsFactor=-1;CPXPARAM_MIP_Limits_GomoryCand=200;CPXPARAM_MIP_Limits_GomoryPass=0;CPXPARAM_MIP_Limits_Nodes=9223372036800000000;CPXPARAM_MIP_Limits_ProbeTime=1e+75;CPXPARAM_MIP_Limits_RepairTries=0;CPXPARAM_MIP_Limits_StrongCand=10;CPXPARAM_MIP_Limits_StrongIt=0;CPXPARAM_MIP_OrderType=0;CPXPARAM_MIP_Strategy_BBInterval=7;CPXPARAM_MIP_Strategy_Branch=-1;CPXPARAM_MIP_Strategy_Dive=0;CPXPARAM_MIP_Strategy_File=1;CPXPARAM_MIP_Strategy_HeuristicFreq=0;CPXPARAM_MIP_Strategy_LBHeur=0;CPXPARAM_MIP_Strategy_NodeSelect=0;CPXPARAM_MIP_Strategy_Order=1;CPXPARAM_MIP_Strategy_PresolveNode=0;CPXPARAM_MIP_Strategy_Probe=2;CPXPARAM_MIP_Strategy_RINSHeur=0;CPXPARAM_MIP_Strategy_StartAlgorithm=0;CPXPARAM_MIP_Strategy_SubAlgorithm=3;CPXPARAM_MIP_Strategy_VariableSelect=1;CPXPARAM_Network_NetFind=2;CPXPARAM_Network_Pricing=0;CPXPARAM_Parallel=1;CPXPARAM_Preprocessing_Aggregator=-1;CPXPARAM_Preprocessing_BoundStrength=-1;CPXPARAM_Preprocessing_CoeffReduce=-1;CPXPARAM_Preprocessing_Dependency=-1;CPXPARAM_Preprocessing_Dual=0;CPXPARAM_Preprocessing_Fill=5;CPXPARAM_Preprocessing_NumPass=-1;CPXPARAM_Preprocessing_Presolve=1;CPXPARAM_Preprocessing_QPMakePSD=1;CPXPARAM_Preprocessing_Reduce=1;CPXPARAM_Preprocessing_Relax=-1;CPXPARAM_Preprocessing_RepeatPresolve=-1;CPXPARAM_Preprocessing_Symmetry=-1;CPXPARAM_Read_Scale=0;CPXPARAM_Sifting_Algorithm=0;CPXPARAM_Simplex_Crash=1;CPXPARAM_Simplex_DGradient=0;CPXPARAM_Simplex_Limits_Perturbation=0;CPXPARAM_Simplex_Limits_Singularity=10;CPXPARAM_Simplex_PGradient=0;CPXPARAM_Simplex_Pricing=0;CPXPARAM_Simplex_Refactor=0
14722310903242873575,0,CPXPARAM_Advance=1;CPXPARAM_Barrier_Algorithm=0;CPXPARAM_Barrier_ColNonzeros=0;CPXPARAM_Barrier_Crossover=0;CPXPARAM_Barrier_Limits_Corrections=-1;CPXPARAM_Barrier_Ordering=0;CPXPARAM_Barrier_StartAlg=1;CPXPARAM_Emphasis_MIP=0;CPXPARAM_Emphasis_Memory=0;CPXPARAM_Emphasis_Numerical=0;CPXPARAM_Feasopt_Mode=0;CPXPARAM_LPMethod=0;CPXPARAM_MIP_Cuts_Cliques=2;CPXPARAM_MIP_Cuts_Covers=-1;CPXPARAM_MIP_Cuts_Disjunctive=0;CPXPARAM_MIP_Cuts_FlowCovers=2;CPXPARAM_MIP_Cuts_GUBCovers=0;CPXPARAM_MIP_Cuts_Gomory=-1;CPXPARAM_MIP_Cuts_Implied=1;CPXPARAM_MIP_Cuts_MIRCut=1;CPXPARAM_MIP_Cuts_PathCut=0;CPXPARAM_MIP_Limits_AggForCut=3;CPXPARAM_MIP_Limits_CutPasses=0;CPXPARAM_MIP_Limits_CutsFactor=-1;CPXPARAM_MIP_Limits_GomoryCand=10;CPXPARAM_MIP_Limits_GomoryPass=0;CPXPARAM_MIP_Limits_Nodes=9223372036800000000;CPXPARAM_MIP_Limits_ProbeTime=1e+75;CPXPARAM_MIP_Limits_RepairTries=0;CPXPARAM_MIP_Limits_StrongCand=10;CPXPARAM_MIP_Limits_StrongIt=0;CPXPARAM_MIP_OrderType=0;CPXPARAM_MIP_Strategy_BBInterval=7;CPXPARAM_MIP_Strategy_Branch=0;CPXPARAM_MIP_Strategy_Dive=0;CPXPARAM_MIP_Strategy_File=1;CPXPARAM_MIP_Strategy_HeuristicFreq=0;CPXPARAM_MIP_Strategy_LBHeur=0;CPXPARAM_MIP_Strategy_NodeSelect=2;CPXPARAM_MIP_Strategy_Order=1;CPXPARAM_MIP_Strategy_PresolveNode=2;CPXPARAM_MIP_Strategy_Probe=0;CPXPARAM_MIP_Strategy_RINSHeur=0;CPXPARAM_MIP_Strategy_StartAlgorithm=0;CPXPARAM_MIP_Strategy_SubAlgorithm=0;CPXPARAM_MIP_Strategy_VariableSelect=0;CPXPARAM_Network_NetFind=2;CPXPARAM_Network_Pricing=0;CPXPARAM_Parallel=1;CPXPARAM_Preprocessing_Aggregator=-1;CPXPARAM_Preprocessing_BoundStrength=-1;CPXPARAM_Preprocessing_CoeffReduce=-1;CPXPARAM_Preprocessing_Dependency=-1;CPXPARAM_Preprocessing_Dual=0;CPXPARAM_Preprocessing_Fill=10;CPXPARAM_Preprocessing_NumPass=-1;CPXPARAM_Preprocessing_Presolve=1;CPXPARAM_Preprocessing_QPMakePSD=1;CPXPARAM_Preprocessing_Reduce=3;CPXPARAM_Preprocessing_Relax=-1;CPXPARAM_Preprocessing_RepeatPresolve=-1;CPXPARAM_Preprocessing_Symmetry=-1;CPXPARAM_Read_Scale=0;CPXPARAM_Sifting_Algorithm=0;CPXPARAM_Simplex_Crash=1;CPXPARAM_Simplex_DGradient=0;CPXPARAM_Simplex_Limits_Perturbation=0;CPXPARAM_Simplex_Limits_Singularity=10;CPXPARAM_Simplex_PGradient=0;CPXPARAM_Simplex_Pricing=0;CPXPARAM_Simplex_Refactor=0
13442538501152704108,0,CPXPARAM_Advance=1;CPXPARAM_Barrier_Algorithm=0;CPXPARAM_Barrier_ColNonzeros=0;CPXPARAM_Barrier_Crossover=0;CPXPARAM_Barrier_Limits_Corrections=-1;CPXPARAM_Barrier_Ordering=0;CPXPARAM_Barrier_StartAlg=1;CPXPARAM_Emphasis_MIP=2;CPXPARAM_Emphasis_Memory=0;CPXPARAM_Emphasis_Numerical=0;CPXPARAM_Feasopt_Mode=0;CPXPARAM_LPMethod=0;CPXPARAM_MIP_Cuts_Cliques=-1;CPXPARAM_MIP_Cuts_Covers=2;CPXPARAM_MIP_Cuts_Disjunctive=1;CPXPARAM_MIP_Cuts_FlowCovers=2;CPXPARAM_MIP_Cuts_GUBCovers=1;CPXPARAM_MIP_Cuts_Gomory=0;CPXPARAM_MIP_Cuts_Implied=-1;CPXPARAM_MIP_Cuts_MIRCut=-1;CPXPARAM_MIP_Cuts_PathCut=-1;CPXPARAM_MIP_Limits_AggForCut=3;CPXPARAM_MIP_Limits_CutPasses=0;CPXPARAM_MIP_Limits_CutsFactor=16;CPXPARAM_MIP_Limits_GomoryCand=400;CPXPARAM_MIP_Limits_GomoryPass=0;CPXPARAM_MIP_Limits_Nodes=9223372036800000000;CPXPARAM_MIP_Limits_ProbeTime=1e+75;CPXPARAM_MIP_Limits_RepairTries=0;CPXPARAM_MIP_Limits_StrongCand=10;CPXPARAM_MIP_Limits_StrongIt=0;CPXPARAM_MIP_OrderType=0;CPXPARAM_MIP_Strategy_BBInterval=7;CPXPARAM_MIP_Strategy_Branch=0;CPXPARAM_MIP_Strategy_Dive=0;CPXPARAM_MIP_Strategy_File=1;CPXPARAM_MIP_Strategy_HeuristicFreq=0;CPXPARAM_MIP_Strategy_LBHeur=0;CPXPARAM_MIP_Strategy_NodeSelect=1;CPXPARAM_MIP_Strategy_Order=1;CPXPARAM_MIP_Strategy_PresolveNode=0;CPXPARAM_MIP_Strategy_Probe=0;CPXPARAM_MIP_Strategy_RINSHeur=0;CPXPARAM_MIP_Strategy_StartAlgorithm=0;CPXPARAM_MIP_Strategy_SubAlgorithm=0;CPXPARAM_MIP_Strategy_VariableSelect=0;CPXPARAM_Network_NetFind=2;CPXPARAM_Network_Pricing=0;CPXPARAM_Parallel=1;CPXPARAM_Preprocessing_Aggregator=-1;CPXPARAM_Preprocessing_BoundStrength=-1;CPXPARAM_Preprocessing_CoeffReduce=-1;CPXPARAM_Preprocessing_Dependency=-1;CPXPARAM_Preprocessing_Dual=0;CPXPARAM_Preprocessing_Fill=10;CPXPARAM_Preprocessing_NumPass=-1;CPXPARAM_Preprocessing_Presolve=1;CPXPARAM_Preprocessing_QPMakePSD=1;CPXPARAM_Preprocessing_Reduce=3;CPXPARAM_Preprocessing_Relax=-1;CPXPARAM_Preprocessing_RepeatPresolve=-1;CPXPARAM_Preprocessing_Symmetry=-1;CPXPARAM_Read_Scale=0;CPXPARAM_Sifting_Algorithm=0;CPXPARAM_Simplex_Crash=1;CPXPARAM_Simplex_DGradient=0;CPXPARAM_Simplex_Limits_Perturbation=0;CPXPARAM_Simplex_Limits_Singularity=10;CPXPARAM_Simplex_PGradient=0;CPXPARAM_Simplex_Pricing=0;CPXPARAM_Simplex_Refactor=0
2812022117636514608,0,CPXPARAM_Advance=1;CPXPARAM_Barrier_Algorithm=0;CPXPARAM_Barrier_ColNonzeros=0;CPXPARAM_Barrier_Crossover=0;CPXPARAM_Barrier_Limits_Corrections=-1;CPXPARAM_Barrier_Ordering=0;CPXPARAM_Barrier_StartAlg=1;CPXPARAM_Emphasis_MIP=0;CPXPARAM_Emphasis_Memory=0;CPXPARAM_Emphasis_Numerical=0;CPXPARAM_Feasopt_Mode=0;CPXPARAM_LPMethod=0;CPXPARAM_MIP_Cuts_Cliques=1;CPXPARAM_MIP_Cuts_Covers=-1;CPXPARAM_MIP_Cuts_Disjunctive=1;CPXPARAM_MIP_Cuts_FlowCovers=0;CPXPARAM_MIP_Cuts_GUBCovers=1;CPXPARAM_MIP_Cuts_Gomory=0;CPXPARAM_MIP_Cuts_Implied=2;CPXPARAM_MIP_Cuts_MIRCut=1;CPXPARAM_MIP_Cuts_PathCut=0;CPXPARAM_MIP_Limits_AggForCut=3;CPXPARAM_MIP_Limits_CutPasses=0;CPXPARAM_MIP_Limits_CutsFactor=-1;CPXPARAM_MIP_Limits_GomoryCand=800;CPXPARAM_MIP_Limits_GomoryPass=0;CPXPARAM_MIP_Limits_Nodes=9223372036800000000;CPXPARAM_MIP_Limits_ProbeTime=1e+75;CPXPARAM_MIP_Limits_RepairTries=0;CPXPARAM_MIP_Limits_StrongCand=10;CPXPARAM_MIP_Limits_StrongIt=0;CPXPARAM_MIP_OrderType=0;CPXPARAM_MIP_Strategy_BBInterval=7;CPXPARAM_MIP_Strategy_Branch=1;CPXPARAM_MIP_Strategy_Dive=0;CPXPARAM_MIP_Strategy_File=1;CPXPARAM_MIP_Strategy_HeuristicFreq=0;CPXPARAM_MIP_Strategy_LBHeur=0;CPXPARAM_MIP_Strategy_NodeSelect=1;CPXPARAM_MIP_Strategy_Order=1;CPXPARAM_MIP_Strategy_PresolveNode=2;CPXPARAM_MIP_Strategy_Probe=0;CPXPARAM_MIP_Strategy_RINSHeur=0;CPXPARAM_MIP_Strategy_StartAlgorithm=0;CPXPARAM_MIP_Strategy_SubAlgorithm=0;CPXPARAM_MIP_Strategy_VariableSelect=2;CPXPARAM_Network_NetFind=2;CPXPARAM_Network_Pricing=0;CPXPARAM_Parallel=1;CPXPARAM_Preprocessing_Aggregator=-1;CPXPARAM_Preprocessing_BoundStrength=-1;CPXPARAM_Preprocessing_CoeffReduce=-1;CPXPARAM_Preprocessing_Dependency=-1;CPXPARAM_Preprocessing_Dual=0;CPXPARAM_Preprocessing_Fill=10;CPXPARAM_Preprocessing_NumPass=-1;CPXPARAM_Preprocessing_Presolve=1;CPXPARAM_Preprocessing_QPMakePSD=1;CPXPARAM_Preprocessing_Reduce=3;CPXPARAM_Preprocessing_Relax=-1;CPXPARAM_Preprocessing_RepeatPresolve=-1;CPXPARAM_Preprocessing_Symmetry=-1;CPXPARAM_Read_Scale=0;CPXPARAM_Sifting_Algorithm=0;CPXPARAM_Simplex_Crash=1;CPXPARAM_Simplex_DGradient=0;CPXPARAM_Simplex_Limits_Perturbation=0;CPXPARAM_Simplex_Limits_Singularity=10;CPXPARAM_Simplex_PGradient=0;CPXPARAM_Simplex_Pricing=0;CPXPARAM_Simplex_Refactor=0
7191595998190139241,0,CPXPARAM_Advance=1;CPXPARAM_Barrier_Algorithm=0;CPXPARAM_Barrier_ColNonzeros=0;CPXPARAM_Barrier_Crossover=0;CPXPARAM_Barrier_Limits_Corrections=-1;CPXPARAM_Barrier_Ordering=0;CPXPARAM_Barrier_StartAlg=1;CPXPARAM_Emphasis_MIP=0;CPXPARAM_Emphasis_Memory=0;CPXPARAM_Emphasis_Numerical=0;CPXPARAM_Feasopt_Mode=0;CPXPARAM_LPMethod=0;CPXPARAM_MIP_Cuts_Cliques=3;CPXPARAM_MIP_Cuts_Covers=-1;CPXPARAM_MIP_Cuts_Disjunctive=-1;CPXPARAM_MIP_Cuts_FlowCovers=1;CPXPARAM_MIP_Cuts_GUBCovers=2;CPXPARAM_MIP_Cuts_Gomory=2;CPXPARAM_MIP_Cuts_Implied=-1;CPXPARAM_MIP_Cuts_MIRCut=2;CPXPARAM_MIP_Cuts_PathCut=2;CPXPARAM_MIP_Limits_AggForCut=3;CPXPARAM_MIP_Limits_CutPasses=0;CPXPARAM_MIP_Limits_CutsFactor=-1;CPXPARAM_MIP_Limits_GomoryCand=200;CPXPARAM_MIP_Limits_GomoryPass=0;CPXPARAM_MIP_Limits_Nodes=9223372036800000000;CPXPARAM_MIP_Limits_ProbeTime=1e+75;CPXPARAM_MIP_Limits_RepairTries=0;CPXPARAM_MIP_Limits_StrongCand=10;CPXPARAM_MIP_Limits_StrongIt=0;CPXPARAM_MIP_OrderType=3;CPXPARAM_MIP_Strategy_BBInterval=7;CPXPARAM_MIP_Strategy_Branch=0;CPXPARAM_MIP_Strategy_Dive=0;CPXPARAM_MIP_Strategy_File=1;CPXPARAM_MIP_Strategy_HeuristicFreq=0;CPXPARAM_MIP_Strategy_LBHeur=0;CPXPARAM_MIP_Strategy_NodeSelect=0;CPXPARAM_MIP_Strategy_Order=1;CPXPARAM_MIP_Strategy_PresolveNode=-1;CPXPARAM_MIP_Strategy_Probe=-1;CPXPARAM_MIP_Strategy_RINSHeur=0;CPXPARAM_MIP_Strategy_StartAlgorithm=0;CPXPARAM_MIP_Strategy_SubAlgorithm=3;CPXPARAM_MIP_Strategy_VariableSelect=1;CPXPARAM_Network_NetFind=2;CPXPARAM_Network_Pricing=0;CPXPARAM_Parallel=1;CPXPARAM_Preprocessing_Aggregator=-1;CPXPARAM_Preprocessing_BoundStrength=-1;CPXPARAM_Preprocessing_CoeffReduce=-1;CPXPARAM_Preprocessing_Dependency=-1;CPXPARAM_Preprocessing_Dual=0;CPXPARAM_Preprocessing_Fill=2;CPXPARAM_Preprocessing_NumPass=-1;CPXPARAM_Preprocessing_Presolve=1;CPXPARAM_Preprocessing_QPMakePSD=1;CPXPARAM_Preprocessing_Reduce=0;CPXPARAM_Preprocessing_Relax=-1;CPXPARAM_Preprocessing_RepeatPresolve=-1;CPXPARAM_Preprocessing_Symmetry=-1;CPXPARAM_Read_Scale=0;CPXPARAM_Sifting_Algorithm=0;CPXPARAM_Simplex_Crash=1;CPXPARAM_Simplex_DGradient=0;CPXPARAM_Simplex_Limits_Perturbation=0;CPXPARAM_Simplex_Limits_Singularity=10;CPXPARAM_Simplex_PGradient=0;CPXPARAM_Simplex_Pricing=0;CPXPARAM_Simplex_Refactor=0
8405376293873282866,0,CPXPARAM_Advance=1;CPXPARAM_Barrier_Algorithm=0;CPXPARAM_Barrier_ColNonzeros=0;CPXPARAM_Barrier_Crossover=0;CPXPARAM_Barrier_Limits_Corrections=-1;CPXPARAM_Barrier_Ordering=0;CPXPARAM_Barrier_StartAlg=1;CPXPARAM_Emphasis_MIP=2;CPXPARAM_Emphasis_Memory=0;CPXPARAM_Emphasis_Numerical=0;CPXPARAM_Feasopt_Mode=0;CPXPARAM_LPMethod=0;CPXPARAM_MIP_Cuts_Cliques=-1;CPXPARAM_MIP_Cuts_Covers=2;CPXPARAM_MIP_Cuts_Disjunctive=1;CPXPARAM_MIP_Cuts_FlowCovers=2;CPXPARAM_MIP_Cuts_GUBCovers=1;CPXPARAM_MIP_Cuts_Gomory=0;CPXPARAM_MIP_Cuts_Implied=-1;CPXPARAM_MIP_Cuts_MIRCut=-1;CPXPARAM_MIP_Cuts_PathCut=-1;CPXPARAM_MIP_Limits_AggForCut=3;CPXPARAM_MIP_Limits_CutPasses=0;CPXPARAM_MIP_Limits_CutsFactor=-1;CPXPARAM_MIP_Limits_GomoryCand=400;CPXPARAM_MIP_Limits_GomoryPass=0;CPXPARAM_MIP_Limits_Nodes=9223372036800000000;CPXPARAM_MIP_Limits_ProbeTime=1e+75;CPXPARAM_MIP_Limits_RepairTries=0;CPXPARAM_MIP_Limits_StrongCand=10;CPXPARAM_MIP_Limits_StrongIt=0;CPXPARAM_MIP_OrderType=0;CPXPARAM_MIP_Strategy_BBInterval=7;CPXPARAM_MIP_Strategy_Branch=0;CPXPARAM_MIP_Strategy_Dive=0;CPXPARAM_MIP_Strategy_File=1;CPXPARAM_MIP_Strategy_HeuristicFreq=0;CPXPARAM_MIP_Strategy_LBHeur=0;CPXPARAM_MIP_Strategy_NodeSelect=1;CPXPARAM_MIP_Strategy_Order=1;CPXPARAM_MIP_Strategy_PresolveNode=0;CPXPARAM_MIP_Strategy_Probe=0;CPXPARAM_MIP_Strategy_RINSHeur=0;CPXPARAM_MIP_Strategy_StartAlgorithm=0;CPXPARAM_MIP_Strategy_SubAlgorithm=0;CPXPARAM_MIP_Strategy_VariableSelect=0;CPXPARAM_Network_NetFind=2;CPXPARAM_Network_Pricing=0;CPXPARAM_Parallel=1;CPXPARAM_Preprocessing_Aggregator=-1;CPXPARAM_Preprocessing_BoundStrength=-1;CPXPARAM_Preprocessing_CoeffReduce=-1;CPXPARAM_Preprocessing_Dependency=-1;CPXPARAM_Preprocessing_Dual=0;CPXPARAM_Preprocessing_Fill=10;CPXPARAM_Preprocessing_NumPass=-1;CPXPARAM_Preprocessing_Presolve=1;CPXPARAM_Preprocessing_QPMakePSD=1;CPXPARAM_Preprocessing_Reduce=3;CPXPARAM_Preprocessing_Relax=-1;CPXPARAM_Preprocessing_RepeatPresolve=-1;CPXPARAM_Preprocessing_Symmetry=-1;CPXPARAM_Read_Scale=0;CPXPARAM_Sifting_Algorithm=0;CPXPARAM_Simplex_Crash=1;CPXPARAM_Simplex_DGradient=0;CPXPARAM_Simplex_Limits_Perturbation=0;CPXPARAM_Simplex_Limits_Singularity=10;CPXPARAM_Simplex_PGradient=0;CPXPARAM_Simplex_Pricing=0;CPXPARAM_Simplex_Refactor=0
2980509037641108832,0,CPXPARAM_Advance=1;CPXPARAM_Barrier_Algorithm=0;CPXPARAM_Barrier_ColNonzeros=0;CPXPARAM_Barrier_Crossover=0;CPXPARAM_Barrier_Limits_Corrections=-1;CPXPARAM_Barrier_Ordering=0;CPXPARAM_Barrier_StartAlg=1;CPXPARAM_Emphasis_MIP=3;CPXPARAM_Emphasis_Memory=0;CPXPARAM_Emphasis_Numerical=0;CPXPARAM_Feasopt_Mode=0;CPXPARAM_LPMethod=0;CPXPARAM_MIP_Cuts_Cliques=-1;CPXPARAM_MIP_Cuts_Covers=2;CPXPARAM_MIP_Cuts_Disjunctive=0;CPXPARAM_MIP_Cuts_FlowCovers=-1;CPXPARAM_MIP_Cuts_GUBCovers=1;CPXPARAM_MIP_Cuts_Gomory=0;CPXPARAM_MIP_Cuts_Implied=1;CPXPARAM_MIP_Cuts_MIRCut=1;CPXPARAM_MIP_Cuts_PathCut=-1;CPXPARAM_MIP_Limits_AggForCut=5;CPXPARAM_MIP_Limits_CutPasses=0;CPXPARAM_MIP_Limits_CutsFactor=-1;CPXPARAM_MIP_Limits_GomoryCand=200;CPXPARAM_MIP_Limits_GomoryPass=0;CPXPARAM_MIP_Limits_Nodes=9223372036800000000;CPXPARAM_MIP_Limits_ProbeTime=1e+75;CPXPARAM_MIP_Limits_RepairTries=0;CPXPARAM_MIP_Limits_StrongCand=10;CPXPARAM_MIP_Limits_StrongIt=0;CPXPARAM_MIP_OrderType=1;CPXPARAM_MIP_Strategy_BBInterval=7;CPXPARAM_MIP_Strategy_Branch=0;CPXPARAM_MIP_Strategy_Dive=0;CPXPARAM_MIP_Strategy_File=1;CPXPARAM_MIP_Strategy_HeuristicFreq=0;CPXPARAM_MIP_Strategy_LBHeur=0;CPXPARAM_MIP_Strategy_NodeSelect=1;CPXPARAM_MIP_Strategy_Order=1;CPXPARAM_MIP_Strategy_PresolveNode=1;CPXPARAM_MIP_Strategy_Probe=0;CPXPARAM_MIP_Strategy_RINSHeur=0;CPXPARAM_MIP_Strategy_StartAlgorithm=0;CPXPARAM_MIP_Strategy_SubAlgorithm=5;CPXPARAM_MIP_Strategy_VariableSelect=2;CPXPARAM_Network_NetFind=2;CPXPARAM_Network_Pricing=0;CPXPARAM_Parallel=1;CPXPARAM_Preprocessing_Aggregator=-1;CPXPARAM_Preprocessing_BoundStrength=-1;CPXPARAM_Preprocessing_CoeffReduce=-1;CPXPARAM_Preprocessing_Dependency=-1;CPXPARAM_Preprocessing_Dual=0;CPXPARAM_Preprocessing_Fill=40;CPXPARAM_Preprocessing_NumPass=-1;CPXPARAM_Preprocessing_Presolve=1;CPXPARAM_Preprocessing_QPMakePSD=1;CPXPARAM_Preprocessing_Reduce=0;CPXPARAM_Preprocessing_Relax=-1;CPXPARAM_Preprocessing_RepeatPresolve=-1;CPXPARAM_Preprocessing_Symmetry=-1;CPXPARAM_Read_Scale=0;CPXPARAM_Sifting_Algorithm=0;CPXPARAM_Simplex_Crash=1;CPXPARAM_Simplex_DGradient=0;CPXPARAM_Simplex_Limits_Perturbation=0;CPXPARAM_Simplex_Limits_Singularity=10;CPXPARAM_Simplex_PGradient=0;CPXPARAM_Simplex_Pricing=0;CPXPARAM_Simplex_Refactor=0
16165876987302331994,0,CPXPARAM_Advance=1;CPXPARAM_Barrier_Algorithm=0;CPXPARAM_Barrier_ColNonzeros=0;CPXPARAM_Barrier_Crossover=0;CPXPARAM_Barrier_Limits_Corrections=-1;CPXPARAM_Barrier_Ordering=0;CPXPARAM_Barrier_StartAlg=1;CPXPARAM_Emphasis_MIP=0;CPXPARAM_Emphasis_Memory=0;CPXPARAM_Emphasis_Numerical=0;CPXPARAM_Feasopt_Mode=0;CPXPARAM_LPMethod=0;CPXPARAM_MIP_Cuts_Cliques=3;CPXPARAM_MIP_Cuts_Covers=-1;CPXPARAM_MIP_Cuts_Disjunctive=-1;CPXPARAM_MIP_Cuts_FlowCovers=-1;CPXPARAM_MIP_Cuts_GUBCovers=2;CPXPARAM_MIP_Cuts_Gomory=0;CPXPARAM_MIP_Cuts_Implied=2;CPXPARAM_MIP_Cuts_MIRCut=-1;CPXPARAM_MIP_Cuts_PathCut=-1;CPXPARAM_MIP_Limits_AggForCut=2;CPXPARAM_MIP_Limits_CutPasses=0;CPXPARAM_MIP_Limits_CutsFactor=-1;CPXPARAM_MIP_Limits_GomoryCand=50;CPXPARAM_MIP_Limits_GomoryPass=0;CPXPARAM_MIP_Limits_Nodes=9223372036800000000;CPXPARAM_MIP_Limits_ProbeTime=1e+75;CPXPARAM_MIP_Limits_RepairTries=0;CPXPARAM_MIP_Limits_StrongCand=10;CPXPARAM_MIP_Limits_StrongIt=0;CPXPARAM_MIP_OrderType=0;CPXPARAM_MIP_Strategy_BBInterval=7;CPXPARAM_MIP_Strategy_Branch=0;CPXPARAM_MIP_Strategy_Dive=0;CPXPARAM_MIP_Strategy_File=1;CPXPARAM_MIP_Strategy_HeuristicFreq=0;CPXPARAM_MIP_Strategy_LBHeur=0;CPXPARAM_MIP_Strategy_NodeSelect=0;CPXPARAM_MIP_Strategy_Order=1;CPXPARAM_MIP_Strategy_PresolveNode=3;CPXPARAM_MIP_Strategy_Probe=0;CPXPARAM_MIP_Strategy_RINSHeur=0;CPXPARAM_MIP_Strategy_StartAlgorithm=0;CPXPARAM_MIP_Strategy_SubAlgorithm=0;CPXPARAM_MIP_Strategy_VariableSelect=2;CPXPARAM_Network_NetFind=2;CPXPARAM_Network_Pricing=0;CPXPARAM_Parallel=1;CPXPARAM_Preprocessing_Aggregator=-1;CPXPARAM_Preprocessing_BoundStrength=-1;CPXPARAM_Preprocessing_CoeffReduce=-1;CPXPARAM_Preprocessing_Dependency=-1;CPXPARAM_Preprocessing_Dual=0;CPXPARAM_Preprocessing_Fill=20;CPXPARAM_Preprocessing_NumPass=-1;CPXPARAM_Preprocessing_Presolve=1;CPXPARAM_Preprocessing_QPMakePSD=1;CPXPARAM_Preprocessing_Reduce=3;CPXPARAM_Preprocessing_Relax=-1;CPXPARAM_Preprocessing_RepeatPresolve=-1;CPXPARAM_Preprocessing_Symmetry=-1;CPXPARAM_Read_Scale=0;CPXPARAM_Sifting_Algorithm=0;CPXPARAM_Simplex_Crash=1;CPXPARAM_Simplex_DGradient=0;CPXPARAM_Simplex_Limits_Perturbation=0;CPXPARAM_Simplex_Limits_Singularity=10;CPXPARAM_Simplex_PGradient=0;CPXPARAM_Simplex_Pricing=0;CPXPARAM_Simplex_Refactor=0
5975267498490338177,0,CPXPARAM_Advance=1;CPXPARAM_Barrier_Algorithm=0;CPXPARAM_Barrier_ColNonzeros=0;CPXPARAM_Barrier_Crossover=0;CPXPARAM_Barrier_Limits_Corrections=-1;CPXPARAM_Barrier_Ordering=0;CPXPARAM_Barrier_StartAlg=1;CPXPARAM_Emphasis_MIP=0;CPXPARAM_Emphasis_Memory=0;CPXPARAM_Emphasis_Numerical=0;CPXPARAM_Feasopt_Mode=0;CPXPARAM_LPMethod=0;CPXPARAM_MIP_Cuts_Cliques=1;CPXPARAM_MIP_Cuts_Covers=0;CPXPARAM_MIP_Cuts_Disjunctive=1;CPXPARAM_MIP_Cuts_FlowCovers=0;CPXPARAM_MIP_Cuts_GUBCovers=1;CPXPARAM_MIP_Cuts_Gomory=0;CPXPARAM_MIP_Cuts_Implied=1;CPXPARAM_MIP_Cuts_MIRCut=-1;CPXPARAM_MIP_Cuts_PathCut=0;CPXPARAM_MIP_Limits_AggForCut=3;CPXPARAM_MIP_Limits_CutPasses=0;CPXPARAM_MIP_Limits_CutsFactor=-1;CPXPARAM_MIP_Limits_GomoryCand=800;CPXPARAM_MIP_Limits_GomoryPass=0;CPXPARAM_MIP_Limits_Nodes=9223372036800000000;CPXPARAM_MIP_Limits_ProbeTime=1e+75;CPXPARAM_MIP_Limits_RepairTries=0;CPXPARAM_MIP_Limits_StrongCand=10;CPXPARAM_MIP_Limits_StrongIt=0;CPXPARAM_MIP_OrderType=0;CPXPARAM_MIP_Strategy_BBInterval=7;CPXPARAM_MIP_Strategy_Branch=1;CPXPARAM_MIP_Strategy_Dive=0;CPXPARAM_MIP_Strategy_File=1;CPXPARAM_MIP_Strategy_HeuristicFreq=0;CPXPARAM_MIP_Strategy_LBHeur=0;CPXPARAM_MIP_Strategy_NodeSelect=1;CPXPARAM_MIP_Strategy_Order=1;CPXPARAM_MIP_Strategy_PresolveNode=2;CPXPARAM_MIP_Strategy_Probe=0;CPXPARAM_MIP_Strategy_RINSHeur=0;CPXPARAM_MIP_Strategy_StartAlgorithm=0;CPXPARAM_MIP_Strategy_SubAlgorithm=0;CPXPARAM_MIP_Strategy_VariableSelect=2;CPXPARAM_Network_NetFind=2;CPXPARAM_Network_Pricing=0;CPXPARAM_Parallel=1;CPXPARAM_Preprocessing_Aggregator=-1;CPXPARAM_Preprocessing_BoundStrength=-1;CPXPARAM_Preprocessing_CoeffReduce=-1;CPXPARAM_Preprocessing_Dependency=-1;CPXPARAM_Preprocessing_Dual=0;CPXPARAM_Preprocessing_Fill=10;CPXPARAM_Preprocessing_NumPass=-1;CPXPARAM_Preprocessing_Presolve=1;CPXPARAM_Preprocessing_QPMakePSD=1;CPXPARAM_Preprocessing_Reduce=3;CPXPARAM_Preprocessing_Relax=-1;CPXPARAM_Preprocessing_RepeatPresolve=-1;CPXPARAM_Preprocessing_Symmetry=-1;CPXPARAM_Read_Scale=0;CPXPARAM_Sifting_Algorithm=0;CPXPARAM_Simplex_Crash=1;CPXPARAM_Simplex_DGradient=0;CPXPARAM_Simplex_Limits_Perturbation=0;CPXPARAM_Simplex_Limits_Singularity=10;CPXPARAM_Simplex_PGradient=0;CPXPARAM_Simplex_Pricing=0;CPXPARAM_Simplex_Refactor=0
4440850426509029152,0,CPXPARAM_Advance=1;CPXPARAM_Barrier_Algorithm=0;CPXPARAM_Barrier_ColNonzeros=0;CPXPARAM_Barrier_Crossover=0;CPXPARAM_Barrier_Limits_Corrections=-1;CPXPARAM_Barrier_Ordering=0;CPXPARAM_Barrier_StartAlg=1;CPXPARAM_Emphasis_MIP=5;CPXPARAM_Emphasis_Memory=0;CPXPARAM_Emphasis_Numerical=0;CPXPARAM_Feasopt_Mode=0;CPXPARAM_LPMethod=0;CPXPARAM_MIP_Cuts_Cliques=-1;CPXPARAM_MIP_Cuts_Covers=3;CPXPARAM_MIP_Cuts_Disjunctive=-1;CPXPARAM_MIP_Cuts_FlowCovers=-1;CPXPARAM_MIP_Cuts_GUBCovers=0;CPXPARAM_MIP_Cuts_Gomory=1;CPXPARAM_MIP_Cuts_Implied=1;CPXPARAM_MIP_Cuts_MIRCut=-1;CPXPARAM_MIP_Cuts_PathCut=2;CPXPARAM_MIP_Limits_AggForCut=2;CPXPARAM_MIP_Limits_CutPasses=0;CPXPARAM_MIP_Limits_CutsFactor=-1;CPXPARAM_MIP_Limits_GomoryCand=400;CPXPARAM_MIP_Limits_GomoryPass=0;CPXPARAM_MIP_Limits_Nodes=9223372036800000000;CPXPARAM_MIP_Limits_ProbeTime=1e+75;CPXPARAM_MIP_Limits_RepairTries=0;CPXPARAM_MIP_Limits_StrongCand=10;CPXPARAM_MIP_Limits_StrongIt=0;CPXPARAM_MIP_OrderType=1;CPXPARAM_MIP_Strategy_BBInterval=7;CPXPARAM_MIP_Strategy_Branch=1;CPXPARAM_MIP_Strategy_Dive=0;CPXPARAM_MIP_Strategy_File=1;CPXPARAM_MIP_Strategy_HeuristicFreq=0;CPXPARAM_MIP_Strategy_LBHeur=0;CPXPARAM_MIP_Strategy_NodeSelect=1;CPXPARAM_MIP_Strategy_Order=1;CPXPARAM_MIP_Strategy_PresolveNode=0;CPXPARAM_MIP_Strategy_Probe=2;CPXPARAM_MIP_Strategy_RINSHeur=0;CPXPARAM_MIP_Strategy_StartAlgorithm=0;CPXPARAM_MIP_Strategy_SubAlgorithm=1;CPXPARAM_MIP_Strategy_VariableSelect=-1;CPXPARAM_Network_NetFind=2;CPXPARAM_Network_Pricing=0;CPXPARAM_Parallel=1;CPXPARAM_Preprocessing_Aggregator=-1;CPXPARAM_Preprocessing_BoundStrength=-1;CPXPARAM_Preprocessing_CoeffReduce=-1;CPXPARAM_Preprocessing_Dependency=-1;CPXPARAM_Preprocessing_Dual=0;CPXPARAM_Preprocessing_Fill=20;CPXPARAM_Preprocessing_NumPass=-1;CPXPARAM_Preprocessing_Presolve=1;CPXPARAM_Preprocessing_QPMakePSD=1;CPXPARAM_Preprocessing_Reduce=3;CPXPARAM_Preprocessing_Relax=-1;CPXPARAM_Preprocessing_RepeatPresolve=-1;CPXPARAM_Preprocessing_Symmetry=-1;CPXPARAM_Read_Scale=1;CPXPARAM_Sifting_Algorithm=0;CPXPARAM_Simplex_Crash=1;CPXPARAM_Simplex_DGradient=0;CPXPARAM_Simplex_Limits_Perturbation=0;CPXPARAM_Simplex_Limits_Singularity=10;CPXPARAM_Simplex_PGradient=0;CPXPARAM_Simplex_Pricing=0;CPXPARAM_Simplex_Refactor=0
15523617169876149598,0,CPXPARAM_Advance=1;CPXPARAM_Barrier_Algorithm=0;CPXPARAM_Barrier_ColNonzeros=0;CPXPARAM_Barrier_Crossover=0;CPXPARAM_Barrier_Limits_Corrections=-1;CPXPARAM_Barrier_Ordering=0;CPXPARAM_Barrier_StartAlg=1;CPXPARAM_Emphasis_MIP=1;CPXPARAM_Emphasis_Memory=0;CPXPARAM_Emphasis_Numerical=0;CPXPARAM_Feasopt_Mode=0;CPXPARAM_LPMethod=0;CPXPARAM_MIP_Cuts_Cliques=1;CPXPARAM_MIP_Cuts_Covers=0;CPXPARAM_MIP_Cuts_Disjunctive=1;CPXPARAM_MIP_Cuts_FlowCovers=0;CPXPARAM_MIP_Cuts_GUBCovers=1;CPXPARAM_MIP_Cuts_Gomory=2;CPXPARAM_MIP_Cuts_Implied=-1;CPXPARAM_MIP_Cuts_MIRCut=-1;CPXPARAM_MIP_Cuts_PathCut=1;CPXPARAM_MIP_Limits_AggForCut=0;CPXPARAM_MIP_Limits_CutPasses=0;CPXPARAM_MIP_Limits_CutsFactor=-1;CPXPARAM_MIP_Limits_GomoryCand=800;CPXPARAM_MIP_Limits_GomoryPass=0;CPXPARAM_MIP_Limits_Nodes=9223372036800000000;CPXPARAM_MIP_Limits_ProbeTime=1e+75;CPXPARAM_MIP_Limits_RepairTries=0;CPXPARAM_MIP_Limits_StrongCand=10;CPXPARAM_MIP_Limits_StrongIt=0;CPXPARAM_MIP_OrderType=3;CPXPARAM_MIP_Strategy_BBInterval=7;CPXPARAM_MIP_Strategy_Branch=1;CPXPARAM_MIP_Strategy_Dive=0;CPXPARAM_MIP_Strategy_File=1;CPXPARAM_MIP_Strategy_HeuristicFreq=0;CPXPARAM_MIP_Strategy_LBHeur=0;CPXPARAM_MIP_Strategy_NodeSelect=3;CPXPARAM_MIP_Strategy_Order=1;CPXPARAM_MIP_Strategy_PresolveNode=0;CPXPARAM_MIP_Strategy_Probe=2;CPXPARAM_MIP_Strategy_RINSHeur=0;CPXPARAM_MIP_Strategy_StartAlgorithm=0;CPXPARAM_MIP_Strategy_SubAlgorithm=0;CPXPARAM_MIP_Strategy_VariableSelect=1;CPXPARAM_Network_NetFind=2;CPXPARAM_Network_Pricing=0;CPXPARAM_Parallel=1;CPXPARAM_Preprocessing_Aggregator=-1;CPXPARAM_Preprocessing_BoundStrength=-1;CPXPARAM_Preprocessing_CoeffReduce=-1;CPXPARAM_Preprocessing_Dependency=-1;CPXPARAM_Preprocessing_Dual=0;CPXPARAM_Preprocessing_Fill=40;CPXPARAM_Preprocessing_NumPass=-1;CPXPARAM_Preprocessing_Presolve=1;CPXPARAM_Preprocessing_QPMakePSD=1;CPXPARAM_Preprocessing_Reduce=3;CPXPARAM_Preprocessing_Relax=-1;CPXPARAM_Preprocessing_RepeatPresolve=-1;CPXPARAM_Preprocessing_Symmetry=-1;CPXPARAM_Read_Scale=0;CPXPARAM_Sifting_Algorithm=0;CPXPARAM_Simplex_Crash=1;CPXPARAM_Simplex_DGradient=0;CPXPARAM_Simplex_Limits_Perturbation=0;CPXPARAM_Simplex_Limits_Singularity=10;CPXPARAM_Simplex_PGradient=0;CPXPARAM_Simplex_Pricing=0;CPXPARAM_Simplex_Refactor=0
17001419954301612506,0,CPXPARAM_Advance=1;CPXPARAM_Barrier_Algorithm=0;CPXPARAM_Barrier_ColNonzeros=0;CPXPARAM_Barrier_Crossover=0;CPXPARAM_Barrier_Limits_Corrections=-1;CPXPARAM_Barrier_Ordering=0;CPXPARAM_Barrier_StartAlg=1;CPXPARAM_Emphasis_MIP=0;CPXPARAM_Emphasis_Memory=0;CPXPARAM_Emphasis_Numerical=0;CPXPARAM_Feasopt_Mode=0;CPXPARAM_LPMethod=0;CPXPARAM_MIP_Cuts_Cliques=1;CPXPARAM_MIP_Cuts_Covers=-1;CPXPARAM_MIP_Cuts_Disjunctive=-1;CPXPARAM_MIP_Cuts_FlowCovers=-1;CPXPARAM_MIP_Cuts_GUBCovers=0;CPXPARAM_MIP_Cuts_Gomory=2;CPXPARAM_MIP_Cuts_Implied=0;CPXPARAM_MIP_Cuts_MIRCut=1;CPXPARAM_MIP_Cuts_PathCut=1;CPXPARAM_MIP_Limits_AggForCut=3;CPXPARAM_MIP_Limits_CutPasses=0;CPXPARAM_MIP_Limits_CutsFactor=-1;CPXPARAM_MIP_Limits_GomoryCand=200;CPXPARAM_MIP_Limits_GomoryPass=0;CPXPARAM_MIP_Limits_Nodes=9223372036800000000;CPXPARAM_MIP_Limits_ProbeTime=1e+75;CPXPARAM_MIP_Limits_RepairTries=0;CPXPARAM_MIP_Limits_StrongCand=10;CPXPARAM_MIP_Limits_StrongIt=0;CPXPARAM_MIP_OrderType=0;CPXPARAM_MIP_Strategy_BBInterval=7;CPXPARAM_MIP_Strategy_Branch=-1;CPXPARAM_MIP_Strategy_Dive=0;CPXPARAM_MIP_Strategy_File=1;CPXPARAM_MIP_Strategy_HeuristicFreq=0;CPXPARAM_MIP_Strategy_LBHeur=0;CPXPARAM_MIP_Strategy_NodeSelect=3;CPXPARAM_MIP_Strategy_Order=1;CPXPARAM_MIP_Strategy_PresolveNode=-1;CPXPARAM_MIP_Strategy_Probe=-1;CPXPARAM_MIP_Strategy_RINSHeur=0;CPXPARAM_MIP_Strategy_StartAlgorithm=0;CPXPARAM_MIP_Strategy_SubAlgorithm=0;CPXPARAM_MIP_Strategy_VariableSelect=-1;CPXPARAM_Network_NetFind=2;CPXPARAM_Network_Pricing=0;CPXPARAM_Parallel=1;CPXPARAM_Preprocessing_Aggregator=-1;CPXPARAM_Preprocessing_BoundStrength=-1;CPXPARAM_Preprocessing_CoeffReduce=-1;CPXPARAM_Preprocessing_Dependency=-1;CPXPARAM_Preprocessing_Dual=0;CPXPARAM_Preprocessing_Fill=10;CPXPARAM_Preprocessing_NumPass=-1;CPXPARAM_Preprocessing_Presolve=1;CPXPARAM_Preprocessing_QPMakePSD=1;CPXPARAM_Preprocessing_Reduce=3;CPXPARAM_Preprocessing_Relax=-1;CPXPARAM_Preprocessing_RepeatPresolve=-1;CPXPARAM_Preprocessing_Symmetry=-1;CPXPARAM_Read_Scale=0;CPXPARAM_Sifting_Algorithm=0;CPXPARAM_Simplex_Crash=1;CPXPARAM_Simplex_DGradient=0;CPXPARAM_Simplex_Limits_Perturbation=0;CPXPARAM_Simplex_Limits_Singularity=10;CPXPARAM_Simplex_PGradient=0;CPXPARAM_Simplex_Pricing=0;CPXPARAM_Simplex_Refactor=0
1328368985211243535,0,CPXPARAM_Advance=1;CPXPARAM_Barrier_Algorithm=0;CPXPARAM_Barrier_ColNonzeros=0;CPXPARAM_Barrier_Crossover=0;CPXPARAM_Barrier_Limits_Corrections=-1;CPXPARAM_Barrier_Ordering=0;CPXPARAM_Barrier_StartAlg=1;CPXPARAM_Emphasis_MIP=3;CPXPARAM_Emphasis_Memory=0;CPXPARAM_Emphasis_Numerical=0;CPXPARAM_Feasopt_Mode=0;CPXPARAM_LPMethod=0;CPXPARAM_MIP_Cuts_Cliques=0;CPXPARAM_MIP_Cuts_Covers=-1;CPXPARAM_MIP_Cuts_Disjunctive=1;CPXPARAM_MIP_Cuts_FlowCovers=2;CPXPARAM_MIP_Cuts_GUBCovers=1;CPXPARAM_MIP_Cuts_Gomory=2;CPXPARAM_MIP_Cuts_Implied=0;CPXPARAM_MIP_Cuts_MIRCut=2;CPXPARAM_MIP_Cuts_PathCut=0;CPXPARAM_MIP_Limits_AggForCut=3;CPXPARAM_MIP_Limits_CutPasses=0;CPXPARAM_MIP_Limits_CutsFactor=-1;CPXPARAM_MIP_Limits_GomoryCand=50;CPXPARAM_MIP_Limits_GomoryPass=0;CPXPARAM_MIP_Limits_Nodes=9223372036800000000;CPXPARAM_MIP_Limits_ProbeTime=1e+75;CPXPARAM_MIP_Limits_RepairTries=0;CPXPARAM_MIP_Limits_StrongCand=10;CPXPARAM_MIP_Limits_StrongIt=0;CPXPARAM_MIP_OrderType=0;CPXPARAM_MIP_Strategy_BBInterval=7;CPXPARAM_MIP_Strategy_Branch=0;CPXPARAM_MIP_Strategy_Dive=0;CPXPARAM_MIP_Strategy_File=1;CPXPARAM_MIP_Strategy_HeuristicFreq=0;CPXPARAM_MIP_Strategy_LBHeur=0;CPXPARAM_MIP_Strategy_NodeSelect=1;CPXPARAM_MIP_Strategy_Order=1;CPXPARAM_MIP_Strategy_PresolveNode=0;CPXPARAM_MIP_Strategy_Probe=-1;CPXPARAM_MIP_Strategy_RINSHeur=0;CPXPARAM_MIP_Strategy_StartAlgorithm=0;CPXPARAM_MIP_Strategy_SubAlgorithm=0;CPXPARAM_MIP_Strategy_VariableSelect=0;CPXPARAM_Network_NetFind=2;CPXPARAM_Network_Pricing=0;CPXPARAM_Parallel=1;CPXPARAM_Preprocessing_Aggregator=-1;CPXPARAM_Preprocessing_BoundStrength=-1;CPXPARAM_Preprocessing_CoeffReduce=-1;CPXPARAM_Preprocessing_Dependency=-1;CPXPARAM_Preprocessing_Dual=0;CPXPARAM_Preprocessing_Fill=10;CPXPARAM_Preprocessing_NumPass=-1;CPXPARAM_Preprocessing_Presolve=1;CPXPARAM_Preprocessing_QPMakePSD=1;CPXPARAM_Preprocessing_Reduce=3;CPXPARAM_Preprocessing_Relax=-1;CPXPARAM_Preprocessing_RepeatPresolve=-1;CPXPARAM_Preprocessing_Symmetry=-1;CPXPARAM_Read_Scale=0;CPXPARAM_Sifting_Algorithm=0;CPXPARAM_Simplex_Crash=1;CPXPARAM_Simplex_DGradient=0;CPXPARAM_Simplex_Limits_Perturbation=0;CPXPARAM_Simplex_Limits_Singularity=10;CPXPARAM_Simplex_PGradient=0;CPXPARAM_Simplex_Pricing=0;CPXPARAM_Simplex_Refactor=0
9816051849441002154,0,CPXPARAM_Advance=1;CPXPARAM_Barrier_Algorithm=0;CPXPARAM_Barrier_ColNonzeros=0;CPXPARAM_Barrier_Crossover=0;CPXPARAM_Barrier_Limits_Corrections=-1;CPXPARAM_Barrier_Ordering=0;CPXPARAM_Barrier_StartAlg=1;CPXPARAM_Emphasis_MIP=0;CPXPARAM_Emphasis_Memory=0;CPXPARAM_Emphasis_Numerical=0;CPXPARAM_Feasopt_Mode=0;CPXPARAM_LPMethod=0;CPXPARAM_MIP_Cuts_Cliques=1;CPXPARAM_MIP_Cuts_Covers=0;CPXPARAM_MIP_Cuts_Disjunctive=1;CPXPARAM_MIP_Cuts_FlowCovers=0;CPXPARAM_MIP_Cuts_GUBCovers=1;CPXPARAM_MIP_Cuts_Gomory=0;CPXPARAM_MIP_Cuts_Implied=1;CPXPARAM_MIP_Cuts_MIRCut=1;CPXPARAM_MIP_Cuts_PathCut=0;CPXPARAM_MIP_Limits_AggForCut=3;CPXPARAM_MIP_Limits_CutPasses=0;CPXPARAM_MIP_Limits_CutsFactor=-1;CPXPARAM_MIP_Limits_GomoryCand=800;CPXPARAM_MIP_Limits_GomoryPass=0;CPXPARAM_MIP_Limits_Nodes=9223372036800000000;CPXPARAM_MIP_Limits_ProbeTime=1e+75;CPXPARAM_MIP_Limits_RepairTries=0;CPXPARAM_MIP_Limits_StrongCand=10;CPXPARAM_MIP_Limits_StrongIt=0;CPXPARAM_MIP_OrderType=0;CPXPARAM_MIP_Strategy_BBInterval=7;CPXPARAM_MIP_Strategy_Branch=1;CPXPARAM_MIP_Strategy_Dive=0;CPXPARAM_MIP_Strategy_File=1;CPXPARAM_MIP_Strategy_HeuristicFreq=0;CPXPARAM_MIP_Strategy_LBHeur=0;CPXPARAM_MIP_Strategy_NodeSelect=0;CPXPARAM_MIP_Strategy_Order=1;CPXPARAM_MIP_Strategy_PresolveNode=2;CPXPARAM_MIP_Strategy_Probe=0;CPXPARAM_MIP_Strategy_RINSHeur=0;CPXPARAM_MIP_Strategy_StartAlgorithm=0;CPXPARAM_MIP_Strategy_SubAlgorithm=0;CPXPARAM_MIP_Strategy_VariableSelect=2;CPXPARAM_Network_NetFind=2;CPXPARAM_Network_Pricing=0;CPXPARAM_Parallel=1;CPXPARAM_Preprocessing_Aggregator=-1;CPXPARAM_Preprocessing_BoundStrength=-1;CPXPARAM_Preprocessing_CoeffReduce=-1;CPXPARAM_Preprocessing_Dependency=-1;CPXPARAM_Preprocessing_Dual=0;CPXPARAM_Preprocessing_Fill=10;CPXPARAM_Preprocessing_NumPass=-1;CPXPARAM_Preprocessing_Presolve=1;CPXPARAM_Preprocessing_QPMakePSD=1;CPXPARAM_Preprocessing_Reduce=3;CPXPARAM_Preprocessing_Relax=-1;CPXPARAM_Preprocessing_RepeatPresolve=-1;CPXPARAM_Preprocessing_Symmetry=-1;CPXPARAM_Read_Scale=0;CPXPARAM_Sifting_Algorithm=0;CPXPARAM_Simplex_Crash=1;CPXPARAM_Simplex_DGradient=0;CPXPARAM_Simplex_Limits_Perturbation=0;CPXPARAM_Simplex_Limits_Singularity=10;CPXPARAM_Simplex_PGradient=0;CPXPARAM_Simplex_Pricing=0;CPXPARAM_Simplex_Refactor=0
6698345287769166399,0,CPXPARAM_Advance=1;CPXPARAM_Barrier_Algorithm=0;CPXPARAM_Barrier_ColNonzeros=0;CPXPARAM_Barrier_Crossover=0;CPXPARAM_Barrier_Limits_Corrections=-1;CPXPARAM_Barrier_Ordering=0;CPXPARAM_Barrier_StartAlg=1;CPXPARAM_Emphasis_MIP=0;CPXPARAM_Emphasis_Memory=0;CPXPARAM_Emphasis_Numerical=0;CPXPARAM_Feasopt_Mode=0;CPXPARAM_LPMethod=0;CPXPARAM_MIP_Cuts_Cliques=3;CPXPARAM_MIP_Cuts_Covers=-1;CPXPARAM_MIP_Cuts_Disjunctive=0;CPXPARAM_MIP_Cuts_FlowCovers=0;CPXPARAM_MIP_Cuts_GUBCovers=-1;CPXPARAM_MIP_Cuts_Gomory=0;CPXPARAM_MIP_Cuts_Implied=1;CPXPARAM_MIP_Cuts_MIRCut=-1;CPXPARAM_MIP_Cuts_PathCut=-1;CPXPARAM_MIP_Limits_AggForCut=3;CPXPARAM_MIP_Limits_CutPasses=0;CPXPARAM_MIP_Limits_CutsFactor=-1;CPXPARAM_MIP_Limits_GomoryCand=200;CPXPARAM_MIP_Limits_GomoryPass=0;CPXPARAM_MIP_Limits_Nodes=9223372036800000000;CPXPARAM_MIP_Limits_ProbeTime=1e+75;CPXPARAM_MIP_Limits_RepairTries=0;CPXPARAM_MIP_Limits_StrongCand=10;CPXPARAM_MIP_Limits_StrongIt=0;CPXPARAM_MIP_OrderType=0;CPXPARAM_MIP_Strategy_BBInterval=7;CPXPARAM_MIP_Strategy_Branch=-1;CPXPARAM_MIP_Strategy_Dive=0;CPXPARAM_MIP_Strategy_File=1;CPXPARAM_MIP_Strategy_HeuristicFreq=0;CPXPARAM_MIP_Strategy_LBHeur=0;CPXPARAM_MIP_Strategy_NodeSelect=0;CPXPARAM_MIP_Strategy_Order=1;CPXPARAM_MIP_Strategy_PresolveNode=-1;CPXPARAM_MIP_Strategy_Probe=2;CPXPARAM_MIP_Strategy_RINSHeur=0;CPXPARAM_MIP_Strategy_StartAlgorithm=0;CPXPARAM_MIP_Strategy_SubAlgorithm=0;CPXPARAM_MIP_Strategy_VariableSelect=1;CPXPARAM_Network_NetFind=2;CPXPARAM_Network_Pricing=0;CPXPARAM_Parallel=1;CPXPARAM_Preprocessing_Aggregator=-1;CPXPARAM_Preprocessing_BoundStrength=-1;CPXPARAM_Preprocessing_CoeffReduce=-1;CPXPARAM_Preprocessing_Dependency=-1;CPXPARAM_Preprocessing_Dual=0;CPXPARAM_Preprocessing_Fill=20;CPXPARAM_Preprocessing_NumPass=-1;CPXPARAM_Preprocessing_Presolve=1;CPXPARAM_Preprocessing_QPMakePSD=1;CPXPARAM_Preprocessing_Reduce=3;CPXPARAM_Preprocessing_Relax=-1;CPXPARAM_Preprocessing_RepeatPresolve=-1;CPXPARAM_Preprocessing_Symmetry=-1;CPXPARAM_Read_Scale=0;CPXPARAM_Sifting_Algorithm=0;CPXPARAM_Simplex_Crash=1;CPXPARAM_Simplex_DGradient=0;CPXPARAM_Simplex_Limits_Perturbation=0;CPXPARAM_Simplex_Limits_Singularity=10;CPXPARAM_Simplex_PGradient=0;CPXPARAM_Simplex_Pricing=0;CPXPARAM_Simplex_Refactor=0
3070208586678153428,0,CPXPARAM_Advance=1;CPXPARAM_Barrier_Algorithm=0;CPXPARAM_Barrier_ColNonzeros=0;CPXPARAM_Barrier_Crossover=0;CPXPARAM_Barrier_Limits_Corrections=-1;CPXPARAM_Barrier_Ordering=0;CPXPARAM_Barrier_StartAlg=1;CPXPARAM_Emphasis_MIP=0;CPXPARAM_Emphasis_Memory=0;CPXPARAM_Emphasis_Numerical=0;CPXPARAM_Feasopt_Mode=0;CPXPARAM_LPMethod=0;CPXPARAM_MIP_Cuts_Cliques=2;CPXPARAM_MIP_Cuts_Covers=-1;CPXPARAM_MIP_Cuts_Disjunctive=-1;CPXPARAM_MIP_Cuts_FlowCovers=0;CPXPARAM_MIP_Cuts_GUBCovers=1;CPXPARAM_MIP_Cuts_Gomory=0;CPXPARAM_MIP_Cuts_Implied=2;CPXPARAM_MIP_Cuts_MIRCut=-1;CPXPARAM_MIP_Cuts_PathCut=1;CPXPARAM_MIP_Limits_AggForCut=3;CPXPARAM_MIP_Limits_CutPasses=0;CPXPARAM_MIP_Limits_CutsFactor=-1;CPXPARAM_MIP_Limits_GomoryCand=200;CPXPARAM_MIP_Limits_GomoryPass=0;CPXPARAM_MIP_Limits_Nodes=9223372036800000000;CPXPARAM_MIP_Limits_ProbeTime=1e+75;CPXPARAM_MIP_Limits_RepairTries=0;CPXPARAM_MIP_Limits_StrongCand=10;CPXPARAM_MIP_Limits_StrongIt=0;CPXPARAM_MIP_OrderType=0;CPXPARAM_MIP_Strategy_BBInterval=7;CPXPARAM_MIP_Strategy_Branch=-1;CPXPARAM_MIP_Strategy_Dive=0;CPXPARAM_MIP_Strategy_File=1;CPXPARAM_MIP_Strategy_HeuristicFreq=0;CPXPARAM_MIP_Strategy_LBHeur=0;CPXPARAM_MIP_Strategy_NodeSelect=3;CPXPARAM_MIP_Strategy_Order=1;CPXPARAM_MIP_Strategy_PresolveNode=-1;CPXPARAM_MIP_Strategy_Probe=0;CPXPARAM_MIP_Strategy_RINSHeur=0;CPXPARAM_MIP_Strategy_StartAlgorithm=0;CPXPARAM_MIP_Strategy_SubAlgorithm=0;CPXPARAM_MIP_Strategy_VariableSelect=1;CPXPARAM_Network_NetFind=2;CPXPARAM_Network_Pricing=0;CPXPARAM_Parallel=1;CPXPARAM_Preprocessing_Aggregator=-1;CPXPARAM_Preprocessing_BoundStrength=-1;CPXPARAM_Preprocessing_CoeffReduce=-1;CPXPARAM_Preprocessing_Dependency=-1;CPXPARAM_Preprocessing_Dual=0;CPXPARAM_Preprocessing_Fill=10;CPXPARAM_Preprocessing_NumPass=-1;CPXPARAM_Preprocessing_Presolve=1;CPXPARAM_Preprocessing_QPMakePSD=1;CPXPARAM_Preprocessing_Reduce=3;CPXPARAM_Preprocessing_Relax=-1;CPXPARAM_Preprocessing_RepeatPresolve=-1;CPXPARAM_Preprocessing_Symmetry=-1;CPXPARAM_Read_Scale=0;CPXPARAM_Sifting_Algorithm=0;CPXPARAM_Simplex_Crash=1;CPXPARAM_Simplex_DGradient=0;CPXPARAM_Simplex_Limits_Perturbation=0;CPXPARAM_Simplex_Limits_Singularity=10;CPXPARAM_Simplex_PGradient=0;CPXPARAM_Simplex_Pricing=0;CPXPARAM_Simplex_Refactor=0
10850287056850253786,0,CPXPARAM_Advance=1;CPXPARAM_Barrier_Algorithm=0;CPXPARAM_Barrier_ColNonzeros=0;CPXPARAM_Barrier_Crossover=0;CPXPARAM_Barrier_Limits_Corrections=-1;CPXPARAM_Barrier_Ordering=0;CPXPARAM_Barrier_StartAlg=1;CPXPARAM_Emphasis_MIP=4;CPXPARAM_Emphasis_Memory=0;CPXPARAM_Emphasis_Numerical=0;CPXPARAM_Feasopt_Mode=0;CPXPARAM_LPMethod=0;CPXPARAM_MIP_Cuts_Cliques=0;CPXPARAM_MIP_Cuts_Covers=0;CPXPARAM_MIP_Cuts_Disjunctive=-1;CPXPARAM_MIP_Cuts_FlowCovers=2;CPXPARAM_MIP_Cuts_GUBCovers=-1;CPXPARAM_MIP_Cuts_Gomory=2;CPXPARAM_MIP_Cuts_Implied=-1;CPXPARAM_MIP_Cuts_MIRCut=0;CPXPARAM_MIP_Cuts_PathCut=2;CPXPARAM_MIP_Limits_AggForCut=3;CPXPARAM_MIP_Limits_CutPasses=0;CPXPARAM_MIP_Limits_CutsFactor=-1;CPXPARAM_MIP_Limits_GomoryCand=400;CPXPARAM_MIP_Limits_GomoryPass=0;CPXPARAM_MIP_Limits_Nodes=9223372036800000000;CPXPARAM_MIP_Limits_ProbeTime=1e+75;CPXPARAM_MIP_Limits_RepairTries=0;CPXPARAM_MIP_Limits_StrongCand=10;CPXPARAM_MIP_Limits_StrongIt=0;CPXPARAM_MIP_OrderType=0;CPXPARAM_MIP_Strategy_BBInterval=7;CPXPARAM_MIP_Strategy_Branch=0;CPXPARAM_MIP_Strategy_Dive=0;CPXPARAM_MIP_Strategy_File=1;CPXPARAM_MIP_Strategy_HeuristicFreq=0;CPXPARAM_MIP_Strategy_LBHeur=0;CPXPARAM_MIP_Strategy_NodeSelect=1;CPXPARAM_MIP_Strategy_Order=1;CPXPARAM_MIP_Strategy_PresolveNode=0;CPXPARAM_MIP_Strategy_Probe=0;CPXPARAM_MIP_Strategy_RINSHeur=0;CPXPARAM_MIP_Strategy_StartAlgorithm=0;CPXPARAM_MIP_Strategy_SubAlgorithm=0;CPXPARAM_MIP_Strategy_VariableSelect=0;CPXPARAM_Network_NetFind=2;CPXPARAM_Network_Pricing=0;CPXPARAM_Parallel=1;CPXPARAM_Preprocessing_Aggregator=-1;CPXPARAM_Preprocessing_BoundStrength=-1;CPXPARAM_Preprocessing_CoeffReduce=-1;CPXPARAM_Preprocessing_Dependency=-1;CPXPARAM_Preprocessing_Dual=0;CPXPARAM_Preprocessing_Fill=10;CPXPARAM_Preprocessing_NumPass=-1;CPXPARAM_Preprocessing_Presolve=1;CPXPARAM_Preprocessing_QPMakePSD=1;CPXPARAM_Preprocessing_Reduce=3;CPXPARAM_Preprocessing_Relax=-1;CPXPARAM_Preprocessing_RepeatPresolve=-1;CPXPARAM_Preprocessing_Symmetry=-1;CPXPARAM_Read_Scale=0;CPXPARAM_Sifting_Algorithm=0;CPXPARAM_Simplex_Crash=1;CPXPARAM_Simplex_DGradient=0;CPXPARAM_Simplex_Limits_Perturbation=0;CPXPARAM_Simplex_Limits_Singularity=10;CPXPARAM_Simplex_PGradient=0;CPXPARAM_Simplex_Pricing=0;CPXPARAM_Simplex_Refactor=0
3570530512129325689,0,CPXPARAM_Advance=1;CPXPARAM_Barrier_Algorithm=0;CPXPARAM_Barrier_ColNonzeros=0;CPXPARAM_Barrier_Crossover=0;CPXPARAM_Barrier_Limits_Corrections=-1;CPXPARAM_Barrier_Ordering=0;CPXPARAM_Barrier_StartAlg=1;CPXPARAM_Emphasis_MIP=2;CPXPARAM_Emphasis_Memory=0;CPXPARAM_Emphasis_Numerical=0;CPXPARAM_Feasopt_Mode=0;CPXPARAM_LPMethod=0;CPXPARAM_MIP_Cuts_Cliques=-1;CPXPARAM_MIP_Cuts_Covers=2;CPXPARAM_MIP_Cuts_Disjunctive=1;CPXPARAM_MIP_Cuts_FlowCovers=2;CPXPARAM_MIP_Cuts_GUBCovers=1;CPXPARAM_MIP_Cuts_Gomory=0;CPXPARAM_MIP_Cuts_Implied=-1;CPXPARAM_MIP_Cuts_MIRCut=-1;CPXPARAM_MIP_Cuts_PathCut=-1;CPXPARAM_MIP_Limits_AggForCut=3;CPXPARAM_MIP_Limits_CutPasses=0;CPXPARAM_MIP_Limits_CutsFactor=-1;CPXPARAM_MIP_Limits_GomoryCand=400;CPXPARAM_MIP_Limits_GomoryPass=0;CPXPARAM_MIP_Limits_Nodes=9223372036800000000;CPXPARAM_MIP_Limits_ProbeTime=1e+75;CPXPARAM_MIP_Limits_RepairTries=0;CPXPARAM_MIP_Limits_StrongCand=10;CPXPARAM_MIP_Limits_StrongIt=0;CPXPARAM_MIP_OrderType=0;CPXPARAM_MIP_Strategy_BBInterval=7;CPXPARAM_MIP_Strategy_Branch=0;CPXPARAM_MIP_Strategy_Dive=0;CPXPARAM_MIP_Strategy_File=1;CPXPARAM_MIP_Strategy_HeuristicFreq=20;CPXPARAM_MIP_Strategy_LBHeur=0;CPXPARAM_MIP_Strategy_NodeSelect=1;CPXPARAM_MIP_Strategy_Order=1;CPXPARAM_MIP_Strategy_PresolveNode=0;CPXPARAM_MIP_Strategy_Probe=0;CPXPARAM_MIP_Strategy_RINSHeur=0;CPXPARAM_MIP_Strategy_StartAlgorithm=0;CPXPARAM_MIP_Strategy_SubAlgorithm=0;CPXPARAM_MIP_Strategy_VariableSelect=0;CPXPARAM_Network_NetFind=2;CPXPARAM_Network_Pricing=0;CPXPARAM_Parallel=1;CPXPARAM_Preprocessing_Aggregator=-1;CPXPARAM_Preprocessing_BoundStrength=-1;CPXPARAM_Preprocessing_CoeffReduce=-1;CPXPARAM_Preprocessing_Dependency=-1;CPXPARAM_Preprocessing_Dual=0;CPXPARAM_Preprocessing_Fill=10;CPXPARAM_Preprocessing_NumPass=-1;CPXPARAM_Preprocessing_Presolve=1;CPXPARAM_Preprocessing_QPMakePSD=1;CPXPARAM_Preprocessing_Reduce=3;CPXPARAM_Preprocessing_Relax=-1;CPXPARAM_Preprocessing_RepeatPresolve=-1;CPXPARAM_Preprocessing_Symmetry=-1;CPXPARAM_Read_Scale=0;CPXPARAM_Sifting_Algorithm=0;CPXPARAM_Simplex_Crash=1;CPXPARAM_Simplex_DGradient=0;CPXPARAM_Simplex_Limits_Perturbation=0;CPXPARAM_Simplex_Limits_Singularity=10;CPXPARAM_Simplex_PGradient=0;CPXPARAM_Simplex_Pricing=0;CPXPARAM_Simplex_Refactor=0
11195120552214730943,0,CPXPARAM_Advance=1;CPXPARAM_Barrier_Algorithm=0;CPXPARAM_Barrier_ColNonzeros=0;CPXPARAM_Barrier_Crossover=0;CPXPARAM_Barrier_Limits_Corrections=-1;CPXPARAM_Barrier_Ordering=0;CPXPARAM_Barrier_StartAlg=1;CPXPARAM_Emphasis_MIP=2;CPXPARAM_Emphasis_Memory=0;CPXPARAM_Emphasis_Numerical=0;CPXPARAM_Feasopt_Mode=0;CPXPARAM_LPMethod=0;CPXPARAM_MIP_Cuts_Cliques=-1;CPXPARAM_MIP_Cuts_Covers=2;CPXPARAM_MIP_Cuts_Disjunctive=1;CPXPARAM_MIP_Cuts_FlowCovers=2;CPXPARAM_MIP_Cuts_GUBCovers=1;CPXPARAM_MIP_Cuts_Gomory=0;CPXPARAM_MIP_Cuts_Implied=-1;CPXPARAM_MIP_Cuts_MIRCut=-1;CPXPARAM_MIP_Cuts_PathCut=-1;CPXPARAM_MIP_Limits_AggForCut=3;CPXPARAM_MIP_Limits_CutPasses=0;CPXPARAM_MIP_Limits_CutsFactor=-1;CPXPARAM_MIP_Limits_GomoryCand=400;CPXPARAM_MIP_Limits_GomoryPass=0;CPXPARAM_MIP_Limits_Nodes=9223372036800000000;CPXPARAM_MIP_Limits_ProbeTime=1e+75;CPXPARAM_MIP_Limits_RepairTries=0;CPXPARAM_MIP_Limits_StrongCand=10;CPXPARAM_MIP_Limits_StrongIt=0;CPXPARAM_MIP_OrderType=0;CPXPARAM_MIP_Strategy_BBInterval=7;CPXPARAM_MIP_Strategy_Branch=0;CPXPARAM_MIP_Strategy_Dive=0;CPXPARAM_MIP_Strategy_File=1;CPXPARAM_MIP_Strategy_HeuristicFreq=0;CPXPARAM_MIP_Strategy_LBHeur=0;CPXPARAM_MIP_Strategy_NodeSelect=1;CPXPARAM_MIP_Strategy_Order=1;CPXPARAM_MIP_Strategy_PresolveNode=0;CPXPARAM_MIP_Strategy_Probe=0;CPXPARAM_MIP_Strategy_RINSHeur=0;CPXPARAM_MIP_Strategy_StartAlgorithm=0;CPXPARAM_MIP_Strategy_SubAlgorithm=0;CPXPARAM_MIP_Strategy_VariableSelect=0;CPXPARAM_Network_NetFind=2;CPXPARAM_Network_Pricing=0;CPXPARAM_Parallel=1;CPXPARAM_Preprocessing_Aggregator=-1;CPXPARAM_Preprocessing_BoundStrength=-1;CPXPARAM_Preprocessing_CoeffReduce=-1;CPXPARAM_Preprocessing_Dependency=-1;CPXPARAM_Preprocessing_Dual=0;CPXPARAM_Preprocessing_Fill=10;CPXPARAM_Preprocessing_NumPass=-1;CPXPARAM_Preprocessing_Presolve=1;CPXPARAM_Preprocessing_QPMakePSD=1;CPXPARAM_Preprocessing_Reduce=3;CPXPARAM_Preprocessing_Relax=-1;CPXPARAM_Preprocessing_RepeatPresolve=-1;CPXPARAM_Preprocessing_Symmetry=-1;CPXPARAM_Read_Scale=0;CPXPARAM_Sifting_Algorithm=0;CPXPARAM_Simplex_Crash=1;CPXPARAM_Simplex_DGradient=5;CPXPARAM_Simplex_Limits_Perturbation=0;CPXPARAM_Simplex_Limits_Singularity=10;CPXPARAM_Simplex_PGradient=0;CPXPARAM_Simplex_Pricing=0;CPXPARAM_Simplex_Refactor=0
12461630256742825802,0,CPXPARAM_Advance=1;CPXPARAM_Barrier_Algorithm=0;CPXPARAM_Barrier_ColNonzeros=0;CPXPARAM_Barrier_Crossover=0;CPXPARAM_Barrier_Limits_Corrections=-1;CPXPARAM_Barrier_Ordering=0;CPXPARAM_Barrier_StartAlg=1;CPXPARAM_Emphasis_MIP=0;CPXPARAM_Emphasis_Memory=0;CPXPARAM_Emphasis_Numerical=0;CPXPARAM_Feasopt_Mode=0;CPXPARAM_LPMethod=0;CPXPARAM_MIP_Cuts_Cliques=1;CPXPARAM_MIP_Cuts_Covers=0;CPXPARAM_MIP_Cuts_Disjunctive=-1;CPXPARAM_MIP_Cuts_FlowCovers=1;CPXPARAM_MIP_Cuts_GUBCovers=-1;CPXPARAM_MIP_Cuts_Gomory=0;CPXPARAM_MIP_Cuts_Implied=0;CPXPARAM_MIP_Cuts_MIRCut=2;CPXPARAM_MIP_Cuts_PathCut=0;CPXPARAM_MIP_Limits_AggForCut=3;CPXPARAM_MIP_Limits_CutPasses=0;CPXPARAM_MIP_Limits_CutsFactor=-1;CPXPARAM_MIP_Limits_GomoryCand=800;CPXPARAM_MIP_Limits_GomoryPass=0;CPXPARAM_MIP_Limits_Nodes=9223372036800000000;CPXPARAM_MIP_Limits_ProbeTime=1e+75;CPXPARAM_MIP_Limits_RepairTries=0;CPXPARAM_MIP_Limits_StrongCand=10;CPXPARAM_MIP_Limits_StrongIt=0;CPXPARAM_MIP_OrderType=0;CPXPARAM_MIP_Strategy_BBInterval=7;CPXPARAM_MIP_Strategy_Branch=0;CPXPARAM_MIP_Strategy_Dive=0;CPXPARAM_MIP_Strategy_File=1;CPXPARAM_MIP_Strategy_HeuristicFreq=0;CPXPARAM_MIP_Strategy_LBHeur=0;CPXPARAM_MIP_Strategy_NodeSelect=1;CPXPARAM_MIP_Strategy_Order=1;CPXPARAM_MIP_Strategy_PresolveNode=0;CPXPARAM_MIP_Strategy_Probe=0;CPXPARAM_MIP_Strategy_RINSHeur=0;CPXPARAM_MIP_Strategy_StartAlgorithm=0;CPXPARAM_MIP_Strategy_SubAlgorithm=0;CPXPARAM_MIP_Strategy_VariableSelect=0;CPXPARAM_Network_NetFind=2;CPXPARAM_Network_Pricing=0;CPXPARAM_Parallel=1;CPXPARAM_Preprocessing_Aggregator=-1;CPXPARAM_Preprocessing_BoundStrength=-1;CPXPARAM_Preprocessing_CoeffReduce=-1;CPXPARAM_Preprocessing_Dependency=-1;CPXPARAM_Preprocessing_Dual=0;CPXPARAM_Preprocessing_Fill=10;CPXPARAM_Preprocessing_NumPass=-1;CPXPARAM_Preprocessing_Presolve=1;CPXPARAM_Preprocessing_QPMakePSD=1;CPXPARAM_Preprocessing_Reduce=3;CPXPARAM_Preprocessing_Relax=-1;CPXPARAM_Preprocessing_RepeatPresolve=-1;CPXPARAM_Preprocessing_Symmetry=-1;CPXPARAM_Read_Scale=0;CPXPARAM_Sifting_Algorithm=0;CPXPARAM_Simplex_Crash=1;CPXPARAM_Simplex_DGradient=0;CPXPARAM_Simplex_Limits_Perturbation=0;CPXPARAM_Simplex_Limits_Singularity=10;CPXPARAM_Simplex_PGradient=0;CPXPARAM_Simplex_Pricing=0;CPXPARAM_Simplex_Refactor=0
16107418292913532637,0,CPXPARAM_Advance=1;CPXPARAM_Barrier_Algorithm=0;CPXPARAM_Barrier_ColNonzeros=0;CPXPARAM_Barrier_Crossover=0;CPXPARAM_Barrier_Limits_Corrections=-1;CPXPARAM_Barrier_Ordering=0;CPXPARAM_Barrier_StartAlg=1;CPXPARAM_Emphasis_MIP=5;CPXPARAM_Emphasis_Memory=0;CPXPARAM_Emphasis_Numerical=0;CPXPARAM_Feasopt_Mode=0;CPXPARAM_LPMethod=0;CPXPARAM_MIP_Cuts_Cliques=1;CPXPARAM_MIP_Cuts_Covers=0;CPXPARAM_MIP_Cuts_Disjunctive=0;CPXPARAM_MIP_Cuts_FlowCovers=-1;CPXPARAM_MIP_Cuts_GUBCovers=0;CPXPARAM_MIP_Cuts_Gomory=1;CPXPARAM_MIP_Cuts_Implied=2;CPXPARAM_MIP_Cuts_MIRCut=-1;CPXPARAM_MIP_Cuts_PathCut=0;CPXPARAM_MIP_Limits_AggForCut=1;CPXPARAM_MIP_Limits_CutPasses=0;CPXPARAM_MIP_Limits_CutsFactor=-1;CPXPARAM_MIP_Limits_GomoryCand=25;CPXPARAM_MIP_Limits_GomoryPass=0;CPXPARAM_MIP_Limits_Nodes=9223372036800000000;CPXPARAM_MIP_Limits_ProbeTime=1e+75;CPXPARAM_MIP_Limits_RepairTries=0;CPXPARAM_MIP_Limits_StrongCand=10;CPXPARAM_MIP_Limits_StrongIt=0;CPXPARAM_MIP_OrderType=3;CPXPARAM_MIP_Strategy_BBInterval=7;CPXPARAM_MIP_Strategy_Branch=0;CPXPARAM_MIP_Strategy_Dive=0;CPXPARAM_MIP_Strategy_File=1;CPXPARAM_MIP_Strategy_HeuristicFreq=0;CPXPARAM_MIP_Strategy_LBHeur=0;CPXPARAM_MIP_Strategy_NodeSelect=3;CPXPARAM_MIP_Strategy_Order=1;CPXPARAM_MIP_Strategy_PresolveNode=1;CPXPARAM_MIP_Strategy_Probe=1;CPXPARAM_MIP_Strategy_RINSHeur=0;CPXPARAM_MIP_Strategy_StartAlgorithm=0;CPXPARAM_MIP_Strategy_SubAlgorithm=3;CPXPARAM_MIP_Strategy_VariableSelect=2;CPXPARAM_Network_NetFind=2;CPXPARAM_Network_Pricing=0;CPXPARAM_Parallel=1;CPXPARAM_Preprocessing_Aggregator=-1;CPXPARAM_Preprocessing_BoundStrength=-1;CPXPARAM_Preprocessing_CoeffReduce=-1;CPXPARAM_Preprocessing_Dependency=-1;CPXPARAM_Preprocessing_Dual=0;CPXPARAM_Preprocessing_Fill=5;CPXPARAM_Preprocessing_NumPass=-1;CPXPARAM_Preprocessing_Presolve=1;CPXPARAM_Preprocessing_QPMakePSD=1;CPXPARAM_Preprocessing_Reduce=3;CPXPARAM_Preprocessing_Relax=-1;CPXPARAM_Preprocessing_RepeatPresolve=-1;CPXPARAM_Preprocessing_Symmetry=-1;CPXPARAM_Read_Scale=0;CPXPARAM_Sifting_Algorithm=0;CPXPARAM_Simplex_Crash=1;CPXPARAM_Simplex_DGradient=0;CPXPARAM_Simplex_Limits_Perturbation=0;CPXPARAM_Simplex_Limits_Singularity=10;CPXPARAM_Simplex_PGradient=0;CPXPARAM_Simplex_Pricing=0;CPXPARAM_Simplex_Refactor=0
1340916895757882093,0,CPXPARAM_Advance=1;CPXPARAM_Barrier_Algorithm=0;CPXPARAM_Barrier_ColNonzeros=0;CPXPARAM_Barrier_Crossover=0;CPXPARAM_Barrier_Limits_Corrections=-1;CPXPARAM_Barrier_Ordering=0;CPXPARAM_Barrier_StartAlg=1;CPXPARAM_Emphasis_MIP=1;CPXPARAM_Emphasis_Memory=0;CPXPARAM_Emphasis_Numerical=0;CPXPARAM_Feasopt_Mode=0;CPXPARAM_LPMethod=0;CPXPARAM_MIP_Cuts_Cliques=1;CPXPARAM_MIP_Cuts_Covers=-1;CPXPARAM_MIP_Cuts_Disjunctive=0;CPXPARAM_MIP_Cuts_FlowCovers=2;CPXPARAM_MIP_Cuts_GUBCovers=1;CPXPARAM_MIP_Cuts_Gomory=2;CPXPARAM_MIP_Cuts_Implied=2;CPXPARAM_MIP_Cuts_MIRCut=1;CPXPARAM_MIP_Cuts_PathCut=0;CPXPARAM_MIP_Limits_AggForCut=3;CPXPARAM_MIP_Limits_CutPasses=0;CPXPARAM_MIP_Limits_CutsFactor=-1;CPXPARAM_MIP_Limits_GomoryCand=100;CPXPARAM_MIP_Limits_GomoryPass=0;CPXPARAM_MIP_Limits_Nodes=9223372036800000000;CPXPARAM_MIP_Limits_ProbeTime=1e+75;CPXPARAM_MIP_Limits_RepairTries=0;CPXPARAM_MIP_Limits_StrongCand=10;CPXPARAM_MIP_Limits_StrongIt=0;CPXPARAM_MIP_OrderType=0;CPXPARAM_MIP_Strategy_BBInterval=7;CPXPARAM_MIP_Strategy_Branch=1;CPXPARAM_MIP_Strategy_Dive=0;CPXPARAM_MIP_Strategy_File=1;CPXPARAM_MIP_Strategy_HeuristicFreq=0;CPXPARAM_MIP_Strategy_LBHeur=0;CPXPARAM_MIP_Strategy_NodeSelect=2;CPXPARAM_MIP_Strategy_Order=1;CPXPARAM_MIP_Strategy_PresolveNode=2;CPXPARAM_MIP_Strategy_Probe=-1;CPXPARAM_MIP_Strategy_RINSHeur=0;CPXPARAM_MIP_Strategy_StartAlgorithm=0;CPXPARAM_MIP_Strategy_SubAlgorithm=0;CPXPARAM_MIP_Strategy_VariableSelect=4;CPXPARAM_Network_NetFind=2;CPXPARAM_Network_Pricing=0;CPXPARAM_Parallel=1;CPXPARAM_Preprocessing_Aggregator=-1;CPXPARAM_Preprocessing_BoundStrength=-1;CPXPARAM_Preprocessing_CoeffReduce=-1;CPXPARAM_Preprocessing_Dependency=-1;CPXPARAM_Preprocessing_Dual=0;CPXPARAM_Preprocessing_Fill=10;CPXPARAM_Preprocessing_NumPass=-1;CPXPARAM_Preprocessing_Presolve=1;CPXPARAM_Preprocessing_QPMakePSD=1;CPXPARAM_Preprocessing_Reduce=3;CPXPARAM_Preprocessing_Relax=-1;CPXPARAM_Preprocessing_RepeatPresolve=-1;CPXPARAM_Preprocessing_Symmetry=-1;CPXPARAM_Read_Scale=0;CPXPARAM_Sifting_Algorithm=0;CPXPARAM_Simplex_Crash=1;CPXPARAM_Simplex_DGradient=0;CPXPARAM_Simplex_Limits_Perturbation=0;CPXPARAM_Simplex_Limits_Singularity=10;CPXPARAM_Simplex_PGradient=0;CPXPARAM_Simplex_Pricing=0;CPXPARAM_Simplex_Refactor=0
6035160129891614898,0,CPXPARAM_Advance=1;CPXPARAM_Barrier_Algorithm=0;CPXPARAM_Barrier_ColNonzeros=0;CPXPARAM_Barrier_Crossover=0;CPXPARAM_Barrier_Limits_Corrections=-1;CPXPARAM_Barrier_Ordering=0;CPXPARAM_Barrier_StartAlg=1;CPXPARAM_Emphasis_MIP=0;CPXPARAM_Emphasis_Memory=0;CPXPARAM_Emphasis_Numerical=0;CPXPARAM_Feasopt_Mode=0;CPXPARAM_LPMethod=0;CPXPARAM_MIP_Cuts_Cliques=2;CPXPARAM_MIP_Cuts_Covers=1;CPXPARAM_MIP_Cuts_Disjunctive=-1;CPXPARAM_MIP_Cuts_FlowCovers=-1;CPXPARAM_MIP_Cuts_GUBCovers=1;CPXPARAM_MIP_Cuts_Gomory=0;CPXPARAM_MIP_Cuts_Implied=2;CPXPARAM_MIP_Cuts_MIRCut=-1;CPXPARAM_MIP_Cuts_PathCut=1;CPXPARAM_MIP_Limits_AggForCut=3;CPXPARAM_MIP_Limits_CutPasses=0;CPXPARAM_MIP_Limits_CutsFactor=-1;CPXPARAM_MIP_Limits_GomoryCand=200;CPXPARAM_MIP_Limits_GomoryPass=0;CPXPARAM_MIP_Limits_Nodes=9223372036800000000;CPXPARAM_MIP_Limits_ProbeTime=1e+75;CPXPARAM_MIP_Limits_RepairTries=0;CPXPARAM_MIP_Limits_StrongCand=10;CPXPARAM_MIP_Limits_StrongIt=0;CPXPARAM_MIP_OrderType=0;CPXPARAM_MIP_Strategy_BBInterval=7;CPXPARAM_MIP_Strategy_Branch=-1;CPXPARAM_MIP_Strategy_Dive=0;CPXPARAM_MIP_Strategy_File=1;CPXPARAM_MIP_Strategy_HeuristicFreq=0;CPXPARAM_MIP_Strategy_LBHeur=0;CPXPARAM_MIP_Strategy_NodeSelect=3;CPXPARAM_MIP_Strategy_Order=1;CPXPARAM_MIP_Strategy_PresolveNode=2;CPXPARAM_MIP_Strategy_Probe=0;CPXPARAM_MIP_Strategy_RINSHeur=0;CPXPARAM_MIP_Strategy_StartAlgorithm=0;CPXPARAM_MIP_Strategy_SubAlgorithm=0;CPXPARAM_MIP_Strategy_VariableSelect=1;CPXPARAM_Network_NetFind=2;CPXPARAM_Network_Pricing=0;CPXPARAM_Parallel=1;CPXPARAM_Preprocessing_Aggregator=-1;CPXPARAM_Preprocessing_BoundStrength=-1;CPXPARAM_Preprocessing_CoeffReduce=-1;CPXPARAM_Preprocessing_Dependency=-1;CPXPARAM_Preprocessing_Dual=0;CPXPARAM_Preprocessing_Fill=10;CPXPARAM_Preprocessing_NumPass=-1;CPXPARAM_Preprocessing_Presolve=1;CPXPARAM_Preprocessing_QPMakePSD=1;CPXPARAM_Preprocessing_Reduce=3;CPXPARAM_Preprocessing_Relax=-1;CPXPARAM_Preprocessing_RepeatPresolve=-1;CPXPARAM_Preprocessing_Symmetry=-1;CPXPARAM_Read_Scale=0;CPXPARAM_Sifting_Algorithm=0;CPXPARAM_Simplex_Crash=1;CPXPARAM_Simplex_DGradient=0;CPXPARAM_Simplex_Limits_Perturbation=0;CPXPARAM_Simplex_Limits_Singularity=10;CPXPARAM_Simplex_PGradient=0;CPXPARAM_Simplex_Pricing=0;CPXPARAM_Simplex_Refactor=0
1389850731955839957,0,CPXPARAM_Advance=1;CPXPARAM_Barrier_Algorithm=0;CPXPARAM_Barrier_ColNonzeros=0;CPXPARAM_Barrier_Crossover=0;CPXPARAM_Barrier_Limits_Corrections=-1;CPXPARAM_Barrier_Ordering=0;CPXPARAM_Barrier_StartAlg=1;CPXPARAM_Emphasis_MIP=2;CPXPARAM_Emphasis_Memory=0;CPXPARAM_Emphasis_Numerical=0;CPXPARAM_Feasopt_Mode=0;CPXPARAM_LPMethod=0;CPXPARAM_MIP_Cuts_Cliques=-1;CPXPARAM_MIP_Cuts_Covers=2;CPXPARAM_MIP_Cuts_Disjunctive=1;CPXPARAM_MIP_Cuts_FlowCovers=2;CPXPARAM_MIP_Cuts_GUBCovers=1;CPXPARAM_MIP_Cuts_Gomory=0;CPXPARAM_MIP_Cuts_Implied=-1;CPXPARAM_MIP_Cuts_MIRCut=-1;CPXPARAM_MIP_Cuts_PathCut=-1;CPXPARAM_MIP_Limits_AggForCut=3;CPXPARAM_MIP_Limits_CutPasses=0;CPXPARAM_MIP_Limits_CutsFactor=-1;CPXPARAM_MIP_Limits_GomoryCand=400;CPXPARAM_MIP_Limits_GomoryPass=0;CPXPARAM_MIP_Limits_Nodes=9223372036800000000;CPXPARAM_MIP_Limits_ProbeTime=1e+75;CPXPARAM_MIP_Limits_RepairTries=0;CPXPARAM_MIP_Limits_StrongCand=10;CPXPARAM_MIP_Limits_StrongIt=0;CPXPARAM_MIP_OrderType=0;CPXPARAM_MIP_Strategy_BBInterval=7;CPXPARAM_MIP_Strategy_Branch=0;CPXPARAM_MIP_Strategy_Dive=0;CPXPARAM_MIP_Strategy_File=1;CPXPARAM_MIP_Strategy_HeuristicFreq=0;CPXPARAM_MIP_Strategy_LBHeur=0;CPXPARAM_MIP_Strategy_NodeSelect=1;CPXPARAM_MIP_Strategy_Order=1;CPXPARAM_MIP_Strategy_PresolveNode=0;CPXPARAM_MIP_Strategy_Probe=0;CPXPARAM_MIP_Strategy_RINSHeur=0;CPXPARAM_MIP_Strategy_StartAlgorithm=0;CPXPARAM_MIP_Strategy_SubAlgorithm=0;CPXPARAM_MIP_Strategy_VariableSelect=4;CPXPARAM_Network_NetFind=2;CPXPARAM_Network_Pricing=0;CPXPARAM_Parallel=1;CPXPARAM_Preprocessing_Aggregator=-1;CPXPARAM_Preprocessing_BoundStrength=-1;CPXPARAM_Preprocessing_CoeffReduce=-1;CPXPARAM_Preprocessing_Dependency=-1;CPXPARAM_Preprocessing_Dual=0;CPXPARAM_Preprocessing_Fill=10;CPXPARAM_Preprocessing_NumPass=-1;CPXPARAM_Preprocessing_Presolve=1;CPXPARAM_Preprocessing_QPMakePSD=1;CPXPARAM_Preprocessing_Reduce=3;CPXPARAM_Preprocessing_Relax=-1;CPXPARAM_Preprocessing_RepeatPresolve=-1;CPXPARAM_Preprocessing_Symmetry=-1;CPXPARAM_Read_Scale=0;CPXPARAM_Sifting_Algorithm=0;CPXPARAM_Simplex_Crash=1;CPXPARAM_Simplex_DGradient=0;CPXPARAM_Simplex_Limits_Perturbation=0;CPXPARAM_Simplex_Limits_Singularity=10;CPXPARAM_Simplex_PGradient=0;CPXPARAM_Simplex_Pricing=0;CPXPARAM_Simplex_Refactor=0
12791397292402147943,0,CPXPARAM_Advance=1;CPXPARAM_Barrier_Algorithm=0;CPXPARAM_Barrier_ColNonzeros=0;CPXPARAM_Barrier_Crossover=0;CPXPARAM_Barrier_Limits_Corrections=-1;CPXPARAM_Barrier_Ordering=0;CPXPARAM_Barrier_StartAlg=1;CPXPARAM_Emphasis_MIP=0;CPXPARAM_Emphasis_Memory=0;CPXPARAM_Emphasis_Numerical=0;CPXPARAM_Feasopt_Mode=0;CPXPARAM_LPMethod=0;CPXPARAM_MIP_Cuts_Cliques=3;CPXPARAM_MIP_Cuts_Covers=1;CPXPARAM_MIP_Cuts_Disjunctive=-1;CPXPARAM_MIP_Cuts_FlowCovers=0;CPXPARAM_MIP_Cuts_GUBCovers=1;CPXPARAM_MIP_Cuts_Gomory=0;CPXPARAM_MIP_Cuts_Implied=2;CPXPARAM_MIP_Cuts_MIRCut=-1;CPXPARAM_MIP_Cuts_PathCut=1;CPXPARAM_MIP_Limits_AggForCut=3;CPXPARAM_MIP_Limits_CutPasses=0;CPXPARAM_MIP_Limits_CutsFactor=-1;CPXPARAM_MIP_Limits_GomoryCand=200;CPXPARAM_MIP_Limits_GomoryPass=0;CPXPARAM_MIP_Limits_Nodes=9223372036800000000;CPXPARAM_MIP_Limits_ProbeTime=1e+75;CPXPARAM_MIP_Limits_RepairTries=0;CPXPARAM_MIP_Limits_StrongCand=10;CPXPARAM_MIP_Limits_StrongIt=0;CPXPARAM_MIP_OrderType=0;CPXPARAM_MIP_Strategy_BBInterval=7;CPXPARAM_MIP_Strategy_Branch=-1;CPXPARAM_MIP_Strategy_Dive=0;CPXPARAM_MIP_Strategy_File=1;CPXPARAM_MIP_Strategy_HeuristicFreq=0;CPXPARAM_MIP_Strategy_LBHeur=0;CPXPARAM_MIP_Strategy_NodeSelect=3;CPXPARAM_MIP_Strategy_Order=1;CPXPARAM_MIP_Strategy_PresolveNode=2;CPXPARAM_MIP_Strategy_Probe=0;CPXPARAM_MIP_Strategy_RINSHeur=0;CPXPARAM_MIP_Strategy_StartAlgorithm=0;CPXPARAM_MIP_Strategy_SubAlgorithm=0;CPXPARAM_MIP_Strategy_VariableSelect=1;CPXPARAM_Network_NetFind=2;CPXPARAM_Network_Pricing=0;CPXPARAM_Parallel=1;CPXPARAM_Preprocessing_Aggregator=-1;CPXPARAM_Preprocessing_BoundStrength=-1;CPXPARAM_Preprocessing_CoeffReduce=-1;CPXPARAM_Preprocessing_Dependency=-1;CPXPARAM_Preprocessing_Dual=0;CPXPARAM_Preprocessing_Fill=10;CPXPARAM_Preprocessing_NumPass=-1;CPXPARAM_Preprocessing_Presolve=1;CPXPARAM_Preprocessing_QPMakePSD=1;CPXPARAM_Preprocessing_Reduce=3;CPXPARAM_Preprocessing_Relax=-1;CPXPARAM_Preprocessing_RepeatPresolve=-1;CPXPARAM_Preprocessing_Symmetry=-1;CPXPARAM_Read_Scale=0;CPXPARAM_Sifting_Algorithm=0;CPXPARAM_Simplex_Crash=1;CPXPARAM_Simplex_DGradient=0;CPXPARAM_Simplex_Limits_Perturbation=0;CPXPARAM_Simplex_Limits_Singularity=10;CPXPARAM_Simplex_PGradient=0;CPXPARAM_Simplex_Pricing=0;CPXPARAM_Simplex_Refactor=0
1544664318798768098,0,CPXPARAM_Advance=1;CPXPARAM_Barrier_Algorithm=0;CPXPARAM_Barrier_ColNonzeros=0;CPXPARAM_Barrier_Crossover=0;CPXPARAM_Barrier_Limits_Corrections=-1;CPXPARAM_Barrier_Ordering=0;CPXPARAM_Barrier_StartAlg=1;CPXPARAM_Emphasis_MIP=2;CPXPARAM_Emphasis_Memory=0;CPXPARAM_Emphasis_Numerical=0;CPXPARAM_Feasopt_Mode=0;CPXPARAM_LPMethod=0;CPXPARAM_MIP_Cuts_Cliques=-1;CPXPARAM_MIP_Cuts_Covers=2;CPXPARAM_MIP_Cuts_Disjunctive=1;CPXPARAM_MIP_Cuts_FlowCovers=2;CPXPARAM_MIP_Cuts_GUBCovers=1;CPXPARAM_MIP_Cuts_Gomory=0;CPXPARAM_MIP_Cuts_Implied=-1;CPXPARAM_MIP_Cuts_MIRCut=-1;CPXPARAM_MIP_Cuts_PathCut=-1;CPXPARAM_MIP_Limits_AggForCut=3;CPXPARAM_MIP_Limits_CutPasses=0;CPXPARAM_MIP_Limits_CutsFactor=-1;CPXPARAM_MIP_Limits_GomoryCand=400;CPXPARAM_MIP_Limits_GomoryPass=0;CPXPARAM_MIP_Limits_Nodes=9223372036800000000;CPXPARAM_MIP_Limits_ProbeTime=1e+75;CPXPARAM_MIP_Limits_RepairTries=0;CPXPARAM_MIP_Limits_StrongCand=10;CPXPARAM_MIP_Limits_StrongIt=0;CPXPARAM_MIP_OrderType=0;CPXPARAM_MIP_Strategy_BBInterval=7;CPXPARAM_MIP_Strategy_Branch=0;CPXPARAM_MIP_Strategy_Dive=0;CPXPARAM_MIP_Strategy_File=1;CPXPARAM_MIP_Strategy_HeuristicFreq=0;CPXPARAM_MIP_Strategy_LBHeur=0;CPXPARAM_MIP_Strategy_NodeSelect=1;CPXPARAM_MIP_Strategy_Order=1;CPXPARAM_MIP_Strategy_PresolveNode=0;CPXPARAM_MIP_Strategy_Probe=0;CPXPARAM_MIP_Strategy_RINSHeur=0;CPXPARAM_MIP_Strategy_StartAlgorithm=0;CPXPARAM_MIP_Strategy_SubAlgorithm=0;CPXPARAM_MIP_Strategy_VariableSelect=3;CPXPARAM_Network_NetFind=2;CPXPARAM_Network_Pricing=0;CPXPARAM_Parallel=1;CPXPARAM_Preprocessing_Aggregator=-1;CPXPARAM_Preprocessing_BoundStrength=-1;CPXPARAM_Preprocessing_CoeffReduce=-1;CPXPARAM_Preprocessing_Dependency=-1;CPXPARAM_Preprocessing_Dual=0;CPXPARAM_Preprocessing_Fill=10;CPXPARAM_Preprocessing_NumPass=-1;CPXPARAM_Preprocessing_Presolve=1;CPXPARAM_Preprocessing_QPMakePSD=1;CPXPARAM_Preprocessing_Reduce=3;CPXPARAM_Preprocessing_Relax=-1;CPXPARAM_Preprocessing_RepeatPresolve=-1;CPXPARAM_Preprocessing_Symmetry=-1;CPXPARAM_Read_Scale=0;CPXPARAM_Sifting_Algorithm=0;CPXPARAM_Simplex_Crash=1;CPXPARAM_Simplex_DGradient=0;CPXPARAM_Simplex_Limits_Perturbation=0;CPXPARAM_Simplex_Limits_Singularity=10;CPXPARAM_Simplex_PGradient=0;CPXPARAM_Simplex_Pricing=0;CPXPARAM_Simplex_Refactor=0
6757045700525998805,0,CPXPARAM_Advance=1;CPXPARAM_Barrier_Algorithm=0;CPXPARAM_Barrier_ColNonzeros=0;CPXPARAM_Barrier_Crossover=0;CPXPARAM_Barrier_Limits_Corrections=-1;CPXPARAM_Barrier_Ordering=0;CPXPARAM_Barrier_StartAlg=1;CPXPARAM_Emphasis_MIP=0;CPXPARAM_Emphasis_Memory=0;CPXPARAM_Emphasis_Numerical=0;CPXPARAM_Feasopt_Mode=0;CPXPARAM_LPMethod=0;CPXPARAM_MIP_Cuts_Cliques=2;CPXPARAM_MIP_Cuts_Covers=1;CPXPARAM_MIP_Cuts_Disjunctive=-1;CPXPARAM_MIP_Cuts_FlowCovers=0;CPXPARAM_MIP_Cuts_GUBCovers=1;CPXPARAM_MIP_Cuts_Gomory=0;CPXPARAM_MIP_Cuts_Implied=2;CPXPARAM_MIP_Cuts_MIRCut=2;CPXPARAM_MIP_Cuts_PathCut=1;CPXPARAM_MIP_Limits_AggForCut=3;CPXPARAM_MIP_Limits_CutPasses=0;CPXPARAM_MIP_Limits_CutsFactor=-1;CPXPARAM_MIP_Limits_GomoryCand=200;CPXPARAM_MIP_Limits_GomoryPass=0;CPXPARAM_MIP_Limits_Nodes=9223372036800000000;CPXPARAM_MIP_Limits_ProbeTime=1e+75;CPXPARAM_MIP_Limits_RepairTries=0;CPXPARAM_MIP_Limits_StrongCand=10;CPXPARAM_MIP_Limits_StrongIt=0;CPXPARAM_MIP_OrderType=0;CPXPARAM_MIP_Strategy_BBInterval=7;CPXPARAM_MIP_Strategy_Branch=-1;CPXPARAM_MIP_Strategy_Dive=0;CPXPARAM_MIP_Strategy_File=1;CPXPARAM_MIP_Strategy_HeuristicFreq=0;CPXPARAM_MIP_Strategy_LBHeur=0;CPXPARAM_MIP_Strategy_NodeSelect=3;CPXPARAM_MIP_Strategy_Order=1;CPXPARAM_MIP_Strategy_PresolveNode=2;CPXPARAM_MIP_Strategy_Probe=0;CPXPARAM_MIP_Strategy_RINSHeur=0;CPXPARAM_MIP_Strategy_StartAlgorithm=0;CPXPARAM_MIP_Strategy_SubAlgorithm=0;CPXPARAM_MIP_Strategy_VariableSelect=1;CPXPARAM_Network_NetFind=2;CPXPARAM_Network_Pricing=0;CPXPARAM_Parallel=1;CPXPARAM_Preprocessing_Aggregator=-1;CPXPARAM_Preprocessing_BoundStrength=-1;CPXPARAM_Preprocessing_CoeffReduce=-1;CPXPARAM_Preprocessing_Dependency=-1;CPXPARAM_Preprocessing_Dual=0;CPXPARAM_Preprocessing_Fill=10;CPXPARAM_Preprocessing_NumPass=-1;CPXPARAM_Preprocessing_Presolve=1;CPXPARAM_Preprocessing_QPMakePSD=1;CPXPARAM_Preprocessing_Reduce=3;CPXPARAM_Preprocessing_Relax=-1;CPXPARAM_Preprocessing_RepeatPresolve=-1;CPXPARAM_Preprocessing_Symmetry=-1;CPXPARAM_Read_Scale=0;CPXPARAM_Sifting_Algorithm=0;CPXPARAM_Simplex_Crash=1;CPXPARAM_Simplex_DGradient=0;CPXPARAM_Simplex_Limits_Perturbation=0;CPXPARAM_Simplex_Limits_Singularity=10;CPXPARAM_Simplex_PGradient=0;CPXPARAM_Simplex_Pricing=0;CPXPARAM_Simplex_Refactor=0
17968114435076219315,0,CPXPARAM_Advance=1;CPXPARAM_Barrier_Algorithm=0;CPXPARAM_Barrier_ColNonzeros=0;CPXPARAM_Barrier_Crossover=0;CPXPARAM_Barrier_Limits_Corrections=-1;CPXPARAM_Barrier_Ordering=0;CPXPARAM_Barrier_StartAlg=1;CPXPARAM_Emphasis_MIP=5;CPXPARAM_Emphasis_Memory=0;CPXPARAM_Emphasis_Numerical=0;CPXPARAM_Feasopt_Mode=0;CPXPARAM_LPMethod=0;CPXPARAM_MIP_Cuts_Cliques=3;CPXPARAM_MIP_Cuts_Covers=0;CPXPARAM_MIP_Cuts_Disjunctive=-1;CPXPARAM_MIP_Cuts_FlowCovers=2;CPXPARAM_MIP_Cuts_GUBCovers=1;CPXPARAM_MIP_Cuts_Gomory=-1;CPXPARAM_MIP_Cuts_Implied=2;CPXPARAM_MIP_Cuts_MIRCut=-1;CPXPARAM_MIP_Cuts_PathCut=-1;CPXPARAM_MIP_Limits_AggForCut=0;CPXPARAM_MIP_Limits_CutPasses=0;CPXPARAM_MIP_Limits_CutsFactor=-1;CPXPARAM_MIP_Limits_GomoryCand=200;CPXPARAM_MIP_Limits_GomoryPass=0;CPXPARAM_MIP_Limits_Nodes=9223372036800000000;CPXPARAM_MIP_Limits_ProbeTime=1e+75;CPXPARAM_MIP_Limits_RepairTries=0;CPXPARAM_MIP_Limits_StrongCand=10;CPXPARAM_MIP_Limits_StrongIt=0;CPXPARAM_MIP_OrderType=0;CPXPARAM_MIP_Strategy_BBInterval=7;CPXPARAM_MIP_Strategy_Branch=-1;CPXPARAM_MIP_Strategy_Dive=0;CPXPARAM_MIP_Strategy_File=1;CPXPARAM_MIP_Strategy_HeuristicFreq=0;CPXPARAM_MIP_Strategy_LBHeur=0;CPXPARAM_MIP_Strategy_NodeSelect=2;CPXPARAM_MIP_Strategy_Order=1;CPXPARAM_MIP_Strategy_PresolveNode=-1;CPXPARAM_MIP_Strategy_Probe=2;CPXPARAM_MIP_Strategy_RINSHeur=0;CPXPARAM_MIP_Strategy_StartAlgorithm=0;CPXPARAM_MIP_Strategy_SubAlgorithm=3;CPXPARAM_MIP_Strategy_VariableSelect=4;CPXPARAM_Network_NetFind=2;CPXPARAM_Network_Pricing=0;CPXPARAM_Parallel=1;CPXPARAM_Preprocessing_Aggregator=-1;CPXPARAM_Preprocessing_BoundStrength=-1;CPXPARAM_Preprocessing_CoeffReduce=-1;CPXPARAM_Preprocessing_Dependency=-1;CPXPARAM_Preprocessing_Dual=0;CPXPARAM_Preprocessing_Fill=20;CPXPARAM_Preprocessing_NumPass=-1;CPXPARAM_Preprocessing_Presolve=1;CPXPARAM_Preprocessing_QPMakePSD=1;CPXPARAM_Preprocessing_Reduce=3;CPXPARAM_Preprocessing_Relax=-1;CPXPARAM_Preprocessing_RepeatPresolve=-1;CPXPARAM_Preprocessing_Symmetry=-1;CPXPARAM_Read_Scale=0;CPXPARAM_Sifting_Algorithm=0;CPXPARAM_Simplex_Crash=1;CPXPARAM_Simplex_DGradient=0;CPXPARAM_Simplex_Limits_Perturbation=0;CPXPARAM_Simplex_Limits_Singularity=10;CPXPARAM_Simplex_PGradient=0;CPXPARAM_Simplex_Pricing=0;CPXPARAM_Simplex_Refactor=0
10901271809589148848,0,CPXPARAM_Advance=1;CPXPARAM_Barrier_Algorithm=0;CPXPARAM_Barrier_ColNonzeros=0;CPXPARAM_Barrier_Crossover=0;CPXPARAM_Barrier_Limits_Corrections=-1;CPXPARAM_Barrier_Ordering=0;CPXPARAM_Barrier_StartAlg=1;CPXPARAM_Emphasis_MIP=0;CPXPARAM_Emphasis_Memory=0;CPXPARAM_Emphasis_Numerical=0;CPXPARAM_Feasopt_Mode=0;CPXPARAM_LPMethod=0;CPXPARAM_MIP_Cuts_Cliques=2;CPXPARAM_MIP_Cuts_Covers=1;CPXPARAM_MIP_Cuts_Disjunctive=-1;CPXPARAM_MIP_Cuts_FlowCovers=0;CPXPARAM_MIP_Cuts_GUBCovers=1;CPXPARAM_MIP_Cuts_Gomory=0;CPXPARAM_MIP_Cuts_Implied=2;CPXPARAM_MIP_Cuts_MIRCut=-1;CPXPARAM_MIP_Cuts_PathCut=1;CPXPARAM_MIP_Limits_AggForCut=3;CPXPARAM_MIP_Limits_CutPasses=0;CPXPARAM_MIP_Limits_CutsFactor=-1;CPXPARAM_MIP_Limits_GomoryCand=200;CPXPARAM_MIP_Limits_GomoryPass=0;CPXPARAM_MIP_Limits_Nodes=9223372036800000000;CPXPARAM_MIP_Limits_ProbeTime=1e+75;CPXPARAM_MIP_Limits_RepairTries=0;CPXPARAM_MIP_Limits_StrongCand=10;CPXPARAM_MIP_Limits_StrongIt=0;CPXPARAM_MIP_OrderType=0;CPXPARAM_MIP_Strategy_BBInterval=7;CPXPARAM_MIP_Strategy_Branch=-1;CPXPARAM_MIP_Strategy_Dive=0;CPXPARAM_MIP_Strategy_File=1;CPXPARAM_MIP_Strategy_HeuristicFreq=0;CPXPARAM_MIP_Strategy_LBHeur=0;CPXPARAM_MIP_Strategy_NodeSelect=3;CPXPARAM_MIP_Strategy_Order=1;CPXPARAM_MIP_Strategy_PresolveNode=-1;CPXPARAM_MIP_Strategy_Probe=0;CPXPARAM_MIP_Strategy_RINSHeur=0;CPXPARAM_MIP_Strategy_StartAlgorithm=0;CPXPARAM_MIP_Strategy_SubAlgorithm=0;CPXPARAM_MIP_Strategy_VariableSelect=1;CPXPARAM_Network_NetFind=2;CPXPARAM_Network_Pricing=0;CPXPARAM_Parallel=1;CPXPARAM_Preprocessing_Aggregator=-1;CPXPARAM_Preprocessing_BoundStrength=-1;CPXPARAM_Preprocessing_CoeffReduce=-1;CPXPARAM_Preprocessing_Dependency=-1;CPXPARAM_Preprocessing_Dual=0;CPXPARAM_Preprocessing_Fill=10;CPXPARAM_Preprocessing_NumPass=-1;CPXPARAM_Preprocessing_Presolve=1;CPXPARAM_Preprocessing_QPMakePSD=1;CPXPARAM_Preprocessing_Reduce=3;CPXPARAM_Preprocessing_Relax=-1;CPXPARAM_Preprocessing_RepeatPresolve=-1;CPXPARAM_Preprocessing_Symmetry=-1;CPXPARAM_Read_Scale=0;CPXPARAM_Sifting_Algorithm=0;CPXPARAM_Simplex_Crash=1;CPXPARAM_Simplex_DGradient=0;CPXPARAM_Simplex_Limits_Perturbation=0;CPXPARAM_Simplex_Limits_Singularity=10;CPXPARAM_Simplex_PGradient=0;CPXPARAM_Simplex_Pricing=0;CPXPARAM_Simplex_Refactor=0
4497988129367170482,0,CPXPARAM_Advance=1;CPXPARAM_Barrier_Algorithm=0;CPXPARAM_Barrier_ColNonzeros=0;CPXPARAM_Barrier_Crossover=0;CPXPARAM_Barrier_Limits_Corrections=-1;CPXPARAM_Barrier_Ordering=0;CPXPARAM_Barrier_StartAlg=1;CPXPARAM_Emphasis_MIP=5;CPXPARAM_Emphasis_Memory=0;CPXPARAM_Emphasis_Numerical=0;CPXPARAM_Feasopt_Mode=0;CPXPARAM_LPMethod=0;CPXPARAM_MIP_Cuts_Cliques=0;CPXPARAM_MIP_Cuts_Covers=1;CPXPARAM_MIP_Cuts_Disjunctive=0;CPXPARAM_MIP_Cuts_FlowCovers=-1;CPXPARAM_MIP_Cuts_GUBCovers=2;CPXPARAM_MIP_Cuts_Gomory=0;CPXPARAM_MIP_Cuts_Implied=0;CPXPARAM_MIP_Cuts_MIRCut=2;CPXPARAM_MIP_Cuts_PathCut=1;CPXPARAM_MIP_Limits_AggForCut=3;CPXPARAM_MIP_Limits_CutPasses=0;CPXPARAM_MIP_Limits_CutsFactor=-1;CPXPARAM_MIP_Limits_GomoryCand=150;CPXPARAM_MIP_Limits_GomoryPass=0;CPXPARAM_MIP_Limits_Nodes=9223372036800000000;CPXPARAM_MIP_Limits_ProbeTime=1e+75;CPXPARAM_MIP_Limits_RepairTries=0;CPXPARAM_MIP_Limits_StrongCand=10;CPXPARAM_MIP_Limits_StrongIt=0;CPXPARAM_MIP_OrderType=0;CPXPARAM_MIP_Strategy_BBInterval=7;CPXPARAM_MIP_Strategy_Branch=0;CPXPARAM_MIP_Strategy_Dive=0;CPXPARAM_MIP_Strategy_File=1;CPXPARAM_MIP_Strategy_HeuristicFreq=0;CPXPARAM_MIP_Strategy_LBHeur=0;CPXPARAM_MIP_Strategy_NodeSelect=1;CPXPARAM_MIP_Strategy_Order=1;CPXPARAM_MIP_Strategy_PresolveNode=0;CPXPARAM_MIP_Strategy_Probe=0;CPXPARAM_MIP_Strategy_RINSHeur=0;CPXPARAM_MIP_Strategy_StartAlgorithm=0;CPXPARAM_MIP_Strategy_SubAlgorithm=0;CPXPARAM_MIP_Strategy_VariableSelect=0;CPXPARAM_Network_NetFind=2;CPXPARAM_Network_Pricing=0;CPXPARAM_Parallel=1;CPXPARAM_Preprocessing_Aggregator=-1;CPXPARAM_Preprocessing_BoundStrength=-1;CPXPARAM_Preprocessing_CoeffReduce=-1;CPXPARAM_Preprocessing_Dependency=-1;CPXPARAM_Preprocessing_Dual=0;CPXPARAM_Preprocessing_Fill=10;CPXPARAM_Preprocessing_NumPass=-1;CPXPARAM_Preprocessing_Presolve=1;CPXPARAM_Preprocessing_QPMakePSD=1;CPXPARAM_Preprocessing_Reduce=3;CPXPARAM_Preprocessing_Relax=-1;CPXPARAM_Preprocessing_RepeatPresolve=-1;CPXPARAM_Preprocessing_Symmetry=-1;CPXPARAM_Read_Scale=0;CPXPARAM_Sifting_Algorithm=0;CPXPARAM_Simplex_Crash=1;CPXPARAM_Simplex_DGradient=0;CPXPARAM_Simplex_Limits_Perturbation=0;CPXPARAM_Simplex_Limits_Singularity=10;CPXPARAM_Simplex_PGradient=0;CPXPARAM_Simplex_Pricing=0;CPXPARAM_Simplex_Refactor=0
16273483756135714714,0,CPXPARAM_Advance=1;CPXPARAM_Barrier_Algorithm=0;CPXPARAM_Barrier_ColNonzeros=0;CPXPARAM_Barrier_Crossover=0;CPXPARAM_Barrier_Limits_Corrections=-1;CPXPARAM_Barrier_Ordering=0;CPXPARAM_Barrier_StartAlg=1;CPXPARAM_Emphasis_MIP=4;CPXPARAM_Emphasis_Memory=0;CPXPARAM_Emphasis_Numerical=0;CPXPARAM_Feasopt_Mode=0;CPXPARAM_LPMethod=0;CPXPARAM_MIP_Cuts_Cliques=0;CPXPARAM_MIP_Cuts_Covers=1;CPXPARAM_MIP_Cuts_Disjunctive=0;CPXPARAM_MIP_Cuts_FlowCovers=-1;CPXPARAM_MIP_Cuts_GUBCovers=0;CPXPARAM_MIP_Cuts_Gomory=0;CPXPARAM_MIP_Cuts_Implied=0;CPXPARAM_MIP_Cuts_MIRCut=2;CPXPARAM_MIP_Cuts_PathCut=1;CPXPARAM_MIP_Limits_AggForCut=3;CPXPARAM_MIP_Limits_CutPasses=0;CPXPARAM_MIP_Limits_CutsFactor=-1;CPXPARAM_MIP_Limits_GomoryCand=150;CPXPARAM_MIP_Limits_GomoryPass=0;CPXPARAM_MIP_Limits_Nodes=9223372036800000000;CPXPARAM_MIP_Limits_ProbeTime=1e+75;CPXPARAM_MIP_Limits_RepairTries=0;CPXPARAM_MIP_Limits_StrongCand=10;CPXPARAM_MIP_Limits_StrongIt=0;CPXPARAM_MIP_OrderType=0;CPXPARAM_MIP_Strategy_BBInterval=7;CPXPARAM_MIP_Strategy_Branch=0;CPXPARAM_MIP_Strategy_Dive=0;CPXPARAM_MIP_Strategy_File=1;CPXPARAM_MIP_Strategy_HeuristicFreq=0;CPXPARAM_MIP_Strategy_LBHeur=0;CPXPARAM_MIP_Strategy_NodeSelect=1;CPXPARAM_MIP_Strategy_Order=1;CPXPARAM_MIP_Strategy_PresolveNode=0;CPXPARAM_MIP_Strategy_Probe=0;CPXPARAM_MIP_Strategy_RINSHeur=0;CPXPARAM_MIP_Strategy_StartAlgorithm=0;CPXPARAM_MIP_Strategy_SubAlgorithm=0;CPXPARAM_MIP_Strategy_VariableSelect=0;CPXPARAM_Network_NetFind=2;CPXPARAM_Network_Pricing=0;CPXPARAM_Parallel=1;CPXPARAM_Preprocessing_Aggregator=-1;CPXPARAM_Preprocessing_BoundStrength=-1;CPXPARAM_Preprocessing_CoeffReduce=-1;CPXPARAM_Preprocessing_Dependency=-1;CPXPARAM_Preprocessing_Dual=0;CPXPARAM_Preprocessing_Fill=10;CPXPARAM_Preprocessing_NumPass=-1;CPXPARAM_Preprocessing_Presolve=1;CPXPARAM_Preprocessing_QPMakePSD=1;CPXPARAM_Preprocessing_Reduce=3;CPXPARAM_Preprocessing_Relax=-1;CPXPARAM_Preprocessing_RepeatPresolve=-1;CPXPARAM_Preprocessing_Symmetry=-1;CPXPARAM_Read_Scale=0;CPXPARAM_Sifting_Algorithm=0;CPXPARAM_Simplex_Crash=1;CPXPARAM_Simplex_DGradient=0;CPXPARAM_Simplex_Limits_Perturbation=0;CPXPARAM_Simplex_Limits_Singularity=10;CPXPARAM_Simplex_PGradient=0;CPXPARAM_Simplex_Pricing=0;CPXPARAM_Simplex_Refactor=0
7090871668770383817,0,CPXPARAM_Advance=1;CPXPARAM_Barrier_Algorithm=0;CPXPARAM_Barrier_ColNonzeros=0;CPXPARAM_Barrier_Crossover=0;CPXPARAM_Barrier_Limits_Corrections=-1;CPXPARAM_Barrier_Ordering=0;CPXPARAM_Barrier_StartAlg=1;CPXPARAM_Emphasis_MIP=0;CPXPARAM_Emphasis_Memory=0;CPXPARAM_Emphasis_Numerical=0;CPXPARAM_Feasopt_Mode=0;CPXPARAM_LPMethod=0;CPXPARAM_MIP_Cuts_Cliques=2;CPXPARAM_MIP_Cuts_Covers=-1;CPXPARAM_MIP_Cuts_Disjunctive=0;CPXPARAM_MIP_Cuts_FlowCovers=2;CPXPARAM_MIP_Cuts_GUBCovers=0;CPXPARAM_MIP_Cuts_Gomory=-1;CPXPARAM_MIP_Cuts_Implied=1;CPXPARAM_MIP_Cuts_MIRCut=1;CPXPARAM_MIP_Cuts_PathCut=2;CPXPARAM_MIP_Limits_AggForCut=3;CPXPARAM_MIP_Limits_CutPasses=0;CPXPARAM_MIP_Limits_CutsFactor=-1;CPXPARAM_MIP_Limits_GomoryCand=10;CPXPARAM_MIP_Limits_GomoryPass=0;CPXPARAM_MIP_Limits_Nodes=9223372036800000000;CPXPARAM_MIP_Limits_ProbeTime=1e+75;CPXPARAM_MIP_Limits_RepairTries=0;CPXPARAM_MIP_Limits_StrongCand=10;CPXPARAM_MIP_Limits_StrongIt=0;CPXPARAM_MIP_OrderType=0;CPXPARAM_MIP_Strategy_BBInterval=7;CPXPARAM_MIP_Strategy_Branch=0;CPXPARAM_MIP_Strategy_Dive=0;CPXPARAM_MIP_Strategy_File=1;CPXPARAM_MIP_Strategy_HeuristicFreq=0;CPXPARAM_MIP_Strategy_LBHeur=0;CPXPARAM_MIP_Strategy_NodeSelect=2;CPXPARAM_MIP_Strategy_Order=1;CPXPARAM_MIP_Strategy_PresolveNode=2;CPXPARAM_MIP_Strategy_Probe=0;CPXPARAM_MIP_Strategy_RINSHeur=0;CPXPARAM_MIP_Strategy_StartAlgorithm=0;CPXPARAM_MIP_Strategy_SubAlgorithm=0;CPXPARAM_MIP_Strategy_VariableSelect=0;CPXPARAM_Network_NetFind=2;CPXPARAM_Network_Pricing=0;CPXPARAM_Parallel=1;CPXPARAM_Preprocessing_Aggregator=-1;CPXPARAM_Preprocessing_BoundStrength=-1;CPXPARAM_Preprocessing_CoeffReduce=-1;CPXPARAM_Preprocessing_Dependency=-1;CPXPARAM_Preprocessing_Dual=0;CPXPARAM_Preprocessing_Fill=10;CPXPARAM_Preprocessing_NumPass=-1;CPXPARAM_Preprocessing_Presolve=1;CPXPARAM_Preprocessing_QPMakePSD=1;CPXPARAM_Preprocessing_Reduce=3;CPXPARAM_Preprocessing_Relax=-1;CPXPARAM_Preprocessing_RepeatPresolve=-1;CPXPARAM_Preprocessing_Symmetry=-1;CPXPARAM_Read_Scale=0;CPXPARAM_Sifting_Algorithm=0;CPXPARAM_Simplex_Crash=1;CPXPARAM_Simplex_DGradient=0;CPXPARAM_Simplex_Limits_Perturbation=0;CPXPARAM_Simplex_Limits_Singularity=10;CPXPARAM_Simplex_PGradient=0;CPXPARAM_Simplex_Pricing=0;CPXPARAM_Simplex_Refactor=0
16310617724878725840,0,CPXPARAM_Advance=1;CPXPARAM_Barrier_Algorithm=0;CPXPARAM_Barrier_ColNonzeros=0;CPXPARAM_Barrier_Crossover=0;CPXPARAM_Barrier_Limits_Corrections=-1;CPXPARAM_Barrier_Ordering=0;CPXPARAM_Barrier_StartAlg=1;CPXPARAM_Emphasis_MIP=3;CPXPARAM_Emphasis_Memory=0;CPXPARAM_Emphasis_Numerical=0;CPXPARAM_Feasopt_Mode=0;CPXPARAM_LPMethod=0;CPXPARAM_MIP_Cuts_Cliques=2;CPXPARAM_MIP_Cuts_Covers=3;CPXPARAM_MIP_Cuts_Disjunctive=-1;CPXPARAM_MIP_Cuts_FlowCovers=-1;CPXPARAM_MIP_Cuts_GUBCovers=2;CPXPARAM_MIP_Cuts_Gomory=1;CPXPARAM_MIP_Cuts_Implied=2;CPXPARAM_MIP_Cuts_MIRCut=2;CPXPARAM_MIP_Cuts_PathCut=1;CPXPARAM_MIP_Limits_AggForCut=10;CPXPARAM_MIP_Limits_CutPasses=0;CPXPARAM_MIP_Limits_CutsFactor=-1;CPXPARAM_MIP_Limits_GomoryCand=800;CPXPARAM_MIP_Limits_GomoryPass=0;CPXPARAM_MIP_Limits_Nodes=9223372036800000000;CPXPARAM_MIP_Limits_ProbeTime=1e+75;CPXPARAM_MIP_Limits_RepairTries=0;CPXPARAM_MIP_Limits_StrongCand=10;CPXPARAM_MIP_Limits_StrongIt=0;CPXPARAM_MIP_OrderType=0;CPXPARAM_MIP_Strategy_BBInterval=7;CPXPARAM_MIP_Strategy_Branch=-1;CPXPARAM_MIP_Strategy_Dive=0;CPXPARAM_MIP_Strategy_File=1;CPXPARAM_MIP_Strategy_HeuristicFreq=0;CPXPARAM_MIP_Strategy_LBHeur=0;CPXPARAM_MIP_Strategy_NodeSelect=2;CPXPARAM_MIP_Strategy_Order=1;CPXPARAM_MIP_Strategy_PresolveNode=-1;CPXPARAM_MIP_Strategy_Probe=1;CPXPARAM_MIP_Strategy_RINSHeur=0;CPXPARAM_MIP_Strategy_StartAlgorithm=0;CPXPARAM_MIP_Strategy_SubAlgorithm=1;CPXPARAM_MIP_Strategy_VariableSelect=0;CPXPARAM_Network_NetFind=2;CPXPARAM_Network_Pricing=0;CPXPARAM_Parallel=1;CPXPARAM_Preprocessing_Aggregator=-1;CPXPARAM_Preprocessing_BoundStrength=-1;CPXPARAM_Preprocessing_CoeffReduce=-1;CPXPARAM_Preprocessing_Dependency=-1;CPXPARAM_Preprocessing_Dual=0;CPXPARAM_Preprocessing_Fill=5;CPXPARAM_Preprocessing_NumPass=-1;CPXPARAM_Preprocessing_Presolve=1;CPXPARAM_Preprocessing_QPMakePSD=1;CPXPARAM_Preprocessing_Reduce=3;CPXPARAM_Preprocessing_Relax=-1;CPXPARAM_Preprocessing_RepeatPresolve=-1;CPXPARAM_Preprocessing_Symmetry=-1;CPXPARAM_Read_Scale=0;CPXPARAM_Sifting_Algorithm=0;CPXPARAM_Simplex_Crash=1;CPXPARAM_Simplex_DGradient=0;CPXPARAM_Simplex_Limits_Perturbation=0;CPXPARAM_Simplex_Limits_Singularity=10;CPXPARAM_Simplex_PGradient=0;CPXPARAM_Simplex_Pricing=0;CPXPARAM_Simplex_Refactor=0
8355613131926991181,0,CPXPARAM_Advance=1;CPXPARAM_Barrier_Algorithm=0;CPXPARAM_Barrier_ColNonzeros=0;CPXPARAM_Barrier_Crossover=0;CPXPARAM_Barrier_Limits_Corrections=-1;CPXPARAM_Barrier_Ordering=0;CPXPARAM_Barrier_StartAlg=1;CPXPARAM_Emphasis_MIP=0;CPXPARAM_Emphasis_Memory=0;CPXPARAM_Emphasis_Numerical=0;CPXPARAM_Feasopt_Mode=0;CPXPARAM_LPMethod=0;CPXPARAM_MIP_Cuts_Cliques=3;CPXPARAM_MIP_Cuts_Covers=-1;CPXPARAM_MIP_Cuts_Disjunctive=-1;CPXPARAM_MIP_Cuts_FlowCovers=-1;CPXPARAM_MIP_Cuts_GUBCovers=1;CPXPARAM_MIP_Cuts_Gomory=-1;CPXPARAM_MIP_Cuts_Implied=-1;CPXPARAM_MIP_Cuts_MIRCut=1;CPXPARAM_MIP_Cuts_PathCut=-1;CPXPARAM_MIP_Limits_AggForCut=5;CPXPARAM_MIP_Limits_CutPasses=0;CPXPARAM_MIP_Limits_CutsFactor=-1;CPXPARAM_MIP_Limits_GomoryCand=200;CPXPARAM_MIP_Limits_GomoryPass=0;CPXPARAM_MIP_Limits_Nodes=9223372036800000000;CPXPARAM_MIP_Limits_ProbeTime=1e+75;CPXPARAM_MIP_Limits_RepairTries=0;CPXPARAM_MIP_Limits_StrongCand=10;CPXPARAM_MIP_Limits_StrongIt=0;CPXPARAM_MIP_OrderType=3;CPXPARAM_MIP_Strategy_BBInterval=7;CPXPARAM_MIP_Strategy_Branch=-1;CPXPARAM_MIP_Strategy_Dive=0;CPXPARAM_MIP_Strategy_File=1;CPXPARAM_MIP_Strategy_HeuristicFreq=0;CPXPARAM_MIP_Strategy_LBHeur=0;CPXPARAM_MIP_Strategy_NodeSelect=3;CPXPARAM_MIP_Strategy_Order=1;CPXPARAM_MIP_Strategy_PresolveNode=-1;CPXPARAM_MIP_Strategy_Probe=0;CPXPARAM_MIP_Strategy_RINSHeur=0;CPXPARAM_MIP_Strategy_StartAlgorithm=0;CPXPARAM_MIP_Strategy_SubAlgorithm=0;CPXPARAM_MIP_Strategy_VariableSelect=0;CPXPARAM_Network_NetFind=2;CPXPARAM_Network_Pricing=0;CPXPARAM_Parallel=1;CPXPARAM_Preprocessing_Aggregator=-1;CPXPARAM_Preprocessing_BoundStrength=-1;CPXPARAM_Preprocessing_CoeffReduce=-1;CPXPARAM_Preprocessing_Dependency=-1;CPXPARAM_Preprocessing_Dual=0;CPXPARAM_Preprocessing_Fill=10;CPXPARAM_Preprocessing_NumPass=-1;CPXPARAM_Preprocessing_Presolve=1;CPXPARAM_Preprocessing_QPMakePSD=1;CPXPARAM_Preprocessing_Reduce=2;CPXPARAM_Preprocessing_Relax=-1;CPXPARAM_Preprocessing_RepeatPresolve=-1;CPXPARAM_Preprocessing_Symmetry=-1;CPXPARAM_Read_Scale=0;CPXPARAM_Sifting_Algorithm=0;CPXPARAM_Simplex_Crash=1;CPXPARAM_Simplex_DGradient=0;CPXPARAM_Simplex_Limits_Perturbation=0;CPXPARAM_Simplex_Limits_Singularity=10;CPXPARAM_Simplex_PGradient=0;CPXPARAM_Simplex_Pricing=0;CPXPARAM_Simplex_Refactor=0
10511747157678712334,0,CPXPARAM_Advance=1;CPXPARAM_Barrier_Algorithm=0;CPXPARAM_Barrier_ColNonzeros=0;CPXPARAM_Barrier_Crossover=0;CPXPARAM_Barrier_Limits_Corrections=-1;CPXPARAM_Barrier_Ordering=0;CPXPARAM_Barrier_StartAlg=1;CPXPARAM_Emphasis_MIP=4;CPXPARAM_Emphasis_Memory=0;CPXPARAM_Emphasis_Numerical=0;CPXPARAM_Feasopt_Mode=0;CPXPARAM_LPMethod=0;CPXPARAM_MIP_Cuts_Cliques=0;CPXPARAM_MIP_Cuts_Covers=1;CPXPARAM_MIP_Cuts_Disjunctive=0;CPXPARAM_MIP_Cuts_FlowCovers=-1;CPXPARAM_MIP_Cuts_GUBCovers=2;CPXPARAM_MIP_Cuts_Gomory=0;CPXPARAM_MIP_Cuts_Implied=0;CPXPARAM_MIP_Cuts_MIRCut=0;CPXPARAM_MIP_Cuts_PathCut=0;CPXPARAM_MIP_Limits_AggForCut=3;CPXPARAM_MIP_Limits_CutPasses=0;CPXPARAM_MIP_Limits_CutsFactor=-1;CPXPARAM_MIP_Limits_GomoryCand=150;CPXPARAM_MIP_Limits_GomoryPass=0;CPXPARAM_MIP_Limits_Nodes=9223372036800000000;CPXPARAM_MIP_Limits_ProbeTime=1e+75;CPXPARAM_MIP_Limits_RepairTries=0;CPXPARAM_MIP_Limits_StrongCand=10;CPXPARAM_MIP_Limits_StrongIt=0;CPXPARAM_MIP_OrderType=0;CPXPARAM_MIP_Strategy_BBInterval=7;CPXPARAM_MIP_Strategy_Branch=0;CPXPARAM_MIP_Strategy_Dive=0;CPXPARAM_MIP_Strategy_File=1;CPXPARAM_MIP_Strategy_HeuristicFreq=0;CPXPARAM_MIP_Strategy_LBHeur=0;CPXPARAM_MIP_Strategy_NodeSelect=1;CPXPARAM_MIP_Strategy_Order=1;CPXPARAM_MIP_Strategy_PresolveNode=0;CPXPARAM_MIP_Strategy_Probe=0;CPXPARAM_MIP_Strategy_RINSHeur=0;CPXPARAM_MIP_Strategy_StartAlgorithm=0;CPXPARAM_MIP_Strategy_SubAlgorithm=0;CPXPARAM_MIP_Strategy_VariableSelect=0;CPXPARAM_Network_NetFind=2;CPXPARAM_Network_Pricing=0;CPXPARAM_Parallel=1;CPXPARAM_Preprocessing_Aggregator=-1;CPXPARAM_Preprocessing_BoundStrength=-1;CPXPARAM_Preprocessing_CoeffReduce=-1;CPXPARAM_Preprocessing_Dependency=-1;CPXPARAM_Preprocessing_Dual=0;CPXPARAM_Preprocessing_Fill=10;CPXPARAM_Preprocessing_NumPass=-1;CPXPARAM_Preprocessing_Presolve=1;CPXPARAM_Preprocessing_QPMakePSD=1;CPXPARAM_Preprocessing_Reduce=3;CPXPARAM_Preprocessing_Relax=-1;CPXPARAM_Preprocessing_RepeatPresolve=-1;CPXPARAM_Preprocessing_Symmetry=-1;CPXPARAM_Read_Scale=0;CPXPARAM_Sifting_Algorithm=0;CPXPARAM_Simplex_Crash=1;CPXPARAM_Simplex_DGradient=0;CPXPARAM_Simplex_Limits_Perturbation=0;CPXPARAM_Simplex_Limits_Singularity=10;CPXPARAM_Simplex_PGradient=0;CPXPARAM_Simplex_Pricing=0;CPXPARAM_Simplex_Refactor=0
17268648279248409790,0,CPXPARAM_Advance=1;CPXPARAM_Barrier_Algorithm=0;CPXPARAM_Barrier_ColNonzeros=0;CPXPARAM_Barrier_Crossover=0;CPXPARAM_Barrier_Limits_Corrections=-1;CPXPARAM_Barrier_Ordering=0;CPXPARAM_Barrier_StartAlg=1;CPXPARAM_Emphasis_MIP=0;CPXPARAM_Emphasis_Memory=0;CPXPARAM_Emphasis_Numerical=0;CPXPARAM_Feasopt_Mode=0;CPXPARAM_LPMethod=0;CPXPARAM_MIP_Cuts_Cliques=2;CPXPARAM_MIP_Cuts_Covers=3;CPXPARAM_MIP_Cuts_Disjunctive=-1;CPXPARAM_MIP_Cuts_FlowCovers=-1;CPXPARAM_MIP_Cuts_GUBCovers=2;CPXPARAM_MIP_Cuts_Gomory=1;CPXPARAM_MIP_Cuts_Implied=2;CPXPARAM_MIP_Cuts_MIRCut=2;CPXPARAM_MIP_Cuts_PathCut=1;CPXPARAM_MIP_Limits_AggForCut=10;CPXPARAM_MIP_Limits_CutPasses=0;CPXPARAM_MIP_Limits_CutsFactor=-1;CPXPARAM_MIP_Limits_GomoryCand=400;CPXPARAM_MIP_Limits_GomoryPass=0;CPXPARAM_MIP_Limits_Nodes=9223372036800000000;CPXPARAM_MIP_Limits_ProbeTime=1e+75;CPXPARAM_MIP_Limits_RepairTries=0;CPXPARAM_MIP_Limits_StrongCand=10;CPXPARAM_MIP_Limits_StrongIt=0;CPXPARAM_MIP_OrderType=0;CPXPARAM_MIP_Strategy_BBInterval=7;CPXPARAM_MIP_Strategy_Branch=-1;CPXPARAM_MIP_Strategy_Dive=0;CPXPARAM_MIP_Strategy_File=1;CPXPARAM_MIP_Strategy_HeuristicFreq=0;CPXPARAM_MIP_Strategy_LBHeur=0;CPXPARAM_MIP_Strategy_NodeSelect=2;CPXPARAM_MIP_Strategy_Order=1;CPXPARAM_MIP_Strategy_PresolveNode=-1;CPXPARAM_MIP_Strategy_Probe=1;CPXPARAM_MIP_Strategy_RINSHeur=0;CPXPARAM_MIP_Strategy_StartAlgorithm=0;CPXPARAM_MIP_Strategy_SubAlgorithm=1;CPXPARAM_MIP_Strategy_VariableSelect=0;CPXPARAM_Network_NetFind=2;CPXPARAM_Network_Pricing=0;CPXPARAM_Parallel=1;CPXPARAM_Preprocessing_Aggregator=-1;CPXPARAM_Preprocessing_BoundStrength=-1;CPXPARAM_Preprocessing_CoeffReduce=-1;CPXPARAM_Preprocessing_Dependency=-1;CPXPARAM_Preprocessing_Dual=0;CPXPARAM_Preprocessing_Fill=5;CPXPARAM_Preprocessing_NumPass=-1;CPXPARAM_Preprocessing_Presolve=1;CPXPARAM_Preprocessing_QPMakePSD=1;CPXPARAM_Preprocessing_Reduce=3;CPXPARAM_Preprocessing_Relax=-1;CPXPARAM_Preprocessing_RepeatPresolve=-1;CPXPARAM_Preprocessing_Symmetry=-1;CPXPARAM_Read_Scale=0;CPXPARAM_Sifting_Algorithm=0;CPXPARAM_Simplex_Crash=1;CPXPARAM_Simplex_DGradient=0;CPXPARAM_Simplex_Limits_Perturbation=0;CPXPARAM_Simplex_Limits_Singularity=10;CPXPARAM_Simplex_PGradient=0;CPXPARAM_Simplex_Pricing=0;CPXPARAM_Simplex_Refactor=0
11311262893385532601,0,CPXPARAM_Advance=1;CPXPARAM_Barrier_Algorithm=0;CPXPARAM_Barrier_ColNonzeros=0;CPXPARAM_Barrier_Crossover=0;CPXPARAM_Barrier_Limits_Corrections=-1;CPXPARAM_Barrier_Ordering=0;CPXPARAM_Barrier_StartAlg=1;CPXPARAM_Emphasis_MIP=2;CPXPARAM_Emphasis_Memory=0;CPXPARAM_Emphasis_Numerical=0;CPXPARAM_Feasopt_Mode=0;CPXPARAM_LPMethod=0;CPXPARAM_MIP_Cuts_Cliques=1;CPXPARAM_MIP_Cuts_Covers=3;CPXPARAM_MIP_Cuts_Disjunctive=1;CPXPARAM_MIP_Cuts_FlowCovers=1;CPXPARAM_MIP_Cuts_GUBCovers=1;CPXPARAM_MIP_Cuts_Gomory=0;CPXPARAM_MIP_Cuts_Implied=2;CPXPARAM_MIP_Cuts_MIRCut=1;CPXPARAM_MIP_Cuts_PathCut=2;CPXPARAM_MIP_Limits_AggForCut=5;CPXPARAM_MIP_Limits_CutPasses=0;CPXPARAM_MIP_Limits_CutsFactor=-1;CPXPARAM_MIP_Limits_GomoryCand=50;CPXPARAM_MIP_Limits_GomoryPass=0;CPXPARAM_MIP_Limits_Nodes=9223372036800000000;CPXPARAM_MIP_Limits_ProbeTime=1e+75;CPXPARAM_MIP_Limits_RepairTries=0;CPXPARAM_MIP_Limits_StrongCand=10;CPXPARAM_MIP_Limits_StrongIt=0;CPXPARAM_MIP_OrderType=1;CPXPARAM_MIP_Strategy_BBInterval=7;CPXPARAM_MIP_Strategy_Branch=0;CPXPARAM_MIP_Strategy_Dive=0;CPXPARAM_MIP_Strategy_File=1;CPXPARAM_MIP_Strategy_HeuristicFreq=0;CPXPARAM_MIP_Strategy_LBHeur=0;CPXPARAM_MIP_Strategy_NodeSelect=0;CPXPARAM_MIP_Strategy_Order=1;CPXPARAM_MIP_Strategy_PresolveNode=-1;CPXPARAM_MIP_Strategy_Probe=-1;CPXPARAM_MIP_Strategy_RINSHeur=0;CPXPARAM_MIP_Strategy_StartAlgorithm=0;CPXPARAM_MIP_Strategy_SubAlgorithm=0;CPXPARAM_MIP_Strategy_VariableSelect=1;CPXPARAM_Network_NetFind=2;CPXPARAM_Network_Pricing=0;CPXPARAM_Parallel=1;CPXPARAM_Preprocessing_Aggregator=-1;CPXPARAM_Preprocessing_BoundStrength=-1;CPXPARAM_Preprocessing_CoeffReduce=-1;CPXPARAM_Preprocessing_Dependency=-1;CPXPARAM_Preprocessing_Dual=0;CPXPARAM_Preprocessing_Fill=5;CPXPARAM_Preprocessing_NumPass=-1;CPXPARAM_Preprocessing_Presolve=1;CPXPARAM_Preprocessing_QPMakePSD=1;CPXPARAM_Preprocessing_Reduce=1;CPXPARAM_Preprocessing_Relax=-1;CPXPARAM_Preprocessing_RepeatPresolve=-1;CPXPARAM_Preprocessing_Symmetry=-1;CPXPARAM_Read_Scale=-1;CPXPARAM_Sifting_Algorithm=0;CPXPARAM_Simplex_Crash=1;CPXPARAM_Simplex_DGradient=0;CPXPARAM_Simplex_Limits_Perturbation=0;CPXPARAM_Simplex_Limits_Singularity=10;CPXPARAM_Simplex_PGradient=0;CPXPARAM_Simplex_Pricing=0;CPXPARAM_Simplex_Refactor=0
10056035768576403194,0,CPXPARAM_Advance=1;CPXPARAM_Barrier_Algorithm=0;CPXPARAM_Barrier_ColNonzeros=0;CPXPARAM_Barrier_Crossover=0;CPXPARAM_Barrier_Limits_Corrections=-1;CPXPARAM_Barrier_Ordering=0;CPXPARAM_Barrier_StartAlg=1;CPXPARAM_Emphasis_MIP=5;CPXPARAM_Emphasis_Memory=0;CPXPARAM_Emphasis_Numerical=0;CPXPARAM_Feasopt_Mode=0;CPXPARAM_LPMethod=0;CPXPARAM_MIP_Cuts_Cliques=1;CPXPARAM_MIP_Cuts_Covers=0;CPXPARAM_MIP_Cuts_Disjunctive=1;CPXPARAM_MIP_Cuts_FlowCovers=0;CPXPARAM_MIP_Cuts_GUBCovers=1;CPXPARAM_MIP_Cuts_Gomory=0;CPXPARAM_MIP_Cuts_Implied=1;CPXPARAM_MIP_Cuts_MIRCut=1;CPXPARAM_MIP_Cuts_PathCut=0;CPXPARAM_MIP_Limits_AggForCut=3;CPXPARAM_MIP_Limits_CutPasses=0;CPXPARAM_MIP_Limits_CutsFactor=-1;CPXPARAM_MIP_Limits_GomoryCand=800;CPXPARAM_MIP_Limits_GomoryPass=0;CPXPARAM_MIP_Limits_Nodes=9223372036800000000;CPXPARAM_MIP_Limits_ProbeTime=1e+75;CPXPARAM_MIP_Limits_RepairTries=0;CPXPARAM_MIP_Limits_StrongCand=10;CPXPARAM_MIP_Limits_StrongIt=0;CPXPARAM_MIP_OrderType=0;CPXPARAM_MIP_Strategy_BBInterval=7;CPXPARAM_MIP_Strategy_Branch=1;CPXPARAM_MIP_Strategy_Dive=0;CPXPARAM_MIP_Strategy_File=1;CPXPARAM_MIP_Strategy_HeuristicFreq=0;CPXPARAM_MIP_Strategy_LBHeur=0;CPXPARAM_MIP_Strategy_NodeSelect=1;CPXPARAM_MIP_Strategy_Order=1;CPXPARAM_MIP_Strategy_PresolveNode=2;CPXPARAM_MIP_Strategy_Probe=0;CPXPARAM_MIP_Strategy_RINSHeur=0;CPXPARAM_MIP_Strategy_StartAlgorithm=0;CPXPARAM_MIP_Strategy_SubAlgorithm=0;CPXPARAM_MIP_Strategy_VariableSelect=2;CPXPARAM_Network_NetFind=2;CPXPARAM_Network_Pricing=0;CPXPARAM_Parallel=1;CPXPARAM_Preprocessing_Aggregator=-1;CPXPARAM_Preprocessing_BoundStrength=-1;CPXPARAM_Preprocessing_CoeffReduce=-1;CPXPARAM_Preprocessing_Dependency=-1;CPXPARAM_Preprocessing_Dual=0;CPXPARAM_Preprocessing_Fill=10;CPXPARAM_Preprocessing_NumPass=-1;CPXPARAM_Preprocessing_Presolve=1;CPXPARAM_Preprocessing_QPMakePSD=1;CPXPARAM_Preprocessing_Reduce=3;CPXPARAM_Preprocessing_Relax=-1;CPXPARAM_Preprocessing_RepeatPresolve=-1;CPXPARAM_Preprocessing_Symmetry=-1;CPXPARAM_Read_Scale=0;CPXPARAM_Sifting_Algorithm=0;CPXPARAM_Simplex_Crash=1;CPXPARAM_Simplex_DGradient=0;CPXPARAM_Simplex_Limits_Perturbation=0;CPXPARAM_Simplex_Limits_Singularity=10;CPXPARAM_Simplex_PGradient=0;CPXPARAM_Simplex_Pricing=0;CPXPARAM_Simplex_Refactor=0
4728211947560959201,0,CPXPARAM_Advance=1;CPXPARAM_Barrier_Algorithm=0;CPXPARAM_Barrier_ColNonzeros=0;CPXPARAM_Barrier_Crossover=0;CPXPARAM_Barrier_Limits_Corrections=-1;CPXPARAM_Barrier_Ordering=0;CPXPARAM_Barrier_StartAlg=1;CPXPARAM_Emphasis_MIP=4;CPXPARAM_Emphasis_Memory=0;CPXPARAM_Emphasis_Numerical=0;CPXPARAM_Feasopt_Mode=0;CPXPARAM_LPMethod=0;CPXPARAM_MIP_Cuts_Cliques=3;CPXPARAM_MIP_Cuts_Covers=1;CPXPARAM_MIP_Cuts_Disjunctive=0;CPXPARAM_MIP_Cuts_FlowCovers=-1;CPXPARAM_MIP_Cuts_GUBCovers=2;CPXPARAM_MIP_Cuts_Gomory=0;CPXPARAM_MIP_Cuts_Implied=0;CPXPARAM_MIP_Cuts_MIRCut=0;CPXPARAM_MIP_Cuts_PathCut=1;CPXPARAM_MIP_Limits_AggForCut=3;CPXPARAM_MIP_Limits_CutPasses=0;CPXPARAM_MIP_Limits_CutsFactor=-1;CPXPARAM_MIP_Limits_GomoryCand=150;CPXPARAM_MIP_Limits_GomoryPass=0;CPXPARAM_MIP_Limits_Nodes=9223372036800000000;CPXPARAM_MIP_Limits_ProbeTime=1e+75;CPXPARAM_MIP_Limits_RepairTries=0;CPXPARAM_MIP_Limits_StrongCand=10;CPXPARAM_MIP_Limits_StrongIt=0;CPXPARAM_MIP_OrderType=0;CPXPARAM_MIP_Strategy_BBInterval=7;CPXPARAM_MIP_Strategy_Branch=0;CPXPARAM_MIP_Strategy_Dive=0;CPXPARAM_MIP_Strategy_File=1;CPXPARAM_MIP_Strategy_HeuristicFreq=0;CPXPARAM_MIP_Strategy_LBHeur=0;CPXPARAM_MIP_Strategy_NodeSelect=1;CPXPARAM_MIP_Strategy_Order=1;CPXPARAM_MIP_Strategy_PresolveNode=0;CPXPARAM_MIP_Strategy_Probe=0;CPXPARAM_MIP_Strategy_RINSHeur=0;CPXPARAM_MIP_Strategy_StartAlgorithm=0;CPXPARAM_MIP_Strategy_SubAlgorithm=0;CPXPARAM_MIP_Strategy_VariableSelect=0;CPXPARAM_Network_NetFind=2;CPXPARAM_Network_Pricing=0;CPXPARAM_Parallel=1;CPXPARAM_Preprocessing_Aggregator=-1;CPXPARAM_Preprocessing_BoundStrength=-1;CPXPARAM_Preprocessing_CoeffReduce=-1;CPXPARAM_Preprocessing_Dependency=-1;CPXPARAM_Preprocessing_Dual=0;CPXPARAM_Preprocessing_Fill=10;CPXPARAM_Preprocessing_NumPass=-1;CPXPARAM_Preprocessing_Presolve=1;CPXPARAM_Preprocessing_QPMakePSD=1;CPXPARAM_Preprocessing_Reduce=3;CPXPARAM_Preprocessing_Relax=-1;CPXPARAM_Preprocessing_RepeatPresolve=-1;CPXPARAM_Preprocessing_Symmetry=-1;CPXPARAM_Read_Scale=0;CPXPARAM_Sifting_Algorithm=0;CPXPARAM_Simplex_Crash=1;CPXPARAM_Simplex_DGradient=0;CPXPARAM_Simplex_Limits_Perturbation=0;CPXPARAM_Simplex_Limits_Singularity=10;CPXPARAM_Simplex_PGradient=0;CPXPARAM_Simplex_Pricing=0;CPXPARAM_Simplex_Refactor=0
11501665095234307737,0,CPXPARAM_Advance=1;CPXPARAM_Barrier_Algorithm=0;CPXPARAM_Barrier_ColNonzeros=0;CPXPARAM_Barrier_Crossover=0;CPXPARAM_Barrier_Limits_Corrections=-1;CPXPARAM_Barrier_Ordering=0;CPXPARAM_Barrier_StartAlg=1;CPXPARAM_Emphasis_MIP=4;CPXPARAM_Emphasis_Memory=0;CPXPARAM_Emphasis_Numerical=0;CPXPARAM_Feasopt_Mode=0;CPXPARAM_LPMethod=0;CPXPARAM_MIP_Cuts_Cliques=1;CPXPARAM_MIP_Cuts_Covers=1;CPXPARAM_MIP_Cuts_Disjunctive=0;CPXPARAM_MIP_Cuts_FlowCovers=-1;CPXPARAM_MIP_Cuts_GUBCovers=2;CPXPARAM_MIP_Cuts_Gomory=0;CPXPARAM_MIP_Cuts_Implied=0;CPXPARAM_MIP_Cuts_MIRCut=0;CPXPARAM_MIP_Cuts_PathCut=1;CPXPARAM_MIP_Limits_AggForCut=3;CPXPARAM_MIP_Limits_CutPasses=0;CPXPARAM_MIP_Limits_CutsFactor=-1;CPXPARAM_MIP_Limits_GomoryCand=150;CPXPARAM_MIP_Limits_GomoryPass=0;CPXPARAM_MIP_Limits_Nodes=9223372036800000000;CPXPARAM_MIP_Limits_ProbeTime=1e+75;CPXPARAM_MIP_Limits_RepairTries=0;CPXPARAM_MIP_Limits_StrongCand=10;CPXPARAM_MIP_Limits_StrongIt=0;CPXPARAM_MIP_OrderType=0;CPXPARAM_MIP_Strategy_BBInterval=7;CPXPARAM_MIP_Strategy_Branch=0;CPXPARAM_MIP_Strategy_Dive=0;CPXPARAM_MIP_Strategy_File=1;CPXPARAM_MIP_Strategy_HeuristicFreq=0;CPXPARAM_MIP_Strategy_LBHeur=0;CPXPARAM_MIP_Strategy_NodeSelect=1;CPXPARAM_MIP_Strategy_Order=1;CPXPARAM_MIP_Strategy_PresolveNode=0;CPXPARAM_MIP_Strategy_Probe=0;CPXPARAM_MIP_Strategy_RINSHeur=0;CPXPARAM_MIP_Strategy_StartAlgorithm=0;CPXPARAM_MIP_Strategy_SubAlgorithm=0;CPXPARAM_MIP_Strategy_VariableSelect=0;CPXPARAM_Network_NetFind=2;CPXPARAM_Network_Pricing=0;CPXPARAM_Parallel=1;CPXPARAM_Preprocessing_Aggregator=-1;CPXPARAM_Preprocessing_BoundStrength=-1;CPXPARAM_Preprocessing_CoeffReduce=-1;CPXPARAM_Preprocessing_Dependency=-1;CPXPARAM_Preprocessing_Dual=0;CPXPARAM_Preprocessing_Fill=10;CPXPARAM_Preprocessing_NumPass=-1;CPXPARAM_Preprocessing_Presolve=1;CPXPARAM_Preprocessing_QPMakePSD=1;CPXPARAM_Preprocessing_Reduce=3;CPXPARAM_Preprocessing_Relax=-1;CPXPARAM_Preprocessing_RepeatPresolve=-1;CPXPARAM_Preprocessing_Symmetry=-1;CPXPARAM_Read_Scale=0;CPXPARAM_Sifting_Algorithm=0;CPXPARAM_Simplex_Crash=1;CPXPARAM_Simplex_DGradient=0;CPXPARAM_Simplex_Limits_Perturbation=0;CPXPARAM_Simplex_Limits_Singularity=10;CPXPARAM_Simplex_PGradient=0;CPXPARAM_Simplex_Pricing=0;CPXPARAM_Simplex_Refactor=0
12096652465544071965,0,CPXPARAM_Advance=1;CPXPARAM_Barrier_Algorithm=0;CPXPARAM_Barrier_ColNonzeros=0;CPXPARAM_Barrier_Crossover=0;CPXPARAM_Barrier_Limits_Corrections=-1;CPXPARAM_Barrier_Ordering=0;CPXPARAM_Barrier_StartAlg=1;CPXPARAM_Emphasis_MIP=3;CPXPARAM_Emphasis_Memory=0;CPXPARAM_Emphasis_Numerical=0;CPXPARAM_Feasopt_Mode=0;CPXPARAM_LPMethod=0;CPXPARAM_MIP_Cuts_Cliques=-1;CPXPARAM_MIP_Cuts_Covers=0;CPXPARAM_MIP_Cuts_Disjunctive=1;CPXPARAM_MIP_Cuts_FlowCovers=-1;CPXPARAM_MIP_Cuts_GUBCovers=2;CPXPARAM_MIP_Cuts_Gomory=0;CPXPARAM_MIP_Cuts_Implied=0;CPXPARAM_MIP_Cuts_MIRCut=1;CPXPARAM_MIP_Cuts_PathCut=-1;CPXPARAM_MIP_Limits_AggForCut=3;CPXPARAM_MIP_Limits_CutPasses=0;CPXPARAM_MIP_Limits_CutsFactor=-1;CPXPARAM_MIP_Limits_GomoryCand=25;CPXPARAM_MIP_Limits_GomoryPass=0;CPXPARAM_MIP_Limits_Nodes=9223372036800000000;CPXPARAM_MIP_Limits_ProbeTime=1e+75;CPXPARAM_MIP_Limits_RepairTries=0;CPXPARAM_MIP_Limits_StrongCand=10;CPXPARAM_MIP_Limits_StrongIt=0;CPXPARAM_MIP_OrderType=0;CPXPARAM_MIP_Strategy_BBInterval=7;CPXPARAM_MIP_Strategy_Branch=0;CPXPARAM_MIP_Strategy_Dive=0;CPXPARAM_MIP_Strategy_File=1;CPXPARAM_MIP_Strategy_HeuristicFreq=0;CPXPARAM_MIP_Strategy_LBHeur=0;CPXPARAM_MIP_Strategy_NodeSelect=1;CPXPARAM_MIP_Strategy_Order=1;CPXPARAM_MIP_Strategy_PresolveNode=0;CPXPARAM_MIP_Strategy_Probe=0;CPXPARAM_MIP_Strategy_RINSHeur=0;CPXPARAM_MIP_Strategy_StartAlgorithm=0;CPXPARAM_MIP_Strategy_SubAlgorithm=0;CPXPARAM_MIP_Strategy_VariableSelect=0;CPXPARAM_Network_NetFind=2;CPXPARAM_Network_Pricing=0;CPXPARAM_Parallel=1;CPXPARAM_Preprocessing_Aggregator=-1;CPXPARAM_Preprocessing_BoundStrength=-1;CPXPARAM_Preprocessing_CoeffReduce=-1;CPXPARAM_Preprocessing_Dependency=-1;CPXPARAM_Preprocessing_Dual=0;CPXPARAM_Preprocessing_Fill=10;CPXPARAM_Preprocessing_NumPass=-1;CPXPARAM_Preprocessing_Presolve=1;CPXPARAM_Preprocessing_QPMakePSD=1;CPXPARAM_Preprocessing_Reduce=3;CPXPARAM_Preprocessing_Relax=-1;CPXPARAM_Preprocessing_RepeatPresolve=-1;CPXPARAM_Preprocessing_Symmetry=-1;CPXPARAM_Read_Scale=0;CPXPARAM_Sifting_Algorithm=0;CPXPARAM_Simplex_Crash=1;CPXPARAM_Simplex_DGradient=0;CPXPARAM_Simplex_Limits_Perturbation=0;CPXPARAM_Simplex_Limits_Singularity=10;CPXPARAM_Simplex_PGradient=0;CPXPARAM_Simplex_Pricing=0;CPXPARAM_Simplex_Refactor=0
16074281321389022544,0,CPXPARAM_Advance=1;CPXPARAM_Barrier_Algorithm=0;CPXPARAM_Barrier_ColNonzeros=0;CPXPARAM_Barrier_Crossover=0;CPXPARAM_Barrier_Limits_Corrections=-1;CPXPARAM_Barrier_Ordering=0;CPXPARAM_Barrier_StartAlg=1;CPXPARAM_Emphasis_MIP=0;CPXPARAM_Emphasis_Memory=0;CPXPARAM_Emphasis_Numerical=0;CPXPARAM_Feasopt_Mode=0;CPXPARAM_LPMethod=0;CPXPARAM_MIP_Cuts_Cliques=-1;CPXPARAM_MIP_Cuts_Covers=0;CPXPARAM_MIP_Cuts_Disjunctive=0;CPXPARAM_MIP_Cuts_FlowCovers=0;CPXPARAM_MIP_Cuts_GUBCovers=2;CPXPARAM_MIP_Cuts_Gomory=2;CPXPARAM_MIP_Cuts_Implied=1;CPXPARAM_MIP_Cuts_MIRCut=1;CPXPARAM_MIP_Cuts_PathCut=1;CPXPARAM_MIP_Limits_AggForCut=3;CPXPARAM_MIP_Limits_CutPasses=0;CPXPARAM_MIP_Limits_CutsFactor=-1;CPXPARAM_MIP_Limits_GomoryCand=200;CPXPARAM_MIP_Limits_GomoryPass=0;CPXPARAM_MIP_Limits_Nodes=9223372036800000000;CPXPARAM_MIP_Limits_ProbeTime=1e+75;CPXPARAM_MIP_Limits_RepairTries=0;CPXPARAM_MIP_Limits_StrongCand=10;CPXPARAM_MIP_Limits_StrongIt=0;CPXPARAM_MIP_OrderType=0;CPXPARAM_MIP_Strategy_BBInterval=7;CPXPARAM_MIP_Strategy_Branch=0;CPXPARAM_MIP_Strategy_Dive=0;CPXPARAM_MIP_Strategy_File=1;CPXPARAM_MIP_Strategy_HeuristicFreq=0;CPXPARAM_MIP_Strategy_LBHeur=0;CPXPARAM_MIP_Strategy_NodeSelect=1;CPXPARAM_MIP_Strategy_Order=1;CPXPARAM_MIP_Strategy_PresolveNode=0;CPXPARAM_MIP_Strategy_Probe=0;CPXPARAM_MIP_Strategy_RINSHeur=0;CPXPARAM_MIP_Strategy_StartAlgorithm=0;CPXPARAM_MIP_Strategy_SubAlgorithm=0;CPXPARAM_MIP_Strategy_VariableSelect=0;CPXPARAM_Network_NetFind=2;CPXPARAM_Network_Pricing=0;CPXPARAM_Parallel=1;CPXPARAM_Preprocessing_Aggregator=-1;CPXPARAM_Preprocessing_BoundStrength=-1;CPXPARAM_Preprocessing_CoeffReduce=-1;CPXPARAM_Preprocessing_Dependency=-1;CPXPARAM_Preprocessing_Dual=0;CPXPARAM_Preprocessing_Fill=10;CPXPARAM_Preprocessing_NumPass=-1;CPXPARAM_Preprocessing_Presolve=1;CPXPARAM_Preprocessing_QPMakePSD=1;CPXPARAM_Preprocessing_Reduce=3;CPXPARAM_Preprocessing_Relax=-1;CPXPARAM_Preprocessing_RepeatPresolve=-1;CPXPARAM_Preprocessing_Symmetry=-1;CPXPARAM_Read_Scale=0;CPXPARAM_Sifting_Algorithm=0;CPXPARAM_Simplex_Crash=1;CPXPARAM_Simplex_DGradient=0;CPXPARAM_Simplex_Limits_Perturbation=0;CPXPARAM_Simplex_Limits_Singularity=10;CPXPARAM_Simplex_PGradient=0;CPXPARAM_Simplex_Pricing=0;CPXPARAM_Simplex_Refactor=0
15604080339150992732,0,CPXPARAM_Advance=1;CPXPARAM_Barrier_Algorithm=0;CPXPARAM_Barrier_ColNonzeros=0;CPXPARAM_Barrier_Crossover=0;CPXPARAM_Barrier_Limits_Corrections=-1;CPXPARAM_Barrier_Ordering=0;CPXPARAM_Barrier_StartAlg=1;CPXPARAM_Emphasis_MIP=0;CPXPARAM_Emphasis_Memory=0;CPXPARAM_Emphasis_Numerical=0;CPXPARAM_Feasopt_Mode=0;CPXPARAM_LPMethod=0;CPXPARAM_MIP_Cuts_Cliques=2;CPXPARAM_MIP_Cuts_Covers=0;CPXPARAM_MIP_Cuts_Disjunctive=1;CPXPARAM_MIP_Cuts_FlowCovers=0;CPXPARAM_MIP_Cuts_GUBCovers=1;CPXPARAM_MIP_Cuts_Gomory=0;CPXPARAM_MIP_Cuts_Implied=-1;CPXPARAM_MIP_Cuts_MIRCut=1;CPXPARAM_MIP_Cuts_PathCut=1;CPXPARAM_MIP_Limits_AggForCut=3;CPXPARAM_MIP_Limits_CutPasses=0;CPXPARAM_MIP_Limits_CutsFactor=-1;CPXPARAM_MIP_Limits_GomoryCand=400;CPXPARAM_MIP_Limits_GomoryPass=0;CPXPARAM_MIP_Limits_Nodes=9223372036800000000;CPXPARAM_MIP_Limits_ProbeTime=1e+75;CPXPARAM_MIP_Limits_RepairTries=0;CPXPARAM_MIP_Limits_StrongCand=10;CPXPARAM_MIP_Limits_StrongIt=0;CPXPARAM_MIP_OrderType=0;CPXPARAM_MIP_Strategy_BBInterval=7;CPXPARAM_MIP_Strategy_Branch=-1;CPXPARAM_MIP_Strategy_Dive=0;CPXPARAM_MIP_Strategy_File=1;CPXPARAM_MIP_Strategy_HeuristicFreq=0;CPXPARAM_MIP_Strategy_LBHeur=0;CPXPARAM_MIP_Strategy_NodeSelect=0;CPXPARAM_MIP_Strategy_Order=1;CPXPARAM_MIP_Strategy_PresolveNode=0;CPXPARAM_MIP_Strategy_Probe=0;CPXPARAM_MIP_Strategy_RINSHeur=0;CPXPARAM_MIP_Strategy_StartAlgorithm=0;CPXPARAM_MIP_Strategy_SubAlgorithm=0;CPXPARAM_MIP_Strategy_VariableSelect=0;CPXPARAM_Network_NetFind=2;CPXPARAM_Network_Pricing=0;CPXPARAM_Parallel=1;CPXPARAM_Preprocessing_Aggregator=-1;CPXPARAM_Preprocessing_BoundStrength=-1;CPXPARAM_Preprocessing_CoeffReduce=-1;CPXPARAM_Preprocessing_Dependency=-1;CPXPARAM_Preprocessing_Dual=0;CPXPARAM_Preprocessing_Fill=10;CPXPARAM_Preprocessing_NumPass=-1;CPXPARAM_Preprocessing_Presolve=1;CPXPARAM_Preprocessing_QPMakePSD=1;CPXPARAM_Preprocessing_Reduce=3;CPXPARAM_Preprocessing_Relax=-1;CPXPARAM_Preprocessing_RepeatPresolve=-1;CPXPARAM_Preprocessing_Symmetry=-1;CPXPARAM_Read_Scale=0;CPXPARAM_Sifting_Algorithm=0;CPXPARAM_Simplex_Crash=1;CPXPARAM_Simplex_DGradient=0;CPXPARAM_Simplex_Limits_Perturbation=0;CPXPARAM_Simplex_Limits_Singularity=10;CPXPARAM_Simplex_PGradient=0;CPXPARAM_Simplex_Pricing=0;CPXPARAM_Simplex_Refactor=0
3527113649437601718,0,CPXPARAM_Advance=1;CPXPARAM_Barrier_Algorithm=0;CPXPARAM_Barrier_ColNonzeros=0;CPXPARAM_Barrier_Crossover=0;CPXPARAM_Barrier_Limits_Corrections=-1;CPXPARAM_Barrier_Ordering=0;CPXPARAM_Barrier_StartAlg=1;CPXPARAM_Emphasis_MIP=1;CPXPARAM_Emphasis_Memory=0;CPXPARAM_Emphasis_Numerical=0;CPXPARAM_Feasopt_Mode=0;CPXPARAM_LPMethod=0;CPXPARAM_MIP_Cuts_Cliques=0;CPXPARAM_MIP_Cuts_Covers=2;CPXPARAM_MIP_Cuts_Disjunctive=-1;CPXPARAM_MIP_Cuts_FlowCovers=0;CPXPARAM_MIP_Cuts_GUBCovers=2;CPXPARAM_MIP_Cuts_Gomory=2;CPXPARAM_MIP_Cuts_Implied=2;CPXPARAM_MIP_Cuts_MIRCut=-1;CPXPARAM_MIP_Cuts_PathCut=2;CPXPARAM_MIP_Limits_AggForCut=3;CPXPARAM_MIP_Limits_CutPasses=0;CPXPARAM_MIP_Limits_CutsFactor=-1;CPXPARAM_MIP_Limits_GomoryCand=100;CPXPARAM_MIP_Limits_GomoryPass=0;CPXPARAM_MIP_Limits_Nodes=9223372036800000000;CPXPARAM_MIP_Limits_ProbeTime=1e+75;CPXPARAM_MIP_Limits_RepairTries=0;CPXPARAM_MIP_Limits_StrongCand=10;CPXPARAM_MIP_Limits_StrongIt=0;CPXPARAM_MIP_OrderType=0;CPXPARAM_MIP_Strategy_BBInterval=7;CPXPARAM_MIP_Strategy_Branch=0;CPXPARAM_MIP_Strategy_Dive=0;CPXPARAM_MIP_Strategy_File=1;CPXPARAM_MIP_Strategy_HeuristicFreq=0;CPXPARAM_MIP_Strategy_LBHeur=0;CPXPARAM_MIP_Strategy_NodeSelect=1;CPXPARAM_MIP_Strategy_Order=1;CPXPARAM_MIP_Strategy_PresolveNode=0;CPXPARAM_MIP_Strategy_Probe=1;CPXPARAM_MIP_Strategy_RINSHeur=0;CPXPARAM_MIP_Strategy_StartAlgorithm=0;CPXPARAM_MIP_Strategy_SubAlgorithm=0;CPXPARAM_MIP_Strategy_VariableSelect=0;CPXPARAM_Network_NetFind=2;CPXPARAM_Network_Pricing=0;CPXPARAM_Parallel=1;CPXPARAM_Preprocessing_Aggregator=-1;CPXPARAM_Preprocessing_BoundStrength=-1;CPXPARAM_Preprocessing_CoeffReduce=-1;CPXPARAM_Preprocessing_Dependency=-1;CPXPARAM_Preprocessing_Dual=0;CPXPARAM_Preprocessing_Fill=10;CPXPARAM_Preprocessing_NumPass=-1;CPXPARAM_Preprocessing_Presolve=1;CPXPARAM_Preprocessing_QPMakePSD=1;CPXPARAM_Preprocessing_Reduce=3;CPXPARAM_Preprocessing_Relax=-1;CPXPARAM_Preprocessing_RepeatPresolve=-1;CPXPARAM_Preprocessing_Symmetry=-1;CPXPARAM_Read_Scale=0;CPXPARAM_Sifting_Algorithm=0;CPXPARAM_Simplex_Crash=1;CPXPARAM_Simplex_DGradient=0;CPXPARAM_Simplex_Limits_Perturbation=0;CPXPARAM_Simplex_Limits_Singularity=10;CPXPARAM_Simplex_PGradient=0;CPXPARAM_Simplex_Pricing=0;CPXPARAM_Simplex_Refactor=0
14984971594114993791,0,CPXPARAM_Advance=1;CPXPARAM_Barrier_Algorithm=0;CPXPARAM_Barrier_ColNonzeros=0;CPXPARAM_Barrier_Crossover=0;CPXPARAM_Barrier_Limits_Corrections=-1;CPXPARAM_Barrier_Ordering=0;CPXPARAM_Barrier_StartAlg=1;CPXPARAM_Emphasis_MIP=4;CPXPARAM_Emphasis_Memory=0;CPXPARAM_Emphasis_Numerical=0;CPXPARAM_Feasopt_Mode=0;CPXPARAM_LPMethod=0;CPXPARAM_MIP_Cuts_Cliques=0;CPXPARAM_MIP_Cuts_Covers=0;CPXPARAM_MIP_Cuts_Disjunctive=-1;CPXPARAM_MIP_Cuts_FlowCovers=2;CPXPARAM_MIP_Cuts_GUBCovers=-1;CPXPARAM_MIP_Cuts_Gomory=2;CPXPARAM_MIP_Cuts_Implied=0;CPXPARAM_MIP_Cuts_MIRCut=0;CPXPARAM_MIP_Cuts_PathCut=2;CPXPARAM_MIP_Limits_AggForCut=3;CPXPARAM_MIP_Limits_CutPasses=0;CPXPARAM_MIP_Limits_CutsFactor=-1;CPXPARAM_MIP_Limits_GomoryCand=150;CPXPARAM_MIP_Limits_GomoryPass=0;CPXPARAM_MIP_Limits_Nodes=9223372036800000000;CPXPARAM_MIP_Limits_ProbeTime=1e+75;CPXPARAM_MIP_Limits_RepairTries=0;CPXPARAM_MIP_Limits_StrongCand=10;CPXPARAM_MIP_Limits_StrongIt=0;CPXPARAM_MIP_OrderType=0;CPXPARAM_MIP_Strategy_BBInterval=7;CPXPARAM_MIP_Strategy_Branch=0;CPXPARAM_MIP_Strategy_Dive=0;CPXPARAM_MIP_Strategy_File=1;CPXPARAM_MIP_Strategy_HeuristicFreq=0;CPXPARAM_MIP_Strategy_LBHeur=0;CPXPARAM_MIP_Strategy_NodeSelect=1;CPXPARAM_MIP_Strategy_Order=1;CPXPARAM_MIP_Strategy_PresolveNode=0;CPXPARAM_MIP_Strategy_Probe=0;CPXPARAM_MIP_Strategy_RINSHeur=0;CPXPARAM_MIP_Strategy_StartAlgorithm=0;CPXPARAM_MIP_Strategy_SubAlgorithm=0;CPXPARAM_MIP_Strategy_VariableSelect=0;CPXPARAM_Network_NetFind=2;CPXPARAM_Network_Pricing=0;CPXPARAM_Parallel=1;CPXPARAM_Preprocessing_Aggregator=-1;CPXPARAM_Preprocessing_BoundStrength=-1;CPXPARAM_Preprocessing_CoeffReduce=-1;CPXPARAM_Preprocessing_Dependency=-1;CPXPARAM_Preprocessing_Dual=0;CPXPARAM_Preprocessing_Fill=10;CPXPARAM_Preprocessing_NumPass=-1;CPXPARAM_Preprocessing_Presolve=1;CPXPARAM_Preprocessing_QPMakePSD=1;CPXPARAM_Preprocessing_Reduce=3;CPXPARAM_Preprocessing_Relax=-1;CPXPARAM_Preprocessing_RepeatPresolve=-1;CPXPARAM_Preprocessing_Symmetry=-1;CPXPARAM_Read_Scale=0;CPXPARAM_Sifting_Algorithm=0;CPXPARAM_Simplex_Crash=1;CPXPARAM_Simplex_DGradient=0;CPXPARAM_Simplex_Limits_Perturbation=0;CPXPARAM_Simplex_Limits_Singularity=10;CPXPARAM_Simplex_PGradient=0;CPXPARAM_Simplex_Pricing=0;CPXPARAM_Simplex_Refactor=0
11417126957849511095,0,CPXPARAM_Advance=1;CPXPARAM_Barrier_Algorithm=0;CPXPARAM_Barrier_ColNonzeros=0;CPXPARAM_Barrier_Crossover=0;CPXPARAM_Barrier_Limits_Corrections=-1;CPXPARAM_Barrier_Ordering=0;CPXPARAM_Barrier_StartAlg=1;CPXPARAM_Emphasis_MIP=0;CPXPARAM_Emphasis_Memory=0;CPXPARAM_Emphasis_Numerical=0;CPXPARAM_Feasopt_Mode=0;CPXPARAM_LPMethod=0;CPXPARAM_MIP_Cuts_Cliques=2;CPXPARAM_MIP_Cuts_Covers=-1;CPXPARAM_MIP_Cuts_Disjunctive=-1;CPXPARAM_MIP_Cuts_FlowCovers=1;CPXPARAM_MIP_Cuts_GUBCovers=2;CPXPARAM_MIP_Cuts_Gomory=2;CPXPARAM_MIP_Cuts_Implied=-1;CPXPARAM_MIP_Cuts_MIRCut=2;CPXPARAM_MIP_Cuts_PathCut=2;CPXPARAM_MIP_Limits_AggForCut=3;CPXPARAM_MIP_Limits_CutPasses=0;CPXPARAM_MIP_Limits_CutsFactor=-1;CPXPARAM_MIP_Limits_GomoryCand=10;CPXPARAM_MIP_Limits_GomoryPass=0;CPXPARAM_MIP_Limits_Nodes=9223372036800000000;CPXPARAM_MIP_Limits_ProbeTime=1e+75;CPXPARAM_MIP_Limits_RepairTries=0;CPXPARAM_MIP_Limits_StrongCand=10;CPXPARAM_MIP_Limits_StrongIt=0;CPXPARAM_MIP_OrderType=0;CPXPARAM_MIP_Strategy_BBInterval=7;CPXPARAM_MIP_Strategy_Branch=0;CPXPARAM_MIP_Strategy_Dive=0;CPXPARAM_MIP_Strategy_File=1;CPXPARAM_MIP_Strategy_HeuristicFreq=0;CPXPARAM_MIP_Strategy_LBHeur=0;CPXPARAM_MIP_Strategy_NodeSelect=0;CPXPARAM_MIP_Strategy_Order=1;CPXPARAM_MIP_Strategy_PresolveNode=-1;CPXPARAM_MIP_Strategy_Probe=-1;CPXPARAM_MIP_Strategy_RINSHeur=0;CPXPARAM_MIP_Strategy_StartAlgorithm=0;CPXPARAM_MIP_Strategy_SubAlgorithm=3;CPXPARAM_MIP_Strategy_VariableSelect=1;CPXPARAM_Network_NetFind=2;CPXPARAM_Network_Pricing=0;CPXPARAM_Parallel=1;CPXPARAM_Preprocessing_Aggregator=-1;CPXPARAM_Preprocessing_BoundStrength=-1;CPXPARAM_Preprocessing_CoeffReduce=-1;CPXPARAM_Preprocessing_Dependency=-1;CPXPARAM_Preprocessing_Dual=0;CPXPARAM_Preprocessing_Fill=2;CPXPARAM_Preprocessing_NumPass=-1;CPXPARAM_Preprocessing_Presolve=1;CPXPARAM_Preprocessing_QPMakePSD=1;CPXPARAM_Preprocessing_Reduce=0;CPXPARAM_Preprocessing_Relax=-1;CPXPARAM_Preprocessing_RepeatPresolve=-1;CPXPARAM_Preprocessing_Symmetry=-1;CPXPARAM_Read_Scale=0;CPXPARAM_Sifting_Algorithm=0;CPXPARAM_Simplex_Crash=1;CPXPARAM_Simplex_DGradient=0;CPXPARAM_Simplex_Limits_Perturbation=0;CPXPARAM_Simplex_Limits_Singularity=10;CPXPARAM_Simplex_PGradient=0;CPXPARAM_Simplex_Pricing=0;CPXPARAM_Simplex_Refactor=0
1826131278941570562,0,CPXPARAM_Advance=1;CPXPARAM_Barrier_Algorithm=0;CPXPARAM_Barrier_ColNonzeros=0;CPXPARAM_Barrier_Crossover=0;CPXPARAM_Barrier_Limits_Corrections=-1;CPXPARAM_Barrier_Ordering=0;CPXPARAM_Barrier_StartAlg=1;CPXPARAM_Emphasis_MIP=5;CPXPARAM_Emphasis_Memory=0;CPXPARAM_Emphasis_Numerical=0;CPXPARAM_Feasopt_Mode=0;CPXPARAM_LPMethod=0;CPXPARAM_MIP_Cuts_Cliques=-1;CPXPARAM_MIP_Cuts_Covers=1;CPXPARAM_MIP_Cuts_Disjunctive=-1;CPXPARAM_MIP_Cuts_FlowCovers=-1;CPXPARAM_MIP_Cuts_GUBCovers=0;CPXPARAM_MIP_Cuts_Gomory=0;CPXPARAM_MIP_Cuts_Implied=-1;CPXPARAM_MIP_Cuts_MIRCut=1;CPXPARAM_MIP_Cuts_PathCut=2;CPXPARAM_MIP_Limits_AggForCut=5;CPXPARAM_MIP_Limits_CutPasses=0;CPXPARAM_MIP_Limits_CutsFactor=-1;CPXPARAM_MIP_Limits_GomoryCand=800;CPXPARAM_MIP_Limits_GomoryPass=0;CPXPARAM_MIP_Limits_Nodes=9223372036800000000;CPXPARAM_MIP_Limits_ProbeTime=1e+75;CPXPARAM_MIP_Limits_RepairTries=0;CPXPARAM_MIP_Limits_StrongCand=10;CPXPARAM_MIP_Limits_StrongIt=0;CPXPARAM_MIP_OrderType=0;CPXPARAM_MIP_Strategy_BBInterval=7;CPXPARAM_MIP_Strategy_Branch=0;CPXPARAM_MIP_Strategy_Dive=0;CPXPARAM_MIP_Strategy_File=1;CPXPARAM_MIP_Strategy_HeuristicFreq=0;CPXPARAM_MIP_Strategy_LBHeur=0;CPXPARAM_MIP_Strategy_NodeSelect=2;CPXPARAM_MIP_Strategy_Order=1;CPXPARAM_MIP_Strategy_PresolveNode=1;CPXPARAM_MIP_Strategy_Probe=3;CPXPARAM_MIP_Strategy_RINSHeur=0;CPXPARAM_MIP_Strategy_StartAlgorithm=0;CPXPARAM_MIP_Strategy_SubAlgorithm=0;CPXPARAM_MIP_Strategy_VariableSelect=-1;CPXPARAM_Network_NetFind=2;CPXPARAM_Network_Pricing=0;CPXPARAM_Parallel=1;CPXPARAM_Preprocessing_Aggregator=-1;CPXPARAM_Preprocessing_BoundStrength=-1;CPXPARAM_Preprocessing_CoeffReduce=-1;CPXPARAM_Preprocessing_Dependency=-1;CPXPARAM_Preprocessing_Dual=0;CPXPARAM_Preprocessing_Fill=5;CPXPARAM_Preprocessing_NumPass=-1;CPXPARAM_Preprocessing_Presolve=1;CPXPARAM_Preprocessing_QPMakePSD=1;CPXPARAM_Preprocessing_Reduce=3;CPXPARAM_Preprocessing_Relax=-1;CPXPARAM_Preprocessing_RepeatPresolve=-1;CPXPARAM_Preprocessing_Symmetry=-1;CPXPARAM_Read_Scale=0;CPXPARAM_Sifting_Algorithm=0;CPXPARAM_Simplex_Crash=1;CPXPARAM_Simplex_DGradient=0;CPXPARAM_Simplex_Limits_Perturbation=0;CPXPARAM_Simplex_Limits_Singularity=10;CPXPARAM_Simplex_PGradient=0;CPXPARAM_Simplex_Pricing=0;CPXPARAM_Simplex_Refactor=0
9733222469819931593,0,CPXPARAM_Advance=1;CPXPARAM_Barrier_Algorithm=0;CPXPARAM_Barrier_ColNonzeros=0;CPXPARAM_Barrier_Crossover=0;CPXPARAM_Barrier_Limits_Corrections=-1;CPXPARAM_Barrier_Ordering=0;CPXPARAM_Barrier_StartAlg=1;CPXPARAM_Emphasis_MIP=2;CPXPARAM_Emphasis_Memory=0;CPXPARAM_Emphasis_Numerical=0;CPXPARAM_Feasopt_Mode=0;CPXPARAM_LPMethod=0;CPXPARAM_MIP_Cuts_Cliques=-1;CPXPARAM_MIP_Cuts_Covers=2;CPXPARAM_MIP_Cuts_Disjunctive=1;CPXPARAM_MIP_Cuts_FlowCovers=2;CPXPARAM_MIP_Cuts_GUBCovers=1;CPXPARAM_MIP_Cuts_Gomory=0;CPXPARAM_MIP_Cuts_Implied=-1;CPXPARAM_MIP_Cuts_MIRCut=-1;CPXPARAM_MIP_Cuts_PathCut=-1;CPXPARAM_MIP_Limits_AggForCut=3;CPXPARAM_MIP_Limits_CutPasses=0;CPXPARAM_MIP_Limits_CutsFactor=-1;CPXPARAM_MIP_Limits_GomoryCand=400;CPXPARAM_MIP_Limits_GomoryPass=0;CPXPARAM_MIP_Limits_Nodes=9223372036800000000;CPXPARAM_MIP_Limits_ProbeTime=1e+75;CPXPARAM_MIP_Limits_RepairTries=0;CPXPARAM_MIP_Limits_StrongCand=10;CPXPARAM_MIP_Limits_StrongIt=0;CPXPARAM_MIP_OrderType=0;CPXPARAM_MIP_Strategy_BBInterval=7;CPXPARAM_MIP_Strategy_Branch=0;CPXPARAM_MIP_Strategy_Dive=0;CPXPARAM_MIP_Strategy_File=1;CPXPARAM_MIP_Strategy_HeuristicFreq=0;CPXPARAM_MIP_Strategy_LBHeur=0;CPXPARAM_MIP_Strategy_NodeSelect=1;CPXPARAM_MIP_Strategy_Order=1;CPXPARAM_MIP_Strategy_PresolveNode=2;CPXPARAM_MIP_Strategy_Probe=0;CPXPARAM_MIP_Strategy_RINSHeur=0;CPXPARAM_MIP_Strategy_StartAlgorithm=0;CPXPARAM_MIP_Strategy_SubAlgorithm=0;CPXPARAM_MIP_Strategy_VariableSelect=0;CPXPARAM_Network_NetFind=2;CPXPARAM_Network_Pricing=0;CPXPARAM_Parallel=1;CPXPARAM_Preprocessing_Aggregator=-1;CPXPARAM_Preprocessing_BoundStrength=-1;CPXPARAM_Preprocessing_CoeffReduce=-1;CPXPARAM_Preprocessing_Dependency=-1;CPXPARAM_Preprocessing_Dual=0;CPXPARAM_Preprocessing_Fill=10;CPXPARAM_Preprocessing_NumPass=-1;CPXPARAM_Preprocessing_Presolve=1;CPXPARAM_Preprocessing_QPMakePSD=1;CPXPARAM_Preprocessing_Reduce=3;CPXPARAM_Preprocessing_Relax=-1;CPXPARAM_Preprocessing_RepeatPresolve=-1;CPXPARAM_Preprocessing_Symmetry=-1;CPXPARAM_Read_Scale=0;CPXPARAM_Sifting_Algorithm=0;CPXPARAM_Simplex_Crash=1;CPXPARAM_Simplex_DGradient=0;CPXPARAM_Simplex_Limits_Perturbation=0;CPXPARAM_Simplex_Limits_Singularity=10;CPXPARAM_Simplex_PGradient=0;CPXPARAM_Simplex_Pricing=0;CPXPARAM_Simplex_Refactor=0
13914184525113375885,0,CPXPARAM_Advance=1;CPXPARAM_Barrier_Algorithm=0;CPXPARAM_Barrier_ColNonzeros=0;CPXPARAM_Barrier_Crossover=0;CPXPARAM_Barrier_Limits_Corrections=-1;CPXPARAM_Barrier_Ordering=0;CPXPARAM_Barrier_StartAlg=1;CPXPARAM_Emphasis_MIP=0;CPXPARAM_Emphasis_Memory=0;CPXPARAM_Emphasis_Numerical=0;CPXPARAM_Feasopt_Mode=0;CPXPARAM_LPMethod=0;CPXPARAM_MIP_Cuts_Cliques=3;CPXPARAM_MIP_Cuts_Covers=2;CPXPARAM_MIP_Cuts_Disjunctive=0;CPXPARAM_MIP_Cuts_FlowCovers=-1;CPXPARAM_MIP_Cuts_GUBCovers=1;CPXPARAM_MIP_Cuts_Gomory=0;CPXPARAM_MIP_Cuts_Implied=1;CPXPARAM_MIP_Cuts_MIRCut=2;CPXPARAM_MIP_Cuts_PathCut=0;CPXPARAM_MIP_Limits_AggForCut=3;CPXPARAM_MIP_Limits_CutPasses=0;CPXPARAM_MIP_Limits_CutsFactor=-1;CPXPARAM_MIP_Limits_GomoryCand=100;CPXPARAM_MIP_Limits_GomoryPass=0;CPXPARAM_MIP_Limits_Nodes=9223372036800000000;CPXPARAM_MIP_Limits_ProbeTime=1e+75;CPXPARAM_MIP_Limits_RepairTries=0;CPXPARAM_MIP_Limits_StrongCand=10;CPXPARAM_MIP_Limits_StrongIt=0;CPXPARAM_MIP_OrderType=0;CPXPARAM_MIP_Strategy_BBInterval=7;CPXPARAM_MIP_Strategy_Branch=0;CPXPARAM_MIP_Strategy_Dive=0;CPXPARAM_MIP_Strategy_File=1;CPXPARAM_MIP_Strategy_HeuristicFreq=0;CPXPARAM_MIP_Strategy_LBHeur=0;CPXPARAM_MIP_Strategy_NodeSelect=3;CPXPARAM_MIP_Strategy_Order=1;CPXPARAM_MIP_Strategy_PresolveNode=1;CPXPARAM_MIP_Strategy_Probe=1;CPXPARAM_MIP_Strategy_RINSHeur=0;CPXPARAM_MIP_Strategy_StartAlgorithm=0;CPXPARAM_MIP_Strategy_SubAlgorithm=0;CPXPARAM_MIP_Strategy_VariableSelect=1;CPXPARAM_Network_NetFind=2;CPXPARAM_Network_Pricing=0;CPXPARAM_Parallel=1;CPXPARAM_Preprocessing_Aggregator=-1;CPXPARAM_Preprocessing_BoundStrength=-1;CPXPARAM_Preprocessing_CoeffReduce=-1;CPXPARAM_Preprocessing_Dependency=-1;CPXPARAM_Preprocessing_Dual=0;CPXPARAM_Preprocessing_Fill=10;CPXPARAM_Preprocessing_NumPass=-1;CPXPARAM_Preprocessing_Presolve=1;CPXPARAM_Preprocessing_QPMakePSD=1;CPXPARAM_Preprocessing_Reduce=3;CPXPARAM_Preprocessing_Relax=-1;CPXPARAM_Preprocessing_RepeatPresolve=-1;CPXPARAM_Preprocessing_Symmetry=-1;CPXPARAM_Read_Scale=0;CPXPARAM_Sifting_Algorithm=0;CPXPARAM_Simplex_Crash=1;CPXPARAM_Simplex_DGradient=0;CPXPARAM_Simplex_Limits_Perturbation=0;CPXPARAM_Simplex_Limits_Singularity=10;CPXPARAM_Simplex_PGradient=0;CPXPARAM_Simplex_Pricing=0;CPXPARAM_Simplex_Refactor=0
9850247920875167221,0,CPXPARAM_Advance=1;CPXPARAM_Barrier_Algorithm=0;CPXPARAM_Barrier_ColNonzeros=0;CPXPARAM_Barrier_Crossover=0;CPXPARAM_Barrier_Limits_Corrections=-1;CPXPARAM_Barrier_Ordering=0;CPXPARAM_Barrier_StartAlg=1;CPXPARAM_Emphasis_MIP=0;CPXPARAM_Emphasis_Memory=0;CPXPARAM_Emphasis_Numerical=0;CPXPARAM_Feasopt_Mode=0;CPXPARAM_LPMethod=0;CPXPARAM_MIP_Cuts_Cliques=2;CPXPARAM_MIP_Cuts_Covers=0;CPXPARAM_MIP_Cuts_Disjunctive=1;CPXPARAM_MIP_Cuts_FlowCovers=0;CPXPARAM_MIP_Cuts_GUBCovers=1;CPXPARAM_MIP_Cuts_Gomory=0;CPXPARAM_MIP_Cuts_Implied=-1;CPXPARAM_MIP_Cuts_MIRCut=1;CPXPARAM_MIP_Cuts_PathCut=1;CPXPARAM_MIP_Limits_AggForCut=3;CPXPARAM_MIP_Limits_CutPasses=0;CPXPARAM_MIP_Limits_CutsFactor=-1;CPXPARAM_MIP_Limits_GomoryCand=150;CPXPARAM_MIP_Limits_GomoryPass=0;CPXPARAM_MIP_Limits_Nodes=9223372036800000000;CPXPARAM_MIP_Limits_ProbeTime=1e+75;CPXPARAM_MIP_Limits_RepairTries=0;CPXPARAM_MIP_Limits_StrongCand=10;CPXPARAM_MIP_Limits_StrongIt=0;CPXPARAM_MIP_OrderType=0;CPXPARAM_MIP_Strategy_BBInterval=7;CPXPARAM_MIP_Strategy_Branch=-1;CPXPARAM_MIP_Strategy_Dive=0;CPXPARAM_MIP_Strategy_File=1;CPXPARAM_MIP_Strategy_HeuristicFreq=0;CPXPARAM_MIP_Strategy_LBHeur=0;CPXPARAM_MIP_Strategy_NodeSelect=0;CPXPARAM_MIP_Strategy_Order=1;CPXPARAM_MIP_Strategy_PresolveNode=1;CPXPARAM_MIP_Strategy_Probe=0;CPXPARAM_MIP_Strategy_RINSHeur=0;CPXPARAM_MIP_Strategy_StartAlgorithm=0;CPXPARAM_MIP_Strategy_SubAlgorithm=0;CPXPARAM_MIP_Strategy_VariableSelect=1;CPXPARAM_Network_NetFind=2;CPXPARAM_Network_Pricing=0;CPXPARAM_Parallel=1;CPXPARAM_Preprocessing_Aggregator=-1;CPXPARAM_Preprocessing_BoundStrength=-1;CPXPARAM_Preprocessing_CoeffReduce=-1;CPXPARAM_Preprocessing_Dependency=-1;CPXPARAM_Preprocessing_Dual=0;CPXPARAM_Preprocessing_Fill=10;CPXPARAM_Preprocessing_NumPass=-1;CPXPARAM_Preprocessing_Presolve=1;CPXPARAM_Preprocessing_QPMakePSD=1;CPXPARAM_Preprocessing_Reduce=3;CPXPARAM_Preprocessing_Relax=-1;CPXPARAM_Preprocessing_RepeatPresolve=-1;CPXPARAM_Preprocessing_Symmetry=-1;CPXPARAM_Read_Scale=0;CPXPARAM_Sifting_Algorithm=0;CPXPARAM_Simplex_Crash=1;CPXPARAM_Simplex_DGradient=0;CPXPARAM_Simplex_Limits_Perturbation=0;CPXPARAM_Simplex_Limits_Singularity=10;CPXPARAM_Simplex_PGradient=0;CPXPARAM_Simplex_Pricing=0;CPXPARAM_Simplex_Refactor=0
14517993985910163804,0,CPXPARAM_Advance=1;CPXPARAM_Barrier_Algorithm=0;CPXPARAM_Barrier_ColNonzeros=0;CPXPARAM_Barrier_Crossover=0;CPXPARAM_Barrier_Limits_Corrections=-1;CPXPARAM_Barrier_Ordering=0;CPXPARAM_Barrier_StartAlg=1;CPXPARAM_Emphasis_MIP=0;CPXPARAM_Emphasis_Memory=0;CPXPARAM_Emphasis_Numerical=0;CPXPARAM_Feasopt_Mode=0;CPXPARAM_LPMethod=0;CPXPARAM_MIP_Cuts_Cliques=-1;CPXPARAM_MIP_Cuts_Covers=-1;CPXPARAM_MIP_Cuts_Disjunctive=0;CPXPARAM_MIP_Cuts_FlowCovers=2;CPXPARAM_MIP_Cuts_GUBCovers=1;CPXPARAM_MIP_Cuts_Gomory=1;CPXPARAM_MIP_Cuts_Implied=1;CPXPARAM_MIP_Cuts_MIRCut=1;CPXPARAM_MIP_Cuts_PathCut=0;CPXPARAM_MIP_Limits_AggForCut=3;CPXPARAM_MIP_Limits_CutPasses=0;CPXPARAM_MIP_Limits_CutsFactor=-1;CPXPARAM_MIP_Limits_GomoryCand=10;CPXPARAM_MIP_Limits_GomoryPass=0;CPXPARAM_MIP_Limits_Nodes=9223372036800000000;CPXPARAM_MIP_Limits_ProbeTime=1e+75;CPXPARAM_MIP_Limits_RepairTries=0;CPXPARAM_MIP_Limits_StrongCand=10;CPXPARAM_MIP_Limits_StrongIt=0;CPXPARAM_MIP_OrderType=0;CPXPARAM_MIP_Strategy_BBInterval=7;CPXPARAM_MIP_Strategy_Branch=0;CPXPARAM_MIP_Strategy_Dive=0;CPXPARAM_MIP_Strategy_File=1;CPXPARAM_MIP_Strategy_HeuristicFreq=0;CPXPARAM_MIP_Strategy_LBHeur=0;CPXPARAM_MIP_Strategy_NodeSelect=3;CPXPARAM_MIP_Strategy_Order=1;CPXPARAM_MIP_Strategy_PresolveNode=3;CPXPARAM_MIP_Strategy_Probe=1;CPXPARAM_MIP_Strategy_RINSHeur=0;CPXPARAM_MIP_Strategy_StartAlgorithm=0;CPXPARAM_MIP_Strategy_SubAlgorithm=2;CPXPARAM_MIP_Strategy_VariableSelect=2;CPXPARAM_Network_NetFind=2;CPXPARAM_Network_Pricing=0;CPXPARAM_Parallel=1;CPXPARAM_Preprocessing_Aggregator=-1;CPXPARAM_Preprocessing_BoundStrength=-1;CPXPARAM_Preprocessing_CoeffReduce=-1;CPXPARAM_Preprocessing_Dependency=-1;CPXPARAM_Preprocessing_Dual=0;CPXPARAM_Preprocessing_Fill=5;CPXPARAM_Preprocessing_NumPass=-1;CPXPARAM_Preprocessing_Presolve=1;CPXPARAM_Preprocessing_QPMakePSD=1;CPXPARAM_Preprocessing_Reduce=3;CPXPARAM_Preprocessing_Relax=-1;CPXPARAM_Preprocessing_RepeatPresolve=-1;CPXPARAM_Preprocessing_Symmetry=-1;CPXPARAM_Read_Scale=0;CPXPARAM_Sifting_Algorithm=0;CPXPARAM_Simplex_Crash=1;CPXPARAM_Simplex_DGradient=0;CPXPARAM_Simplex_Limits_Perturbation=0;CPXPARAM_Simplex_Limits_Singularity=10;CPXPARAM_Simplex_PGradient=0;CPXPARAM_Simplex_Pricing=0;CPXPARAM_Simplex_Refactor=0
2052387098346088585,0,CPXPARAM_Advance=1;CPXPARAM_Barrier_Algorithm=0;CPXPARAM_Barrier_ColNonzeros=0;CPXPARAM_Barrier_Crossover=0;CPXPARAM_Barrier_Limits_Corrections=-1;CPXPARAM_Barrier_Ordering=0;CPXPARAM_Barrier_StartAlg=1;CPXPARAM_Emphasis_MIP=4;CPXPARAM_Emphasis_Memory=0;CPXPARAM_Emphasis_Numerical=0;CPXPARAM_Feasopt_Mode=0;CPXPARAM_LPMethod=0;CPXPARAM_MIP_Cuts_Cliques=0;CPXPARAM_MIP_Cuts_Covers=1;CPXPARAM_MIP_Cuts_Disjunctive=0;CPXPARAM_MIP_Cuts_FlowCovers=2;CPXPARAM_MIP_Cuts_GUBCovers=2;CPXPARAM_MIP_Cuts_Gomory=0;CPXPARAM_MIP_Cuts_Implied=0;CPXPARAM_MIP_Cuts_MIRCut=2;CPXPARAM_MIP_Cuts_PathCut=1;CPXPARAM_MIP_Limits_AggForCut=3;CPXPARAM_MIP_Limits_CutPasses=0;CPXPARAM_MIP_Limits_CutsFactor=-1;CPXPARAM_MIP_Limits_GomoryCand=150;CPXPARAM_MIP_Limits_GomoryPass=0;CPXPARAM_MIP_Limits_Nodes=9223372036800000000;CPXPARAM_MIP_Limits_ProbeTime=1e+75;CPXPARAM_MIP_Limits_RepairTries=0;CPXPARAM_MIP_Limits_StrongCand=10;CPXPARAM_MIP_Limits_StrongIt=0;CPXPARAM_MIP_OrderType=0;CPXPARAM_MIP_Strategy_BBInterval=7;CPXPARAM_MIP_Strategy_Branch=-1;CPXPARAM_MIP_Strategy_Dive=0;CPXPARAM_MIP_Strategy_File=1;CPXPARAM_MIP_Strategy_HeuristicFreq=0;CPXPARAM_MIP_Strategy_LBHeur=0;CPXPARAM_MIP_Strategy_NodeSelect=1;CPXPARAM_MIP_Strategy_Order=1;CPXPARAM_MIP_Strategy_PresolveNode=0;CPXPARAM_MIP_Strategy_Probe=0;CPXPARAM_MIP_Strategy_RINSHeur=0;CPXPARAM_MIP_Strategy_StartAlgorithm=0;CPXPARAM_MIP_Strategy_SubAlgorithm=0;CPXPARAM_MIP_Strategy_VariableSelect=0;CPXPARAM_Network_NetFind=2;CPXPARAM_Network_Pricing=0;CPXPARAM_Parallel=1;CPXPARAM_Preprocessing_Aggregator=-1;CPXPARAM_Preprocessing_BoundStrength=-1;CPXPARAM_Preprocessing_CoeffReduce=-1;CPXPARAM_Preprocessing_Dependency=-1;CPXPARAM_Preprocessing_Dual=0;CPXPARAM_Preprocessing_Fill=10;CPXPARAM_Preprocessing_NumPass=-1;CPXPARAM_Preprocessing_Presolve=1;CPXPARAM_Preprocessing_QPMakePSD=1;CPXPARAM_Preprocessing_Reduce=3;CPXPARAM_Preprocessing_Relax=-1;CPXPARAM_Preprocessing_RepeatPresolve=-1;CPXPARAM_Preprocessing_Symmetry=-1;CPXPARAM_Read_Scale=0;CPXPARAM_Sifting_Algorithm=0;CPXPARAM_Simplex_Crash=1;CPXPARAM_Simplex_DGradient=0;CPXPARAM_Simplex_Limits_Perturbation=0;CPXPARAM_Simplex_Limits_Singularity=10;CPXPARAM_Simplex_PGradient=0;CPXPARAM_Simplex_Pricing=0;CPXPARAM_Simplex_Refactor=0
15914704059924128834,0,CPXPARAM_Advance=1;CPXPARAM_Barrier_Algorithm=0;CPXPARAM_Barrier_ColNonzeros=0;CPXPARAM_Barrier_Crossover=0;CPXPARAM_Barrier_Limits_Corrections=-1;CPXPARAM_Barrier_Ordering=0;CPXPARAM_Barrier_StartAlg=1;CPXPARAM_Emphasis_MIP=2;CPXPARAM_Emphasis_Memory=0;CPXPARAM_Emphasis_Numerical=0;CPXPARAM_Feasopt_Mode=0;CPXPARAM_LPMethod=0;CPXPARAM_MIP_Cuts_Cliques=-1;CPXPARAM_MIP_Cuts_Covers=2;CPXPARAM_MIP_Cuts_Disjunctive=1;CPXPARAM_MIP_Cuts_FlowCovers=2;CPXPARAM_MIP_Cuts_GUBCovers=1;CPXPARAM_MIP_Cuts_Gomory=0;CPXPARAM_MIP_Cuts_Implied=-1;CPXPARAM_MIP_Cuts_MIRCut=-1;CPXPARAM_MIP_Cuts_PathCut=-1;CPXPARAM_MIP_Limits_AggForCut=3;CPXPARAM_MIP_Limits_CutPasses=0;CPXPARAM_MIP_Limits_CutsFactor=-1;CPXPARAM_MIP_Limits_GomoryCand=400;CPXPARAM_MIP_Limits_GomoryPass=0;CPXPARAM_MIP_Limits_Nodes=9223372036800000000;CPXPARAM_MIP_Limits_ProbeTime=1e+75;CPXPARAM_MIP_Limits_RepairTries=0;CPXPARAM_MIP_Limits_StrongCand=10;CPXPARAM_MIP_Limits_StrongIt=0;CPXPARAM_MIP_OrderType=0;CPXPARAM_MIP_Strategy_BBInterval=7;CPXPARAM_MIP_Strategy_Branch=0;CPXPARAM_MIP_Strategy_Dive=0;CPXPARAM_MIP_Strategy_File=1;CPXPARAM_MIP_Strategy_HeuristicFreq=0;CPXPARAM_MIP_Strategy_LBHeur=0;CPXPARAM_MIP_Strategy_NodeSelect=1;CPXPARAM_MIP_Strategy_Order=1;CPXPARAM_MIP_Strategy_PresolveNode=-1;CPXPARAM_MIP_Strategy_Probe=0;CPXPARAM_MIP_Strategy_RINSHeur=0;CPXPARAM_MIP_Strategy_StartAlgorithm=0;CPXPARAM_MIP_Strategy_SubAlgorithm=0;CPXPARAM_MIP_Strategy_VariableSelect=0;CPXPARAM_Network_NetFind=2;CPXPARAM_Network_Pricing=0;CPXPARAM_Parallel=1;CPXPARAM_Preprocessing_Aggregator=-1;CPXPARAM_Preprocessing_BoundStrength=-1;CPXPARAM_Preprocessing_CoeffReduce=-1;CPXPARAM_Preprocessing_Dependency=-1;CPXPARAM_Preprocessing_Dual=0;CPXPARAM_Preprocessing_Fill=10;CPXPARAM_Preprocessing_NumPass=-1;CPXPARAM_Preprocessing_Presolve=1;CPXPARAM_Preprocessing_QPMakePSD=1;CPXPARAM_Preprocessing_Reduce=3;CPXPARAM_Preprocessing_Relax=-1;CPXPARAM_Preprocessing_RepeatPresolve=-1;CPXPARAM_Preprocessing_Symmetry=-1;CPXPARAM_Read_Scale=0;CPXPARAM_Sifting_Algorithm=0;CPXPARAM_Simplex_Crash=1;CPXPARAM_Simplex_DGradient=0;CPXPARAM_Simplex_Limits_Perturbation=0;CPXPARAM_Simplex_Limits_Singularity=10;CPXPARAM_Simplex_PGradient=0;CPXPARAM_Simplex_Pricing=0;CPXPARAM_Simplex_Refactor=0
15336706001798498469,0,CPXPARAM_Advance=1;CPXPARAM_Barrier_Algorithm=0;CPXPARAM_Barrier_ColNonzeros=0;CPXPARAM_Barrier_Crossover=0;CPXPARAM_Barrier_Limits_Corrections=-1;CPXPARAM_Barrier_Ordering=0;CPXPARAM_Barrier_StartAlg=1;CPXPARAM_Emphasis_MIP=0;CPXPARAM_Emphasis_Memory=0;CPXPARAM_Emphasis_Numerical=0;CPXPARAM_Feasopt_Mode=0;CPXPARAM_LPMethod=0;CPXPARAM_MIP_Cuts_Cliques=3;CPXPARAM_MIP_Cuts_Covers=0;CPXPARAM_MIP_Cuts_Disjunctive=0;CPXPARAM_MIP_Cuts_FlowCovers=2;CPXPARAM_MIP_Cuts_GUBCovers=2;CPXPARAM_MIP_Cuts_Gomory=0;CPXPARAM_MIP_Cuts_Implied=-1;CPXPARAM_MIP_Cuts_MIRCut=1;CPXPARAM_MIP_Cuts_PathCut=1;CPXPARAM_MIP_Limits_AggForCut=0;CPXPARAM_MIP_Limits_CutPasses=0;CPXPARAM_MIP_Limits_CutsFactor=-1;CPXPARAM_MIP_Limits_GomoryCand=25;CPXPARAM_MIP_Limits_GomoryPass=0;CPXPARAM_MIP_Limits_Nodes=9223372036800000000;CPXPARAM_MIP_Limits_ProbeTime=1e+75;CPXPARAM_MIP_Limits_RepairTries=0;CPXPARAM_MIP_Limits_StrongCand=10;CPXPARAM_MIP_Limits_StrongIt=0;CPXPARAM_MIP_OrderType=0;CPXPARAM_MIP_Strategy_BBInterval=7;CPXPARAM_MIP_Strategy_Branch=-1;CPXPARAM_MIP_Strategy_Dive=0;CPXPARAM_MIP_Strategy_File=1;CPXPARAM_MIP_Strategy_HeuristicFreq=0;CPXPARAM_MIP_Strategy_LBHeur=0;CPXPARAM_MIP_Strategy_NodeSelect=3;CPXPARAM_MIP_Strategy_Order=1;CPXPARAM_MIP_Strategy_PresolveNode=3;CPXPARAM_MIP_Strategy_Probe=2;CPXPARAM_MIP_Strategy_RINSHeur=0;CPXPARAM_MIP_Strategy_StartAlgorithm=0;CPXPARAM_MIP_Strategy_SubAlgorithm=0;CPXPARAM_MIP_Strategy_VariableSelect=4;CPXPARAM_Network_NetFind=2;CPXPARAM_Network_Pricing=0;CPXPARAM_Parallel=1;CPXPARAM_Preprocessing_Aggregator=-1;CPXPARAM_Preprocessing_BoundStrength=-1;CPXPARAM_Preprocessing_CoeffReduce=-1;CPXPARAM_Preprocessing_Dependency=-1;CPXPARAM_Preprocessing_Dual=0;CPXPARAM_Preprocessing_Fill=5;CPXPARAM_Preprocessing_NumPass=-1;CPXPARAM_Preprocessing_Presolve=1;CPXPARAM_Preprocessing_QPMakePSD=1;CPXPARAM_Preprocessing_Reduce=3;CPXPARAM_Preprocessing_Relax=-1;CPXPARAM_Preprocessing_RepeatPresolve=-1;CPXPARAM_Preprocessing_Symmetry=-1;CPXPARAM_Read_Scale=0;CPXPARAM_Sifting_Algorithm=0;CPXPARAM_Simplex_Crash=1;CPXPARAM_Simplex_DGradient=0;CPXPARAM_Simplex_Limits_Perturbation=0;CPXPARAM_Simplex_Limits_Singularity=10;CPXPARAM_Simplex_PGradient=0;CPXPARAM_Simplex_Pricing=0;CPXPARAM_Simplex_Refactor=0
17160399954570414987,0,CPXPARAM_Advance=1;CPXPARAM_Barrier_Algorithm=0;CPXPARAM_Barrier_ColNonzeros=0;CPXPARAM_Barrier_Crossover=0;CPXPARAM_Barrier_Limits_Corrections=-1;CPXPARAM_Barrier_Ordering=0;CPXPARAM_Barrier_StartAlg=1;CPXPARAM_Emphasis_MIP=2;CPXPARAM_Emphasis_Memory=0;CPXPARAM_Emphasis_Numerical=0;CPXPARAM_Feasopt_Mode=0;CPXPARAM_LPMethod=0;CPXPARAM_MIP_Cuts_Cliques=-1;CPXPARAM_MIP_Cuts_Covers=2;CPXPARAM_MIP_Cuts_Disjunctive=1;CPXPARAM_MIP_Cuts_FlowCovers=2;CPXPARAM_MIP_Cuts_GUBCovers=1;CPXPARAM_MIP_Cuts_Gomory=0;CPXPARAM_MIP_Cuts_Implied=-1;CPXPARAM_MIP_Cuts_MIRCut=-1;CPXPARAM_MIP_Cuts_PathCut=-1;CPXPARAM_MIP_Limits_AggForCut=3;CPXPARAM_MIP_Limits_CutPasses=0;CPXPARAM_MIP_Limits_CutsFactor=8;CPXPARAM_MIP_Limits_GomoryCand=400;CPXPARAM_MIP_Limits_GomoryPass=0;CPXPARAM_MIP_Limits_Nodes=9223372036800000000;CPXPARAM_MIP_Limits_ProbeTime=1e+75;CPXPARAM_MIP_Limits_RepairTries=0;CPXPARAM_MIP_Limits_StrongCand=10;CPXPARAM_MIP_Limits_StrongIt=0;CPXPARAM_MIP_OrderType=0;CPXPARAM_MIP_Strategy_BBInterval=7;CPXPARAM_MIP_Strategy_Branch=0;CPXPARAM_MIP_Strategy_Dive=0;CPXPARAM_MIP_Strategy_File=1;CPXPARAM_MIP_Strategy_HeuristicFreq=0;CPXPARAM_MIP_Strategy_LBHeur=0;CPXPARAM_MIP_Strategy_NodeSelect=1;CPXPARAM_MIP_Strategy_Order=1;CPXPARAM_MIP_Strategy_PresolveNode=0;CPXPARAM_MIP_Strategy_Probe=0;CPXPARAM_MIP_Strategy_RINSHeur=0;CPXPARAM_MIP_Strategy_StartAlgorithm=0;CPXPARAM_MIP_Strategy_SubAlgorithm=0;CPXPARAM_MIP_Strategy_VariableSelect=0;CPXPARAM_Network_NetFind=2;CPXPARAM_Network_Pricing=0;CPXPARAM_Parallel=1;CPXPARAM_Preprocessing_Aggregator=-1;CPXPARAM_Preprocessing_BoundStrength=-1;CPXPARAM_Preprocessing_CoeffReduce=-1;CPXPARAM_Preprocessing_Dependency=-1;CPXPARAM_Preprocessing_Dual=0;CPXPARAM_Preprocessing_Fill=10;CPXPARAM_Preprocessing_NumPass=-1;CPXPARAM_Preprocessing_Presolve=1;CPXPARAM_Preprocessing_QPMakePSD=1;CPXPARAM_Preprocessing_Reduce=3;CPXPARAM_Preprocessing_Relax=-1;CPXPARAM_Preprocessing_RepeatPresolve=-1;CPXPARAM_Preprocessing_Symmetry=-1;CPXPARAM_Read_Scale=0;CPXPARAM_Sifting_Algorithm=0;CPXPARAM_Simplex_Crash=1;CPXPARAM_Simplex_DGradient=0;CPXPARAM_Simplex_Limits_Perturbation=0;CPXPARAM_Simplex_Limits_Singularity=10;CPXPARAM_Simplex_PGradient=0;CPXPARAM_Simplex_Pricing=0;CPXPARAM_Simplex_Refactor=0
12873965092795012273,0,CPXPARAM_Advance=1;CPXPARAM_Barrier_Algorithm=0;CPXPARAM_Barrier_ColNonzeros=0;CPXPARAM_Barrier_Crossover=0;CPXPARAM_Barrier_Limits_Corrections=-1;CPXPARAM_Barrier_Ordering=0;CPXPARAM_Barrier_StartAlg=1;CPXPARAM_Emphasis_MIP=2;CPXPARAM_Emphasis_Memory=0;CPXPARAM_Emphasis_Numerical=0;CPXPARAM_Feasopt_Mode=0;CPXPARAM_LPMethod=0;CPXPARAM_MIP_Cuts_Cliques=3;CPXPARAM_MIP_Cuts_Covers=0;CPXPARAM_MIP_Cuts_Disjunctive=0;CPXPARAM_MIP_Cuts_FlowCovers=-1;CPXPARAM_MIP_Cuts_GUBCovers=-1;CPXPARAM_MIP_Cuts_Gomory=1;CPXPARAM_MIP_Cuts_Implied=0;CPXPARAM_MIP_Cuts_MIRCut=2;CPXPARAM_MIP_Cuts_PathCut=0;CPXPARAM_MIP_Limits_AggForCut=3;CPXPARAM_MIP_Limits_CutPasses=0;CPXPARAM_MIP_Limits_CutsFactor=-1;CPXPARAM_MIP_Limits_GomoryCand=200;CPXPARAM_MIP_Limits_GomoryPass=0;CPXPARAM_MIP_Limits_Nodes=9223372036800000000;CPXPARAM_MIP_Limits_ProbeTime=1e+75;CPXPARAM_MIP_Limits_RepairTries=0;CPXPARAM_MIP_Limits_StrongCand=10;CPXPARAM_MIP_Limits_StrongIt=0;CPXPARAM_MIP_OrderType=0;CPXPARAM_MIP_Strategy_BBInterval=7;CPXPARAM_MIP_Strategy_Branch=-1;CPXPARAM_MIP_Strategy_Dive=0;CPXPARAM_MIP_Strategy_File=1;CPXPARAM_MIP_Strategy_HeuristicFreq=0;CPXPARAM_MIP_Strategy_LBHeur=0;CPXPARAM_MIP_Strategy_NodeSelect=2;CPXPARAM_MIP_Strategy_Order=1;CPXPARAM_MIP_Strategy_PresolveNode=2;CPXPARAM_MIP_Strategy_Probe=3;CPXPARAM_MIP_Strategy_RINSHeur=0;CPXPARAM_MIP_Strategy_StartAlgorithm=0;CPXPARAM_MIP_Strategy_SubAlgorithm=0;CPXPARAM_MIP_Strategy_VariableSelect=-1;CPXPARAM_Network_NetFind=2;CPXPARAM_Network_Pricing=0;CPXPARAM_Parallel=1;CPXPARAM_Preprocessing_Aggregator=-1;CPXPARAM_Preprocessing_BoundStrength=-1;CPXPARAM_Preprocessing_CoeffReduce=-1;CPXPARAM_Preprocessing_Dependency=-1;CPXPARAM_Preprocessing_Dual=0;CPXPARAM_Preprocessing_Fill=10;CPXPARAM_Preprocessing_NumPass=-1;CPXPARAM_Preprocessing_Presolve=1;CPXPARAM_Preprocessing_QPMakePSD=1;CPXPARAM_Preprocessing_Reduce=3;CPXPARAM_Preprocessing_Relax=-1;CPXPARAM_Preprocessing_RepeatPresolve=-1;CPXPARAM_Preprocessing_Symmetry=-1;CPXPARAM_Read_Scale=0;CPXPARAM_Sifting_Algorithm=0;CPXPARAM_Simplex_Crash=1;CPXPARAM_Simplex_DGradient=0;CPXPARAM_Simplex_Limits_Perturbation=0;CPXPARAM_Simplex_Limits_Singularity=10;CPXPARAM_Simplex_PGradient=0;CPXPARAM_Simplex_Pricing=0;CPXPARAM_Simplex_Refactor=0
5083979149491517682,0,CPXPARAM_Advance=1;CPXPARAM_Barrier_Algorithm=0;CPXPARAM_Barrier_ColNonzeros=0;CPXPARAM_Barrier_Crossover=0;CPXPARAM_Barrier_Limits_Corrections=-1;CPXPARAM_Barrier_Ordering=0;CPXPARAM_Barrier_StartAlg=1;CPXPARAM_Emphasis_MIP=2;CPXPARAM_Emphasis_Memory=0;CPXPARAM_Emphasis_Numerical=0;CPXPARAM_Feasopt_Mode=0;CPXPARAM_LPMethod=0;CPXPARAM_MIP_Cuts_Cliques=-1;CPXPARAM_MIP_Cuts_Covers=0;CPXPARAM_MIP_Cuts_Disjunctive=-1;CPXPARAM_MIP_Cuts_FlowCovers=1;CPXPARAM_MIP_Cuts_GUBCovers=0;CPXPARAM_MIP_Cuts_Gomory=-1;CPXPARAM_MIP_Cuts_Implied=-1;CPXPARAM_MIP_Cuts_MIRCut=1;CPXPARAM_MIP_Cuts_PathCut=1;CPXPARAM_MIP_Limits_AggForCut=3;CPXPARAM_MIP_Limits_CutPasses=0;CPXPARAM_MIP_Limits_CutsFactor=-1;CPXPARAM_MIP_Limits_GomoryCand=10;CPXPARAM_MIP_Limits_GomoryPass=0;CPXPARAM_MIP_Limits_Nodes=9223372036800000000;CPXPARAM_MIP_Limits_ProbeTime=1e+75;CPXPARAM_MIP_Limits_RepairTries=0;CPXPARAM_MIP_Limits_StrongCand=10;CPXPARAM_MIP_Limits_StrongIt=0;CPXPARAM_MIP_OrderType=0;CPXPARAM_MIP_Strategy_BBInterval=7;CPXPARAM_MIP_Strategy_Branch=0;CPXPARAM_MIP_Strategy_Dive=0;CPXPARAM_MIP_Strategy_File=1;CPXPARAM_MIP_Strategy_HeuristicFreq=0;CPXPARAM_MIP_Strategy_LBHeur=0;CPXPARAM_MIP_Strategy_NodeSelect=1;CPXPARAM_MIP_Strategy_Order=1;CPXPARAM_MIP_Strategy_PresolveNode=0;CPXPARAM_MIP_Strategy_Probe=0;CPXPARAM_MIP_Strategy_RINSHeur=0;CPXPARAM_MIP_Strategy_StartAlgorithm=0;CPXPARAM_MIP_Strategy_SubAlgorithm=0;CPXPARAM_MIP_Strategy_VariableSelect=0;CPXPARAM_Network_NetFind=2;CPXPARAM_Network_Pricing=0;CPXPARAM_Parallel=1;CPXPARAM_Preprocessing_Aggregator=-1;CPXPARAM_Preprocessing_BoundStrength=-1;CPXPARAM_Preprocessing_CoeffReduce=-1;CPXPARAM_Preprocessing_Dependency=-1;CPXPARAM_Preprocessing_Dual=0;CPXPARAM_Preprocessing_Fill=10;CPXPARAM_Preprocessing_NumPass=-1;CPXPARAM_Preprocessing_Presolve=1;CPXPARAM_Preprocessing_QPMakePSD=1;CPXPARAM_Preprocessing_Reduce=3;CPXPARAM_Preprocessing_Relax=-1;CPXPARAM_Preprocessing_RepeatPresolve=-1;CPXPARAM_Preprocessing_Symmetry=-1;CPXPARAM_Read_Scale=0;CPXPARAM_Sifting_Algorithm=0;CPXPARAM_Simplex_Crash=1;CPXPARAM_Simplex_DGradient=0;CPXPARAM_Simplex_Limits_Perturbation=0;CPXPARAM_Simplex_Limits_Singularity=10;CPXPARAM_Simplex_PGradient=0;CPXPARAM_Simplex_Pricing=0;CPXPARAM_Simplex_Refactor=0
18165298679525536476,0,CPXPARAM_Advance=1;CPXPARAM_Barrier_Algorithm=0;CPXPARAM_Barrier_ColNonzeros=0;CPXPARAM_Barrier_Crossover=0;CPXPARAM_Barrier_Limits_Corrections=-1;CPXPARAM_Barrier_Ordering=0;CPXPARAM_Barrier_StartAlg=1;CPXPARAM_Emphasis_MIP=0;CPXPARAM_Emphasis_Memory=0;CPXPARAM_Emphasis_Numerical=0;CPXPARAM_Feasopt_Mode=0;CPXPARAM_LPMethod=0;CPXPARAM_MIP_Cuts_Cliques=-1;CPXPARAM_MIP_Cuts_Covers=2;CPXPARAM_MIP_Cuts_Disjunctive=0;CPXPARAM_MIP_Cuts_FlowCovers=-1;CPXPARAM_MIP_Cuts_GUBCovers=1;CPXPARAM_MIP_Cuts_Gomory=0;CPXPARAM_MIP_Cuts_Implied=2;CPXPARAM_MIP_Cuts_MIRCut=-1;CPXPARAM_MIP_Cuts_PathCut=2;CPXPARAM_MIP_Limits_AggForCut=10;CPXPARAM_MIP_Limits_CutPasses=0;CPXPARAM_MIP_Limits_CutsFactor=-1;CPXPARAM_MIP_Limits_GomoryCand=100;CPXPARAM_MIP_Limits_GomoryPass=0;CPXPARAM_MIP_Limits_Nodes=9223372036800000000;CPXPARAM_MIP_Limits_ProbeTime=1e+75;CPXPARAM_MIP_Limits_RepairTries=0;CPXPARAM_MIP_Limits_StrongCand=10;CPXPARAM_MIP_Limits_StrongIt=0;CPXPARAM_MIP_OrderType=1;CPXPARAM_MIP_Strategy_BBInterval=7;CPXPARAM_MIP_Strategy_Branch=0;CPXPARAM_MIP_Strategy_Dive=0;CPXPARAM_MIP_Strategy_File=1;CPXPARAM_MIP_Strategy_HeuristicFreq=0;CPXPARAM_MIP_Strategy_LBHeur=0;CPXPARAM_MIP_Strategy_NodeSelect=0;CPXPARAM_MIP_Strategy_Order=1;CPXPARAM_MIP_Strategy_PresolveNode=-1;CPXPARAM_MIP_Strategy_Probe=3;CPXPARAM_MIP_Strategy_RINSHeur=0;CPXPARAM_MIP_Strategy_StartAlgorithm=0;CPXPARAM_MIP_Strategy_SubAlgorithm=0;CPXPARAM_MIP_Strategy_VariableSelect=2;CPXPARAM_Network_NetFind=2;CPXPARAM_Network_Pricing=0;CPXPARAM_Parallel=1;CPXPARAM_Preprocessing_Aggregator=-1;CPXPARAM_Preprocessing_BoundStrength=-1;CPXPARAM_Preprocessing_CoeffReduce=-1;CPXPARAM_Preprocessing_Dependency=-1;CPXPARAM_Preprocessing_Dual=0;CPXPARAM_Preprocessing_Fill=2;CPXPARAM_Preprocessing_NumPass=-1;CPXPARAM_Preprocessing_Presolve=1;CPXPARAM_Preprocessing_QPMakePSD=1;CPXPARAM_Preprocessing_Reduce=1;CPXPARAM_Preprocessing_Relax=-1;CPXPARAM_Preprocessing_RepeatPresolve=-1;CPXPARAM_Preprocessing_Symmetry=-1;CPXPARAM_Read_Scale=0;CPXPARAM_Sifting_Algorithm=0;CPXPARAM_Simplex_Crash=1;CPXPARAM_Simplex_DGradient=0;CPXPARAM_Simplex_Limits_Perturbation=0;CPXPARAM_Simplex_Limits_Singularity=10;CPXPARAM_Simplex_PGradient=0;CPXPARAM_Simplex_Pricing=0;CPXPARAM_Simplex_Refactor=0
7698344852300562357,0,CPXPARAM_Advance=1;CPXPARAM_Barrier_Algorithm=0;CPXPARAM_Barrier_ColNonzeros=0;CPXPARAM_Barrier_Crossover=0;CPXPARAM_Barrier_Limits_Corrections=-1;CPXPARAM_Barrier_Ordering=0;CPXPARAM_Barrier_StartAlg=1;CPXPARAM_Emphasis_MIP=2;CPXPARAM_Emphasis_Memory=0;CPXPARAM_Emphasis_Numerical=0;CPXPARAM_Feasopt_Mode=0;CPXPARAM_LPMethod=0;CPXPARAM_MIP_Cuts_Cliques=-1;CPXPARAM_MIP_Cuts_Covers=2;CPXPARAM_MIP_Cuts_Disjunctive=1;CPXPARAM_MIP_Cuts_FlowCovers=2;CPXPARAM_MIP_Cuts_GUBCovers=1;CPXPARAM_MIP_Cuts_Gomory=0;CPXPARAM_MIP_Cuts_Implied=-1;CPXPARAM_MIP_Cuts_MIRCut=-1;CPXPARAM_MIP_Cuts_PathCut=-1;CPXPARAM_MIP_Limits_AggForCut=3;CPXPARAM_MIP_Limits_CutPasses=0;CPXPARAM_MIP_Limits_CutsFactor=-1;CPXPARAM_MIP_Limits_GomoryCand=400;CPXPARAM_MIP_Limits_GomoryPass=0;CPXPARAM_MIP_Limits_Nodes=9223372036800000000;CPXPARAM_MIP_Limits_ProbeTime=1e+75;CPXPARAM_MIP_Limits_RepairTries=0;CPXPARAM_MIP_Limits_StrongCand=10;CPXPARAM_MIP_Limits_StrongIt=0;CPXPARAM_MIP_OrderType=0;CPXPARAM_MIP_Strategy_BBInterval=7;CPXPARAM_MIP_Strategy_Branch=0;CPXPARAM_MIP_Strategy_Dive=0;CPXPARAM_MIP_Strategy_File=1;CPXPARAM_MIP_Strategy_HeuristicFreq=0;CPXPARAM_MIP_Strategy_LBHeur=0;CPXPARAM_MIP_Strategy_NodeSelect=1;CPXPARAM_MIP_Strategy_Order=1;CPXPARAM_MIP_Strategy_PresolveNode=0;CPXPARAM_MIP_Strategy_Probe=0;CPXPARAM_MIP_Strategy_RINSHeur=0;CPXPARAM_MIP_Strategy_StartAlgorithm=0;CPXPARAM_MIP_Strategy_SubAlgorithm=4;CPXPARAM_MIP_Strategy_VariableSelect=0;CPXPARAM_Network_NetFind=2;CPXPARAM_Network_Pricing=0;CPXPARAM_Parallel=1;CPXPARAM_Preprocessing_Aggregator=-1;CPXPARAM_Preprocessing_BoundStrength=-1;CPXPARAM_Preprocessing_CoeffReduce=-1;CPXPARAM_Preprocessing_Dependency=-1;CPXPARAM_Preprocessing_Dual=0;CPXPARAM_Preprocessing_Fill=10;CPXPARAM_Preprocessing_NumPass=-1;CPXPARAM_Preprocessing_Presolve=1;CPXPARAM_Preprocessing_QPMakePSD=1;CPXPARAM_Preprocessing_Reduce=3;CPXPARAM_Preprocessing_Relax=-1;CPXPARAM_Preprocessing_RepeatPresolve=-1;CPXPARAM_Preprocessing_Symmetry=-1;CPXPARAM_Read_Scale=0;CPXPARAM_Sifting_Algorithm=0;CPXPARAM_Simplex_Crash=1;CPXPARAM_Simplex_DGradient=0;CPXPARAM_Simplex_Limits_Perturbation=0;CPXPARAM_Simplex_Limits_Singularity=10;CPXPARAM_Simplex_PGradient=0;CPXPARAM_Simplex_Pricing=0;CPXPARAM_Simplex_Refactor=0
16363076248511516475,0,CPXPARAM_Advance=1;CPXPARAM_Barrier_Algorithm=0;CPXPARAM_Barrier_ColNonzeros=0;CPXPARAM_Barrier_Crossover=0;CPXPARAM_Barrier_Limits_Corrections=-1;CPXPARAM_Barrier_Ordering=0;CPXPARAM_Barrier_StartAlg=1;CPXPARAM_Emphasis_MIP=2;CPXPARAM_Emphasis_Memory=0;CPXPARAM_Emphasis_Numerical=0;CPXPARAM_Feasopt_Mode=0;CPXPARAM_LPMethod=0;CPXPARAM_MIP_Cuts_Cliques=-1;CPXPARAM_MIP_Cuts_Covers=2;CPXPARAM_MIP_Cuts_Disjunctive=1;CPXPARAM_MIP_Cuts_FlowCovers=2;CPXPARAM_MIP_Cuts_GUBCovers=1;CPXPARAM_MIP_Cuts_Gomory=0;CPXPARAM_MIP_Cuts_Implied=-1;CPXPARAM_MIP_Cuts_MIRCut=-1;CPXPARAM_MIP_Cuts_PathCut=-1;CPXPARAM_MIP_Limits_AggForCut=3;CPXPARAM_MIP_Limits_CutPasses=0;CPXPARAM_MIP_Limits_CutsFactor=-1;CPXPARAM_MIP_Limits_GomoryCand=400;CPXPARAM_MIP_Limits_GomoryPass=0;CPXPARAM_MIP_Limits_Nodes=9223372036800000000;CPXPARAM_MIP_Limits_ProbeTime=1e+75;CPXPARAM_MIP_Limits_RepairTries=0;CPXPARAM_MIP_Limits_StrongCand=10;CPXPARAM_MIP_Limits_StrongIt=0;CPXPARAM_MIP_OrderType=0;CPXPARAM_MIP_Strategy_BBInterval=7;CPXPARAM_MIP_Strategy_Branch=-1;CPXPARAM_MIP_Strategy_Dive=0;CPXPARAM_MIP_Strategy_File=1;CPXPARAM_MIP_Strategy_HeuristicFreq=0;CPXPARAM_MIP_Strategy_LBHeur=0;CPXPARAM_MIP_Strategy_NodeSelect=1;CPXPARAM_MIP_Strategy_Order=1;CPXPARAM_MIP_Strategy_PresolveNode=0;CPXPARAM_MIP_Strategy_Probe=0;CPXPARAM_MIP_Strategy_RINSHeur=0;CPXPARAM_MIP_Strategy_StartAlgorithm=0;CPXPARAM_MIP_Strategy_SubAlgorithm=0;CPXPARAM_MIP_Strategy_VariableSelect=0;CPXPARAM_Network_NetFind=2;CPXPARAM_Network_Pricing=0;CPXPARAM_Parallel=1;CPXPARAM_Preprocessing_Aggregator=-1;CPXPARAM_Preprocessing_BoundStrength=-1;CPXPARAM_Preprocessing_CoeffReduce=-1;CPXPARAM_Preprocessing_Dependency=-1;CPXPARAM_Preprocessing_Dual=0;CPXPARAM_Preprocessing_Fill=10;CPXPARAM_Preprocessing_NumPass=-1;CPXPARAM_Preprocessing_Presolve=1;CPXPARAM_Preprocessing_QPMakePSD=1;CPXPARAM_Preprocessing_Reduce=3;CPXPARAM_Preprocessing_Relax=-1;CPXPARAM_Preprocessing_RepeatPresolve=-1;CPXPARAM_Preprocessing_Symmetry=-1;CPXPARAM_Read_Scale=0;CPXPARAM_Sifting_Algorithm=0;CPXPARAM_Simplex_Crash=1;CPXPARAM_Simplex_DGradient=0;CPXPARAM_Simplex_Limits_Perturbation=0;CPXPARAM_Simplex_Limits_Singularity=10;CPXPARAM_Simplex_PGradient=0;CPXPARAM_Simplex_Pricing=0;CPXPARAM_Simplex_Refactor=0
9004031340890017025,0,CPXPARAM_Advance=1;CPXPARAM_Barrier_Algorithm=0;CPXPARAM_Barrier_ColNonzeros=0;CPXPARAM_Barrier_Crossover=0;CPXPARAM_Barrier_Limits_Corrections=-1;CPXPARAM_Barrier_Ordering=0;CPXPARAM_Barrier_StartAlg=1;CPXPARAM_Emphasis_MIP=2;CPXPARAM_Emphasis_Memory=0;CPXPARAM_Emphasis_Numerical=0;CPXPARAM_Feasopt_Mode=0;CPXPARAM_LPMethod=0;CPXPARAM_MIP_Cuts_Cliques=-1;CPXPARAM_MIP_Cuts_Covers=0;CPXPARAM_MIP_Cuts_Disjunctive=1;CPXPARAM_MIP_Cuts_FlowCovers=2;CPXPARAM_MIP_Cuts_GUBCovers=1;CPXPARAM_MIP_Cuts_Gomory=1;CPXPARAM_MIP_Cuts_Implied=-1;CPXPARAM_MIP_Cuts_MIRCut=-1;CPXPARAM_MIP_Cuts_PathCut=-1;CPXPARAM_MIP_Limits_AggForCut=3;CPXPARAM_MIP_Limits_CutPasses=0;CPXPARAM_MIP_Limits_CutsFactor=-1;CPXPARAM_MIP_Limits_GomoryCand=400;CPXPARAM_MIP_Limits_GomoryPass=0;CPXPARAM_MIP_Limits_Nodes=9223372036800000000;CPXPARAM_MIP_Limits_ProbeTime=1e+75;CPXPARAM_MIP_Limits_RepairTries=0;CPXPARAM_MIP_Limits_StrongCand=10;CPXPARAM_MIP_Limits_StrongIt=0;CPXPARAM_MIP_OrderType=0;CPXPARAM_MIP_Strategy_BBInterval=7;CPXPARAM_MIP_Strategy_Branch=0;CPXPARAM_MIP_Strategy_Dive=0;CPXPARAM_MIP_Strategy_File=1;CPXPARAM_MIP_Strategy_HeuristicFreq=0;CPXPARAM_MIP_Strategy_LBHeur=0;CPXPARAM_MIP_Strategy_NodeSelect=1;CPXPARAM_MIP_Strategy_Order=1;CPXPARAM_MIP_Strategy_PresolveNode=0;CPXPARAM_MIP_Strategy_Probe=0;CPXPARAM_MIP_Strategy_RINSHeur=0;CPXPARAM_MIP_Strategy_StartAlgorithm=0;CPXPARAM_MIP_Strategy_SubAlgorithm=0;CPXPARAM_MIP_Strategy_VariableSelect=0;CPXPARAM_Network_NetFind=2;CPXPARAM_Network_Pricing=0;CPXPARAM_Parallel=1;CPXPARAM_Preprocessing_Aggregator=-1;CPXPARAM_Preprocessing_BoundStrength=-1;CPXPARAM_Preprocessing_CoeffReduce=-1;CPXPARAM_Preprocessing_Dependency=-1;CPXPARAM_Preprocessing_Dual=0;CPXPARAM_Preprocessing_Fill=10;CPXPARAM_Preprocessing_NumPass=-1;CPXPARAM_Preprocessing_Presolve=1;CPXPARAM_Preprocessing_QPMakePSD=1;CPXPARAM_Preprocessing_Reduce=3;CPXPARAM_Preprocessing_Relax=-1;CPXPARAM_Preprocessing_RepeatPresolve=-1;CPXPARAM_Preprocessing_Symmetry=-1;CPXPARAM_Read_Scale=0;CPXPARAM_Sifting_Algorithm=0;CPXPARAM_Simplex_Crash=1;CPXPARAM_Simplex_DGradient=0;CPXPARAM_Simplex_Limits_Perturbation=0;CPXPARAM_Simplex_Limits_Singularity=10;CPXPARAM_Simplex_PGradient=0;CPXPARAM_Simplex_Pricing=0;CPXPARAM_Simplex_Refactor=0
2390865028844445070,0,CPXPARAM_Advance=1;CPXPARAM_Barrier_Algorithm=0;CPXPARAM_Barrier_ColNonzeros=0;CPXPARAM_Barrier_Crossover=0;CPXPARAM_Barrier_Limits_Corrections=-1;CPXPARAM_Barrier_Ordering=0;CPXPARAM_Barrier_StartAlg=1;CPXPARAM_Emphasis_MIP=2;CPXPARAM_Emphasis_Memory=0;CPXPARAM_Emphasis_Numerical=0;CPXPARAM_Feasopt_Mode=0;CPXPARAM_LPMethod=0;CPXPARAM_MIP_Cuts_Cliques=-1;CPXPARAM_MIP_Cuts_Covers=2;CPXPARAM_MIP_Cuts_Disjunctive=1;CPXPARAM_MIP_Cuts_FlowCovers=2;CPXPARAM_MIP_Cuts_GUBCovers=1;CPXPARAM_MIP_Cuts_Gomory=0;CPXPARAM_MIP_Cuts_Implied=-1;CPXPARAM_MIP_Cuts_MIRCut=-1;CPXPARAM_MIP_Cuts_PathCut=-1;CPXPARAM_MIP_Limits_AggForCut=3;CPXPARAM_MIP_Limits_CutPasses=0;CPXPARAM_MIP_Limits_CutsFactor=-1;CPXPARAM_MIP_Limits_GomoryCand=400;CPXPARAM_MIP_Limits_GomoryPass=0;CPXPARAM_MIP_Limits_Nodes=9223372036800000000;CPXPARAM_MIP_Limits_ProbeTime=1e+75;CPXPARAM_MIP_Limits_RepairTries=0;CPXPARAM_MIP_Limits_StrongCand=10;CPXPARAM_MIP_Limits_StrongIt=0;CPXPARAM_MIP_OrderType=0;CPXPARAM_MIP_Strategy_BBInterval=30;CPXPARAM_MIP_Strategy_Branch=0;CPXPARAM_MIP_Strategy_Dive=0;CPXPARAM_MIP_Strategy_File=1;CPXPARAM_MIP_Strategy_HeuristicFreq=0;CPXPARAM_MIP_Strategy_LBHeur=0;CPXPARAM_MIP_Strategy_NodeSelect=1;CPXPARAM_MIP_Strategy_Order=1;CPXPARAM_MIP_Strategy_PresolveNode=0;CPXPARAM_MIP_Strategy_Probe=0;CPXPARAM_MIP_Strategy_RINSHeur=0;CPXPARAM_MIP_Strategy_StartAlgorithm=0;CPXPARAM_MIP_Strategy_SubAlgorithm=0;CPXPARAM_MIP_Strategy_VariableSelect=0;CPXPARAM_Network_NetFind=2;CPXPARAM_Network_Pricing=0;CPXPARAM_Parallel=1;CPXPARAM_Preprocessing_Aggregator=-1;CPXPARAM_Preprocessing_BoundStrength=-1;CPXPARAM_Preprocessing_CoeffReduce=-1;CPXPARAM_Preprocessing_Dependency=-1;CPXPARAM_Preprocessing_Dual=0;CPXPARAM_Preprocessing_Fill=10;CPXPARAM_Preprocessing_NumPass=-1;CPXPARAM_Preprocessing_Presolve=1;CPXPARAM_Preprocessing_QPMakePSD=1;CPXPARAM_Preprocessing_Reduce=3;CPXPARAM_Preprocessing_Relax=-1;CPXPARAM_Preprocessing_RepeatPresolve=-1;CPXPARAM_Preprocessing_Symmetry=-1;CPXPARAM_Read_Scale=0;CPXPARAM_Sifting_Algorithm=0;CPXPARAM_Simplex_Crash=1;CPXPARAM_Simplex_DGradient=0;CPXPARAM_Simplex_Limits_Perturbation=0;CPXPARAM_Simplex_Limits_Singularity=10;CPXPARAM_Simplex_PGradient=0;CPXPARAM_Simplex_Pricing=0;CPXPARAM_Simplex_Refactor=0
7158790903535952292,0,CPXPARAM_Advance=1;CPXPARAM_Barrier_Algorithm=0;CPXPARAM_Barrier_ColNonzeros=0;CPXPARAM_Barrier_Crossover=0;CPXPARAM_Barrier_Limits_Corrections=-1;CPXPARAM_Barrier_Ordering=0;CPXPARAM_Barrier_StartAlg=1;CPXPARAM_Emphasis_MIP=3;CPXPARAM_Emphasis_Memory=0;CPXPARAM_Emphasis_Numerical=0;CPXPARAM_Feasopt_Mode=0;CPXPARAM_LPMethod=0;CPXPARAM_MIP_Cuts_Cliques=0;CPXPARAM_MIP_Cuts_Covers=-1;CPXPARAM_MIP_Cuts_Disjunctive=1;CPXPARAM_MIP_Cuts_FlowCovers=2;CPXPARAM_MIP_Cuts_GUBCovers=1;CPXPARAM_MIP_Cuts_Gomory=2;CPXPARAM_MIP_Cuts_Implied=0;CPXPARAM_MIP_Cuts_MIRCut=2;CPXPARAM_MIP_Cuts_PathCut=-1;CPXPARAM_MIP_Limits_AggForCut=3;CPXPARAM_MIP_Limits_CutPasses=0;CPXPARAM_MIP_Limits_CutsFactor=-1;CPXPARAM_MIP_Limits_GomoryCand=50;CPXPARAM_MIP_Limits_GomoryPass=0;CPXPARAM_MIP_Limits_Nodes=9223372036800000000;CPXPARAM_MIP_Limits_ProbeTime=1e+75;CPXPARAM_MIP_Limits_RepairTries=0;CPXPARAM_MIP_Limits_StrongCand=10;CPXPARAM_MIP_Limits_StrongIt=0;CPXPARAM_MIP_OrderType=0;CPXPARAM_MIP_Strategy_BBInterval=7;CPXPARAM_MIP_Strategy_Branch=0;CPXPARAM_MIP_Strategy_Dive=0;CPXPARAM_MIP_Strategy_File=1;CPXPARAM_MIP_Strategy_HeuristicFreq=0;CPXPARAM_MIP_Strategy_LBHeur=0;CPXPARAM_MIP_Strategy_NodeSelect=1;CPXPARAM_MIP_Strategy_Order=1;CPXPARAM_MIP_Strategy_PresolveNode=0;CPXPARAM_MIP_Strategy_Probe=-1;CPXPARAM_MIP_Strategy_RINSHeur=0;CPXPARAM_MIP_Strategy_StartAlgorithm=0;CPXPARAM_MIP_Strategy_SubAlgorithm=0;CPXPARAM_MIP_Strategy_VariableSelect=0;CPXPARAM_Network_NetFind=2;CPXPARAM_Network_Pricing=0;CPXPARAM_Parallel=1;CPXPARAM_Preprocessing_Aggregator=-1;CPXPARAM_Preprocessing_BoundStrength=-1;CPXPARAM_Preprocessing_CoeffReduce=-1;CPXPARAM_Preprocessing_Dependency=-1;CPXPARAM_Preprocessing_Dual=0;CPXPARAM_Preprocessing_Fill=10;CPXPARAM_Preprocessing_NumPass=-1;CPXPARAM_Preprocessing_Presolve=1;CPXPARAM_Preprocessing_QPMakePSD=1;CPXPARAM_Preprocessing_Reduce=3;CPXPARAM_Preprocessing_Relax=-1;CPXPARAM_Preprocessing_RepeatPresolve=-1;CPXPARAM_Preprocessing_Symmetry=-1;CPXPARAM_Read_Scale=0;CPXPARAM_Sifting_Algorithm=0;CPXPARAM_Simplex_Crash=1;CPXPARAM_Simplex_DGradient=0;CPXPARAM_Simplex_Limits_Perturbation=0;CPXPARAM_Simplex_Limits_Singularity=10;CPXPARAM_Simplex_PGradient=0;CPXPARAM_Simplex_Pricing=0;CPXPARAM_Simplex_Refactor=0
6373626340255179210,0,CPXPARAM_Advance=1;CPXPARAM_Barrier_Algorithm=0;CPXPARAM_Barrier_ColNonzeros=0;CPXPARAM_Barrier_Crossover=0;CPXPARAM_Barrier_Limits_Corrections=-1;CPXPARAM_Barrier_Ordering=0;CPXPARAM_Barrier_StartAlg=1;CPXPARAM_Emphasis_MIP=0;CPXPARAM_Emphasis_Memory=0;CPXPARAM_Emphasis_Numerical=0;CPXPARAM_Feasopt_Mode=0;CPXPARAM_LPMethod=0;CPXPARAM_MIP_Cuts_Cliques=3;CPXPARAM_MIP_Cuts_Covers=0;CPXPARAM_MIP_Cuts_Disjunctive=0;CPXPARAM_MIP_Cuts_FlowCovers=2;CPXPARAM_MIP_Cuts_GUBCovers=1;CPXPARAM_MIP_Cuts_Gomory=0;CPXPARAM_MIP_Cuts_Implied=-1;CPXPARAM_MIP_Cuts_MIRCut=2;CPXPARAM_MIP_Cuts_PathCut=1;CPXPARAM_MIP_Limits_AggForCut=3;CPXPARAM_MIP_Limits_CutPasses=0;CPXPARAM_MIP_Limits_CutsFactor=-1;CPXPARAM_MIP_Limits_GomoryCand=200;CPXPARAM_MIP_Limits_GomoryPass=0;CPXPARAM_MIP_Limits_Nodes=9223372036800000000;CPXPARAM_MIP_Limits_ProbeTime=1e+75;CPXPARAM_MIP_Limits_RepairTries=0;CPXPARAM_MIP_Limits_StrongCand=10;CPXPARAM_MIP_Limits_StrongIt=0;CPXPARAM_MIP_OrderType=0;CPXPARAM_MIP_Strategy_BBInterval=7;CPXPARAM_MIP_Strategy_Branch=-1;CPXPARAM_MIP_Strategy_Dive=0;CPXPARAM_MIP_Strategy_File=1;CPXPARAM_MIP_Strategy_HeuristicFreq=0;CPXPARAM_MIP_Strategy_LBHeur=0;CPXPARAM_MIP_Strategy_NodeSelect=2;CPXPARAM_MIP_Strategy_Order=1;CPXPARAM_MIP_Strategy_PresolveNode=2;CPXPARAM_MIP_Strategy_Probe=3;CPXPARAM_MIP_Strategy_RINSHeur=0;CPXPARAM_MIP_Strategy_StartAlgorithm=0;CPXPARAM_MIP_Strategy_SubAlgorithm=3;CPXPARAM_MIP_Strategy_VariableSelect=-1;CPXPARAM_Network_NetFind=2;CPXPARAM_Network_Pricing=0;CPXPARAM_Parallel=1;CPXPARAM_Preprocessing_Aggregator=-1;CPXPARAM_Preprocessing_BoundStrength=-1;CPXPARAM_Preprocessing_CoeffReduce=-1;CPXPARAM_Preprocessing_Dependency=-1;CPXPARAM_Preprocessing_Dual=0;CPXPARAM_Preprocessing_Fill=10;CPXPARAM_Preprocessing_NumPass=-1;CPXPARAM_Preprocessing_Presolve=1;CPXPARAM_Preprocessing_QPMakePSD=1;CPXPARAM_Preprocessing_Reduce=3;CPXPARAM_Preprocessing_Relax=-1;CPXPARAM_Preprocessing_RepeatPresolve=-1;CPXPARAM_Preprocessing_Symmetry=-1;CPXPARAM_Read_Scale=0;CPXPARAM_Sifting_Algorithm=0;CPXPARAM_Simplex_Crash=1;CPXPARAM_Simplex_DGradient=0;CPXPARAM_Simplex_Limits_Perturbation=0;CPXPARAM_Simplex_Limits_Singularity=10;CPXPARAM_Simplex_PGradient=0;CPXPARAM_Simplex_Pricing=0;CPXPARAM_Simplex_Refactor=0
4432920865087709614,0,CPXPARAM_Advance=1;CPXPARAM_Barrier_Algorithm=0;CPXPARAM_Barrier_ColNonzeros=0;CPXPARAM_Barrier_Crossover=0;CPXPARAM_Barrier_Limits_Corrections=-1;CPXPARAM_Barrier_Ordering=0;CPXPARAM_Barrier_StartAlg=1;CPXPARAM_Emphasis_MIP=2;CPXPARAM_Emphasis_Memory=0;CPXPARAM_Emphasis_Numerical=0;CPXPARAM_Feasopt_Mode=0;CPXPARAM_LPMethod=0;CPXPARAM_MIP_Cuts_Cliques=3;CPXPARAM_MIP_Cuts_Covers=0;CPXPARAM_MIP_Cuts_Disjunctive=0;CPXPARAM_MIP_Cuts_FlowCovers=1;CPXPARAM_MIP_Cuts_GUBCovers=-1;CPXPARAM_MIP_Cuts_Gomory=1;CPXPARAM_MIP_Cuts_Implied=0;CPXPARAM_MIP_Cuts_MIRCut=2;CPXPARAM_MIP_Cuts_PathCut=0;CPXPARAM_MIP_Limits_AggForCut=3;CPXPARAM_MIP_Limits_CutPasses=0;CPXPARAM_MIP_Limits_CutsFactor=-1;CPXPARAM_MIP_Limits_GomoryCand=200;CPXPARAM_MIP_Limits_GomoryPass=0;CPXPARAM_MIP_Limits_Nodes=9223372036800000000;CPXPARAM_MIP_Limits_ProbeTime=1e+75;CPXPARAM_MIP_Limits_RepairTries=0;CPXPARAM_MIP_Limits_StrongCand=10;CPXPARAM_MIP_Limits_StrongIt=0;CPXPARAM_MIP_OrderType=0;CPXPARAM_MIP_Strategy_BBInterval=7;CPXPARAM_MIP_Strategy_Branch=0;CPXPARAM_MIP_Strategy_Dive=0;CPXPARAM_MIP_Strategy_File=1;CPXPARAM_MIP_Strategy_HeuristicFreq=0;CPXPARAM_MIP_Strategy_LBHeur=0;CPXPARAM_MIP_Strategy_NodeSelect=2;CPXPARAM_MIP_Strategy_Order=1;CPXPARAM_MIP_Strategy_PresolveNode=2;CPXPARAM_MIP_Strategy_Probe=1;CPXPARAM_MIP_Strategy_RINSHeur=0;CPXPARAM_MIP_Strategy_StartAlgorithm=0;CPXPARAM_MIP_Strategy_SubAlgorithm=0;CPXPARAM_MIP_Strategy_VariableSelect=-1;CPXPARAM_Network_NetFind=2;CPXPARAM_Network_Pricing=0;CPXPARAM_Parallel=1;CPXPARAM_Preprocessing_Aggregator=-1;CPXPARAM_Preprocessing_BoundStrength=-1;CPXPARAM_Preprocessing_CoeffReduce=-1;CPXPARAM_Preprocessing_Dependency=-1;CPXPARAM_Preprocessing_Dual=0;CPXPARAM_Preprocessing_Fill=10;CPXPARAM_Preprocessing_NumPass=-1;CPXPARAM_Preprocessing_Presolve=1;CPXPARAM_Preprocessing_QPMakePSD=1;CPXPARAM_Preprocessing_Reduce=3;CPXPARAM_Preprocessing_Relax=-1;CPXPARAM_Preprocessing_RepeatPresolve=-1;CPXPARAM_Preprocessing_Symmetry=-1;CPXPARAM_Read_Scale=0;CPXPARAM_Sifting_Algorithm=0;CPXPARAM_Simplex_Crash=1;CPXPARAM_Simplex_DGradient=0;CPXPARAM_Simplex_Limits_Perturbation=0;CPXPARAM_Simplex_Limits_Singularity=10;CPXPARAM_Simplex_PGradient=0;CPXPARAM_Simplex_Pricing=0;CPXPARAM_Simplex_Refactor=0
13444790297690532638,0,CPXPARAM_Advance=1;CPXPARAM_Barrier_Algorithm=0;CPXPARAM_Barrier_ColNonzeros=0;CPXPARAM_Barrier_Crossover=0;CPXPARAM_Barrier_Limits_Corrections=-1;CPXPARAM_Barrier_Ordering=0;CPXPARAM_Barrier_StartAlg=1;CPXPARAM_Emphasis_MIP=2;CPXPARAM_Emphasis_Memory=0;CPXPARAM_Emphasis_Numerical=0;CPXPARAM_Feasopt_Mode=0;CPXPARAM_LPMethod=0;CPXPARAM_MIP_Cuts_Cliques=-1;CPXPARAM_MIP_Cuts_Covers=2;CPXPARAM_MIP_Cuts_Disjunctive=1;CPXPARAM_MIP_Cuts_FlowCovers=2;CPXPARAM_MIP_Cuts_GUBCovers=1;CPXPARAM_MIP_Cuts_Gomory=0;CPXPARAM_MIP_Cuts_Implied=-1;CPXPARAM_MIP_Cuts_MIRCut=-1;CPXPARAM_MIP_Cuts_PathCut=-1;CPXPARAM_MIP_Limits_AggForCut=3;CPXPARAM_MIP_Limits_CutPasses=0;CPXPARAM_MIP_Limits_CutsFactor=-1;CPXPARAM_MIP_Limits_GomoryCand=400;CPXPARAM_MIP_Limits_GomoryPass=0;CPXPARAM_MIP_Limits_Nodes=9223372036800000000;CPXPARAM_MIP_Limits_ProbeTime=1e+75;CPXPARAM_MIP_Limits_RepairTries=0;CPXPARAM_MIP_Limits_StrongCand=10;CPXPARAM_MIP_Limits_StrongIt=0;CPXPARAM_MIP_OrderType=0;CPXPARAM_MIP_Strategy_BBInterval=15;CPXPARAM_MIP_Strategy_Branch=0;CPXPARAM_MIP_Strategy_Dive=0;CPXPARAM_MIP_Strategy_File=1;CPXPARAM_MIP_Strategy_HeuristicFreq=0;CPXPARAM_MIP_Strategy_LBHeur=0;CPXPARAM_MIP_Strategy_NodeSelect=1;CPXPARAM_MIP_Strategy_Order=1;CPXPARAM_MIP_Strategy_PresolveNode=0;CPXPARAM_MIP_Strategy_Probe=0;CPXPARAM_MIP_Strategy_RINSHeur=0;CPXPARAM_MIP_Strategy_StartAlgorithm=0;CPXPARAM_MIP_Strategy_SubAlgorithm=0;CPXPARAM_MIP_Strategy_VariableSelect=0;CPXPARAM_Network_NetFind=2;CPXPARAM_Network_Pricing=0;CPXPARAM_Parallel=1;CPXPARAM_Preprocessing_Aggregator=-1;CPXPARAM_Preprocessing_BoundStrength=-1;CPXPARAM_Preprocessing_CoeffReduce=-1;CPXPARAM_Preprocessing_Dependency=-1;CPXPARAM_Preprocessing_Dual=0;CPXPARAM_Preprocessing_Fill=10;CPXPARAM_Preprocessing_NumPass=-1;CPXPARAM_Preprocessing_Presolve=1;CPXPARAM_Preprocessing_QPMakePSD=1;CPXPARAM_Preprocessing_Reduce=3;CPXPARAM_Preprocessing_Relax=-1;CPXPARAM_Preprocessing_RepeatPresolve=-1;CPXPARAM_Preprocessing_Symmetry=-1;CPXPARAM_Read_Scale=0;CPXPARAM_Sifting_Algorithm=0;CPXPARAM_Simplex_Crash=1;CPXPARAM_Simplex_DGradient=0;CPXPARAM_Simplex_Limits_Perturbation=0;CPXPARAM_Simplex_Limits_Singularity=10;CPXPARAM_Simplex_PGradient=0;CPXPARAM_Simplex_Pricing=0;CPXPARAM_Simplex_Refactor=0
7034407033072900263,0,CPXPARAM_Advance=1;CPXPARAM_Barrier_Algorithm=0;CPXPARAM_Barrier_ColNonzeros=0;CPXPARAM_Barrier_Crossover=0;CPXPARAM_Barrier_Limits_Corrections=-1;CPXPARAM_Barrier_Ordering=0;CPXPARAM_Barrier_StartAlg=1;CPXPARAM_Emphasis_MIP=2;CPXPARAM_Emphasis_Memory=0;CPXPARAM_Emphasis_Numerical=0;CPXPARAM_Feasopt_Mode=0;CPXPARAM_LPMethod=0;CPXPARAM_MIP_Cuts_Cliques=-1;CPXPARAM_MIP_Cuts_Covers=2;CPXPARAM_MIP_Cuts_Disjunctive=1;CPXPARAM_MIP_Cuts_FlowCovers=2;CPXPARAM_MIP_Cuts_GUBCovers=1;CPXPARAM_MIP_Cuts_Gomory=0;CPXPARAM_MIP_Cuts_Implied=-1;CPXPARAM_MIP_Cuts_MIRCut=-1;CPXPARAM_MIP_Cuts_PathCut=-1;CPXPARAM_MIP_Limits_AggForCut=3;CPXPARAM_MIP_Limits_CutPasses=0;CPXPARAM_MIP_Limits_CutsFactor=-1;CPXPARAM_MIP_Limits_GomoryCand=400;CPXPARAM_MIP_Limits_GomoryPass=0;CPXPARAM_MIP_Limits_Nodes=9223372036800000000;CPXPARAM_MIP_Limits_ProbeTime=1e+75;CPXPARAM_MIP_Limits_RepairTries=0;CPXPARAM_MIP_Limits_StrongCand=10;CPXPARAM_MIP_Limits_StrongIt=0;CPXPARAM_MIP_OrderType=0;CPXPARAM_MIP_Strategy_BBInterval=3;CPXPARAM_MIP_Strategy_Branch=0;CPXPARAM_MIP_Strategy_Dive=0;CPXPARAM_MIP_Strategy_File=1;CPXPARAM_MIP_Strategy_HeuristicFreq=0;CPXPARAM_MIP_Strategy_LBHeur=0;CPXPARAM_MIP_Strategy_NodeSelect=1;CPXPARAM_MIP_Strategy_Order=1;CPXPARAM_MIP_Strategy_PresolveNode=0;CPXPARAM_MIP_Strategy_Probe=0;CPXPARAM_MIP_Strategy_RINSHeur=0;CPXPARAM_MIP_Strategy_StartAlgorithm=0;CPXPARAM_MIP_Strategy_SubAlgorithm=0;CPXPARAM_MIP_Strategy_VariableSelect=0;CPXPARAM_Network_NetFind=2;CPXPARAM_Network_Pricing=0;CPXPARAM_Parallel=1;CPXPARAM_Preprocessing_Aggregator=-1;CPXPARAM_Preprocessing_BoundStrength=-1;CPXPARAM_Preprocessing_CoeffReduce=-1;CPXPARAM_Preprocessing_Dependency=-1;CPXPARAM_Preprocessing_Dual=0;CPXPARAM_Preprocessing_Fill=10;CPXPARAM_Preprocessing_NumPass=-1;CPXPARAM_Preprocessing_Presolve=1;CPXPARAM_Preprocessing_QPMakePSD=1;CPXPARAM_Preprocessing_Reduce=3;CPXPARAM_Preprocessing_Relax=-1;CPXPARAM_Preprocessing_RepeatPresolve=-1;CPXPARAM_Preprocessing_Symmetry=-1;CPXPARAM_Read_Scale=0;CPXPARAM_Sifting_Algorithm=0;CPXPARAM_Simplex_Crash=1;CPXPARAM_Simplex_DGradient=0;CPXPARAM_Simplex_Limits_Perturbation=0;CPXPARAM_Simplex_Limits_Singularity=10;CPXPARAM_Simplex_PGradient=0;CPXPARAM_Simplex_Pricing=0;CPXPARAM_Simplex_Refactor=0
10175347030945006880,0,CPXPARAM_Advance=1;CPXPARAM_Barrier_Algorithm=0;CPXPARAM_Barrier_ColNonzeros=0;CPXPARAM_Barrier_Crossover=0;CPXPARAM_Barrier_Limits_Corrections=-1;CPXPARAM_Barrier_Ordering=0;CPXPARAM_Barrier_StartAlg=1;CPXPARAM_Emphasis_MIP=2;CPXPARAM_Emphasis_Memory=0;CPXPARAM_Emphasis_Numerical=0;CPXPARAM_Feasopt_Mode=0;CPXPARAM_LPMethod=0;CPXPARAM_MIP_Cuts_Cliques=-1;CPXPARAM_MIP_Cuts_Covers=2;CPXPARAM_MIP_Cuts_Disjunctive=1;CPXPARAM_MIP_Cuts_FlowCovers=2;CPXPARAM_MIP_Cuts_GUBCovers=1;CPXPARAM_MIP_Cuts_Gomory=0;CPXPARAM_MIP_Cuts_Implied=-1;CPXPARAM_MIP_Cuts_MIRCut=-1;CPXPARAM_MIP_Cuts_PathCut=-1;CPXPARAM_MIP_Limits_AggForCut=3;CPXPARAM_MIP_Limits_CutPasses=0;CPXPARAM_MIP_Limits_CutsFactor=-1;CPXPARAM_MIP_Limits_GomoryCand=400;CPXPARAM_MIP_Limits_GomoryPass=0;CPXPARAM_MIP_Limits_Nodes=9223372036800000000;CPXPARAM_MIP_Limits_ProbeTime=1e+75;CPXPARAM_MIP_Limits_RepairTries=0;CPXPARAM_MIP_Limits_StrongCand=10;CPXPARAM_MIP_Limits_StrongIt=0;CPXPARAM_MIP_OrderType=0;CPXPARAM_MIP_Strategy_BBInterval=0;CPXPARAM_MIP_Strategy_Branch=0;CPXPARAM_MIP_Strategy_Dive=0;CPXPARAM_MIP_Strategy_File=1;CPXPARAM_MIP_Strategy_HeuristicFreq=0;CPXPARAM_MIP_Strategy_LBHeur=0;CPXPARAM_MIP_Strategy_NodeSelect=1;CPXPARAM_MIP_Strategy_Order=1;CPXPARAM_MIP_Strategy_PresolveNode=0;CPXPARAM_MIP_Strategy_Probe=0;CPXPARAM_MIP_Strategy_RINSHeur=0;CPXPARAM_MIP_Strategy_StartAlgorithm=0;CPXPARAM_MIP_Strategy_SubAlgorithm=0;CPXPARAM_MIP_Strategy_VariableSelect=0;CPXPARAM_Network_NetFind=2;CPXPARAM_Network_Pricing=0;CPXPARAM_Parallel=1;CPXPARAM_Preprocessing_Aggregator=-1;CPXPARAM_Preprocessing_BoundStrength=-1;CPXPARAM_Preprocessing_CoeffReduce=-1;CPXPARAM_Preprocessing_Dependency=-1;CPXPARAM_Preprocessing_Dual=0;CPXPARAM_Preprocessing_Fill=10;CPXPARAM_Preprocessing_NumPass=-1;CPXPARAM_Preprocessing_Presolve=1;CPXPARAM_Preprocessing_QPMakePSD=1;CPXPARAM_Preprocessing_Reduce=3;CPXPARAM_Preprocessing_Relax=-1;CPXPARAM_Preprocessing_RepeatPresolve=-1;CPXPARAM_Preprocessing_Symmetry=-1;CPXPARAM_Read_Scale=0;CPXPARAM_Sifting_Algorithm=0;CPXPARAM_Simplex_Crash=1;CPXPARAM_Simplex_DGradient=0;CPXPARAM_Simplex_Limits_Perturbation=0;CPXPARAM_Simplex_Limits_Singularity=10;CPXPARAM_Simplex_PGradient=0;CPXPARAM_Simplex_Pricing=0;CPXPARAM_Simplex_Refactor=0
12919729524167243971,0,CPXPARAM_Advance=1;CPXPARAM_Barrier_Algorithm=0;CPXPARAM_Barrier_ColNonzeros=0;CPXPARAM_Barrier_Crossover=0;CPXPARAM_Barrier_Limits_Corrections=-1;CPXPARAM_Barrier_Ordering=0;CPXPARAM_Barrier_StartAlg=1;CPXPARAM_Emphasis_MIP=0;CPXPARAM_Emphasis_Memory=0;CPXPARAM_Emphasis_Numerical=0;CPXPARAM_Feasopt_Mode=0;CPXPARAM_LPMethod=0;CPXPARAM_MIP_Cuts_Cliques=3;CPXPARAM_MIP_Cuts_Covers=3;CPXPARAM_MIP_Cuts_Disjunctive=-1;CPXPARAM_MIP_Cuts_FlowCovers=1;CPXPARAM_MIP_Cuts_GUBCovers=2;CPXPARAM_MIP_Cuts_Gomory=0;CPXPARAM_MIP_Cuts_Implied=-1;CPXPARAM_MIP_Cuts_MIRCut=-1;CPXPARAM_MIP_Cuts_PathCut=0;CPXPARAM_MIP_Limits_AggForCut=2;CPXPARAM_MIP_Limits_CutPasses=0;CPXPARAM_MIP_Limits_CutsFactor=-1;CPXPARAM_MIP_Limits_GomoryCand=200;CPXPARAM_MIP_Limits_GomoryPass=0;CPXPARAM_MIP_Limits_Nodes=9223372036800000000;CPXPARAM_MIP_Limits_ProbeTime=1e+75;CPXPARAM_MIP_Limits_RepairTries=0;CPXPARAM_MIP_Limits_StrongCand=10;CPXPARAM_MIP_Limits_StrongIt=0;CPXPARAM_MIP_OrderType=3;CPXPARAM_MIP_Strategy_BBInterval=7;CPXPARAM_MIP_Strategy_Branch=0;CPXPARAM_MIP_Strategy_Dive=0;CPXPARAM_MIP_Strategy_File=1;CPXPARAM_MIP_Strategy_HeuristicFreq=0;CPXPARAM_MIP_Strategy_LBHeur=0;CPXPARAM_MIP_Strategy_NodeSelect=0;CPXPARAM_MIP_Strategy_Order=1;CPXPARAM_MIP_Strategy_PresolveNode=3;CPXPARAM_MIP_Strategy_Probe=1;CPXPARAM_MIP_Strategy_RINSHeur=0;CPXPARAM_MIP_Strategy_StartAlgorithm=0;CPXPARAM_MIP_Strategy_SubAlgorithm=1;CPXPARAM_MIP_Strategy_VariableSelect=2;CPXPARAM_Network_NetFind=2;CPXPARAM_Network_Pricing=0;CPXPARAM_Parallel=1;CPXPARAM_Preprocessing_Aggregator=-1;CPXPARAM_Preprocessing_BoundStrength=-1;CPXPARAM_Preprocessing_CoeffReduce=-1;CPXPARAM_Preprocessing_Dependency=-1;CPXPARAM_Preprocessing_Dual=0;CPXPARAM_Preprocessing_Fill=5;CPXPARAM_Preprocessing_NumPass=-1;CPXPARAM_Preprocessing_Presolve=1;CPXPARAM_Preprocessing_QPMakePSD=1;CPXPARAM_Preprocessing_Reduce=3;CPXPARAM_Preprocessing_Relax=-1;CPXPARAM_Preprocessing_RepeatPresolve=-1;CPXPARAM_Preprocessing_Symmetry=-1;CPXPARAM_Read_Scale=0;CPXPARAM_Sifting_Algorithm=0;CPXPARAM_Simplex_Crash=1;CPXPARAM_Simplex_DGradient=0;CPXPARAM_Simplex_Limits_Perturbation=0;CPXPARAM_Simplex_Limits_Singularity=10;CPXPARAM_Simplex_PGradient=0;CPXPARAM_Simplex_Pricing=0;CPXPARAM_Simplex_Refactor=0
11064576927880572109,0,CPXPARAM_Advance=1;CPXPARAM_Barrier_Algorithm=0;CPXPARAM_Barrier_ColNonzeros=0;CPXPARAM_Barrier_Crossover=0;CPXPARAM_Barrier_Limits_Corrections=-1;CPXPARAM_Barrier_Ordering=0;CPXPARAM_Barrier_StartAlg=1;CPXPARAM_Emphasis_MIP=5;CPXPARAM_Emphasis_Memory=0;CPXPARAM_Emphasis_Numerical=0;CPXPARAM_Feasopt_Mode=0;CPXPARAM_LPMethod=0;CPXPARAM_MIP_Cuts_Cliques=0;CPXPARAM_MIP_Cuts_Covers=0;CPXPARAM_MIP_Cuts_Disjunctive=0;CPXPARAM_MIP_Cuts_FlowCovers=1;CPXPARAM_MIP_Cuts_GUBCovers=1;CPXPARAM_MIP_Cuts_Gomory=-1;CPXPARAM_MIP_Cuts_Implied=2;CPXPARAM_MIP_Cuts_MIRCut=1;CPXPARAM_MIP_Cuts_PathCut=0;CPXPARAM_MIP_Limits_AggForCut=3;CPXPARAM_MIP_Limits_CutPasses=0;CPXPARAM_MIP_Limits_CutsFactor=-1;CPXPARAM_MIP_Limits_GomoryCand=800;CPXPARAM_MIP_Limits_GomoryPass=0;CPXPARAM_MIP_Limits_Nodes=9223372036800000000;CPXPARAM_MIP_Limits_ProbeTime=1e+75;CPXPARAM_MIP_Limits_RepairTries=0;CPXPARAM_MIP_Limits_StrongCand=10;CPXPARAM_MIP_Limits_StrongIt=0;CPXPARAM_MIP_OrderType=0;CPXPARAM_MIP_Strategy_BBInterval=7;CPXPARAM_MIP_Strategy_Branch=-1;CPXPARAM_MIP_Strategy_Dive=0;CPXPARAM_MIP_Strategy_File=1;CPXPARAM_MIP_Strategy_HeuristicFreq=0;CPXPARAM_MIP_Strategy_LBHeur=0;CPXPARAM_MIP_Strategy_NodeSelect=2;CPXPARAM_MIP_Strategy_Order=1;CPXPARAM_MIP_Strategy_PresolveNode=-1;CPXPARAM_MIP_Strategy_Probe=3;CPXPARAM_MIP_Strategy_RINSHeur=0;CPXPARAM_MIP_Strategy_StartAlgorithm=0;CPXPARAM_MIP_Strategy_SubAlgorithm=3;CPXPARAM_MIP_Strategy_VariableSelect=4;CPXPARAM_Network_NetFind=2;CPXPARAM_Network_Pricing=0;CPXPARAM_Parallel=1;CPXPARAM_Preprocessing_Aggregator=-1;CPXPARAM_Preprocessing_BoundStrength=-1;CPXPARAM_Preprocessing_CoeffReduce=-1;CPXPARAM_Preprocessing_Dependency=-1;CPXPARAM_Preprocessing_Dual=0;CPXPARAM_Preprocessing_Fill=40;CPXPARAM_Preprocessing_NumPass=-1;CPXPARAM_Preprocessing_Presolve=1;CPXPARAM_Preprocessing_QPMakePSD=1;CPXPARAM_Preprocessing_Reduce=3;CPXPARAM_Preprocessing_Relax=-1;CPXPARAM_Preprocessing_RepeatPresolve=-1;CPXPARAM_Preprocessing_Symmetry=-1;CPXPARAM_Read_Scale=0;CPXPARAM_Sifting_Algorithm=0;CPXPARAM_Simplex_Crash=1;CPXPARAM_Simplex_DGradient=0;CPXPARAM_Simplex_Limits_Perturbation=0;CPXPARAM_Simplex_Limits_Singularity=10;CPXPARAM_Simplex_PGradient=0;CPXPARAM_Simplex_Pricing=0;CPXPARAM_Simplex_Refactor=0
13262737390935018270,0,CPXPARAM_Advance=1;CPXPARAM_Barrier_Algorithm=0;CPXPARAM_Barrier_ColNonzeros=0;CPXPARAM_Barrier_Crossover=0;CPXPARAM_Barrier_Limits_Corrections=-1;CPXPARAM_Barrier_Ordering=0;CPXPARAM_Barrier_StartAlg=1;CPXPARAM_Emphasis_MIP=5;CPXPARAM_Emphasis_Memory=0;CPXPARAM_Emphasis_Numerical=0;CPXPARAM_Feasopt_Mode=0;CPXPARAM_LPMethod=0;CPXPARAM_MIP_Cuts_Cliques=0;CPXPARAM_MIP_Cuts_Covers=0;CPXPARAM_MIP_Cuts_Disjunctive=1;CPXPARAM_MIP_Cuts_FlowCovers=1;CPXPARAM_MIP_Cuts_GUBCovers=2;CPXPARAM_MIP_Cuts_Gomory=2;CPXPARAM_MIP_Cuts_Implied=-1;CPXPARAM_MIP_Cuts_MIRCut=1;CPXPARAM_MIP_Cuts_PathCut=-1;CPXPARAM_MIP_Limits_AggForCut=3;CPXPARAM_MIP_Limits_CutPasses=0;CPXPARAM_MIP_Limits_CutsFactor=-1;CPXPARAM_MIP_Limits_GomoryCand=400;CPXPARAM_MIP_Limits_GomoryPass=0;CPXPARAM_MIP_Limits_Nodes=9223372036800000000;CPXPARAM_MIP_Limits_ProbeTime=1e+75;CPXPARAM_MIP_Limits_RepairTries=0;CPXPARAM_MIP_Limits_StrongCand=10;CPXPARAM_MIP_Limits_StrongIt=0;CPXPARAM_MIP_OrderType=0;CPXPARAM_MIP_Strategy_BBInterval=7;CPXPARAM_MIP_Strategy_Branch=0;CPXPARAM_MIP_Strategy_Dive=0;CPXPARAM_MIP_Strategy_File=1;CPXPARAM_MIP_Strategy_HeuristicFreq=0;CPXPARAM_MIP_Strategy_LBHeur=0;CPXPARAM_MIP_Strategy_NodeSelect=1;CPXPARAM_MIP_Strategy_Order=1;CPXPARAM_MIP_Strategy_PresolveNode=0;CPXPARAM_MIP_Strategy_Probe=0;CPXPARAM_MIP_Strategy_RINSHeur=0;CPXPARAM_MIP_Strategy_StartAlgorithm=0;CPXPARAM_MIP_Strategy_SubAlgorithm=0;CPXPARAM_MIP_Strategy_VariableSelect=0;CPXPARAM_Network_NetFind=2;CPXPARAM_Network_Pricing=0;CPXPARAM_Parallel=1;CPXPARAM_Preprocessing_Aggregator=-1;CPXPARAM_Preprocessing_BoundStrength=-1;CPXPARAM_Preprocessing_CoeffReduce=-1;CPXPARAM_Preprocessing_Dependency=-1;CPXPARAM_Preprocessing_Dual=0;CPXPARAM_Preprocessing_Fill=10;CPXPARAM_Preprocessing_NumPass=-1;CPXPARAM_Preprocessing_Presolve=1;CPXPARAM_Preprocessing_QPMakePSD=1;CPXPARAM_Preprocessing_Reduce=3;CPXPARAM_Preprocessing_Relax=-1;CPXPARAM_Preprocessing_RepeatPresolve=-1;CPXPARAM_Preprocessing_Symmetry=-1;CPXPARAM_Read_Scale=0;CPXPARAM_Sifting_Algorithm=0;CPXPARAM_Simplex_Crash=1;CPXPARAM_Simplex_DGradient=0;CPXPARAM_Simplex_Limits_Perturbation=0;CPXPARAM_Simplex_Limits_Singularity=10;CPXPARAM_Simplex_PGradient=0;CPXPARAM_Simplex_Pricing=0;CPXPARAM_Simplex_Refactor=0
6261591165939157920,0,CPXPARAM_Advance=1;CPXPARAM_Barrier_Algorithm=0;CPXPARAM_Barrier_ColNonzeros=0;CPXPARAM_Barrier_Crossover=0;CPXPARAM_Barrier_Limits_Corrections=-1;CPXPARAM_Barrier_Ordering=0;CPXPARAM_Barrier_StartAlg=1;CPXPARAM_Emphasis_MIP=0;CPXPARAM_Emphasis_Memory=0;CPXPARAM_Emphasis_Numerical=0;CPXPARAM_Feasopt_Mode=0;CPXPARAM_LPMethod=0;CPXPARAM_MIP_Cuts_Cliques=3;CPXPARAM_MIP_Cuts_Covers=-1;CPXPARAM_MIP_Cuts_Disjunctive=-1;CPXPARAM_MIP_Cuts_FlowCovers=-1;CPXPARAM_MIP_Cuts_GUBCovers=-1;CPXPARAM_MIP_Cuts_Gomory=0;CPXPARAM_MIP_Cuts_Implied=2;CPXPARAM_MIP_Cuts_MIRCut=-1;CPXPARAM_MIP_Cuts_PathCut=-1;CPXPARAM_MIP_Limits_AggForCut=2;CPXPARAM_MIP_Limits_CutPasses=0;CPXPARAM_MIP_Limits_CutsFactor=-1;CPXPARAM_MIP_Limits_GomoryCand=50;CPXPARAM_MIP_Limits_GomoryPass=0;CPXPARAM_MIP_Limits_Nodes=9223372036800000000;CPXPARAM_MIP_Limits_ProbeTime=1e+75;CPXPARAM_MIP_Limits_RepairTries=0;CPXPARAM_MIP_Limits_StrongCand=10;CPXPARAM_MIP_Limits_StrongIt=0;CPXPARAM_MIP_OrderType=0;CPXPARAM_MIP_Strategy_BBInterval=7;CPXPARAM_MIP_Strategy_Branch=0;CPXPARAM_MIP_Strategy_Dive=0;CPXPARAM_MIP_Strategy_File=1;CPXPARAM_MIP_Strategy_HeuristicFreq=0;CPXPARAM_MIP_Strategy_LBHeur=0;CPXPARAM_MIP_Strategy_NodeSelect=0;CPXPARAM_MIP_Strategy_Order=1;CPXPARAM_MIP_Strategy_PresolveNode=3;CPXPARAM_MIP_Strategy_Probe=0;CPXPARAM_MIP_Strategy_RINSHeur=0;CPXPARAM_MIP_Strategy_StartAlgorithm=0;CPXPARAM_MIP_Strategy_SubAlgorithm=0;CPXPARAM_MIP_Strategy_VariableSelect=2;CPXPARAM_Network_NetFind=2;CPXPARAM_Network_Pricing=0;CPXPARAM_Parallel=1;CPXPARAM_Preprocessing_Aggregator=-1;CPXPARAM_Preprocessing_BoundStrength=-1;CPXPARAM_Preprocessing_CoeffReduce=-1;CPXPARAM_Preprocessing_Dependency=-1;CPXPARAM_Preprocessing_Dual=0;CPXPARAM_Preprocessing_Fill=20;CPXPARAM_Preprocessing_NumPass=-1;CPXPARAM_Preprocessing_Presolve=1;CPXPARAM_Preprocessing_QPMakePSD=1;CPXPARAM_Preprocessing_Reduce=3;CPXPARAM_Preprocessing_Relax=-1;CPXPARAM_Preprocessing_RepeatPresolve=-1;CPXPARAM_Preprocessing_Symmetry=-1;CPXPARAM_Read_Scale=0;CPXPARAM_Sifting_Algorithm=0;CPXPARAM_Simplex_Crash=1;CPXPARAM_Simplex_DGradient=0;CPXPARAM_Simplex_Limits_Perturbation=0;CPXPARAM_Simplex_Limits_Singularity=10;CPXPARAM_Simplex_PGradient=0;CPXPARAM_Simplex_Pricing=0;CPXPARAM_Simplex_Refactor=0
11062562505206817545,0,CPXPARAM_Advance=1;CPXPARAM_Barrier_Algorithm=0;CPXPARAM_Barrier_ColNonzeros=0;CPXPARAM_Barrier_Crossover=0;CPXPARAM_Barrier_Limits_Corrections=-1;CPXPARAM_Barrier_Ordering=0;CPXPARAM_Barrier_StartAlg=1;CPXPARAM_Emphasis_MIP=2;CPXPARAM_Emphasis_Memory=0;CPXPARAM_Emphasis_Numerical=0;CPXPARAM_Feasopt_Mode=0;CPXPARAM_LPMethod=0;CPXPARAM_MIP_Cuts_Cliques=-1;CPXPARAM_MIP_Cuts_Covers=2;CPXPARAM_MIP_Cuts_Disjunctive=1;CPXPARAM_MIP_Cuts_FlowCovers=2;CPXPARAM_MIP_Cuts_GUBCovers=1;CPXPARAM_MIP_Cuts_Gomory=0;CPXPARAM_MIP_Cuts_Implied=-1;CPXPARAM_MIP_Cuts_MIRCut=-1;CPXPARAM_MIP_Cuts_PathCut=-1;CPXPARAM_MIP_Limits_AggForCut=3;CPXPARAM_MIP_Limits_CutPasses=0;CPXPARAM_MIP_Limits_CutsFactor=-1;CPXPARAM_MIP_Limits_GomoryCand=400;CPXPARAM_MIP_Limits_GomoryPass=0;CPXPARAM_MIP_Limits_Nodes=9223372036800000000;CPXPARAM_MIP_Limits_ProbeTime=1e+75;CPXPARAM_MIP_Limits_RepairTries=0;CPXPARAM_MIP_Limits_StrongCand=10;CPXPARAM_MIP_Limits_StrongIt=0;CPXPARAM_MIP_OrderType=0;CPXPARAM_MIP_Strategy_BBInterval=7;CPXPARAM_MIP_Strategy_Branch=0;CPXPARAM_MIP_Strategy_Dive=0;CPXPARAM_MIP_Strategy_File=1;CPXPARAM_MIP_Strategy_HeuristicFreq=0;CPXPARAM_MIP_Strategy_LBHeur=0;CPXPARAM_MIP_Strategy_NodeSelect=1;CPXPARAM_MIP_Strategy_Order=1;CPXPARAM_MIP_Strategy_PresolveNode=0;CPXPARAM_MIP_Strategy_Probe=0;CPXPARAM_MIP_Strategy_RINSHeur=-1;CPXPARAM_MIP_Strategy_StartAlgorithm=0;CPXPARAM_MIP_Strategy_SubAlgorithm=0;CPXPARAM_MIP_Strategy_VariableSelect=0;CPXPARAM_Network_NetFind=2;CPXPARAM_Network_Pricing=0;CPXPARAM_Parallel=1;CPXPARAM_Preprocessing_Aggregator=-1;CPXPARAM_Preprocessing_BoundStrength=-1;CPXPARAM_Preprocessing_CoeffReduce=-1;CPXPARAM_Preprocessing_Dependency=-1;CPXPARAM_Preprocessing_Dual=0;CPXPARAM_Preprocessing_Fill=10;CPXPARAM_Preprocessing_NumPass=-1;CPXPARAM_Preprocessing_Presolve=1;CPXPARAM_Preprocessing_QPMakePSD=1;CPXPARAM_Preprocessing_Reduce=3;CPXPARAM_Preprocessing_Relax=-1;CPXPARAM_Preprocessing_RepeatPresolve=-1;CPXPARAM_Preprocessing_Symmetry=-1;CPXPARAM_Read_Scale=0;CPXPARAM_Sifting_Algorithm=0;CPXPARAM_Simplex_Crash=1;CPXPARAM_Simplex_DGradient=0;CPXPARAM_Simplex_Limits_Perturbation=0;CPXPARAM_Simplex_Limits_Singularity=10;CPXPARAM_Simplex_PGradient=0;CPXPARAM_Simplex_Pricing=0;CPXPARAM_Simplex_Refactor=0
15369814394574631313,0,CPXPARAM_Advance=1;CPXPARAM_Barrier_Algorithm=0;CPXPARAM_Barrier_ColNonzeros=0;CPXPARAM_Barrier_Crossover=0;CPXPARAM_Barrier_Limits_Corrections=-1;CPXPARAM_Barrier_Ordering=0;CPXPARAM_Barrier_StartAlg=1;CPXPARAM_Emphasis_MIP=3;CPXPARAM_Emphasis_Memory=0;CPXPARAM_Emphasis_Numerical=0;CPXPARAM_Feasopt_Mode=0;CPXPARAM_LPMethod=0;CPXPARAM_MIP_Cuts_Cliques=2;CPXPARAM_MIP_Cuts_Covers=3;CPXPARAM_MIP_Cuts_Disjunctive=-1;CPXPARAM_MIP_Cuts_FlowCovers=-1;CPXPARAM_MIP_Cuts_GUBCovers=0;CPXPARAM_MIP_Cuts_Gomory=1;CPXPARAM_MIP_Cuts_Implied=2;CPXPARAM_MIP_Cuts_MIRCut=2;CPXPARAM_MIP_Cuts_PathCut=1;CPXPARAM_MIP_Limits_AggForCut=10;CPXPARAM_MIP_Limits_CutPasses=0;CPXPARAM_MIP_Limits_CutsFactor=-1;CPXPARAM_MIP_Limits_GomoryCand=400;CPXPARAM_MIP_Limits_GomoryPass=0;CPXPARAM_MIP_Limits_Nodes=9223372036800000000;CPXPARAM_MIP_Limits_ProbeTime=1e+75;CPXPARAM_MIP_Limits_RepairTries=0;CPXPARAM_MIP_Limits_StrongCand=10;CPXPARAM_MIP_Limits_StrongIt=0;CPXPARAM_MIP_OrderType=0;CPXPARAM_MIP_Strategy_BBInterval=7;CPXPARAM_MIP_Strategy_Branch=-1;CPXPARAM_MIP_Strategy_Dive=0;CPXPARAM_MIP_Strategy_File=1;CPXPARAM_MIP_Strategy_HeuristicFreq=0;CPXPARAM_MIP_Strategy_LBHeur=0;CPXPARAM_MIP_Strategy_NodeSelect=2;CPXPARAM_MIP_Strategy_Order=1;CPXPARAM_MIP_Strategy_PresolveNode=-1;CPXPARAM_MIP_Strategy_Probe=1;CPXPARAM_MIP_Strategy_RINSHeur=0;CPXPARAM_MIP_Strategy_StartAlgorithm=0;CPXPARAM_MIP_Strategy_SubAlgorithm=1;CPXPARAM_MIP_Strategy_VariableSelect=1;CPXPARAM_Network_NetFind=2;CPXPARAM_Network_Pricing=0;CPXPARAM_Parallel=1;CPXPARAM_Preprocessing_Aggregator=-1;CPXPARAM_Preprocessing_BoundStrength=-1;CPXPARAM_Preprocessing_CoeffReduce=-1;CPXPARAM_Preprocessing_Dependency=-1;CPXPARAM_Preprocessing_Dual=0;CPXPARAM_Preprocessing_Fill=5;CPXPARAM_Preprocessing_NumPass=-1;CPXPARAM_Preprocessing_Presolve=1;CPXPARAM_Preprocessing_QPMakePSD=1;CPXPARAM_Preprocessing_Reduce=3;CPXPARAM_Preprocessing_Relax=-1;CPXPARAM_Preprocessing_RepeatPresolve=-1;CPXPARAM_Preprocessing_Symmetry=-1;CPXPARAM_Read_Scale=0;CPXPARAM_Sifting_Algorithm=0;CPXPARAM_Simplex_Crash=1;CPXPARAM_Simplex_DGradient=0;CPXPARAM_Simplex_Limits_Perturbation=0;CPXPARAM_Simplex_Limits_Singularity=10;CPXPARAM_Simplex_PGradient=0;CPXPARAM_Simplex_Pricing=0;CPXPARAM_Simplex_Refactor=0
2979786619323234739,0,CPXPARAM_Advance=1;CPXPARAM_Barrier_Algorithm=0;CPXPARAM_Barrier_ColNonzeros=0;CPXPARAM_Barrier_Crossover=0;CPXPARAM_Barrier_Limits_Corrections=-1;CPXPARAM_Barrier_Ordering=0;CPXPARAM_Barrier_StartAlg=1;CPXPARAM_Emphasis_MIP=0;CPXPARAM_Emphasis_Memory=0;CPXPARAM_Emphasis_Numerical=0;CPXPARAM_Feasopt_Mode=0;CPXPARAM_LPMethod=0;CPXPARAM_MIP_Cuts_Cliques=2;CPXPARAM_MIP_Cuts_Covers=1;CPXPARAM_MIP_Cuts_Disjunctive=-1;CPXPARAM_MIP_Cuts_FlowCovers=0;CPXPARAM_MIP_Cuts_GUBCovers=1;CPXPARAM_MIP_Cuts_Gomory=0;CPXPARAM_MIP_Cuts_Implied=1;CPXPARAM_MIP_Cuts_MIRCut=-1;CPXPARAM_MIP_Cuts_PathCut=1;CPXPARAM_MIP_Limits_AggForCut=3;CPXPARAM_MIP_Limits_CutPasses=0;CPXPARAM_MIP_Limits_CutsFactor=-1;CPXPARAM_MIP_Limits_GomoryCand=200;CPXPARAM_MIP_Limits_GomoryPass=0;CPXPARAM_MIP_Limits_Nodes=9223372036800000000;CPXPARAM_MIP_Limits_ProbeTime=1e+75;CPXPARAM_MIP_Limits_RepairTries=0;CPXPARAM_MIP_Limits_StrongCand=10;CPXPARAM_MIP_Limits_StrongIt=0;CPXPARAM_MIP_OrderType=0;CPXPARAM_MIP_Strategy_BBInterval=7;CPXPARAM_MIP_Strategy_Branch=-1;CPXPARAM_MIP_Strategy_Dive=0;CPXPARAM_MIP_Strategy_File=1;CPXPARAM_MIP_Strategy_HeuristicFreq=0;CPXPARAM_MIP_Strategy_LBHeur=0;CPXPARAM_MIP_Strategy_NodeSelect=3;CPXPARAM_MIP_Strategy_Order=1;CPXPARAM_MIP_Strategy_PresolveNode=2;CPXPARAM_MIP_Strategy_Probe=0;CPXPARAM_MIP_Strategy_RINSHeur=0;CPXPARAM_MIP_Strategy_StartAlgorithm=0;CPXPARAM_MIP_Strategy_SubAlgorithm=0;CPXPARAM_MIP_Strategy_VariableSelect=1;CPXPARAM_Network_NetFind=2;CPXPARAM_Network_Pricing=0;CPXPARAM_Parallel=1;CPXPARAM_Preprocessing_Aggregator=-1;CPXPARAM_Preprocessing_BoundStrength=-1;CPXPARAM_Preprocessing_CoeffReduce=-1;CPXPARAM_Preprocessing_Dependency=-1;CPXPARAM_Preprocessing_Dual=0;CPXPARAM_Preprocessing_Fill=10;CPXPARAM_Preprocessing_NumPass=-1;CPXPARAM_Preprocessing_Presolve=1;CPXPARAM_Preprocessing_QPMakePSD=1;CPXPARAM_Preprocessing_Reduce=3;CPXPARAM_Preprocessing_Relax=-1;CPXPARAM_Preprocessing_RepeatPresolve=-1;CPXPARAM_Preprocessing_Symmetry=-1;CPXPARAM_Read_Scale=0;CPXPARAM_Sifting_Algorithm=0;CPXPARAM_Simplex_Crash=1;CPXPARAM_Simplex_DGradient=0;CPXPARAM_Simplex_Limits_Perturbation=0;CPXPARAM_Simplex_Limits_Singularity=10;CPXPARAM_Simplex_PGradient=0;CPXPARAM_Simplex_Pricing=0;CPXPARAM_Simplex_Refactor=0
3672119242831010066,0,CPXPARAM_Advance=1;CPXPARAM_Barrier_Algorithm=0;CPXPARAM_Barrier_ColNonzeros=0;CPXPARAM_Barrier_Crossover=0;CPXPARAM_Barrier_Limits_Corrections=-1;CPXPARAM_Barrier_Ordering=0;CPXPARAM_Barrier_StartAlg=1;CPXPARAM_Emphasis_MIP=4;CPXPARAM_Emphasis_Memory=0;CPXPARAM_Emphasis_Numerical=0;CPXPARAM_Feasopt_Mode=0;CPXPARAM_LPMethod=0;CPXPARAM_MIP_Cuts_Cliques=3;CPXPARAM_MIP_Cuts_Covers=2;CPXPARAM_MIP_Cuts_Disjunctive=-1;CPXPARAM_MIP_Cuts_FlowCovers=0;CPXPARAM_MIP_Cuts_GUBCovers=1;CPXPARAM_MIP_Cuts_Gomory=-1;CPXPARAM_MIP_Cuts_Implied=0;CPXPARAM_MIP_Cuts_MIRCut=0;CPXPARAM_MIP_Cuts_PathCut=-1;CPXPARAM_MIP_Limits_AggForCut=5;CPXPARAM_MIP_Limits_CutPasses=0;CPXPARAM_MIP_Limits_CutsFactor=-1;CPXPARAM_MIP_Limits_GomoryCand=800;CPXPARAM_MIP_Limits_GomoryPass=0;CPXPARAM_MIP_Limits_Nodes=9223372036800000000;CPXPARAM_MIP_Limits_ProbeTime=1e+75;CPXPARAM_MIP_Limits_RepairTries=0;CPXPARAM_MIP_Limits_StrongCand=10;CPXPARAM_MIP_Limits_StrongIt=0;CPXPARAM_MIP_OrderType=1;CPXPARAM_MIP_Strategy_BBInterval=7;CPXPARAM_MIP_Strategy_Branch=-1;CPXPARAM_MIP_Strategy_Dive=0;CPXPARAM_MIP_Strategy_File=1;CPXPARAM_MIP_Strategy_HeuristicFreq=0;CPXPARAM_MIP_Strategy_LBHeur=0;CPXPARAM_MIP_Strategy_NodeSelect=2;CPXPARAM_MIP_Strategy_Order=1;CPXPARAM_MIP_Strategy_PresolveNode=0;CPXPARAM_MIP_Strategy_Probe=-1;CPXPARAM_MIP_Strategy_RINSHeur=0;CPXPARAM_MIP_Strategy_StartAlgorithm=0;CPXPARAM_MIP_Strategy_SubAlgorithm=0;CPXPARAM_MIP_Strategy_VariableSelect=1;CPXPARAM_Network_NetFind=2;CPXPARAM_Network_Pricing=0;CPXPARAM_Parallel=1;CPXPARAM_Preprocessing_Aggregator=-1;CPXPARAM_Preprocessing_BoundStrength=-1;CPXPARAM_Preprocessing_CoeffReduce=-1;CPXPARAM_Preprocessing_Dependency=-1;CPXPARAM_Preprocessing_Dual=0;CPXPARAM_Preprocessing_Fill=40;CPXPARAM_Preprocessing_NumPass=-1;CPXPARAM_Preprocessing_Presolve=1;CPXPARAM_Preprocessing_QPMakePSD=1;CPXPARAM_Preprocessing_Reduce=0;CPXPARAM_Preprocessing_Relax=-1;CPXPARAM_Preprocessing_RepeatPresolve=-1;CPXPARAM_Preprocessing_Symmetry=-1;CPXPARAM_Read_Scale=0;CPXPARAM_Sifting_Algorithm=0;CPXPARAM_Simplex_Crash=1;CPXPARAM_Simplex_DGradient=0;CPXPARAM_Simplex_Limits_Perturbation=0;CPXPARAM_Simplex_Limits_Singularity=10;CPXPARAM_Simplex_PGradient=0;CPXPARAM_Simplex_Pricing=0;CPXPARAM_Simplex_Refactor=0
5620831870259627562,0,CPXPARAM_Advance=1;CPXPARAM_Barrier_Algorithm=0;CPXPARAM_Barrier_ColNonzeros=0;CPXPARAM_Barrier_Crossover=0;CPXPARAM_Barrier_Limits_Corrections=-1;CPXPARAM_Barrier_Ordering=0;CPXPARAM_Barrier_StartAlg=1;CPXPARAM_Emphasis_MIP=2;CPXPARAM_Emphasis_Memory=0;CPXPARAM_Emphasis_Numerical=0;CPXPARAM_Feasopt_Mode=0;CPXPARAM_LPMethod=0;CPXPARAM_MIP_Cuts_Cliques=-1;CPXPARAM_MIP_Cuts_Covers=0;CPXPARAM_MIP_Cuts_Disjunctive=1;CPXPARAM_MIP_Cuts_FlowCovers=2;CPXPARAM_MIP_Cuts_GUBCovers=1;CPXPARAM_MIP_Cuts_Gomory=0;CPXPARAM_MIP_Cuts_Implied=1;CPXPARAM_MIP_Cuts_MIRCut=-1;CPXPARAM_MIP_Cuts_PathCut=-1;CPXPARAM_MIP_Limits_AggForCut=3;CPXPARAM_MIP_Limits_CutPasses=0;CPXPARAM_MIP_Limits_CutsFactor=-1;CPXPARAM_MIP_Limits_GomoryCand=400;CPXPARAM_MIP_Limits_GomoryPass=0;CPXPARAM_MIP_Limits_Nodes=9223372036800000000;CPXPARAM_MIP_Limits_ProbeTime=1e+75;CPXPARAM_MIP_Limits_RepairTries=0;CPXPARAM_MIP_Limits_StrongCand=10;CPXPARAM_MIP_Limits_StrongIt=0;CPXPARAM_MIP_OrderType=0;CPXPARAM_MIP_Strategy_BBInterval=7;CPXPARAM_MIP_Strategy_Branch=0;CPXPARAM_MIP_Strategy_Dive=0;CPXPARAM_MIP_Strategy_File=1;CPXPARAM_MIP_Strategy_HeuristicFreq=0;CPXPARAM_MIP_Strategy_LBHeur=0;CPXPARAM_MIP_Strategy_NodeSelect=1;CPXPARAM_MIP_Strategy_Order=1;CPXPARAM_MIP_Strategy_PresolveNode=0;CPXPARAM_MIP_Strategy_Probe=0;CPXPARAM_MIP_Strategy_RINSHeur=0;CPXPARAM_MIP_Strategy_StartAlgorithm=0;CPXPARAM_MIP_Strategy_SubAlgorithm=0;CPXPARAM_MIP_Strategy_VariableSelect=0;CPXPARAM_Network_NetFind=2;CPXPARAM_Network_Pricing=0;CPXPARAM_Parallel=1;CPXPARAM_Preprocessing_Aggregator=-1;CPXPARAM_Preprocessing_BoundStrength=-1;CPXPARAM_Preprocessing_CoeffReduce=-1;CPXPARAM_Preprocessing_Dependency=-1;CPXPARAM_Preprocessing_Dual=0;CPXPARAM_Preprocessing_Fill=10;CPXPARAM_Preprocessing_NumPass=-1;CPXPARAM_Preprocessing_Presolve=1;CPXPARAM_Preprocessing_QPMakePSD=1;CPXPARAM_Preprocessing_Reduce=3;CPXPARAM_Preprocessing_Relax=-1;CPXPARAM_Preprocessing_RepeatPresolve=-1;CPXPARAM_Preprocessing_Symmetry=-1;CPXPARAM_Read_Scale=0;CPXPARAM_Sifting_Algorithm=0;CPXPARAM_Simplex_Crash=1;CPXPARAM_Simplex_DGradient=0;CPXPARAM_Simplex_Limits_Perturbation=0;CPXPARAM_Simplex_Limits_Singularity=10;CPXPARAM_Simplex_PGradient=0;CPXPARAM_Simplex_Pricing=0;CPXPARAM_Simplex_Refactor=0
9242638452053792986,0,CPXPARAM_Advance=1;CPXPARAM_Barrier_Algorithm=0;CPXPARAM_Barrier_ColNonzeros=0;CPXPARAM_Barrier_Crossover=0;CPXPARAM_Barrier_Limits_Corrections=-1;CPXPARAM_Barrier_Ordering=0;CPXPARAM_Barrier_StartAlg=1;CPXPARAM_Emphasis_MIP=2;CPXPARAM_Emphasis_Memory=0;CPXPARAM_Emphasis_Numerical=0;CPXPARAM_Feasopt_Mode=0;CPXPARAM_LPMethod=0;CPXPARAM_MIP_Cuts_Cliques=-1;CPXPARAM_MIP_Cuts_Covers=0;CPXPARAM_MIP_Cuts_Disjunctive=1;CPXPARAM_MIP_Cuts_FlowCovers=2;CPXPARAM_MIP_Cuts_GUBCovers=1;CPXPARAM_MIP_Cuts_Gomory=0;CPXPARAM_MIP_Cuts_Implied=-1;CPXPARAM_MIP_Cuts_MIRCut=-1;CPXPARAM_MIP_Cuts_PathCut=-1;CPXPARAM_MIP_Limits_AggForCut=3;CPXPARAM_MIP_Limits_CutPasses=0;CPXPARAM_MIP_Limits_CutsFactor=-1;CPXPARAM_MIP_Limits_GomoryCand=400;CPXPARAM_MIP_Limits_GomoryPass=0;CPXPARAM_MIP_Limits_Nodes=9223372036800000000;CPXPARAM_MIP_Limits_ProbeTime=1e+75;CPXPARAM_MIP_Limits_RepairTries=0;CPXPARAM_MIP_Limits_StrongCand=10;CPXPARAM_MIP_Limits_StrongIt=0;CPXPARAM_MIP_OrderType=0;CPXPARAM_MIP_Strategy_BBInterval=7;CPXPARAM_MIP_Strategy_Branch=0;CPXPARAM_MIP_Strategy_Dive=0;CPXPARAM_MIP_Strategy_File=1;CPXPARAM_MIP_Strategy_HeuristicFreq=0;CPXPARAM_MIP_Strategy_LBHeur=0;CPXPARAM_MIP_Strategy_NodeSelect=1;CPXPARAM_MIP_Strategy_Order=1;CPXPARAM_MIP_Strategy_PresolveNode=0;CPXPARAM_MIP_Strategy_Probe=3;CPXPARAM_MIP_Strategy_RINSHeur=0;CPXPARAM_MIP_Strategy_StartAlgorithm=0;CPXPARAM_MIP_Strategy_SubAlgorithm=0;CPXPARAM_MIP_Strategy_VariableSelect=0;CPXPARAM_Network_NetFind=2;CPXPARAM_Network_Pricing=0;CPXPARAM_Parallel=1;CPXPARAM_Preprocessing_Aggregator=-1;CPXPARAM_Preprocessing_BoundStrength=-1;CPXPARAM_Preprocessing_CoeffReduce=-1;CPXPARAM_Preprocessing_Dependency=-1;CPXPARAM_Preprocessing_Dual=0;CPXPARAM_Preprocessing_Fill=10;CPXPARAM_Preprocessing_NumPass=-1;CPXPARAM_Preprocessing_Presolve=1;CPXPARAM_Preprocessing_QPMakePSD=1;CPXPARAM_Preprocessing_Reduce=3;CPXPARAM_Preprocessing_Relax=-1;CPXPARAM_Preprocessing_RepeatPresolve=-1;CPXPARAM_Preprocessing_Symmetry=-1;CPXPARAM_Read_Scale=0;CPXPARAM_Sifting_Algorithm=0;CPXPARAM_Simplex_Crash=1;CPXPARAM_Simplex_DGradient=0;CPXPARAM_Simplex_Limits_Perturbation=0;CPXPARAM_Simplex_Limits_Singularity=10;CPXPARAM_Simplex_PGradient=0;CPXPARAM_Simplex_Pricing=0;CPXPARAM_Simplex_Refactor=0
12396218151131135542,0,CPXPARAM_Advance=1;CPXPARAM_Barrier_Algorithm=0;CPXPARAM_Barrier_ColNonzeros=0;CPXPARAM_Barrier_Crossover=0;CPXPARAM_Barrier_Limits_Corrections=-1;CPXPARAM_Barrier_Ordering=0;CPXPARAM_Barrier_StartAlg=1;CPXPARAM_Emphasis_MIP=4;CPXPARAM_Emphasis_Memory=0;CPXPARAM_Emphasis_Numerical=0;CPXPARAM_Feasopt_Mode=0;CPXPARAM_LPMethod=0;CPXPARAM_MIP_Cuts_Cliques=0;CPXPARAM_MIP_Cuts_Covers=0;CPXPARAM_MIP_Cuts_Disjunctive=0;CPXPARAM_MIP_Cuts_FlowCovers=0;CPXPARAM_MIP_Cuts_GUBCovers=2;CPXPARAM_MIP_Cuts_Gomory=0;CPXPARAM_MIP_Cuts_Implied=0;CPXPARAM_MIP_Cuts_MIRCut=-1;CPXPARAM_MIP_Cuts_PathCut=1;CPXPARAM_MIP_Limits_AggForCut=3;CPXPARAM_MIP_Limits_CutPasses=0;CPXPARAM_MIP_Limits_CutsFactor=-1;CPXPARAM_MIP_Limits_GomoryCand=150;CPXPARAM_MIP_Limits_GomoryPass=0;CPXPARAM_MIP_Limits_Nodes=9223372036800000000;CPXPARAM_MIP_Limits_ProbeTime=1e+75;CPXPARAM_MIP_Limits_RepairTries=0;CPXPARAM_MIP_Limits_StrongCand=10;CPXPARAM_MIP_Limits_StrongIt=0;CPXPARAM_MIP_OrderType=0;CPXPARAM_MIP_Strategy_BBInterval=7;CPXPARAM_MIP_Strategy_Branch=0;CPXPARAM_MIP_Strategy_Dive=0;CPXPARAM_MIP_Strategy_File=1;CPXPARAM_MIP_Strategy_HeuristicFreq=0;CPXPARAM_MIP_Strategy_LBHeur=0;CPXPARAM_MIP_Strategy_NodeSelect=1;CPXPARAM_MIP_Strategy_Order=1;CPXPARAM_MIP_Strategy_PresolveNode=0;CPXPARAM_MIP_Strategy_Probe=0;CPXPARAM_MIP_Strategy_RINSHeur=0;CPXPARAM_MIP_Strategy_StartAlgorithm=0;CPXPARAM_MIP_Strategy_SubAlgorithm=0;CPXPARAM_MIP_Strategy_VariableSelect=0;CPXPARAM_Network_NetFind=2;CPXPARAM_Network_Pricing=0;CPXPARAM_Parallel=1;CPXPARAM_Preprocessing_Aggregator=-1;CPXPARAM_Preprocessing_BoundStrength=-1;CPXPARAM_Preprocessing_CoeffReduce=-1;CPXPARAM_Preprocessing_Dependency=-1;CPXPARAM_Preprocessing_Dual=0;CPXPARAM_Preprocessing_Fill=10;CPXPARAM_Preprocessing_NumPass=-1;CPXPARAM_Preprocessing_Presolve=1;CPXPARAM_Preprocessing_QPMakePSD=1;CPXPARAM_Preprocessing_Reduce=3;CPXPARAM_Preprocessing_Relax=-1;CPXPARAM_Preprocessing_RepeatPresolve=-1;CPXPARAM_Preprocessing_Symmetry=-1;CPXPARAM_Read_Scale=0;CPXPARAM_Sifting_Algorithm=0;CPXPARAM_Simplex_Crash=1;CPXPARAM_Simplex_DGradient=0;CPXPARAM_Simplex_Limits_Perturbation=0;CPXPARAM_Simplex_Limits_Singularity=10;CPXPARAM_Simplex_PGradient=0;CPXPARAM_Simplex_Pricing=0;CPXPARAM_Simplex_Refactor=0
9753016754295460764,0,CPXPARAM_Advance=1;CPXPARAM_Barrier_Algorithm=0;CPXPARAM_Barrier_ColNonzeros=0;CPXPARAM_Barrier_Crossover=0;CPXPARAM_Barrier_Limits_Corrections=-1;CPXPARAM_Barrier_Ordering=0;CPXPARAM_Barrier_StartAlg=1;CPXPARAM_Emphasis_MIP=5;CPXPARAM_Emphasis_Memory=0;CPXPARAM_Emphasis_Numerical=0;CPXPARAM_Feasopt_Mode=0;CPXPARAM_LPMethod=0;CPXPARAM_MIP_Cuts_Cliques=1;CPXPARAM_MIP_Cuts_Covers=0;CPXPARAM_MIP_Cuts_Disjunctive=1;CPXPARAM_MIP_Cuts_FlowCovers=1;CPXPARAM_MIP_Cuts_GUBCovers=-1;CPXPARAM_MIP_Cuts_Gomory=0;CPXPARAM_MIP_Cuts_Implied=-1;CPXPARAM_MIP_Cuts_MIRCut=2;CPXPARAM_MIP_Cuts_PathCut=0;CPXPARAM_MIP_Limits_AggForCut=3;CPXPARAM_MIP_Limits_CutPasses=0;CPXPARAM_MIP_Limits_CutsFactor=-1;CPXPARAM_MIP_Limits_GomoryCand=50;CPXPARAM_MIP_Limits_GomoryPass=0;CPXPARAM_MIP_Limits_Nodes=9223372036800000000;CPXPARAM_MIP_Limits_ProbeTime=1e+75;CPXPARAM_MIP_Limits_RepairTries=0;CPXPARAM_MIP_Limits_StrongCand=10;CPXPARAM_MIP_Limits_StrongIt=0;CPXPARAM_MIP_OrderType=0;CPXPARAM_MIP_Strategy_BBInterval=7;CPXPARAM_MIP_Strategy_Branch=0;CPXPARAM_MIP_Strategy_Dive=0;CPXPARAM_MIP_Strategy_File=1;CPXPARAM_MIP_Strategy_HeuristicFreq=0;CPXPARAM_MIP_Strategy_LBHeur=0;CPXPARAM_MIP_Strategy_NodeSelect=1;CPXPARAM_MIP_Strategy_Order=1;CPXPARAM_MIP_Strategy_PresolveNode=0;CPXPARAM_MIP_Strategy_Probe=2;CPXPARAM_MIP_Strategy_RINSHeur=0;CPXPARAM_MIP_Strategy_StartAlgorithm=0;CPXPARAM_MIP_Strategy_SubAlgorithm=0;CPXPARAM_MIP_Strategy_VariableSelect=0;CPXPARAM_Network_NetFind=2;CPXPARAM_Network_Pricing=0;CPXPARAM_Parallel=1;CPXPARAM_Preprocessing_Aggregator=-1;CPXPARAM_Preprocessing_BoundStrength=-1;CPXPARAM_Preprocessing_CoeffReduce=-1;CPXPARAM_Preprocessing_Dependency=-1;CPXPARAM_Preprocessing_Dual=0;CPXPARAM_Preprocessing_Fill=10;CPXPARAM_Preprocessing_NumPass=-1;CPXPARAM_Preprocessing_Presolve=1;CPXPARAM_Preprocessing_QPMakePSD=1;CPXPARAM_Preprocessing_Reduce=3;CPXPARAM_Preprocessing_Relax=-1;CPXPARAM_Preprocessing_RepeatPresolve=-1;CPXPARAM_Preprocessing_Symmetry=-1;CPXPARAM_Read_Scale=0;CPXPARAM_Sifting_Algorithm=0;CPXPARAM_Simplex_Crash=1;CPXPARAM_Simplex_DGradient=0;CPXPARAM_Simplex_Limits_Perturbation=0;CPXPARAM_Simplex_Limits_Singularity=10;CPXPARAM_Simplex_PGradient=0;CPXPARAM_Simplex_Pricing=0;CPXPARAM_Simplex_Refactor=0
7413488495248576575,0,CPXPARAM_Advance=1;CPXPARAM_Barrier_Algorithm=0;CPXPARAM_Barrier_ColNonzeros=0;CPXPARAM_Barrier_Crossover=0;CPXPARAM_Barrier_Limits_Corrections=-1;CPXPARAM_Barrier_Ordering=0;CPXPARAM_Barrier_StartAlg=1;CPXPARAM_Emphasis_MIP=2;CPXPARAM_Emphasis_Memory=0;CPXPARAM_Emphasis_Numerical=0;CPXPARAM_Feasopt_Mode=0;CPXPARAM_LPMethod=0;CPXPARAM_MIP_Cuts_Cliques=-1;CPXPARAM_MIP_Cuts_Covers=2;CPXPARAM_MIP_Cuts_Disjunctive=1;CPXPARAM_MIP_Cuts_FlowCovers=2;CPXPARAM_MIP_Cuts_GUBCovers=1;CPXPARAM_MIP_Cuts_Gomory=0;CPXPARAM_MIP_Cuts_Implied=-1;CPXPARAM_MIP_Cuts_MIRCut=-1;CPXPARAM_MIP_Cuts_PathCut=-1;CPXPARAM_MIP_Limits_AggForCut=3;CPXPARAM_MIP_Limits_CutPasses=0;CPXPARAM_MIP_Limits_CutsFactor=-1;CPXPARAM_MIP_Limits_GomoryCand=400;CPXPARAM_MIP_Limits_GomoryPass=0;CPXPARAM_MIP_Limits_Nodes=9223372036800000000;CPXPARAM_MIP_Limits_ProbeTime=120;CPXPARAM_MIP_Limits_RepairTries=0;CPXPARAM_MIP_Limits_StrongCand=10;CPXPARAM_MIP_Limits_StrongIt=0;CPXPARAM_MIP_OrderType=0;CPXPARAM_MIP_Strategy_BBInterval=7;CPXPARAM_MIP_Strategy_Branch=0;CPXPARAM_MIP_Strategy_Dive=0;CPXPARAM_MIP_Strategy_File=1;CPXPARAM_MIP_Strategy_HeuristicFreq=0;CPXPARAM_MIP_Strategy_LBHeur=0;CPXPARAM_MIP_Strategy_NodeSelect=1;CPXPARAM_MIP_Strategy_Order=1;CPXPARAM_MIP_Strategy_PresolveNode=0;CPXPARAM_MIP_Strategy_Probe=0;CPXPARAM_MIP_Strategy_RINSHeur=0;CPXPARAM_MIP_Strategy_StartAlgorithm=0;CPXPARAM_MIP_Strategy_SubAlgorithm=0;CPXPARAM_MIP_Strategy_VariableSelect=0;CPXPARAM_Network_NetFind=2;CPXPARAM_Network_Pricing=0;CPXPARAM_Parallel=1;CPXPARAM_Preprocessing_Aggregator=-1;CPXPARAM_Preprocessing_BoundStrength=-1;CPXPARAM_Preprocessing_CoeffReduce=-1;CPXPARAM_Preprocessing_Dependency=-1;CPXPARAM_Preprocessing_Dual=0;CPXPARAM_Preprocessing_Fill=10;CPXPARAM_Preprocessing_NumPass=-1;CPXPARAM_Preprocessing_Presolve=1;CPXPARAM_Preprocessing_QPMakePSD=1;CPXPARAM_Preprocessing_Reduce=3;CPXPARAM_Preprocessing_Relax=-1;CPXPARAM_Preprocessing_RepeatPresolve=-1;CPXPARAM_Preprocessing_Symmetry=-1;CPXPARAM_Read_Scale=0;CPXPARAM_Sifting_Algorithm=0;CPXPARAM_Simplex_Crash=1;CPXPARAM_Simplex_DGradient=0;CPXPARAM_Simplex_Limits_Perturbation=0;CPXPARAM_Simplex_Limits_Singularity=10;CPXPARAM_Simplex_PGradient=0;CPXPARAM_Simplex_Pricing=0;CPXPARAM_Simplex_Refactor=0
2473727440142781550,0,CPXPARAM_Advance=1;CPXPARAM_Barrier_Algorithm=0;CPXPARAM_Barrier_ColNonzeros=0;CPXPARAM_Barrier_Crossover=0;CPXPARAM_Barrier_Limits_Corrections=-1;CPXPARAM_Barrier_Ordering=0;CPXPARAM_Barrier_StartAlg=1;CPXPARAM_Emphasis_MIP=2;CPXPARAM_Emphasis_Memory=0;CPXPARAM_Emphasis_Numerical=0;CPXPARAM_Feasopt_Mode=0;CPXPARAM_LPMethod=0;CPXPARAM_MIP_Cuts_Cliques=-1;CPXPARAM_MIP_Cuts_Covers=2;CPXPARAM_MIP_Cuts_Disjunctive=1;CPXPARAM_MIP_Cuts_FlowCovers=2;CPXPARAM_MIP_Cuts_GUBCovers=1;CPXPARAM_MIP_Cuts_Gomory=0;CPXPARAM_MIP_Cuts_Implied=-1;CPXPARAM_MIP_Cuts_MIRCut=-1;CPXPARAM_MIP_Cuts_PathCut=-1;CPXPARAM_MIP_Limits_AggForCut=3;CPXPARAM_MIP_Limits_CutPasses=0;CPXPARAM_MIP_Limits_CutsFactor=-1;CPXPARAM_MIP_Limits_GomoryCand=400;CPXPARAM_MIP_Limits_GomoryPass=0;CPXPARAM_MIP_Limits_Nodes=9223372036800000000;CPXPARAM_MIP_Limits_ProbeTime=40;CPXPARAM_MIP_Limits_RepairTries=0;CPXPARAM_MIP_Limits_StrongCand=10;CPXPARAM_MIP_Limits_StrongIt=0;CPXPARAM_MIP_OrderType=0;CPXPARAM_MIP_Strategy_BBInterval=7;CPXPARAM_MIP_Strategy_Branch=0;CPXPARAM_MIP_Strategy_Dive=0;CPXPARAM_MIP_Strategy_File=1;CPXPARAM_MIP_Strategy_HeuristicFreq=0;CPXPARAM_MIP_Strategy_LBHeur=0;CPXPARAM_MIP_Strategy_NodeSelect=1;CPXPARAM_MIP_Strategy_Order=1;CPXPARAM_MIP_Strategy_PresolveNode=0;CPXPARAM_MIP_Strategy_Probe=0;CPXPARAM_MIP_Strategy_RINSHeur=0;CPXPARAM_MIP_Strategy_StartAlgorithm=0;CPXPARAM_MIP_Strategy_SubAlgorithm=0;CPXPARAM_MIP_Strategy_VariableSelect=0;CPXPARAM_Network_NetFind=2;CPXPARAM_Network_Pricing=0;CPXPARAM_Parallel=1;CPXPARAM_Preprocessing_Aggregator=-1;CPXPARAM_Preprocessing_BoundStrength=-1;CPXPARAM_Preprocessing_CoeffReduce=-1;CPXPARAM_Preprocessing_Dependency=-1;CPXPARAM_Preprocessing_Dual=0;CPXPARAM_Preprocessing_Fill=10;CPXPARAM_Preprocessing_NumPass=-1;CPXPARAM_Preprocessing_Presolve=1;CPXPARAM_Preprocessing_QPMakePSD=1;CPXPARAM_Preprocessing_Reduce=3;CPXPARAM_Preprocessing_Relax=-1;CPXPARAM_Preprocessing_RepeatPresolve=-1;CPXPARAM_Preprocessing_Symmetry=-1;CPXPARAM_Read_Scale=0;CPXPARAM_Sifting_Algorithm=0;CPXPARAM_Simplex_Crash=1;CPXPARAM_Simplex_DGradient=0;CPXPARAM_Simplex_Limits_Perturbation=0;CPXPARAM_Simplex_Limits_Singularity=10;CPXPARAM_Simplex_PGradient=0;CPXPARAM_Simplex_Pricing=0;CPXPARAM_Simplex_Refactor=0
3491831581247575679,0,CPXPARAM_Advance=1;CPXPARAM_Barrier_Algorithm=0;CPXPARAM_Barrier_ColNonzeros=0;CPXPARAM_Barrier_Crossover=0;CPXPARAM_Barrier_Limits_Corrections=-1;CPXPARAM_Barrier_Ordering=0;CPXPARAM_Barrier_StartAlg=1;CPXPARAM_Emphasis_MIP=1;CPXPARAM_Emphasis_Memory=0;CPXPARAM_Emphasis_Numerical=0;CPXPARAM_Feasopt_Mode=0;CPXPARAM_LPMethod=0;CPXPARAM_MIP_Cuts_Cliques=-1;CPXPARAM_MIP_Cuts_Covers=0;CPXPARAM_MIP_Cuts_Disjunctive=-1;CPXPARAM_MIP_Cuts_FlowCovers=-1;CPXPARAM_MIP_Cuts_GUBCovers=1;CPXPARAM_MIP_Cuts_Gomory=0;CPXPARAM_MIP_Cuts_Implied=1;CPXPARAM_MIP_Cuts_MIRCut=0;CPXPARAM_MIP_Cuts_PathCut=2;CPXPARAM_MIP_Limits_AggForCut=3;CPXPARAM_MIP_Limits_CutPasses=0;CPXPARAM_MIP_Limits_CutsFactor=-1;CPXPARAM_MIP_Limits_GomoryCand=100;CPXPARAM_MIP_Limits_GomoryPass=0;CPXPARAM_MIP_Limits_Nodes=9223372036800000000;CPXPARAM_MIP_Limits_ProbeTime=1e+75;CPXPARAM_MIP_Limits_RepairTries=0;CPXPARAM_MIP_Limits_StrongCand=10;CPXPARAM_MIP_Limits_StrongIt=0;CPXPARAM_MIP_OrderType=0;CPXPARAM_MIP_Strategy_BBInterval=7;CPXPARAM_MIP_Strategy_Branch=0;CPXPARAM_MIP_Strategy_Dive=0;CPXPARAM_MIP_Strategy_File=1;CPXPARAM_MIP_Strategy_HeuristicFreq=0;CPXPARAM_MIP_Strategy_LBHeur=0;CPXPARAM_MIP_Strategy_NodeSelect=1;CPXPARAM_MIP_Strategy_Order=1;CPXPARAM_MIP_Strategy_PresolveNode=1;CPXPARAM_MIP_Strategy_Probe=1;CPXPARAM_MIP_Strategy_RINSHeur=0;CPXPARAM_MIP_Strategy_StartAlgorithm=0;CPXPARAM_MIP_Strategy_SubAlgorithm=0;CPXPARAM_MIP_Strategy_VariableSelect=1;CPXPARAM_Network_NetFind=2;CPXPARAM_Network_Pricing=0;CPXPARAM_Parallel=1;CPXPARAM_Preprocessing_Aggregator=-1;CPXPARAM_Preprocessing_BoundStrength=-1;CPXPARAM_Preprocessing_CoeffReduce=-1;CPXPARAM_Preprocessing_Dependency=-1;CPXPARAM_Preprocessing_Dual=0;CPXPARAM_Preprocessing_Fill=10;CPXPARAM_Preprocessing_NumPass=-1;CPXPARAM_Preprocessing_Presolve=1;CPXPARAM_Preprocessing_QPMakePSD=1;CPXPARAM_Preprocessing_Reduce=3;CPXPARAM_Preprocessing_Relax=-1;CPXPARAM_Preprocessing_RepeatPresolve=-1;CPXPARAM_Preprocessing_Symmetry=-1;CPXPARAM_Read_Scale=0;CPXPARAM_Sifting_Algorithm=0;CPXPARAM_Simplex_Crash=1;CPXPARAM_Simplex_DGradient=0;CPXPARAM_Simplex_Limits_Perturbation=0;CPXPARAM_Simplex_Limits_Singularity=10;CPXPARAM_Simplex_PGradient=0;CPXPARAM_Simplex_Pricing=0;CPXPARAM_Simplex_Refactor=0
13945770510985139802,0,CPXPARAM_Advance=1;CPXPARAM_Barrier_Algorithm=0;CPXPARAM_Barrier_ColNonzeros=0;CPXPARAM_Barrier_Crossover=0;CPXPARAM_Barrier_Limits_Corrections=-1;CPXPARAM_Barrier_Ordering=0;CPXPARAM_Barrier_StartAlg=1;CPXPARAM_Emphasis_MIP=2;CPXPARAM_Emphasis_Memory=0;CPXPARAM_Emphasis_Numerical=0;CPXPARAM_Feasopt_Mode=0;CPXPARAM_LPMethod=0;CPXPARAM_MIP_Cuts_Cliques=-1;CPXPARAM_MIP_Cuts_Covers=2;CPXPARAM_MIP_Cuts_Disjunctive=1;CPXPARAM_MIP_Cuts_FlowCovers=2;CPXPARAM_MIP_Cuts_GUBCovers=1;CPXPARAM_MIP_Cuts_Gomory=0;CPXPARAM_MIP_Cuts_Implied=-1;CPXPARAM_MIP_Cuts_MIRCut=-1;CPXPARAM_MIP_Cuts_PathCut=-1;CPXPARAM_MIP_Limits_AggForCut=3;CPXPARAM_MIP_Limits_CutPasses=0;CPXPARAM_MIP_Limits_CutsFactor=-1;CPXPARAM_MIP_Limits_GomoryCand=400;CPXPARAM_MIP_Limits_GomoryPass=0;CPXPARAM_MIP_Limits_Nodes=9223372036800000000;CPXPARAM_MIP_Limits_ProbeTime=20;CPXPARAM_MIP_Limits_RepairTries=0;CPXPARAM_MIP_Limits_StrongCand=10;CPXPARAM_MIP_Limits_StrongIt=0;CPXPARAM_MIP_OrderType=0;CPXPARAM_MIP_Strategy_BBInterval=7;CPXPARAM_MIP_Strategy_Branch=0;CPXPARAM_MIP_Strategy_Dive=0;CPXPARAM_MIP_Strategy_File=1;CPXPARAM_MIP_Strategy_HeuristicFreq=0;CPXPARAM_MIP_Strategy_LBHeur=0;CPXPARAM_MIP_Strategy_NodeSelect=1;CPXPARAM_MIP_Strategy_Order=1;CPXPARAM_MIP_Strategy_PresolveNode=0;CPXPARAM_MIP_Strategy_Probe=0;CPXPARAM_MIP_Strategy_RINSHeur=0;CPXPARAM_MIP_Strategy_StartAlgorithm=0;CPXPARAM_MIP_Strategy_SubAlgorithm=0;CPXPARAM_MIP_Strategy_VariableSelect=0;CPXPARAM_Network_NetFind=2;CPXPARAM_Network_Pricing=0;CPXPARAM_Parallel=1;CPXPARAM_Preprocessing_Aggregator=-1;CPXPARAM_Preprocessing_BoundStrength=-1;CPXPARAM_Preprocessing_CoeffReduce=-1;CPXPARAM_Preprocessing_Dependency=-1;CPXPARAM_Preprocessing_Dual=0;CPXPARAM_Preprocessing_Fill=10;CPXPARAM_Preprocessing_NumPass=-1;CPXPARAM_Preprocessing_Presolve=1;CPXPARAM_Preprocessing_QPMakePSD=1;CPXPARAM_Preprocessing_Reduce=3;CPXPARAM_Preprocessing_Relax=-1;CPXPARAM_Preprocessing_RepeatPresolve=-1;CPXPARAM_Preprocessing_Symmetry=-1;CPXPARAM_Read_Scale=0;CPXPARAM_Sifting_Algorithm=0;CPXPARAM_Simplex_Crash=1;CPXPARAM_Simplex_DGradient=0;CPXPARAM_Simplex_Limits_Perturbation=0;CPXPARAM_Simplex_Limits_Singularity=10;CPXPARAM_Simplex_PGradient=0;CPXPARAM_Simplex_Pricing=0;CPXPARAM_Simplex_Refactor=0
7732484934908777384,0,CPXPARAM_Advance=1;CPXPARAM_Barrier_Algorithm=0;CPXPARAM_Barrier_ColNonzeros=0;CPXPARAM_Barrier_Crossover=0;CPXPARAM_Barrier_Limits_Corrections=-1;CPXPARAM_Barrier_Ordering=0;CPXPARAM_Barrier_StartAlg=1;CPXPARAM_Emphasis_MIP=0;CPXPARAM_Emphasis_Memory=0;CPXPARAM_Emphasis_Numerical=0;CPXPARAM_Feasopt_Mode=0;CPXPARAM_LPMethod=0;CPXPARAM_MIP_Cuts_Cliques=2;CPXPARAM_MIP_Cuts_Covers=-1;CPXPARAM_MIP_Cuts_Disjunctive=-1;CPXPARAM_MIP_Cuts_FlowCovers=-1;CPXPARAM_MIP_Cuts_GUBCovers=0;CPXPARAM_MIP_Cuts_Gomory=0;CPXPARAM_MIP_Cuts_Implied=2;CPXPARAM_MIP_Cuts_MIRCut=2;CPXPARAM_MIP_Cuts_PathCut=-1;CPXPARAM_MIP_Limits_AggForCut=3;CPXPARAM_MIP_Limits_CutPasses=0;CPXPARAM_MIP_Limits_CutsFactor=-1;CPXPARAM_MIP_Limits_GomoryCand=100;CPXPARAM_MIP_Limits_GomoryPass=0;CPXPARAM_MIP_Limits_Nodes=9223372036800000000;CPXPARAM_MIP_Limits_ProbeTime=1e+75;CPXPARAM_MIP_Limits_RepairTries=0;CPXPARAM_MIP_Limits_StrongCand=10;CPXPARAM_MIP_Limits_StrongIt=0;CPXPARAM_MIP_OrderType=0;CPXPARAM_MIP_Strategy_BBInterval=7;CPXPARAM_MIP_Strategy_Branch=-1;CPXPARAM_MIP_Strategy_Dive=0;CPXPARAM_MIP_Strategy_File=1;CPXPARAM_MIP_Strategy_HeuristicFreq=0;CPXPARAM_MIP_Strategy_LBHeur=0;CPXPARAM_MIP_Strategy_NodeSelect=0;CPXPARAM_MIP_Strategy_Order=1;CPXPARAM_MIP_Strategy_PresolveNode=1;CPXPARAM_MIP_Strategy_Probe=-1;CPXPARAM_MIP_Strategy_RINSHeur=0;CPXPARAM_MIP_Strategy_StartAlgorithm=0;CPXPARAM_MIP_Strategy_SubAlgorithm=0;CPXPARAM_MIP_Strategy_VariableSelect=4;CPXPARAM_Network_NetFind=2;CPXPARAM_Network_Pricing=0;CPXPARAM_Parallel=1;CPXPARAM_Preprocessing_Aggregator=-1;CPXPARAM_Preprocessing_BoundStrength=-1;CPXPARAM_Preprocessing_CoeffReduce=-1;CPXPARAM_Preprocessing_Dependency=-1;CPXPARAM_Preprocessing_Dual=0;CPXPARAM_Preprocessing_Fill=40;CPXPARAM_Preprocessing_NumPass=-1;CPXPARAM_Preprocessing_Presolve=1;CPXPARAM_Preprocessing_QPMakePSD=1;CPXPARAM_Preprocessing_Reduce=1;CPXPARAM_Preprocessing_Relax=-1;CPXPARAM_Preprocessing_RepeatPresolve=-1;CPXPARAM_Preprocessing_Symmetry=-1;CPXPARAM_Read_Scale=-1;CPXPARAM_Sifting_Algorithm=0;CPXPARAM_Simplex_Crash=1;CPXPARAM_Simplex_DGradient=0;CPXPARAM_Simplex_Limits_Perturbation=0;CPXPARAM_Simplex_Limits_Singularity=10;CPXPARAM_Simplex_PGradient=0;CPXPARAM_Simplex_Pricing=0;CPXPARAM_Simplex_Refactor=0
1271549496057837767,0,CPXPARAM_Advance=1;CPXPARAM_Barrier_Algorithm=0;CPXPARAM_Barrier_ColNonzeros=0;CPXPARAM_Barrier_Crossover=0;CPXPARAM_Barrier_Limits_Corrections=-1;CPXPARAM_Barrier_Ordering=0;CPXPARAM_Barrier_StartAlg=1;CPXPARAM_Emphasis_MIP=2;CPXPARAM_Emphasis_Memory=0;CPXPARAM_Emphasis_Numerical=0;CPXPARAM_Feasopt_Mode=0;CPXPARAM_LPMethod=0;CPXPARAM_MIP_Cuts_Cliques=-1;CPXPARAM_MIP_Cuts_Covers=2;CPXPARAM_MIP_Cuts_Disjunctive=1;CPXPARAM_MIP_Cuts_FlowCovers=2;CPXPARAM_MIP_Cuts_GUBCovers=1;CPXPARAM_MIP_Cuts_Gomory=0;CPXPARAM_MIP_Cuts_Implied=-1;CPXPARAM_MIP_Cuts_MIRCut=-1;CPXPARAM_MIP_Cuts_PathCut=-1;CPXPARAM_MIP_Limits_AggForCut=3;CPXPARAM_MIP_Limits_CutPasses=0;CPXPARAM_MIP_Limits_CutsFactor=-1;CPXPARAM_MIP_Limits_GomoryCand=400;CPXPARAM_MIP_Limits_GomoryPass=0;CPXPARAM_MIP_Limits_Nodes=9223372036800000000;CPXPARAM_MIP_Limits_ProbeTime=10;CPXPARAM_MIP_Limits_RepairTries=0;CPXPARAM_MIP_Limits_StrongCand=10;CPXPARAM_MIP_Limits_StrongIt=0;CPXPARAM_MIP_OrderType=0;CPXPARAM_MIP_Strategy_BBInterval=7;CPXPARAM_MIP_Strategy_Branch=0;CPXPARAM_MIP_Strategy_Dive=0;CPXPARAM_MIP_Strategy_File=1;CPXPARAM_MIP_Strategy_HeuristicFreq=0;CPXPARAM_MIP_Strategy_LBHeur=0;CPXPARAM_MIP_Strategy_NodeSelect=1;CPXPARAM_MIP_Strategy_Order=1;CPXPARAM_MIP_Strategy_PresolveNode=0;CPXPARAM_MIP_Strategy_Probe=0;CPXPARAM_MIP_Strategy_RINSHeur=0;CPXPARAM_MIP_Strategy_StartAlgorithm=0;CPXPARAM_MIP_Strategy_SubAlgorithm=0;CPXPARAM_MIP_Strategy_VariableSelect=0;CPXPARAM_Network_NetFind=2;CPXPARAM_Network_Pricing=0;CPXPARAM_Parallel=1;CPXPARAM_Preprocessing_Aggregator=-1;CPXPARAM_Preprocessing_BoundStrength=-1;CPXPARAM_Preprocessing_CoeffReduce=-1;CPXPARAM_Preprocessing_Dependency=-1;CPXPARAM_Preprocessing_Dual=0;CPXPARAM_Preprocessing_Fill=10;CPXPARAM_Preprocessing_NumPass=-1;CPXPARAM_Preprocessing_Presolve=1;CPXPARAM_Preprocessing_QPMakePSD=1;CPXPARAM_Preprocessing_Reduce=3;CPXPARAM_Preprocessing_Relax=-1;CPXPARAM_Preprocessing_RepeatPresolve=-1;CPXPARAM_Preprocessing_Symmetry=-1;CPXPARAM_Read_Scale=0;CPXPARAM_Sifting_Algorithm=0;CPXPARAM_Simplex_Crash=1;CPXPARAM_Simplex_DGradient=0;CPXPARAM_Simplex_Limits_Perturbation=0;CPXPARAM_Simplex_Limits_Singularity=10;CPXPARAM_Simplex_PGradient=0;CPXPARAM_Simplex_Pricing=0;CPXPARAM_Simplex_Refactor=0
13157785814432462356,0,CPXPARAM_Advance=1;CPXPARAM_Barrier_Algorithm=0;CPXPARAM_Barrier_ColNonzeros=0;CPXPARAM_Barrier_Crossover=0;CPXPARAM_Barrier_Limits_Corrections=-1;CPXPARAM_Barrier_Ordering=0;CPXPARAM_Barrier_StartAlg=1;CPXPARAM_Emphasis_MIP=2;CPXPARAM_Emphasis_Memory=0;CPXPARAM_Emphasis_Numerical=0;CPXPARAM_Feasopt_Mode=0;CPXPARAM_LPMethod=0;CPXPARAM_MIP_Cuts_Cliques=-1;CPXPARAM_MIP_Cuts_Covers=2;CPXPARAM_MIP_Cuts_Disjunctive=1;CPXPARAM_MIP_Cuts_FlowCovers=2;CPXPARAM_MIP_Cuts_GUBCovers=1;CPXPARAM_MIP_Cuts_Gomory=0;CPXPARAM_MIP_Cuts_Implied=-1;CPXPARAM_MIP_Cuts_MIRCut=-1;CPXPARAM_MIP_Cuts_PathCut=-1;CPXPARAM_MIP_Limits_AggForCut=3;CPXPARAM_MIP_Limits_CutPasses=0;CPXPARAM_MIP_Limits_CutsFactor=-1;CPXPARAM_MIP_Limits_GomoryCand=400;CPXPARAM_MIP_Limits_GomoryPass=0;CPXPARAM_MIP_Limits_Nodes=9223372036800000000;CPXPARAM_MIP_Limits_ProbeTime=5;CPXPARAM_MIP_Limits_RepairTries=0;CPXPARAM_MIP_Limits_StrongCand=10;CPXPARAM_MIP_Limits_StrongIt=0;CPXPARAM_MIP_OrderType=0;CPXPARAM_MIP_Strategy_BBInterval=7;CPXPARAM_MIP_Strategy_Branch=0;CPXPARAM_MIP_Strategy_Dive=0;CPXPARAM_MIP_Strategy_File=1;CPXPARAM_MIP_Strategy_HeuristicFreq=0;CPXPARAM_MIP_Strategy_LBHeur=0;CPXPARAM_MIP_Strategy_NodeSelect=1;CPXPARAM_MIP_Strategy_Order=1;CPXPARAM_MIP_Strategy_PresolveNode=0;CPXPARAM_MIP_Strategy_Probe=0;CPXPARAM_MIP_Strategy_RINSHeur=0;CPXPARAM_MIP_Strategy_StartAlgorithm=0;CPXPARAM_MIP_Strategy_SubAlgorithm=0;CPXPARAM_MIP_Strategy_VariableSelect=0;CPXPARAM_Network_NetFind=2;CPXPARAM_Network_Pricing=0;CPXPARAM_Parallel=1;CPXPARAM_Preprocessing_Aggregator=-1;CPXPARAM_Preprocessing_BoundStrength=-1;CPXPARAM_Preprocessing_CoeffReduce=-1;CPXPARAM_Preprocessing_Dependency=-1;CPXPARAM_Preprocessing_Dual=0;CPXPARAM_Preprocessing_Fill=10;CPXPARAM_Preprocessing_NumPass=-1;CPXPARAM_Preprocessing_Presolve=1;CPXPARAM_Preprocessing_QPMakePSD=1;CPXPARAM_Preprocessing_Reduce=3;CPXPARAM_Preprocessing_Relax=-1;CPXPARAM_Preprocessing_RepeatPresolve=-1;CPXPARAM_Preprocessing_Symmetry=-1;CPXPARAM_Read_Scale=0;CPXPARAM_Sifting_Algorithm=0;CPXPARAM_Simplex_Crash=1;CPXPARAM_Simplex_DGradient=0;CPXPARAM_Simplex_Limits_Perturbation=0;CPXPARAM_Simplex_Limits_Singularity=10;CPXPARAM_Simplex_PGradient=0;CPXPARAM_Simplex_Pricing=0;CPXPARAM_Simplex_Refactor=0
5296585446051460126,0,CPXPARAM_Advance=1;CPXPARAM_Barrier_Algorithm=0;CPXPARAM_Barrier_ColNonzeros=0;CPXPARAM_Barrier_Crossover=0;CPXPARAM_Barrier_Limits_Corrections=-1;CPXPARAM_Barrier_Ordering=0;CPXPARAM_Barrier_StartAlg=1;CPXPARAM_Emphasis_MIP=0;CPXPARAM_Emphasis_Memory=0;CPXPARAM_Emphasis_Numerical=0;CPXPARAM_Feasopt_Mode=0;CPXPARAM_LPMethod=0;CPXPARAM_MIP_Cuts_Cliques=0;CPXPARAM_MIP_Cuts_Covers=1;CPXPARAM_MIP_Cuts_Disjunctive=0;CPXPARAM_MIP_Cuts_FlowCovers=-1;CPXPARAM_MIP_Cuts_GUBCovers=2;CPXPARAM_MIP_Cuts_Gomory=0;CPXPARAM_MIP_Cuts_Implied=0;CPXPARAM_MIP_Cuts_MIRCut=0;CPXPARAM_MIP_Cuts_PathCut=1;CPXPARAM_MIP_Limits_AggForCut=3;CPXPARAM_MIP_Limits_CutPasses=0;CPXPARAM_MIP_Limits_CutsFactor=-1;CPXPARAM_MIP_Limits_GomoryCand=150;CPXPARAM_MIP_Limits_GomoryPass=0;CPXPARAM_MIP_Limits_Nodes=9223372036800000000;CPXPARAM_MIP_Limits_ProbeTime=1e+75;CPXPARAM_MIP_Limits_RepairTries=0;CPXPARAM_MIP_Limits_StrongCand=10;CPXPARAM_MIP_Limits_StrongIt=0;CPXPARAM_MIP_OrderType=0;CPXPARAM_MIP_Strategy_BBInterval=7;CPXPARAM_MIP_Strategy_Branch=0;CPXPARAM_MIP_Strategy_Dive=0;CPXPARAM_MIP_Strategy_File=1;CPXPARAM_MIP_Strategy_HeuristicFreq=0;CPXPARAM_MIP_Strategy_LBHeur=0;CPXPARAM_MIP_Strategy_NodeSelect=1;CPXPARAM_MIP_Strategy_Order=1;CPXPARAM_MIP_Strategy_PresolveNode=0;CPXPARAM_MIP_Strategy_Probe=0;CPXPARAM_MIP_Strategy_RINSHeur=0;CPXPARAM_MIP_Strategy_StartAlgorithm=0;CPXPARAM_MIP_Strategy_SubAlgorithm=0;CPXPARAM_MIP_Strategy_VariableSelect=0;CPXPARAM_Network_NetFind=2;CPXPARAM_Network_Pricing=0;CPXPARAM_Parallel=1;CPXPARAM_Preprocessing_Aggregator=-1;CPXPARAM_Preprocessing_BoundStrength=-1;CPXPARAM_Preprocessing_CoeffReduce=-1;CPXPARAM_Preprocessing_Dependency=-1;CPXPARAM_Preprocessing_Dual=0;CPXPARAM_Preprocessing_Fill=10;CPXPARAM_Preprocessing_NumPass=-1;CPXPARAM_Preprocessing_Presolve=1;CPXPARAM_Preprocessing_QPMakePSD=1;CPXPARAM_Preprocessing_Reduce=3;CPXPARAM_Preprocessing_Relax=-1;CPXPARAM_Preprocessing_RepeatPresolve=-1;CPXPARAM_Preprocessing_Symmetry=-1;CPXPARAM_Read_Scale=0;CPXPARAM_Sifting_Algorithm=0;CPXPARAM_Simplex_Crash=1;CPXPARAM_Simplex_DGradient=0;CPXPARAM_Simplex_Limits_Perturbation=0;CPXPARAM_Simplex_Limits_Singularity=10;CPXPARAM_Simplex_PGradient=0;CPXPARAM_Simplex_Pricing=0;CPXPARAM_Simplex_Refactor=0
713665091335647638,0,CPXPARAM_Advance=1;CPXPARAM_Barrier_Algorithm=0;CPXPARAM_Barrier_ColNonzeros=0;CPXPARAM_Barrier_Crossover=0;CPXPARAM_Barrier_Limits_Corrections=-1;CPXPARAM_Barrier_Ordering=0;CPXPARAM_Barrier_StartAlg=1;CPXPARAM_Emphasis_MIP=2;CPXPARAM_Emphasis_Memory=0;CPXPARAM_Emphasis_Numerical=0;CPXPARAM_Feasopt_Mode=0;CPXPARAM_LPMethod=0;CPXPARAM_MIP_Cuts_Cliques=-1;CPXPARAM_MIP_Cuts_Covers=2;CPXPARAM_MIP_Cuts_Disjunctive=1;CPXPARAM_MIP_Cuts_FlowCovers=2;CPXPARAM_MIP_Cuts_GUBCovers=1;CPXPARAM_MIP_Cuts_Gomory=0;CPXPARAM_MIP_Cuts_Implied=-1;CPXPARAM_MIP_Cuts_MIRCut=-1;CPXPARAM_MIP_Cuts_PathCut=-1;CPXPARAM_MIP_Limits_AggForCut=3;CPXPARAM_MIP_Limits_CutPasses=0;CPXPARAM_MIP_Limits_CutsFactor=-1;CPXPARAM_MIP_Limits_GomoryCand=400;CPXPARAM_MIP_Limits_GomoryPass=0;CPXPARAM_MIP_Limits_Nodes=9223372036800000000;CPXPARAM_MIP_Limits_ProbeTime=1e+75;CPXPARAM_MIP_Limits_RepairTries=0;CPXPARAM_MIP_Limits_StrongCand=10;CPXPARAM_MIP_Limits_StrongIt=0;CPXPARAM_MIP_OrderType=0;CPXPARAM_MIP_Strategy_BBInterval=7;CPXPARAM_MIP_Strategy_Branch=0;CPXPARAM_MIP_Strategy_Dive=0;CPXPARAM_MIP_Strategy_File=1;CPXPARAM_MIP_Strategy_HeuristicFreq=0;CPXPARAM_MIP_Strategy_LBHeur=0;CPXPARAM_MIP_Strategy_NodeSelect=2;CPXPARAM_MIP_Strategy_Order=1;CPXPARAM_MIP_Strategy_PresolveNode=0;CPXPARAM_MIP_Strategy_Probe=0;CPXPARAM_MIP_Strategy_RINSHeur=0;CPXPARAM_MIP_Strategy_StartAlgorithm=0;CPXPARAM_MIP_Strategy_SubAlgorithm=0;CPXPARAM_MIP_Strategy_VariableSelect=0;CPXPARAM_Network_NetFind=2;CPXPARAM_Network_Pricing=0;CPXPARAM_Parallel=1;CPXPARAM_Preprocessing_Aggregator=-1;CPXPARAM_Preprocessing_BoundStrength=-1;CPXPARAM_Preprocessing_CoeffReduce=-1;CPXPARAM_Preprocessing_Dependency=-1;CPXPARAM_Preprocessing_Dual=0;CPXPARAM_Preprocessing_Fill=10;CPXPARAM_Preprocessing_NumPass=-1;CPXPARAM_Preprocessing_Presolve=1;CPXPARAM_Preprocessing_QPMakePSD=1;CPXPARAM_Preprocessing_Reduce=3;CPXPARAM_Preprocessing_Relax=-1;CPXPARAM_Preprocessing_RepeatPresolve=-1;CPXPARAM_Preprocessing_Symmetry=-1;CPXPARAM_Read_Scale=0;CPXPARAM_Sifting_Algorithm=0;CPXPARAM_Simplex_Crash=1;CPXPARAM_Simplex_DGradient=0;CPXPARAM_Simplex_Limits_Perturbation=0;CPXPARAM_Simplex_Limits_Singularity=10;CPXPARAM_Simplex_PGradient=0;CPXPARAM_Simplex_Pricing=0;CPXPARAM_Simplex_Refactor=0
4710712620759170306,0,CPXPARAM_Advance=1;CPXPARAM_Barrier_Algorithm=0;CPXPARAM_Barrier_ColNonzeros=0;CPXPARAM_Barrier_Crossover=0;CPXPARAM_Barrier_Limits_Corrections=-1;CPXPARAM_Barrier_Ordering=0;CPXPARAM_Barrier_StartAlg=1;CPXPARAM_Emphasis_MIP=5;CPXPARAM_Emphasis_Memory=0;CPXPARAM_Emphasis_Numerical=0;CPXPARAM_Feasopt_Mode=0;CPXPARAM_LPMethod=0;CPXPARAM_MIP_Cuts_Cliques=-1;CPXPARAM_MIP_Cuts_Covers=1;CPXPARAM_MIP_Cuts_Disjunctive=-1;CPXPARAM_MIP_Cuts_FlowCovers=-1;CPXPARAM_MIP_Cuts_GUBCovers=0;CPXPARAM_MIP_Cuts_Gomory=0;CPXPARAM_MIP_Cuts_Implied=-1;CPXPARAM_MIP_Cuts_MIRCut=1;CPXPARAM_MIP_Cuts_PathCut=2;CPXPARAM_MIP_Limits_AggForCut=2;CPXPARAM_MIP_Limits_CutPasses=0;CPXPARAM_MIP_Limits_CutsFactor=-1;CPXPARAM_MIP_Limits_GomoryCand=800;CPXPARAM_MIP_Limits_GomoryPass=0;CPXPARAM_MIP_Limits_Nodes=9223372036800000000;CPXPARAM_MIP_Limits_ProbeTime=1e+75;CPXPARAM_MIP_Limits_RepairTries=0;CPXPARAM_MIP_Limits_StrongCand=10;CPXPARAM_MIP_Limits_StrongIt=0;CPXPARAM_MIP_OrderType=0;CPXPARAM_MIP_Strategy_BBInterval=7;CPXPARAM_MIP_Strategy_Branch=0;CPXPARAM_MIP_Strategy_Dive=0;CPXPARAM_MIP_Strategy_File=1;CPXPARAM_MIP_Strategy_HeuristicFreq=0;CPXPARAM_MIP_Strategy_LBHeur=0;CPXPARAM_MIP_Strategy_NodeSelect=2;CPXPARAM_MIP_Strategy_Order=1;CPXPARAM_MIP_Strategy_PresolveNode=1;CPXPARAM_MIP_Strategy_Probe=3;CPXPARAM_MIP_Strategy_RINSHeur=0;CPXPARAM_MIP_Strategy_StartAlgorithm=0;CPXPARAM_MIP_Strategy_SubAlgorithm=3;CPXPARAM_MIP_Strategy_VariableSelect=-1;CPXPARAM_Network_NetFind=2;CPXPARAM_Network_Pricing=0;CPXPARAM_Parallel=1;CPXPARAM_Preprocessing_Aggregator=-1;CPXPARAM_Preprocessing_BoundStrength=-1;CPXPARAM_Preprocessing_CoeffReduce=-1;CPXPARAM_Preprocessing_Dependency=-1;CPXPARAM_Preprocessing_Dual=0;CPXPARAM_Preprocessing_Fill=5;CPXPARAM_Preprocessing_NumPass=-1;CPXPARAM_Preprocessing_Presolve=1;CPXPARAM_Preprocessing_QPMakePSD=1;CPXPARAM_Preprocessing_Reduce=3;CPXPARAM_Preprocessing_Relax=-1;CPXPARAM_Preprocessing_RepeatPresolve=-1;CPXPARAM_Preprocessing_Symmetry=-1;CPXPARAM_Read_Scale=0;CPXPARAM_Sifting_Algorithm=0;CPXPARAM_Simplex_Crash=1;CPXPARAM_Simplex_DGradient=0;CPXPARAM_Simplex_Limits_Perturbation=0;CPXPARAM_Simplex_Limits_Singularity=10;CPXPARAM_Simplex_PGradient=0;CPXPARAM_Simplex_Pricing=0;CPXPARAM_Simplex_Refactor=0
1459553721523948163,0,CPXPARAM_Advance=1;CPXPARAM_Barrier_Algorithm=0;CPXPARAM_Barrier_ColNonzeros=0;CPXPARAM_Barrier_Crossover=0;CPXPARAM_Barrier_Limits_Corrections=-1;CPXPARAM_Barrier_Ordering=0;CPXPARAM_Barrier_StartAlg=1;CPXPARAM_Emphasis_MIP=5;CPXPARAM_Emphasis_Memory=0;CPXPARAM_Emphasis_Numerical=0;CPXPARAM_Feasopt_Mode=0;CPXPARAM_LPMethod=0;CPXPARAM_MIP_Cuts_Cliques=1;CPXPARAM_MIP_Cuts_Covers=0;CPXPARAM_MIP_Cuts_Disjunctive=0;CPXPARAM_MIP_Cuts_FlowCovers=-1;CPXPARAM_MIP_Cuts_GUBCovers=-1;CPXPARAM_MIP_Cuts_Gomory=0;CPXPARAM_MIP_Cuts_Implied=2;CPXPARAM_MIP_Cuts_MIRCut=-1;CPXPARAM_MIP_Cuts_PathCut=0;CPXPARAM_MIP_Limits_AggForCut=5;CPXPARAM_MIP_Limits_CutPasses=0;CPXPARAM_MIP_Limits_CutsFactor=-1;CPXPARAM_MIP_Limits_GomoryCand=25;CPXPARAM_MIP_Limits_GomoryPass=0;CPXPARAM_MIP_Limits_Nodes=9223372036800000000;CPXPARAM_MIP_Limits_ProbeTime=1e+75;CPXPARAM_MIP_Limits_RepairTries=0;CPXPARAM_MIP_Limits_StrongCand=10;CPXPARAM_MIP_Limits_StrongIt=0;CPXPARAM_MIP_OrderType=3;CPXPARAM_MIP_Strategy_BBInterval=7;CPXPARAM_MIP_Strategy_Branch=0;CPXPARAM_MIP_Strategy_Dive=0;CPXPARAM_MIP_Strategy_File=1;CPXPARAM_MIP_Strategy_HeuristicFreq=0;CPXPARAM_MIP_Strategy_LBHeur=0;CPXPARAM_MIP_Strategy_NodeSelect=3;CPXPARAM_MIP_Strategy_Order=1;CPXPARAM_MIP_Strategy_PresolveNode=1;CPXPARAM_MIP_Strategy_Probe=1;CPXPARAM_MIP_Strategy_RINSHeur=0;CPXPARAM_MIP_Strategy_StartAlgorithm=0;CPXPARAM_MIP_Strategy_SubAlgorithm=0;CPXPARAM_MIP_Strategy_VariableSelect=4;CPXPARAM_Network_NetFind=2;CPXPARAM_Network_Pricing=0;CPXPARAM_Parallel=1;CPXPARAM_Preprocessing_Aggregator=-1;CPXPARAM_Preprocessing_BoundStrength=-1;CPXPARAM_Preprocessing_CoeffReduce=-1;CPXPARAM_Preprocessing_Dependency=-1;CPXPARAM_Preprocessing_Dual=0;CPXPARAM_Preprocessing_Fill=5;CPXPARAM_Preprocessing_NumPass=-1;CPXPARAM_Preprocessing_Presolve=1;CPXPARAM_Preprocessing_QPMakePSD=1;CPXPARAM_Preprocessing_Reduce=3;CPXPARAM_Preprocessing_Relax=-1;CPXPARAM_Preprocessing_RepeatPresolve=-1;CPXPARAM_Preprocessing_Symmetry=-1;CPXPARAM_Read_Scale=0;CPXPARAM_Sifting_Algorithm=0;CPXPARAM_Simplex_Crash=1;CPXPARAM_Simplex_DGradient=0;CPXPARAM_Simplex_Limits_Perturbation=0;CPXPARAM_Simplex_Limits_Singularity=10;CPXPARAM_Simplex_PGradient=0;CPXPARAM_Simplex_Pricing=0;CPXPARAM_Simplex_Refactor=0
17787549003475081514,0,CPXPARAM_Advance=1;CPXPARAM_Barrier_Algorithm=0;CPXPARAM_Barrier_ColNonzeros=0;CPXPARAM_Barrier_Crossover=0;CPXPARAM_Barrier_Limits_Corrections=-1;CPXPARAM_Barrier_Ordering=0;CPXPARAM_Barrier_StartAlg=1;CPXPARAM_Emphasis_MIP=4;CPXPARAM_Emphasis_Memory=0;CPXPARAM_Emphasis_Numerical=0;CPXPARAM_Feasopt_Mode=0;CPXPARAM_LPMethod=0;CPXPARAM_MIP_Cuts_Cliques=0;CPXPARAM_MIP_Cuts_Covers=1;CPXPARAM_MIP_Cuts_Disjunctive=0;CPXPARAM_MIP_Cuts_FlowCovers=-1;CPXPARAM_MIP_Cuts_GUBCovers=2;CPXPARAM_MIP_Cuts_Gomory=0;CPXPARAM_MIP_Cuts_Implied=0;CPXPARAM_MIP_Cuts_MIRCut=0;CPXPARAM_MIP_Cuts_PathCut=1;CPXPARAM_MIP_Limits_AggForCut=3;CPXPARAM_MIP_Limits_CutPasses=0;CPXPARAM_MIP_Limits_CutsFactor=-1;CPXPARAM_MIP_Limits_GomoryCand=200;CPXPARAM_MIP_Limits_GomoryPass=0;CPXPARAM_MIP_Limits_Nodes=9223372036800000000;CPXPARAM_MIP_Limits_ProbeTime=1e+75;CPXPARAM_MIP_Limits_RepairTries=0;CPXPARAM_MIP_Limits_StrongCand=10;CPXPARAM_MIP_Limits_StrongIt=0;CPXPARAM_MIP_OrderType=0;CPXPARAM_MIP_Strategy_BBInterval=7;CPXPARAM_MIP_Strategy_Branch=0;CPXPARAM_MIP_Strategy_Dive=0;CPXPARAM_MIP_Strategy_File=1;CPXPARAM_MIP_Strategy_HeuristicFreq=0;CPXPARAM_MIP_Strategy_LBHeur=0;CPXPARAM_MIP_Strategy_NodeSelect=1;CPXPARAM_MIP_Strategy_Order=1;CPXPARAM_MIP_Strategy_PresolveNode=0;CPXPARAM_MIP_Strategy_Probe=0;CPXPARAM_MIP_Strategy_RINSHeur=0;CPXPARAM_MIP_Strategy_StartAlgorithm=0;CPXPARAM_MIP_Strategy_SubAlgorithm=0;CPXPARAM_MIP_Strategy_VariableSelect=0;CPXPARAM_Network_NetFind=2;CPXPARAM_Network_Pricing=0;CPXPARAM_Parallel=1;CPXPARAM_Preprocessing_Aggregator=-1;CPXPARAM_Preprocessing_BoundStrength=-1;CPXPARAM_Preprocessing_CoeffReduce=-1;CPXPARAM_Preprocessing_Dependency=-1;CPXPARAM_Preprocessing_Dual=0;CPXPARAM_Preprocessing_Fill=10;CPXPARAM_Preprocessing_NumPass=-1;CPXPARAM_Preprocessing_Presolve=1;CPXPARAM_Preprocessing_QPMakePSD=1;CPXPARAM_Preprocessing_Reduce=3;CPXPARAM_Preprocessing_Relax=-1;CPXPARAM_Preprocessing_RepeatPresolve=-1;CPXPARAM_Preprocessing_Symmetry=-1;CPXPARAM_Read_Scale=0;CPXPARAM_Sifting_Algorithm=0;CPXPARAM_Simplex_Crash=1;CPXPARAM_Simplex_DGradient=0;CPXPARAM_Simplex_Limits_Perturbation=0;CPXPARAM_Simplex_Limits_Singularity=10;CPXPARAM_Simplex_PGradient=0;CPXPARAM_Simplex_Pricing=0;CPXPARAM_Simplex_Refactor=0
13241884112570625669,0,CPXPARAM_Advance=1;CPXPARAM_Barrier_Algorithm=0;CPXPARAM_Barrier_ColNonzeros=0;CPXPARAM_Barrier_Crossover=0;CPXPARAM_Barrier_Limits_Corrections=-1;CPXPARAM_Barrier_Ordering=0;CPXPARAM_Barrier_StartAlg=1;CPXPARAM_Emphasis_MIP=2;CPXPARAM_Emphasis_Memory=0;CPXPARAM_Emphasis_Numerical=0;CPXPARAM_Feasopt_Mode=0;CPXPARAM_LPMethod=0;CPXPARAM_MIP_Cuts_Cliques=-1;CPXPARAM_MIP_Cuts_Covers=2;CPXPARAM_MIP_Cuts_Disjunctive=1;CPXPARAM_MIP_Cuts_FlowCovers=2;CPXPARAM_MIP_Cuts_GUBCovers=1;CPXPARAM_MIP_Cuts_Gomory=0;CPXPARAM_MIP_Cuts_Implied=-1;CPXPARAM_MIP_Cuts_MIRCut=-1;CPXPARAM_MIP_Cuts_PathCut=-1;CPXPARAM_MIP_Limits_AggForCut=3;CPXPARAM_MIP_Limits_CutPasses=0;CPXPARAM_MIP_Limits_CutsFactor=-1;CPXPARAM_MIP_Limits_GomoryCand=400;CPXPARAM_MIP_Limits_GomoryPass=0;CPXPARAM_MIP_Limits_Nodes=9223372036800000000;CPXPARAM_MIP_Limits_ProbeTime=1e+75;CPXPARAM_MIP_Limits_RepairTries=0;CPXPARAM_MIP_Limits_StrongCand=10;CPXPARAM_MIP_Limits_StrongIt=0;CPXPARAM_MIP_OrderType=0;CPXPARAM_MIP_Strategy_BBInterval=7;CPXPARAM_MIP_Strategy_Branch=0;CPXPARAM_MIP_Strategy_Dive=0;CPXPARAM_MIP_Strategy_File=1;CPXPARAM_MIP_Strategy_HeuristicFreq=0;CPXPARAM_MIP_Strategy_LBHeur=0;CPXPARAM_MIP_Strategy_NodeSelect=0;CPXPARAM_MIP_Strategy_Order=1;CPXPARAM_MIP_Strategy_PresolveNode=0;CPXPARAM_MIP_Strategy_Probe=0;CPXPARAM_MIP_Strategy_RINSHeur=0;CPXPARAM_MIP_Strategy_StartAlgorithm=0;CPXPARAM_MIP_Strategy_SubAlgorithm=0;CPXPARAM_MIP_Strategy_VariableSelect=0;CPXPARAM_Network_NetFind=2;CPXPARAM_Network_Pricing=0;CPXPARAM_Parallel=1;CPXPARAM_Preprocessing_Aggregator=-1;CPXPARAM_Preprocessing_BoundStrength=-1;CPXPARAM_Preprocessing_CoeffReduce=-1;CPXPARAM_Preprocessing_Dependency=-1;CPXPARAM_Preprocessing_Dual=0;CPXPARAM_Preprocessing_Fill=10;CPXPARAM_Preprocessing_NumPass=-1;CPXPARAM_Preprocessing_Presolve=1;CPXPARAM_Preprocessing_QPMakePSD=1;CPXPARAM_Preprocessing_Reduce=3;CPXPARAM_Preprocessing_Relax=-1;CPXPARAM_Preprocessing_RepeatPresolve=-1;CPXPARAM_Preprocessing_Symmetry=-1;CPXPARAM_Read_Scale=0;CPXPARAM_Sifting_Algorithm=0;CPXPARAM_Simplex_Crash=1;CPXPARAM_Simplex_DGradient=0;CPXPARAM_Simplex_Limits_Perturbation=0;CPXPARAM_Simplex_Limits_Singularity=10;CPXPARAM_Simplex_PGradient=0;CPXPARAM_Simplex_Pricing=0;CPXPARAM_Simplex_Refactor=0
1575145427332373125,0,CPXPARAM_Advance=1;CPXPARAM_Barrier_Algorithm=0;CPXPARAM_Barrier_ColNonzeros=0;CPXPARAM_Barrier_Crossover=0;CPXPARAM_Barrier_Limits_Corrections=-1;CPXPARAM_Barrier_Ordering=0;CPXPARAM_Barrier_StartAlg=1;CPXPARAM_Emphasis_MIP=4;CPXPARAM_Emphasis_Memory=0;CPXPARAM_Emphasis_Numerical=0;CPXPARAM_Feasopt_Mode=0;CPXPARAM_LPMethod=0;CPXPARAM_MIP_Cuts_Cliques=-1;CPXPARAM_MIP_Cuts_Covers=3;CPXPARAM_MIP_Cuts_Disjunctive=-1;CPXPARAM_MIP_Cuts_FlowCovers=2;CPXPARAM_MIP_Cuts_GUBCovers=0;CPXPARAM_MIP_Cuts_Gomory=1;CPXPARAM_MIP_Cuts_Implied=1;CPXPARAM_MIP_Cuts_MIRCut=2;CPXPARAM_MIP_Cuts_PathCut=-1;CPXPARAM_MIP_Limits_AggForCut=3;CPXPARAM_MIP_Limits_CutPasses=0;CPXPARAM_MIP_Limits_CutsFactor=-1;CPXPARAM_MIP_Limits_GomoryCand=50;CPXPARAM_MIP_Limits_GomoryPass=0;CPXPARAM_MIP_Limits_Nodes=9223372036800000000;CPXPARAM_MIP_Limits_ProbeTime=1e+75;CPXPARAM_MIP_Limits_RepairTries=0;CPXPARAM_MIP_Limits_StrongCand=10;CPXPARAM_MIP_Limits_StrongIt=0;CPXPARAM_MIP_OrderType=0;CPXPARAM_MIP_Strategy_BBInterval=7;CPXPARAM_MIP_Strategy_Branch=0;CPXPARAM_MIP_Strategy_Dive=0;CPXPARAM_MIP_Strategy_File=1;CPXPARAM_MIP_Strategy_HeuristicFreq=0;CPXPARAM_MIP_Strategy_LBHeur=0;CPXPARAM_MIP_Strategy_NodeSelect=1;CPXPARAM_MIP_Strategy_Order=1;CPXPARAM_MIP_Strategy_PresolveNode=0;CPXPARAM_MIP_Strategy_Probe=2;CPXPARAM_MIP_Strategy_RINSHeur=0;CPXPARAM_MIP_Strategy_StartAlgorithm=0;CPXPARAM_MIP_Strategy_SubAlgorithm=0;CPXPARAM_MIP_Strategy_VariableSelect=0;CPXPARAM_Network_NetFind=2;CPXPARAM_Network_Pricing=0;CPXPARAM_Parallel=1;CPXPARAM_Preprocessing_Aggregator=-1;CPXPARAM_Preprocessing_BoundStrength=-1;CPXPARAM_Preprocessing_CoeffReduce=-1;CPXPARAM_Preprocessing_Dependency=-1;CPXPARAM_Preprocessing_Dual=0;CPXPARAM_Preprocessing_Fill=10;CPXPARAM_Preprocessing_NumPass=-1;CPXPARAM_Preprocessing_Presolve=1;CPXPARAM_Preprocessing_QPMakePSD=1;CPXPARAM_Preprocessing_Reduce=3;CPXPARAM_Preprocessing_Relax=-1;CPXPARAM_Preprocessing_RepeatPresolve=-1;CPXPARAM_Preprocessing_Symmetry=-1;CPXPARAM_Read_Scale=0;CPXPARAM_Sifting_Algorithm=0;CPXPARAM_Simplex_Crash=1;CPXPARAM_Simplex_DGradient=0;CPXPARAM_Simplex_Limits_Perturbation=0;CPXPARAM_Simplex_Limits_Singularity=10;CPXPARAM_Simplex_PGradient=0;CPXPARAM_Simplex_Pricing=0;CPXPARAM_Simplex_Refactor=0
1603728812503123805,0,CPXPARAM_Advance=1;CPXPARAM_Barrier_Algorithm=0;CPXPARAM_Barrier_ColNonzeros=0;CPXPARAM_Barrier_Crossover=0;CPXPARAM_Barrier_Limits_Corrections=-1;CPXPARAM_Barrier_Ordering=0;CPXPARAM_Barrier_StartAlg=1;CPXPARAM_Emphasis_MIP=0;CPXPARAM_Emphasis_Memory=0;CPXPARAM_Emphasis_Numerical=0;CPXPARAM_Feasopt_Mode=0;CPXPARAM_LPMethod=0;CPXPARAM_MIP_Cuts_Cliques=-1;CPXPARAM_MIP_Cuts_Covers=-1;CPXPARAM_MIP_Cuts_Disjunctive=0;CPXPARAM_MIP_Cuts_FlowCovers=2;CPXPARAM_MIP_Cuts_GUBCovers=1;CPXPARAM_MIP_Cuts_Gomory=1;CPXPARAM_MIP_Cuts_Implied=1;CPXPARAM_MIP_Cuts_MIRCut=1;CPXPARAM_MIP_Cuts_PathCut=1;CPXPARAM_MIP_Limits_AggForCut=3;CPXPARAM_MIP_Limits_CutPasses=0;CPXPARAM_MIP_Limits_CutsFactor=-1;CPXPARAM_MIP_Limits_GomoryCand=50;CPXPARAM_MIP_Limits_GomoryPass=0;CPXPARAM_MIP_Limits_Nodes=9223372036800000000;CPXPARAM_MIP_Limits_ProbeTime=1e+75;CPXPARAM_MIP_Limits_RepairTries=0;CPXPARAM_MIP_Limits_StrongCand=10;CPXPARAM_MIP_Limits_StrongIt=0;CPXPARAM_MIP_OrderType=0;CPXPARAM_MIP_Strategy_BBInterval=7;CPXPARAM_MIP_Strategy_Branch=0;CPXPARAM_MIP_Strategy_Dive=0;CPXPARAM_MIP_Strategy_File=1;CPXPARAM_MIP_Strategy_HeuristicFreq=0;CPXPARAM_MIP_Strategy_LBHeur=0;CPXPARAM_MIP_Strategy_NodeSelect=3;CPXPARAM_MIP_Strategy_Order=1;CPXPARAM_MIP_Strategy_PresolveNode=3;CPXPARAM_MIP_Strategy_Probe=1;CPXPARAM_MIP_Strategy_RINSHeur=0;CPXPARAM_MIP_Strategy_StartAlgorithm=0;CPXPARAM_MIP_Strategy_SubAlgorithm=2;CPXPARAM_MIP_Strategy_VariableSelect=2;CPXPARAM_Network_NetFind=2;CPXPARAM_Network_Pricing=0;CPXPARAM_Parallel=1;CPXPARAM_Preprocessing_Aggregator=-1;CPXPARAM_Preprocessing_BoundStrength=-1;CPXPARAM_Preprocessing_CoeffReduce=-1;CPXPARAM_Preprocessing_Dependency=-1;CPXPARAM_Preprocessing_Dual=0;CPXPARAM_Preprocessing_Fill=5;CPXPARAM_Preprocessing_NumPass=-1;CPXPARAM_Preprocessing_Presolve=1;CPXPARAM_Preprocessing_QPMakePSD=1;CPXPARAM_Preprocessing_Reduce=3;CPXPARAM_Preprocessing_Relax=-1;CPXPARAM_Preprocessing_RepeatPresolve=-1;CPXPARAM_Preprocessing_Symmetry=-1;CPXPARAM_Read_Scale=0;CPXPARAM_Sifting_Algorithm=0;CPXPARAM_Simplex_Crash=1;CPXPARAM_Simplex_DGradient=0;CPXPARAM_Simplex_Limits_Perturbation=0;CPXPARAM_Simplex_Limits_Singularity=10;CPXPARAM_Simplex_PGradient=0;CPXPARAM_Simplex_Pricing=0;CPXPARAM_Simplex_Refactor=0
9787911195655941438,0,CPXPARAM_Advance=1;CPXPARAM_Barrier_Algorithm=0;CPXPARAM_Barrier_ColNonzeros=0;CPXPARAM_Barrier_Crossover=0;CPXPARAM_Barrier_Limits_Corrections=-1;CPXPARAM_Barrier_Ordering=0;CPXPARAM_Barrier_StartAlg=1;CPXPARAM_Emphasis_MIP=0;CPXPARAM_Emphasis_Memory=0;CPXPARAM_Emphasis_Numerical=0;CPXPARAM_Feasopt_Mode=0;CPXPARAM_LPMethod=0;CPXPARAM_MIP_Cuts_Cliques=3;CPXPARAM_MIP_Cuts_Covers=-1;CPXPARAM_MIP_Cuts_Disjunctive=-1;CPXPARAM_MIP_Cuts_FlowCovers=-1;CPXPARAM_MIP_Cuts_GUBCovers=0;CPXPARAM_MIP_Cuts_Gomory=0;CPXPARAM_MIP_Cuts_Implied=2;CPXPARAM_MIP_Cuts_MIRCut=-1;CPXPARAM_MIP_Cuts_PathCut=-1;CPXPARAM_MIP_Limits_AggForCut=10;CPXPARAM_MIP_Limits_CutPasses=0;CPXPARAM_MIP_Limits_CutsFactor=-1;CPXPARAM_MIP_Limits_GomoryCand=50;CPXPARAM_MIP_Limits_GomoryPass=0;CPXPARAM_MIP_Limits_Nodes=9223372036800000000;CPXPARAM_MIP_Limits_ProbeTime=1e+75;CPXPARAM_MIP_Limits_RepairTries=0;CPXPARAM_MIP_Limits_StrongCand=10;CPXPARAM_MIP_Limits_StrongIt=0;CPXPARAM_MIP_OrderType=0;CPXPARAM_MIP_Strategy_BBInterval=7;CPXPARAM_MIP_Strategy_Branch=0;CPXPARAM_MIP_Strategy_Dive=0;CPXPARAM_MIP_Strategy_File=1;CPXPARAM_MIP_Strategy_HeuristicFreq=0;CPXPARAM_MIP_Strategy_LBHeur=0;CPXPARAM_MIP_Strategy_NodeSelect=0;CPXPARAM_MIP_Strategy_Order=1;CPXPARAM_MIP_Strategy_PresolveNode=3;CPXPARAM_MIP_Strategy_Probe=0;CPXPARAM_MIP_Strategy_RINSHeur=0;CPXPARAM_MIP_Strategy_StartAlgorithm=0;CPXPARAM_MIP_Strategy_SubAlgorithm=0;CPXPARAM_MIP_Strategy_VariableSelect=2;CPXPARAM_Network_NetFind=2;CPXPARAM_Network_Pricing=0;CPXPARAM_Parallel=1;CPXPARAM_Preprocessing_Aggregator=-1;CPXPARAM_Preprocessing_BoundStrength=-1;CPXPARAM_Preprocessing_CoeffReduce=-1;CPXPARAM_Preprocessing_Dependency=-1;CPXPARAM_Preprocessing_Dual=0;CPXPARAM_Preprocessing_Fill=20;CPXPARAM_Preprocessing_NumPass=-1;CPXPARAM_Preprocessing_Presolve=1;CPXPARAM_Preprocessing_QPMakePSD=1;CPXPARAM_Preprocessing_Reduce=3;CPXPARAM_Preprocessing_Relax=-1;CPXPARAM_Preprocessing_RepeatPresolve=-1;CPXPARAM_Preprocessing_Symmetry=-1;CPXPARAM_Read_Scale=0;CPXPARAM_Sifting_Algorithm=0;CPXPARAM_Simplex_Crash=1;CPXPARAM_Simplex_DGradient=0;CPXPARAM_Simplex_Limits_Perturbation=0;CPXPARAM_Simplex_Limits_Singularity=10;CPXPARAM_Simplex_PGradient=0;CPXPARAM_Simplex_Pricing=0;CPXPARAM_Simplex_Refactor=0
6340252946575437807,0,CPXPARAM_Advance=1;CPXPARAM_Barrier_Algorithm=0;CPXPARAM_Barrier_ColNonzeros=0;CPXPARAM_Barrier_Crossover=0;CPXPARAM_Barrier_Limits_Corrections=-1;CPXPARAM_Barrier_Ordering=0;CPXPARAM_Barrier_StartAlg=1;CPXPARAM_Emphasis_MIP=1;CPXPARAM_Emphasis_Memory=0;CPXPARAM_Emphasis_Numerical=0;CPXPARAM_Feasopt_Mode=0;CPXPARAM_LPMethod=0;CPXPARAM_MIP_Cuts_Cliques=-1;CPXPARAM_MIP_Cuts_Covers=0;CPXPARAM_MIP_Cuts_Disjunctive=1;CPXPARAM_MIP_Cuts_FlowCovers=0;CPXPARAM_MIP_Cuts_GUBCovers=2;CPXPARAM_MIP_Cuts_Gomory=2;CPXPARAM_MIP_Cuts_Implied=1;CPXPARAM_MIP_Cuts_MIRCut=1;CPXPARAM_MIP_Cuts_PathCut=1;CPXPARAM_MIP_Limits_AggForCut=3;CPXPARAM_MIP_Limits_CutPasses=0;CPXPARAM_MIP_Limits_CutsFactor=-1;CPXPARAM_MIP_Limits_GomoryCand=200;CPXPARAM_MIP_Limits_GomoryPass=0;CPXPARAM_MIP_Limits_Nodes=9223372036800000000;CPXPARAM_MIP_Limits_ProbeTime=1e+75;CPXPARAM_MIP_Limits_RepairTries=0;CPXPARAM_MIP_Limits_StrongCand=10;CPXPARAM_MIP_Limits_StrongIt=0;CPXPARAM_MIP_OrderType=0;CPXPARAM_MIP_Strategy_BBInterval=7;CPXPARAM_MIP_Strategy_Branch=0;CPXPARAM_MIP_Strategy_Dive=0;CPXPARAM_MIP_Strategy_File=1;CPXPARAM_MIP_Strategy_HeuristicFreq=0;CPXPARAM_MIP_Strategy_LBHeur=0;CPXPARAM_MIP_Strategy_NodeSelect=1;CPXPARAM_MIP_Strategy_Order=1;CPXPARAM_MIP_Strategy_PresolveNode=0;CPXPARAM_MIP_Strategy_Probe=0;CPXPARAM_MIP_Strategy_RINSHeur=0;CPXPARAM_MIP_Strategy_StartAlgorithm=0;CPXPARAM_MIP_Strategy_SubAlgorithm=0;CPXPARAM_MIP_Strategy_VariableSelect=0;CPXPARAM_Network_NetFind=2;CPXPARAM_Network_Pricing=0;CPXPARAM_Parallel=1;CPXPARAM_Preprocessing_Aggregator=-1;CPXPARAM_Preprocessing_BoundStrength=-1;CPXPARAM_Preprocessing_CoeffReduce=-1;CPXPARAM_Preprocessing_Dependency=-1;CPXPARAM_Preprocessing_Dual=0;CPXPARAM_Preprocessing_Fill=10;CPXPARAM_Preprocessing_NumPass=-1;CPXPARAM_Preprocessing_Presolve=1;CPXPARAM_Preprocessing_QPMakePSD=1;CPXPARAM_Preprocessing_Reduce=3;CPXPARAM_Preprocessing_Relax=-1;CPXPARAM_Preprocessing_RepeatPresolve=-1;CPXPARAM_Preprocessing_Symmetry=-1;CPXPARAM_Read_Scale=0;CPXPARAM_Sifting_Algorithm=0;CPXPARAM_Simplex_Crash=1;CPXPARAM_Simplex_DGradient=0;CPXPARAM_Simplex_Limits_Perturbation=0;CPXPARAM_Simplex_Limits_Singularity=10;CPXPARAM_Simplex_PGradient=0;CPXPARAM_Simplex_Pricing=0;CPXPARAM_Simplex_Refactor=0
4371255403862860185,0,CPXPARAM_Advance=1;CPXPARAM_Barrier_Algorithm=0;CPXPARAM_Barrier_ColNonzeros=0;CPXPARAM_Barrier_Crossover=0;CPXPARAM_Barrier_Limits_Corrections=-1;CPXPARAM_Barrier_Ordering=0;CPXPARAM_Barrier_StartAlg=1;CPXPARAM_Emphasis_MIP=2;CPXPARAM_Emphasis_Memory=0;CPXPARAM_Emphasis_Numerical=0;CPXPARAM_Feasopt_Mode=0;CPXPARAM_LPMethod=5;CPXPARAM_MIP_Cuts_Cliques=-1;CPXPARAM_MIP_Cuts_Covers=2;CPXPARAM_MIP_Cuts_Disjunctive=1;CPXPARAM_MIP_Cuts_FlowCovers=2;CPXPARAM_MIP_Cuts_GUBCovers=1;CPXPARAM_MIP_Cuts_Gomory=0;CPXPARAM_MIP_Cuts_Implied=-1;CPXPARAM_MIP_Cuts_MIRCut=-1;CPXPARAM_MIP_Cuts_PathCut=-1;CPXPARAM_MIP_Limits_AggForCut=3;CPXPARAM_MIP_Limits_CutPasses=0;CPXPARAM_MIP_Limits_CutsFactor=-1;CPXPARAM_MIP_Limits_GomoryCand=400;CPXPARAM_MIP_Limits_GomoryPass=0;CPXPARAM_MIP_Limits_Nodes=9223372036800000000;CPXPARAM_MIP_Limits_ProbeTime=1e+75;CPXPARAM_MIP_Limits_RepairTries=0;CPXPARAM_MIP_Limits_StrongCand=10;CPXPARAM_MIP_Limits_StrongIt=0;CPXPARAM_MIP_OrderType=0;CPXPARAM_MIP_Strategy_BBInterval=7;CPXPARAM_MIP_Strategy_Branch=0;CPXPARAM_MIP_Strategy_Dive=0;CPXPARAM_MIP_Strategy_File=1;CPXPARAM_MIP_Strategy_HeuristicFreq=0;CPXPARAM_MIP_Strategy_LBHeur=0;CPXPARAM_MIP_Strategy_NodeSelect=1;CPXPARAM_MIP_Strategy_Order=1;CPXPARAM_MIP_Strategy_PresolveNode=0;CPXPARAM_MIP_Strategy_Probe=0;CPXPARAM_MIP_Strategy_RINSHeur=0;CPXPARAM_MIP_Strategy_StartAlgorithm=0;CPXPARAM_MIP_Strategy_SubAlgorithm=0;CPXPARAM_MIP_Strategy_VariableSelect=0;CPXPARAM_Network_NetFind=2;CPXPARAM_Network_Pricing=0;CPXPARAM_Parallel=1;CPXPARAM_Preprocessing_Aggregator=-1;CPXPARAM_Preprocessing_BoundStrength=-1;CPXPARAM_Preprocessing_CoeffReduce=-1;CPXPARAM_Preprocessing_Dependency=-1;CPXPARAM_Preprocessing_Dual=0;CPXPARAM_Preprocessing_Fill=10;CPXPARAM_Preprocessing_NumPass=-1;CPXPARAM_Preprocessing_Presolve=1;CPXPARAM_Preprocessing_QPMakePSD=1;CPXPARAM_Preprocessing_Reduce=3;CPXPARAM_Preprocessing_Relax=-1;CPXPARAM_Preprocessing_RepeatPresolve=-1;CPXPARAM_Preprocessing_Symmetry=-1;CPXPARAM_Read_Scale=0;CPXPARAM_Sifting_Algorithm=0;CPXPARAM_Simplex_Crash=1;CPXPARAM_Simplex_DGradient=0;CPXPARAM_Simplex_Limits_Perturbation=0;CPXPARAM_Simplex_Limits_Singularity=10;CPXPARAM_Simplex_PGradient=0;CPXPARAM_Simplex_Pricing=0;CPXPARAM_Simplex_Refactor=0
178720095438107547,0,CPXPARAM_Advance=1;CPXPARAM_Barrier_Algorithm=0;CPXPARAM_Barrier_ColNonzeros=0;CPXPARAM_Barrier_Crossover=0;CPXPARAM_Barrier_Limits_Corrections=-1;CPXPARAM_Barrier_Ordering=0;CPXPARAM_Barrier_StartAlg=1;CPXPARAM_Emphasis_MIP=4;CPXPARAM_Emphasis_Memory=0;CPXPARAM_Emphasis_Numerical=0;CPXPARAM_Feasopt_Mode=0;CPXPARAM_LPMethod=0;CPXPARAM_MIP_Cuts_Cliques=0;CPXPARAM_MIP_Cuts_Covers=1;CPXPARAM_MIP_Cuts_Disjunctive=0;CPXPARAM_MIP_Cuts_FlowCovers=-1;CPXPARAM_MIP_Cuts_GUBCovers=2;CPXPARAM_MIP_Cuts_Gomory=-1;CPXPARAM_MIP_Cuts_Implied=0;CPXPARAM_MIP_Cuts_MIRCut=0;CPXPARAM_MIP_Cuts_PathCut=1;CPXPARAM_MIP_Limits_AggForCut=3;CPXPARAM_MIP_Limits_CutPasses=0;CPXPARAM_MIP_Limits_CutsFactor=-1;CPXPARAM_MIP_Limits_GomoryCand=150;CPXPARAM_MIP_Limits_GomoryPass=0;CPXPARAM_MIP_Limits_Nodes=9223372036800000000;CPXPARAM_MIP_Limits_ProbeTime=1e+75;CPXPARAM_MIP_Limits_RepairTries=0;CPXPARAM_MIP_Limits_StrongCand=10;CPXPARAM_MIP_Limits_StrongIt=0;CPXPARAM_MIP_OrderType=0;CPXPARAM_MIP_Strategy_BBInterval=7;CPXPARAM_MIP_Strategy_Branch=0;CPXPARAM_MIP_Strategy_Dive=0;CPXPARAM_MIP_Strategy_File=1;CPXPARAM_MIP_Strategy_HeuristicFreq=0;CPXPARAM_MIP_Strategy_LBHeur=0;CPXPARAM_MIP_Strategy_NodeSelect=1;CPXPARAM_MIP_Strategy_Order=1;CPXPARAM_MIP_Strategy_PresolveNode=0;CPXPARAM_MIP_Strategy_Probe=0;CPXPARAM_MIP_Strategy_RINSHeur=0;CPXPARAM_MIP_Strategy_StartAlgorithm=0;CPXPARAM_MIP_Strategy_SubAlgorithm=0;CPXPARAM_MIP_Strategy_VariableSelect=0;CPXPARAM_Network_NetFind=2;CPXPARAM_Network_Pricing=0;CPXPARAM_Parallel=1;CPXPARAM_Preprocessing_Aggregator=-1;CPXPARAM_Preprocessing_BoundStrength=-1;CPXPARAM_Preprocessing_CoeffReduce=-1;CPXPARAM_Preprocessing_Dependency=-1;CPXPARAM_Preprocessing_Dual=0;CPXPARAM_Preprocessing_Fill=10;CPXPARAM_Preprocessing_NumPass=-1;CPXPARAM_Preprocessing_Presolve=1;CPXPARAM_Preprocessing_QPMakePSD=1;CPXPARAM_Preprocessing_Reduce=3;CPXPARAM_Preprocessing_Relax=-1;CPXPARAM_Preprocessing_RepeatPresolve=-1;CPXPARAM_Preprocessing_Symmetry=-1;CPXPARAM_Read_Scale=0;CPXPARAM_Sifting_Algorithm=0;CPXPARAM_Simplex_Crash=1;CPXPARAM_Simplex_DGradient=0;CPXPARAM_Simplex_Limits_Perturbation=0;CPXPARAM_Simplex_Limits_Singularity=10;CPXPARAM_Simplex_PGradient=0;CPXPARAM_Simplex_Pricing=0;CPXPARAM_Simplex_Refactor=0
12789408889699480388,0,CPXPARAM_Advance=1;CPXPARAM_Barrier_Algorithm=0;CPXPARAM_Barrier_ColNonzeros=0;CPXPARAM_Barrier_Crossover=0;CPXPARAM_Barrier_Limits_Corrections=-1;CPXPARAM_Barrier_Ordering=0;CPXPARAM_Barrier_StartAlg=1;CPXPARAM_Emphasis_MIP=0;CPXPARAM_Emphasis_Memory=0;CPXPARAM_Emphasis_Numerical=0;CPXPARAM_Feasopt_Mode=0;CPXPARAM_LPMethod=0;CPXPARAM_MIP_Cuts_Cliques=3;CPXPARAM_MIP_Cuts_Covers=3;CPXPARAM_MIP_Cuts_Disjunctive=1;CPXPARAM_MIP_Cuts_FlowCovers=0;CPXPARAM_MIP_Cuts_GUBCovers=0;CPXPARAM_MIP_Cuts_Gomory=-1;CPXPARAM_MIP_Cuts_Implied=1;CPXPARAM_MIP_Cuts_MIRCut=2;CPXPARAM_MIP_Cuts_PathCut=-1;CPXPARAM_MIP_Limits_AggForCut=3;CPXPARAM_MIP_Limits_CutPasses=0;CPXPARAM_MIP_Limits_CutsFactor=-1;CPXPARAM_MIP_Limits_GomoryCand=200;CPXPARAM_MIP_Limits_GomoryPass=0;CPXPARAM_MIP_Limits_Nodes=9223372036800000000;CPXPARAM_MIP_Limits_ProbeTime=1e+75;CPXPARAM_MIP_Limits_RepairTries=0;CPXPARAM_MIP_Limits_StrongCand=10;CPXPARAM_MIP_Limits_StrongIt=0;CPXPARAM_MIP_OrderType=0;CPXPARAM_MIP_Strategy_BBInterval=7;CPXPARAM_MIP_Strategy_Branch=0;CPXPARAM_MIP_Strategy_Dive=0;CPXPARAM_MIP_Strategy_File=1;CPXPARAM_MIP_Strategy_HeuristicFreq=0;CPXPARAM_MIP_Strategy_LBHeur=0;CPXPARAM_MIP_Strategy_NodeSelect=2;CPXPARAM_MIP_Strategy_Order=1;CPXPARAM_MIP_Strategy_PresolveNode=2;CPXPARAM_MIP_Strategy_Probe=1;CPXPARAM_MIP_Strategy_RINSHeur=0;CPXPARAM_MIP_Strategy_StartAlgorithm=0;CPXPARAM_MIP_Strategy_SubAlgorithm=0;CPXPARAM_MIP_Strategy_VariableSelect=3;CPXPARAM_Network_NetFind=2;CPXPARAM_Network_Pricing=0;CPXPARAM_Parallel=1;CPXPARAM_Preprocessing_Aggregator=-1;CPXPARAM_Preprocessing_BoundStrength=-1;CPXPARAM_Preprocessing_CoeffReduce=-1;CPXPARAM_Preprocessing_Dependency=-1;CPXPARAM_Preprocessing_Dual=0;CPXPARAM_Preprocessing_Fill=10;CPXPARAM_Preprocessing_NumPass=-1;CPXPARAM_Preprocessing_Presolve=1;CPXPARAM_Preprocessing_QPMakePSD=1;CPXPARAM_Preprocessing_Reduce=3;CPXPARAM_Preprocessing_Relax=-1;CPXPARAM_Preprocessing_RepeatPresolve=-1;CPXPARAM_Preprocessing_Symmetry=-1;CPXPARAM_Read_Scale=0;CPXPARAM_Sifting_Algorithm=0;CPXPARAM_Simplex_Crash=1;CPXPARAM_Simplex_DGradient=0;CPXPARAM_Simplex_Limits_Perturbation=0;CPXPARAM_Simplex_Limits_Singularity=10;CPXPARAM_Simplex_PGradient=0;CPXPARAM_Simplex_Pricing=0;CPXPARAM_Simplex_Refactor=0
4190478394886113992,0,CPXPARAM_Advance=1;CPXPARAM_Barrier_Algorithm=0;CPXPARAM_Barrier_ColNonzeros=0;CPXPARAM_Barrier_Crossover=0;CPXPARAM_Barrier_Limits_Corrections=-1;CPXPARAM_Barrier_Ordering=0;CPXPARAM_Barrier_StartAlg=1;CPXPARAM_Emphasis_MIP=2;CPXPARAM_Emphasis_Memory=0;CPXPARAM_Emphasis_Numerical=0;CPXPARAM_Feasopt_Mode=0;CPXPARAM_LPMethod=0;CPXPARAM_MIP_Cuts_Cliques=-1;CPXPARAM_MIP_Cuts_Covers=2;CPXPARAM_MIP_Cuts_Disjunctive=1;CPXPARAM_MIP_Cuts_FlowCovers=2;CPXPARAM_MIP_Cuts_GUBCovers=1;CPXPARAM_MIP_Cuts_Gomory=0;CPXPARAM_MIP_Cuts_Implied=-1;CPXPARAM_MIP_Cuts_MIRCut=-1;CPXPARAM_MIP_Cuts_PathCut=-1;CPXPARAM_MIP_Limits_AggForCut=3;CPXPARAM_MIP_Limits_CutPasses=0;CPXPARAM_MIP_Limits_CutsFactor=-1;CPXPARAM_MIP_Limits_GomoryCand=400;CPXPARAM_MIP_Limits_GomoryPass=0;CPXPARAM_MIP_Limits_Nodes=9223372036800000000;CPXPARAM_MIP_Limits_ProbeTime=1e+75;CPXPARAM_MIP_Limits_RepairTries=0;CPXPARAM_MIP_Limits_StrongCand=10;CPXPARAM_MIP_Limits_StrongIt=0;CPXPARAM_MIP_OrderType=0;CPXPARAM_MIP_Strategy_BBInterval=7;CPXPARAM_MIP_Strategy_Branch=0;CPXPARAM_MIP_Strategy_Dive=0;CPXPARAM_MIP_Strategy_File=1;CPXPARAM_MIP_Strategy_HeuristicFreq=0;CPXPARAM_MIP_Strategy_LBHeur=0;CPXPARAM_MIP_Strategy_NodeSelect=1;CPXPARAM_MIP_Strategy_Order=1;CPXPARAM_MIP_Strategy_PresolveNode=0;CPXPARAM_MIP_Strategy_Probe=0;CPXPARAM_MIP_Strategy_RINSHeur=0;CPXPARAM_MIP_Strategy_StartAlgorithm=0;CPXPARAM_MIP_Strategy_SubAlgorithm=0;CPXPARAM_MIP_Strategy_VariableSelect=0;CPXPARAM_Network_NetFind=2;CPXPARAM_Network_Pricing=0;CPXPARAM_Parallel=1;CPXPARAM_Preprocessing_Aggregator=-1;CPXPARAM_Preprocessing_BoundStrength=-1;CPXPARAM_Preprocessing_CoeffReduce=-1;CPXPARAM_Preprocessing_Dependency=-1;CPXPARAM_Preprocessing_Dual=0;CPXPARAM_Preprocessing_Fill=40;CPXPARAM_Preprocessing_NumPass=-1;CPXPARAM_Preprocessing_Presolve=1;CPXPARAM_Preprocessing_QPMakePSD=1;CPXPARAM_Preprocessing_Reduce=3;CPXPARAM_Preprocessing_Relax=-1;CPXPARAM_Preprocessing_RepeatPresolve=-1;CPXPARAM_Preprocessing_Symmetry=-1;CPXPARAM_Read_Scale=0;CPXPARAM_Sifting_Algorithm=0;CPXPARAM_Simplex_Crash=1;CPXPARAM_Simplex_DGradient=0;CPXPARAM_Simplex_Limits_Perturbation=0;CPXPARAM_Simplex_Limits_Singularity=10;CPXPARAM_Simplex_PGradient=0;CPXPARAM_Simplex_Pricing=0;CPXPARAM_Simplex_Refactor=0
14214381594668085838,0,CPXPARAM_Advance=1;CPXPARAM_Barrier_Algorithm=0;CPXPARAM_Barrier_ColNonzeros=0;CPXPARAM_Barrier_Crossover=0;CPXPARAM_Barrier_Limits_Corrections=-1;CPXPARAM_Barrier_Ordering=0;CPXPARAM_Barrier_StartAlg=1;CPXPARAM_Emphasis_MIP=2;CPXPARAM_Emphasis_Memory=0;CPXPARAM_Emphasis_Numerical=0;CPXPARAM_Feasopt_Mode=0;CPXPARAM_LPMethod=0;CPXPARAM_MIP_Cuts_Cliques=-1;CPXPARAM_MIP_Cuts_Covers=2;CPXPARAM_MIP_Cuts_Disjunctive=1;CPXPARAM_MIP_Cuts_FlowCovers=2;CPXPARAM_MIP_Cuts_GUBCovers=1;CPXPARAM_MIP_Cuts_Gomory=0;CPXPARAM_MIP_Cuts_Implied=-1;CPXPARAM_MIP_Cuts_MIRCut=-1;CPXPARAM_MIP_Cuts_PathCut=-1;CPXPARAM_MIP_Limits_AggForCut=3;CPXPARAM_MIP_Limits_CutPasses=0;CPXPARAM_MIP_Limits_CutsFactor=-1;CPXPARAM_MIP_Limits_GomoryCand=400;CPXPARAM_MIP_Limits_GomoryPass=0;CPXPARAM_MIP_Limits_Nodes=9223372036800000000;CPXPARAM_MIP_Limits_ProbeTime=1e+75;CPXPARAM_MIP_Limits_RepairTries=0;CPXPARAM_MIP_Limits_StrongCand=10;CPXPARAM_MIP_Limits_StrongIt=0;CPXPARAM_MIP_OrderType=0;CPXPARAM_MIP_Strategy_BBInterval=7;CPXPARAM_MIP_Strategy_Branch=0;CPXPARAM_MIP_Strategy_Dive=0;CPXPARAM_MIP_Strategy_File=1;CPXPARAM_MIP_Strategy_HeuristicFreq=0;CPXPARAM_MIP_Strategy_LBHeur=0;CPXPARAM_MIP_Strategy_NodeSelect=1;CPXPARAM_MIP_Strategy_Order=1;CPXPARAM_MIP_Strategy_PresolveNode=0;CPXPARAM_MIP_Strategy_Probe=0;CPXPARAM_MIP_Strategy_RINSHeur=0;CPXPARAM_MIP_Strategy_StartAlgorithm=0;CPXPARAM_MIP_Strategy_SubAlgorithm=0;CPXPARAM_MIP_Strategy_VariableSelect=1;CPXPARAM_Network_NetFind=2;CPXPARAM_Network_Pricing=0;CPXPARAM_Parallel=1;CPXPARAM_Preprocessing_Aggregator=-1;CPXPARAM_Preprocessing_BoundStrength=-1;CPXPARAM_Preprocessing_CoeffReduce=-1;CPXPARAM_Preprocessing_Dependency=-1;CPXPARAM_Preprocessing_Dual=0;CPXPARAM_Preprocessing_Fill=10;CPXPARAM_Preprocessing_NumPass=-1;CPXPARAM_Preprocessing_Presolve=1;CPXPARAM_Preprocessing_QPMakePSD=1;CPXPARAM_Preprocessing_Reduce=3;CPXPARAM_Preprocessing_Relax=-1;CPXPARAM_Preprocessing_RepeatPresolve=-1;CPXPARAM_Preprocessing_Symmetry=-1;CPXPARAM_Read_Scale=0;CPXPARAM_Sifting_Algorithm=0;CPXPARAM_Simplex_Crash=1;CPXPARAM_Simplex_DGradient=0;CPXPARAM_Simplex_Limits_Perturbation=0;CPXPARAM_Simplex_Limits_Singularity=10;CPXPARAM_Simplex_PGradient=0;CPXPARAM_Simplex_Pricing=0;CPXPARAM_Simplex_Refactor=0
320573967236120510,0,CPXPARAM_Advance=1;CPXPARAM_Barrier_Algorithm=0;CPXPARAM_Barrier_ColNonzeros=0;CPXPARAM_Barrier_Crossover=0;CPXPARAM_Barrier_Limits_Corrections=-1;CPXPARAM_Barrier_Ordering=0;CPXPARAM_Barrier_StartAlg=1;CPXPARAM_Emphasis_MIP=4;CPXPARAM_Emphasis_Memory=0;CPXPARAM_Emphasis_Numerical=0;CPXPARAM_Feasopt_Mode=0;CPXPARAM_LPMethod=0;CPXPARAM_MIP_Cuts_Cliques=-1;CPXPARAM_MIP_Cuts_Covers=0;CPXPARAM_MIP_Cuts_Disjunctive=-1;CPXPARAM_MIP_Cuts_FlowCovers=2;CPXPARAM_MIP_Cuts_GUBCovers=0;CPXPARAM_MIP_Cuts_Gomory=1;CPXPARAM_MIP_Cuts_Implied=1;CPXPARAM_MIP_Cuts_MIRCut=2;CPXPARAM_MIP_Cuts_PathCut=-1;CPXPARAM_MIP_Limits_AggForCut=3;CPXPARAM_MIP_Limits_CutPasses=0;CPXPARAM_MIP_Limits_CutsFactor=-1;CPXPARAM_MIP_Limits_GomoryCand=400;CPXPARAM_MIP_Limits_GomoryPass=0;CPXPARAM_MIP_Limits_Nodes=9223372036800000000;CPXPARAM_MIP_Limits_ProbeTime=1e+75;CPXPARAM_MIP_Limits_RepairTries=0;CPXPARAM_MIP_Limits_StrongCand=10;CPXPARAM_MIP_Limits_StrongIt=0;CPXPARAM_MIP_OrderType=0;CPXPARAM_MIP_Strategy_BBInterval=7;CPXPARAM_MIP_Strategy_Branch=0;CPXPARAM_MIP_Strategy_Dive=0;CPXPARAM_MIP_Strategy_File=1;CPXPARAM_MIP_Strategy_HeuristicFreq=0;CPXPARAM_MIP_Strategy_LBHeur=0;CPXPARAM_MIP_Strategy_NodeSelect=1;CPXPARAM_MIP_Strategy_Order=1;CPXPARAM_MIP_Strategy_PresolveNode=0;CPXPARAM_MIP_Strategy_Probe=2;CPXPARAM_MIP_Strategy_RINSHeur=0;CPXPARAM_MIP_Strategy_StartAlgorithm=0;CPXPARAM_MIP_Strategy_SubAlgorithm=0;CPXPARAM_MIP_Strategy_VariableSelect=0;CPXPARAM_Network_NetFind=2;CPXPARAM_Network_Pricing=0;CPXPARAM_Parallel=1;CPXPARAM_Preprocessing_Aggregator=-1;CPXPARAM_Preprocessing_BoundStrength=-1;CPXPARAM_Preprocessing_CoeffReduce=-1;CPXPARAM_Preprocessing_Dependency=-1;CPXPARAM_Preprocessing_Dual=0;CPXPARAM_Preprocessing_Fill=10;CPXPARAM_Preprocessing_NumPass=-1;CPXPARAM_Preprocessing_Presolve=1;CPXPARAM_Preprocessing_QPMakePSD=1;CPXPARAM_Preprocessing_Reduce=3;CPXPARAM_Preprocessing_Relax=-1;CPXPARAM_Preprocessing_RepeatPresolve=-1;CPXPARAM_Preprocessing_Symmetry=-1;CPXPARAM_Read_Scale=0;CPXPARAM_Sifting_Algorithm=0;CPXPARAM_Simplex_Crash=1;CPXPARAM_Simplex_DGradient=0;CPXPARAM_Simplex_Limits_Perturbation=0;CPXPARAM_Simplex_Limits_Singularity=10;CPXPARAM_Simplex_PGradient=0;CPXPARAM_Simplex_Pricing=0;CPXPARAM_Simplex_Refactor=0
15134833701719317227,0,CPXPARAM_Advance=1;CPXPARAM_Barrier_Algorithm=0;CPXPARAM_Barrier_ColNonzeros=0;CPXPARAM_Barrier_Crossover=0;CPXPARAM_Barrier_Limits_Corrections=-1;CPXPARAM_Barrier_Ordering=0;CPXPARAM_Barrier_StartAlg=1;CPXPARAM_Emphasis_MIP=5;CPXPARAM_Emphasis_Memory=0;CPXPARAM_Emphasis_Numerical=0;CPXPARAM_Feasopt_Mode=0;CPXPARAM_LPMethod=0;CPXPARAM_MIP_Cuts_Cliques=-1;CPXPARAM_MIP_Cuts_Covers=0;CPXPARAM_MIP_Cuts_Disjunctive=1;CPXPARAM_MIP_Cuts_FlowCovers=0;CPXPARAM_MIP_Cuts_GUBCovers=1;CPXPARAM_MIP_Cuts_Gomory=0;CPXPARAM_MIP_Cuts_Implied=2;CPXPARAM_MIP_Cuts_MIRCut=0;CPXPARAM_MIP_Cuts_PathCut=-1;CPXPARAM_MIP_Limits_AggForCut=3;CPXPARAM_MIP_Limits_CutPasses=0;CPXPARAM_MIP_Limits_CutsFactor=-1;CPXPARAM_MIP_Limits_GomoryCand=25;CPXPARAM_MIP_Limits_GomoryPass=0;CPXPARAM_MIP_Limits_Nodes=9223372036800000000;CPXPARAM_MIP_Limits_ProbeTime=1e+75;CPXPARAM_MIP_Limits_RepairTries=0;CPXPARAM_MIP_Limits_StrongCand=10;CPXPARAM_MIP_Limits_StrongIt=0;CPXPARAM_MIP_OrderType=0;CPXPARAM_MIP_Strategy_BBInterval=7;CPXPARAM_MIP_Strategy_Branch=0;CPXPARAM_MIP_Strategy_Dive=0;CPXPARAM_MIP_Strategy_File=1;CPXPARAM_MIP_Strategy_HeuristicFreq=0;CPXPARAM_MIP_Strategy_LBHeur=0;CPXPARAM_MIP_Strategy_NodeSelect=1;CPXPARAM_MIP_Strategy_Order=1;CPXPARAM_MIP_Strategy_PresolveNode=0;CPXPARAM_MIP_Strategy_Probe=3;CPXPARAM_MIP_Strategy_RINSHeur=0;CPXPARAM_MIP_Strategy_StartAlgorithm=0;CPXPARAM_MIP_Strategy_SubAlgorithm=0;CPXPARAM_MIP_Strategy_VariableSelect=0;CPXPARAM_Network_NetFind=2;CPXPARAM_Network_Pricing=0;CPXPARAM_Parallel=1;CPXPARAM_Preprocessing_Aggregator=-1;CPXPARAM_Preprocessing_BoundStrength=-1;CPXPARAM_Preprocessing_CoeffReduce=-1;CPXPARAM_Preprocessing_Dependency=-1;CPXPARAM_Preprocessing_Dual=0;CPXPARAM_Preprocessing_Fill=10;CPXPARAM_Preprocessing_NumPass=-1;CPXPARAM_Preprocessing_Presolve=1;CPXPARAM_Preprocessing_QPMakePSD=1;CPXPARAM_Preprocessing_Reduce=3;CPXPARAM_Preprocessing_Relax=-1;CPXPARAM_Preprocessing_RepeatPresolve=-1;CPXPARAM_Preprocessing_Symmetry=-1;CPXPARAM_Read_Scale=0;CPXPARAM_Sifting_Algorithm=0;CPXPARAM_Simplex_Crash=1;CPXPARAM_Simplex_DGradient=0;CPXPARAM_Simplex_Limits_Perturbation=0;CPXPARAM_Simplex_Limits_Singularity=10;CPXPARAM_Simplex_PGradient=0;CPXPARAM_Simplex_Pricing=0;CPXPARAM_Simplex_Refactor=0
2922524368295993868,0,CPXPARAM_Advance=1;CPXPARAM_Barrier_Algorithm=0;CPXPARAM_Barrier_ColNonzeros=0;CPXPARAM_Barrier_Crossover=0;CPXPARAM_Barrier_Limits_Corrections=-1;CPXPARAM_Barrier_Ordering=0;CPXPARAM_Barrier_StartAlg=1;CPXPARAM_Emphasis_MIP=4;CPXPARAM_Emphasis_Memory=0;CPXPARAM_Emphasis_Numerical=0;CPXPARAM_Feasopt_Mode=0;CPXPARAM_LPMethod=0;CPXPARAM_MIP_Cuts_Cliques=3;CPXPARAM_MIP_Cuts_Covers=-1;CPXPARAM_MIP_Cuts_Disjunctive=-1;CPXPARAM_MIP_Cuts_FlowCovers=2;CPXPARAM_MIP_Cuts_GUBCovers=0;CPXPARAM_MIP_Cuts_Gomory=1;CPXPARAM_MIP_Cuts_Implied=1;CPXPARAM_MIP_Cuts_MIRCut=2;CPXPARAM_MIP_Cuts_PathCut=-1;CPXPARAM_MIP_Limits_AggForCut=3;CPXPARAM_MIP_Limits_CutPasses=0;CPXPARAM_MIP_Limits_CutsFactor=-1;CPXPARAM_MIP_Limits_GomoryCand=800;CPXPARAM_MIP_Limits_GomoryPass=0;CPXPARAM_MIP_Limits_Nodes=9223372036800000000;CPXPARAM_MIP_Limits_ProbeTime=1e+75;CPXPARAM_MIP_Limits_RepairTries=0;CPXPARAM_MIP_Limits_StrongCand=10;CPXPARAM_MIP_Limits_StrongIt=0;CPXPARAM_MIP_OrderType=0;CPXPARAM_MIP_Strategy_BBInterval=7;CPXPARAM_MIP_Strategy_Branch=0;CPXPARAM_MIP_Strategy_Dive=0;CPXPARAM_MIP_Strategy_File=1;CPXPARAM_MIP_Strategy_HeuristicFreq=0;CPXPARAM_MIP_Strategy_LBHeur=0;CPXPARAM_MIP_Strategy_NodeSelect=1;CPXPARAM_MIP_Strategy_Order=1;CPXPARAM_MIP_Strategy_PresolveNode=0;CPXPARAM_MIP_Strategy_Probe=3;CPXPARAM_MIP_Strategy_RINSHeur=0;CPXPARAM_MIP_Strategy_StartAlgorithm=0;CPXPARAM_MIP_Strategy_SubAlgorithm=0;CPXPARAM_MIP_Strategy_VariableSelect=0;CPXPARAM_Network_NetFind=2;CPXPARAM_Network_Pricing=0;CPXPARAM_Parallel=1;CPXPARAM_Preprocessing_Aggregator=-1;CPXPARAM_Preprocessing_BoundStrength=-1;CPXPARAM_Preprocessing_CoeffReduce=-1;CPXPARAM_Preprocessing_Dependency=-1;CPXPARAM_Preprocessing_Dual=0;CPXPARAM_Preprocessing_Fill=10;CPXPARAM_Preprocessing_NumPass=-1;CPXPARAM_Preprocessing_Presolve=1;CPXPARAM_Preprocessing_QPMakePSD=1;CPXPARAM_Preprocessing_Reduce=3;CPXPARAM_Preprocessing_Relax=-1;CPXPARAM_Preprocessing_RepeatPresolve=-1;CPXPARAM_Preprocessing_Symmetry=-1;CPXPARAM_Read_Scale=0;CPXPARAM_Sifting_Algorithm=0;CPXPARAM_Simplex_Crash=1;CPXPARAM_Simplex_DGradient=0;CPXPARAM_Simplex_Limits_Perturbation=0;CPXPARAM_Simplex_Limits_Singularity=10;CPXPARAM_Simplex_PGradient=0;CPXPARAM_Simplex_Pricing=0;CPXPARAM_Simplex_Refactor=0
3139053431493193517,0,CPXPARAM_Advance=1;CPXPARAM_Barrier_Algorithm=0;CPXPARAM_Barrier_ColNonzeros=0;CPXPARAM_Barrier_Crossover=0;CPXPARAM_Barrier_Limits_Corrections=-1;CPXPARAM_Barrier_Ordering=0;CPXPARAM_Barrier_StartAlg=1;CPXPARAM_Emphasis_MIP=0;CPXPARAM_Emphasis_Memory=0;CPXPARAM_Emphasis_Numerical=0;CPXPARAM_Feasopt_Mode=0;CPXPARAM_LPMethod=0;CPXPARAM_MIP_Cuts_Cliques=0;CPXPARAM_MIP_Cuts_Covers=-1;CPXPARAM_MIP_Cuts_Disjunctive=0;CPXPARAM_MIP_Cuts_FlowCovers=-1;CPXPARAM_MIP_Cuts_GUBCovers=2;CPXPARAM_MIP_Cuts_Gomory=2;CPXPARAM_MIP_Cuts_Implied=-1;CPXPARAM_MIP_Cuts_MIRCut=2;CPXPARAM_MIP_Cuts_PathCut=1;CPXPARAM_MIP_Limits_AggForCut=2;CPXPARAM_MIP_Limits_CutPasses=0;CPXPARAM_MIP_Limits_CutsFactor=-1;CPXPARAM_MIP_Limits_GomoryCand=200;CPXPARAM_MIP_Limits_GomoryPass=0;CPXPARAM_MIP_Limits_Nodes=9223372036800000000;CPXPARAM_MIP_Limits_ProbeTime=1e+75;CPXPARAM_MIP_Limits_RepairTries=0;CPXPARAM_MIP_Limits_StrongCand=10;CPXPARAM_MIP_Limits_StrongIt=0;CPXPARAM_MIP_OrderType=0;CPXPARAM_MIP_Strategy_BBInterval=7;CPXPARAM_MIP_Strategy_Branch=-1;CPXPARAM_MIP_Strategy_Dive=0;CPXPARAM_MIP_Strategy_File=1;CPXPARAM_MIP_Strategy_HeuristicFreq=0;CPXPARAM_MIP_Strategy_LBHeur=0;CPXPARAM_MIP_Strategy_NodeSelect=0;CPXPARAM_MIP_Strategy_Order=1;CPXPARAM_MIP_Strategy_PresolveNode=0;CPXPARAM_MIP_Strategy_Probe=2;CPXPARAM_MIP_Strategy_RINSHeur=0;CPXPARAM_MIP_Strategy_StartAlgorithm=0;CPXPARAM_MIP_Strategy_SubAlgorithm=3;CPXPARAM_MIP_Strategy_VariableSelect=1;CPXPARAM_Network_NetFind=2;CPXPARAM_Network_Pricing=0;CPXPARAM_Parallel=1;CPXPARAM_Preprocessing_Aggregator=-1;CPXPARAM_Preprocessing_BoundStrength=-1;CPXPARAM_Preprocessing_CoeffReduce=-1;CPXPARAM_Preprocessing_Dependency=-1;CPXPARAM_Preprocessing_Dual=0;CPXPARAM_Preprocessing_Fill=5;CPXPARAM_Preprocessing_NumPass=-1;CPXPARAM_Preprocessing_Presolve=1;CPXPARAM_Preprocessing_QPMakePSD=1;CPXPARAM_Preprocessing_Reduce=1;CPXPARAM_Preprocessing_Relax=-1;CPXPARAM_Preprocessing_RepeatPresolve=-1;CPXPARAM_Preprocessing_Symmetry=-1;CPXPARAM_Read_Scale=0;CPXPARAM_Sifting_Algorithm=0;CPXPARAM_Simplex_Crash=1;CPXPARAM_Simplex_DGradient=0;CPXPARAM_Simplex_Limits_Perturbation=0;CPXPARAM_Simplex_Limits_Singularity=10;CPXPARAM_Simplex_PGradient=0;CPXPARAM_Simplex_Pricing=0;CPXPARAM_Simplex_Refactor=0
11929138876794636648,0,CPXPARAM_Advance=1;CPXPARAM_Barrier_Algorithm=0;CPXPARAM_Barrier_ColNonzeros=0;CPXPARAM_Barrier_Crossover=0;CPXPARAM_Barrier_Limits_Corrections=-1;CPXPARAM_Barrier_Ordering=0;CPXPARAM_Barrier_StartAlg=1;CPXPARAM_Emphasis_MIP=3;CPXPARAM_Emphasis_Memory=0;CPXPARAM_Emphasis_Numerical=0;CPXPARAM_Feasopt_Mode=0;CPXPARAM_LPMethod=0;CPXPARAM_MIP_Cuts_Cliques=-1;CPXPARAM_MIP_Cuts_Covers=-1;CPXPARAM_MIP_Cuts_Disjunctive=1;CPXPARAM_MIP_Cuts_FlowCovers=-1;CPXPARAM_MIP_Cuts_GUBCovers=0;CPXPARAM_MIP_Cuts_Gomory=-1;CPXPARAM_MIP_Cuts_Implied=-1;CPXPARAM_MIP_Cuts_MIRCut=-1;CPXPARAM_MIP_Cuts_PathCut=2;CPXPARAM_MIP_Limits_AggForCut=3;CPXPARAM_MIP_Limits_CutPasses=0;CPXPARAM_MIP_Limits_CutsFactor=-1;CPXPARAM_MIP_Limits_GomoryCand=10;CPXPARAM_MIP_Limits_GomoryPass=0;CPXPARAM_MIP_Limits_Nodes=9223372036800000000;CPXPARAM_MIP_Limits_ProbeTime=1e+75;CPXPARAM_MIP_Limits_RepairTries=0;CPXPARAM_MIP_Limits_StrongCand=10;CPXPARAM_MIP_Limits_StrongIt=0;CPXPARAM_MIP_OrderType=0;CPXPARAM_MIP_Strategy_BBInterval=7;CPXPARAM_MIP_Strategy_Branch=1;CPXPARAM_MIP_Strategy_Dive=0;CPXPARAM_MIP_Strategy_File=1;CPXPARAM_MIP_Strategy_HeuristicFreq=0;CPXPARAM_MIP_Strategy_LBHeur=0;CPXPARAM_MIP_Strategy_NodeSelect=3;CPXPARAM_MIP_Strategy_Order=1;CPXPARAM_MIP_Strategy_PresolveNode=0;CPXPARAM_MIP_Strategy_Probe=-1;CPXPARAM_MIP_Strategy_RINSHeur=0;CPXPARAM_MIP_Strategy_StartAlgorithm=0;CPXPARAM_MIP_Strategy_SubAlgorithm=0;CPXPARAM_MIP_Strategy_VariableSelect=1;CPXPARAM_Network_NetFind=2;CPXPARAM_Network_Pricing=0;CPXPARAM_Parallel=1;CPXPARAM_Preprocessing_Aggregator=-1;CPXPARAM_Preprocessing_BoundStrength=-1;CPXPARAM_Preprocessing_CoeffReduce=-1;CPXPARAM_Preprocessing_Dependency=-1;CPXPARAM_Preprocessing_Dual=0;CPXPARAM_Preprocessing_Fill=10;CPXPARAM_Preprocessing_NumPass=-1;CPXPARAM_Preprocessing_Presolve=1;CPXPARAM_Preprocessing_QPMakePSD=1;CPXPARAM_Preprocessing_Reduce=3;CPXPARAM_Preprocessing_Relax=-1;CPXPARAM_Preprocessing_RepeatPresolve=-1;CPXPARAM_Preprocessing_Symmetry=-1;CPXPARAM_Read_Scale=0;CPXPARAM_Sifting_Algorithm=0;CPXPARAM_Simplex_Crash=1;CPXPARAM_Simplex_DGradient=0;CPXPARAM_Simplex_Limits_Perturbation=0;CPXPARAM_Simplex_Limits_Singularity=10;CPXPARAM_Simplex_PGradient=0;CPXPARAM_Simplex_Pricing=0;CPXPARAM_Simplex_Refactor=0
16059408362152962768,0,CPXPARAM_Advance=1;CPXPARAM_Barrier_Algorithm=0;CPXPARAM_Barrier_ColNonzeros=0;CPXPARAM_Barrier_Crossover=0;CPXPARAM_Barrier_Limits_Corrections=-1;CPXPARAM_Barrier_Ordering=0;CPXPARAM_Barrier_StartAlg=1;CPXPARAM_Emphasis_MIP=2;CPXPARAM_Emphasis_Memory=0;CPXPARAM_Emphasis_Numerical=0;CPXPARAM_Feasopt_Mode=0;CPXPARAM_LPMethod=0;CPXPARAM_MIP_Cuts_Cliques=-1;CPXPARAM_MIP_Cuts_Covers=2;CPXPARAM_MIP_Cuts_Disjunctive=1;CPXPARAM_MIP_Cuts_FlowCovers=2;CPXPARAM_MIP_Cuts_GUBCovers=1;CPXPARAM_MIP_Cuts_Gomory=0;CPXPARAM_MIP_Cuts_Implied=-1;CPXPARAM_MIP_Cuts_MIRCut=-1;CPXPARAM_MIP_Cuts_PathCut=-1;CPXPARAM_MIP_Limits_AggForCut=3;CPXPARAM_MIP_Limits_CutPasses=0;CPXPARAM_MIP_Limits_CutsFactor=-1;CPXPARAM_MIP_Limits_GomoryCand=400;CPXPARAM_MIP_Limits_GomoryPass=0;CPXPARAM_MIP_Limits_Nodes=9223372036800000000;CPXPARAM_MIP_Limits_ProbeTime=1e+75;CPXPARAM_MIP_Limits_RepairTries=0;CPXPARAM_MIP_Limits_StrongCand=10;CPXPARAM_MIP_Limits_StrongIt=0;CPXPARAM_MIP_OrderType=0;CPXPARAM_MIP_Strategy_BBInterval=7;CPXPARAM_MIP_Strategy_Branch=0;CPXPARAM_MIP_Strategy_Dive=0;CPXPARAM_MIP_Strategy_File=1;CPXPARAM_MIP_Strategy_HeuristicFreq=0;CPXPARAM_MIP_Strategy_LBHeur=0;CPXPARAM_MIP_Strategy_NodeSelect=1;CPXPARAM_MIP_Strategy_Order=1;CPXPARAM_MIP_Strategy_PresolveNode=0;CPXPARAM_MIP_Strategy_Probe=0;CPXPARAM_MIP_Strategy_RINSHeur=0;CPXPARAM_MIP_Strategy_StartAlgorithm=0;CPXPARAM_MIP_Strategy_SubAlgorithm=0;CPXPARAM_MIP_Strategy_VariableSelect=0;CPXPARAM_Network_NetFind=2;CPXPARAM_Network_Pricing=0;CPXPARAM_Parallel=1;CPXPARAM_Preprocessing_Aggregator=-1;CPXPARAM_Preprocessing_BoundStrength=-1;CPXPARAM_Preprocessing_CoeffReduce=-1;CPXPARAM_Preprocessing_Dependency=2;CPXPARAM_Preprocessing_Dual=0;CPXPARAM_Preprocessing_Fill=10;CPXPARAM_Preprocessing_NumPass=-1;CPXPARAM_Preprocessing_Presolve=1;CPXPARAM_Preprocessing_QPMakePSD=1;CPXPARAM_Preprocessing_Reduce=3;CPXPARAM_Preprocessing_Relax=-1;CPXPARAM_Preprocessing_RepeatPresolve=-1;CPXPARAM_Preprocessing_Symmetry=-1;CPXPARAM_Read_Scale=0;CPXPARAM_Sifting_Algorithm=0;CPXPARAM_Simplex_Crash=1;CPXPARAM_Simplex_DGradient=0;CPXPARAM_Simplex_Limits_Perturbation=0;CPXPARAM_Simplex_Limits_Singularity=10;CPXPARAM_Simplex_PGradient=0;CPXPARAM_Simplex_Pricing=0;CPXPARAM_Simplex_Refactor=0
7036792425990832893,0,CPXPARAM_Advance=1;CPXPARAM_Barrier_Algorithm=0;CPXPARAM_Barrier_ColNonzeros=0;CPXPARAM_Barrier_Crossover=0;CPXPARAM_Barrier_Limits_Corrections=-1;CPXPARAM_Barrier_Ordering=0;CPXPARAM_Barrier_StartAlg=1;CPXPARAM_Emphasis_MIP=0;CPXPARAM_Emphasis_Memory=0;CPXPARAM_Emphasis_Numerical=0;CPXPARAM_Feasopt_Mode=0;CPXPARAM_LPMethod=0;CPXPARAM_MIP_Cuts_Cliques=3;CPXPARAM_MIP_Cuts_Covers=-1;CPXPARAM_MIP_Cuts_Disjunctive=-1;CPXPARAM_MIP_Cuts_FlowCovers=-1;CPXPARAM_MIP_Cuts_GUBCovers=1;CPXPARAM_MIP_Cuts_Gomory=-1;CPXPARAM_MIP_Cuts_Implied=0;CPXPARAM_MIP_Cuts_MIRCut=-1;CPXPARAM_MIP_Cuts_PathCut=2;CPXPARAM_MIP_Limits_AggForCut=3;CPXPARAM_MIP_Limits_CutPasses=0;CPXPARAM_MIP_Limits_CutsFactor=-1;CPXPARAM_MIP_Limits_GomoryCand=400;CPXPARAM_MIP_Limits_GomoryPass=0;CPXPARAM_MIP_Limits_Nodes=9223372036800000000;CPXPARAM_MIP_Limits_ProbeTime=1e+75;CPXPARAM_MIP_Limits_RepairTries=0;CPXPARAM_MIP_Limits_StrongCand=10;CPXPARAM_MIP_Limits_StrongIt=0;CPXPARAM_MIP_OrderType=0;CPXPARAM_MIP_Strategy_BBInterval=7;CPXPARAM_MIP_Strategy_Branch=-1;CPXPARAM_MIP_Strategy_Dive=0;CPXPARAM_MIP_Strategy_File=1;CPXPARAM_MIP_Strategy_HeuristicFreq=0;CPXPARAM_MIP_Strategy_LBHeur=0;CPXPARAM_MIP_Strategy_NodeSelect=3;CPXPARAM_MIP_Strategy_Order=1;CPXPARAM_MIP_Strategy_PresolveNode=-1;CPXPARAM_MIP_Strategy_Probe=2;CPXPARAM_MIP_Strategy_RINSHeur=0;CPXPARAM_MIP_Strategy_StartAlgorithm=0;CPXPARAM_MIP_Strategy_SubAlgorithm=0;CPXPARAM_MIP_Strategy_VariableSelect=2;CPXPARAM_Network_NetFind=2;CPXPARAM_Network_Pricing=0;CPXPARAM_Parallel=1;CPXPARAM_Preprocessing_Aggregator=-1;CPXPARAM_Preprocessing_BoundStrength=-1;CPXPARAM_Preprocessing_CoeffReduce=-1;CPXPARAM_Preprocessing_Dependency=-1;CPXPARAM_Preprocessing_Dual=0;CPXPARAM_Preprocessing_Fill=10;CPXPARAM_Preprocessing_NumPass=-1;CPXPARAM_Preprocessing_Presolve=1;CPXPARAM_Preprocessing_QPMakePSD=1;CPXPARAM_Preprocessing_Reduce=3;CPXPARAM_Preprocessing_Relax=-1;CPXPARAM_Preprocessing_RepeatPresolve=-1;CPXPARAM_Preprocessing_Symmetry=-1;CPXPARAM_Read_Scale=0;CPXPARAM_Sifting_Algorithm=0;CPXPARAM_Simplex_Crash=1;CPXPARAM_Simplex_DGradient=0;CPXPARAM_Simplex_Limits_Perturbation=0;CPXPARAM_Simplex_Limits_Singularity=10;CPXPARAM_Simplex_PGradient=0;CPXPARAM_Simplex_Pricing=0;CPXPARAM_Simplex_Refactor=0
6880913921338258858,0,CPXPARAM_Advance=1;CPXPARAM_Barrier_Algorithm=0;CPXPARAM_Barrier_ColNonzeros=0;CPXPARAM_Barrier_Crossover=0;CPXPARAM_Barrier_Limits_Corrections=-1;CPXPARAM_Barrier_Ordering=0;CPXPARAM_Barrier_StartAlg=1;CPXPARAM_Emphasis_MIP=5;CPXPARAM_Emphasis_Memory=0;CPXPARAM_Emphasis_Numerical=0;CPXPARAM_Feasopt_Mode=0;CPXPARAM_LPMethod=0;CPXPARAM_MIP_Cuts_Cliques=2;CPXPARAM_MIP_Cuts_Covers=1;CPXPARAM_MIP_Cuts_Disjunctive=-1;CPXPARAM_MIP_Cuts_FlowCovers=0;CPXPARAM_MIP_Cuts_GUBCovers=2;CPXPARAM_MIP_Cuts_Gomory=2;CPXPARAM_MIP_Cuts_Implied=-1;CPXPARAM_MIP_Cuts_MIRCut=1;CPXPARAM_MIP_Cuts_PathCut=-1;CPXPARAM_MIP_Limits_AggForCut=3;CPXPARAM_MIP_Limits_CutPasses=0;CPXPARAM_MIP_Limits_CutsFactor=-1;CPXPARAM_MIP_Limits_GomoryCand=200;CPXPARAM_MIP_Limits_GomoryPass=0;CPXPARAM_MIP_Limits_Nodes=9223372036800000000;CPXPARAM_MIP_Limits_ProbeTime=1e+75;CPXPARAM_MIP_Limits_RepairTries=0;CPXPARAM_MIP_Limits_StrongCand=10;CPXPARAM_MIP_Limits_StrongIt=0;CPXPARAM_MIP_OrderType=0;CPXPARAM_MIP_Strategy_BBInterval=7;CPXPARAM_MIP_Strategy_Branch=1;CPXPARAM_MIP_Strategy_Dive=0;CPXPARAM_MIP_Strategy_File=1;CPXPARAM_MIP_Strategy_HeuristicFreq=0;CPXPARAM_MIP_Strategy_LBHeur=0;CPXPARAM_MIP_Strategy_NodeSelect=0;CPXPARAM_MIP_Strategy_Order=1;CPXPARAM_MIP_Strategy_PresolveNode=1;CPXPARAM_MIP_Strategy_Probe=3;CPXPARAM_MIP_Strategy_RINSHeur=0;CPXPARAM_MIP_Strategy_StartAlgorithm=0;CPXPARAM_MIP_Strategy_SubAlgorithm=2;CPXPARAM_MIP_Strategy_VariableSelect=2;CPXPARAM_Network_NetFind=2;CPXPARAM_Network_Pricing=0;CPXPARAM_Parallel=1;CPXPARAM_Preprocessing_Aggregator=-1;CPXPARAM_Preprocessing_BoundStrength=-1;CPXPARAM_Preprocessing_CoeffReduce=-1;CPXPARAM_Preprocessing_Dependency=-1;CPXPARAM_Preprocessing_Dual=0;CPXPARAM_Preprocessing_Fill=10;CPXPARAM_Preprocessing_NumPass=-1;CPXPARAM_Preprocessing_Presolve=1;CPXPARAM_Preprocessing_QPMakePSD=1;CPXPARAM_Preprocessing_Reduce=3;CPXPARAM_Preprocessing_Relax=-1;CPXPARAM_Preprocessing_RepeatPresolve=-1;CPXPARAM_Preprocessing_Symmetry=-1;CPXPARAM_Read_Scale=0;CPXPARAM_Sifting_Algorithm=0;CPXPARAM_Simplex_Crash=1;CPXPARAM_Simplex_DGradient=0;CPXPARAM_Simplex_Limits_Perturbation=0;CPXPARAM_Simplex_Limits_Singularity=10;CPXPARAM_Simplex_PGradient=0;CPXPARAM_Simplex_Pricing=0;CPXPARAM_Simplex_Refactor=0
2110566774604282010,0,CPXPARAM_Advance=1;CPXPARAM_Barrier_Algorithm=0;CPXPARAM_Barrier_ColNonzeros=0;CPXPARAM_Barrier_Crossover=0;CPXPARAM_Barrier_Limits_Corrections=-1;CPXPARAM_Barrier_Ordering=0;CPXPARAM_Barrier_StartAlg=1;CPXPARAM_Emphasis_MIP=4;CPXPARAM_Emphasis_Memory=0;CPXPARAM_Emphasis_Numerical=0;CPXPARAM_Feasopt_Mode=0;CPXPARAM_LPMethod=0;CPXPARAM_MIP_Cuts_Cliques=3;CPXPARAM_MIP_Cuts_Covers=-1;CPXPARAM_MIP_Cuts_Disjunctive=-1;CPXPARAM_MIP_Cuts_FlowCovers=2;CPXPARAM_MIP_Cuts_GUBCovers=0;CPXPARAM_MIP_Cuts_Gomory=1;CPXPARAM_MIP_Cuts_Implied=-1;CPXPARAM_MIP_Cuts_MIRCut=2;CPXPARAM_MIP_Cuts_PathCut=-1;CPXPARAM_MIP_Limits_AggForCut=3;CPXPARAM_MIP_Limits_CutPasses=0;CPXPARAM_MIP_Limits_CutsFactor=-1;CPXPARAM_MIP_Limits_GomoryCand=150;CPXPARAM_MIP_Limits_GomoryPass=0;CPXPARAM_MIP_Limits_Nodes=9223372036800000000;CPXPARAM_MIP_Limits_ProbeTime=1e+75;CPXPARAM_MIP_Limits_RepairTries=0;CPXPARAM_MIP_Limits_StrongCand=10;CPXPARAM_MIP_Limits_StrongIt=0;CPXPARAM_MIP_OrderType=0;CPXPARAM_MIP_Strategy_BBInterval=7;CPXPARAM_MIP_Strategy_Branch=0;CPXPARAM_MIP_Strategy_Dive=0;CPXPARAM_MIP_Strategy_File=1;CPXPARAM_MIP_Strategy_HeuristicFreq=0;CPXPARAM_MIP_Strategy_LBHeur=0;CPXPARAM_MIP_Strategy_NodeSelect=1;CPXPARAM_MIP_Strategy_Order=1;CPXPARAM_MIP_Strategy_PresolveNode=0;CPXPARAM_MIP_Strategy_Probe=3;CPXPARAM_MIP_Strategy_RINSHeur=0;CPXPARAM_MIP_Strategy_StartAlgorithm=0;CPXPARAM_MIP_Strategy_SubAlgorithm=0;CPXPARAM_MIP_Strategy_VariableSelect=0;CPXPARAM_Network_NetFind=2;CPXPARAM_Network_Pricing=0;CPXPARAM_Parallel=1;CPXPARAM_Preprocessing_Aggregator=-1;CPXPARAM_Preprocessing_BoundStrength=-1;CPXPARAM_Preprocessing_CoeffReduce=-1;CPXPARAM_Preprocessing_Dependency=-1;CPXPARAM_Preprocessing_Dual=0;CPXPARAM_Preprocessing_Fill=10;CPXPARAM_Preprocessing_NumPass=-1;CPXPARAM_Preprocessing_Presolve=1;CPXPARAM_Preprocessing_QPMakePSD=1;CPXPARAM_Preprocessing_Reduce=3;CPXPARAM_Preprocessing_Relax=-1;CPXPARAM_Preprocessing_RepeatPresolve=-1;CPXPARAM_Preprocessing_Symmetry=-1;CPXPARAM_Read_Scale=0;CPXPARAM_Sifting_Algorithm=0;CPXPARAM_Simplex_Crash=1;CPXPARAM_Simplex_DGradient=0;CPXPARAM_Simplex_Limits_Perturbation=0;CPXPARAM_Simplex_Limits_Singularity=10;CPXPARAM_Simplex_PGradient=0;CPXPARAM_Simplex_Pricing=0;CPXPARAM_Simplex_Refactor=0
12593704519364729734,0,CPXPARAM_Advance=1;CPXPARAM_Barrier_Algorithm=0;CPXPARAM_Barrier_ColNonzeros=0;CPXPARAM_Barrier_Crossover=0;CPXPARAM_Barrier_Limits_Corrections=-1;CPXPARAM_Barrier_Ordering=0;CPXPARAM_Barrier_StartAlg=1;CPXPARAM_Emphasis_MIP=0;CPXPARAM_Emphasis_Memory=0;CPXPARAM_Emphasis_Numerical=0;CPXPARAM_Feasopt_Mode=0;CPXPARAM_LPMethod=0;CPXPARAM_MIP_Cuts_Cliques=3;CPXPARAM_MIP_Cuts_Covers=2;CPXPARAM_MIP_Cuts_Disjunctive=0;CPXPARAM_MIP_Cuts_FlowCovers=-1;CPXPARAM_MIP_Cuts_GUBCovers=1;CPXPARAM_MIP_Cuts_Gomory=0;CPXPARAM_MIP_Cuts_Implied=1;CPXPARAM_MIP_Cuts_MIRCut=2;CPXPARAM_MIP_Cuts_PathCut=2;CPXPARAM_MIP_Limits_AggForCut=3;CPXPARAM_MIP_Limits_CutPasses=0;CPXPARAM_MIP_Limits_CutsFactor=-1;CPXPARAM_MIP_Limits_GomoryCand=100;CPXPARAM_MIP_Limits_GomoryPass=0;CPXPARAM_MIP_Limits_Nodes=9223372036800000000;CPXPARAM_MIP_Limits_ProbeTime=1e+75;CPXPARAM_MIP_Limits_RepairTries=0;CPXPARAM_MIP_Limits_StrongCand=10;CPXPARAM_MIP_Limits_StrongIt=0;CPXPARAM_MIP_OrderType=0;CPXPARAM_MIP_Strategy_BBInterval=7;CPXPARAM_MIP_Strategy_Branch=0;CPXPARAM_MIP_Strategy_Dive=0;CPXPARAM_MIP_Strategy_File=1;CPXPARAM_MIP_Strategy_HeuristicFreq=0;CPXPARAM_MIP_Strategy_LBHeur=0;CPXPARAM_MIP_Strategy_NodeSelect=3;CPXPARAM_MIP_Strategy_Order=1;CPXPARAM_MIP_Strategy_PresolveNode=1;CPXPARAM_MIP_Strategy_Probe=-1;CPXPARAM_MIP_Strategy_RINSHeur=0;CPXPARAM_MIP_Strategy_StartAlgorithm=0;CPXPARAM_MIP_Strategy_SubAlgorithm=0;CPXPARAM_MIP_Strategy_VariableSelect=1;CPXPARAM_Network_NetFind=2;CPXPARAM_Network_Pricing=0;CPXPARAM_Parallel=1;CPXPARAM_Preprocessing_Aggregator=-1;CPXPARAM_Preprocessing_BoundStrength=-1;CPXPARAM_Preprocessing_CoeffReduce=-1;CPXPARAM_Preprocessing_Dependency=-1;CPXPARAM_Preprocessing_Dual=0;CPXPARAM_Preprocessing_Fill=10;CPXPARAM_Preprocessing_NumPass=-1;CPXPARAM_Preprocessing_Presolve=1;CPXPARAM_Preprocessing_QPMakePSD=1;CPXPARAM_Preprocessing_Reduce=3;CPXPARAM_Preprocessing_Relax=-1;CPXPARAM_Preprocessing_RepeatPresolve=-1;CPXPARAM_Preprocessing_Symmetry=-1;CPXPARAM_Read_Scale=0;CPXPARAM_Sifting_Algorithm=0;CPXPARAM_Simplex_Crash=1;CPXPARAM_Simplex_DGradient=0;CPXPARAM_Simplex_Limits_Perturbation=0;CPXPARAM_Simplex_Limits_Singularity=10;CPXPARAM_Simplex_PGradient=0;CPXPARAM_Simplex_Pricing=0;CPXPARAM_Simplex_Refactor=0
9545722576879074660,0,CPXPARAM_Advance=1;CPXPARAM_Barrier_Algorithm=0;CPXPARAM_Barrier_ColNonzeros=0;CPXPARAM_Barrier_Crossover=0;CPXPARAM_Barrier_Limits_Corrections=-1;CPXPARAM_Barrier_Ordering=0;CPXPARAM_Barrier_StartAlg=1;CPXPARAM_Emphasis_MIP=1;CPXPARAM_Emphasis_Memory=0;CPXPARAM_Emphasis_Numerical=0;CPXPARAM_Feasopt_Mode=0;CPXPARAM_LPMethod=0;CPXPARAM_MIP_Cuts_Cliques=-1;CPXPARAM_MIP_Cuts_Covers=0;CPXPARAM_MIP_Cuts_Disjunctive=-1;CPXPARAM_MIP_Cuts_FlowCovers=-1;CPXPARAM_MIP_Cuts_GUBCovers=0;CPXPARAM_MIP_Cuts_Gomory=0;CPXPARAM_MIP_Cuts_Implied=-1;CPXPARAM_MIP_Cuts_MIRCut=2;CPXPARAM_MIP_Cuts_PathCut=1;CPXPARAM_MIP_Limits_AggForCut=3;CPXPARAM_MIP_Limits_CutPasses=0;CPXPARAM_MIP_Limits_CutsFactor=-1;CPXPARAM_MIP_Limits_GomoryCand=10;CPXPARAM_MIP_Limits_GomoryPass=0;CPXPARAM_MIP_Limits_Nodes=9223372036800000000;CPXPARAM_MIP_Limits_ProbeTime=1e+75;CPXPARAM_MIP_Limits_RepairTries=0;CPXPARAM_MIP_Limits_StrongCand=10;CPXPARAM_MIP_Limits_StrongIt=0;CPXPARAM_MIP_OrderType=0;CPXPARAM_MIP_Strategy_BBInterval=7;CPXPARAM_MIP_Strategy_Branch=0;CPXPARAM_MIP_Strategy_Dive=0;CPXPARAM_MIP_Strategy_File=1;CPXPARAM_MIP_Strategy_HeuristicFreq=0;CPXPARAM_MIP_Strategy_LBHeur=0;CPXPARAM_MIP_Strategy_NodeSelect=1;CPXPARAM_MIP_Strategy_Order=1;CPXPARAM_MIP_Strategy_PresolveNode=0;CPXPARAM_MIP_Strategy_Probe=0;CPXPARAM_MIP_Strategy_RINSHeur=0;CPXPARAM_MIP_Strategy_StartAlgorithm=0;CPXPARAM_MIP_Strategy_SubAlgorithm=0;CPXPARAM_MIP_Strategy_VariableSelect=0;CPXPARAM_Network_NetFind=2;CPXPARAM_Network_Pricing=0;CPXPARAM_Parallel=1;CPXPARAM_Preprocessing_Aggregator=-1;CPXPARAM_Preprocessing_BoundStrength=-1;CPXPARAM_Preprocessing_CoeffReduce=-1;CPXPARAM_Preprocessing_Dependency=-1;CPXPARAM_Preprocessing_Dual=0;CPXPARAM_Preprocessing_Fill=10;CPXPARAM_Preprocessing_NumPass=-1;CPXPARAM_Preprocessing_Presolve=1;CPXPARAM_Preprocessing_QPMakePSD=1;CPXPARAM_Preprocessing_Reduce=3;CPXPARAM_Preprocessing_Relax=-1;CPXPARAM_Preprocessing_RepeatPresolve=-1;CPXPARAM_Preprocessing_Symmetry=-1;CPXPARAM_Read_Scale=0;CPXPARAM_Sifting_Algorithm=0;CPXPARAM_Simplex_Crash=1;CPXPARAM_Simplex_DGradient=0;CPXPARAM_Simplex_Limits_Perturbation=0;CPXPARAM_Simplex_Limits_Singularity=10;CPXPARAM_Simplex_PGradient=0;CPXPARAM_Simplex_Pricing=0;CPXPARAM_Simplex_Refactor=0
6125704554369982781,0,CPXPARAM_Advance=1;CPXPARAM_Barrier_Algorithm=0;CPXPARAM_Barrier_ColNonzeros=0;CPXPARAM_Barrier_Crossover=0;CPXPARAM_Barrier_Limits_Corrections=-1;CPXPARAM_Barrier_Ordering=0;CPXPARAM_Barrier_StartAlg=1;CPXPARAM_Emphasis_MIP=4;CPXPARAM_Emphasis_Memory=0;CPXPARAM_Emphasis_Numerical=0;CPXPARAM_Feasopt_Mode=0;CPXPARAM_LPMethod=0;CPXPARAM_MIP_Cuts_Cliques=0;CPXPARAM_MIP_Cuts_Covers=1;CPXPARAM_MIP_Cuts_Disjunctive=0;CPXPARAM_MIP_Cuts_FlowCovers=2;CPXPARAM_MIP_Cuts_GUBCovers=2;CPXPARAM_MIP_Cuts_Gomory=0;CPXPARAM_MIP_Cuts_Implied=0;CPXPARAM_MIP_Cuts_MIRCut=2;CPXPARAM_MIP_Cuts_PathCut=1;CPXPARAM_MIP_Limits_AggForCut=3;CPXPARAM_MIP_Limits_CutPasses=0;CPXPARAM_MIP_Limits_CutsFactor=-1;CPXPARAM_MIP_Limits_GomoryCand=150;CPXPARAM_MIP_Limits_GomoryPass=0;CPXPARAM_MIP_Limits_Nodes=9223372036800000000;CPXPARAM_MIP_Limits_ProbeTime=1e+75;CPXPARAM_MIP_Limits_RepairTries=0;CPXPARAM_MIP_Limits_StrongCand=10;CPXPARAM_MIP_Limits_StrongIt=0;CPXPARAM_MIP_OrderType=0;CPXPARAM_MIP_Strategy_BBInterval=7;CPXPARAM_MIP_Strategy_Branch=0;CPXPARAM_MIP_Strategy_Dive=0;CPXPARAM_MIP_Strategy_File=1;CPXPARAM_MIP_Strategy_HeuristicFreq=0;CPXPARAM_MIP_Strategy_LBHeur=0;CPXPARAM_MIP_Strategy_NodeSelect=1;CPXPARAM_MIP_Strategy_Order=1;CPXPARAM_MIP_Strategy_PresolveNode=0;CPXPARAM_MIP_Strategy_Probe=-1;CPXPARAM_MIP_Strategy_RINSHeur=0;CPXPARAM_MIP_Strategy_StartAlgorithm=0;CPXPARAM_MIP_Strategy_SubAlgorithm=0;CPXPARAM_MIP_Strategy_VariableSelect=0;CPXPARAM_Network_NetFind=2;CPXPARAM_Network_Pricing=0;CPXPARAM_Parallel=1;CPXPARAM_Preprocessing_Aggregator=-1;CPXPARAM_Preprocessing_BoundStrength=-1;CPXPARAM_Preprocessing_CoeffReduce=-1;CPXPARAM_Preprocessing_Dependency=-1;CPXPARAM_Preprocessing_Dual=0;CPXPARAM_Preprocessing_Fill=10;CPXPARAM_Preprocessing_NumPass=-1;CPXPARAM_Preprocessing_Presolve=1;CPXPARAM_Preprocessing_QPMakePSD=1;CPXPARAM_Preprocessing_Reduce=3;CPXPARAM_Preprocessing_Relax=-1;CPXPARAM_Preprocessing_RepeatPresolve=-1;CPXPARAM_Preprocessing_Symmetry=-1;CPXPARAM_Read_Scale=0;CPXPARAM_Sifting_Algorithm=0;CPXPARAM_Simplex_Crash=1;CPXPARAM_Simplex_DGradient=0;CPXPARAM_Simplex_Limits_Perturbation=0;CPXPARAM_Simplex_Limits_Singularity=10;CPXPARAM_Simplex_PGradient=0;CPXPARAM_Simplex_Pricing=0;CPXPARAM_Simplex_Refactor=0
740164423413023651,0,CPXPARAM_Advance=1;CPXPARAM_Barrier_Algorithm=0;CPXPARAM_Barrier_ColNonzeros=0;CPXPARAM_Barrier_Crossover=0;CPXPARAM_Barrier_Limits_Corrections=-1;CPXPARAM_Barrier_Ordering=0;CPXPARAM_Barrier_StartAlg=1;CPXPARAM_Emphasis_MIP=0;CPXPARAM_Emphasis_Memory=0;CPXPARAM_Emphasis_Numerical=0;CPXPARAM_Feasopt_Mode=0;CPXPARAM_LPMethod=0;CPXPARAM_MIP_Cuts_Cliques=3;CPXPARAM_MIP_Cuts_Covers=2;CPXPARAM_MIP_Cuts_Disjunctive=0;CPXPARAM_MIP_Cuts_FlowCovers=-1;CPXPARAM_MIP_Cuts_GUBCovers=1;CPXPARAM_MIP_Cuts_Gomory=0;CPXPARAM_MIP_Cuts_Implied=1;CPXPARAM_MIP_Cuts_MIRCut=2;CPXPARAM_MIP_Cuts_PathCut=0;CPXPARAM_MIP_Limits_AggForCut=3;CPXPARAM_MIP_Limits_CutPasses=0;CPXPARAM_MIP_Limits_CutsFactor=-1;CPXPARAM_MIP_Limits_GomoryCand=100;CPXPARAM_MIP_Limits_GomoryPass=0;CPXPARAM_MIP_Limits_Nodes=9223372036800000000;CPXPARAM_MIP_Limits_ProbeTime=1e+75;CPXPARAM_MIP_Limits_RepairTries=0;CPXPARAM_MIP_Limits_StrongCand=10;CPXPARAM_MIP_Limits_StrongIt=0;CPXPARAM_MIP_OrderType=0;CPXPARAM_MIP_Strategy_BBInterval=7;CPXPARAM_MIP_Strategy_Branch=-1;CPXPARAM_MIP_Strategy_Dive=0;CPXPARAM_MIP_Strategy_File=1;CPXPARAM_MIP_Strategy_HeuristicFreq=0;CPXPARAM_MIP_Strategy_LBHeur=0;CPXPARAM_MIP_Strategy_NodeSelect=3;CPXPARAM_MIP_Strategy_Order=1;CPXPARAM_MIP_Strategy_PresolveNode=1;CPXPARAM_MIP_Strategy_Probe=-1;CPXPARAM_MIP_Strategy_RINSHeur=0;CPXPARAM_MIP_Strategy_StartAlgorithm=0;CPXPARAM_MIP_Strategy_SubAlgorithm=0;CPXPARAM_MIP_Strategy_VariableSelect=1;CPXPARAM_Network_NetFind=2;CPXPARAM_Network_Pricing=0;CPXPARAM_Parallel=1;CPXPARAM_Preprocessing_Aggregator=-1;CPXPARAM_Preprocessing_BoundStrength=-1;CPXPARAM_Preprocessing_CoeffReduce=-1;CPXPARAM_Preprocessing_Dependency=-1;CPXPARAM_Preprocessing_Dual=0;CPXPARAM_Preprocessing_Fill=10;CPXPARAM_Preprocessing_NumPass=-1;CPXPARAM_Preprocessing_Presolve=1;CPXPARAM_Preprocessing_QPMakePSD=1;CPXPARAM_Preprocessing_Reduce=3;CPXPARAM_Preprocessing_Relax=-1;CPXPARAM_Preprocessing_RepeatPresolve=-1;CPXPARAM_Preprocessing_Symmetry=-1;CPXPARAM_Read_Scale=0;CPXPARAM_Sifting_Algorithm=0;CPXPARAM_Simplex_Crash=1;CPXPARAM_Simplex_DGradient=0;CPXPARAM_Simplex_Limits_Perturbation=0;CPXPARAM_Simplex_Limits_Singularity=10;CPXPARAM_Simplex_PGradient=0;CPXPARAM_Simplex_Pricing=0;CPXPARAM_Simplex_Refactor=0
7464695650861686604,0,CPXPARAM_Advance=1;CPXPARAM_Barrier_Algorithm=0;CPXPARAM_Barrier_ColNonzeros=0;CPXPARAM_Barrier_Crossover=0;CPXPARAM_Barrier_Limits_Corrections=-1;CPXPARAM_Barrier_Ordering=0;CPXPARAM_Barrier_StartAlg=1;CPXPARAM_Emphasis_MIP=4;CPXPARAM_Emphasis_Memory=0;CPXPARAM_Emphasis_Numerical=0;CPXPARAM_Feasopt_Mode=0;CPXPARAM_LPMethod=0;CPXPARAM_MIP_Cuts_Cliques=0;CPXPARAM_MIP_Cuts_Covers=0;CPXPARAM_MIP_Cuts_Disjunctive=-1;CPXPARAM_MIP_Cuts_FlowCovers=2;CPXPARAM_MIP_Cuts_GUBCovers=-1;CPXPARAM_MIP_Cuts_Gomory=2;CPXPARAM_MIP_Cuts_Implied=-1;CPXPARAM_MIP_Cuts_MIRCut=0;CPXPARAM_MIP_Cuts_PathCut=2;CPXPARAM_MIP_Limits_AggForCut=3;CPXPARAM_MIP_Limits_CutPasses=0;CPXPARAM_MIP_Limits_CutsFactor=-1;CPXPARAM_MIP_Limits_GomoryCand=10;CPXPARAM_MIP_Limits_GomoryPass=0;CPXPARAM_MIP_Limits_Nodes=9223372036800000000;CPXPARAM_MIP_Limits_ProbeTime=1e+75;CPXPARAM_MIP_Limits_RepairTries=0;CPXPARAM_MIP_Limits_StrongCand=10;CPXPARAM_MIP_Limits_StrongIt=0;CPXPARAM_MIP_OrderType=0;CPXPARAM_MIP_Strategy_BBInterval=7;CPXPARAM_MIP_Strategy_Branch=0;CPXPARAM_MIP_Strategy_Dive=0;CPXPARAM_MIP_Strategy_File=1;CPXPARAM_MIP_Strategy_HeuristicFreq=0;CPXPARAM_MIP_Strategy_LBHeur=0;CPXPARAM_MIP_Strategy_NodeSelect=1;CPXPARAM_MIP_Strategy_Order=1;CPXPARAM_MIP_Strategy_PresolveNode=0;CPXPARAM_MIP_Strategy_Probe=0;CPXPARAM_MIP_Strategy_RINSHeur=0;CPXPARAM_MIP_Strategy_StartAlgorithm=0;CPXPARAM_MIP_Strategy_SubAlgorithm=0;CPXPARAM_MIP_Strategy_VariableSelect=0;CPXPARAM_Network_NetFind=2;CPXPARAM_Network_Pricing=0;CPXPARAM_Parallel=1;CPXPARAM_Preprocessing_Aggregator=-1;CPXPARAM_Preprocessing_BoundStrength=-1;CPXPARAM_Preprocessing_CoeffReduce=-1;CPXPARAM_Preprocessing_Dependency=-1;CPXPARAM_Preprocessing_Dual=0;CPXPARAM_Preprocessing_Fill=10;CPXPARAM_Preprocessing_NumPass=-1;CPXPARAM_Preprocessing_Presolve=1;CPXPARAM_Preprocessing_QPMakePSD=1;CPXPARAM_Preprocessing_Reduce=3;CPXPARAM_Preprocessing_Relax=-1;CPXPARAM_Preprocessing_RepeatPresolve=-1;CPXPARAM_Preprocessing_Symmetry=-1;CPXPARAM_Read_Scale=0;CPXPARAM_Sifting_Algorithm=0;CPXPARAM_Simplex_Crash=1;CPXPARAM_Simplex_DGradient=0;CPXPARAM_Simplex_Limits_Perturbation=0;CPXPARAM_Simplex_Limits_Singularity=10;CPXPARAM_Simplex_PGradient=0;CPXPARAM_Simplex_Pricing=0;CPXPARAM_Simplex_Refactor=0
364863156102079554,0,CPXPARAM_Advance=1;CPXPARAM_Barrier_Algorithm=0;CPXPARAM_Barrier_ColNonzeros=0;CPXPARAM_Barrier_Crossover=0;CPXPARAM_Barrier_Limits_Corrections=-1;CPXPARAM_Barrier_Ordering=0;CPXPARAM_Barrier_StartAlg=1;CPXPARAM_Emphasis_MIP=4;CPXPARAM_Emphasis_Memory=0;CPXPARAM_Emphasis_Numerical=0;CPXPARAM_Feasopt_Mode=0;CPXPARAM_LPMethod=0;CPXPARAM_MIP_Cuts_Cliques=3;CPXPARAM_MIP_Cuts_Covers=-1;CPXPARAM_MIP_Cuts_Disjunctive=0;CPXPARAM_MIP_Cuts_FlowCovers=2;CPXPARAM_MIP_Cuts_GUBCovers=0;CPXPARAM_MIP_Cuts_Gomory=1;CPXPARAM_MIP_Cuts_Implied=-1;CPXPARAM_MIP_Cuts_MIRCut=2;CPXPARAM_MIP_Cuts_PathCut=-1;CPXPARAM_MIP_Limits_AggForCut=3;CPXPARAM_MIP_Limits_CutPasses=0;CPXPARAM_MIP_Limits_CutsFactor=-1;CPXPARAM_MIP_Limits_GomoryCand=800;CPXPARAM_MIP_Limits_GomoryPass=0;CPXPARAM_MIP_Limits_Nodes=9223372036800000000;CPXPARAM_MIP_Limits_ProbeTime=1e+75;CPXPARAM_MIP_Limits_RepairTries=0;CPXPARAM_MIP_Limits_StrongCand=10;CPXPARAM_MIP_Limits_StrongIt=0;CPXPARAM_MIP_OrderType=0;CPXPARAM_MIP_Strategy_BBInterval=7;CPXPARAM_MIP_Strategy_Branch=0;CPXPARAM_MIP_Strategy_Dive=0;CPXPARAM_MIP_Strategy_File=1;CPXPARAM_MIP_Strategy_HeuristicFreq=0;CPXPARAM_MIP_Strategy_LBHeur=0;CPXPARAM_MIP_Strategy_NodeSelect=1;CPXPARAM_MIP_Strategy_Order=1;CPXPARAM_MIP_Strategy_PresolveNode=0;CPXPARAM_MIP_Strategy_Probe=3;CPXPARAM_MIP_Strategy_RINSHeur=0;CPXPARAM_MIP_Strategy_StartAlgorithm=0;CPXPARAM_MIP_Strategy_SubAlgorithm=0;CPXPARAM_MIP_Strategy_VariableSelect=0;CPXPARAM_Network_NetFind=2;CPXPARAM_Network_Pricing=0;CPXPARAM_Parallel=1;CPXPARAM_Preprocessing_Aggregator=-1;CPXPARAM_Preprocessing_BoundStrength=-1;CPXPARAM_Preprocessing_CoeffReduce=-1;CPXPARAM_Preprocessing_Dependency=-1;CPXPARAM_Preprocessing_Dual=0;CPXPARAM_Preprocessing_Fill=10;CPXPARAM_Preprocessing_NumPass=-1;CPXPARAM_Preprocessing_Presolve=1;CPXPARAM_Preprocessing_QPMakePSD=1;CPXPARAM_Preprocessing_Reduce=3;CPXPARAM_Preprocessing_Relax=-1;CPXPARAM_Preprocessing_RepeatPresolve=-1;CPXPARAM_Preprocessing_Symmetry=-1;CPXPARAM_Read_Scale=0;CPXPARAM_Sifting_Algorithm=0;CPXPARAM_Simplex_Crash=1;CPXPARAM_Simplex_DGradient=0;CPXPARAM_Simplex_Limits_Perturbation=0;CPXPARAM_Simplex_Limits_Singularity=10;CPXPARAM_Simplex_PGradient=0;CPXPARAM_Simplex_Pricing=0;CPXPARAM_Simplex_Refactor=0
4187993626516452443,0,CPXPARAM_Advance=1;CPXPARAM_Barrier_Algorithm=0;CPXPARAM_Barrier_ColNonzeros=0;CPXPARAM_Barrier_Crossover=0;CPXPARAM_Barrier_Limits_Corrections=-1;CPXPARAM_Barrier_Ordering=0;CPXPARAM_Barrier_StartAlg=1;CPXPARAM_Emphasis_MIP=0;CPXPARAM_Emphasis_Memory=0;CPXPARAM_Emphasis_Numerical=0;CPXPARAM_Feasopt_Mode=0;CPXPARAM_LPMethod=0;CPXPARAM_MIP_Cuts_Cliques=2;CPXPARAM_MIP_Cuts_Covers=-1;CPXPARAM_MIP_Cuts_Disjunctive=0;CPXPARAM_MIP_Cuts_FlowCovers=2;CPXPARAM_MIP_Cuts_GUBCovers=0;CPXPARAM_MIP_Cuts_Gomory=-1;CPXPARAM_MIP_Cuts_Implied=1;CPXPARAM_MIP_Cuts_MIRCut=1;CPXPARAM_MIP_Cuts_PathCut=0;CPXPARAM_MIP_Limits_AggForCut=3;CPXPARAM_MIP_Limits_CutPasses=0;CPXPARAM_MIP_Limits_CutsFactor=-1;CPXPARAM_MIP_Limits_GomoryCand=10;CPXPARAM_MIP_Limits_GomoryPass=0;CPXPARAM_MIP_Limits_Nodes=9223372036800000000;CPXPARAM_MIP_Limits_ProbeTime=1e+75;CPXPARAM_MIP_Limits_RepairTries=0;CPXPARAM_MIP_Limits_StrongCand=10;CPXPARAM_MIP_Limits_StrongIt=0;CPXPARAM_MIP_OrderType=0;CPXPARAM_MIP_Strategy_BBInterval=7;CPXPARAM_MIP_Strategy_Branch=0;CPXPARAM_MIP_Strategy_Dive=0;CPXPARAM_MIP_Strategy_File=1;CPXPARAM_MIP_Strategy_HeuristicFreq=0;CPXPARAM_MIP_Strategy_LBHeur=0;CPXPARAM_MIP_Strategy_NodeSelect=2;CPXPARAM_MIP_Strategy_Order=1;CPXPARAM_MIP_Strategy_PresolveNode=2;CPXPARAM_MIP_Strategy_Probe=2;CPXPARAM_MIP_Strategy_RINSHeur=0;CPXPARAM_MIP_Strategy_StartAlgorithm=0;CPXPARAM_MIP_Strategy_SubAlgorithm=0;CPXPARAM_MIP_Strategy_VariableSelect=-1;CPXPARAM_Network_NetFind=2;CPXPARAM_Network_Pricing=0;CPXPARAM_Parallel=1;CPXPARAM_Preprocessing_Aggregator=-1;CPXPARAM_Preprocessing_BoundStrength=-1;CPXPARAM_Preprocessing_CoeffReduce=-1;CPXPARAM_Preprocessing_Dependency=-1;CPXPARAM_Preprocessing_Dual=0;CPXPARAM_Preprocessing_Fill=10;CPXPARAM_Preprocessing_NumPass=-1;CPXPARAM_Preprocessing_Presolve=1;CPXPARAM_Preprocessing_QPMakePSD=1;CPXPARAM_Preprocessing_Reduce=3;CPXPARAM_Preprocessing_Relax=-1;CPXPARAM_Preprocessing_RepeatPresolve=-1;CPXPARAM_Preprocessing_Symmetry=-1;CPXPARAM_Read_Scale=0;CPXPARAM_Sifting_Algorithm=0;CPXPARAM_Simplex_Crash=1;CPXPARAM_Simplex_DGradient=0;CPXPARAM_Simplex_Limits_Perturbation=0;CPXPARAM_Simplex_Limits_Singularity=10;CPXPARAM_Simplex_PGradient=0;CPXPARAM_Simplex_Pricing=0;CPXPARAM_Simplex_Refactor=0
9321392514400254645,0,CPXPARAM_Advance=1;CPXPARAM_Barrier_Algorithm=0;CPXPARAM_Barrier_ColNonzeros=0;CPXPARAM_Barrier_Crossover=0;CPXPARAM_Barrier_Limits_Corrections=-1;CPXPARAM_Barrier_Ordering=0;CPXPARAM_Barrier_StartAlg=1;CPXPARAM_Emphasis_MIP=5;CPXPARAM_Emphasis_Memory=0;CPXPARAM_Emphasis_Numerical=0;CPXPARAM_Feasopt_Mode=0;CPXPARAM_LPMethod=0;CPXPARAM_MIP_Cuts_Cliques=0;CPXPARAM_MIP_Cuts_Covers=0;CPXPARAM_MIP_Cuts_Disjunctive=-1;CPXPARAM_MIP_Cuts_FlowCovers=-1;CPXPARAM_MIP_Cuts_GUBCovers=1;CPXPARAM_MIP_Cuts_Gomory=-1;CPXPARAM_MIP_Cuts_Implied=1;CPXPARAM_MIP_Cuts_MIRCut=2;CPXPARAM_MIP_Cuts_PathCut=0;CPXPARAM_MIP_Limits_AggForCut=3;CPXPARAM_MIP_Limits_CutPasses=0;CPXPARAM_MIP_Limits_CutsFactor=-1;CPXPARAM_MIP_Limits_GomoryCand=400;CPXPARAM_MIP_Limits_GomoryPass=0;CPXPARAM_MIP_Limits_Nodes=9223372036800000000;CPXPARAM_MIP_Limits_ProbeTime=1e+75;CPXPARAM_MIP_Limits_RepairTries=0;CPXPARAM_MIP_Limits_StrongCand=10;CPXPARAM_MIP_Limits_StrongIt=0;CPXPARAM_MIP_OrderType=3;CPXPARAM_MIP_Strategy_BBInterval=7;CPXPARAM_MIP_Strategy_Branch=-1;CPXPARAM_MIP_Strategy_Dive=0;CPXPARAM_MIP_Strategy_File=1;CPXPARAM_MIP_Strategy_HeuristicFreq=0;CPXPARAM_MIP_Strategy_LBHeur=0;CPXPARAM_MIP_Strategy_NodeSelect=0;CPXPARAM_MIP_Strategy_Order=1;CPXPARAM_MIP_Strategy_PresolveNode=1;CPXPARAM_MIP_Strategy_Probe=1;CPXPARAM_MIP_Strategy_RINSHeur=0;CPXPARAM_MIP_Strategy_StartAlgorithm=0;CPXPARAM_MIP_Strategy_SubAlgorithm=0;CPXPARAM_MIP_Strategy_VariableSelect=-1;CPXPARAM_Network_NetFind=2;CPXPARAM_Network_Pricing=0;CPXPARAM_Parallel=1;CPXPARAM_Preprocessing_Aggregator=-1;CPXPARAM_Preprocessing_BoundStrength=-1;CPXPARAM_Preprocessing_CoeffReduce=-1;CPXPARAM_Preprocessing_Dependency=-1;CPXPARAM_Preprocessing_Dual=0;CPXPARAM_Preprocessing_Fill=2;CPXPARAM_Preprocessing_NumPass=-1;CPXPARAM_Preprocessing_Presolve=1;CPXPARAM_Preprocessing_QPMakePSD=1;CPXPARAM_Preprocessing_Reduce=0;CPXPARAM_Preprocessing_Relax=-1;CPXPARAM_Preprocessing_RepeatPresolve=-1;CPXPARAM_Preprocessing_Symmetry=-1;CPXPARAM_Read_Scale=0;CPXPARAM_Sifting_Algorithm=0;CPXPARAM_Simplex_Crash=1;CPXPARAM_Simplex_DGradient=0;CPXPARAM_Simplex_Limits_Perturbation=0;CPXPARAM_Simplex_Limits_Singularity=10;CPXPARAM_Simplex_PGradient=0;CPXPARAM_Simplex_Pricing=0;CPXPARAM_Simplex_Refactor=0
3328972048918501626,0,CPXPARAM_Advance=1;CPXPARAM_Barrier_Algorithm=0;CPXPARAM_Barrier_ColNonzeros=0;CPXPARAM_Barrier_Crossover=0;CPXPARAM_Barrier_Limits_Corrections=-1;CPXPARAM_Barrier_Ordering=0;CPXPARAM_Barrier_StartAlg=1;CPXPARAM_Emphasis_MIP=0;CPXPARAM_Emphasis_Memory=0;CPXPARAM_Emphasis_Numerical=0;CPXPARAM_Feasopt_Mode=0;CPXPARAM_LPMethod=0;CPXPARAM_MIP_Cuts_Cliques=1;CPXPARAM_MIP_Cuts_Covers=0;CPXPARAM_MIP_Cuts_Disjunctive=1;CPXPARAM_MIP_Cuts_FlowCovers=0;CPXPARAM_MIP_Cuts_GUBCovers=1;CPXPARAM_MIP_Cuts_Gomory=0;CPXPARAM_MIP_Cuts_Implied=2;CPXPARAM_MIP_Cuts_MIRCut=1;CPXPARAM_MIP_Cuts_PathCut=0;CPXPARAM_MIP_Limits_AggForCut=3;CPXPARAM_MIP_Limits_CutPasses=0;CPXPARAM_MIP_Limits_CutsFactor=-1;CPXPARAM_MIP_Limits_GomoryCand=800;CPXPARAM_MIP_Limits_GomoryPass=0;CPXPARAM_MIP_Limits_Nodes=9223372036800000000;CPXPARAM_MIP_Limits_ProbeTime=1e+75;CPXPARAM_MIP_Limits_RepairTries=0;CPXPARAM_MIP_Limits_StrongCand=10;CPXPARAM_MIP_Limits_StrongIt=0;CPXPARAM_MIP_OrderType=0;CPXPARAM_MIP_Strategy_BBInterval=7;CPXPARAM_MIP_Strategy_Branch=1;CPXPARAM_MIP_Strategy_Dive=0;CPXPARAM_MIP_Strategy_File=1;CPXPARAM_MIP_Strategy_HeuristicFreq=0;CPXPARAM_MIP_Strategy_LBHeur=0;CPXPARAM_MIP_Strategy_NodeSelect=1;CPXPARAM_MIP_Strategy_Order=1;CPXPARAM_MIP_Strategy_PresolveNode=2;CPXPARAM_MIP_Strategy_Probe=0;CPXPARAM_MIP_Strategy_RINSHeur=0;CPXPARAM_MIP_Strategy_StartAlgorithm=0;CPXPARAM_MIP_Strategy_SubAlgorithm=0;CPXPARAM_MIP_Strategy_VariableSelect=2;CPXPARAM_Network_NetFind=2;CPXPARAM_Network_Pricing=0;CPXPARAM_Parallel=1;CPXPARAM_Preprocessing_Aggregator=-1;CPXPARAM_Preprocessing_BoundStrength=-1;CPXPARAM_Preprocessing_CoeffReduce=-1;CPXPARAM_Preprocessing_Dependency=-1;CPXPARAM_Preprocessing_Dual=0;CPXPARAM_Preprocessing_Fill=10;CPXPARAM_Preprocessing_NumPass=-1;CPXPARAM_Preprocessing_Presolve=1;CPXPARAM_Preprocessing_QPMakePSD=1;CPXPARAM_Preprocessing_Reduce=3;CPXPARAM_Preprocessing_Relax=-1;CPXPARAM_Preprocessing_RepeatPresolve=-1;CPXPARAM_Preprocessing_Symmetry=-1;CPXPARAM_Read_Scale=0;CPXPARAM_Sifting_Algorithm=0;CPXPARAM_Simplex_Crash=1;CPXPARAM_Simplex_DGradient=0;CPXPARAM_Simplex_Limits_Perturbation=0;CPXPARAM_Simplex_Limits_Singularity=10;CPXPARAM_Simplex_PGradient=0;CPXPARAM_Simplex_Pricing=0;CPXPARAM_Simplex_Refactor=0
1172521327534372190,0,CPXPARAM_Advance=1;CPXPARAM_Barrier_Algorithm=0;CPXPARAM_Barrier_ColNonzeros=0;CPXPARAM_Barrier_Crossover=0;CPXPARAM_Barrier_Limits_Corrections=-1;CPXPARAM_Barrier_Ordering=0;CPXPARAM_Barrier_StartAlg=1;CPXPARAM_Emphasis_MIP=4;CPXPARAM_Emphasis_Memory=0;CPXPARAM_Emphasis_Numerical=0;CPXPARAM_Feasopt_Mode=0;CPXPARAM_LPMethod=0;CPXPARAM_MIP_Cuts_Cliques=0;CPXPARAM_MIP_Cuts_Covers=0;CPXPARAM_MIP_Cuts_Disjunctive=-1;CPXPARAM_MIP_Cuts_FlowCovers=2;CPXPARAM_MIP_Cuts_GUBCovers=-1;CPXPARAM_MIP_Cuts_Gomory=2;CPXPARAM_MIP_Cuts_Implied=-1;CPXPARAM_MIP_Cuts_MIRCut=1;CPXPARAM_MIP_Cuts_PathCut=2;CPXPARAM_MIP_Limits_AggForCut=3;CPXPARAM_MIP_Limits_CutPasses=0;CPXPARAM_MIP_Limits_CutsFactor=-1;CPXPARAM_MIP_Limits_GomoryCand=150;CPXPARAM_MIP_Limits_GomoryPass=0;CPXPARAM_MIP_Limits_Nodes=9223372036800000000;CPXPARAM_MIP_Limits_ProbeTime=1e+75;CPXPARAM_MIP_Limits_RepairTries=0;CPXPARAM_MIP_Limits_StrongCand=10;CPXPARAM_MIP_Limits_StrongIt=0;CPXPARAM_MIP_OrderType=0;CPXPARAM_MIP_Strategy_BBInterval=7;CPXPARAM_MIP_Strategy_Branch=0;CPXPARAM_MIP_Strategy_Dive=0;CPXPARAM_MIP_Strategy_File=1;CPXPARAM_MIP_Strategy_HeuristicFreq=0;CPXPARAM_MIP_Strategy_LBHeur=0;CPXPARAM_MIP_Strategy_NodeSelect=1;CPXPARAM_MIP_Strategy_Order=1;CPXPARAM_MIP_Strategy_PresolveNode=0;CPXPARAM_MIP_Strategy_Probe=0;CPXPARAM_MIP_Strategy_RINSHeur=0;CPXPARAM_MIP_Strategy_StartAlgorithm=0;CPXPARAM_MIP_Strategy_SubAlgorithm=0;CPXPARAM_MIP_Strategy_VariableSelect=0;CPXPARAM_Network_NetFind=2;CPXPARAM_Network_Pricing=0;CPXPARAM_Parallel=1;CPXPARAM_Preprocessing_Aggregator=-1;CPXPARAM_Preprocessing_BoundStrength=-1;CPXPARAM_Preprocessing_CoeffReduce=-1;CPXPARAM_Preprocessing_Dependency=-1;CPXPARAM_Preprocessing_Dual=0;CPXPARAM_Preprocessing_Fill=10;CPXPARAM_Preprocessing_NumPass=-1;CPXPARAM_Preprocessing_Presolve=1;CPXPARAM_Preprocessing_QPMakePSD=1;CPXPARAM_Preprocessing_Reduce=3;CPXPARAM_Preprocessing_Relax=-1;CPXPARAM_Preprocessing_RepeatPresolve=-1;CPXPARAM_Preprocessing_Symmetry=-1;CPXPARAM_Read_Scale=0;CPXPARAM_Sifting_Algorithm=0;CPXPARAM_Simplex_Crash=1;CPXPARAM_Simplex_DGradient=0;CPXPARAM_Simplex_Limits_Perturbation=0;CPXPARAM_Simplex_Limits_Singularity=10;CPXPARAM_Simplex_PGradient=0;CPXPARAM_Simplex_Pricing=0;CPXPARAM_Simplex_Refactor=0
2516010511115557691,0,CPXPARAM_Advance=1;CPXPARAM_Barrier_Algorithm=0;CPXPARAM_Barrier_ColNonzeros=0;CPXPARAM_Barrier_Crossover=0;CPXPARAM_Barrier_Limits_Corrections=-1;CPXPARAM_Barrier_Ordering=0;CPXPARAM_Barrier_StartAlg=1;CPXPARAM_Emphasis_MIP=5;CPXPARAM_Emphasis_Memory=0;CPXPARAM_Emphasis_Numerical=0;CPXPARAM_Feasopt_Mode=0;CPXPARAM_LPMethod=0;CPXPARAM_MIP_Cuts_Cliques=2;CPXPARAM_MIP_Cuts_Covers=3;CPXPARAM_MIP_Cuts_Disjunctive=0;CPXPARAM_MIP_Cuts_FlowCovers=-1;CPXPARAM_MIP_Cuts_GUBCovers=-1;CPXPARAM_MIP_Cuts_Gomory=-1;CPXPARAM_MIP_Cuts_Implied=-1;CPXPARAM_MIP_Cuts_MIRCut=2;CPXPARAM_MIP_Cuts_PathCut=2;CPXPARAM_MIP_Limits_AggForCut=3;CPXPARAM_MIP_Limits_CutPasses=0;CPXPARAM_MIP_Limits_CutsFactor=-1;CPXPARAM_MIP_Limits_GomoryCand=50;CPXPARAM_MIP_Limits_GomoryPass=0;CPXPARAM_MIP_Limits_Nodes=9223372036800000000;CPXPARAM_MIP_Limits_ProbeTime=1e+75;CPXPARAM_MIP_Limits_RepairTries=0;CPXPARAM_MIP_Limits_StrongCand=10;CPXPARAM_MIP_Limits_StrongIt=0;CPXPARAM_MIP_OrderType=0;CPXPARAM_MIP_Strategy_BBInterval=7;CPXPARAM_MIP_Strategy_Branch=0;CPXPARAM_MIP_Strategy_Dive=0;CPXPARAM_MIP_Strategy_File=1;CPXPARAM_MIP_Strategy_HeuristicFreq=0;CPXPARAM_MIP_Strategy_LBHeur=0;CPXPARAM_MIP_Strategy_NodeSelect=1;CPXPARAM_MIP_Strategy_Order=1;CPXPARAM_MIP_Strategy_PresolveNode=0;CPXPARAM_MIP_Strategy_Probe=0;CPXPARAM_MIP_Strategy_RINSHeur=0;CPXPARAM_MIP_Strategy_StartAlgorithm=0;CPXPARAM_MIP_Strategy_SubAlgorithm=0;CPXPARAM_MIP_Strategy_VariableSelect=1;CPXPARAM_Network_NetFind=2;CPXPARAM_Network_Pricing=0;CPXPARAM_Parallel=1;CPXPARAM_Preprocessing_Aggregator=-1;CPXPARAM_Preprocessing_BoundStrength=-1;CPXPARAM_Preprocessing_CoeffReduce=-1;CPXPARAM_Preprocessing_Dependency=-1;CPXPARAM_Preprocessing_Dual=0;CPXPARAM_Preprocessing_Fill=10;CPXPARAM_Preprocessing_NumPass=-1;CPXPARAM_Preprocessing_Presolve=1;CPXPARAM_Preprocessing_QPMakePSD=1;CPXPARAM_Preprocessing_Reduce=3;CPXPARAM_Preprocessing_Relax=-1;CPXPARAM_Preprocessing_RepeatPresolve=-1;CPXPARAM_Preprocessing_Symmetry=-1;CPXPARAM_Read_Scale=0;CPXPARAM_Sifting_Algorithm=0;CPXPARAM_Simplex_Crash=1;CPXPARAM_Simplex_DGradient=0;CPXPARAM_Simplex_Limits_Perturbation=0;CPXPARAM_Simplex_Limits_Singularity=10;CPXPARAM_Simplex_PGradient=0;CPXPARAM_Simplex_Pricing=0;CPXPARAM_Simplex_Refactor=0
16693004179552802109,0,CPXPARAM_Advance=1;CPXPARAM_Barrier_Algorithm=0;CPXPARAM_Barrier_ColNonzeros=0;CPXPARAM_Barrier_Crossover=0;CPXPARAM_Barrier_Limits_Corrections=-1;CPXPARAM_Barrier_Ordering=0;CPXPARAM_Barrier_StartAlg=1;CPXPARAM_Emphasis_MIP=3;CPXPARAM_Emphasis_Memory=0;CPXPARAM_Emphasis_Numerical=0;CPXPARAM_Feasopt_Mode=0;CPXPARAM_LPMethod=0;CPXPARAM_MIP_Cuts_Cliques=3;CPXPARAM_MIP_Cuts_Covers=0;CPXPARAM_MIP_Cuts_Disjunctive=1;CPXPARAM_MIP_Cuts_FlowCovers=0;CPXPARAM_MIP_Cuts_GUBCovers=-1;CPXPARAM_MIP_Cuts_Gomory=0;CPXPARAM_MIP_Cuts_Implied=1;CPXPARAM_MIP_Cuts_MIRCut=2;CPXPARAM_MIP_Cuts_PathCut=-1;CPXPARAM_MIP_Limits_AggForCut=3;CPXPARAM_MIP_Limits_CutPasses=0;CPXPARAM_MIP_Limits_CutsFactor=-1;CPXPARAM_MIP_Limits_GomoryCand=25;CPXPARAM_MIP_Limits_GomoryPass=0;CPXPARAM_MIP_Limits_Nodes=9223372036800000000;CPXPARAM_MIP_Limits_ProbeTime=1e+75;CPXPARAM_MIP_Limits_RepairTries=0;CPXPARAM_MIP_Limits_StrongCand=10;CPXPARAM_MIP_Limits_StrongIt=0;CPXPARAM_MIP_OrderType=0;CPXPARAM_MIP_Strategy_BBInterval=7;CPXPARAM_MIP_Strategy_Branch=0;CPXPARAM_MIP_Strategy_Dive=0;CPXPARAM_MIP_Strategy_File=1;CPXPARAM_MIP_Strategy_HeuristicFreq=0;CPXPARAM_MIP_Strategy_LBHeur=0;CPXPARAM_MIP_Strategy_NodeSelect=1;CPXPARAM_MIP_Strategy_Order=1;CPXPARAM_MIP_Strategy_PresolveNode=0;CPXPARAM_MIP_Strategy_Probe=0;CPXPARAM_MIP_Strategy_RINSHeur=0;CPXPARAM_MIP_Strategy_StartAlgorithm=0;CPXPARAM_MIP_Strategy_SubAlgorithm=0;CPXPARAM_MIP_Strategy_VariableSelect=0;CPXPARAM_Network_NetFind=2;CPXPARAM_Network_Pricing=0;CPXPARAM_Parallel=1;CPXPARAM_Preprocessing_Aggregator=-1;CPXPARAM_Preprocessing_BoundStrength=-1;CPXPARAM_Preprocessing_CoeffReduce=-1;CPXPARAM_Preprocessing_Dependency=-1;CPXPARAM_Preprocessing_Dual=0;CPXPARAM_Preprocessing_Fill=10;CPXPARAM_Preprocessing_NumPass=-1;CPXPARAM_Preprocessing_Presolve=1;CPXPARAM_Preprocessing_QPMakePSD=1;CPXPARAM_Preprocessing_Reduce=3;CPXPARAM_Preprocessing_Relax=-1;CPXPARAM_Preprocessing_RepeatPresolve=-1;CPXPARAM_Preprocessing_Symmetry=-1;CPXPARAM_Read_Scale=0;CPXPARAM_Sifting_Algorithm=0;CPXPARAM_Simplex_Crash=1;CPXPARAM_Simplex_DGradient=0;CPXPARAM_Simplex_Limits_Perturbation=0;CPXPARAM_Simplex_Limits_Singularity=10;CPXPARAM_Simplex_PGradient=0;CPXPARAM_Simplex_Pricing=0;CPXPARAM_Simplex_Refactor=0
9964408193141193193,0,CPXPARAM_Advance=1;CPXPARAM_Barrier_Algorithm=0;CPXPARAM_Barrier_ColNonzeros=0;CPXPARAM_Barrier_Crossover=0;CPXPARAM_Barrier_Limits_Corrections=-1;CPXPARAM_Barrier_Ordering=0;CPXPARAM_Barrier_StartAlg=1;CPXPARAM_Emphasis_MIP=5;CPXPARAM_Emphasis_Memory=0;CPXPARAM_Emphasis_Numerical=0;CPXPARAM_Feasopt_Mode=0;CPXPARAM_LPMethod=0;CPXPARAM_MIP_Cuts_Cliques=0;CPXPARAM_MIP_Cuts_Covers=0;CPXPARAM_MIP_Cuts_Disjunctive=-1;CPXPARAM_MIP_Cuts_FlowCovers=-1;CPXPARAM_MIP_Cuts_GUBCovers=1;CPXPARAM_MIP_Cuts_Gomory=-1;CPXPARAM_MIP_Cuts_Implied=1;CPXPARAM_MIP_Cuts_MIRCut=2;CPXPARAM_MIP_Cuts_PathCut=0;CPXPARAM_MIP_Limits_AggForCut=3;CPXPARAM_MIP_Limits_CutPasses=0;CPXPARAM_MIP_Limits_CutsFactor=-1;CPXPARAM_MIP_Limits_GomoryCand=400;CPXPARAM_MIP_Limits_GomoryPass=0;CPXPARAM_MIP_Limits_Nodes=9223372036800000000;CPXPARAM_MIP_Limits_ProbeTime=1e+75;CPXPARAM_MIP_Limits_RepairTries=0;CPXPARAM_MIP_Limits_StrongCand=10;CPXPARAM_MIP_Limits_StrongIt=0;CPXPARAM_MIP_OrderType=3;CPXPARAM_MIP_Strategy_BBInterval=7;CPXPARAM_MIP_Strategy_Branch=-1;CPXPARAM_MIP_Strategy_Dive=0;CPXPARAM_MIP_Strategy_File=1;CPXPARAM_MIP_Strategy_HeuristicFreq=0;CPXPARAM_MIP_Strategy_LBHeur=0;CPXPARAM_MIP_Strategy_NodeSelect=0;CPXPARAM_MIP_Strategy_Order=1;CPXPARAM_MIP_Strategy_PresolveNode=1;CPXPARAM_MIP_Strategy_Probe=1;CPXPARAM_MIP_Strategy_RINSHeur=0;CPXPARAM_MIP_Strategy_StartAlgorithm=0;CPXPARAM_MIP_Strategy_SubAlgorithm=0;CPXPARAM_MIP_Strategy_VariableSelect=4;CPXPARAM_Network_NetFind=2;CPXPARAM_Network_Pricing=0;CPXPARAM_Parallel=1;CPXPARAM_Preprocessing_Aggregator=-1;CPXPARAM_Preprocessing_BoundStrength=-1;CPXPARAM_Preprocessing_CoeffReduce=-1;CPXPARAM_Preprocessing_Dependency=-1;CPXPARAM_Preprocessing_Dual=0;CPXPARAM_Preprocessing_Fill=40;CPXPARAM_Preprocessing_NumPass=-1;CPXPARAM_Preprocessing_Presolve=1;CPXPARAM_Preprocessing_QPMakePSD=1;CPXPARAM_Preprocessing_Reduce=0;CPXPARAM_Preprocessing_Relax=-1;CPXPARAM_Preprocessing_RepeatPresolve=-1;CPXPARAM_Preprocessing_Symmetry=-1;CPXPARAM_Read_Scale=0;CPXPARAM_Sifting_Algorithm=0;CPXPARAM_Simplex_Crash=1;CPXPARAM_Simplex_DGradient=0;CPXPARAM_Simplex_Limits_Perturbation=0;CPXPARAM_Simplex_Limits_Singularity=10;CPXPARAM_Simplex_PGradient=0;CPXPARAM_Simplex_Pricing=0;CPXPARAM_Simplex_Refactor=0
18392578051312804875,0,CPXPARAM_Advance=1;CPXPARAM_Barrier_Algorithm=0;CPXPARAM_Barrier_ColNonzeros=0;CPXPARAM_Barrier_Crossover=0;CPXPARAM_Barrier_Limits_Corrections=-1;CPXPARAM_Barrier_Ordering=0;CPXPARAM_Barrier_StartAlg=1;CPXPARAM_Emphasis_MIP=5;CPXPARAM_Emphasis_Memory=0;CPXPARAM_Emphasis_Numerical=0;CPXPARAM_Feasopt_Mode=0;CPXPARAM_LPMethod=0;CPXPARAM_MIP_Cuts_Cliques=3;CPXPARAM_MIP_Cuts_Covers=1;CPXPARAM_MIP_Cuts_Disjunctive=-1;CPXPARAM_MIP_Cuts_FlowCovers=0;CPXPARAM_MIP_Cuts_GUBCovers=2;CPXPARAM_MIP_Cuts_Gomory=-1;CPXPARAM_MIP_Cuts_Implied=-1;CPXPARAM_MIP_Cuts_MIRCut=-1;CPXPARAM_MIP_Cuts_PathCut=1;CPXPARAM_MIP_Limits_AggForCut=3;CPXPARAM_MIP_Limits_CutPasses=0;CPXPARAM_MIP_Limits_CutsFactor=-1;CPXPARAM_MIP_Limits_GomoryCand=800;CPXPARAM_MIP_Limits_GomoryPass=0;CPXPARAM_MIP_Limits_Nodes=9223372036800000000;CPXPARAM_MIP_Limits_ProbeTime=1e+75;CPXPARAM_MIP_Limits_RepairTries=0;CPXPARAM_MIP_Limits_StrongCand=10;CPXPARAM_MIP_Limits_StrongIt=0;CPXPARAM_MIP_OrderType=0;CPXPARAM_MIP_Strategy_BBInterval=7;CPXPARAM_MIP_Strategy_Branch=0;CPXPARAM_MIP_Strategy_Dive=0;CPXPARAM_MIP_Strategy_File=1;CPXPARAM_MIP_Strategy_HeuristicFreq=0;CPXPARAM_MIP_Strategy_LBHeur=0;CPXPARAM_MIP_Strategy_NodeSelect=1;CPXPARAM_MIP_Strategy_Order=1;CPXPARAM_MIP_Strategy_PresolveNode=0;CPXPARAM_MIP_Strategy_Probe=2;CPXPARAM_MIP_Strategy_RINSHeur=0;CPXPARAM_MIP_Strategy_StartAlgorithm=0;CPXPARAM_MIP_Strategy_SubAlgorithm=0;CPXPARAM_MIP_Strategy_VariableSelect=0;CPXPARAM_Network_NetFind=2;CPXPARAM_Network_Pricing=0;CPXPARAM_Parallel=1;CPXPARAM_Preprocessing_Aggregator=-1;CPXPARAM_Preprocessing_BoundStrength=-1;CPXPARAM_Preprocessing_CoeffReduce=-1;CPXPARAM_Preprocessing_Dependency=-1;CPXPARAM_Preprocessing_Dual=0;CPXPARAM_Preprocessing_Fill=10;CPXPARAM_Preprocessing_NumPass=-1;CPXPARAM_Preprocessing_Presolve=1;CPXPARAM_Preprocessing_QPMakePSD=1;CPXPARAM_Preprocessing_Reduce=3;CPXPARAM_Preprocessing_Relax=-1;CPXPARAM_Preprocessing_RepeatPresolve=-1;CPXPARAM_Preprocessing_Symmetry=-1;CPXPARAM_Read_Scale=0;CPXPARAM_Sifting_Algorithm=0;CPXPARAM_Simplex_Crash=1;CPXPARAM_Simplex_DGradient=0;CPXPARAM_Simplex_Limits_Perturbation=0;CPXPARAM_Simplex_Limits_Singularity=10;CPXPARAM_Simplex_PGradient=0;CPXPARAM_Simplex_Pricing=0;CPXPARAM_Simplex_Refactor=0
12544252937604753657,0,CPXPARAM_Advance=1;CPXPARAM_Barrier_Algorithm=0;CPXPARAM_Barrier_ColNonzeros=0;CPXPARAM_Barrier_Crossover=0;CPXPARAM_Barrier_Limits_Corrections=-1;CPXPARAM_Barrier_Ordering=0;CPXPARAM_Barrier_StartAlg=1;CPXPARAM_Emphasis_MIP=2;CPXPARAM_Emphasis_Memory=0;CPXPARAM_Emphasis_Numerical=0;CPXPARAM_Feasopt_Mode=0;CPXPARAM_LPMethod=0;CPXPARAM_MIP_Cuts_Cliques=-1;CPXPARAM_MIP_Cuts_Covers=2;CPXPARAM_MIP_Cuts_Disjunctive=1;CPXPARAM_MIP_Cuts_FlowCovers=2;CPXPARAM_MIP_Cuts_GUBCovers=1;CPXPARAM_MIP_Cuts_Gomory=0;CPXPARAM_MIP_Cuts_Implied=-1;CPXPARAM_MIP_Cuts_MIRCut=-1;CPXPARAM_MIP_Cuts_PathCut=-1;CPXPARAM_MIP_Limits_AggForCut=3;CPXPARAM_MIP_Limits_CutPasses=0;CPXPARAM_MIP_Limits_CutsFactor=-1;CPXPARAM_MIP_Limits_GomoryCand=400;CPXPARAM_MIP_Limits_GomoryPass=0;CPXPARAM_MIP_Limits_Nodes=9223372036800000000;CPXPARAM_MIP_Limits_ProbeTime=1e+75;CPXPARAM_MIP_Limits_RepairTries=0;CPXPARAM_MIP_Limits_StrongCand=10;CPXPARAM_MIP_Limits_StrongIt=0;CPXPARAM_MIP_OrderType=0;CPXPARAM_MIP_Strategy_BBInterval=7;CPXPARAM_MIP_Strategy_Branch=0;CPXPARAM_MIP_Strategy_Dive=0;CPXPARAM_MIP_Strategy_File=1;CPXPARAM_MIP_Strategy_HeuristicFreq=0;CPXPARAM_MIP_Strategy_LBHeur=0;CPXPARAM_MIP_Strategy_NodeSelect=1;CPXPARAM_MIP_Strategy_Order=1;CPXPARAM_MIP_Strategy_PresolveNode=0;CPXPARAM_MIP_Strategy_Probe=0;CPXPARAM_MIP_Strategy_RINSHeur=500;CPXPARAM_MIP_Strategy_StartAlgorithm=0;CPXPARAM_MIP_Strategy_SubAlgorithm=0;CPXPARAM_MIP_Strategy_VariableSelect=0;CPXPARAM_Network_NetFind=2;CPXPARAM_Network_Pricing=0;CPXPARAM_Parallel=1;CPXPARAM_Preprocessing_Aggregator=-1;CPXPARAM_Preprocessing_BoundStrength=-1;CPXPARAM_Preprocessing_CoeffReduce=-1;CPXPARAM_Preprocessing_Dependency=-1;CPXPARAM_Preprocessing_Dual=0;CPXPARAM_Preprocessing_Fill=10;CPXPARAM_Preprocessing_NumPass=-1;CPXPARAM_Preprocessing_Presolve=1;CPXPARAM_Preprocessing_QPMakePSD=1;CPXPARAM_Preprocessing_Reduce=3;CPXPARAM_Preprocessing_Relax=-1;CPXPARAM_Preprocessing_RepeatPresolve=-1;CPXPARAM_Preprocessing_Symmetry=-1;CPXPARAM_Read_Scale=0;CPXPARAM_Sifting_Algorithm=0;CPXPARAM_Simplex_Crash=1;CPXPARAM_Simplex_DGradient=0;CPXPARAM_Simplex_Limits_Perturbation=0;CPXPARAM_Simplex_Limits_Singularity=10;CPXPARAM_Simplex_PGradient=0;CPXPARAM_Simplex_Pricing=0;CPXPARAM_Simplex_Refactor=0
9147653697776728177,0,CPXPARAM_Advance=1;CPXPARAM_Barrier_Algorithm=0;CPXPARAM_Barrier_ColNonzeros=0;CPXPARAM_Barrier_Crossover=0;CPXPARAM_Barrier_Limits_Corrections=-1;CPXPARAM_Barrier_Ordering=0;CPXPARAM_Barrier_StartAlg=1;CPXPARAM_Emphasis_MIP=0;CPXPARAM_Emphasis_Memory=0;CPXPARAM_Emphasis_Numerical=0;CPXPARAM_Feasopt_Mode=0;CPXPARAM_LPMethod=0;CPXPARAM_MIP_Cuts_Cliques=1;CPXPARAM_MIP_Cuts_Covers=3;CPXPARAM_MIP_Cuts_Disjunctive=1;CPXPARAM_MIP_Cuts_FlowCovers=-1;CPXPARAM_MIP_Cuts_GUBCovers=1;CPXPARAM_MIP_Cuts_Gomory=-1;CPXPARAM_MIP_Cuts_Implied=2;CPXPARAM_MIP_Cuts_MIRCut=2;CPXPARAM_MIP_Cuts_PathCut=0;CPXPARAM_MIP_Limits_AggForCut=3;CPXPARAM_MIP_Limits_CutPasses=0;CPXPARAM_MIP_Limits_CutsFactor=-1;CPXPARAM_MIP_Limits_GomoryCand=10;CPXPARAM_MIP_Limits_GomoryPass=0;CPXPARAM_MIP_Limits_Nodes=9223372036800000000;CPXPARAM_MIP_Limits_ProbeTime=1e+75;CPXPARAM_MIP_Limits_RepairTries=0;CPXPARAM_MIP_Limits_StrongCand=10;CPXPARAM_MIP_Limits_StrongIt=0;CPXPARAM_MIP_OrderType=0;CPXPARAM_MIP_Strategy_BBInterval=7;CPXPARAM_MIP_Strategy_Branch=-1;CPXPARAM_MIP_Strategy_Dive=0;CPXPARAM_MIP_Strategy_File=1;CPXPARAM_MIP_Strategy_HeuristicFreq=0;CPXPARAM_MIP_Strategy_LBHeur=0;CPXPARAM_MIP_Strategy_NodeSelect=1;CPXPARAM_MIP_Strategy_Order=1;CPXPARAM_MIP_Strategy_PresolveNode=3;CPXPARAM_MIP_Strategy_Probe=3;CPXPARAM_MIP_Strategy_RINSHeur=0;CPXPARAM_MIP_Strategy_StartAlgorithm=0;CPXPARAM_MIP_Strategy_SubAlgorithm=0;CPXPARAM_MIP_Strategy_VariableSelect=3;CPXPARAM_Network_NetFind=2;CPXPARAM_Network_Pricing=0;CPXPARAM_Parallel=1;CPXPARAM_Preprocessing_Aggregator=-1;CPXPARAM_Preprocessing_BoundStrength=-1;CPXPARAM_Preprocessing_CoeffReduce=-1;CPXPARAM_Preprocessing_Dependency=-1;CPXPARAM_Preprocessing_Dual=0;CPXPARAM_Preprocessing_Fill=10;CPXPARAM_Preprocessing_NumPass=-1;CPXPARAM_Preprocessing_Presolve=1;CPXPARAM_Preprocessing_QPMakePSD=1;CPXPARAM_Preprocessing_Reduce=3;CPXPARAM_Preprocessing_Relax=-1;CPXPARAM_Preprocessing_RepeatPresolve=-1;CPXPARAM_Preprocessing_Symmetry=-1;CPXPARAM_Read_Scale=0;CPXPARAM_Sifting_Algorithm=0;CPXPARAM_Simplex_Crash=1;CPXPARAM_Simplex_DGradient=0;CPXPARAM_Simplex_Limits_Perturbation=0;CPXPARAM_Simplex_Limits_Singularity=10;CPXPARAM_Simplex_PGradient=0;CPXPARAM_Simplex_Pricing=0;CPXPARAM_Simplex_Refactor=0
5208684262829477972,0,CPXPARAM_Advance=1;CPXPARAM_Barrier_Algorithm=0;CPXPARAM_Barrier_ColNonzeros=0;CPXPARAM_Barrier_Crossover=0;CPXPARAM_Barrier_Limits_Corrections=-1;CPXPARAM_Barrier_Ordering=0;CPXPARAM_Barrier_StartAlg=1;CPXPARAM_Emphasis_MIP=0;CPXPARAM_Emphasis_Memory=0;CPXPARAM_Emphasis_Numerical=0;CPXPARAM_Feasopt_Mode=0;CPXPARAM_LPMethod=0;CPXPARAM_MIP_Cuts_Cliques=1;CPXPARAM_MIP_Cuts_Covers=-1;CPXPARAM_MIP_Cuts_Disjunctive=-1;CPXPARAM_MIP_Cuts_FlowCovers=2;CPXPARAM_MIP_Cuts_GUBCovers=-1;CPXPARAM_MIP_Cuts_Gomory=0;CPXPARAM_MIP_Cuts_Implied=-1;CPXPARAM_MIP_Cuts_MIRCut=2;CPXPARAM_MIP_Cuts_PathCut=1;CPXPARAM_MIP_Limits_AggForCut=5;CPXPARAM_MIP_Limits_CutPasses=0;CPXPARAM_MIP_Limits_CutsFactor=-1;CPXPARAM_MIP_Limits_GomoryCand=10;CPXPARAM_MIP_Limits_GomoryPass=0;CPXPARAM_MIP_Limits_Nodes=9223372036800000000;CPXPARAM_MIP_Limits_ProbeTime=1e+75;CPXPARAM_MIP_Limits_RepairTries=0;CPXPARAM_MIP_Limits_StrongCand=10;CPXPARAM_MIP_Limits_StrongIt=0;CPXPARAM_MIP_OrderType=2;CPXPARAM_MIP_Strategy_BBInterval=7;CPXPARAM_MIP_Strategy_Branch=0;CPXPARAM_MIP_Strategy_Dive=0;CPXPARAM_MIP_Strategy_File=1;CPXPARAM_MIP_Strategy_HeuristicFreq=0;CPXPARAM_MIP_Strategy_LBHeur=0;CPXPARAM_MIP_Strategy_NodeSelect=3;CPXPARAM_MIP_Strategy_Order=1;CPXPARAM_MIP_Strategy_PresolveNode=3;CPXPARAM_MIP_Strategy_Probe=2;CPXPARAM_MIP_Strategy_RINSHeur=0;CPXPARAM_MIP_Strategy_StartAlgorithm=0;CPXPARAM_MIP_Strategy_SubAlgorithm=1;CPXPARAM_MIP_Strategy_VariableSelect=2;CPXPARAM_Network_NetFind=2;CPXPARAM_Network_Pricing=0;CPXPARAM_Parallel=1;CPXPARAM_Preprocessing_Aggregator=-1;CPXPARAM_Preprocessing_BoundStrength=-1;CPXPARAM_Preprocessing_CoeffReduce=-1;CPXPARAM_Preprocessing_Dependency=-1;CPXPARAM_Preprocessing_Dual=0;CPXPARAM_Preprocessing_Fill=40;CPXPARAM_Preprocessing_NumPass=-1;CPXPARAM_Preprocessing_Presolve=1;CPXPARAM_Preprocessing_QPMakePSD=1;CPXPARAM_Preprocessing_Reduce=3;CPXPARAM_Preprocessing_Relax=-1;CPXPARAM_Preprocessing_RepeatPresolve=-1;CPXPARAM_Preprocessing_Symmetry=-1;CPXPARAM_Read_Scale=-1;CPXPARAM_Sifting_Algorithm=0;CPXPARAM_Simplex_Crash=1;CPXPARAM_Simplex_DGradient=0;CPXPARAM_Simplex_Limits_Perturbation=0;CPXPARAM_Simplex_Limits_Singularity=10;CPXPARAM_Simplex_PGradient=0;CPXPARAM_Simplex_Pricing=0;CPXPARAM_Simplex_Refactor=0
12045316809900245144,0,CPXPARAM_Advance=1;CPXPARAM_Barrier_Algorithm=0;CPXPARAM_Barrier_ColNonzeros=0;CPXPARAM_Barrier_Crossover=0;CPXPARAM_Barrier_Limits_Corrections=-1;CPXPARAM_Barrier_Ordering=0;CPXPARAM_Barrier_StartAlg=1;CPXPARAM_Emphasis_MIP=3;CPXPARAM_Emphasis_Memory=0;CPXPARAM_Emphasis_Numerical=0;CPXPARAM_Feasopt_Mode=0;CPXPARAM_LPMethod=0;CPXPARAM_MIP_Cuts_Cliques=3;CPXPARAM_MIP_Cuts_Covers=0;CPXPARAM_MIP_Cuts_Disjunctive=0;CPXPARAM_MIP_Cuts_FlowCovers=0;CPXPARAM_MIP_Cuts_GUBCovers=1;CPXPARAM_MIP_Cuts_Gomory=2;CPXPARAM_MIP_Cuts_Implied=-1;CPXPARAM_MIP_Cuts_MIRCut=1;CPXPARAM_MIP_Cuts_PathCut=-1;CPXPARAM_MIP_Limits_AggForCut=3;CPXPARAM_MIP_Limits_CutPasses=0;CPXPARAM_MIP_Limits_CutsFactor=-1;CPXPARAM_MIP_Limits_GomoryCand=200;CPXPARAM_MIP_Limits_GomoryPass=0;CPXPARAM_MIP_Limits_Nodes=9223372036800000000;CPXPARAM_MIP_Limits_ProbeTime=1e+75;CPXPARAM_MIP_Limits_RepairTries=0;CPXPARAM_MIP_Limits_StrongCand=10;CPXPARAM_MIP_Limits_StrongIt=0;CPXPARAM_MIP_OrderType=0;CPXPARAM_MIP_Strategy_BBInterval=7;CPXPARAM_MIP_Strategy_Branch=0;CPXPARAM_MIP_Strategy_Dive=0;CPXPARAM_MIP_Strategy_File=1;CPXPARAM_MIP_Strategy_HeuristicFreq=0;CPXPARAM_MIP_Strategy_LBHeur=0;CPXPARAM_MIP_Strategy_NodeSelect=1;CPXPARAM_MIP_Strategy_Order=1;CPXPARAM_MIP_Strategy_PresolveNode=0;CPXPARAM_MIP_Strategy_Probe=0;CPXPARAM_MIP_Strategy_RINSHeur=0;CPXPARAM_MIP_Strategy_StartAlgorithm=0;CPXPARAM_MIP_Strategy_SubAlgorithm=0;CPXPARAM_MIP_Strategy_VariableSelect=0;CPXPARAM_Network_NetFind=2;CPXPARAM_Network_Pricing=0;CPXPARAM_Parallel=1;CPXPARAM_Preprocessing_Aggregator=-1;CPXPARAM_Preprocessing_BoundStrength=-1;CPXPARAM_Preprocessing_CoeffReduce=-1;CPXPARAM_Preprocessing_Dependency=-1;CPXPARAM_Preprocessing_Dual=0;CPXPARAM_Preprocessing_Fill=10;CPXPARAM_Preprocessing_NumPass=-1;CPXPARAM_Preprocessing_Presolve=1;CPXPARAM_Preprocessing_QPMakePSD=1;CPXPARAM_Preprocessing_Reduce=3;CPXPARAM_Preprocessing_Relax=-1;CPXPARAM_Preprocessing_RepeatPresolve=-1;CPXPARAM_Preprocessing_Symmetry=-1;CPXPARAM_Read_Scale=0;CPXPARAM_Sifting_Algorithm=0;CPXPARAM_Simplex_Crash=1;CPXPARAM_Simplex_DGradient=0;CPXPARAM_Simplex_Limits_Perturbation=0;CPXPARAM_Simplex_Limits_Singularity=10;CPXPARAM_Simplex_PGradient=0;CPXPARAM_Simplex_Pricing=0;CPXPARAM_Simplex_Refactor=0
14540834812174602585,0,CPXPARAM_Advance=1;CPXPARAM_Barrier_Algorithm=0;CPXPARAM_Barrier_ColNonzeros=0;CPXPARAM_Barrier_Crossover=0;CPXPARAM_Barrier_Limits_Corrections=-1;CPXPARAM_Barrier_Ordering=0;CPXPARAM_Barrier_StartAlg=1;CPXPARAM_Emphasis_MIP=4;CPXPARAM_Emphasis_Memory=0;CPXPARAM_Emphasis_Numerical=0;CPXPARAM_Feasopt_Mode=0;CPXPARAM_LPMethod=0;CPXPARAM_MIP_Cuts_Cliques=0;CPXPARAM_MIP_Cuts_Covers=1;CPXPARAM_MIP_Cuts_Disjunctive=0;CPXPARAM_MIP_Cuts_FlowCovers=-1;CPXPARAM_MIP_Cuts_GUBCovers=2;CPXPARAM_MIP_Cuts_Gomory=0;CPXPARAM_MIP_Cuts_Implied=0;CPXPARAM_MIP_Cuts_MIRCut=0;CPXPARAM_MIP_Cuts_PathCut=1;CPXPARAM_MIP_Limits_AggForCut=3;CPXPARAM_MIP_Limits_CutPasses=0;CPXPARAM_MIP_Limits_CutsFactor=-1;CPXPARAM_MIP_Limits_GomoryCand=150;CPXPARAM_MIP_Limits_GomoryPass=0;CPXPARAM_MIP_Limits_Nodes=9223372036800000000;CPXPARAM_MIP_Limits_ProbeTime=1e+75;CPXPARAM_MIP_Limits_RepairTries=0;CPXPARAM_MIP_Limits_StrongCand=10;CPXPARAM_MIP_Limits_StrongIt=0;CPXPARAM_MIP_OrderType=0;CPXPARAM_MIP_Strategy_BBInterval=7;CPXPARAM_MIP_Strategy_Branch=0;CPXPARAM_MIP_Strategy_Dive=0;CPXPARAM_MIP_Strategy_File=1;CPXPARAM_MIP_Strategy_HeuristicFreq=0;CPXPARAM_MIP_Strategy_LBHeur=0;CPXPARAM_MIP_Strategy_NodeSelect=1;CPXPARAM_MIP_Strategy_Order=1;CPXPARAM_MIP_Strategy_PresolveNode=0;CPXPARAM_MIP_Strategy_Probe=0;CPXPARAM_MIP_Strategy_RINSHeur=0;CPXPARAM_MIP_Strategy_StartAlgorithm=0;CPXPARAM_MIP_Strategy_SubAlgorithm=0;CPXPARAM_MIP_Strategy_VariableSelect=3;CPXPARAM_Network_NetFind=2;CPXPARAM_Network_Pricing=0;CPXPARAM_Parallel=1;CPXPARAM_Preprocessing_Aggregator=-1;CPXPARAM_Preprocessing_BoundStrength=-1;CPXPARAM_Preprocessing_CoeffReduce=-1;CPXPARAM_Preprocessing_Dependency=-1;CPXPARAM_Preprocessing_Dual=0;CPXPARAM_Preprocessing_Fill=10;CPXPARAM_Preprocessing_NumPass=-1;CPXPARAM_Preprocessing_Presolve=1;CPXPARAM_Preprocessing_QPMakePSD=1;CPXPARAM_Preprocessing_Reduce=3;CPXPARAM_Preprocessing_Relax=-1;CPXPARAM_Preprocessing_RepeatPresolve=-1;CPXPARAM_Preprocessing_Symmetry=-1;CPXPARAM_Read_Scale=0;CPXPARAM_Sifting_Algorithm=0;CPXPARAM_Simplex_Crash=1;CPXPARAM_Simplex_DGradient=0;CPXPARAM_Simplex_Limits_Perturbation=0;CPXPARAM_Simplex_Limits_Singularity=10;CPXPARAM_Simplex_PGradient=0;CPXPARAM_Simplex_Pricing=0;CPXPARAM_Simplex_Refactor=0
2261780833885576630,0,CPXPARAM_Advance=1;CPXPARAM_Barrier_Algorithm=0;CPXPARAM_Barrier_ColNonzeros=0;CPXPARAM_Barrier_Crossover=0;CPXPARAM_Barrier_Limits_Corrections=-1;CPXPARAM_Barrier_Ordering=0;CPXPARAM_Barrier_StartAlg=1;CPXPARAM_Emphasis_MIP=4;CPXPARAM_Emphasis_Memory=0;CPXPARAM_Emphasis_Numerical=0;CPXPARAM_Feasopt_Mode=0;CPXPARAM_LPMethod=0;CPXPARAM_MIP_Cuts_Cliques=1;CPXPARAM_MIP_Cuts_Covers=2;CPXPARAM_MIP_Cuts_Disjunctive=0;CPXPARAM_MIP_Cuts_FlowCovers=1;CPXPARAM_MIP_Cuts_GUBCovers=-1;CPXPARAM_MIP_Cuts_Gomory=0;CPXPARAM_MIP_Cuts_Implied=1;CPXPARAM_MIP_Cuts_MIRCut=1;CPXPARAM_MIP_Cuts_PathCut=2;CPXPARAM_MIP_Limits_AggForCut=5;CPXPARAM_MIP_Limits_CutPasses=0;CPXPARAM_MIP_Limits_CutsFactor=-1;CPXPARAM_MIP_Limits_GomoryCand=100;CPXPARAM_MIP_Limits_GomoryPass=0;CPXPARAM_MIP_Limits_Nodes=9223372036800000000;CPXPARAM_MIP_Limits_ProbeTime=1e+75;CPXPARAM_MIP_Limits_RepairTries=0;CPXPARAM_MIP_Limits_StrongCand=10;CPXPARAM_MIP_Limits_StrongIt=0;CPXPARAM_MIP_OrderType=1;CPXPARAM_MIP_Strategy_BBInterval=7;CPXPARAM_MIP_Strategy_Branch=-1;CPXPARAM_MIP_Strategy_Dive=0;CPXPARAM_MIP_Strategy_File=1;CPXPARAM_MIP_Strategy_HeuristicFreq=0;CPXPARAM_MIP_Strategy_LBHeur=0;CPXPARAM_MIP_Strategy_NodeSelect=3;CPXPARAM_MIP_Strategy_Order=1;CPXPARAM_MIP_Strategy_PresolveNode=-1;CPXPARAM_MIP_Strategy_Probe=3;CPXPARAM_MIP_Strategy_RINSHeur=0;CPXPARAM_MIP_Strategy_StartAlgorithm=0;CPXPARAM_MIP_Strategy_SubAlgorithm=0;CPXPARAM_MIP_Strategy_VariableSelect=2;CPXPARAM_Network_NetFind=2;CPXPARAM_Network_Pricing=0;CPXPARAM_Parallel=1;CPXPARAM_Preprocessing_Aggregator=-1;CPXPARAM_Preprocessing_BoundStrength=-1;CPXPARAM_Preprocessing_CoeffReduce=-1;CPXPARAM_Preprocessing_Dependency=-1;CPXPARAM_Preprocessing_Dual=0;CPXPARAM_Preprocessing_Fill=5;CPXPARAM_Preprocessing_NumPass=-1;CPXPARAM_Preprocessing_Presolve=1;CPXPARAM_Preprocessing_QPMakePSD=1;CPXPARAM_Preprocessing_Reduce=2;CPXPARAM_Preprocessing_Relax=-1;CPXPARAM_Preprocessing_RepeatPresolve=-1;CPXPARAM_Preprocessing_Symmetry=-1;CPXPARAM_Read_Scale=0;CPXPARAM_Sifting_Algorithm=0;CPXPARAM_Simplex_Crash=1;CPXPARAM_Simplex_DGradient=0;CPXPARAM_Simplex_Limits_Perturbation=0;CPXPARAM_Simplex_Limits_Singularity=10;CPXPARAM_Simplex_PGradient=0;CPXPARAM_Simplex_Pricing=0;CPXPARAM_Simplex_Refactor=0
6788385918480787357,0,CPXPARAM_Advance=1;CPXPARAM_Barrier_Algorithm=0;CPXPARAM_Barrier_ColNonzeros=0;CPXPARAM_Barrier_Crossover=0;CPXPARAM_Barrier_Limits_Corrections=-1;CPXPARAM_Barrier_Ordering=0;CPXPARAM_Barrier_StartAlg=1;CPXPARAM_Emphasis_MIP=5;CPXPARAM_Emphasis_Memory=0;CPXPARAM_Emphasis_Numerical=0;CPXPARAM_Feasopt_Mode=0;CPXPARAM_LPMethod=0;CPXPARAM_MIP_Cuts_Cliques=1;CPXPARAM_MIP_Cuts_Covers=3;CPXPARAM_MIP_Cuts_Disjunctive=-1;CPXPARAM_MIP_Cuts_FlowCovers=1;CPXPARAM_MIP_Cuts_GUBCovers=-1;CPXPARAM_MIP_Cuts_Gomory=0;CPXPARAM_MIP_Cuts_Implied=1;CPXPARAM_MIP_Cuts_MIRCut=0;CPXPARAM_MIP_Cuts_PathCut=2;CPXPARAM_MIP_Limits_AggForCut=3;CPXPARAM_MIP_Limits_CutPasses=0;CPXPARAM_MIP_Limits_CutsFactor=-1;CPXPARAM_MIP_Limits_GomoryCand=200;CPXPARAM_MIP_Limits_GomoryPass=0;CPXPARAM_MIP_Limits_Nodes=9223372036800000000;CPXPARAM_MIP_Limits_ProbeTime=1e+75;CPXPARAM_MIP_Limits_RepairTries=0;CPXPARAM_MIP_Limits_StrongCand=10;CPXPARAM_MIP_Limits_StrongIt=0;CPXPARAM_MIP_OrderType=0;CPXPARAM_MIP_Strategy_BBInterval=7;CPXPARAM_MIP_Strategy_Branch=0;CPXPARAM_MIP_Strategy_Dive=0;CPXPARAM_MIP_Strategy_File=1;CPXPARAM_MIP_Strategy_HeuristicFreq=0;CPXPARAM_MIP_Strategy_LBHeur=0;CPXPARAM_MIP_Strategy_NodeSelect=1;CPXPARAM_MIP_Strategy_Order=1;CPXPARAM_MIP_Strategy_PresolveNode=0;CPXPARAM_MIP_Strategy_Probe=3;CPXPARAM_MIP_Strategy_RINSHeur=0;CPXPARAM_MIP_Strategy_StartAlgorithm=0;CPXPARAM_MIP_Strategy_SubAlgorithm=0;CPXPARAM_MIP_Strategy_VariableSelect=0;CPXPARAM_Network_NetFind=2;CPXPARAM_Network_Pricing=0;CPXPARAM_Parallel=1;CPXPARAM_Preprocessing_Aggregator=-1;CPXPARAM_Preprocessing_BoundStrength=-1;CPXPARAM_Preprocessing_CoeffReduce=-1;CPXPARAM_Preprocessing_Dependency=-1;CPXPARAM_Preprocessing_Dual=0;CPXPARAM_Preprocessing_Fill=10;CPXPARAM_Preprocessing_NumPass=-1;CPXPARAM_Preprocessing_Presolve=1;CPXPARAM_Preprocessing_QPMakePSD=1;CPXPARAM_Preprocessing_Reduce=3;CPXPARAM_Preprocessing_Relax=-1;CPXPARAM_Preprocessing_RepeatPresolve=-1;CPXPARAM_Preprocessing_Symmetry=-1;CPXPARAM_Read_Scale=0;CPXPARAM_Sifting_Algorithm=0;CPXPARAM_Simplex_Crash=1;CPXPARAM_Simplex_DGradient=0;CPXPARAM_Simplex_Limits_Perturbation=0;CPXPARAM_Simplex_Limits_Singularity=10;CPXPARAM_Simplex_PGradient=0;CPXPARAM_Simplex_Pricing=0;CPXPARAM_Simplex_Refactor=0
2491163711661280532,0,CPXPARAM_Advance=1;CPXPARAM_Barrier_Algorithm=0;CPXPARAM_Barrier_ColNonzeros=0;CPXPARAM_Barrier_Crossover=0;CPXPARAM_Barrier_Limits_Corrections=-1;CPXPARAM_Barrier_Ordering=0;CPXPARAM_Barrier_StartAlg=1;CPXPARAM_Emphasis_MIP=0;CPXPARAM_Emphasis_Memory=0;CPXPARAM_Emphasis_Numerical=0;CPXPARAM_Feasopt_Mode=0;CPXPARAM_LPMethod=0;CPXPARAM_MIP_Cuts_Cliques=1;CPXPARAM_MIP_Cuts_Covers=0;CPXPARAM_MIP_Cuts_Disjunctive=1;CPXPARAM_MIP_Cuts_FlowCovers=0;CPXPARAM_MIP_Cuts_GUBCovers=1;CPXPARAM_MIP_Cuts_Gomory=0;CPXPARAM_MIP_Cuts_Implied=2;CPXPARAM_MIP_Cuts_MIRCut=1;CPXPARAM_MIP_Cuts_PathCut=0;CPXPARAM_MIP_Limits_AggForCut=3;CPXPARAM_MIP_Limits_CutPasses=0;CPXPARAM_MIP_Limits_CutsFactor=-1;CPXPARAM_MIP_Limits_GomoryCand=800;CPXPARAM_MIP_Limits_GomoryPass=0;CPXPARAM_MIP_Limits_Nodes=9223372036800000000;CPXPARAM_MIP_Limits_ProbeTime=1e+75;CPXPARAM_MIP_Limits_RepairTries=0;CPXPARAM_MIP_Limits_StrongCand=10;CPXPARAM_MIP_Limits_StrongIt=0;CPXPARAM_MIP_OrderType=0;CPXPARAM_MIP_Strategy_BBInterval=7;CPXPARAM_MIP_Strategy_Branch=1;CPXPARAM_MIP_Strategy_Dive=0;CPXPARAM_MIP_Strategy_File=1;CPXPARAM_MIP_Strategy_HeuristicFreq=0;CPXPARAM_MIP_Strategy_LBHeur=0;CPXPARAM_MIP_Strategy_NodeSelect=3;CPXPARAM_MIP_Strategy_Order=1;CPXPARAM_MIP_Strategy_PresolveNode=2;CPXPARAM_MIP_Strategy_Probe=0;CPXPARAM_MIP_Strategy_RINSHeur=0;CPXPARAM_MIP_Strategy_StartAlgorithm=0;CPXPARAM_MIP_Strategy_SubAlgorithm=0;CPXPARAM_MIP_Strategy_VariableSelect=2;CPXPARAM_Network_NetFind=2;CPXPARAM_Network_Pricing=0;CPXPARAM_Parallel=1;CPXPARAM_Preprocessing_Aggregator=-1;CPXPARAM_Preprocessing_BoundStrength=-1;CPXPARAM_Preprocessing_CoeffReduce=-1;CPXPARAM_Preprocessing_Dependency=-1;CPXPARAM_Preprocessing_Dual=0;CPXPARAM_Preprocessing_Fill=10;CPXPARAM_Preprocessing_NumPass=-1;CPXPARAM_Preprocessing_Presolve=1;CPXPARAM_Preprocessing_QPMakePSD=1;CPXPARAM_Preprocessing_Reduce=3;CPXPARAM_Preprocessing_Relax=-1;CPXPARAM_Preprocessing_RepeatPresolve=-1;CPXPARAM_Preprocessing_Symmetry=-1;CPXPARAM_Read_Scale=0;CPXPARAM_Sifting_Algorithm=0;CPXPARAM_Simplex_Crash=1;CPXPARAM_Simplex_DGradient=0;CPXPARAM_Simplex_Limits_Perturbation=0;CPXPARAM_Simplex_Limits_Singularity=10;CPXPARAM_Simplex_PGradient=0;CPXPARAM_Simplex_Pricing=0;CPXPARAM_Simplex_Refactor=0
10884177896846788938,0,CPXPARAM_Advance=1;CPXPARAM_Barrier_Algorithm=0;CPXPARAM_Barrier_ColNonzeros=0;CPXPARAM_Barrier_Crossover=0;CPXPARAM_Barrier_Limits_Corrections=-1;CPXPARAM_Barrier_Ordering=0;CPXPARAM_Barrier_StartAlg=1;CPXPARAM_Emphasis_MIP=3;CPXPARAM_Emphasis_Memory=0;CPXPARAM_Emphasis_Numerical=0;CPXPARAM_Feasopt_Mode=0;CPXPARAM_LPMethod=0;CPXPARAM_MIP_Cuts_Cliques=-1;CPXPARAM_MIP_Cuts_Covers=2;CPXPARAM_MIP_Cuts_Disjunctive=0;CPXPARAM_MIP_Cuts_FlowCovers=-1;CPXPARAM_MIP_Cuts_GUBCovers=1;CPXPARAM_MIP_Cuts_Gomory=0;CPXPARAM_MIP_Cuts_Implied=1;CPXPARAM_MIP_Cuts_MIRCut=1;CPXPARAM_MIP_Cuts_PathCut=-1;CPXPARAM_MIP_Limits_AggForCut=5;CPXPARAM_MIP_Limits_CutPasses=0;CPXPARAM_MIP_Limits_CutsFactor=-1;CPXPARAM_MIP_Limits_GomoryCand=200;CPXPARAM_MIP_Limits_GomoryPass=0;CPXPARAM_MIP_Limits_Nodes=9223372036800000000;CPXPARAM_MIP_Limits_ProbeTime=1e+75;CPXPARAM_MIP_Limits_RepairTries=0;CPXPARAM_MIP_Limits_StrongCand=10;CPXPARAM_MIP_Limits_StrongIt=0;CPXPARAM_MIP_OrderType=1;CPXPARAM_MIP_Strategy_BBInterval=7;CPXPARAM_MIP_Strategy_Branch=0;CPXPARAM_MIP_Strategy_Dive=0;CPXPARAM_MIP_Strategy_File=1;CPXPARAM_MIP_Strategy_HeuristicFreq=0;CPXPARAM_MIP_Strategy_LBHeur=0;CPXPARAM_MIP_Strategy_NodeSelect=1;CPXPARAM_MIP_Strategy_Order=1;CPXPARAM_MIP_Strategy_PresolveNode=1;CPXPARAM_MIP_Strategy_Probe=0;CPXPARAM_MIP_Strategy_RINSHeur=0;CPXPARAM_MIP_Strategy_StartAlgorithm=0;CPXPARAM_MIP_Strategy_SubAlgorithm=5;CPXPARAM_MIP_Strategy_VariableSelect=1;CPXPARAM_Network_NetFind=2;CPXPARAM_Network_Pricing=0;CPXPARAM_Parallel=1;CPXPARAM_Preprocessing_Aggregator=-1;CPXPARAM_Preprocessing_BoundStrength=-1;CPXPARAM_Preprocessing_CoeffReduce=-1;CPXPARAM_Preprocessing_Dependency=-1;CPXPARAM_Preprocessing_Dual=0;CPXPARAM_Preprocessing_Fill=20;CPXPARAM_Preprocessing_NumPass=-1;CPXPARAM_Preprocessing_Presolve=1;CPXPARAM_Preprocessing_QPMakePSD=1;CPXPARAM_Preprocessing_Reduce=0;CPXPARAM_Preprocessing_Relax=-1;CPXPARAM_Preprocessing_RepeatPresolve=-1;CPXPARAM_Preprocessing_Symmetry=-1;CPXPARAM_Read_Scale=0;CPXPARAM_Sifting_Algorithm=0;CPXPARAM_Simplex_Crash=1;CPXPARAM_Simplex_DGradient=0;CPXPARAM_Simplex_Limits_Perturbation=0;CPXPARAM_Simplex_Limits_Singularity=10;CPXPARAM_Simplex_PGradient=0;CPXPARAM_Simplex_Pricing=0;CPXPARAM_Simplex_Refactor=0
17307104550720838470,0,CPXPARAM_Advance=1;CPXPARAM_Barrier_Algorithm=0;CPXPARAM_Barrier_ColNonzeros=0;CPXPARAM_Barrier_Crossover=0;CPXPARAM_Barrier_Limits_Corrections=-1;CPXPARAM_Barrier_Ordering=0;CPXPARAM_Barrier_StartAlg=1;CPXPARAM_Emphasis_MIP=0;CPXPARAM_Emphasis_Memory=0;CPXPARAM_Emphasis_Numerical=0;CPXPARAM_Feasopt_Mode=0;CPXPARAM_LPMethod=0;CPXPARAM_MIP_Cuts_Cliques=3;CPXPARAM_MIP_Cuts_Covers=0;CPXPARAM_MIP_Cuts_Disjunctive=0;CPXPARAM_MIP_Cuts_FlowCovers=2;CPXPARAM_MIP_Cuts_GUBCovers=1;CPXPARAM_MIP_Cuts_Gomory=0;CPXPARAM_MIP_Cuts_Implied=-1;CPXPARAM_MIP_Cuts_MIRCut=2;CPXPARAM_MIP_Cuts_PathCut=0;CPXPARAM_MIP_Limits_AggForCut=3;CPXPARAM_MIP_Limits_CutPasses=0;CPXPARAM_MIP_Limits_CutsFactor=-1;CPXPARAM_MIP_Limits_GomoryCand=200;CPXPARAM_MIP_Limits_GomoryPass=0;CPXPARAM_MIP_Limits_Nodes=9223372036800000000;CPXPARAM_MIP_Limits_ProbeTime=1e+75;CPXPARAM_MIP_Limits_RepairTries=0;CPXPARAM_MIP_Limits_StrongCand=10;CPXPARAM_MIP_Limits_StrongIt=0;CPXPARAM_MIP_OrderType=0;CPXPARAM_MIP_Strategy_BBInterval=7;CPXPARAM_MIP_Strategy_Branch=-1;CPXPARAM_MIP_Strategy_Dive=0;CPXPARAM_MIP_Strategy_File=1;CPXPARAM_MIP_Strategy_HeuristicFreq=0;CPXPARAM_MIP_Strategy_LBHeur=0;CPXPARAM_MIP_Strategy_NodeSelect=2;CPXPARAM_MIP_Strategy_Order=1;CPXPARAM_MIP_Strategy_PresolveNode=2;CPXPARAM_MIP_Strategy_Probe=0;CPXPARAM_MIP_Strategy_RINSHeur=0;CPXPARAM_MIP_Strategy_StartAlgorithm=0;CPXPARAM_MIP_Strategy_SubAlgorithm=3;CPXPARAM_MIP_Strategy_VariableSelect=-1;CPXPARAM_Network_NetFind=2;CPXPARAM_Network_Pricing=0;CPXPARAM_Parallel=1;CPXPARAM_Preprocessing_Aggregator=-1;CPXPARAM_Preprocessing_BoundStrength=-1;CPXPARAM_Preprocessing_CoeffReduce=-1;CPXPARAM_Preprocessing_Dependency=-1;CPXPARAM_Preprocessing_Dual=0;CPXPARAM_Preprocessing_Fill=10;CPXPARAM_Preprocessing_NumPass=-1;CPXPARAM_Preprocessing_Presolve=1;CPXPARAM_Preprocessing_QPMakePSD=1;CPXPARAM_Preprocessing_Reduce=3;CPXPARAM_Preprocessing_Relax=-1;CPXPARAM_Preprocessing_RepeatPresolve=-1;CPXPARAM_Preprocessing_Symmetry=-1;CPXPARAM_Read_Scale=0;CPXPARAM_Sifting_Algorithm=0;CPXPARAM_Simplex_Crash=1;CPXPARAM_Simplex_DGradient=0;CPXPARAM_Simplex_Limits_Perturbation=0;CPXPARAM_Simplex_Limits_Singularity=10;CPXPARAM_Simplex_PGradient=0;CPXPARAM_Simplex_Pricing=0;CPXPARAM_Simplex_Refactor=0
4763295772939257809,0,CPXPARAM_Advance=1;CPXPARAM_Barrier_Algorithm=0;CPXPARAM_Barrier_ColNonzeros=0;CPXPARAM_Barrier_Crossover=0;CPXPARAM_Barrier_Limits_Corrections=-1;CPXPARAM_Barrier_Ordering=0;CPXPARAM_Barrier_StartAlg=1;CPXPARAM_Emphasis_MIP=4;CPXPARAM_Emphasis_Memory=0;CPXPARAM_Emphasis_Numerical=0;CPXPARAM_Feasopt_Mode=0;CPXPARAM_LPMethod=0;CPXPARAM_MIP_Cuts_Cliques=0;CPXPARAM_MIP_Cuts_Covers=1;CPXPARAM_MIP_Cuts_Disjunctive=0;CPXPARAM_MIP_Cuts_FlowCovers=-1;CPXPARAM_MIP_Cuts_GUBCovers=2;CPXPARAM_MIP_Cuts_Gomory=0;CPXPARAM_MIP_Cuts_Implied=0;CPXPARAM_MIP_Cuts_MIRCut=0;CPXPARAM_MIP_Cuts_PathCut=-1;CPXPARAM_MIP_Limits_AggForCut=3;CPXPARAM_MIP_Limits_CutPasses=0;CPXPARAM_MIP_Limits_CutsFactor=-1;CPXPARAM_MIP_Limits_GomoryCand=150;CPXPARAM_MIP_Limits_GomoryPass=0;CPXPARAM_MIP_Limits_Nodes=9223372036800000000;CPXPARAM_MIP_Limits_ProbeTime=1e+75;CPXPARAM_MIP_Limits_RepairTries=0;CPXPARAM_MIP_Limits_StrongCand=10;CPXPARAM_MIP_Limits_StrongIt=0;CPXPARAM_MIP_OrderType=0;CPXPARAM_MIP_Strategy_BBInterval=7;CPXPARAM_MIP_Strategy_Branch=0;CPXPARAM_MIP_Strategy_Dive=0;CPXPARAM_MIP_Strategy_File=1;CPXPARAM_MIP_Strategy_HeuristicFreq=0;CPXPARAM_MIP_Strategy_LBHeur=0;CPXPARAM_MIP_Strategy_NodeSelect=1;CPXPARAM_MIP_Strategy_Order=1;CPXPARAM_MIP_Strategy_PresolveNode=0;CPXPARAM_MIP_Strategy_Probe=0;CPXPARAM_MIP_Strategy_RINSHeur=0;CPXPARAM_MIP_Strategy_StartAlgorithm=0;CPXPARAM_MIP_Strategy_SubAlgorithm=0;CPXPARAM_MIP_Strategy_VariableSelect=0;CPXPARAM_Network_NetFind=2;CPXPARAM_Network_Pricing=0;CPXPARAM_Parallel=1;CPXPARAM_Preprocessing_Aggregator=-1;CPXPARAM_Preprocessing_BoundStrength=-1;CPXPARAM_Preprocessing_CoeffReduce=-1;CPXPARAM_Preprocessing_Dependency=-1;CPXPARAM_Preprocessing_Dual=0;CPXPARAM_Preprocessing_Fill=10;CPXPARAM_Preprocessing_NumPass=-1;CPXPARAM_Preprocessing_Presolve=1;CPXPARAM_Preprocessing_QPMakePSD=1;CPXPARAM_Preprocessing_Reduce=3;CPXPARAM_Preprocessing_Relax=-1;CPXPARAM_Preprocessing_RepeatPresolve=-1;CPXPARAM_Preprocessing_Symmetry=-1;CPXPARAM_Read_Scale=0;CPXPARAM_Sifting_Algorithm=0;CPXPARAM_Simplex_Crash=1;CPXPARAM_Simplex_DGradient=0;CPXPARAM_Simplex_Limits_Perturbation=0;CPXPARAM_Simplex_Limits_Singularity=10;CPXPARAM_Simplex_PGradient=0;CPXPARAM_Simplex_Pricing=0;CPXPARAM_Simplex_Refactor=0
14469173782419554561,0,CPXPARAM_Advance=1;CPXPARAM_Barrier_Algorithm=0;CPXPARAM_Barrier_ColNonzeros=0;CPXPARAM_Barrier_Crossover=0;CPXPARAM_Barrier_Limits_Corrections=-1;CPXPARAM_Barrier_Ordering=0;CPXPARAM_Barrier_StartAlg=1;CPXPARAM_Emphasis_MIP=5;CPXPARAM_Emphasis_Memory=0;CPXPARAM_Emphasis_Numerical=0;CPXPARAM_Feasopt_Mode=0;CPXPARAM_LPMethod=0;CPXPARAM_MIP_Cuts_Cliques=1;CPXPARAM_MIP_Cuts_Covers=0;CPXPARAM_MIP_Cuts_Disjunctive=0;CPXPARAM_MIP_Cuts_FlowCovers=-1;CPXPARAM_MIP_Cuts_GUBCovers=-1;CPXPARAM_MIP_Cuts_Gomory=1;CPXPARAM_MIP_Cuts_Implied=2;CPXPARAM_MIP_Cuts_MIRCut=-1;CPXPARAM_MIP_Cuts_PathCut=2;CPXPARAM_MIP_Limits_AggForCut=1;CPXPARAM_MIP_Limits_CutPasses=0;CPXPARAM_MIP_Limits_CutsFactor=-1;CPXPARAM_MIP_Limits_GomoryCand=25;CPXPARAM_MIP_Limits_GomoryPass=0;CPXPARAM_MIP_Limits_Nodes=9223372036800000000;CPXPARAM_MIP_Limits_ProbeTime=1e+75;CPXPARAM_MIP_Limits_RepairTries=0;CPXPARAM_MIP_Limits_StrongCand=10;CPXPARAM_MIP_Limits_StrongIt=0;CPXPARAM_MIP_OrderType=3;CPXPARAM_MIP_Strategy_BBInterval=7;CPXPARAM_MIP_Strategy_Branch=0;CPXPARAM_MIP_Strategy_Dive=0;CPXPARAM_MIP_Strategy_File=1;CPXPARAM_MIP_Strategy_HeuristicFreq=0;CPXPARAM_MIP_Strategy_LBHeur=0;CPXPARAM_MIP_Strategy_NodeSelect=3;CPXPARAM_MIP_Strategy_Order=1;CPXPARAM_MIP_Strategy_PresolveNode=1;CPXPARAM_MIP_Strategy_Probe=1;CPXPARAM_MIP_Strategy_RINSHeur=0;CPXPARAM_MIP_Strategy_StartAlgorithm=0;CPXPARAM_MIP_Strategy_SubAlgorithm=0;CPXPARAM_MIP_Strategy_VariableSelect=4;CPXPARAM_Network_NetFind=2;CPXPARAM_Network_Pricing=0;CPXPARAM_Parallel=1;CPXPARAM_Preprocessing_Aggregator=-1;CPXPARAM_Preprocessing_BoundStrength=-1;CPXPARAM_Preprocessing_CoeffReduce=-1;CPXPARAM_Preprocessing_Dependency=-1;CPXPARAM_Preprocessing_Dual=0;CPXPARAM_Preprocessing_Fill=5;CPXPARAM_Preprocessing_NumPass=-1;CPXPARAM_Preprocessing_Presolve=1;CPXPARAM_Preprocessing_QPMakePSD=1;CPXPARAM_Preprocessing_Reduce=3;CPXPARAM_Preprocessing_Relax=-1;CPXPARAM_Preprocessing_RepeatPresolve=-1;CPXPARAM_Preprocessing_Symmetry=-1;CPXPARAM_Read_Scale=0;CPXPARAM_Sifting_Algorithm=0;CPXPARAM_Simplex_Crash=1;CPXPARAM_Simplex_DGradient=0;CPXPARAM_Simplex_Limits_Perturbation=0;CPXPARAM_Simplex_Limits_Singularity=10;CPXPARAM_Simplex_PGradient=0;CPXPARAM_Simplex_Pricing=0;CPXPARAM_Simplex_Refactor=0
2654619761818766109,0,CPXPARAM_Advance=1;CPXPARAM_Barrier_Algorithm=0;CPXPARAM_Barrier_ColNonzeros=0;CPXPARAM_Barrier_Crossover=0;CPXPARAM_Barrier_Limits_Corrections=-1;CPXPARAM_Barrier_Ordering=0;CPXPARAM_Barrier_StartAlg=1;CPXPARAM_Emphasis_MIP=0;CPXPARAM_Emphasis_Memory=0;CPXPARAM_Emphasis_Numerical=0;CPXPARAM_Feasopt_Mode=0;CPXPARAM_LPMethod=0;CPXPARAM_MIP_Cuts_Cliques=2;CPXPARAM_MIP_Cuts_Covers=1;CPXPARAM_MIP_Cuts_Disjunctive=-1;CPXPARAM_MIP_Cuts_FlowCovers=0;CPXPARAM_MIP_Cuts_GUBCovers=1;CPXPARAM_MIP_Cuts_Gomory=0;CPXPARAM_MIP_Cuts_Implied=2;CPXPARAM_MIP_Cuts_MIRCut=-1;CPXPARAM_MIP_Cuts_PathCut=1;CPXPARAM_MIP_Limits_AggForCut=3;CPXPARAM_MIP_Limits_CutPasses=0;CPXPARAM_MIP_Limits_CutsFactor=-1;CPXPARAM_MIP_Limits_GomoryCand=150;CPXPARAM_MIP_Limits_GomoryPass=0;CPXPARAM_MIP_Limits_Nodes=9223372036800000000;CPXPARAM_MIP_Limits_ProbeTime=1e+75;CPXPARAM_MIP_Limits_RepairTries=0;CPXPARAM_MIP_Limits_StrongCand=10;CPXPARAM_MIP_Limits_StrongIt=0;CPXPARAM_MIP_OrderType=0;CPXPARAM_MIP_Strategy_BBInterval=7;CPXPARAM_MIP_Strategy_Branch=-1;CPXPARAM_MIP_Strategy_Dive=0;CPXPARAM_MIP_Strategy_File=1;CPXPARAM_MIP_Strategy_HeuristicFreq=0;CPXPARAM_MIP_Strategy_LBHeur=0;CPXPARAM_MIP_Strategy_NodeSelect=3;CPXPARAM_MIP_Strategy_Order=1;CPXPARAM_MIP_Strategy_PresolveNode=-1;CPXPARAM_MIP_Strategy_Probe=0;CPXPARAM_MIP_Strategy_RINSHeur=0;CPXPARAM_MIP_Strategy_StartAlgorithm=0;CPXPARAM_MIP_Strategy_SubAlgorithm=0;CPXPARAM_MIP_Strategy_VariableSelect=1;CPXPARAM_Network_NetFind=2;CPXPARAM_Network_Pricing=0;CPXPARAM_Parallel=1;CPXPARAM_Preprocessing_Aggregator=-1;CPXPARAM_Preprocessing_BoundStrength=-1;CPXPARAM_Preprocessing_CoeffReduce=-1;CPXPARAM_Preprocessing_Dependency=-1;CPXPARAM_Preprocessing_Dual=0;CPXPARAM_Preprocessing_Fill=10;CPXPARAM_Preprocessing_NumPass=-1;CPXPARAM_Preprocessing_Presolve=1;CPXPARAM_Preprocessing_QPMakePSD=1;CPXPARAM_Preprocessing_Reduce=3;CPXPARAM_Preprocessing_Relax=-1;CPXPARAM_Preprocessing_RepeatPresolve=-1;CPXPARAM_Preprocessing_Symmetry=-1;CPXPARAM_Read_Scale=0;CPXPARAM_Sifting_Algorithm=0;CPXPARAM_Simplex_Crash=1;CPXPARAM_Simplex_DGradient=0;CPXPARAM_Simplex_Limits_Perturbation=0;CPXPARAM_Simplex_Limits_Singularity=10;CPXPARAM_Simplex_PGradient=0;CPXPARAM_Simplex_Pricing=0;CPXPARAM_Simplex_Refactor=0
18228816620482038002,0,CPXPARAM_Advance=1;CPXPARAM_Barrier_Algorithm=0;CPXPARAM_Barrier_ColNonzeros=0;CPXPARAM_Barrier_Crossover=0;CPXPARAM_Barrier_Limits_Corrections=-1;CPXPARAM_Barrier_Ordering=0;CPXPARAM_Barrier_StartAlg=1;CPXPARAM_Emphasis_MIP=2;CPXPARAM_Emphasis_Memory=0;CPXPARAM_Emphasis_Numerical=0;CPXPARAM_Feasopt_Mode=0;CPXPARAM_LPMethod=0;CPXPARAM_MIP_Cuts_Cliques=1;CPXPARAM_MIP_Cuts_Covers=0;CPXPARAM_MIP_Cuts_Disjunctive=-1;CPXPARAM_MIP_Cuts_FlowCovers=2;CPXPARAM_MIP_Cuts_GUBCovers=0;CPXPARAM_MIP_Cuts_Gomory=1;CPXPARAM_MIP_Cuts_Implied=1;CPXPARAM_MIP_Cuts_MIRCut=-1;CPXPARAM_MIP_Cuts_PathCut=1;CPXPARAM_MIP_Limits_AggForCut=3;CPXPARAM_MIP_Limits_CutPasses=0;CPXPARAM_MIP_Limits_CutsFactor=-1;CPXPARAM_MIP_Limits_GomoryCand=200;CPXPARAM_MIP_Limits_GomoryPass=0;CPXPARAM_MIP_Limits_Nodes=9223372036800000000;CPXPARAM_MIP_Limits_ProbeTime=1e+75;CPXPARAM_MIP_Limits_RepairTries=0;CPXPARAM_MIP_Limits_StrongCand=10;CPXPARAM_MIP_Limits_StrongIt=0;CPXPARAM_MIP_OrderType=0;CPXPARAM_MIP_Strategy_BBInterval=7;CPXPARAM_MIP_Strategy_Branch=0;CPXPARAM_MIP_Strategy_Dive=0;CPXPARAM_MIP_Strategy_File=1;CPXPARAM_MIP_Strategy_HeuristicFreq=0;CPXPARAM_MIP_Strategy_LBHeur=0;CPXPARAM_MIP_Strategy_NodeSelect=1;CPXPARAM_MIP_Strategy_Order=1;CPXPARAM_MIP_Strategy_PresolveNode=0;CPXPARAM_MIP_Strategy_Probe=0;CPXPARAM_MIP_Strategy_RINSHeur=0;CPXPARAM_MIP_Strategy_StartAlgorithm=0;CPXPARAM_MIP_Strategy_SubAlgorithm=0;CPXPARAM_MIP_Strategy_VariableSelect=0;CPXPARAM_Network_NetFind=2;CPXPARAM_Network_Pricing=0;CPXPARAM_Parallel=1;CPXPARAM_Preprocessing_Aggregator=-1;CPXPARAM_Preprocessing_BoundStrength=-1;CPXPARAM_Preprocessing_CoeffReduce=-1;CPXPARAM_Preprocessing_Dependency=-1;CPXPARAM_Preprocessing_Dual=0;CPXPARAM_Preprocessing_Fill=10;CPXPARAM_Preprocessing_NumPass=-1;CPXPARAM_Preprocessing_Presolve=1;CPXPARAM_Preprocessing_QPMakePSD=1;CPXPARAM_Preprocessing_Reduce=3;CPXPARAM_Preprocessing_Relax=-1;CPXPARAM_Preprocessing_RepeatPresolve=-1;CPXPARAM_Preprocessing_Symmetry=-1;CPXPARAM_Read_Scale=0;CPXPARAM_Sifting_Algorithm=0;CPXPARAM_Simplex_Crash=1;CPXPARAM_Simplex_DGradient=0;CPXPARAM_Simplex_Limits_Perturbation=0;CPXPARAM_Simplex_Limits_Singularity=10;CPXPARAM_Simplex_PGradient=0;CPXPARAM_Simplex_Pricing=0;CPXPARAM_Simplex_Refactor=0
7026694424516426751,0,CPXPARAM_Advance=1;CPXPARAM_Barrier_Algorithm=0;CPXPARAM_Barrier_ColNonzeros=0;CPXPARAM_Barrier_Crossover=0;CPXPARAM_Barrier_Limits_Corrections=-1;CPXPARAM_Barrier_Ordering=0;CPXPARAM_Barrier_StartAlg=1;CPXPARAM_Emphasis_MIP=0;CPXPARAM_Emphasis_Memory=0;CPXPARAM_Emphasis_Numerical=0;CPXPARAM_Feasopt_Mode=0;CPXPARAM_LPMethod=0;CPXPARAM_MIP_Cuts_Cliques=0;CPXPARAM_MIP_Cuts_Covers=1;CPXPARAM_MIP_Cuts_Disjunctive=-1;CPXPARAM_MIP_Cuts_FlowCovers=0;CPXPARAM_MIP_Cuts_GUBCovers=1;CPXPARAM_MIP_Cuts_Gomory=0;CPXPARAM_MIP_Cuts_Implied=2;CPXPARAM_MIP_Cuts_MIRCut=-1;CPXPARAM_MIP_Cuts_PathCut=1;CPXPARAM_MIP_Limits_AggForCut=3;CPXPARAM_MIP_Limits_CutPasses=0;CPXPARAM_MIP_Limits_CutsFactor=-1;CPXPARAM_MIP_Limits_GomoryCand=200;CPXPARAM_MIP_Limits_GomoryPass=0;CPXPARAM_MIP_Limits_Nodes=9223372036800000000;CPXPARAM_MIP_Limits_ProbeTime=1e+75;CPXPARAM_MIP_Limits_RepairTries=0;CPXPARAM_MIP_Limits_StrongCand=10;CPXPARAM_MIP_Limits_StrongIt=0;CPXPARAM_MIP_OrderType=0;CPXPARAM_MIP_Strategy_BBInterval=7;CPXPARAM_MIP_Strategy_Branch=-1;CPXPARAM_MIP_Strategy_Dive=0;CPXPARAM_MIP_Strategy_File=1;CPXPARAM_MIP_Strategy_HeuristicFreq=0;CPXPARAM_MIP_Strategy_LBHeur=0;CPXPARAM_MIP_Strategy_NodeSelect=3;CPXPARAM_MIP_Strategy_Order=1;CPXPARAM_MIP_Strategy_PresolveNode=2;CPXPARAM_MIP_Strategy_Probe=0;CPXPARAM_MIP_Strategy_RINSHeur=0;CPXPARAM_MIP_Strategy_StartAlgorithm=0;CPXPARAM_MIP_Strategy_SubAlgorithm=0;CPXPARAM_MIP_Strategy_VariableSelect=1;CPXPARAM_Network_NetFind=2;CPXPARAM_Network_Pricing=0;CPXPARAM_Parallel=1;CPXPARAM_Preprocessing_Aggregator=-1;CPXPARAM_Preprocessing_BoundStrength=-1;CPXPARAM_Preprocessing_CoeffReduce=-1;CPXPARAM_Preprocessing_Dependency=-1;CPXPARAM_Preprocessing_Dual=0;CPXPARAM_Preprocessing_Fill=10;CPXPARAM_Preprocessing_NumPass=-1;CPXPARAM_Preprocessing_Presolve=1;CPXPARAM_Preprocessing_QPMakePSD=1;CPXPARAM_Preprocessing_Reduce=3;CPXPARAM_Preprocessing_Relax=-1;CPXPARAM_Preprocessing_RepeatPresolve=-1;CPXPARAM_Preprocessing_Symmetry=-1;CPXPARAM_Read_Scale=0;CPXPARAM_Sifting_Algorithm=0;CPXPARAM_Simplex_Crash=1;CPXPARAM_Simplex_DGradient=0;CPXPARAM_Simplex_Limits_Perturbation=0;CPXPARAM_Simplex_Limits_Singularity=10;CPXPARAM_Simplex_PGradient=0;CPXPARAM_Simplex_Pricing=0;CPXPARAM_Simplex_Refactor=0
11046795556990203601,0,CPXPARAM_Advance=1;CPXPARAM_Barrier_Algorithm=0;CPXPARAM_Barrier_ColNonzeros=0;CPXPARAM_Barrier_Crossover=0;CPXPARAM_Barrier_Limits_Corrections=-1;CPXPARAM_Barrier_Ordering=0;CPXPARAM_Barrier_StartAlg=1;CPXPARAM_Emphasis_MIP=0;CPXPARAM_Emphasis_Memory=0;CPXPARAM_Emphasis_Numerical=0;CPXPARAM_Feasopt_Mode=0;CPXPARAM_LPMethod=0;CPXPARAM_MIP_Cuts_Cliques=1;CPXPARAM_MIP_Cuts_Covers=0;CPXPARAM_MIP_Cuts_Disjunctive=0;CPXPARAM_MIP_Cuts_FlowCovers=-1;CPXPARAM_MIP_Cuts_GUBCovers=1;CPXPARAM_MIP_Cuts_Gomory=0;CPXPARAM_MIP_Cuts_Implied=2;CPXPARAM_MIP_Cuts_MIRCut=-1;CPXPARAM_MIP_Cuts_PathCut=-1;CPXPARAM_MIP_Limits_AggForCut=3;CPXPARAM_MIP_Limits_CutPasses=0;CPXPARAM_MIP_Limits_CutsFactor=-1;CPXPARAM_MIP_Limits_GomoryCand=10;CPXPARAM_MIP_Limits_GomoryPass=0;CPXPARAM_MIP_Limits_Nodes=9223372036800000000;CPXPARAM_MIP_Limits_ProbeTime=1e+75;CPXPARAM_MIP_Limits_RepairTries=0;CPXPARAM_MIP_Limits_StrongCand=10;CPXPARAM_MIP_Limits_StrongIt=0;CPXPARAM_MIP_OrderType=0;CPXPARAM_MIP_Strategy_BBInterval=7;CPXPARAM_MIP_Strategy_Branch=1;CPXPARAM_MIP_Strategy_Dive=0;CPXPARAM_MIP_Strategy_File=1;CPXPARAM_MIP_Strategy_HeuristicFreq=0;CPXPARAM_MIP_Strategy_LBHeur=0;CPXPARAM_MIP_Strategy_NodeSelect=1;CPXPARAM_MIP_Strategy_Order=1;CPXPARAM_MIP_Strategy_PresolveNode=3;CPXPARAM_MIP_Strategy_Probe=0;CPXPARAM_MIP_Strategy_RINSHeur=0;CPXPARAM_MIP_Strategy_StartAlgorithm=0;CPXPARAM_MIP_Strategy_SubAlgorithm=0;CPXPARAM_MIP_Strategy_VariableSelect=3;CPXPARAM_Network_NetFind=2;CPXPARAM_Network_Pricing=0;CPXPARAM_Parallel=1;CPXPARAM_Preprocessing_Aggregator=-1;CPXPARAM_Preprocessing_BoundStrength=-1;CPXPARAM_Preprocessing_CoeffReduce=-1;CPXPARAM_Preprocessing_Dependency=-1;CPXPARAM_Preprocessing_Dual=0;CPXPARAM_Preprocessing_Fill=10;CPXPARAM_Preprocessing_NumPass=-1;CPXPARAM_Preprocessing_Presolve=1;CPXPARAM_Preprocessing_QPMakePSD=1;CPXPARAM_Preprocessing_Reduce=3;CPXPARAM_Preprocessing_Relax=-1;CPXPARAM_Preprocessing_RepeatPresolve=-1;CPXPARAM_Preprocessing_Symmetry=-1;CPXPARAM_Read_Scale=0;CPXPARAM_Sifting_Algorithm=0;CPXPARAM_Simplex_Crash=1;CPXPARAM_Simplex_DGradient=0;CPXPARAM_Simplex_Limits_Perturbation=0;CPXPARAM_Simplex_Limits_Singularity=10;CPXPARAM_Simplex_PGradient=0;CPXPARAM_Simplex_Pricing=0;CPXPARAM_Simplex_Refactor=0
6121243324245591597,0,CPXPARAM_Advance=1;CPXPARAM_Barrier_Algorithm=0;CPXPARAM_Barrier_ColNonzeros=0;CPXPARAM_Barrier_Crossover=0;CPXPARAM_Barrier_Limits_Corrections=-1;CPXPARAM_Barrier_Ordering=0;CPXPARAM_Barrier_StartAlg=1;CPXPARAM_Emphasis_MIP=1;CPXPARAM_Emphasis_Memory=0;CPXPARAM_Emphasis_Numerical=0;CPXPARAM_Feasopt_Mode=0;CPXPARAM_LPMethod=0;CPXPARAM_MIP_Cuts_Cliques=-1;CPXPARAM_MIP_Cuts_Covers=0;CPXPARAM_MIP_Cuts_Disjunctive=1;CPXPARAM_MIP_Cuts_FlowCovers=-1;CPXPARAM_MIP_Cuts_GUBCovers=2;CPXPARAM_MIP_Cuts_Gomory=2;CPXPARAM_MIP_Cuts_Implied=0;CPXPARAM_MIP_Cuts_MIRCut=1;CPXPARAM_MIP_Cuts_PathCut=-1;CPXPARAM_MIP_Limits_AggForCut=3;CPXPARAM_MIP_Limits_CutPasses=0;CPXPARAM_MIP_Limits_CutsFactor=-1;CPXPARAM_MIP_Limits_GomoryCand=25;CPXPARAM_MIP_Limits_GomoryPass=0;CPXPARAM_MIP_Limits_Nodes=9223372036800000000;CPXPARAM_MIP_Limits_ProbeTime=1e+75;CPXPARAM_MIP_Limits_RepairTries=0;CPXPARAM_MIP_Limits_StrongCand=10;CPXPARAM_MIP_Limits_StrongIt=0;CPXPARAM_MIP_OrderType=0;CPXPARAM_MIP_Strategy_BBInterval=7;CPXPARAM_MIP_Strategy_Branch=0;CPXPARAM_MIP_Strategy_Dive=0;CPXPARAM_MIP_Strategy_File=1;CPXPARAM_MIP_Strategy_HeuristicFreq=0;CPXPARAM_MIP_Strategy_LBHeur=0;CPXPARAM_MIP_Strategy_NodeSelect=1;CPXPARAM_MIP_Strategy_Order=1;CPXPARAM_MIP_Strategy_PresolveNode=0;CPXPARAM_MIP_Strategy_Probe=0;CPXPARAM_MIP_Strategy_RINSHeur=0;CPXPARAM_MIP_Strategy_StartAlgorithm=0;CPXPARAM_MIP_Strategy_SubAlgorithm=0;CPXPARAM_MIP_Strategy_VariableSelect=0;CPXPARAM_Network_NetFind=2;CPXPARAM_Network_Pricing=0;CPXPARAM_Parallel=1;CPXPARAM_Preprocessing_Aggregator=-1;CPXPARAM_Preprocessing_BoundStrength=-1;CPXPARAM_Preprocessing_CoeffReduce=-1;CPXPARAM_Preprocessing_Dependency=-1;CPXPARAM_Preprocessing_Dual=0;CPXPARAM_Preprocessing_Fill=10;CPXPARAM_Preprocessing_NumPass=-1;CPXPARAM_Preprocessing_Presolve=1;CPXPARAM_Preprocessing_QPMakePSD=1;CPXPARAM_Preprocessing_Reduce=3;CPXPARAM_Preprocessing_Relax=-1;CPXPARAM_Preprocessing_RepeatPresolve=-1;CPXPARAM_Preprocessing_Symmetry=-1;CPXPARAM_Read_Scale=0;CPXPARAM_Sifting_Algorithm=0;CPXPARAM_Simplex_Crash=1;CPXPARAM_Simplex_DGradient=0;CPXPARAM_Simplex_Limits_Perturbation=0;CPXPARAM_Simplex_Limits_Singularity=10;CPXPARAM_Simplex_PGradient=0;CPXPARAM_Simplex_Pricing=0;CPXPARAM_Simplex_Refactor=0
13101679505826517612,0,CPXPARAM_Advance=1;CPXPARAM_Barrier_Algorithm=0;CPXPARAM_Barrier_ColNonzeros=0;CPXPARAM_Barrier_Crossover=0;CPXPARAM_Barrier_Limits_Corrections=-1;CPXPARAM_Barrier_Ordering=0;CPXPARAM_Barrier_StartAlg=1;CPXPARAM_Emphasis_MIP=0;CPXPARAM_Emphasis_Memory=0;CPXPARAM_Emphasis_Numerical=0;CPXPARAM_Feasopt_Mode=0;CPXPARAM_LPMethod=0;CPXPARAM_MIP_Cuts_Cliques=3;CPXPARAM_MIP_Cuts_Covers=0;CPXPARAM_MIP_Cuts_Disjunctive=-1;CPXPARAM_MIP_Cuts_FlowCovers=2;CPXPARAM_MIP_Cuts_GUBCovers=-1;CPXPARAM_MIP_Cuts_Gomory=0;CPXPARAM_MIP_Cuts_Implied=1;CPXPARAM_MIP_Cuts_MIRCut=2;CPXPARAM_MIP_Cuts_PathCut=0;CPXPARAM_MIP_Limits_AggForCut=3;CPXPARAM_MIP_Limits_CutPasses=0;CPXPARAM_MIP_Limits_CutsFactor=-1;CPXPARAM_MIP_Limits_GomoryCand=200;CPXPARAM_MIP_Limits_GomoryPass=0;CPXPARAM_MIP_Limits_Nodes=9223372036800000000;CPXPARAM_MIP_Limits_ProbeTime=1e+75;CPXPARAM_MIP_Limits_RepairTries=0;CPXPARAM_MIP_Limits_StrongCand=10;CPXPARAM_MIP_Limits_StrongIt=0;CPXPARAM_MIP_OrderType=0;CPXPARAM_MIP_Strategy_BBInterval=7;CPXPARAM_MIP_Strategy_Branch=0;CPXPARAM_MIP_Strategy_Dive=0;CPXPARAM_MIP_Strategy_File=1;CPXPARAM_MIP_Strategy_HeuristicFreq=0;CPXPARAM_MIP_Strategy_LBHeur=0;CPXPARAM_MIP_Strategy_NodeSelect=3;CPXPARAM_MIP_Strategy_Order=1;CPXPARAM_MIP_Strategy_PresolveNode=1;CPXPARAM_MIP_Strategy_Probe=2;CPXPARAM_MIP_Strategy_RINSHeur=0;CPXPARAM_MIP_Strategy_StartAlgorithm=0;CPXPARAM_MIP_Strategy_SubAlgorithm=3;CPXPARAM_MIP_Strategy_VariableSelect=2;CPXPARAM_Network_NetFind=2;CPXPARAM_Network_Pricing=0;CPXPARAM_Parallel=1;CPXPARAM_Preprocessing_Aggregator=-1;CPXPARAM_Preprocessing_BoundStrength=-1;CPXPARAM_Preprocessing_CoeffReduce=-1;CPXPARAM_Preprocessing_Dependency=-1;CPXPARAM_Preprocessing_Dual=0;CPXPARAM_Preprocessing_Fill=20;CPXPARAM_Preprocessing_NumPass=-1;CPXPARAM_Preprocessing_Presolve=1;CPXPARAM_Preprocessing_QPMakePSD=1;CPXPARAM_Preprocessing_Reduce=3;CPXPARAM_Preprocessing_Relax=-1;CPXPARAM_Preprocessing_RepeatPresolve=-1;CPXPARAM_Preprocessing_Symmetry=-1;CPXPARAM_Read_Scale=0;CPXPARAM_Sifting_Algorithm=0;CPXPARAM_Simplex_Crash=1;CPXPARAM_Simplex_DGradient=0;CPXPARAM_Simplex_Limits_Perturbation=0;CPXPARAM_Simplex_Limits_Singularity=10;CPXPARAM_Simplex_PGradient=0;CPXPARAM_Simplex_Pricing=0;CPXPARAM_Simplex_Refactor=0
9962684447631049507,0,CPXPARAM_Advance=1;CPXPARAM_Barrier_Algorithm=0;CPXPARAM_Barrier_ColNonzeros=0;CPXPARAM_Barrier_Crossover=0;CPXPARAM_Barrier_Limits_Corrections=-1;CPXPARAM_Barrier_Ordering=0;CPXPARAM_Barrier_StartAlg=1;CPXPARAM_Emphasis_MIP=5;CPXPARAM_Emphasis_Memory=0;CPXPARAM_Emphasis_Numerical=0;CPXPARAM_Feasopt_Mode=0;CPXPARAM_LPMethod=0;CPXPARAM_MIP_Cuts_Cliques=2;CPXPARAM_MIP_Cuts_Covers=-1;CPXPARAM_MIP_Cuts_Disjunctive=-1;CPXPARAM_MIP_Cuts_FlowCovers=1;CPXPARAM_MIP_Cuts_GUBCovers=-1;CPXPARAM_MIP_Cuts_Gomory=0;CPXPARAM_MIP_Cuts_Implied=1;CPXPARAM_MIP_Cuts_MIRCut=0;CPXPARAM_MIP_Cuts_PathCut=2;CPXPARAM_MIP_Limits_AggForCut=3;CPXPARAM_MIP_Limits_CutPasses=0;CPXPARAM_MIP_Limits_CutsFactor=-1;CPXPARAM_MIP_Limits_GomoryCand=200;CPXPARAM_MIP_Limits_GomoryPass=0;CPXPARAM_MIP_Limits_Nodes=9223372036800000000;CPXPARAM_MIP_Limits_ProbeTime=1e+75;CPXPARAM_MIP_Limits_RepairTries=0;CPXPARAM_MIP_Limits_StrongCand=10;CPXPARAM_MIP_Limits_StrongIt=0;CPXPARAM_MIP_OrderType=0;CPXPARAM_MIP_Strategy_BBInterval=7;CPXPARAM_MIP_Strategy_Branch=0;CPXPARAM_MIP_Strategy_Dive=0;CPXPARAM_MIP_Strategy_File=1;CPXPARAM_MIP_Strategy_HeuristicFreq=0;CPXPARAM_MIP_Strategy_LBHeur=0;CPXPARAM_MIP_Strategy_NodeSelect=1;CPXPARAM_MIP_Strategy_Order=1;CPXPARAM_MIP_Strategy_PresolveNode=0;CPXPARAM_MIP_Strategy_Probe=3;CPXPARAM_MIP_Strategy_RINSHeur=0;CPXPARAM_MIP_Strategy_StartAlgorithm=0;CPXPARAM_MIP_Strategy_SubAlgorithm=0;CPXPARAM_MIP_Strategy_VariableSelect=0;CPXPARAM_Network_NetFind=2;CPXPARAM_Network_Pricing=0;CPXPARAM_Parallel=1;CPXPARAM_Preprocessing_Aggregator=-1;CPXPARAM_Preprocessing_BoundStrength=-1;CPXPARAM_Preprocessing_CoeffReduce=-1;CPXPARAM_Preprocessing_Dependency=-1;CPXPARAM_Preprocessing_Dual=0;CPXPARAM_Preprocessing_Fill=10;CPXPARAM_Preprocessing_NumPass=-1;CPXPARAM_Preprocessing_Presolve=1;CPXPARAM_Preprocessing_QPMakePSD=1;CPXPARAM_Preprocessing_Reduce=3;CPXPARAM_Preprocessing_Relax=-1;CPXPARAM_Preprocessing_RepeatPresolve=-1;CPXPARAM_Preprocessing_Symmetry=-1;CPXPARAM_Read_Scale=0;CPXPARAM_Sifting_Algorithm=0;CPXPARAM_Simplex_Crash=1;CPXPARAM_Simplex_DGradient=0;CPXPARAM_Simplex_Limits_Perturbation=0;CPXPARAM_Simplex_Limits_Singularity=10;CPXPARAM_Simplex_PGradient=0;CPXPARAM_Simplex_Pricing=0;CPXPARAM_Simplex_Refactor=0
3924291746718465319,0,CPXPARAM_Advance=1;CPXPARAM_Barrier_Algorithm=0;CPXPARAM_Barrier_ColNonzeros=0;CPXPARAM_Barrier_Crossover=0;CPXPARAM_Barrier_Limits_Corrections=-1;CPXPARAM_Barrier_Ordering=0;CPXPARAM_Barrier_StartAlg=1;CPXPARAM_Emphasis_MIP=0;CPXPARAM_Emphasis_Memory=0;CPXPARAM_Emphasis_Numerical=0;CPXPARAM_Feasopt_Mode=0;CPXPARAM_LPMethod=0;CPXPARAM_MIP_Cuts_Cliques=2;CPXPARAM_MIP_Cuts_Covers=0;CPXPARAM_MIP_Cuts_Disjunctive=1;CPXPARAM_MIP_Cuts_FlowCovers=0;CPXPARAM_MIP_Cuts_GUBCovers=2;CPXPARAM_MIP_Cuts_Gomory=0;CPXPARAM_MIP_Cuts_Implied=-1;CPXPARAM_MIP_Cuts_MIRCut=1;CPXPARAM_MIP_Cuts_PathCut=1;CPXPARAM_MIP_Limits_AggForCut=3;CPXPARAM_MIP_Limits_CutPasses=0;CPXPARAM_MIP_Limits_CutsFactor=-1;CPXPARAM_MIP_Limits_GomoryCand=400;CPXPARAM_MIP_Limits_GomoryPass=0;CPXPARAM_MIP_Limits_Nodes=9223372036800000000;CPXPARAM_MIP_Limits_ProbeTime=1e+75;CPXPARAM_MIP_Limits_RepairTries=0;CPXPARAM_MIP_Limits_StrongCand=10;CPXPARAM_MIP_Limits_StrongIt=0;CPXPARAM_MIP_OrderType=0;CPXPARAM_MIP_Strategy_BBInterval=7;CPXPARAM_MIP_Strategy_Branch=-1;CPXPARAM_MIP_Strategy_Dive=0;CPXPARAM_MIP_Strategy_File=1;CPXPARAM_MIP_Strategy_HeuristicFreq=0;CPXPARAM_MIP_Strategy_LBHeur=0;CPXPARAM_MIP_Strategy_NodeSelect=0;CPXPARAM_MIP_Strategy_Order=1;CPXPARAM_MIP_Strategy_PresolveNode=1;CPXPARAM_MIP_Strategy_Probe=0;CPXPARAM_MIP_Strategy_RINSHeur=0;CPXPARAM_MIP_Strategy_StartAlgorithm=0;CPXPARAM_MIP_Strategy_SubAlgorithm=0;CPXPARAM_MIP_Strategy_VariableSelect=1;CPXPARAM_Network_NetFind=2;CPXPARAM_Network_Pricing=0;CPXPARAM_Parallel=1;CPXPARAM_Preprocessing_Aggregator=-1;CPXPARAM_Preprocessing_BoundStrength=-1;CPXPARAM_Preprocessing_CoeffReduce=-1;CPXPARAM_Preprocessing_Dependency=-1;CPXPARAM_Preprocessing_Dual=0;CPXPARAM_Preprocessing_Fill=10;CPXPARAM_Preprocessing_NumPass=-1;CPXPARAM_Preprocessing_Presolve=1;CPXPARAM_Preprocessing_QPMakePSD=1;CPXPARAM_Preprocessing_Reduce=3;CPXPARAM_Preprocessing_Relax=-1;CPXPARAM_Preprocessing_RepeatPresolve=-1;CPXPARAM_Preprocessing_Symmetry=-1;CPXPARAM_Read_Scale=0;CPXPARAM_Sifting_Algorithm=0;CPXPARAM_Simplex_Crash=1;CPXPARAM_Simplex_DGradient=0;CPXPARAM_Simplex_Limits_Perturbation=0;CPXPARAM_Simplex_Limits_Singularity=10;CPXPARAM_Simplex_PGradient=0;CPXPARAM_Simplex_Pricing=0;CPXPARAM_Simplex_Refactor=0
2100444970277006994,0,CPXPARAM_Advance=1;CPXPARAM_Barrier_Algorithm=0;CPXPARAM_Barrier_ColNonzeros=0;CPXPARAM_Barrier_Crossover=0;CPXPARAM_Barrier_Limits_Corrections=-1;CPXPARAM_Barrier_Ordering=0;CPXPARAM_Barrier_StartAlg=1;CPXPARAM_Emphasis_MIP=3;CPXPARAM_Emphasis_Memory=0;CPXPARAM_Emphasis_Numerical=0;CPXPARAM_Feasopt_Mode=0;CPXPARAM_LPMethod=0;CPXPARAM_MIP_Cuts_Cliques=-1;CPXPARAM_MIP_Cuts_Covers=0;CPXPARAM_MIP_Cuts_Disjunctive=1;CPXPARAM_MIP_Cuts_FlowCovers=0;CPXPARAM_MIP_Cuts_GUBCovers=1;CPXPARAM_MIP_Cuts_Gomory=0;CPXPARAM_MIP_Cuts_Implied=1;CPXPARAM_MIP_Cuts_MIRCut=0;CPXPARAM_MIP_Cuts_PathCut=1;CPXPARAM_MIP_Limits_AggForCut=3;CPXPARAM_MIP_Limits_CutPasses=0;CPXPARAM_MIP_Limits_CutsFactor=-1;CPXPARAM_MIP_Limits_GomoryCand=150;CPXPARAM_MIP_Limits_GomoryPass=0;CPXPARAM_MIP_Limits_Nodes=9223372036800000000;CPXPARAM_MIP_Limits_ProbeTime=1e+75;CPXPARAM_MIP_Limits_RepairTries=0;CPXPARAM_MIP_Limits_StrongCand=10;CPXPARAM_MIP_Limits_StrongIt=0;CPXPARAM_MIP_OrderType=0;CPXPARAM_MIP_Strategy_BBInterval=7;CPXPARAM_MIP_Strategy_Branch=-1;CPXPARAM_MIP_Strategy_Dive=0;CPXPARAM_MIP_Strategy_File=1;CPXPARAM_MIP_Strategy_HeuristicFreq=0;CPXPARAM_MIP_Strategy_LBHeur=0;CPXPARAM_MIP_Strategy_NodeSelect=2;CPXPARAM_MIP_Strategy_Order=1;CPXPARAM_MIP_Strategy_PresolveNode=0;CPXPARAM_MIP_Strategy_Probe=1;CPXPARAM_MIP_Strategy_RINSHeur=0;CPXPARAM_MIP_Strategy_StartAlgorithm=0;CPXPARAM_MIP_Strategy_SubAlgorithm=0;CPXPARAM_MIP_Strategy_VariableSelect=4;CPXPARAM_Network_NetFind=2;CPXPARAM_Network_Pricing=0;CPXPARAM_Parallel=1;CPXPARAM_Preprocessing_Aggregator=-1;CPXPARAM_Preprocessing_BoundStrength=-1;CPXPARAM_Preprocessing_CoeffReduce=-1;CPXPARAM_Preprocessing_Dependency=-1;CPXPARAM_Preprocessing_Dual=0;CPXPARAM_Preprocessing_Fill=10;CPXPARAM_Preprocessing_NumPass=-1;CPXPARAM_Preprocessing_Presolve=1;CPXPARAM_Preprocessing_QPMakePSD=1;CPXPARAM_Preprocessing_Reduce=3;CPXPARAM_Preprocessing_Relax=-1;CPXPARAM_Preprocessing_RepeatPresolve=-1;CPXPARAM_Preprocessing_Symmetry=-1;CPXPARAM_Read_Scale=0;CPXPARAM_Sifting_Algorithm=0;CPXPARAM_Simplex_Crash=1;CPXPARAM_Simplex_DGradient=0;CPXPARAM_Simplex_Limits_Perturbation=0;CPXPARAM_Simplex_Limits_Singularity=10;CPXPARAM_Simplex_PGradient=0;CPXPARAM_Simplex_Pricing=0;CPXPARAM_Simplex_Refactor=0
2590264170956205142,0,CPXPARAM_Advance=1;CPXPARAM_Barrier_Algorithm=0;CPXPARAM_Barrier_ColNonzeros=0;CPXPARAM_Barrier_Crossover=0;CPXPARAM_Barrier_Limits_Corrections=-1;CPXPARAM_Barrier_Ordering=0;CPXPARAM_Barrier_StartAlg=1;CPXPARAM_Emphasis_MIP=5;CPXPARAM_Emphasis_Memory=0;CPXPARAM_Emphasis_Numerical=0;CPXPARAM_Feasopt_Mode=0;CPXPARAM_LPMethod=0;CPXPARAM_MIP_Cuts_Cliques=2;CPXPARAM_MIP_Cuts_Covers=3;CPXPARAM_MIP_Cuts_Disjunctive=-1;CPXPARAM_MIP_Cuts_FlowCovers=1;CPXPARAM_MIP_Cuts_GUBCovers=-1;CPXPARAM_MIP_Cuts_Gomory=0;CPXPARAM_MIP_Cuts_Implied=1;CPXPARAM_MIP_Cuts_MIRCut=0;CPXPARAM_MIP_Cuts_PathCut=2;CPXPARAM_MIP_Limits_AggForCut=3;CPXPARAM_MIP_Limits_CutPasses=0;CPXPARAM_MIP_Limits_CutsFactor=-1;CPXPARAM_MIP_Limits_GomoryCand=200;CPXPARAM_MIP_Limits_GomoryPass=0;CPXPARAM_MIP_Limits_Nodes=9223372036800000000;CPXPARAM_MIP_Limits_ProbeTime=1e+75;CPXPARAM_MIP_Limits_RepairTries=0;CPXPARAM_MIP_Limits_StrongCand=10;CPXPARAM_MIP_Limits_StrongIt=0;CPXPARAM_MIP_OrderType=0;CPXPARAM_MIP_Strategy_BBInterval=7;CPXPARAM_MIP_Strategy_Branch=0;CPXPARAM_MIP_Strategy_Dive=0;CPXPARAM_MIP_Strategy_File=1;CPXPARAM_MIP_Strategy_HeuristicFreq=0;CPXPARAM_MIP_Strategy_LBHeur=0;CPXPARAM_MIP_Strategy_NodeSelect=1;CPXPARAM_MIP_Strategy_Order=1;CPXPARAM_MIP_Strategy_PresolveNode=0;CPXPARAM_MIP_Strategy_Probe=-1;CPXPARAM_MIP_Strategy_RINSHeur=0;CPXPARAM_MIP_Strategy_StartAlgorithm=0;CPXPARAM_MIP_Strategy_SubAlgorithm=0;CPXPARAM_MIP_Strategy_VariableSelect=0;CPXPARAM_Network_NetFind=2;CPXPARAM_Network_Pricing=0;CPXPARAM_Parallel=1;CPXPARAM_Preprocessing_Aggregator=-1;CPXPARAM_Preprocessing_BoundStrength=-1;CPXPARAM_Preprocessing_CoeffReduce=-1;CPXPARAM_Preprocessing_Dependency=-1;CPXPARAM_Preprocessing_Dual=0;CPXPARAM_Preprocessing_Fill=10;CPXPARAM_Preprocessing_NumPass=-1;CPXPARAM_Preprocessing_Presolve=1;CPXPARAM_Preprocessing_QPMakePSD=1;CPXPARAM_Preprocessing_Reduce=3;CPXPARAM_Preprocessing_Relax=-1;CPXPARAM_Preprocessing_RepeatPresolve=-1;CPXPARAM_Preprocessing_Symmetry=-1;CPXPARAM_Read_Scale=0;CPXPARAM_Sifting_Algorithm=0;CPXPARAM_Simplex_Crash=1;CPXPARAM_Simplex_DGradient=0;CPXPARAM_Simplex_Limits_Perturbation=0;CPXPARAM_Simplex_Limits_Singularity=10;CPXPARAM_Simplex_PGradient=0;CPXPARAM_Simplex_Pricing=0;CPXPARAM_Simplex_Refactor=0
13580240239281281006,0,CPXPARAM_Advance=1;CPXPARAM_Barrier_Algorithm=0;CPXPARAM_Barrier_ColNonzeros=0;CPXPARAM_Barrier_Crossover=0;CPXPARAM_Barrier_Limits_Corrections=-1;CPXPARAM_Barrier_Ordering=0;CPXPARAM_Barrier_StartAlg=1;CPXPARAM_Emphasis_MIP=2;CPXPARAM_Emphasis_Memory=0;CPXPARAM_Emphasis_Numerical=0;CPXPARAM_Feasopt_Mode=0;CPXPARAM_LPMethod=0;CPXPARAM_MIP_Cuts_Cliques=2;CPXPARAM_MIP_Cuts_Covers=1;CPXPARAM_MIP_Cuts_Disjunctive=1;CPXPARAM_MIP_Cuts_FlowCovers=-1;CPXPARAM_MIP_Cuts_GUBCovers=0;CPXPARAM_MIP_Cuts_Gomory=0;CPXPARAM_MIP_Cuts_Implied=0;CPXPARAM_MIP_Cuts_MIRCut=1;CPXPARAM_MIP_Cuts_PathCut=0;CPXPARAM_MIP_Limits_AggForCut=3;CPXPARAM_MIP_Limits_CutPasses=0;CPXPARAM_MIP_Limits_CutsFactor=-1;CPXPARAM_MIP_Limits_GomoryCand=50;CPXPARAM_MIP_Limits_GomoryPass=0;CPXPARAM_MIP_Limits_Nodes=9223372036800000000;CPXPARAM_MIP_Limits_ProbeTime=1e+75;CPXPARAM_MIP_Limits_RepairTries=0;CPXPARAM_MIP_Limits_StrongCand=10;CPXPARAM_MIP_Limits_StrongIt=0;CPXPARAM_MIP_OrderType=0;CPXPARAM_MIP_Strategy_BBInterval=7;CPXPARAM_MIP_Strategy_Branch=0;CPXPARAM_MIP_Strategy_Dive=0;CPXPARAM_MIP_Strategy_File=1;CPXPARAM_MIP_Strategy_HeuristicFreq=0;CPXPARAM_MIP_Strategy_LBHeur=0;CPXPARAM_MIP_Strategy_NodeSelect=1;CPXPARAM_MIP_Strategy_Order=1;CPXPARAM_MIP_Strategy_PresolveNode=0;CPXPARAM_MIP_Strategy_Probe=3;CPXPARAM_MIP_Strategy_RINSHeur=0;CPXPARAM_MIP_Strategy_StartAlgorithm=0;CPXPARAM_MIP_Strategy_SubAlgorithm=0;CPXPARAM_MIP_Strategy_VariableSelect=0;CPXPARAM_Network_NetFind=2;CPXPARAM_Network_Pricing=0;CPXPARAM_Parallel=1;CPXPARAM_Preprocessing_Aggregator=-1;CPXPARAM_Preprocessing_BoundStrength=-1;CPXPARAM_Preprocessing_CoeffReduce=-1;CPXPARAM_Preprocessing_Dependency=-1;CPXPARAM_Preprocessing_Dual=0;CPXPARAM_Preprocessing_Fill=10;CPXPARAM_Preprocessing_NumPass=-1;CPXPARAM_Preprocessing_Presolve=1;CPXPARAM_Preprocessing_QPMakePSD=1;CPXPARAM_Preprocessing_Reduce=3;CPXPARAM_Preprocessing_Relax=-1;CPXPARAM_Preprocessing_RepeatPresolve=-1;CPXPARAM_Preprocessing_Symmetry=-1;CPXPARAM_Read_Scale=0;CPXPARAM_Sifting_Algorithm=0;CPXPARAM_Simplex_Crash=1;CPXPARAM_Simplex_DGradient=0;CPXPARAM_Simplex_Limits_Perturbation=0;CPXPARAM_Simplex_Limits_Singularity=10;CPXPARAM_Simplex_PGradient=0;CPXPARAM_Simplex_Pricing=0;CPXPARAM_Simplex_Refactor=0
7079079152720956406,0,CPXPARAM_Advance=1;CPXPARAM_Barrier_Algorithm=0;CPXPARAM_Barrier_ColNonzeros=0;CPXPARAM_Barrier_Crossover=0;CPXPARAM_Barrier_Limits_Corrections=-1;CPXPARAM_Barrier_Ordering=0;CPXPARAM_Barrier_StartAlg=1;CPXPARAM_Emphasis_MIP=0;CPXPARAM_Emphasis_Memory=0;CPXPARAM_Emphasis_Numerical=0;CPXPARAM_Feasopt_Mode=0;CPXPARAM_LPMethod=0;CPXPARAM_MIP_Cuts_Cliques=2;CPXPARAM_MIP_Cuts_Covers=-1;CPXPARAM_MIP_Cuts_Disjunctive=0;CPXPARAM_MIP_Cuts_FlowCovers=2;CPXPARAM_MIP_Cuts_GUBCovers=0;CPXPARAM_MIP_Cuts_Gomory=-1;CPXPARAM_MIP_Cuts_Implied=1;CPXPARAM_MIP_Cuts_MIRCut=1;CPXPARAM_MIP_Cuts_PathCut=0;CPXPARAM_MIP_Limits_AggForCut=3;CPXPARAM_MIP_Limits_CutPasses=0;CPXPARAM_MIP_Limits_CutsFactor=-1;CPXPARAM_MIP_Limits_GomoryCand=10;CPXPARAM_MIP_Limits_GomoryPass=0;CPXPARAM_MIP_Limits_Nodes=9223372036800000000;CPXPARAM_MIP_Limits_ProbeTime=1e+75;CPXPARAM_MIP_Limits_RepairTries=0;CPXPARAM_MIP_Limits_StrongCand=10;CPXPARAM_MIP_Limits_StrongIt=0;CPXPARAM_MIP_OrderType=0;CPXPARAM_MIP_Strategy_BBInterval=7;CPXPARAM_MIP_Strategy_Branch=-1;CPXPARAM_MIP_Strategy_Dive=0;CPXPARAM_MIP_Strategy_File=1;CPXPARAM_MIP_Strategy_HeuristicFreq=0;CPXPARAM_MIP_Strategy_LBHeur=0;CPXPARAM_MIP_Strategy_NodeSelect=2;CPXPARAM_MIP_Strategy_Order=1;CPXPARAM_MIP_Strategy_PresolveNode=2;CPXPARAM_MIP_Strategy_Probe=0;CPXPARAM_MIP_Strategy_RINSHeur=0;CPXPARAM_MIP_Strategy_StartAlgorithm=0;CPXPARAM_MIP_Strategy_SubAlgorithm=0;CPXPARAM_MIP_Strategy_VariableSelect=-1;CPXPARAM_Network_NetFind=2;CPXPARAM_Network_Pricing=0;CPXPARAM_Parallel=1;CPXPARAM_Preprocessing_Aggregator=-1;CPXPARAM_Preprocessing_BoundStrength=-1;CPXPARAM_Preprocessing_CoeffReduce=-1;CPXPARAM_Preprocessing_Dependency=-1;CPXPARAM_Preprocessing_Dual=0;CPXPARAM_Preprocessing_Fill=10;CPXPARAM_Preprocessing_NumPass=-1;CPXPARAM_Preprocessing_Presolve=1;CPXPARAM_Preprocessing_QPMakePSD=1;CPXPARAM_Preprocessing_Reduce=3;CPXPARAM_Preprocessing_Relax=-1;CPXPARAM_Preprocessing_RepeatPresolve=-1;CPXPARAM_Preprocessing_Symmetry=-1;CPXPARAM_Read_Scale=0;CPXPARAM_Sifting_Algorithm=0;CPXPARAM_Simplex_Crash=1;CPXPARAM_Simplex_DGradient=0;CPXPARAM_Simplex_Limits_Perturbation=0;CPXPARAM_Simplex_Limits_Singularity=10;CPXPARAM_Simplex_PGradient=0;CPXPARAM_Simplex_Pricing=0;CPXPARAM_Simplex_Refactor=0
16289969541541026920,0,CPXPARAM_Advance=1;CPXPARAM_Barrier_Algorithm=0;CPXPARAM_Barrier_ColNonzeros=0;CPXPARAM_Barrier_Crossover=0;CPXPARAM_Barrier_Limits_Corrections=-1;CPXPARAM_Barrier_Ordering=0;CPXPARAM_Barrier_StartAlg=1;CPXPARAM_Emphasis_MIP=2;CPXPARAM_Emphasis_Memory=0;CPXPARAM_Emphasis_Numerical=0;CPXPARAM_Feasopt_Mode=0;CPXPARAM_LPMethod=0;CPXPARAM_MIP_Cuts_Cliques=-1;CPXPARAM_MIP_Cuts_Covers=2;CPXPARAM_MIP_Cuts_Disjunctive=1;CPXPARAM_MIP_Cuts_FlowCovers=2;CPXPARAM_MIP_Cuts_GUBCovers=1;CPXPARAM_MIP_Cuts_Gomory=0;CPXPARAM_MIP_Cuts_Implied=-1;CPXPARAM_MIP_Cuts_MIRCut=-1;CPXPARAM_MIP_Cuts_PathCut=-1;CPXPARAM_MIP_Limits_AggForCut=3;CPXPARAM_MIP_Limits_CutPasses=0;CPXPARAM_MIP_Limits_CutsFactor=-1;CPXPARAM_MIP_Limits_GomoryCand=400;CPXPARAM_MIP_Limits_GomoryPass=0;CPXPARAM_MIP_Limits_Nodes=9223372036800000000;CPXPARAM_MIP_Limits_ProbeTime=1e+75;CPXPARAM_MIP_Limits_RepairTries=0;CPXPARAM_MIP_Limits_StrongCand=10;CPXPARAM_MIP_Limits_StrongIt=0;CPXPARAM_MIP_OrderType=0;CPXPARAM_MIP_Strategy_BBInterval=2;CPXPARAM_MIP_Strategy_Branch=0;CPXPARAM_MIP_Strategy_Dive=0;CPXPARAM_MIP_Strategy_File=1;CPXPARAM_MIP_Strategy_HeuristicFreq=0;CPXPARAM_MIP_Strategy_LBHeur=0;CPXPARAM_MIP_Strategy_NodeSelect=1;CPXPARAM_MIP_Strategy_Order=1;CPXPARAM_MIP_Strategy_PresolveNode=0;CPXPARAM_MIP_Strategy_Probe=0;CPXPARAM_MIP_Strategy_RINSHeur=0;CPXPARAM_MIP_Strategy_StartAlgorithm=0;CPXPARAM_MIP_Strategy_SubAlgorithm=0;CPXPARAM_MIP_Strategy_VariableSelect=0;CPXPARAM_Network_NetFind=2;CPXPARAM_Network_Pricing=0;CPXPARAM_Parallel=1;CPXPARAM_Preprocessing_Aggregator=-1;CPXPARAM_Preprocessing_BoundStrength=-1;CPXPARAM_Preprocessing_CoeffReduce=-1;CPXPARAM_Preprocessing_Dependency=-1;CPXPARAM_Preprocessing_Dual=0;CPXPARAM_Preprocessing_Fill=10;CPXPARAM_Preprocessing_NumPass=-1;CPXPARAM_Preprocessing_Presolve=1;CPXPARAM_Preprocessing_QPMakePSD=1;CPXPARAM_Preprocessing_Reduce=3;CPXPARAM_Preprocessing_Relax=-1;CPXPARAM_Preprocessing_RepeatPresolve=-1;CPXPARAM_Preprocessing_Symmetry=-1;CPXPARAM_Read_Scale=0;CPXPARAM_Sifting_Algorithm=0;CPXPARAM_Simplex_Crash=1;CPXPARAM_Simplex_DGradient=0;CPXPARAM_Simplex_Limits_Perturbation=0;CPXPARAM_Simplex_Limits_Singularity=10;CPXPARAM_Simplex_PGradient=0;CPXPARAM_Simplex_Pricing=0;CPXPARAM_Simplex_Refactor=0
7803896845508488502,0,CPXPARAM_Advance=1;CPXPARAM_Barrier_Algorithm=0;CPXPARAM_Barrier_ColNonzeros=0;CPXPARAM_Barrier_Crossover=0;CPXPARAM_Barrier_Limits_Corrections=-1;CPXPARAM_Barrier_Ordering=0;CPXPARAM_Barrier_StartAlg=1;CPXPARAM_Emphasis_MIP=2;CPXPARAM_Emphasis_Memory=0;CPXPARAM_Emphasis_Numerical=0;CPXPARAM_Feasopt_Mode=0;CPXPARAM_LPMethod=0;CPXPARAM_MIP_Cuts_Cliques=2;CPXPARAM_MIP_Cuts_Covers=2;CPXPARAM_MIP_Cuts_Disjunctive=1;CPXPARAM_MIP_Cuts_FlowCovers=-1;CPXPARAM_MIP_Cuts_GUBCovers=0;CPXPARAM_MIP_Cuts_Gomory=0;CPXPARAM_MIP_Cuts_Implied=0;CPXPARAM_MIP_Cuts_MIRCut=1;CPXPARAM_MIP_Cuts_PathCut=0;CPXPARAM_MIP_Limits_AggForCut=3;CPXPARAM_MIP_Limits_CutPasses=0;CPXPARAM_MIP_Limits_CutsFactor=-1;CPXPARAM_MIP_Limits_GomoryCand=100;CPXPARAM_MIP_Limits_GomoryPass=0;CPXPARAM_MIP_Limits_Nodes=9223372036800000000;CPXPARAM_MIP_Limits_ProbeTime=1e+75;CPXPARAM_MIP_Limits_RepairTries=0;CPXPARAM_MIP_Limits_StrongCand=10;CPXPARAM_MIP_Limits_StrongIt=0;CPXPARAM_MIP_OrderType=0;CPXPARAM_MIP_Strategy_BBInterval=7;CPXPARAM_MIP_Strategy_Branch=0;CPXPARAM_MIP_Strategy_Dive=0;CPXPARAM_MIP_Strategy_File=1;CPXPARAM_MIP_Strategy_HeuristicFreq=0;CPXPARAM_MIP_Strategy_LBHeur=0;CPXPARAM_MIP_Strategy_NodeSelect=1;CPXPARAM_MIP_Strategy_Order=1;CPXPARAM_MIP_Strategy_PresolveNode=0;CPXPARAM_MIP_Strategy_Probe=3;CPXPARAM_MIP_Strategy_RINSHeur=0;CPXPARAM_MIP_Strategy_StartAlgorithm=0;CPXPARAM_MIP_Strategy_SubAlgorithm=0;CPXPARAM_MIP_Strategy_VariableSelect=0;CPXPARAM_Network_NetFind=2;CPXPARAM_Network_Pricing=0;CPXPARAM_Parallel=1;CPXPARAM_Preprocessing_Aggregator=-1;CPXPARAM_Preprocessing_BoundStrength=-1;CPXPARAM_Preprocessing_CoeffReduce=-1;CPXPARAM_Preprocessing_Dependency=-1;CPXPARAM_Preprocessing_Dual=0;CPXPARAM_Preprocessing_Fill=10;CPXPARAM_Preprocessing_NumPass=-1;CPXPARAM_Preprocessing_Presolve=1;CPXPARAM_Preprocessing_QPMakePSD=1;CPXPARAM_Preprocessing_Reduce=3;CPXPARAM_Preprocessing_Relax=-1;CPXPARAM_Preprocessing_RepeatPresolve=-1;CPXPARAM_Preprocessing_Symmetry=-1;CPXPARAM_Read_Scale=0;CPXPARAM_Sifting_Algorithm=0;CPXPARAM_Simplex_Crash=1;CPXPARAM_Simplex_DGradient=0;CPXPARAM_Simplex_Limits_Perturbation=0;CPXPARAM_Simplex_Limits_Singularity=10;CPXPARAM_Simplex_PGradient=0;CPXPARAM_Simplex_Pricing=0;CPXPARAM_Simplex_Refactor=0
7864117776351717221,0,CPXPARAM_Advance=1;CPXPARAM_Barrier_Algorithm=0;CPXPARAM_Barrier_ColNonzeros=0;CPXPARAM_Barrier_Crossover=0;CPXPARAM_Barrier_Limits_Corrections=-1;CPXPARAM_Barrier_Ordering=0;CPXPARAM_Barrier_StartAlg=1;CPXPARAM_Emphasis_MIP=0;CPXPARAM_Emphasis_Memory=0;CPXPARAM_Emphasis_Numerical=0;CPXPARAM_Feasopt_Mode=0;CPXPARAM_LPMethod=0;CPXPARAM_MIP_Cuts_Cliques=2;CPXPARAM_MIP_Cuts_Covers=2;CPXPARAM_MIP_Cuts_Disjunctive=0;CPXPARAM_MIP_Cuts_FlowCovers=1;CPXPARAM_MIP_Cuts_GUBCovers=2;CPXPARAM_MIP_Cuts_Gomory=0;CPXPARAM_MIP_Cuts_Implied=-1;CPXPARAM_MIP_Cuts_MIRCut=1;CPXPARAM_MIP_Cuts_PathCut=-1;CPXPARAM_MIP_Limits_AggForCut=3;CPXPARAM_MIP_Limits_CutPasses=0;CPXPARAM_MIP_Limits_CutsFactor=-1;CPXPARAM_MIP_Limits_GomoryCand=400;CPXPARAM_MIP_Limits_GomoryPass=0;CPXPARAM_MIP_Limits_Nodes=9223372036800000000;CPXPARAM_MIP_Limits_ProbeTime=1e+75;CPXPARAM_MIP_Limits_RepairTries=0;CPXPARAM_MIP_Limits_StrongCand=10;CPXPARAM_MIP_Limits_StrongIt=0;CPXPARAM_MIP_OrderType=0;CPXPARAM_MIP_Strategy_BBInterval=7;CPXPARAM_MIP_Strategy_Branch=0;CPXPARAM_MIP_Strategy_Dive=0;CPXPARAM_MIP_Strategy_File=1;CPXPARAM_MIP_Strategy_HeuristicFreq=0;CPXPARAM_MIP_Strategy_LBHeur=0;CPXPARAM_MIP_Strategy_NodeSelect=1;CPXPARAM_MIP_Strategy_Order=1;CPXPARAM_MIP_Strategy_PresolveNode=0;CPXPARAM_MIP_Strategy_Probe=1;CPXPARAM_MIP_Strategy_RINSHeur=0;CPXPARAM_MIP_Strategy_StartAlgorithm=0;CPXPARAM_MIP_Strategy_SubAlgorithm=0;CPXPARAM_MIP_Strategy_VariableSelect=0;CPXPARAM_Network_NetFind=2;CPXPARAM_Network_Pricing=0;CPXPARAM_Parallel=1;CPXPARAM_Preprocessing_Aggregator=-1;CPXPARAM_Preprocessing_BoundStrength=-1;CPXPARAM_Preprocessing_CoeffReduce=-1;CPXPARAM_Preprocessing_Dependency=-1;CPXPARAM_Preprocessing_Dual=0;CPXPARAM_Preprocessing_Fill=10;CPXPARAM_Preprocessing_NumPass=-1;CPXPARAM_Preprocessing_Presolve=1;CPXPARAM_Preprocessing_QPMakePSD=1;CPXPARAM_Preprocessing_Reduce=3;CPXPARAM_Preprocessing_Relax=-1;CPXPARAM_Preprocessing_RepeatPresolve=-1;CPXPARAM_Preprocessing_Symmetry=-1;CPXPARAM_Read_Scale=0;CPXPARAM_Sifting_Algorithm=0;CPXPARAM_Simplex_Crash=1;CPXPARAM_Simplex_DGradient=0;CPXPARAM_Simplex_Limits_Perturbation=0;CPXPARAM_Simplex_Limits_Singularity=10;CPXPARAM_Simplex_PGradient=0;CPXPARAM_Simplex_Pricing=0;CPXPARAM_Simplex_Refactor=0
11892609870861722291,0,CPXPARAM_Advance=1;CPXPARAM_Barrier_Algorithm=0;CPXPARAM_Barrier_ColNonzeros=0;CPXPARAM_Barrier_Crossover=0;CPXPARAM_Barrier_Limits_Corrections=-1;CPXPARAM_Barrier_Ordering=0;CPXPARAM_Barrier_StartAlg=1;CPXPARAM_Emphasis_MIP=5;CPXPARAM_Emphasis_Memory=0;CPXPARAM_Emphasis_Numerical=0;CPXPARAM_Feasopt_Mode=0;CPXPARAM_LPMethod=0;CPXPARAM_MIP_Cuts_Cliques=1;CPXPARAM_MIP_Cuts_Covers=0;CPXPARAM_MIP_Cuts_Disjunctive=1;CPXPARAM_MIP_Cuts_FlowCovers=0;CPXPARAM_MIP_Cuts_GUBCovers=-1;CPXPARAM_MIP_Cuts_Gomory=0;CPXPARAM_MIP_Cuts_Implied=-1;CPXPARAM_MIP_Cuts_MIRCut=-1;CPXPARAM_MIP_Cuts_PathCut=0;CPXPARAM_MIP_Limits_AggForCut=3;CPXPARAM_MIP_Limits_CutPasses=0;CPXPARAM_MIP_Limits_CutsFactor=-1;CPXPARAM_MIP_Limits_GomoryCand=50;CPXPARAM_MIP_Limits_GomoryPass=0;CPXPARAM_MIP_Limits_Nodes=9223372036800000000;CPXPARAM_MIP_Limits_ProbeTime=1e+75;CPXPARAM_MIP_Limits_RepairTries=0;CPXPARAM_MIP_Limits_StrongCand=10;CPXPARAM_MIP_Limits_StrongIt=0;CPXPARAM_MIP_OrderType=0;CPXPARAM_MIP_Strategy_BBInterval=7;CPXPARAM_MIP_Strategy_Branch=0;CPXPARAM_MIP_Strategy_Dive=0;CPXPARAM_MIP_Strategy_File=1;CPXPARAM_MIP_Strategy_HeuristicFreq=0;CPXPARAM_MIP_Strategy_LBHeur=0;CPXPARAM_MIP_Strategy_NodeSelect=1;CPXPARAM_MIP_Strategy_Order=1;CPXPARAM_MIP_Strategy_PresolveNode=0;CPXPARAM_MIP_Strategy_Probe=2;CPXPARAM_MIP_Strategy_RINSHeur=0;CPXPARAM_MIP_Strategy_StartAlgorithm=0;CPXPARAM_MIP_Strategy_SubAlgorithm=0;CPXPARAM_MIP_Strategy_VariableSelect=0;CPXPARAM_Network_NetFind=2;CPXPARAM_Network_Pricing=0;CPXPARAM_Parallel=1;CPXPARAM_Preprocessing_Aggregator=-1;CPXPARAM_Preprocessing_BoundStrength=-1;CPXPARAM_Preprocessing_CoeffReduce=-1;CPXPARAM_Preprocessing_Dependency=-1;CPXPARAM_Preprocessing_Dual=0;CPXPARAM_Preprocessing_Fill=10;CPXPARAM_Preprocessing_NumPass=-1;CPXPARAM_Preprocessing_Presolve=1;CPXPARAM_Preprocessing_QPMakePSD=1;CPXPARAM_Preprocessing_Reduce=3;CPXPARAM_Preprocessing_Relax=-1;CPXPARAM_Preprocessing_RepeatPresolve=-1;CPXPARAM_Preprocessing_Symmetry=-1;CPXPARAM_Read_Scale=0;CPXPARAM_Sifting_Algorithm=0;CPXPARAM_Simplex_Crash=1;CPXPARAM_Simplex_DGradient=0;CPXPARAM_Simplex_Limits_Perturbation=0;CPXPARAM_Simplex_Limits_Singularity=10;CPXPARAM_Simplex_PGradient=0;CPXPARAM_Simplex_Pricing=0;CPXPARAM_Simplex_Refactor=0
13772921295762096628,0,CPXPARAM_Advance=1;CPXPARAM_Barrier_Algorithm=0;CPXPARAM_Barrier_ColNonzeros=0;CPXPARAM_Barrier_Crossover=0;CPXPARAM_Barrier_Limits_Corrections=-1;CPXPARAM_Barrier_Ordering=0;CPXPARAM_Barrier_StartAlg=1;CPXPARAM_Emphasis_MIP=0;CPXPARAM_Emphasis_Memory=0;CPXPARAM_Emphasis_Numerical=0;CPXPARAM_Feasopt_Mode=0;CPXPARAM_LPMethod=0;CPXPARAM_MIP_Cuts_Cliques=1;CPXPARAM_MIP_Cuts_Covers=-1;CPXPARAM_MIP_Cuts_Disjunctive=1;CPXPARAM_MIP_Cuts_FlowCovers=0;CPXPARAM_MIP_Cuts_GUBCovers=0;CPXPARAM_MIP_Cuts_Gomory=-1;CPXPARAM_MIP_Cuts_Implied=2;CPXPARAM_MIP_Cuts_MIRCut=-1;CPXPARAM_MIP_Cuts_PathCut=0;CPXPARAM_MIP_Limits_AggForCut=3;CPXPARAM_MIP_Limits_CutPasses=0;CPXPARAM_MIP_Limits_CutsFactor=-1;CPXPARAM_MIP_Limits_GomoryCand=400;CPXPARAM_MIP_Limits_GomoryPass=0;CPXPARAM_MIP_Limits_Nodes=9223372036800000000;CPXPARAM_MIP_Limits_ProbeTime=1e+75;CPXPARAM_MIP_Limits_RepairTries=0;CPXPARAM_MIP_Limits_StrongCand=10;CPXPARAM_MIP_Limits_StrongIt=0;CPXPARAM_MIP_OrderType=0;CPXPARAM_MIP_Strategy_BBInterval=7;CPXPARAM_MIP_Strategy_Branch=0;CPXPARAM_MIP_Strategy_Dive=0;CPXPARAM_MIP_Strategy_File=1;CPXPARAM_MIP_Strategy_HeuristicFreq=0;CPXPARAM_MIP_Strategy_LBHeur=0;CPXPARAM_MIP_Strategy_NodeSelect=2;CPXPARAM_MIP_Strategy_Order=1;CPXPARAM_MIP_Strategy_PresolveNode=1;CPXPARAM_MIP_Strategy_Probe=2;CPXPARAM_MIP_Strategy_RINSHeur=0;CPXPARAM_MIP_Strategy_StartAlgorithm=0;CPXPARAM_MIP_Strategy_SubAlgorithm=3;CPXPARAM_MIP_Strategy_VariableSelect=1;CPXPARAM_Network_NetFind=2;CPXPARAM_Network_Pricing=0;CPXPARAM_Parallel=1;CPXPARAM_Preprocessing_Aggregator=-1;CPXPARAM_Preprocessing_BoundStrength=-1;CPXPARAM_Preprocessing_CoeffReduce=-1;CPXPARAM_Preprocessing_Dependency=-1;CPXPARAM_Preprocessing_Dual=0;CPXPARAM_Preprocessing_Fill=10;CPXPARAM_Preprocessing_NumPass=-1;CPXPARAM_Preprocessing_Presolve=1;CPXPARAM_Preprocessing_QPMakePSD=1;CPXPARAM_Preprocessing_Reduce=3;CPXPARAM_Preprocessing_Relax=-1;CPXPARAM_Preprocessing_RepeatPresolve=-1;CPXPARAM_Preprocessing_Symmetry=-1;CPXPARAM_Read_Scale=0;CPXPARAM_Sifting_Algorithm=0;CPXPARAM_Simplex_Crash=1;CPXPARAM_Simplex_DGradient=0;CPXPARAM_Simplex_Limits_Perturbation=0;CPXPARAM_Simplex_Limits_Singularity=10;CPXPARAM_Simplex_PGradient=0;CPXPARAM_Simplex_Pricing=0;CPXPARAM_Simplex_Refactor=0
5068385478934031134,0,CPXPARAM_Advance=1;CPXPARAM_Barrier_Algorithm=0;CPXPARAM_Barrier_ColNonzeros=0;CPXPARAM_Barrier_Crossover=0;CPXPARAM_Barrier_Limits_Corrections=-1;CPXPARAM_Barrier_Ordering=0;CPXPARAM_Barrier_StartAlg=1;CPXPARAM_Emphasis_MIP=2;CPXPARAM_Emphasis_Memory=0;CPXPARAM_Emphasis_Numerical=0;CPXPARAM_Feasopt_Mode=0;CPXPARAM_LPMethod=0;CPXPARAM_MIP_Cuts_Cliques=-1;CPXPARAM_MIP_Cuts_Covers=2;CPXPARAM_MIP_Cuts_Disjunctive=1;CPXPARAM_MIP_Cuts_FlowCovers=2;CPXPARAM_MIP_Cuts_GUBCovers=1;CPXPARAM_MIP_Cuts_Gomory=0;CPXPARAM_MIP_Cuts_Implied=-1;CPXPARAM_MIP_Cuts_MIRCut=-1;CPXPARAM_MIP_Cuts_PathCut=-1;CPXPARAM_MIP_Limits_AggForCut=3;CPXPARAM_MIP_Limits_CutPasses=0;CPXPARAM_MIP_Limits_CutsFactor=4;CPXPARAM_MIP_Limits_GomoryCand=400;CPXPARAM_MIP_Limits_GomoryPass=0;CPXPARAM_MIP_Limits_Nodes=9223372036800000000;CPXPARAM_MIP_Limits_ProbeTime=1e+75;CPXPARAM_MIP_Limits_RepairTries=0;CPXPARAM_MIP_Limits_StrongCand=10;CPXPARAM_MIP_Limits_StrongIt=0;CPXPARAM_MIP_OrderType=0;CPXPARAM_MIP_Strategy_BBInterval=7;CPXPARAM_MIP_Strategy_Branch=0;CPXPARAM_MIP_Strategy_Dive=0;CPXPARAM_MIP_Strategy_File=1;CPXPARAM_MIP_Strategy_HeuristicFreq=0;CPXPARAM_MIP_Strategy_LBHeur=0;CPXPARAM_MIP_Strategy_NodeSelect=1;CPXPARAM_MIP_Strategy_Order=1;CPXPARAM_MIP_Strategy_PresolveNode=0;CPXPARAM_MIP_Strategy_Probe=0;CPXPARAM_MIP_Strategy_RINSHeur=0;CPXPARAM_MIP_Strategy_StartAlgorithm=0;CPXPARAM_MIP_Strategy_SubAlgorithm=0;CPXPARAM_MIP_Strategy_VariableSelect=0;CPXPARAM_Network_NetFind=2;CPXPARAM_Network_Pricing=0;CPXPARAM_Parallel=1;CPXPARAM_Preprocessing_Aggregator=-1;CPXPARAM_Preprocessing_BoundStrength=-1;CPXPARAM_Preprocessing_CoeffReduce=-1;CPXPARAM_Preprocessing_Dependency=-1;CPXPARAM_Preprocessing_Dual=0;CPXPARAM_Preprocessing_Fill=10;CPXPARAM_Preprocessing_NumPass=-1;CPXPARAM_Preprocessing_Presolve=1;CPXPARAM_Preprocessing_QPMakePSD=1;CPXPARAM_Preprocessing_Reduce=3;CPXPARAM_Preprocessing_Relax=-1;CPXPARAM_Preprocessing_RepeatPresolve=-1;CPXPARAM_Preprocessing_Symmetry=-1;CPXPARAM_Read_Scale=0;CPXPARAM_Sifting_Algorithm=0;CPXPARAM_Simplex_Crash=1;CPXPARAM_Simplex_DGradient=0;CPXPARAM_Simplex_Limits_Perturbation=0;CPXPARAM_Simplex_Limits_Singularity=10;CPXPARAM_Simplex_PGradient=0;CPXPARAM_Simplex_Pricing=0;CPXPARAM_Simplex_Refactor=0
1685579112792865316,0,CPXPARAM_Advance=1;CPXPARAM_Barrier_Algorithm=0;CPXPARAM_Barrier_ColNonzeros=0;CPXPARAM_Barrier_Crossover=0;CPXPARAM_Barrier_Limits_Corrections=-1;CPXPARAM_Barrier_Ordering=0;CPXPARAM_Barrier_StartAlg=1;CPXPARAM_Emphasis_MIP=5;CPXPARAM_Emphasis_Memory=0;CPXPARAM_Emphasis_Numerical=0;CPXPARAM_Feasopt_Mode=0;CPXPARAM_LPMethod=0;CPXPARAM_MIP_Cuts_Cliques=1;CPXPARAM_MIP_Cuts_Covers=0;CPXPARAM_MIP_Cuts_Disjunctive=1;CPXPARAM_MIP_Cuts_FlowCovers=1;CPXPARAM_MIP_Cuts_GUBCovers=-1;CPXPARAM_MIP_Cuts_Gomory=1;CPXPARAM_MIP_Cuts_Implied=-1;CPXPARAM_MIP_Cuts_MIRCut=-1;CPXPARAM_MIP_Cuts_PathCut=0;CPXPARAM_MIP_Limits_AggForCut=3;CPXPARAM_MIP_Limits_CutPasses=0;CPXPARAM_MIP_Limits_CutsFactor=-1;CPXPARAM_MIP_Limits_GomoryCand=50;CPXPARAM_MIP_Limits_GomoryPass=0;CPXPARAM_MIP_Limits_Nodes=9223372036800000000;CPXPARAM_MIP_Limits_ProbeTime=1e+75;CPXPARAM_MIP_Limits_RepairTries=0;CPXPARAM_MIP_Limits_StrongCand=10;CPXPARAM_MIP_Limits_StrongIt=0;CPXPARAM_MIP_OrderType=0;CPXPARAM_MIP_Strategy_BBInterval=7;CPXPARAM_MIP_Strategy_Branch=0;CPXPARAM_MIP_Strategy_Dive=0;CPXPARAM_MIP_Strategy_File=1;CPXPARAM_MIP_Strategy_HeuristicFreq=0;CPXPARAM_MIP_Strategy_LBHeur=0;CPXPARAM_MIP_Strategy_NodeSelect=1;CPXPARAM_MIP_Strategy_Order=1;CPXPARAM_MIP_Strategy_PresolveNode=0;CPXPARAM_MIP_Strategy_Probe=2;CPXPARAM_MIP_Strategy_RINSHeur=0;CPXPARAM_MIP_Strategy_StartAlgorithm=0;CPXPARAM_MIP_Strategy_SubAlgorithm=0;CPXPARAM_MIP_Strategy_VariableSelect=0;CPXPARAM_Network_NetFind=2;CPXPARAM_Network_Pricing=0;CPXPARAM_Parallel=1;CPXPARAM_Preprocessing_Aggregator=-1;CPXPARAM_Preprocessing_BoundStrength=-1;CPXPARAM_Preprocessing_CoeffReduce=-1;CPXPARAM_Preprocessing_Dependency=-1;CPXPARAM_Preprocessing_Dual=0;CPXPARAM_Preprocessing_Fill=10;CPXPARAM_Preprocessing_NumPass=-1;CPXPARAM_Preprocessing_Presolve=1;CPXPARAM_Preprocessing_QPMakePSD=1;CPXPARAM_Preprocessing_Reduce=3;CPXPARAM_Preprocessing_Relax=-1;CPXPARAM_Preprocessing_RepeatPresolve=-1;CPXPARAM_Preprocessing_Symmetry=-1;CPXPARAM_Read_Scale=0;CPXPARAM_Sifting_Algorithm=0;CPXPARAM_Simplex_Crash=1;CPXPARAM_Simplex_DGradient=0;CPXPARAM_Simplex_Limits_Perturbation=0;CPXPARAM_Simplex_Limits_Singularity=10;CPXPARAM_Simplex_PGradient=0;CPXPARAM_Simplex_Pricing=0;CPXPARAM_Simplex_Refactor=0
8273714389603369975,0,CPXPARAM_Advance=1;CPXPARAM_Barrier_Algorithm=0;CPXPARAM_Barrier_ColNonzeros=0;CPXPARAM_Barrier_Crossover=0;CPXPARAM_Barrier_Limits_Corrections=-1;CPXPARAM_Barrier_Ordering=0;CPXPARAM_Barrier_StartAlg=1;CPXPARAM_Emphasis_MIP=0;CPXPARAM_Emphasis_Memory=0;CPXPARAM_Emphasis_Numerical=0;CPXPARAM_Feasopt_Mode=0;CPXPARAM_LPMethod=0;CPXPARAM_MIP_Cuts_Cliques=1;CPXPARAM_MIP_Cuts_Covers=0;CPXPARAM_MIP_Cuts_Disjunctive=1;CPXPARAM_MIP_Cuts_FlowCovers=0;CPXPARAM_MIP_Cuts_GUBCovers=1;CPXPARAM_MIP_Cuts_Gomory=0;CPXPARAM_MIP_Cuts_Implied=-1;CPXPARAM_MIP_Cuts_MIRCut=1;CPXPARAM_MIP_Cuts_PathCut=1;CPXPARAM_MIP_Limits_AggForCut=3;CPXPARAM_MIP_Limits_CutPasses=0;CPXPARAM_MIP_Limits_CutsFactor=-1;CPXPARAM_MIP_Limits_GomoryCand=400;CPXPARAM_MIP_Limits_GomoryPass=0;CPXPARAM_MIP_Limits_Nodes=9223372036800000000;CPXPARAM_MIP_Limits_ProbeTime=1e+75;CPXPARAM_MIP_Limits_RepairTries=0;CPXPARAM_MIP_Limits_StrongCand=10;CPXPARAM_MIP_Limits_StrongIt=0;CPXPARAM_MIP_OrderType=0;CPXPARAM_MIP_Strategy_BBInterval=7;CPXPARAM_MIP_Strategy_Branch=-1;CPXPARAM_MIP_Strategy_Dive=0;CPXPARAM_MIP_Strategy_File=1;CPXPARAM_MIP_Strategy_HeuristicFreq=0;CPXPARAM_MIP_Strategy_LBHeur=0;CPXPARAM_MIP_Strategy_NodeSelect=0;CPXPARAM_MIP_Strategy_Order=1;CPXPARAM_MIP_Strategy_PresolveNode=0;CPXPARAM_MIP_Strategy_Probe=0;CPXPARAM_MIP_Strategy_RINSHeur=0;CPXPARAM_MIP_Strategy_StartAlgorithm=0;CPXPARAM_MIP_Strategy_SubAlgorithm=0;CPXPARAM_MIP_Strategy_VariableSelect=1;CPXPARAM_Network_NetFind=2;CPXPARAM_Network_Pricing=0;CPXPARAM_Parallel=1;CPXPARAM_Preprocessing_Aggregator=-1;CPXPARAM_Preprocessing_BoundStrength=-1;CPXPARAM_Preprocessing_CoeffReduce=-1;CPXPARAM_Preprocessing_Dependency=-1;CPXPARAM_Preprocessing_Dual=0;CPXPARAM_Preprocessing_Fill=10;CPXPARAM_Preprocessing_NumPass=-1;CPXPARAM_Preprocessing_Presolve=1;CPXPARAM_Preprocessing_QPMakePSD=1;CPXPARAM_Preprocessing_Reduce=3;CPXPARAM_Preprocessing_Relax=-1;CPXPARAM_Preprocessing_RepeatPresolve=-1;CPXPARAM_Preprocessing_Symmetry=-1;CPXPARAM_Read_Scale=0;CPXPARAM_Sifting_Algorithm=0;CPXPARAM_Simplex_Crash=1;CPXPARAM_Simplex_DGradient=0;CPXPARAM_Simplex_Limits_Perturbation=0;CPXPARAM_Simplex_Limits_Singularity=10;CPXPARAM_Simplex_PGradient=0;CPXPARAM_Simplex_Pricing=0;CPXPARAM_Simplex_Refactor=0
9483901124845449961,0,CPXPARAM_Advance=1;CPXPARAM_Barrier_Algorithm=0;CPXPARAM_Barrier_ColNonzeros=0;CPXPARAM_Barrier_Crossover=0;CPXPARAM_Barrier_Limits_Corrections=-1;CPXPARAM_Barrier_Ordering=0;CPXPARAM_Barrier_StartAlg=1;CPXPARAM_Emphasis_MIP=5;CPXPARAM_Emphasis_Memory=0;CPXPARAM_Emphasis_Numerical=0;CPXPARAM_Feasopt_Mode=0;CPXPARAM_LPMethod=0;CPXPARAM_MIP_Cuts_Cliques=1;CPXPARAM_MIP_Cuts_Covers=1;CPXPARAM_MIP_Cuts_Disjunctive=1;CPXPARAM_MIP_Cuts_FlowCovers=1;CPXPARAM_MIP_Cuts_GUBCovers=-1;CPXPARAM_MIP_Cuts_Gomory=0;CPXPARAM_MIP_Cuts_Implied=-1;CPXPARAM_MIP_Cuts_MIRCut=-1;CPXPARAM_MIP_Cuts_PathCut=0;CPXPARAM_MIP_Limits_AggForCut=3;CPXPARAM_MIP_Limits_CutPasses=0;CPXPARAM_MIP_Limits_CutsFactor=-1;CPXPARAM_MIP_Limits_GomoryCand=50;CPXPARAM_MIP_Limits_GomoryPass=0;CPXPARAM_MIP_Limits_Nodes=9223372036800000000;CPXPARAM_MIP_Limits_ProbeTime=1e+75;CPXPARAM_MIP_Limits_RepairTries=0;CPXPARAM_MIP_Limits_StrongCand=10;CPXPARAM_MIP_Limits_StrongIt=0;CPXPARAM_MIP_OrderType=0;CPXPARAM_MIP_Strategy_BBInterval=7;CPXPARAM_MIP_Strategy_Branch=0;CPXPARAM_MIP_Strategy_Dive=0;CPXPARAM_MIP_Strategy_File=1;CPXPARAM_MIP_Strategy_HeuristicFreq=0;CPXPARAM_MIP_Strategy_LBHeur=0;CPXPARAM_MIP_Strategy_NodeSelect=1;CPXPARAM_MIP_Strategy_Order=1;CPXPARAM_MIP_Strategy_PresolveNode=0;CPXPARAM_MIP_Strategy_Probe=2;CPXPARAM_MIP_Strategy_RINSHeur=0;CPXPARAM_MIP_Strategy_StartAlgorithm=0;CPXPARAM_MIP_Strategy_SubAlgorithm=0;CPXPARAM_MIP_Strategy_VariableSelect=0;CPXPARAM_Network_NetFind=2;CPXPARAM_Network_Pricing=0;CPXPARAM_Parallel=1;CPXPARAM_Preprocessing_Aggregator=-1;CPXPARAM_Preprocessing_BoundStrength=-1;CPXPARAM_Preprocessing_CoeffReduce=-1;CPXPARAM_Preprocessing_Dependency=-1;CPXPARAM_Preprocessing_Dual=0;CPXPARAM_Preprocessing_Fill=10;CPXPARAM_Preprocessing_NumPass=-1;CPXPARAM_Preprocessing_Presolve=1;CPXPARAM_Preprocessing_QPMakePSD=1;CPXPARAM_Preprocessing_Reduce=3;CPXPARAM_Preprocessing_Relax=-1;CPXPARAM_Preprocessing_RepeatPresolve=-1;CPXPARAM_Preprocessing_Symmetry=-1;CPXPARAM_Read_Scale=0;CPXPARAM_Sifting_Algorithm=0;CPXPARAM_Simplex_Crash=1;CPXPARAM_Simplex_DGradient=0;CPXPARAM_Simplex_Limits_Perturbation=0;CPXPARAM_Simplex_Limits_Singularity=10;CPXPARAM_Simplex_PGradient=0;CPXPARAM_Simplex_Pricing=0;CPXPARAM_Simplex_Refactor=0
13112336831933806383,0,CPXPARAM_Advance=1;CPXPARAM_Barrier_Algorithm=0;CPXPARAM_Barrier_ColNonzeros=0;CPXPARAM_Barrier_Crossover=0;CPXPARAM_Barrier_Limits_Corrections=-1;CPXPARAM_Barrier_Ordering=0;CPXPARAM_Barrier_StartAlg=1;CPXPARAM_Emphasis_MIP=4;CPXPARAM_Emphasis_Memory=0;CPXPARAM_Emphasis_Numerical=0;CPXPARAM_Feasopt_Mode=0;CPXPARAM_LPMethod=0;CPXPARAM_MIP_Cuts_Cliques=3;CPXPARAM_MIP_Cuts_Covers=-1;CPXPARAM_MIP_Cuts_Disjunctive=-1;CPXPARAM_MIP_Cuts_FlowCovers=0;CPXPARAM_MIP_Cuts_GUBCovers=1;CPXPARAM_MIP_Cuts_Gomory=-1;CPXPARAM_MIP_Cuts_Implied=0;CPXPARAM_MIP_Cuts_MIRCut=0;CPXPARAM_MIP_Cuts_PathCut=-1;CPXPARAM_MIP_Limits_AggForCut=2;CPXPARAM_MIP_Limits_CutPasses=0;CPXPARAM_MIP_Limits_CutsFactor=-1;CPXPARAM_MIP_Limits_GomoryCand=800;CPXPARAM_MIP_Limits_GomoryPass=0;CPXPARAM_MIP_Limits_Nodes=9223372036800000000;CPXPARAM_MIP_Limits_ProbeTime=1e+75;CPXPARAM_MIP_Limits_RepairTries=0;CPXPARAM_MIP_Limits_StrongCand=10;CPXPARAM_MIP_Limits_StrongIt=0;CPXPARAM_MIP_OrderType=1;CPXPARAM_MIP_Strategy_BBInterval=7;CPXPARAM_MIP_Strategy_Branch=-1;CPXPARAM_MIP_Strategy_Dive=0;CPXPARAM_MIP_Strategy_File=1;CPXPARAM_MIP_Strategy_HeuristicFreq=0;CPXPARAM_MIP_Strategy_LBHeur=0;CPXPARAM_MIP_Strategy_NodeSelect=2;CPXPARAM_MIP_Strategy_Order=1;CPXPARAM_MIP_Strategy_PresolveNode=0;CPXPARAM_MIP_Strategy_Probe=-1;CPXPARAM_MIP_Strategy_RINSHeur=0;CPXPARAM_MIP_Strategy_StartAlgorithm=0;CPXPARAM_MIP_Strategy_SubAlgorithm=0;CPXPARAM_MIP_Strategy_VariableSelect=1;CPXPARAM_Network_NetFind=2;CPXPARAM_Network_Pricing=0;CPXPARAM_Parallel=1;CPXPARAM_Preprocessing_Aggregator=-1;CPXPARAM_Preprocessing_BoundStrength=-1;CPXPARAM_Preprocessing_CoeffReduce=-1;CPXPARAM_Preprocessing_Dependency=-1;CPXPARAM_Preprocessing_Dual=0;CPXPARAM_Preprocessing_Fill=40;CPXPARAM_Preprocessing_NumPass=-1;CPXPARAM_Preprocessing_Presolve=1;CPXPARAM_Preprocessing_QPMakePSD=1;CPXPARAM_Preprocessing_Reduce=0;CPXPARAM_Preprocessing_Relax=-1;CPXPARAM_Preprocessing_RepeatPresolve=-1;CPXPARAM_Preprocessing_Symmetry=-1;CPXPARAM_Read_Scale=0;CPXPARAM_Sifting_Algorithm=0;CPXPARAM_Simplex_Crash=1;CPXPARAM_Simplex_DGradient=0;CPXPARAM_Simplex_Limits_Perturbation=0;CPXPARAM_Simplex_Limits_Singularity=10;CPXPARAM_Simplex_PGradient=0;CPXPARAM_Simplex_Pricing=0;CPXPARAM_Simplex_Refactor=0
3733187733725776360,0,CPXPARAM_Advance=1;CPXPARAM_Barrier_Algorithm=0;CPXPARAM_Barrier_ColNonzeros=0;CPXPARAM_Barrier_Crossover=0;CPXPARAM_Barrier_Limits_Corrections=-1;CPXPARAM_Barrier_Ordering=0;CPXPARAM_Barrier_StartAlg=1;CPXPARAM_Emphasis_MIP=0;CPXPARAM_Emphasis_Memory=0;CPXPARAM_Emphasis_Numerical=0;CPXPARAM_Feasopt_Mode=0;CPXPARAM_LPMethod=0;CPXPARAM_MIP_Cuts_Cliques=2;CPXPARAM_MIP_Cuts_Covers=2;CPXPARAM_MIP_Cuts_Disjunctive=0;CPXPARAM_MIP_Cuts_FlowCovers=-1;CPXPARAM_MIP_Cuts_GUBCovers=1;CPXPARAM_MIP_Cuts_Gomory=0;CPXPARAM_MIP_Cuts_Implied=1;CPXPARAM_MIP_Cuts_MIRCut=2;CPXPARAM_MIP_Cuts_PathCut=0;CPXPARAM_MIP_Limits_AggForCut=3;CPXPARAM_MIP_Limits_CutPasses=0;CPXPARAM_MIP_Limits_CutsFactor=-1;CPXPARAM_MIP_Limits_GomoryCand=100;CPXPARAM_MIP_Limits_GomoryPass=0;CPXPARAM_MIP_Limits_Nodes=9223372036800000000;CPXPARAM_MIP_Limits_ProbeTime=1e+75;CPXPARAM_MIP_Limits_RepairTries=0;CPXPARAM_MIP_Limits_StrongCand=10;CPXPARAM_MIP_Limits_StrongIt=0;CPXPARAM_MIP_OrderType=0;CPXPARAM_MIP_Strategy_BBInterval=7;CPXPARAM_MIP_Strategy_Branch=0;CPXPARAM_MIP_Strategy_Dive=0;CPXPARAM_MIP_Strategy_File=1;CPXPARAM_MIP_Strategy_HeuristicFreq=0;CPXPARAM_MIP_Strategy_LBHeur=0;CPXPARAM_MIP_Strategy_NodeSelect=3;CPXPARAM_MIP_Strategy_Order=1;CPXPARAM_MIP_Strategy_PresolveNode=1;CPXPARAM_MIP_Strategy_Probe=-1;CPXPARAM_MIP_Strategy_RINSHeur=0;CPXPARAM_MIP_Strategy_StartAlgorithm=0;CPXPARAM_MIP_Strategy_SubAlgorithm=0;CPXPARAM_MIP_Strategy_VariableSelect=1;CPXPARAM_Network_NetFind=2;CPXPARAM_Network_Pricing=0;CPXPARAM_Parallel=1;CPXPARAM_Preprocessing_Aggregator=-1;CPXPARAM_Preprocessing_BoundStrength=-1;CPXPARAM_Preprocessing_CoeffReduce=-1;CPXPARAM_Preprocessing_Dependency=-1;CPXPARAM_Preprocessing_Dual=0;CPXPARAM_Preprocessing_Fill=10;CPXPARAM_Preprocessing_NumPass=-1;CPXPARAM_Preprocessing_Presolve=1;CPXPARAM_Preprocessing_QPMakePSD=1;CPXPARAM_Preprocessing_Reduce=3;CPXPARAM_Preprocessing_Relax=-1;CPXPARAM_Preprocessing_RepeatPresolve=-1;CPXPARAM_Preprocessing_Symmetry=-1;CPXPARAM_Read_Scale=0;CPXPARAM_Sifting_Algorithm=0;CPXPARAM_Simplex_Crash=1;CPXPARAM_Simplex_DGradient=0;CPXPARAM_Simplex_Limits_Perturbation=0;CPXPARAM_Simplex_Limits_Singularity=10;CPXPARAM_Simplex_PGradient=0;CPXPARAM_Simplex_Pricing=0;CPXPARAM_Simplex_Refactor=0
9516417850936220836,0,CPXPARAM_Advance=1;CPXPARAM_Barrier_Algorithm=0;CPXPARAM_Barrier_ColNonzeros=0;CPXPARAM_Barrier_Crossover=0;CPXPARAM_Barrier_Limits_Corrections=-1;CPXPARAM_Barrier_Ordering=0;CPXPARAM_Barrier_StartAlg=1;CPXPARAM_Emphasis_MIP=5;CPXPARAM_Emphasis_Memory=0;CPXPARAM_Emphasis_Numerical=0;CPXPARAM_Feasopt_Mode=0;CPXPARAM_LPMethod=0;CPXPARAM_MIP_Cuts_Cliques=1;CPXPARAM_MIP_Cuts_Covers=0;CPXPARAM_MIP_Cuts_Disjunctive=1;CPXPARAM_MIP_Cuts_FlowCovers=1;CPXPARAM_MIP_Cuts_GUBCovers=-1;CPXPARAM_MIP_Cuts_Gomory=0;CPXPARAM_MIP_Cuts_Implied=-1;CPXPARAM_MIP_Cuts_MIRCut=-1;CPXPARAM_MIP_Cuts_PathCut=0;CPXPARAM_MIP_Limits_AggForCut=3;CPXPARAM_MIP_Limits_CutPasses=0;CPXPARAM_MIP_Limits_CutsFactor=-1;CPXPARAM_MIP_Limits_GomoryCand=50;CPXPARAM_MIP_Limits_GomoryPass=0;CPXPARAM_MIP_Limits_Nodes=9223372036800000000;CPXPARAM_MIP_Limits_ProbeTime=1e+75;CPXPARAM_MIP_Limits_RepairTries=0;CPXPARAM_MIP_Limits_StrongCand=10;CPXPARAM_MIP_Limits_StrongIt=0;CPXPARAM_MIP_OrderType=0;CPXPARAM_MIP_Strategy_BBInterval=7;CPXPARAM_MIP_Strategy_Branch=0;CPXPARAM_MIP_Strategy_Dive=0;CPXPARAM_MIP_Strategy_File=1;CPXPARAM_MIP_Strategy_HeuristicFreq=0;CPXPARAM_MIP_Strategy_LBHeur=0;CPXPARAM_MIP_Strategy_NodeSelect=1;CPXPARAM_MIP_Strategy_Order=1;CPXPARAM_MIP_Strategy_PresolveNode=0;CPXPARAM_MIP_Strategy_Probe=2;CPXPARAM_MIP_Strategy_RINSHeur=0;CPXPARAM_MIP_Strategy_StartAlgorithm=0;CPXPARAM_MIP_Strategy_SubAlgorithm=0;CPXPARAM_MIP_Strategy_VariableSelect=0;CPXPARAM_Network_NetFind=2;CPXPARAM_Network_Pricing=0;CPXPARAM_Parallel=1;CPXPARAM_Preprocessing_Aggregator=-1;CPXPARAM_Preprocessing_BoundStrength=-1;CPXPARAM_Preprocessing_CoeffReduce=-1;CPXPARAM_Preprocessing_Dependency=-1;CPXPARAM_Preprocessing_Dual=0;CPXPARAM_Preprocessing_Fill=10;CPXPARAM_Preprocessing_NumPass=-1;CPXPARAM_Preprocessing_Presolve=1;CPXPARAM_Preprocessing_QPMakePSD=1;CPXPARAM_Preprocessing_Reduce=3;CPXPARAM_Preprocessing_Relax=-1;CPXPARAM_Preprocessing_RepeatPresolve=-1;CPXPARAM_Preprocessing_Symmetry=-1;CPXPARAM_Read_Scale=0;CPXPARAM_Sifting_Algorithm=0;CPXPARAM_Simplex_Crash=1;CPXPARAM_Simplex_DGradient=0;CPXPARAM_Simplex_Limits_Perturbation=0;CPXPARAM_Simplex_Limits_Singularity=10;CPXPARAM_Simplex_PGradient=0;CPXPARAM_Simplex_Pricing=0;CPXPARAM_Simplex_Refactor=0
15876473555417497486,0,CPXPARAM_Advance=1;CPXPARAM_Barrier_Algorithm=0;CPXPARAM_Barrier_ColNonzeros=0;CPXPARAM_Barrier_Crossover=0;CPXPARAM_Barrier_Limits_Corrections=-1;CPXPARAM_Barrier_Ordering=0;CPXPARAM_Barrier_StartAlg=1;CPXPARAM_Emphasis_MIP=0;CPXPARAM_Emphasis_Memory=0;CPXPARAM_Emphasis_Numerical=0;CPXPARAM_Feasopt_Mode=0;CPXPARAM_LPMethod=0;CPXPARAM_MIP_Cuts_Cliques=3;CPXPARAM_MIP_Cuts_Covers=2;CPXPARAM_MIP_Cuts_Disjunctive=-1;CPXPARAM_MIP_Cuts_FlowCovers=0;CPXPARAM_MIP_Cuts_GUBCovers=1;CPXPARAM_MIP_Cuts_Gomory=0;CPXPARAM_MIP_Cuts_Implied=0;CPXPARAM_MIP_Cuts_MIRCut=0;CPXPARAM_MIP_Cuts_PathCut=-1;CPXPARAM_MIP_Limits_AggForCut=2;CPXPARAM_MIP_Limits_CutPasses=0;CPXPARAM_MIP_Limits_CutsFactor=-1;CPXPARAM_MIP_Limits_GomoryCand=800;CPXPARAM_MIP_Limits_GomoryPass=0;CPXPARAM_MIP_Limits_Nodes=9223372036800000000;CPXPARAM_MIP_Limits_ProbeTime=1e+75;CPXPARAM_MIP_Limits_RepairTries=0;CPXPARAM_MIP_Limits_StrongCand=10;CPXPARAM_MIP_Limits_StrongIt=0;CPXPARAM_MIP_OrderType=2;CPXPARAM_MIP_Strategy_BBInterval=7;CPXPARAM_MIP_Strategy_Branch=-1;CPXPARAM_MIP_Strategy_Dive=0;CPXPARAM_MIP_Strategy_File=1;CPXPARAM_MIP_Strategy_HeuristicFreq=0;CPXPARAM_MIP_Strategy_LBHeur=0;CPXPARAM_MIP_Strategy_NodeSelect=2;CPXPARAM_MIP_Strategy_Order=1;CPXPARAM_MIP_Strategy_PresolveNode=0;CPXPARAM_MIP_Strategy_Probe=-1;CPXPARAM_MIP_Strategy_RINSHeur=0;CPXPARAM_MIP_Strategy_StartAlgorithm=0;CPXPARAM_MIP_Strategy_SubAlgorithm=0;CPXPARAM_MIP_Strategy_VariableSelect=1;CPXPARAM_Network_NetFind=2;CPXPARAM_Network_Pricing=0;CPXPARAM_Parallel=1;CPXPARAM_Preprocessing_Aggregator=-1;CPXPARAM_Preprocessing_BoundStrength=-1;CPXPARAM_Preprocessing_CoeffReduce=-1;CPXPARAM_Preprocessing_Dependency=-1;CPXPARAM_Preprocessing_Dual=0;CPXPARAM_Preprocessing_Fill=40;CPXPARAM_Preprocessing_NumPass=-1;CPXPARAM_Preprocessing_Presolve=1;CPXPARAM_Preprocessing_QPMakePSD=1;CPXPARAM_Preprocessing_Reduce=0;CPXPARAM_Preprocessing_Relax=-1;CPXPARAM_Preprocessing_RepeatPresolve=-1;CPXPARAM_Preprocessing_Symmetry=-1;CPXPARAM_Read_Scale=0;CPXPARAM_Sifting_Algorithm=0;CPXPARAM_Simplex_Crash=1;CPXPARAM_Simplex_DGradient=0;CPXPARAM_Simplex_Limits_Perturbation=0;CPXPARAM_Simplex_Limits_Singularity=10;CPXPARAM_Simplex_PGradient=0;CPXPARAM_Simplex_Pricing=0;CPXPARAM_Simplex_Refactor=0
18132266412871450979,0,CPXPARAM_Advance=1;CPXPARAM_Barrier_Algorithm=0;CPXPARAM_Barrier_ColNonzeros=0;CPXPARAM_Barrier_Crossover=0;CPXPARAM_Barrier_Limits_Corrections=-1;CPXPARAM_Barrier_Ordering=0;CPXPARAM_Barrier_StartAlg=1;CPXPARAM_Emphasis_MIP=5;CPXPARAM_Emphasis_Memory=0;CPXPARAM_Emphasis_Numerical=0;CPXPARAM_Feasopt_Mode=0;CPXPARAM_LPMethod=0;CPXPARAM_MIP_Cuts_Cliques=1;CPXPARAM_MIP_Cuts_Covers=3;CPXPARAM_MIP_Cuts_Disjunctive=1;CPXPARAM_MIP_Cuts_FlowCovers=0;CPXPARAM_MIP_Cuts_GUBCovers=0;CPXPARAM_MIP_Cuts_Gomory=2;CPXPARAM_MIP_Cuts_Implied=0;CPXPARAM_MIP_Cuts_MIRCut=1;CPXPARAM_MIP_Cuts_PathCut=2;CPXPARAM_MIP_Limits_AggForCut=3;CPXPARAM_MIP_Limits_CutPasses=0;CPXPARAM_MIP_Limits_CutsFactor=-1;CPXPARAM_MIP_Limits_GomoryCand=200;CPXPARAM_MIP_Limits_GomoryPass=0;CPXPARAM_MIP_Limits_Nodes=9223372036800000000;CPXPARAM_MIP_Limits_ProbeTime=1e+75;CPXPARAM_MIP_Limits_RepairTries=0;CPXPARAM_MIP_Limits_StrongCand=10;CPXPARAM_MIP_Limits_StrongIt=0;CPXPARAM_MIP_OrderType=0;CPXPARAM_MIP_Strategy_BBInterval=7;CPXPARAM_MIP_Strategy_Branch=0;CPXPARAM_MIP_Strategy_Dive=0;CPXPARAM_MIP_Strategy_File=1;CPXPARAM_MIP_Strategy_HeuristicFreq=0;CPXPARAM_MIP_Strategy_LBHeur=0;CPXPARAM_MIP_Strategy_NodeSelect=1;CPXPARAM_MIP_Strategy_Order=1;CPXPARAM_MIP_Strategy_PresolveNode=0;CPXPARAM_MIP_Strategy_Probe=1;CPXPARAM_MIP_Strategy_RINSHeur=0;CPXPARAM_MIP_Strategy_StartAlgorithm=0;CPXPARAM_MIP_Strategy_SubAlgorithm=0;CPXPARAM_MIP_Strategy_VariableSelect=0;CPXPARAM_Network_NetFind=2;CPXPARAM_Network_Pricing=0;CPXPARAM_Parallel=1;CPXPARAM_Preprocessing_Aggregator=-1;CPXPARAM_Preprocessing_BoundStrength=-1;CPXPARAM_Preprocessing_CoeffReduce=-1;CPXPARAM_Preprocessing_Dependency=-1;CPXPARAM_Preprocessing_Dual=0;CPXPARAM_Preprocessing_Fill=10;CPXPARAM_Preprocessing_NumPass=-1;CPXPARAM_Preprocessing_Presolve=1;CPXPARAM_Preprocessing_QPMakePSD=1;CPXPARAM_Preprocessing_Reduce=3;CPXPARAM_Preprocessing_Relax=-1;CPXPARAM_Preprocessing_RepeatPresolve=-1;CPXPARAM_Preprocessing_Symmetry=-1;CPXPARAM_Read_Scale=0;CPXPARAM_Sifting_Algorithm=0;CPXPARAM_Simplex_Crash=1;CPXPARAM_Simplex_DGradient=0;CPXPARAM_Simplex_Limits_Perturbation=0;CPXPARAM_Simplex_Limits_Singularity=10;CPXPARAM_Simplex_PGradient=0;CPXPARAM_Simplex_Pricing=0;CPXPARAM_Simplex_Refactor=0
14287508441958257479,0,CPXPARAM_Advance=1;CPXPARAM_Barrier_Algorithm=0;CPXPARAM_Barrier_ColNonzeros=0;CPXPARAM_Barrier_Crossover=0;CPXPARAM_Barrier_Limits_Corrections=-1;CPXPARAM_Barrier_Ordering=0;CPXPARAM_Barrier_StartAlg=1;CPXPARAM_Emphasis_MIP=0;CPXPARAM_Emphasis_Memory=0;CPXPARAM_Emphasis_Numerical=0;CPXPARAM_Feasopt_Mode=0;CPXPARAM_LPMethod=0;CPXPARAM_MIP_Cuts_Cliques=1;CPXPARAM_MIP_Cuts_Covers=3;CPXPARAM_MIP_Cuts_Disjunctive=-1;CPXPARAM_MIP_Cuts_FlowCovers=0;CPXPARAM_MIP_Cuts_GUBCovers=0;CPXPARAM_MIP_Cuts_Gomory=2;CPXPARAM_MIP_Cuts_Implied=0;CPXPARAM_MIP_Cuts_MIRCut=1;CPXPARAM_MIP_Cuts_PathCut=2;CPXPARAM_MIP_Limits_AggForCut=3;CPXPARAM_MIP_Limits_CutPasses=0;CPXPARAM_MIP_Limits_CutsFactor=-1;CPXPARAM_MIP_Limits_GomoryCand=200;CPXPARAM_MIP_Limits_GomoryPass=0;CPXPARAM_MIP_Limits_Nodes=9223372036800000000;CPXPARAM_MIP_Limits_ProbeTime=1e+75;CPXPARAM_MIP_Limits_RepairTries=0;CPXPARAM_MIP_Limits_StrongCand=10;CPXPARAM_MIP_Limits_StrongIt=0;CPXPARAM_MIP_OrderType=0;CPXPARAM_MIP_Strategy_BBInterval=7;CPXPARAM_MIP_Strategy_Branch=0;CPXPARAM_MIP_Strategy_Dive=0;CPXPARAM_MIP_Strategy_File=1;CPXPARAM_MIP_Strategy_HeuristicFreq=0;CPXPARAM_MIP_Strategy_LBHeur=0;CPXPARAM_MIP_Strategy_NodeSelect=1;CPXPARAM_MIP_Strategy_Order=1;CPXPARAM_MIP_Strategy_PresolveNode=0;CPXPARAM_MIP_Strategy_Probe=1;CPXPARAM_MIP_Strategy_RINSHeur=0;CPXPARAM_MIP_Strategy_StartAlgorithm=0;CPXPARAM_MIP_Strategy_SubAlgorithm=0;CPXPARAM_MIP_Strategy_VariableSelect=0;CPXPARAM_Network_NetFind=2;CPXPARAM_Network_Pricing=0;CPXPARAM_Parallel=1;CPXPARAM_Preprocessing_Aggregator=-1;CPXPARAM_Preprocessing_BoundStrength=-1;CPXPARAM_Preprocessing_CoeffReduce=-1;CPXPARAM_Preprocessing_Dependency=-1;CPXPARAM_Preprocessing_Dual=0;CPXPARAM_Preprocessing_Fill=10;CPXPARAM_Preprocessing_NumPass=-1;CPXPARAM_Preprocessing_Presolve=1;CPXPARAM_Preprocessing_QPMakePSD=1;CPXPARAM_Preprocessing_Reduce=3;CPXPARAM_Preprocessing_Relax=-1;CPXPARAM_Preprocessing_RepeatPresolve=-1;CPXPARAM_Preprocessing_Symmetry=-1;CPXPARAM_Read_Scale=0;CPXPARAM_Sifting_Algorithm=0;CPXPARAM_Simplex_Crash=1;CPXPARAM_Simplex_DGradient=0;CPXPARAM_Simplex_Limits_Perturbation=0;CPXPARAM_Simplex_Limits_Singularity=10;CPXPARAM_Simplex_PGradient=0;CPXPARAM_Simplex_Pricing=0;CPXPARAM_Simplex_Refactor=0
13352815669119119961,0,CPXPARAM_Advance=1;CPXPARAM_Barrier_Algorithm=0;CPXPARAM_Barrier_ColNonzeros=0;CPXPARAM_Barrier_Crossover=0;CPXPARAM_Barrier_Limits_Corrections=-1;CPXPARAM_Barrier_Ordering=0;CPXPARAM_Barrier_StartAlg=1;CPXPARAM_Emphasis_MIP=0;CPXPARAM_Emphasis_Memory=0;CPXPARAM_Emphasis_Numerical=0;CPXPARAM_Feasopt_Mode=0;CPXPARAM_LPMethod=0;CPXPARAM_MIP_Cuts_Cliques=0;CPXPARAM_MIP_Cuts_Covers=2;CPXPARAM_MIP_Cuts_Disjunctive=1;CPXPARAM_MIP_Cuts_FlowCovers=-1;CPXPARAM_MIP_Cuts_GUBCovers=1;CPXPARAM_MIP_Cuts_Gomory=2;CPXPARAM_MIP_Cuts_Implied=-1;CPXPARAM_MIP_Cuts_MIRCut=-1;CPXPARAM_MIP_Cuts_PathCut=1;CPXPARAM_MIP_Limits_AggForCut=3;CPXPARAM_MIP_Limits_CutPasses=0;CPXPARAM_MIP_Limits_CutsFactor=-1;CPXPARAM_MIP_Limits_GomoryCand=400;CPXPARAM_MIP_Limits_GomoryPass=0;CPXPARAM_MIP_Limits_Nodes=9223372036800000000;CPXPARAM_MIP_Limits_ProbeTime=1e+75;CPXPARAM_MIP_Limits_RepairTries=0;CPXPARAM_MIP_Limits_StrongCand=10;CPXPARAM_MIP_Limits_StrongIt=0;CPXPARAM_MIP_OrderType=0;CPXPARAM_MIP_Strategy_BBInterval=7;CPXPARAM_MIP_Strategy_Branch=0;CPXPARAM_MIP_Strategy_Dive=0;CPXPARAM_MIP_Strategy_File=1;CPXPARAM_MIP_Strategy_HeuristicFreq=0;CPXPARAM_MIP_Strategy_LBHeur=0;CPXPARAM_MIP_Strategy_NodeSelect=1;CPXPARAM_MIP_Strategy_Order=1;CPXPARAM_MIP_Strategy_PresolveNode=0;CPXPARAM_MIP_Strategy_Probe=2;CPXPARAM_MIP_Strategy_RINSHeur=0;CPXPARAM_MIP_Strategy_StartAlgorithm=0;CPXPARAM_MIP_Strategy_SubAlgorithm=0;CPXPARAM_MIP_Strategy_VariableSelect=0;CPXPARAM_Network_NetFind=2;CPXPARAM_Network_Pricing=0;CPXPARAM_Parallel=1;CPXPARAM_Preprocessing_Aggregator=-1;CPXPARAM_Preprocessing_BoundStrength=-1;CPXPARAM_Preprocessing_CoeffReduce=-1;CPXPARAM_Preprocessing_Dependency=-1;CPXPARAM_Preprocessing_Dual=0;CPXPARAM_Preprocessing_Fill=10;CPXPARAM_Preprocessing_NumPass=-1;CPXPARAM_Preprocessing_Presolve=1;CPXPARAM_Preprocessing_QPMakePSD=1;CPXPARAM_Preprocessing_Reduce=3;CPXPARAM_Preprocessing_Relax=-1;CPXPARAM_Preprocessing_RepeatPresolve=-1;CPXPARAM_Preprocessing_Symmetry=-1;CPXPARAM_Read_Scale=0;CPXPARAM_Sifting_Algorithm=0;CPXPARAM_Simplex_Crash=1;CPXPARAM_Simplex_DGradient=0;CPXPARAM_Simplex_Limits_Perturbation=0;CPXPARAM_Simplex_Limits_Singularity=10;CPXPARAM_Simplex_PGradient=0;CPXPARAM_Simplex_Pricing=0;CPXPARAM_Simplex_Refactor=0
2698160408145386527,0,CPXPARAM_Advance=1;CPXPARAM_Barrier_Algorithm=0;CPXPARAM_Barrier_ColNonzeros=0;CPXPARAM_Barrier_Crossover=0;CPXPARAM_Barrier_Limits_Corrections=-1;CPXPARAM_Barrier_Ordering=0;CPXPARAM_Barrier_StartAlg=1;CPXPARAM_Emphasis_MIP=5;CPXPARAM_Emphasis_Memory=0;CPXPARAM_Emphasis_Numerical=0;CPXPARAM_Feasopt_Mode=0;CPXPARAM_LPMethod=0;CPXPARAM_MIP_Cuts_Cliques=2;CPXPARAM_MIP_Cuts_Covers=-1;CPXPARAM_MIP_Cuts_Disjunctive=0;CPXPARAM_MIP_Cuts_FlowCovers=2;CPXPARAM_MIP_Cuts_GUBCovers=-1;CPXPARAM_MIP_Cuts_Gomory=-1;CPXPARAM_MIP_Cuts_Implied=-1;CPXPARAM_MIP_Cuts_MIRCut=2;CPXPARAM_MIP_Cuts_PathCut=2;CPXPARAM_MIP_Limits_AggForCut=3;CPXPARAM_MIP_Limits_CutPasses=0;CPXPARAM_MIP_Limits_CutsFactor=-1;CPXPARAM_MIP_Limits_GomoryCand=50;CPXPARAM_MIP_Limits_GomoryPass=0;CPXPARAM_MIP_Limits_Nodes=9223372036800000000;CPXPARAM_MIP_Limits_ProbeTime=1e+75;CPXPARAM_MIP_Limits_RepairTries=0;CPXPARAM_MIP_Limits_StrongCand=10;CPXPARAM_MIP_Limits_StrongIt=0;CPXPARAM_MIP_OrderType=0;CPXPARAM_MIP_Strategy_BBInterval=7;CPXPARAM_MIP_Strategy_Branch=0;CPXPARAM_MIP_Strategy_Dive=0;CPXPARAM_MIP_Strategy_File=1;CPXPARAM_MIP_Strategy_HeuristicFreq=0;CPXPARAM_MIP_Strategy_LBHeur=0;CPXPARAM_MIP_Strategy_NodeSelect=1;CPXPARAM_MIP_Strategy_Order=1;CPXPARAM_MIP_Strategy_PresolveNode=0;CPXPARAM_MIP_Strategy_Probe=0;CPXPARAM_MIP_Strategy_RINSHeur=0;CPXPARAM_MIP_Strategy_StartAlgorithm=0;CPXPARAM_MIP_Strategy_SubAlgorithm=0;CPXPARAM_MIP_Strategy_VariableSelect=1;CPXPARAM_Network_NetFind=2;CPXPARAM_Network_Pricing=0;CPXPARAM_Parallel=1;CPXPARAM_Preprocessing_Aggregator=-1;CPXPARAM_Preprocessing_BoundStrength=-1;CPXPARAM_Preprocessing_CoeffReduce=-1;CPXPARAM_Preprocessing_Dependency=-1;CPXPARAM_Preprocessing_Dual=0;CPXPARAM_Preprocessing_Fill=10;CPXPARAM_Preprocessing_NumPass=-1;CPXPARAM_Preprocessing_Presolve=1;CPXPARAM_Preprocessing_QPMakePSD=1;CPXPARAM_Preprocessing_Reduce=3;CPXPARAM_Preprocessing_Relax=-1;CPXPARAM_Preprocessing_RepeatPresolve=-1;CPXPARAM_Preprocessing_Symmetry=-1;CPXPARAM_Read_Scale=0;CPXPARAM_Sifting_Algorithm=0;CPXPARAM_Simplex_Crash=1;CPXPARAM_Simplex_DGradient=0;CPXPARAM_Simplex_Limits_Perturbation=0;CPXPARAM_Simplex_Limits_Singularity=10;CPXPARAM_Simplex_PGradient=0;CPXPARAM_Simplex_Pricing=0;CPXPARAM_Simplex_Refactor=0
8752768307818759964,0,CPXPARAM_Advance=1;CPXPARAM_Barrier_Algorithm=0;CPXPARAM_Barrier_ColNonzeros=0;CPXPARAM_Barrier_Crossover=0;CPXPARAM_Barrier_Limits_Corrections=-1;CPXPARAM_Barrier_Ordering=0;CPXPARAM_Barrier_StartAlg=1;CPXPARAM_Emphasis_MIP=5;CPXPARAM_Emphasis_Memory=0;CPXPARAM_Emphasis_Numerical=0;CPXPARAM_Feasopt_Mode=0;CPXPARAM_LPMethod=0;CPXPARAM_MIP_Cuts_Cliques=0;CPXPARAM_MIP_Cuts_Covers=0;CPXPARAM_MIP_Cuts_Disjunctive=-1;CPXPARAM_MIP_Cuts_FlowCovers=1;CPXPARAM_MIP_Cuts_GUBCovers=2;CPXPARAM_MIP_Cuts_Gomory=2;CPXPARAM_MIP_Cuts_Implied=-1;CPXPARAM_MIP_Cuts_MIRCut=1;CPXPARAM_MIP_Cuts_PathCut=-1;CPXPARAM_MIP_Limits_AggForCut=3;CPXPARAM_MIP_Limits_CutPasses=0;CPXPARAM_MIP_Limits_CutsFactor=-1;CPXPARAM_MIP_Limits_GomoryCand=150;CPXPARAM_MIP_Limits_GomoryPass=0;CPXPARAM_MIP_Limits_Nodes=9223372036800000000;CPXPARAM_MIP_Limits_ProbeTime=1e+75;CPXPARAM_MIP_Limits_RepairTries=0;CPXPARAM_MIP_Limits_StrongCand=10;CPXPARAM_MIP_Limits_StrongIt=0;CPXPARAM_MIP_OrderType=0;CPXPARAM_MIP_Strategy_BBInterval=7;CPXPARAM_MIP_Strategy_Branch=0;CPXPARAM_MIP_Strategy_Dive=0;CPXPARAM_MIP_Strategy_File=1;CPXPARAM_MIP_Strategy_HeuristicFreq=0;CPXPARAM_MIP_Strategy_LBHeur=0;CPXPARAM_MIP_Strategy_NodeSelect=1;CPXPARAM_MIP_Strategy_Order=1;CPXPARAM_MIP_Strategy_PresolveNode=0;CPXPARAM_MIP_Strategy_Probe=0;CPXPARAM_MIP_Strategy_RINSHeur=0;CPXPARAM_MIP_Strategy_StartAlgorithm=0;CPXPARAM_MIP_Strategy_SubAlgorithm=0;CPXPARAM_MIP_Strategy_VariableSelect=0;CPXPARAM_Network_NetFind=2;CPXPARAM_Network_Pricing=0;CPXPARAM_Parallel=1;CPXPARAM_Preprocessing_Aggregator=-1;CPXPARAM_Preprocessing_BoundStrength=-1;CPXPARAM_Preprocessing_CoeffReduce=-1;CPXPARAM_Preprocessing_Dependency=-1;CPXPARAM_Preprocessing_Dual=0;CPXPARAM_Preprocessing_Fill=10;CPXPARAM_Preprocessing_NumPass=-1;CPXPARAM_Preprocessing_Presolve=1;CPXPARAM_Preprocessing_QPMakePSD=1;CPXPARAM_Preprocessing_Reduce=3;CPXPARAM_Preprocessing_Relax=-1;CPXPARAM_Preprocessing_RepeatPresolve=-1;CPXPARAM_Preprocessing_Symmetry=-1;CPXPARAM_Read_Scale=0;CPXPARAM_Sifting_Algorithm=0;CPXPARAM_Simplex_Crash=1;CPXPARAM_Simplex_DGradient=0;CPXPARAM_Simplex_Limits_Perturbation=0;CPXPARAM_Simplex_Limits_Singularity=10;CPXPARAM_Simplex_PGradient=0;CPXPARAM_Simplex_Pricing=0;CPXPARAM_Simplex_Refactor=0
9775944821814878482,0,CPXPARAM_Advance=1;CPXPARAM_Barrier_Algorithm=0;CPXPARAM_Barrier_ColNonzeros=0;CPXPARAM_Barrier_Crossover=0;CPXPARAM_Barrier_Limits_Corrections=-1;CPXPARAM_Barrier_Ordering=0;CPXPARAM_Barrier_StartAlg=1;CPXPARAM_Emphasis_MIP=0;CPXPARAM_Emphasis_Memory=0;CPXPARAM_Emphasis_Numerical=0;CPXPARAM_Feasopt_Mode=0;CPXPARAM_LPMethod=0;CPXPARAM_MIP_Cuts_Cliques=1;CPXPARAM_MIP_Cuts_Covers=3;CPXPARAM_MIP_Cuts_Disjunctive=1;CPXPARAM_MIP_Cuts_FlowCovers=0;CPXPARAM_MIP_Cuts_GUBCovers=0;CPXPARAM_MIP_Cuts_Gomory=2;CPXPARAM_MIP_Cuts_Implied=0;CPXPARAM_MIP_Cuts_MIRCut=1;CPXPARAM_MIP_Cuts_PathCut=2;CPXPARAM_MIP_Limits_AggForCut=3;CPXPARAM_MIP_Limits_CutPasses=0;CPXPARAM_MIP_Limits_CutsFactor=-1;CPXPARAM_MIP_Limits_GomoryCand=200;CPXPARAM_MIP_Limits_GomoryPass=0;CPXPARAM_MIP_Limits_Nodes=9223372036800000000;CPXPARAM_MIP_Limits_ProbeTime=1e+75;CPXPARAM_MIP_Limits_RepairTries=0;CPXPARAM_MIP_Limits_StrongCand=10;CPXPARAM_MIP_Limits_StrongIt=0;CPXPARAM_MIP_OrderType=0;CPXPARAM_MIP_Strategy_BBInterval=7;CPXPARAM_MIP_Strategy_Branch=0;CPXPARAM_MIP_Strategy_Dive=0;CPXPARAM_MIP_Strategy_File=1;CPXPARAM_MIP_Strategy_HeuristicFreq=0;CPXPARAM_MIP_Strategy_LBHeur=0;CPXPARAM_MIP_Strategy_NodeSelect=1;CPXPARAM_MIP_Strategy_Order=1;CPXPARAM_MIP_Strategy_PresolveNode=0;CPXPARAM_MIP_Strategy_Probe=1;CPXPARAM_MIP_Strategy_RINSHeur=0;CPXPARAM_MIP_Strategy_StartAlgorithm=0;CPXPARAM_MIP_Strategy_SubAlgorithm=0;CPXPARAM_MIP_Strategy_VariableSelect=0;CPXPARAM_Network_NetFind=2;CPXPARAM_Network_Pricing=0;CPXPARAM_Parallel=1;CPXPARAM_Preprocessing_Aggregator=-1;CPXPARAM_Preprocessing_BoundStrength=-1;CPXPARAM_Preprocessing_CoeffReduce=-1;CPXPARAM_Preprocessing_Dependency=-1;CPXPARAM_Preprocessing_Dual=0;CPXPARAM_Preprocessing_Fill=10;CPXPARAM_Preprocessing_NumPass=-1;CPXPARAM_Preprocessing_Presolve=1;CPXPARAM_Preprocessing_QPMakePSD=1;CPXPARAM_Preprocessing_Reduce=3;CPXPARAM_Preprocessing_Relax=-1;CPXPARAM_Preprocessing_RepeatPresolve=-1;CPXPARAM_Preprocessing_Symmetry=-1;CPXPARAM_Read_Scale=0;CPXPARAM_Sifting_Algorithm=0;CPXPARAM_Simplex_Crash=1;CPXPARAM_Simplex_DGradient=0;CPXPARAM_Simplex_Limits_Perturbation=0;CPXPARAM_Simplex_Limits_Singularity=10;CPXPARAM_Simplex_PGradient=0;CPXPARAM_Simplex_Pricing=0;CPXPARAM_Simplex_Refactor=0
13095211287248146128,0,CPXPARAM_Advance=1;CPXPARAM_Barrier_Algorithm=0;CPXPARAM_Barrier_ColNonzeros=0;CPXPARAM_Barrier_Crossover=0;CPXPARAM_Barrier_Limits_Corrections=-1;CPXPARAM_Barrier_Ordering=0;CPXPARAM_Barrier_StartAlg=1;CPXPARAM_Emphasis_MIP=3;CPXPARAM_Emphasis_Memory=0;CPXPARAM_Emphasis_Numerical=0;CPXPARAM_Feasopt_Mode=0;CPXPARAM_LPMethod=0;CPXPARAM_MIP_Cuts_Cliques=2;CPXPARAM_MIP_Cuts_Covers=2;CPXPARAM_MIP_Cuts_Disjunctive=1;CPXPARAM_MIP_Cuts_FlowCovers=-1;CPXPARAM_MIP_Cuts_GUBCovers=0;CPXPARAM_MIP_Cuts_Gomory=-1;CPXPARAM_MIP_Cuts_Implied=-1;CPXPARAM_MIP_Cuts_MIRCut=-1;CPXPARAM_MIP_Cuts_PathCut=0;CPXPARAM_MIP_Limits_AggForCut=3;CPXPARAM_MIP_Limits_CutPasses=0;CPXPARAM_MIP_Limits_CutsFactor=-1;CPXPARAM_MIP_Limits_GomoryCand=10;CPXPARAM_MIP_Limits_GomoryPass=0;CPXPARAM_MIP_Limits_Nodes=9223372036800000000;CPXPARAM_MIP_Limits_ProbeTime=1e+75;CPXPARAM_MIP_Limits_RepairTries=0;CPXPARAM_MIP_Limits_StrongCand=10;CPXPARAM_MIP_Limits_StrongIt=0;CPXPARAM_MIP_OrderType=0;CPXPARAM_MIP_Strategy_BBInterval=7;CPXPARAM_MIP_Strategy_Branch=1;CPXPARAM_MIP_Strategy_Dive=0;CPXPARAM_MIP_Strategy_File=1;CPXPARAM_MIP_Strategy_HeuristicFreq=0;CPXPARAM_MIP_Strategy_LBHeur=0;CPXPARAM_MIP_Strategy_NodeSelect=1;CPXPARAM_MIP_Strategy_Order=1;CPXPARAM_MIP_Strategy_PresolveNode=0;CPXPARAM_MIP_Strategy_Probe=-1;CPXPARAM_MIP_Strategy_RINSHeur=0;CPXPARAM_MIP_Strategy_StartAlgorithm=0;CPXPARAM_MIP_Strategy_SubAlgorithm=0;CPXPARAM_MIP_Strategy_VariableSelect=0;CPXPARAM_Network_NetFind=2;CPXPARAM_Network_Pricing=0;CPXPARAM_Parallel=1;CPXPARAM_Preprocessing_Aggregator=-1;CPXPARAM_Preprocessing_BoundStrength=-1;CPXPARAM_Preprocessing_CoeffReduce=-1;CPXPARAM_Preprocessing_Dependency=-1;CPXPARAM_Preprocessing_Dual=0;CPXPARAM_Preprocessing_Fill=10;CPXPARAM_Preprocessing_NumPass=-1;CPXPARAM_Preprocessing_Presolve=1;CPXPARAM_Preprocessing_QPMakePSD=1;CPXPARAM_Preprocessing_Reduce=3;CPXPARAM_Preprocessing_Relax=-1;CPXPARAM_Preprocessing_RepeatPresolve=-1;CPXPARAM_Preprocessing_Symmetry=-1;CPXPARAM_Read_Scale=0;CPXPARAM_Sifting_Algorithm=0;CPXPARAM_Simplex_Crash=1;CPXPARAM_Simplex_DGradient=0;CPXPARAM_Simplex_Limits_Perturbation=0;CPXPARAM_Simplex_Limits_Singularity=10;CPXPARAM_Simplex_PGradient=0;CPXPARAM_Simplex_Pricing=0;CPXPARAM_Simplex_Refactor=0
8907152529030210230,0,CPXPARAM_Advance=1;CPXPARAM_Barrier_Algorithm=0;CPXPARAM_Barrier_ColNonzeros=0;CPXPARAM_Barrier_Crossover=0;CPXPARAM_Barrier_Limits_Corrections=-1;CPXPARAM_Barrier_Ordering=0;CPXPARAM_Barrier_StartAlg=1;CPXPARAM_Emphasis_MIP=4;CPXPARAM_Emphasis_Memory=0;CPXPARAM_Emphasis_Numerical=0;CPXPARAM_Feasopt_Mode=0;CPXPARAM_LPMethod=0;CPXPARAM_MIP_Cuts_Cliques=-1;CPXPARAM_MIP_Cuts_Covers=-1;CPXPARAM_MIP_Cuts_Disjunctive=-1;CPXPARAM_MIP_Cuts_FlowCovers=2;CPXPARAM_MIP_Cuts_GUBCovers=0;CPXPARAM_MIP_Cuts_Gomory=1;CPXPARAM_MIP_Cuts_Implied=1;CPXPARAM_MIP_Cuts_MIRCut=2;CPXPARAM_MIP_Cuts_PathCut=-1;CPXPARAM_MIP_Limits_AggForCut=3;CPXPARAM_MIP_Limits_CutPasses=0;CPXPARAM_MIP_Limits_CutsFactor=-1;CPXPARAM_MIP_Limits_GomoryCand=50;CPXPARAM_MIP_Limits_GomoryPass=0;CPXPARAM_MIP_Limits_Nodes=9223372036800000000;CPXPARAM_MIP_Limits_ProbeTime=1e+75;CPXPARAM_MIP_Limits_RepairTries=0;CPXPARAM_MIP_Limits_StrongCand=10;CPXPARAM_MIP_Limits_StrongIt=0;CPXPARAM_MIP_OrderType=0;CPXPARAM_MIP_Strategy_BBInterval=7;CPXPARAM_MIP_Strategy_Branch=0;CPXPARAM_MIP_Strategy_Dive=0;CPXPARAM_MIP_Strategy_File=1;CPXPARAM_MIP_Strategy_HeuristicFreq=0;CPXPARAM_MIP_Strategy_LBHeur=0;CPXPARAM_MIP_Strategy_NodeSelect=1;CPXPARAM_MIP_Strategy_Order=1;CPXPARAM_MIP_Strategy_PresolveNode=0;CPXPARAM_MIP_Strategy_Probe=2;CPXPARAM_MIP_Strategy_RINSHeur=0;CPXPARAM_MIP_Strategy_StartAlgorithm=0;CPXPARAM_MIP_Strategy_SubAlgorithm=0;CPXPARAM_MIP_Strategy_VariableSelect=0;CPXPARAM_Network_NetFind=2;CPXPARAM_Network_Pricing=0;CPXPARAM_Parallel=1;CPXPARAM_Preprocessing_Aggregator=-1;CPXPARAM_Preprocessing_BoundStrength=-1;CPXPARAM_Preprocessing_CoeffReduce=-1;CPXPARAM_Preprocessing_Dependency=-1;CPXPARAM_Preprocessing_Dual=0;CPXPARAM_Preprocessing_Fill=10;CPXPARAM_Preprocessing_NumPass=-1;CPXPARAM_Preprocessing_Presolve=1;CPXPARAM_Preprocessing_QPMakePSD=1;CPXPARAM_Preprocessing_Reduce=3;CPXPARAM_Preprocessing_Relax=-1;CPXPARAM_Preprocessing_RepeatPresolve=-1;CPXPARAM_Preprocessing_Symmetry=-1;CPXPARAM_Read_Scale=0;CPXPARAM_Sifting_Algorithm=0;CPXPARAM_Simplex_Crash=1;CPXPARAM_Simplex_DGradient=0;CPXPARAM_Simplex_Limits_Perturbation=0;CPXPARAM_Simplex_Limits_Singularity=10;CPXPARAM_Simplex_PGradient=0;CPXPARAM_Simplex_Pricing=0;CPXPARAM_Simplex_Refactor=0
14639130410289707848,0,CPXPARAM_Advance=1;CPXPARAM_Barrier_Algorithm=0;CPXPARAM_Barrier_ColNonzeros=0;CPXPARAM_Barrier_Crossover=0;CPXPARAM_Barrier_Limits_Corrections=-1;CPXPARAM_Barrier_Ordering=0;CPXPARAM_Barrier_StartAlg=1;CPXPARAM_Emphasis_MIP=5;CPXPARAM_Emphasis_Memory=0;CPXPARAM_Emphasis_Numerical=0;CPXPARAM_Feasopt_Mode=0;CPXPARAM_LPMethod=0;CPXPARAM_MIP_Cuts_Cliques=-1;CPXPARAM_MIP_Cuts_Covers=1;CPXPARAM_MIP_Cuts_Disjunctive=0;CPXPARAM_MIP_Cuts_FlowCovers=-1;CPXPARAM_MIP_Cuts_GUBCovers=0;CPXPARAM_MIP_Cuts_Gomory=0;CPXPARAM_MIP_Cuts_Implied=-1;CPXPARAM_MIP_Cuts_MIRCut=1;CPXPARAM_MIP_Cuts_PathCut=2;CPXPARAM_MIP_Limits_AggForCut=3;CPXPARAM_MIP_Limits_CutPasses=0;CPXPARAM_MIP_Limits_CutsFactor=-1;CPXPARAM_MIP_Limits_GomoryCand=800;CPXPARAM_MIP_Limits_GomoryPass=0;CPXPARAM_MIP_Limits_Nodes=9223372036800000000;CPXPARAM_MIP_Limits_ProbeTime=1e+75;CPXPARAM_MIP_Limits_RepairTries=0;CPXPARAM_MIP_Limits_StrongCand=10;CPXPARAM_MIP_Limits_StrongIt=0;CPXPARAM_MIP_OrderType=0;CPXPARAM_MIP_Strategy_BBInterval=7;CPXPARAM_MIP_Strategy_Branch=0;CPXPARAM_MIP_Strategy_Dive=0;CPXPARAM_MIP_Strategy_File=1;CPXPARAM_MIP_Strategy_HeuristicFreq=0;CPXPARAM_MIP_Strategy_LBHeur=0;CPXPARAM_MIP_Strategy_NodeSelect=2;CPXPARAM_MIP_Strategy_Order=1;CPXPARAM_MIP_Strategy_PresolveNode=1;CPXPARAM_MIP_Strategy_Probe=3;CPXPARAM_MIP_Strategy_RINSHeur=0;CPXPARAM_MIP_Strategy_StartAlgorithm=0;CPXPARAM_MIP_Strategy_SubAlgorithm=0;CPXPARAM_MIP_Strategy_VariableSelect=-1;CPXPARAM_Network_NetFind=2;CPXPARAM_Network_Pricing=0;CPXPARAM_Parallel=1;CPXPARAM_Preprocessing_Aggregator=-1;CPXPARAM_Preprocessing_BoundStrength=-1;CPXPARAM_Preprocessing_CoeffReduce=-1;CPXPARAM_Preprocessing_Dependency=-1;CPXPARAM_Preprocessing_Dual=0;CPXPARAM_Preprocessing_Fill=5;CPXPARAM_Preprocessing_NumPass=-1;CPXPARAM_Preprocessing_Presolve=1;CPXPARAM_Preprocessing_QPMakePSD=1;CPXPARAM_Preprocessing_Reduce=3;CPXPARAM_Preprocessing_Relax=-1;CPXPARAM_Preprocessing_RepeatPresolve=-1;CPXPARAM_Preprocessing_Symmetry=-1;CPXPARAM_Read_Scale=0;CPXPARAM_Sifting_Algorithm=0;CPXPARAM_Simplex_Crash=1;CPXPARAM_Simplex_DGradient=0;CPXPARAM_Simplex_Limits_Perturbation=0;CPXPARAM_Simplex_Limits_Singularity=10;CPXPARAM_Simplex_PGradient=0;CPXPARAM_Simplex_Pricing=0;CPXPARAM_Simplex_Refactor=0
14314960243740940516,0,CPXPARAM_Advance=1;CPXPARAM_Barrier_Algorithm=0;CPXPARAM_Barrier_ColNonzeros=0;CPXPARAM_Barrier_Crossover=0;CPXPARAM_Barrier_Limits_Corrections=-1;CPXPARAM_Barrier_Ordering=0;CPXPARAM_Barrier_StartAlg=1;CPXPARAM_Emphasis_MIP=4;CPXPARAM_Emphasis_Memory=0;CPXPARAM_Emphasis_Numerical=0;CPXPARAM_Feasopt_Mode=0;CPXPARAM_LPMethod=0;CPXPARAM_MIP_Cuts_Cliques=0;CPXPARAM_MIP_Cuts_Covers=1;CPXPARAM_MIP_Cuts_Disjunctive=0;CPXPARAM_MIP_Cuts_FlowCovers=-1;CPXPARAM_MIP_Cuts_GUBCovers=1;CPXPARAM_MIP_Cuts_Gomory=0;CPXPARAM_MIP_Cuts_Implied=0;CPXPARAM_MIP_Cuts_MIRCut=0;CPXPARAM_MIP_Cuts_PathCut=1;CPXPARAM_MIP_Limits_AggForCut=3;CPXPARAM_MIP_Limits_CutPasses=0;CPXPARAM_MIP_Limits_CutsFactor=-1;CPXPARAM_MIP_Limits_GomoryCand=150;CPXPARAM_MIP_Limits_GomoryPass=0;CPXPARAM_MIP_Limits_Nodes=9223372036800000000;CPXPARAM_MIP_Limits_ProbeTime=1e+75;CPXPARAM_MIP_Limits_RepairTries=0;CPXPARAM_MIP_Limits_StrongCand=10;CPXPARAM_MIP_Limits_StrongIt=0;CPXPARAM_MIP_OrderType=0;CPXPARAM_MIP_Strategy_BBInterval=7;CPXPARAM_MIP_Strategy_Branch=0;CPXPARAM_MIP_Strategy_Dive=0;CPXPARAM_MIP_Strategy_File=1;CPXPARAM_MIP_Strategy_HeuristicFreq=0;CPXPARAM_MIP_Strategy_LBHeur=0;CPXPARAM_MIP_Strategy_NodeSelect=1;CPXPARAM_MIP_Strategy_Order=1;CPXPARAM_MIP_Strategy_PresolveNode=0;CPXPARAM_MIP_Strategy_Probe=0;CPXPARAM_MIP_Strategy_RINSHeur=0;CPXPARAM_MIP_Strategy_StartAlgorithm=0;CPXPARAM_MIP_Strategy_SubAlgorithm=0;CPXPARAM_MIP_Strategy_VariableSelect=0;CPXPARAM_Network_NetFind=2;CPXPARAM_Network_Pricing=0;CPXPARAM_Parallel=1;CPXPARAM_Preprocessing_Aggregator=-1;CPXPARAM_Preprocessing_BoundStrength=-1;CPXPARAM_Preprocessing_CoeffReduce=-1;CPXPARAM_Preprocessing_Dependency=-1;CPXPARAM_Preprocessing_Dual=0;CPXPARAM_Preprocessing_Fill=10;CPXPARAM_Preprocessing_NumPass=-1;CPXPARAM_Preprocessing_Presolve=1;CPXPARAM_Preprocessing_QPMakePSD=1;CPXPARAM_Preprocessing_Reduce=3;CPXPARAM_Preprocessing_Relax=-1;CPXPARAM_Preprocessing_RepeatPresolve=-1;CPXPARAM_Preprocessing_Symmetry=-1;CPXPARAM_Read_Scale=0;CPXPARAM_Sifting_Algorithm=0;CPXPARAM_Simplex_Crash=1;CPXPARAM_Simplex_DGradient=0;CPXPARAM_Simplex_Limits_Perturbation=0;CPXPARAM_Simplex_Limits_Singularity=10;CPXPARAM_Simplex_PGradient=0;CPXPARAM_Simplex_Pricing=0;CPXPARAM_Simplex_Refactor=0
13597353429479432841,0,CPXPARAM_Advance=1;CPXPARAM_Barrier_Algorithm=0;CPXPARAM_Barrier_ColNonzeros=0;CPXPARAM_Barrier_Crossover=0;CPXPARAM_Barrier_Limits_Corrections=-1;CPXPARAM_Barrier_Ordering=0;CPXPARAM_Barrier_StartAlg=1;CPXPARAM_Emphasis_MIP=4;CPXPARAM_Emphasis_Memory=0;CPXPARAM_Emphasis_Numerical=0;CPXPARAM_Feasopt_Mode=0;CPXPARAM_LPMethod=0;CPXPARAM_MIP_Cuts_Cliques=0;CPXPARAM_MIP_Cuts_Covers=0;CPXPARAM_MIP_Cuts_Disjunctive=0;CPXPARAM_MIP_Cuts_FlowCovers=-1;CPXPARAM_MIP_Cuts_GUBCovers=2;CPXPARAM_MIP_Cuts_Gomory=0;CPXPARAM_MIP_Cuts_Implied=0;CPXPARAM_MIP_Cuts_MIRCut=-1;CPXPARAM_MIP_Cuts_PathCut=2;CPXPARAM_MIP_Limits_AggForCut=3;CPXPARAM_MIP_Limits_CutPasses=0;CPXPARAM_MIP_Limits_CutsFactor=-1;CPXPARAM_MIP_Limits_GomoryCand=150;CPXPARAM_MIP_Limits_GomoryPass=0;CPXPARAM_MIP_Limits_Nodes=9223372036800000000;CPXPARAM_MIP_Limits_ProbeTime=1e+75;CPXPARAM_MIP_Limits_RepairTries=0;CPXPARAM_MIP_Limits_StrongCand=10;CPXPARAM_MIP_Limits_StrongIt=0;CPXPARAM_MIP_OrderType=0;CPXPARAM_MIP_Strategy_BBInterval=7;CPXPARAM_MIP_Strategy_Branch=0;CPXPARAM_MIP_Strategy_Dive=0;CPXPARAM_MIP_Strategy_File=1;CPXPARAM_MIP_Strategy_HeuristicFreq=0;CPXPARAM_MIP_Strategy_LBHeur=0;CPXPARAM_MIP_Strategy_NodeSelect=1;CPXPARAM_MIP_Strategy_Order=1;CPXPARAM_MIP_Strategy_PresolveNode=0;CPXPARAM_MIP_Strategy_Probe=0;CPXPARAM_MIP_Strategy_RINSHeur=0;CPXPARAM_MIP_Strategy_StartAlgorithm=0;CPXPARAM_MIP_Strategy_SubAlgorithm=0;CPXPARAM_MIP_Strategy_VariableSelect=0;CPXPARAM_Network_NetFind=2;CPXPARAM_Network_Pricing=0;CPXPARAM_Parallel=1;CPXPARAM_Preprocessing_Aggregator=-1;CPXPARAM_Preprocessing_BoundStrength=-1;CPXPARAM_Preprocessing_CoeffReduce=-1;CPXPARAM_Preprocessing_Dependency=-1;CPXPARAM_Preprocessing_Dual=0;CPXPARAM_Preprocessing_Fill=10;CPXPARAM_Preprocessing_NumPass=-1;CPXPARAM_Preprocessing_Presolve=1;CPXPARAM_Preprocessing_QPMakePSD=1;CPXPARAM_Preprocessing_Reduce=3;CPXPARAM_Preprocessing_Relax=-1;CPXPARAM_Preprocessing_RepeatPresolve=-1;CPXPARAM_Preprocessing_Symmetry=-1;CPXPARAM_Read_Scale=0;CPXPARAM_Sifting_Algorithm=0;CPXPARAM_Simplex_Crash=1;CPXPARAM_Simplex_DGradient=0;CPXPARAM_Simplex_Limits_Perturbation=0;CPXPARAM_Simplex_Limits_Singularity=10;CPXPARAM_Simplex_PGradient=0;CPXPARAM_Simplex_Pricing=0;CPXPARAM_Simplex_Refactor=0
10497388816205524966,0,CPXPARAM_Advance=1;CPXPARAM_Barrier_Algorithm=0;CPXPARAM_Barrier_ColNonzeros=0;CPXPARAM_Barrier_Crossover=0;CPXPARAM_Barrier_Limits_Corrections=-1;CPXPARAM_Barrier_Ordering=0;CPXPARAM_Barrier_StartAlg=1;CPXPARAM_Emphasis_MIP=4;CPXPARAM_Emphasis_Memory=0;CPXPARAM_Emphasis_Numerical=0;CPXPARAM_Feasopt_Mode=0;CPXPARAM_LPMethod=0;CPXPARAM_MIP_Cuts_Cliques=-1;CPXPARAM_MIP_Cuts_Covers=0;CPXPARAM_MIP_Cuts_Disjunctive=1;CPXPARAM_MIP_Cuts_FlowCovers=2;CPXPARAM_MIP_Cuts_GUBCovers=1;CPXPARAM_MIP_Cuts_Gomory=0;CPXPARAM_MIP_Cuts_Implied=-1;CPXPARAM_MIP_Cuts_MIRCut=-1;CPXPARAM_MIP_Cuts_PathCut=-1;CPXPARAM_MIP_Limits_AggForCut=3;CPXPARAM_MIP_Limits_CutPasses=0;CPXPARAM_MIP_Limits_CutsFactor=-1;CPXPARAM_MIP_Limits_GomoryCand=400;CPXPARAM_MIP_Limits_GomoryPass=0;CPXPARAM_MIP_Limits_Nodes=9223372036800000000;CPXPARAM_MIP_Limits_ProbeTime=1e+75;CPXPARAM_MIP_Limits_RepairTries=0;CPXPARAM_MIP_Limits_StrongCand=10;CPXPARAM_MIP_Limits_StrongIt=0;CPXPARAM_MIP_OrderType=0;CPXPARAM_MIP_Strategy_BBInterval=7;CPXPARAM_MIP_Strategy_Branch=0;CPXPARAM_MIP_Strategy_Dive=0;CPXPARAM_MIP_Strategy_File=1;CPXPARAM_MIP_Strategy_HeuristicFreq=0;CPXPARAM_MIP_Strategy_LBHeur=0;CPXPARAM_MIP_Strategy_NodeSelect=1;CPXPARAM_MIP_Strategy_Order=1;CPXPARAM_MIP_Strategy_PresolveNode=0;CPXPARAM_MIP_Strategy_Probe=0;CPXPARAM_MIP_Strategy_RINSHeur=0;CPXPARAM_MIP_Strategy_StartAlgorithm=0;CPXPARAM_MIP_Strategy_SubAlgorithm=0;CPXPARAM_MIP_Strategy_VariableSelect=0;CPXPARAM_Network_NetFind=2;CPXPARAM_Network_Pricing=0;CPXPARAM_Parallel=1;CPXPARAM_Preprocessing_Aggregator=-1;CPXPARAM_Preprocessing_BoundStrength=-1;CPXPARAM_Preprocessing_CoeffReduce=-1;CPXPARAM_Preprocessing_Dependency=-1;CPXPARAM_Preprocessing_Dual=0;CPXPARAM_Preprocessing_Fill=10;CPXPARAM_Preprocessing_NumPass=-1;CPXPARAM_Preprocessing_Presolve=1;CPXPARAM_Preprocessing_QPMakePSD=1;CPXPARAM_Preprocessing_Reduce=3;CPXPARAM_Preprocessing_Relax=-1;CPXPARAM_Preprocessing_RepeatPresolve=-1;CPXPARAM_Preprocessing_Symmetry=-1;CPXPARAM_Read_Scale=0;CPXPARAM_Sifting_Algorithm=0;CPXPARAM_Simplex_Crash=1;CPXPARAM_Simplex_DGradient=0;CPXPARAM_Simplex_Limits_Perturbation=0;CPXPARAM_Simplex_Limits_Singularity=10;CPXPARAM_Simplex_PGradient=0;CPXPARAM_Simplex_Pricing=0;CPXPARAM_Simplex_Refactor=0
10048610684395474313,0,CPXPARAM_Advance=1;CPXPARAM_Barrier_Algorithm=0;CPXPARAM_Barrier_ColNonzeros=0;CPXPARAM_Barrier_Crossover=0;CPXPARAM_Barrier_Limits_Corrections=-1;CPXPARAM_Barrier_Ordering=0;CPXPARAM_Barrier_StartAlg=1;CPXPARAM_Emphasis_MIP=4;CPXPARAM_Emphasis_Memory=0;CPXPARAM_Emphasis_Numerical=0;CPXPARAM_Feasopt_Mode=0;CPXPARAM_LPMethod=0;CPXPARAM_MIP_Cuts_Cliques=0;CPXPARAM_MIP_Cuts_Covers=0;CPXPARAM_MIP_Cuts_Disjunctive=0;CPXPARAM_MIP_Cuts_FlowCovers=-1;CPXPARAM_MIP_Cuts_GUBCovers=2;CPXPARAM_MIP_Cuts_Gomory=0;CPXPARAM_MIP_Cuts_Implied=0;CPXPARAM_MIP_Cuts_MIRCut=0;CPXPARAM_MIP_Cuts_PathCut=1;CPXPARAM_MIP_Limits_AggForCut=3;CPXPARAM_MIP_Limits_CutPasses=0;CPXPARAM_MIP_Limits_CutsFactor=-1;CPXPARAM_MIP_Limits_GomoryCand=200;CPXPARAM_MIP_Limits_GomoryPass=0;CPXPARAM_MIP_Limits_Nodes=9223372036800000000;CPXPARAM_MIP_Limits_ProbeTime=1e+75;CPXPARAM_MIP_Limits_RepairTries=0;CPXPARAM_MIP_Limits_StrongCand=10;CPXPARAM_MIP_Limits_StrongIt=0;CPXPARAM_MIP_OrderType=0;CPXPARAM_MIP_Strategy_BBInterval=7;CPXPARAM_MIP_Strategy_Branch=0;CPXPARAM_MIP_Strategy_Dive=0;CPXPARAM_MIP_Strategy_File=1;CPXPARAM_MIP_Strategy_HeuristicFreq=0;CPXPARAM_MIP_Strategy_LBHeur=0;CPXPARAM_MIP_Strategy_NodeSelect=1;CPXPARAM_MIP_Strategy_Order=1;CPXPARAM_MIP_Strategy_PresolveNode=0;CPXPARAM_MIP_Strategy_Probe=0;CPXPARAM_MIP_Strategy_RINSHeur=0;CPXPARAM_MIP_Strategy_StartAlgorithm=0;CPXPARAM_MIP_Strategy_SubAlgorithm=0;CPXPARAM_MIP_Strategy_VariableSelect=0;CPXPARAM_Network_NetFind=2;CPXPARAM_Network_Pricing=0;CPXPARAM_Parallel=1;CPXPARAM_Preprocessing_Aggregator=-1;CPXPARAM_Preprocessing_BoundStrength=-1;CPXPARAM_Preprocessing_CoeffReduce=-1;CPXPARAM_Preprocessing_Dependency=-1;CPXPARAM_Preprocessing_Dual=0;CPXPARAM_Preprocessing_Fill=10;CPXPARAM_Preprocessing_NumPass=-1;CPXPARAM_Preprocessing_Presolve=1;CPXPARAM_Preprocessing_QPMakePSD=1;CPXPARAM_Preprocessing_Reduce=3;CPXPARAM_Preprocessing_Relax=-1;CPXPARAM_Preprocessing_RepeatPresolve=-1;CPXPARAM_Preprocessing_Symmetry=-1;CPXPARAM_Read_Scale=0;CPXPARAM_Sifting_Algorithm=0;CPXPARAM_Simplex_Crash=1;CPXPARAM_Simplex_DGradient=0;CPXPARAM_Simplex_Limits_Perturbation=0;CPXPARAM_Simplex_Limits_Singularity=10;CPXPARAM_Simplex_PGradient=0;CPXPARAM_Simplex_Pricing=0;CPXPARAM_Simplex_Refactor=0
16976650428212941024,0,CPXPARAM_Advance=1;CPXPARAM_Barrier_Algorithm=0;CPXPARAM_Barrier_ColNonzeros=0;CPXPARAM_Barrier_Crossover=0;CPXPARAM_Barrier_Limits_Corrections=-1;CPXPARAM_Barrier_Ordering=0;CPXPARAM_Barrier_StartAlg=1;CPXPARAM_Emphasis_MIP=0;CPXPARAM_Emphasis_Memory=0;CPXPARAM_Emphasis_Numerical=0;CPXPARAM_Feasopt_Mode=0;CPXPARAM_LPMethod=0;CPXPARAM_MIP_Cuts_Cliques=0;CPXPARAM_MIP_Cuts_Covers=3;CPXPARAM_MIP_Cuts_Disjunctive=1;CPXPARAM_MIP_Cuts_FlowCovers=1;CPXPARAM_MIP_Cuts_GUBCovers=1;CPXPARAM_MIP_Cuts_Gomory=1;CPXPARAM_MIP_Cuts_Implied=1;CPXPARAM_MIP_Cuts_MIRCut=0;CPXPARAM_MIP_Cuts_PathCut=-1;CPXPARAM_MIP_Limits_AggForCut=1;CPXPARAM_MIP_Limits_CutPasses=0;CPXPARAM_MIP_Limits_CutsFactor=-1;CPXPARAM_MIP_Limits_GomoryCand=400;CPXPARAM_MIP_Limits_GomoryPass=0;CPXPARAM_MIP_Limits_Nodes=9223372036800000000;CPXPARAM_MIP_Limits_ProbeTime=1e+75;CPXPARAM_MIP_Limits_RepairTries=0;CPXPARAM_MIP_Limits_StrongCand=10;CPXPARAM_MIP_Limits_StrongIt=0;CPXPARAM_MIP_OrderType=0;CPXPARAM_MIP_Strategy_BBInterval=7;CPXPARAM_MIP_Strategy_Branch=0;CPXPARAM_MIP_Strategy_Dive=0;CPXPARAM_MIP_Strategy_File=1;CPXPARAM_MIP_Strategy_HeuristicFreq=0;CPXPARAM_MIP_Strategy_LBHeur=0;CPXPARAM_MIP_Strategy_NodeSelect=0;CPXPARAM_MIP_Strategy_Order=1;CPXPARAM_MIP_Strategy_PresolveNode=3;CPXPARAM_MIP_Strategy_Probe=-1;CPXPARAM_MIP_Strategy_RINSHeur=0;CPXPARAM_MIP_Strategy_StartAlgorithm=0;CPXPARAM_MIP_Strategy_SubAlgorithm=0;CPXPARAM_MIP_Strategy_VariableSelect=1;CPXPARAM_Network_NetFind=2;CPXPARAM_Network_Pricing=0;CPXPARAM_Parallel=1;CPXPARAM_Preprocessing_Aggregator=-1;CPXPARAM_Preprocessing_BoundStrength=-1;CPXPARAM_Preprocessing_CoeffReduce=-1;CPXPARAM_Preprocessing_Dependency=-1;CPXPARAM_Preprocessing_Dual=0;CPXPARAM_Preprocessing_Fill=40;CPXPARAM_Preprocessing_NumPass=-1;CPXPARAM_Preprocessing_Presolve=1;CPXPARAM_Preprocessing_QPMakePSD=1;CPXPARAM_Preprocessing_Reduce=3;CPXPARAM_Preprocessing_Relax=-1;CPXPARAM_Preprocessing_RepeatPresolve=-1;CPXPARAM_Preprocessing_Symmetry=-1;CPXPARAM_Read_Scale=1;CPXPARAM_Sifting_Algorithm=0;CPXPARAM_Simplex_Crash=1;CPXPARAM_Simplex_DGradient=0;CPXPARAM_Simplex_Limits_Perturbation=0;CPXPARAM_Simplex_Limits_Singularity=10;CPXPARAM_Simplex_PGradient=0;CPXPARAM_Simplex_Pricing=0;CPXPARAM_Simplex_Refactor=0
8065408893829392986,0,CPXPARAM_Advance=1;CPXPARAM_Barrier_Algorithm=0;CPXPARAM_Barrier_ColNonzeros=0;CPXPARAM_Barrier_Crossover=0;CPXPARAM_Barrier_Limits_Corrections=-1;CPXPARAM_Barrier_Ordering=0;CPXPARAM_Barrier_StartAlg=1;CPXPARAM_Emphasis_MIP=4;CPXPARAM_Emphasis_Memory=0;CPXPARAM_Emphasis_Numerical=0;CPXPARAM_Feasopt_Mode=0;CPXPARAM_LPMethod=0;CPXPARAM_MIP_Cuts_Cliques=-1;CPXPARAM_MIP_Cuts_Covers=1;CPXPARAM_MIP_Cuts_Disjunctive=0;CPXPARAM_MIP_Cuts_FlowCovers=-1;CPXPARAM_MIP_Cuts_GUBCovers=2;CPXPARAM_MIP_Cuts_Gomory=0;CPXPARAM_MIP_Cuts_Implied=0;CPXPARAM_MIP_Cuts_MIRCut=0;CPXPARAM_MIP_Cuts_PathCut=1;CPXPARAM_MIP_Limits_AggForCut=3;CPXPARAM_MIP_Limits_CutPasses=0;CPXPARAM_MIP_Limits_CutsFactor=-1;CPXPARAM_MIP_Limits_GomoryCand=150;CPXPARAM_MIP_Limits_GomoryPass=0;CPXPARAM_MIP_Limits_Nodes=9223372036800000000;CPXPARAM_MIP_Limits_ProbeTime=1e+75;CPXPARAM_MIP_Limits_RepairTries=0;CPXPARAM_MIP_Limits_StrongCand=10;CPXPARAM_MIP_Limits_StrongIt=0;CPXPARAM_MIP_OrderType=0;CPXPARAM_MIP_Strategy_BBInterval=7;CPXPARAM_MIP_Strategy_Branch=0;CPXPARAM_MIP_Strategy_Dive=0;CPXPARAM_MIP_Strategy_File=1;CPXPARAM_MIP_Strategy_HeuristicFreq=0;CPXPARAM_MIP_Strategy_LBHeur=0;CPXPARAM_MIP_Strategy_NodeSelect=1;CPXPARAM_MIP_Strategy_Order=1;CPXPARAM_MIP_Strategy_PresolveNode=0;CPXPARAM_MIP_Strategy_Probe=0;CPXPARAM_MIP_Strategy_RINSHeur=0;CPXPARAM_MIP_Strategy_StartAlgorithm=0;CPXPARAM_MIP_Strategy_SubAlgorithm=0;CPXPARAM_MIP_Strategy_VariableSelect=0;CPXPARAM_Network_NetFind=2;CPXPARAM_Network_Pricing=0;CPXPARAM_Parallel=1;CPXPARAM_Preprocessing_Aggregator=-1;CPXPARAM_Preprocessing_BoundStrength=-1;CPXPARAM_Preprocessing_CoeffReduce=-1;CPXPARAM_Preprocessing_Dependency=-1;CPXPARAM_Preprocessing_Dual=0;CPXPARAM_Preprocessing_Fill=10;CPXPARAM_Preprocessing_NumPass=-1;CPXPARAM_Preprocessing_Presolve=1;CPXPARAM_Preprocessing_QPMakePSD=1;CPXPARAM_Preprocessing_Reduce=3;CPXPARAM_Preprocessing_Relax=-1;CPXPARAM_Preprocessing_RepeatPresolve=-1;CPXPARAM_Preprocessing_Symmetry=-1;CPXPARAM_Read_Scale=0;CPXPARAM_Sifting_Algorithm=0;CPXPARAM_Simplex_Crash=1;CPXPARAM_Simplex_DGradient=0;CPXPARAM_Simplex_Limits_Perturbation=0;CPXPARAM_Simplex_Limits_Singularity=10;CPXPARAM_Simplex_PGradient=0;CPXPARAM_Simplex_Pricing=0;CPXPARAM_Simplex_Refactor=0
6830298713134127917,0,CPXPARAM_Advance=1;CPXPARAM_Barrier_Algorithm=0;CPXPARAM_Barrier_ColNonzeros=0;CPXPARAM_Barrier_Crossover=0;CPXPARAM_Barrier_Limits_Corrections=-1;CPXPARAM_Barrier_Ordering=0;CPXPARAM_Barrier_StartAlg=1;CPXPARAM_Emphasis_MIP=2;CPXPARAM_Emphasis_Memory=0;CPXPARAM_Emphasis_Numerical=0;CPXPARAM_Feasopt_Mode=0;CPXPARAM_LPMethod=0;CPXPARAM_MIP_Cuts_Cliques=-1;CPXPARAM_MIP_Cuts_Covers=2;CPXPARAM_MIP_Cuts_Disjunctive=1;CPXPARAM_MIP_Cuts_FlowCovers=2;CPXPARAM_MIP_Cuts_GUBCovers=1;CPXPARAM_MIP_Cuts_Gomory=0;CPXPARAM_MIP_Cuts_Implied=-1;CPXPARAM_MIP_Cuts_MIRCut=-1;CPXPARAM_MIP_Cuts_PathCut=-1;CPXPARAM_MIP_Limits_AggForCut=3;CPXPARAM_MIP_Limits_CutPasses=0;CPXPARAM_MIP_Limits_CutsFactor=-1;CPXPARAM_MIP_Limits_GomoryCand=400;CPXPARAM_MIP_Limits_GomoryPass=0;CPXPARAM_MIP_Limits_Nodes=9223372036800000000;CPXPARAM_MIP_Limits_ProbeTime=1e+75;CPXPARAM_MIP_Limits_RepairTries=0;CPXPARAM_MIP_Limits_StrongCand=10;CPXPARAM_MIP_Limits_StrongIt=0;CPXPARAM_MIP_OrderType=3;CPXPARAM_MIP_Strategy_BBInterval=7;CPXPARAM_MIP_Strategy_Branch=0;CPXPARAM_MIP_Strategy_Dive=0;CPXPARAM_MIP_Strategy_File=1;CPXPARAM_MIP_Strategy_HeuristicFreq=0;CPXPARAM_MIP_Strategy_LBHeur=0;CPXPARAM_MIP_Strategy_NodeSelect=1;CPXPARAM_MIP_Strategy_Order=1;CPXPARAM_MIP_Strategy_PresolveNode=0;CPXPARAM_MIP_Strategy_Probe=0;CPXPARAM_MIP_Strategy_RINSHeur=0;CPXPARAM_MIP_Strategy_StartAlgorithm=0;CPXPARAM_MIP_Strategy_SubAlgorithm=0;CPXPARAM_MIP_Strategy_VariableSelect=0;CPXPARAM_Network_NetFind=2;CPXPARAM_Network_Pricing=0;CPXPARAM_Parallel=1;CPXPARAM_Preprocessing_Aggregator=-1;CPXPARAM_Preprocessing_BoundStrength=-1;CPXPARAM_Preprocessing_CoeffReduce=-1;CPXPARAM_Preprocessing_Dependency=-1;CPXPARAM_Preprocessing_Dual=0;CPXPARAM_Preprocessing_Fill=10;CPXPARAM_Preprocessing_NumPass=-1;CPXPARAM_Preprocessing_Presolve=1;CPXPARAM_Preprocessing_QPMakePSD=1;CPXPARAM_Preprocessing_Reduce=3;CPXPARAM_Preprocessing_Relax=-1;CPXPARAM_Preprocessing_RepeatPresolve=-1;CPXPARAM_Preprocessing_Symmetry=-1;CPXPARAM_Read_Scale=0;CPXPARAM_Sifting_Algorithm=0;CPXPARAM_Simplex_Crash=1;CPXPARAM_Simplex_DGradient=0;CPXPARAM_Simplex_Limits_Perturbation=0;CPXPARAM_Simplex_Limits_Singularity=10;CPXPARAM_Simplex_PGradient=0;CPXPARAM_Simplex_Pricing=0;CPXPARAM_Simplex_Refactor=0
7661306422153074908,0,CPXPARAM_Advance=1;CPXPARAM_Barrier_Algorithm=0;CPXPARAM_Barrier_ColNonzeros=0;CPXPARAM_Barrier_Crossover=0;CPXPARAM_Barrier_Limits_Corrections=-1;CPXPARAM_Barrier_Ordering=0;CPXPARAM_Barrier_StartAlg=1;CPXPARAM_Emphasis_MIP=2;CPXPARAM_Emphasis_Memory=0;CPXPARAM_Emphasis_Numerical=0;CPXPARAM_Feasopt_Mode=0;CPXPARAM_LPMethod=0;CPXPARAM_MIP_Cuts_Cliques=-1;CPXPARAM_MIP_Cuts_Covers=0;CPXPARAM_MIP_Cuts_Disjunctive=1;CPXPARAM_MIP_Cuts_FlowCovers=2;CPXPARAM_MIP_Cuts_GUBCovers=1;CPXPARAM_MIP_Cuts_Gomory=0;CPXPARAM_MIP_Cuts_Implied=-1;CPXPARAM_MIP_Cuts_MIRCut=-1;CPXPARAM_MIP_Cuts_PathCut=-1;CPXPARAM_MIP_Limits_AggForCut=3;CPXPARAM_MIP_Limits_CutPasses=0;CPXPARAM_MIP_Limits_CutsFactor=-1;CPXPARAM_MIP_Limits_GomoryCand=400;CPXPARAM_MIP_Limits_GomoryPass=0;CPXPARAM_MIP_Limits_Nodes=9223372036800000000;CPXPARAM_MIP_Limits_ProbeTime=1e+75;CPXPARAM_MIP_Limits_RepairTries=0;CPXPARAM_MIP_Limits_StrongCand=10;CPXPARAM_MIP_Limits_StrongIt=0;CPXPARAM_MIP_OrderType=0;CPXPARAM_MIP_Strategy_BBInterval=7;CPXPARAM_MIP_Strategy_Branch=0;CPXPARAM_MIP_Strategy_Dive=0;CPXPARAM_MIP_Strategy_File=1;CPXPARAM_MIP_Strategy_HeuristicFreq=0;CPXPARAM_MIP_Strategy_LBHeur=0;CPXPARAM_MIP_Strategy_NodeSelect=1;CPXPARAM_MIP_Strategy_Order=1;CPXPARAM_MIP_Strategy_PresolveNode=0;CPXPARAM_MIP_Strategy_Probe=1;CPXPARAM_MIP_Strategy_RINSHeur=0;CPXPARAM_MIP_Strategy_StartAlgorithm=0;CPXPARAM_MIP_Strategy_SubAlgorithm=0;CPXPARAM_MIP_Strategy_VariableSelect=0;CPXPARAM_Network_NetFind=2;CPXPARAM_Network_Pricing=0;CPXPARAM_Parallel=1;CPXPARAM_Preprocessing_Aggregator=-1;CPXPARAM_Preprocessing_BoundStrength=-1;CPXPARAM_Preprocessing_CoeffReduce=-1;CPXPARAM_Preprocessing_Dependency=-1;CPXPARAM_Preprocessing_Dual=0;CPXPARAM_Preprocessing_Fill=10;CPXPARAM_Preprocessing_NumPass=-1;CPXPARAM_Preprocessing_Presolve=1;CPXPARAM_Preprocessing_QPMakePSD=1;CPXPARAM_Preprocessing_Reduce=3;CPXPARAM_Preprocessing_Relax=-1;CPXPARAM_Preprocessing_RepeatPresolve=-1;CPXPARAM_Preprocessing_Symmetry=-1;CPXPARAM_Read_Scale=0;CPXPARAM_Sifting_Algorithm=0;CPXPARAM_Simplex_Crash=1;CPXPARAM_Simplex_DGradient=0;CPXPARAM_Simplex_Limits_Perturbation=0;CPXPARAM_Simplex_Limits_Singularity=10;CPXPARAM_Simplex_PGradient=0;CPXPARAM_Simplex_Pricing=0;CPXPARAM_Simplex_Refactor=0
6855059509822508850,0,CPXPARAM_Advance=1;CPXPARAM_Barrier_Algorithm=0;CPXPARAM_Barrier_ColNonzeros=0;CPXPARAM_Barrier_Crossover=0;CPXPARAM_Barrier_Limits_Corrections=-1;CPXPARAM_Barrier_Ordering=0;CPXPARAM_Barrier_StartAlg=1;CPXPARAM_Emphasis_MIP=2;CPXPARAM_Emphasis_Memory=0;CPXPARAM_Emphasis_Numerical=0;CPXPARAM_Feasopt_Mode=0;CPXPARAM_LPMethod=0;CPXPARAM_MIP_Cuts_Cliques=2;CPXPARAM_MIP_Cuts_Covers=2;CPXPARAM_MIP_Cuts_Disjunctive=1;CPXPARAM_MIP_Cuts_FlowCovers=-1;CPXPARAM_MIP_Cuts_GUBCovers=0;CPXPARAM_MIP_Cuts_Gomory=0;CPXPARAM_MIP_Cuts_Implied=0;CPXPARAM_MIP_Cuts_MIRCut=1;CPXPARAM_MIP_Cuts_PathCut=0;CPXPARAM_MIP_Limits_AggForCut=3;CPXPARAM_MIP_Limits_CutPasses=0;CPXPARAM_MIP_Limits_CutsFactor=-1;CPXPARAM_MIP_Limits_GomoryCand=50;CPXPARAM_MIP_Limits_GomoryPass=0;CPXPARAM_MIP_Limits_Nodes=9223372036800000000;CPXPARAM_MIP_Limits_ProbeTime=1e+75;CPXPARAM_MIP_Limits_RepairTries=0;CPXPARAM_MIP_Limits_StrongCand=10;CPXPARAM_MIP_Limits_StrongIt=0;CPXPARAM_MIP_OrderType=0;CPXPARAM_MIP_Strategy_BBInterval=7;CPXPARAM_MIP_Strategy_Branch=0;CPXPARAM_MIP_Strategy_Dive=0;CPXPARAM_MIP_Strategy_File=1;CPXPARAM_MIP_Strategy_HeuristicFreq=0;CPXPARAM_MIP_Strategy_LBHeur=0;CPXPARAM_MIP_Strategy_NodeSelect=1;CPXPARAM_MIP_Strategy_Order=1;CPXPARAM_MIP_Strategy_PresolveNode=0;CPXPARAM_MIP_Strategy_Probe=3;CPXPARAM_MIP_Strategy_RINSHeur=0;CPXPARAM_MIP_Strategy_StartAlgorithm=0;CPXPARAM_MIP_Strategy_SubAlgorithm=0;CPXPARAM_MIP_Strategy_VariableSelect=0;CPXPARAM_Network_NetFind=2;CPXPARAM_Network_Pricing=0;CPXPARAM_Parallel=1;CPXPARAM_Preprocessing_Aggregator=-1;CPXPARAM_Preprocessing_BoundStrength=-1;CPXPARAM_Preprocessing_CoeffReduce=-1;CPXPARAM_Preprocessing_Dependency=-1;CPXPARAM_Preprocessing_Dual=0;CPXPARAM_Preprocessing_Fill=10;CPXPARAM_Preprocessing_NumPass=-1;CPXPARAM_Preprocessing_Presolve=1;CPXPARAM_Preprocessing_QPMakePSD=1;CPXPARAM_Preprocessing_Reduce=3;CPXPARAM_Preprocessing_Relax=-1;CPXPARAM_Preprocessing_RepeatPresolve=-1;CPXPARAM_Preprocessing_Symmetry=-1;CPXPARAM_Read_Scale=0;CPXPARAM_Sifting_Algorithm=0;CPXPARAM_Simplex_Crash=1;CPXPARAM_Simplex_DGradient=0;CPXPARAM_Simplex_Limits_Perturbation=0;CPXPARAM_Simplex_Limits_Singularity=10;CPXPARAM_Simplex_PGradient=0;CPXPARAM_Simplex_Pricing=0;CPXPARAM_Simplex_Refactor=0
9464360398919468564,0,CPXPARAM_Advance=1;CPXPARAM_Barrier_Algorithm=0;CPXPARAM_Barrier_ColNonzeros=0;CPXPARAM_Barrier_Crossover=0;CPXPARAM_Barrier_Limits_Corrections=-1;CPXPARAM_Barrier_Ordering=0;CPXPARAM_Barrier_StartAlg=1;CPXPARAM_Emphasis_MIP=4;CPXPARAM_Emphasis_Memory=0;CPXPARAM_Emphasis_Numerical=0;CPXPARAM_Feasopt_Mode=0;CPXPARAM_LPMethod=0;CPXPARAM_MIP_Cuts_Cliques=0;CPXPARAM_MIP_Cuts_Covers=1;CPXPARAM_MIP_Cuts_Disjunctive=0;CPXPARAM_MIP_Cuts_FlowCovers=-1;CPXPARAM_MIP_Cuts_GUBCovers=2;CPXPARAM_MIP_Cuts_Gomory=0;CPXPARAM_MIP_Cuts_Implied=0;CPXPARAM_MIP_Cuts_MIRCut=2;CPXPARAM_MIP_Cuts_PathCut=1;CPXPARAM_MIP_Limits_AggForCut=3;CPXPARAM_MIP_Limits_CutPasses=0;CPXPARAM_MIP_Limits_CutsFactor=-1;CPXPARAM_MIP_Limits_GomoryCand=150;CPXPARAM_MIP_Limits_GomoryPass=0;CPXPARAM_MIP_Limits_Nodes=9223372036800000000;CPXPARAM_MIP_Limits_ProbeTime=1e+75;CPXPARAM_MIP_Limits_RepairTries=0;CPXPARAM_MIP_Limits_StrongCand=10;CPXPARAM_MIP_Limits_StrongIt=0;CPXPARAM_MIP_OrderType=0;CPXPARAM_MIP_Strategy_BBInterval=7;CPXPARAM_MIP_Strategy_Branch=0;CPXPARAM_MIP_Strategy_Dive=0;CPXPARAM_MIP_Strategy_File=1;CPXPARAM_MIP_Strategy_HeuristicFreq=0;CPXPARAM_MIP_Strategy_LBHeur=0;CPXPARAM_MIP_Strategy_NodeSelect=1;CPXPARAM_MIP_Strategy_Order=1;CPXPARAM_MIP_Strategy_PresolveNode=0;CPXPARAM_MIP_Strategy_Probe=0;CPXPARAM_MIP_Strategy_RINSHeur=0;CPXPARAM_MIP_Strategy_StartAlgorithm=0;CPXPARAM_MIP_Strategy_SubAlgorithm=0;CPXPARAM_MIP_Strategy_VariableSelect=3;CPXPARAM_Network_NetFind=2;CPXPARAM_Network_Pricing=0;CPXPARAM_Parallel=1;CPXPARAM_Preprocessing_Aggregator=-1;CPXPARAM_Preprocessing_BoundStrength=-1;CPXPARAM_Preprocessing_CoeffReduce=-1;CPXPARAM_Preprocessing_Dependency=-1;CPXPARAM_Preprocessing_Dual=0;CPXPARAM_Preprocessing_Fill=10;CPXPARAM_Preprocessing_NumPass=-1;CPXPARAM_Preprocessing_Presolve=1;CPXPARAM_Preprocessing_QPMakePSD=1;CPXPARAM_Preprocessing_Reduce=3;CPXPARAM_Preprocessing_Relax=-1;CPXPARAM_Preprocessing_RepeatPresolve=-1;CPXPARAM_Preprocessing_Symmetry=-1;CPXPARAM_Read_Scale=0;CPXPARAM_Sifting_Algorithm=0;CPXPARAM_Simplex_Crash=1;CPXPARAM_Simplex_DGradient=0;CPXPARAM_Simplex_Limits_Perturbation=0;CPXPARAM_Simplex_Limits_Singularity=10;CPXPARAM_Simplex_PGradient=0;CPXPARAM_Simplex_Pricing=0;CPXPARAM_Simplex_Refactor=0
16956078196475326652,0,CPXPARAM_Advance=1;CPXPARAM_Barrier_Algorithm=0;CPXPARAM_Barrier_ColNonzeros=0;CPXPARAM_Barrier_Crossover=0;CPXPARAM_Barrier_Limits_Corrections=-1;CPXPARAM_Barrier_Ordering=0;CPXPARAM_Barrier_StartAlg=1;CPXPARAM_Emphasis_MIP=2;CPXPARAM_Emphasis_Memory=0;CPXPARAM_Emphasis_Numerical=0;CPXPARAM_Feasopt_Mode=0;CPXPARAM_LPMethod=0;CPXPARAM_MIP_Cuts_Cliques=-1;CPXPARAM_MIP_Cuts_Covers=2;CPXPARAM_MIP_Cuts_Disjunctive=1;CPXPARAM_MIP_Cuts_FlowCovers=2;CPXPARAM_MIP_Cuts_GUBCovers=1;CPXPARAM_MIP_Cuts_Gomory=0;CPXPARAM_MIP_Cuts_Implied=-1;CPXPARAM_MIP_Cuts_MIRCut=-1;CPXPARAM_MIP_Cuts_PathCut=-1;CPXPARAM_MIP_Limits_AggForCut=3;CPXPARAM_MIP_Limits_CutPasses=0;CPXPARAM_MIP_Limits_CutsFactor=-1;CPXPARAM_MIP_Limits_GomoryCand=400;CPXPARAM_MIP_Limits_GomoryPass=0;CPXPARAM_MIP_Limits_Nodes=9223372036800000000;CPXPARAM_MIP_Limits_ProbeTime=1e+75;CPXPARAM_MIP_Limits_RepairTries=0;CPXPARAM_MIP_Limits_StrongCand=10;CPXPARAM_MIP_Limits_StrongIt=0;CPXPARAM_MIP_OrderType=0;CPXPARAM_MIP_Strategy_BBInterval=5;CPXPARAM_MIP_Strategy_Branch=0;CPXPARAM_MIP_Strategy_Dive=0;CPXPARAM_MIP_Strategy_File=1;CPXPARAM_MIP_Strategy_HeuristicFreq=0;CPXPARAM_MIP_Strategy_LBHeur=0;CPXPARAM_MIP_Strategy_NodeSelect=1;CPXPARAM_MIP_Strategy_Order=1;CPXPARAM_MIP_Strategy_PresolveNode=0;CPXPARAM_MIP_Strategy_Probe=0;CPXPARAM_MIP_Strategy_RINSHeur=0;CPXPARAM_MIP_Strategy_StartAlgorithm=0;CPXPARAM_MIP_Strategy_SubAlgorithm=0;CPXPARAM_MIP_Strategy_VariableSelect=0;CPXPARAM_Network_NetFind=2;CPXPARAM_Network_Pricing=0;CPXPARAM_Parallel=1;CPXPARAM_Preprocessing_Aggregator=-1;CPXPARAM_Preprocessing_BoundStrength=-1;CPXPARAM_Preprocessing_CoeffReduce=-1;CPXPARAM_Preprocessing_Dependency=-1;CPXPARAM_Preprocessing_Dual=0;CPXPARAM_Preprocessing_Fill=10;CPXPARAM_Preprocessing_NumPass=-1;CPXPARAM_Preprocessing_Presolve=1;CPXPARAM_Preprocessing_QPMakePSD=1;CPXPARAM_Preprocessing_Reduce=3;CPXPARAM_Preprocessing_Relax=-1;CPXPARAM_Preprocessing_RepeatPresolve=-1;CPXPARAM_Preprocessing_Symmetry=-1;CPXPARAM_Read_Scale=0;CPXPARAM_Sifting_Algorithm=0;CPXPARAM_Simplex_Crash=1;CPXPARAM_Simplex_DGradient=0;CPXPARAM_Simplex_Limits_Perturbation=0;CPXPARAM_Simplex_Limits_Singularity=10;CPXPARAM_Simplex_PGradient=0;CPXPARAM_Simplex_Pricing=0;CPXPARAM_Simplex_Refactor=0
6666108032713621176,0,CPXPARAM_Advance=1;CPXPARAM_Barrier_Algorithm=0;CPXPARAM_Barrier_ColNonzeros=0;CPXPARAM_Barrier_Crossover=0;CPXPARAM_Barrier_Limits_Corrections=-1;CPXPARAM_Barrier_Ordering=0;CPXPARAM_Barrier_StartAlg=1;CPXPARAM_Emphasis_MIP=3;CPXPARAM_Emphasis_Memory=0;CPXPARAM_Emphasis_Numerical=0;CPXPARAM_Feasopt_Mode=0;CPXPARAM_LPMethod=0;CPXPARAM_MIP_Cuts_Cliques=-1;CPXPARAM_MIP_Cuts_Covers=0;CPXPARAM_MIP_Cuts_Disjunctive=1;CPXPARAM_MIP_Cuts_FlowCovers=-1;CPXPARAM_MIP_Cuts_GUBCovers=2;CPXPARAM_MIP_Cuts_Gomory=1;CPXPARAM_MIP_Cuts_Implied=0;CPXPARAM_MIP_Cuts_MIRCut=1;CPXPARAM_MIP_Cuts_PathCut=-1;CPXPARAM_MIP_Limits_AggForCut=3;CPXPARAM_MIP_Limits_CutPasses=0;CPXPARAM_MIP_Limits_CutsFactor=-1;CPXPARAM_MIP_Limits_GomoryCand=25;CPXPARAM_MIP_Limits_GomoryPass=0;CPXPARAM_MIP_Limits_Nodes=9223372036800000000;CPXPARAM_MIP_Limits_ProbeTime=1e+75;CPXPARAM_MIP_Limits_RepairTries=0;CPXPARAM_MIP_Limits_StrongCand=10;CPXPARAM_MIP_Limits_StrongIt=0;CPXPARAM_MIP_OrderType=0;CPXPARAM_MIP_Strategy_BBInterval=7;CPXPARAM_MIP_Strategy_Branch=0;CPXPARAM_MIP_Strategy_Dive=0;CPXPARAM_MIP_Strategy_File=1;CPXPARAM_MIP_Strategy_HeuristicFreq=0;CPXPARAM_MIP_Strategy_LBHeur=0;CPXPARAM_MIP_Strategy_NodeSelect=1;CPXPARAM_MIP_Strategy_Order=1;CPXPARAM_MIP_Strategy_PresolveNode=0;CPXPARAM_MIP_Strategy_Probe=0;CPXPARAM_MIP_Strategy_RINSHeur=0;CPXPARAM_MIP_Strategy_StartAlgorithm=0;CPXPARAM_MIP_Strategy_SubAlgorithm=0;CPXPARAM_MIP_Strategy_VariableSelect=0;CPXPARAM_Network_NetFind=2;CPXPARAM_Network_Pricing=0;CPXPARAM_Parallel=1;CPXPARAM_Preprocessing_Aggregator=-1;CPXPARAM_Preprocessing_BoundStrength=-1;CPXPARAM_Preprocessing_CoeffReduce=-1;CPXPARAM_Preprocessing_Dependency=-1;CPXPARAM_Preprocessing_Dual=0;CPXPARAM_Preprocessing_Fill=10;CPXPARAM_Preprocessing_NumPass=-1;CPXPARAM_Preprocessing_Presolve=1;CPXPARAM_Preprocessing_QPMakePSD=1;CPXPARAM_Preprocessing_Reduce=3;CPXPARAM_Preprocessing_Relax=-1;CPXPARAM_Preprocessing_RepeatPresolve=-1;CPXPARAM_Preprocessing_Symmetry=-1;CPXPARAM_Read_Scale=0;CPXPARAM_Sifting_Algorithm=0;CPXPARAM_Simplex_Crash=1;CPXPARAM_Simplex_DGradient=0;CPXPARAM_Simplex_Limits_Perturbation=0;CPXPARAM_Simplex_Limits_Singularity=10;CPXPARAM_Simplex_PGradient=0;CPXPARAM_Simplex_Pricing=0;CPXPARAM_Simplex_Refactor=0
16365991831760345430,0,CPXPARAM_Advance=1;CPXPARAM_Barrier_Algorithm=0;CPXPARAM_Barrier_ColNonzeros=0;CPXPARAM_Barrier_Crossover=0;CPXPARAM_Barrier_Limits_Corrections=-1;CPXPARAM_Barrier_Ordering=0;CPXPARAM_Barrier_StartAlg=1;CPXPARAM_Emphasis_MIP=0;CPXPARAM_Emphasis_Memory=0;CPXPARAM_Emphasis_Numerical=0;CPXPARAM_Feasopt_Mode=0;CPXPARAM_LPMethod=0;CPXPARAM_MIP_Cuts_Cliques=-1;CPXPARAM_MIP_Cuts_Covers=0;CPXPARAM_MIP_Cuts_Disjunctive=1;CPXPARAM_MIP_Cuts_FlowCovers=0;CPXPARAM_MIP_Cuts_GUBCovers=2;CPXPARAM_MIP_Cuts_Gomory=2;CPXPARAM_MIP_Cuts_Implied=1;CPXPARAM_MIP_Cuts_MIRCut=1;CPXPARAM_MIP_Cuts_PathCut=2;CPXPARAM_MIP_Limits_AggForCut=3;CPXPARAM_MIP_Limits_CutPasses=0;CPXPARAM_MIP_Limits_CutsFactor=-1;CPXPARAM_MIP_Limits_GomoryCand=200;CPXPARAM_MIP_Limits_GomoryPass=0;CPXPARAM_MIP_Limits_Nodes=9223372036800000000;CPXPARAM_MIP_Limits_ProbeTime=1e+75;CPXPARAM_MIP_Limits_RepairTries=0;CPXPARAM_MIP_Limits_StrongCand=10;CPXPARAM_MIP_Limits_StrongIt=0;CPXPARAM_MIP_OrderType=0;CPXPARAM_MIP_Strategy_BBInterval=7;CPXPARAM_MIP_Strategy_Branch=0;CPXPARAM_MIP_Strategy_Dive=0;CPXPARAM_MIP_Strategy_File=1;CPXPARAM_MIP_Strategy_HeuristicFreq=0;CPXPARAM_MIP_Strategy_LBHeur=0;CPXPARAM_MIP_Strategy_NodeSelect=1;CPXPARAM_MIP_Strategy_Order=1;CPXPARAM_MIP_Strategy_PresolveNode=0;CPXPARAM_MIP_Strategy_Probe=0;CPXPARAM_MIP_Strategy_RINSHeur=0;CPXPARAM_MIP_Strategy_StartAlgorithm=0;CPXPARAM_MIP_Strategy_SubAlgorithm=0;CPXPARAM_MIP_Strategy_VariableSelect=0;CPXPARAM_Network_NetFind=2;CPXPARAM_Network_Pricing=0;CPXPARAM_Parallel=1;CPXPARAM_Preprocessing_Aggregator=-1;CPXPARAM_Preprocessing_BoundStrength=-1;CPXPARAM_Preprocessing_CoeffReduce=-1;CPXPARAM_Preprocessing_Dependency=-1;CPXPARAM_Preprocessing_Dual=0;CPXPARAM_Preprocessing_Fill=10;CPXPARAM_Preprocessing_NumPass=-1;CPXPARAM_Preprocessing_Presolve=1;CPXPARAM_Preprocessing_QPMakePSD=1;CPXPARAM_Preprocessing_Reduce=3;CPXPARAM_Preprocessing_Relax=-1;CPXPARAM_Preprocessing_RepeatPresolve=-1;CPXPARAM_Preprocessing_Symmetry=-1;CPXPARAM_Read_Scale=0;CPXPARAM_Sifting_Algorithm=0;CPXPARAM_Simplex_Crash=1;CPXPARAM_Simplex_DGradient=0;CPXPARAM_Simplex_Limits_Perturbation=0;CPXPARAM_Simplex_Limits_Singularity=10;CPXPARAM_Simplex_PGradient=0;CPXPARAM_Simplex_Pricing=0;CPXPARAM_Simplex_Refactor=0
90992552580355492,0,CPXPARAM_Advance=1;CPXPARAM_Barrier_Algorithm=0;CPXPARAM_Barrier_ColNonzeros=0;CPXPARAM_Barrier_Crossover=0;CPXPARAM_Barrier_Limits_Corrections=-1;CPXPARAM_Barrier_Ordering=0;CPXPARAM_Barrier_StartAlg=1;CPXPARAM_Emphasis_MIP=2;CPXPARAM_Emphasis_Memory=0;CPXPARAM_Emphasis_Numerical=0;CPXPARAM_Feasopt_Mode=0;CPXPARAM_LPMethod=0;CPXPARAM_MIP_Cuts_Cliques=2;CPXPARAM_MIP_Cuts_Covers=2;CPXPARAM_MIP_Cuts_Disjunctive=1;CPXPARAM_MIP_Cuts_FlowCovers=-1;CPXPARAM_MIP_Cuts_GUBCovers=0;CPXPARAM_MIP_Cuts_Gomory=0;CPXPARAM_MIP_Cuts_Implied=0;CPXPARAM_MIP_Cuts_MIRCut=2;CPXPARAM_MIP_Cuts_PathCut=0;CPXPARAM_MIP_Limits_AggForCut=3;CPXPARAM_MIP_Limits_CutPasses=0;CPXPARAM_MIP_Limits_CutsFactor=-1;CPXPARAM_MIP_Limits_GomoryCand=50;CPXPARAM_MIP_Limits_GomoryPass=0;CPXPARAM_MIP_Limits_Nodes=9223372036800000000;CPXPARAM_MIP_Limits_ProbeTime=1e+75;CPXPARAM_MIP_Limits_RepairTries=0;CPXPARAM_MIP_Limits_StrongCand=10;CPXPARAM_MIP_Limits_StrongIt=0;CPXPARAM_MIP_OrderType=0;CPXPARAM_MIP_Strategy_BBInterval=7;CPXPARAM_MIP_Strategy_Branch=0;CPXPARAM_MIP_Strategy_Dive=0;CPXPARAM_MIP_Strategy_File=1;CPXPARAM_MIP_Strategy_HeuristicFreq=0;CPXPARAM_MIP_Strategy_LBHeur=0;CPXPARAM_MIP_Strategy_NodeSelect=1;CPXPARAM_MIP_Strategy_Order=1;CPXPARAM_MIP_Strategy_PresolveNode=0;CPXPARAM_MIP_Strategy_Probe=3;CPXPARAM_MIP_Strategy_RINSHeur=0;CPXPARAM_MIP_Strategy_StartAlgorithm=0;CPXPARAM_MIP_Strategy_SubAlgorithm=0;CPXPARAM_MIP_Strategy_VariableSelect=0;CPXPARAM_Network_NetFind=2;CPXPARAM_Network_Pricing=0;CPXPARAM_Parallel=1;CPXPARAM_Preprocessing_Aggregator=-1;CPXPARAM_Preprocessing_BoundStrength=-1;CPXPARAM_Preprocessing_CoeffReduce=-1;CPXPARAM_Preprocessing_Dependency=-1;CPXPARAM_Preprocessing_Dual=0;CPXPARAM_Preprocessing_Fill=10;CPXPARAM_Preprocessing_NumPass=-1;CPXPARAM_Preprocessing_Presolve=1;CPXPARAM_Preprocessing_QPMakePSD=1;CPXPARAM_Preprocessing_Reduce=3;CPXPARAM_Preprocessing_Relax=-1;CPXPARAM_Preprocessing_RepeatPresolve=-1;CPXPARAM_Preprocessing_Symmetry=-1;CPXPARAM_Read_Scale=0;CPXPARAM_Sifting_Algorithm=0;CPXPARAM_Simplex_Crash=1;CPXPARAM_Simplex_DGradient=0;CPXPARAM_Simplex_Limits_Perturbation=0;CPXPARAM_Simplex_Limits_Singularity=10;CPXPARAM_Simplex_PGradient=0;CPXPARAM_Simplex_Pricing=0;CPXPARAM_Simplex_Refactor=0
9866869849628392902,0,CPXPARAM_Advance=1;CPXPARAM_Barrier_Algorithm=0;CPXPARAM_Barrier_ColNonzeros=0;CPXPARAM_Barrier_Crossover=0;CPXPARAM_Barrier_Limits_Corrections=-1;CPXPARAM_Barrier_Ordering=0;CPXPARAM_Barrier_StartAlg=1;CPXPARAM_Emphasis_MIP=2;CPXPARAM_Emphasis_Memory=0;CPXPARAM_Emphasis_Numerical=0;CPXPARAM_Feasopt_Mode=0;CPXPARAM_LPMethod=0;CPXPARAM_MIP_Cuts_Cliques=3;CPXPARAM_MIP_Cuts_Covers=0;CPXPARAM_MIP_Cuts_Disjunctive=0;CPXPARAM_MIP_Cuts_FlowCovers=1;CPXPARAM_MIP_Cuts_GUBCovers=-1;CPXPARAM_MIP_Cuts_Gomory=1;CPXPARAM_MIP_Cuts_Implied=0;CPXPARAM_MIP_Cuts_MIRCut=2;CPXPARAM_MIP_Cuts_PathCut=0;CPXPARAM_MIP_Limits_AggForCut=3;CPXPARAM_MIP_Limits_CutPasses=0;CPXPARAM_MIP_Limits_CutsFactor=-1;CPXPARAM_MIP_Limits_GomoryCand=200;CPXPARAM_MIP_Limits_GomoryPass=0;CPXPARAM_MIP_Limits_Nodes=9223372036800000000;CPXPARAM_MIP_Limits_ProbeTime=1e+75;CPXPARAM_MIP_Limits_RepairTries=0;CPXPARAM_MIP_Limits_StrongCand=10;CPXPARAM_MIP_Limits_StrongIt=0;CPXPARAM_MIP_OrderType=0;CPXPARAM_MIP_Strategy_BBInterval=7;CPXPARAM_MIP_Strategy_Branch=0;CPXPARAM_MIP_Strategy_Dive=0;CPXPARAM_MIP_Strategy_File=1;CPXPARAM_MIP_Strategy_HeuristicFreq=0;CPXPARAM_MIP_Strategy_LBHeur=0;CPXPARAM_MIP_Strategy_NodeSelect=2;CPXPARAM_MIP_Strategy_Order=1;CPXPARAM_MIP_Strategy_PresolveNode=2;CPXPARAM_MIP_Strategy_Probe=3;CPXPARAM_MIP_Strategy_RINSHeur=0;CPXPARAM_MIP_Strategy_StartAlgorithm=0;CPXPARAM_MIP_Strategy_SubAlgorithm=0;CPXPARAM_MIP_Strategy_VariableSelect=2;CPXPARAM_Network_NetFind=2;CPXPARAM_Network_Pricing=0;CPXPARAM_Parallel=1;CPXPARAM_Preprocessing_Aggregator=-1;CPXPARAM_Preprocessing_BoundStrength=-1;CPXPARAM_Preprocessing_CoeffReduce=-1;CPXPARAM_Preprocessing_Dependency=-1;CPXPARAM_Preprocessing_Dual=0;CPXPARAM_Preprocessing_Fill=10;CPXPARAM_Preprocessing_NumPass=-1;CPXPARAM_Preprocessing_Presolve=1;CPXPARAM_Preprocessing_QPMakePSD=1;CPXPARAM_Preprocessing_Reduce=3;CPXPARAM_Preprocessing_Relax=-1;CPXPARAM_Preprocessing_RepeatPresolve=-1;CPXPARAM_Preprocessing_Symmetry=-1;CPXPARAM_Read_Scale=0;CPXPARAM_Sifting_Algorithm=0;CPXPARAM_Simplex_Crash=1;CPXPARAM_Simplex_DGradient=0;CPXPARAM_Simplex_Limits_Perturbation=0;CPXPARAM_Simplex_Limits_Singularity=10;CPXPARAM_Simplex_PGradient=0;CPXPARAM_Simplex_Pricing=0;CPXPARAM_Simplex_Refactor=0
29545235830939053,0,CPXPARAM_Advance=1;CPXPARAM_Barrier_Algorithm=0;CPXPARAM_Barrier_ColNonzeros=0;CPXPARAM_Barrier_Crossover=0;CPXPARAM_Barrier_Limits_Corrections=-1;CPXPARAM_Barrier_Ordering=0;CPXPARAM_Barrier_StartAlg=1;CPXPARAM_Emphasis_MIP=5;CPXPARAM_Emphasis_Memory=0;CPXPARAM_Emphasis_Numerical=0;CPXPARAM_Feasopt_Mode=0;CPXPARAM_LPMethod=0;CPXPARAM_MIP_Cuts_Cliques=1;CPXPARAM_MIP_Cuts_Covers=1;CPXPARAM_MIP_Cuts_Disjunctive=0;CPXPARAM_MIP_Cuts_FlowCovers=0;CPXPARAM_MIP_Cuts_GUBCovers=-1;CPXPARAM_MIP_Cuts_Gomory=1;CPXPARAM_MIP_Cuts_Implied=-1;CPXPARAM_MIP_Cuts_MIRCut=-1;CPXPARAM_MIP_Cuts_PathCut=0;CPXPARAM_MIP_Limits_AggForCut=3;CPXPARAM_MIP_Limits_CutPasses=0;CPXPARAM_MIP_Limits_CutsFactor=-1;CPXPARAM_MIP_Limits_GomoryCand=10;CPXPARAM_MIP_Limits_GomoryPass=0;CPXPARAM_MIP_Limits_Nodes=9223372036800000000;CPXPARAM_MIP_Limits_ProbeTime=1e+75;CPXPARAM_MIP_Limits_RepairTries=0;CPXPARAM_MIP_Limits_StrongCand=10;CPXPARAM_MIP_Limits_StrongIt=0;CPXPARAM_MIP_OrderType=0;CPXPARAM_MIP_Strategy_BBInterval=7;CPXPARAM_MIP_Strategy_Branch=0;CPXPARAM_MIP_Strategy_Dive=0;CPXPARAM_MIP_Strategy_File=1;CPXPARAM_MIP_Strategy_HeuristicFreq=0;CPXPARAM_MIP_Strategy_LBHeur=0;CPXPARAM_MIP_Strategy_NodeSelect=1;CPXPARAM_MIP_Strategy_Order=1;CPXPARAM_MIP_Strategy_PresolveNode=0;CPXPARAM_MIP_Strategy_Probe=-1;CPXPARAM_MIP_Strategy_RINSHeur=0;CPXPARAM_MIP_Strategy_StartAlgorithm=0;CPXPARAM_MIP_Strategy_SubAlgorithm=0;CPXPARAM_MIP_Strategy_VariableSelect=0;CPXPARAM_Network_NetFind=2;CPXPARAM_Network_Pricing=0;CPXPARAM_Parallel=1;CPXPARAM_Preprocessing_Aggregator=-1;CPXPARAM_Preprocessing_BoundStrength=-1;CPXPARAM_Preprocessing_CoeffReduce=-1;CPXPARAM_Preprocessing_Dependency=-1;CPXPARAM_Preprocessing_Dual=0;CPXPARAM_Preprocessing_Fill=10;CPXPARAM_Preprocessing_NumPass=-1;CPXPARAM_Preprocessing_Presolve=1;CPXPARAM_Preprocessing_QPMakePSD=1;CPXPARAM_Preprocessing_Reduce=3;CPXPARAM_Preprocessing_Relax=-1;CPXPARAM_Preprocessing_RepeatPresolve=-1;CPXPARAM_Preprocessing_Symmetry=-1;CPXPARAM_Read_Scale=0;CPXPARAM_Sifting_Algorithm=0;CPXPARAM_Simplex_Crash=1;CPXPARAM_Simplex_DGradient=0;CPXPARAM_Simplex_Limits_Perturbation=0;CPXPARAM_Simplex_Limits_Singularity=10;CPXPARAM_Simplex_PGradient=0;CPXPARAM_Simplex_Pricing=0;CPXPARAM_Simplex_Refactor=0
17896985564150117628,0,CPXPARAM_Advance=1;CPXPARAM_Barrier_Algorithm=0;CPXPARAM_Barrier_ColNonzeros=0;CPXPARAM_Barrier_Crossover=0;CPXPARAM_Barrier_Limits_Corrections=-1;CPXPARAM_Barrier_Ordering=0;CPXPARAM_Barrier_StartAlg=1;CPXPARAM_Emphasis_MIP=3;CPXPARAM_Emphasis_Memory=0;CPXPARAM_Emphasis_Numerical=0;CPXPARAM_Feasopt_Mode=0;CPXPARAM_LPMethod=0;CPXPARAM_MIP_Cuts_Cliques=-1;CPXPARAM_MIP_Cuts_Covers=0;CPXPARAM_MIP_Cuts_Disjunctive=1;CPXPARAM_MIP_Cuts_FlowCovers=-1;CPXPARAM_MIP_Cuts_GUBCovers=2;CPXPARAM_MIP_Cuts_Gomory=2;CPXPARAM_MIP_Cuts_Implied=0;CPXPARAM_MIP_Cuts_MIRCut=1;CPXPARAM_MIP_Cuts_PathCut=-1;CPXPARAM_MIP_Limits_AggForCut=3;CPXPARAM_MIP_Limits_CutPasses=0;CPXPARAM_MIP_Limits_CutsFactor=-1;CPXPARAM_MIP_Limits_GomoryCand=400;CPXPARAM_MIP_Limits_GomoryPass=0;CPXPARAM_MIP_Limits_Nodes=9223372036800000000;CPXPARAM_MIP_Limits_ProbeTime=1e+75;CPXPARAM_MIP_Limits_RepairTries=0;CPXPARAM_MIP_Limits_StrongCand=10;CPXPARAM_MIP_Limits_StrongIt=0;CPXPARAM_MIP_OrderType=0;CPXPARAM_MIP_Strategy_BBInterval=7;CPXPARAM_MIP_Strategy_Branch=0;CPXPARAM_MIP_Strategy_Dive=0;CPXPARAM_MIP_Strategy_File=1;CPXPARAM_MIP_Strategy_HeuristicFreq=0;CPXPARAM_MIP_Strategy_LBHeur=0;CPXPARAM_MIP_Strategy_NodeSelect=1;CPXPARAM_MIP_Strategy_Order=1;CPXPARAM_MIP_Strategy_PresolveNode=0;CPXPARAM_MIP_Strategy_Probe=0;CPXPARAM_MIP_Strategy_RINSHeur=0;CPXPARAM_MIP_Strategy_StartAlgorithm=0;CPXPARAM_MIP_Strategy_SubAlgorithm=0;CPXPARAM_MIP_Strategy_VariableSelect=0;CPXPARAM_Network_NetFind=2;CPXPARAM_Network_Pricing=0;CPXPARAM_Parallel=1;CPXPARAM_Preprocessing_Aggregator=-1;CPXPARAM_Preprocessing_BoundStrength=-1;CPXPARAM_Preprocessing_CoeffReduce=-1;CPXPARAM_Preprocessing_Dependency=-1;CPXPARAM_Preprocessing_Dual=0;CPXPARAM_Preprocessing_Fill=10;CPXPARAM_Preprocessing_NumPass=-1;CPXPARAM_Preprocessing_Presolve=1;CPXPARAM_Preprocessing_QPMakePSD=1;CPXPARAM_Preprocessing_Reduce=3;CPXPARAM_Preprocessing_Relax=-1;CPXPARAM_Preprocessing_RepeatPresolve=-1;CPXPARAM_Preprocessing_Symmetry=-1;CPXPARAM_Read_Scale=0;CPXPARAM_Sifting_Algorithm=0;CPXPARAM_Simplex_Crash=1;CPXPARAM_Simplex_DGradient=0;CPXPARAM_Simplex_Limits_Perturbation=0;CPXPARAM_Simplex_Limits_Singularity=10;CPXPARAM_Simplex_PGradient=0;CPXPARAM_Simplex_Pricing=0;CPXPARAM_Simplex_Refactor=0
7506509623124396726,0,CPXPARAM_Advance=1;CPXPARAM_Barrier_Algorithm=0;CPXPARAM_Barrier_ColNonzeros=0;CPXPARAM_Barrier_Crossover=0;CPXPARAM_Barrier_Limits_Corrections=-1;CPXPARAM_Barrier_Ordering=0;CPXPARAM_Barrier_StartAlg=1;CPXPARAM_Emphasis_MIP=2;CPXPARAM_Emphasis_Memory=0;CPXPARAM_Emphasis_Numerical=0;CPXPARAM_Feasopt_Mode=0;CPXPARAM_LPMethod=0;CPXPARAM_MIP_Cuts_Cliques=-1;CPXPARAM_MIP_Cuts_Covers=0;CPXPARAM_MIP_Cuts_Disjunctive=-1;CPXPARAM_MIP_Cuts_FlowCovers=1;CPXPARAM_MIP_Cuts_GUBCovers=0;CPXPARAM_MIP_Cuts_Gomory=-1;CPXPARAM_MIP_Cuts_Implied=-1;CPXPARAM_MIP_Cuts_MIRCut=2;CPXPARAM_MIP_Cuts_PathCut=1;CPXPARAM_MIP_Limits_AggForCut=3;CPXPARAM_MIP_Limits_CutPasses=0;CPXPARAM_MIP_Limits_CutsFactor=-1;CPXPARAM_MIP_Limits_GomoryCand=10;CPXPARAM_MIP_Limits_GomoryPass=0;CPXPARAM_MIP_Limits_Nodes=9223372036800000000;CPXPARAM_MIP_Limits_ProbeTime=1e+75;CPXPARAM_MIP_Limits_RepairTries=0;CPXPARAM_MIP_Limits_StrongCand=10;CPXPARAM_MIP_Limits_StrongIt=0;CPXPARAM_MIP_OrderType=0;CPXPARAM_MIP_Strategy_BBInterval=7;CPXPARAM_MIP_Strategy_Branch=0;CPXPARAM_MIP_Strategy_Dive=0;CPXPARAM_MIP_Strategy_File=1;CPXPARAM_MIP_Strategy_HeuristicFreq=0;CPXPARAM_MIP_Strategy_LBHeur=0;CPXPARAM_MIP_Strategy_NodeSelect=1;CPXPARAM_MIP_Strategy_Order=1;CPXPARAM_MIP_Strategy_PresolveNode=0;CPXPARAM_MIP_Strategy_Probe=0;CPXPARAM_MIP_Strategy_RINSHeur=0;CPXPARAM_MIP_Strategy_StartAlgorithm=0;CPXPARAM_MIP_Strategy_SubAlgorithm=0;CPXPARAM_MIP_Strategy_VariableSelect=0;CPXPARAM_Network_NetFind=2;CPXPARAM_Network_Pricing=0;CPXPARAM_Parallel=1;CPXPARAM_Preprocessing_Aggregator=-1;CPXPARAM_Preprocessing_BoundStrength=-1;CPXPARAM_Preprocessing_CoeffReduce=-1;CPXPARAM_Preprocessing_Dependency=-1;CPXPARAM_Preprocessing_Dual=0;CPXPARAM_Preprocessing_Fill=10;CPXPARAM_Preprocessing_NumPass=-1;CPXPARAM_Preprocessing_Presolve=1;CPXPARAM_Preprocessing_QPMakePSD=1;CPXPARAM_Preprocessing_Reduce=3;CPXPARAM_Preprocessing_Relax=-1;CPXPARAM_Preprocessing_RepeatPresolve=-1;CPXPARAM_Preprocessing_Symmetry=-1;CPXPARAM_Read_Scale=0;CPXPARAM_Sifting_Algorithm=0;CPXPARAM_Simplex_Crash=1;CPXPARAM_Simplex_DGradient=0;CPXPARAM_Simplex_Limits_Perturbation=0;CPXPARAM_Simplex_Limits_Singularity=10;CPXPARAM_Simplex_PGradient=0;CPXPARAM_Simplex_Pricing=0;CPXPARAM_Simplex_Refactor=0
16242153586056512199,0,CPXPARAM_Advance=1;CPXPARAM_Barrier_Algorithm=0;CPXPARAM_Barrier_ColNonzeros=0;CPXPARAM_Barrier_Crossover=0;CPXPARAM_Barrier_Limits_Corrections=-1;CPXPARAM_Barrier_Ordering=0;CPXPARAM_Barrier_StartAlg=1;CPXPARAM_Emphasis_MIP=4;CPXPARAM_Emphasis_Memory=0;CPXPARAM_Emphasis_Numerical=0;CPXPARAM_Feasopt_Mode=0;CPXPARAM_LPMethod=0;CPXPARAM_MIP_Cuts_Cliques=0;CPXPARAM_MIP_Cuts_Covers=0;CPXPARAM_MIP_Cuts_Disjunctive=0;CPXPARAM_MIP_Cuts_FlowCovers=-1;CPXPARAM_MIP_Cuts_GUBCovers=2;CPXPARAM_MIP_Cuts_Gomory=1;CPXPARAM_MIP_Cuts_Implied=0;CPXPARAM_MIP_Cuts_MIRCut=0;CPXPARAM_MIP_Cuts_PathCut=1;CPXPARAM_MIP_Limits_AggForCut=3;CPXPARAM_MIP_Limits_CutPasses=0;CPXPARAM_MIP_Limits_CutsFactor=-1;CPXPARAM_MIP_Limits_GomoryCand=150;CPXPARAM_MIP_Limits_GomoryPass=0;CPXPARAM_MIP_Limits_Nodes=9223372036800000000;CPXPARAM_MIP_Limits_ProbeTime=1e+75;CPXPARAM_MIP_Limits_RepairTries=0;CPXPARAM_MIP_Limits_StrongCand=10;CPXPARAM_MIP_Limits_StrongIt=0;CPXPARAM_MIP_OrderType=0;CPXPARAM_MIP_Strategy_BBInterval=7;CPXPARAM_MIP_Strategy_Branch=0;CPXPARAM_MIP_Strategy_Dive=0;CPXPARAM_MIP_Strategy_File=1;CPXPARAM_MIP_Strategy_HeuristicFreq=0;CPXPARAM_MIP_Strategy_LBHeur=0;CPXPARAM_MIP_Strategy_NodeSelect=1;CPXPARAM_MIP_Strategy_Order=1;CPXPARAM_MIP_Strategy_PresolveNode=0;CPXPARAM_MIP_Strategy_Probe=0;CPXPARAM_MIP_Strategy_RINSHeur=0;CPXPARAM_MIP_Strategy_StartAlgorithm=0;CPXPARAM_MIP_Strategy_SubAlgorithm=0;CPXPARAM_MIP_Strategy_VariableSelect=0;CPXPARAM_Network_NetFind=2;CPXPARAM_Network_Pricing=0;CPXPARAM_Parallel=1;CPXPARAM_Preprocessing_Aggregator=-1;CPXPARAM_Preprocessing_BoundStrength=-1;CPXPARAM_Preprocessing_CoeffReduce=-1;CPXPARAM_Preprocessing_Dependency=-1;CPXPARAM_Preprocessing_Dual=0;CPXPARAM_Preprocessing_Fill=10;CPXPARAM_Preprocessing_NumPass=-1;CPXPARAM_Preprocessing_Presolve=1;CPXPARAM_Preprocessing_QPMakePSD=1;CPXPARAM_Preprocessing_Reduce=3;CPXPARAM_Preprocessing_Relax=-1;CPXPARAM_Preprocessing_RepeatPresolve=-1;CPXPARAM_Preprocessing_Symmetry=-1;CPXPARAM_Read_Scale=0;CPXPARAM_Sifting_Algorithm=0;CPXPARAM_Simplex_Crash=1;CPXPARAM_Simplex_DGradient=0;CPXPARAM_Simplex_Limits_Perturbation=0;CPXPARAM_Simplex_Limits_Singularity=10;CPXPARAM_Simplex_PGradient=0;CPXPARAM_Simplex_Pricing=0;CPXPARAM_Simplex_Refactor=0
15844122325776476040,0,CPXPARAM_Advance=1;CPXPARAM_Barrier_Algorithm=0;CPXPARAM_Barrier_ColNonzeros=0;CPXPARAM_Barrier_Crossover=0;CPXPARAM_Barrier_Limits_Corrections=-1;CPXPARAM_Barrier_Ordering=0;CPXPARAM_Barrier_StartAlg=1;CPXPARAM_Emphasis_MIP=3;CPXPARAM_Emphasis_Memory=0;CPXPARAM_Emphasis_Numerical=0;CPXPARAM_Feasopt_Mode=0;CPXPARAM_LPMethod=0;CPXPARAM_MIP_Cuts_Cliques=3;CPXPARAM_MIP_Cuts_Covers=2;CPXPARAM_MIP_Cuts_Disjunctive=1;CPXPARAM_MIP_Cuts_FlowCovers=-1;CPXPARAM_MIP_Cuts_GUBCovers=0;CPXPARAM_MIP_Cuts_Gomory=-1;CPXPARAM_MIP_Cuts_Implied=-1;CPXPARAM_MIP_Cuts_MIRCut=-1;CPXPARAM_MIP_Cuts_PathCut=2;CPXPARAM_MIP_Limits_AggForCut=3;CPXPARAM_MIP_Limits_CutPasses=0;CPXPARAM_MIP_Limits_CutsFactor=-1;CPXPARAM_MIP_Limits_GomoryCand=10;CPXPARAM_MIP_Limits_GomoryPass=0;CPXPARAM_MIP_Limits_Nodes=9223372036800000000;CPXPARAM_MIP_Limits_ProbeTime=1e+75;CPXPARAM_MIP_Limits_RepairTries=0;CPXPARAM_MIP_Limits_StrongCand=10;CPXPARAM_MIP_Limits_StrongIt=0;CPXPARAM_MIP_OrderType=0;CPXPARAM_MIP_Strategy_BBInterval=7;CPXPARAM_MIP_Strategy_Branch=1;CPXPARAM_MIP_Strategy_Dive=0;CPXPARAM_MIP_Strategy_File=1;CPXPARAM_MIP_Strategy_HeuristicFreq=0;CPXPARAM_MIP_Strategy_LBHeur=0;CPXPARAM_MIP_Strategy_NodeSelect=1;CPXPARAM_MIP_Strategy_Order=1;CPXPARAM_MIP_Strategy_PresolveNode=0;CPXPARAM_MIP_Strategy_Probe=-1;CPXPARAM_MIP_Strategy_RINSHeur=0;CPXPARAM_MIP_Strategy_StartAlgorithm=0;CPXPARAM_MIP_Strategy_SubAlgorithm=0;CPXPARAM_MIP_Strategy_VariableSelect=1;CPXPARAM_Network_NetFind=2;CPXPARAM_Network_Pricing=0;CPXPARAM_Parallel=1;CPXPARAM_Preprocessing_Aggregator=-1;CPXPARAM_Preprocessing_BoundStrength=-1;CPXPARAM_Preprocessing_CoeffReduce=-1;CPXPARAM_Preprocessing_Dependency=-1;CPXPARAM_Preprocessing_Dual=0;CPXPARAM_Preprocessing_Fill=10;CPXPARAM_Preprocessing_NumPass=-1;CPXPARAM_Preprocessing_Presolve=1;CPXPARAM_Preprocessing_QPMakePSD=1;CPXPARAM_Preprocessing_Reduce=3;CPXPARAM_Preprocessing_Relax=-1;CPXPARAM_Preprocessing_RepeatPresolve=-1;CPXPARAM_Preprocessing_Symmetry=-1;CPXPARAM_Read_Scale=0;CPXPARAM_Sifting_Algorithm=0;CPXPARAM_Simplex_Crash=1;CPXPARAM_Simplex_DGradient=0;CPXPARAM_Simplex_Limits_Perturbation=0;CPXPARAM_Simplex_Limits_Singularity=10;CPXPARAM_Simplex_PGradient=0;CPXPARAM_Simplex_Pricing=0;CPXPARAM_Simplex_Refactor=0
9189671605112484984,0,CPXPARAM_Advance=1;CPXPARAM_Barrier_Algorithm=0;CPXPARAM_Barrier_ColNonzeros=0;CPXPARAM_Barrier_Crossover=0;CPXPARAM_Barrier_Limits_Corrections=-1;CPXPARAM_Barrier_Ordering=0;CPXPARAM_Barrier_StartAlg=1;CPXPARAM_Emphasis_MIP=4;CPXPARAM_Emphasis_Memory=0;CPXPARAM_Emphasis_Numerical=0;CPXPARAM_Feasopt_Mode=0;CPXPARAM_LPMethod=0;CPXPARAM_MIP_Cuts_Cliques=0;CPXPARAM_MIP_Cuts_Covers=0;CPXPARAM_MIP_Cuts_Disjunctive=-1;CPXPARAM_MIP_Cuts_FlowCovers=2;CPXPARAM_MIP_Cuts_GUBCovers=-1;CPXPARAM_MIP_Cuts_Gomory=0;CPXPARAM_MIP_Cuts_Implied=-1;CPXPARAM_MIP_Cuts_MIRCut=0;CPXPARAM_MIP_Cuts_PathCut=2;CPXPARAM_MIP_Limits_AggForCut=3;CPXPARAM_MIP_Limits_CutPasses=0;CPXPARAM_MIP_Limits_CutsFactor=-1;CPXPARAM_MIP_Limits_GomoryCand=10;CPXPARAM_MIP_Limits_GomoryPass=0;CPXPARAM_MIP_Limits_Nodes=9223372036800000000;CPXPARAM_MIP_Limits_ProbeTime=1e+75;CPXPARAM_MIP_Limits_RepairTries=0;CPXPARAM_MIP_Limits_StrongCand=10;CPXPARAM_MIP_Limits_StrongIt=0;CPXPARAM_MIP_OrderType=0;CPXPARAM_MIP_Strategy_BBInterval=7;CPXPARAM_MIP_Strategy_Branch=0;CPXPARAM_MIP_Strategy_Dive=0;CPXPARAM_MIP_Strategy_File=1;CPXPARAM_MIP_Strategy_HeuristicFreq=0;CPXPARAM_MIP_Strategy_LBHeur=0;CPXPARAM_MIP_Strategy_NodeSelect=1;CPXPARAM_MIP_Strategy_Order=1;CPXPARAM_MIP_Strategy_PresolveNode=0;CPXPARAM_MIP_Strategy_Probe=0;CPXPARAM_MIP_Strategy_RINSHeur=0;CPXPARAM_MIP_Strategy_StartAlgorithm=0;CPXPARAM_MIP_Strategy_SubAlgorithm=0;CPXPARAM_MIP_Strategy_VariableSelect=0;CPXPARAM_Network_NetFind=2;CPXPARAM_Network_Pricing=0;CPXPARAM_Parallel=1;CPXPARAM_Preprocessing_Aggregator=-1;CPXPARAM_Preprocessing_BoundStrength=-1;CPXPARAM_Preprocessing_CoeffReduce=-1;CPXPARAM_Preprocessing_Dependency=-1;CPXPARAM_Preprocessing_Dual=0;CPXPARAM_Preprocessing_Fill=10;CPXPARAM_Preprocessing_NumPass=-1;CPXPARAM_Preprocessing_Presolve=1;CPXPARAM_Preprocessing_QPMakePSD=1;CPXPARAM_Preprocessing_Reduce=3;CPXPARAM_Preprocessing_Relax=-1;CPXPARAM_Preprocessing_RepeatPresolve=-1;CPXPARAM_Preprocessing_Symmetry=-1;CPXPARAM_Read_Scale=0;CPXPARAM_Sifting_Algorithm=0;CPXPARAM_Simplex_Crash=1;CPXPARAM_Simplex_DGradient=0;CPXPARAM_Simplex_Limits_Perturbation=0;CPXPARAM_Simplex_Limits_Singularity=10;CPXPARAM_Simplex_PGradient=0;CPXPARAM_Simplex_Pricing=0;CPXPARAM_Simplex_Refactor=0
17385509976191421600,0,CPXPARAM_Advance=1;CPXPARAM_Barrier_Algorithm=0;CPXPARAM_Barrier_ColNonzeros=0;CPXPARAM_Barrier_Crossover=0;CPXPARAM_Barrier_Limits_Corrections=-1;CPXPARAM_Barrier_Ordering=0;CPXPARAM_Barrier_StartAlg=1;CPXPARAM_Emphasis_MIP=5;CPXPARAM_Emphasis_Memory=0;CPXPARAM_Emphasis_Numerical=0;CPXPARAM_Feasopt_Mode=0;CPXPARAM_LPMethod=0;CPXPARAM_MIP_Cuts_Cliques=-1;CPXPARAM_MIP_Cuts_Covers=0;CPXPARAM_MIP_Cuts_Disjunctive=1;CPXPARAM_MIP_Cuts_FlowCovers=-1;CPXPARAM_MIP_Cuts_GUBCovers=0;CPXPARAM_MIP_Cuts_Gomory=-1;CPXPARAM_MIP_Cuts_Implied=-1;CPXPARAM_MIP_Cuts_MIRCut=-1;CPXPARAM_MIP_Cuts_PathCut=-1;CPXPARAM_MIP_Limits_AggForCut=3;CPXPARAM_MIP_Limits_CutPasses=0;CPXPARAM_MIP_Limits_CutsFactor=-1;CPXPARAM_MIP_Limits_GomoryCand=200;CPXPARAM_MIP_Limits_GomoryPass=0;CPXPARAM_MIP_Limits_Nodes=9223372036800000000;CPXPARAM_MIP_Limits_ProbeTime=1e+75;CPXPARAM_MIP_Limits_RepairTries=0;CPXPARAM_MIP_Limits_StrongCand=10;CPXPARAM_MIP_Limits_StrongIt=0;CPXPARAM_MIP_OrderType=0;CPXPARAM_MIP_Strategy_BBInterval=7;CPXPARAM_MIP_Strategy_Branch=0;CPXPARAM_MIP_Strategy_Dive=0;CPXPARAM_MIP_Strategy_File=1;CPXPARAM_MIP_Strategy_HeuristicFreq=0;CPXPARAM_MIP_Strategy_LBHeur=0;CPXPARAM_MIP_Strategy_NodeSelect=1;CPXPARAM_MIP_Strategy_Order=1;CPXPARAM_MIP_Strategy_PresolveNode=0;CPXPARAM_MIP_Strategy_Probe=0;CPXPARAM_MIP_Strategy_RINSHeur=0;CPXPARAM_MIP_Strategy_StartAlgorithm=0;CPXPARAM_MIP_Strategy_SubAlgorithm=0;CPXPARAM_MIP_Strategy_VariableSelect=0;CPXPARAM_Network_NetFind=2;CPXPARAM_Network_Pricing=0;CPXPARAM_Parallel=1;CPXPARAM_Preprocessing_Aggregator=-1;CPXPARAM_Preprocessing_BoundStrength=-1;CPXPARAM_Preprocessing_CoeffReduce=-1;CPXPARAM_Preprocessing_Dependency=-1;CPXPARAM_Preprocessing_Dual=0;CPXPARAM_Preprocessing_Fill=10;CPXPARAM_Preprocessing_NumPass=-1;CPXPARAM_Preprocessing_Presolve=1;CPXPARAM_Preprocessing_QPMakePSD=1;CPXPARAM_Preprocessing_Reduce=3;CPXPARAM_Preprocessing_Relax=-1;CPXPARAM_Preprocessing_RepeatPresolve=-1;CPXPARAM_Preprocessing_Symmetry=-1;CPXPARAM_Read_Scale=0;CPXPARAM_Sifting_Algorithm=0;CPXPARAM_Simplex_Crash=1;CPXPARAM_Simplex_DGradient=0;CPXPARAM_Simplex_Limits_Perturbation=0;CPXPARAM_Simplex_Limits_Singularity=10;CPXPARAM_Simplex_PGradient=0;CPXPARAM_Simplex_Pricing=0;CPXPARAM_Simplex_Refactor=0
7095726455608555643,0,CPXPARAM_Advance=1;CPXPARAM_Barrier_Algorithm=0;CPXPARAM_Barrier_ColNonzeros=0;CPXPARAM_Barrier_Crossover=0;CPXPARAM_Barrier_Limits_Corrections=-1;CPXPARAM_Barrier_Ordering=0;CPXPARAM_Barrier_StartAlg=1;CPXPARAM_Emphasis_MIP=2;CPXPARAM_Emphasis_Memory=0;CPXPARAM_Emphasis_Numerical=0;CPXPARAM_Feasopt_Mode=0;CPXPARAM_LPMethod=0;CPXPARAM_MIP_Cuts_Cliques=-1;CPXPARAM_MIP_Cuts_Covers=2;CPXPARAM_MIP_Cuts_Disjunctive=1;CPXPARAM_MIP_Cuts_FlowCovers=2;CPXPARAM_MIP_Cuts_GUBCovers=1;CPXPARAM_MIP_Cuts_Gomory=0;CPXPARAM_MIP_Cuts_Implied=-1;CPXPARAM_MIP_Cuts_MIRCut=-1;CPXPARAM_MIP_Cuts_PathCut=-1;CPXPARAM_MIP_Limits_AggForCut=3;CPXPARAM_MIP_Limits_CutPasses=0;CPXPARAM_MIP_Limits_CutsFactor=-1;CPXPARAM_MIP_Limits_GomoryCand=400;CPXPARAM_MIP_Limits_GomoryPass=0;CPXPARAM_MIP_Limits_Nodes=9223372036800000000;CPXPARAM_MIP_Limits_ProbeTime=1;CPXPARAM_MIP_Limits_RepairTries=0;CPXPARAM_MIP_Limits_StrongCand=10;CPXPARAM_MIP_Limits_StrongIt=0;CPXPARAM_MIP_OrderType=0;CPXPARAM_MIP_Strategy_BBInterval=7;CPXPARAM_MIP_Strategy_Branch=0;CPXPARAM_MIP_Strategy_Dive=0;CPXPARAM_MIP_Strategy_File=1;CPXPARAM_MIP_Strategy_HeuristicFreq=0;CPXPARAM_MIP_Strategy_LBHeur=0;CPXPARAM_MIP_Strategy_NodeSelect=1;CPXPARAM_MIP_Strategy_Order=1;CPXPARAM_MIP_Strategy_PresolveNode=0;CPXPARAM_MIP_Strategy_Probe=0;CPXPARAM_MIP_Strategy_RINSHeur=0;CPXPARAM_MIP_Strategy_StartAlgorithm=0;CPXPARAM_MIP_Strategy_SubAlgorithm=0;CPXPARAM_MIP_Strategy_VariableSelect=0;CPXPARAM_Network_NetFind=2;CPXPARAM_Network_Pricing=0;CPXPARAM_Parallel=1;CPXPARAM_Preprocessing_Aggregator=-1;CPXPARAM_Preprocessing_BoundStrength=-1;CPXPARAM_Preprocessing_CoeffReduce=-1;CPXPARAM_Preprocessing_Dependency=-1;CPXPARAM_Preprocessing_Dual=0;CPXPARAM_Preprocessing_Fill=10;CPXPARAM_Preprocessing_NumPass=-1;CPXPARAM_Preprocessing_Presolve=1;CPXPARAM_Preprocessing_QPMakePSD=1;CPXPARAM_Preprocessing_Reduce=3;CPXPARAM_Preprocessing_Relax=-1;CPXPARAM_Preprocessing_RepeatPresolve=-1;CPXPARAM_Preprocessing_Symmetry=-1;CPXPARAM_Read_Scale=0;CPXPARAM_Sifting_Algorithm=0;CPXPARAM_Simplex_Crash=1;CPXPARAM_Simplex_DGradient=0;CPXPARAM_Simplex_Limits_Perturbation=0;CPXPARAM_Simplex_Limits_Singularity=10;CPXPARAM_Simplex_PGradient=0;CPXPARAM_Simplex_Pricing=0;CPXPARAM_Simplex_Refactor=0
7454437173178645066,0,CPXPARAM_Advance=1;CPXPARAM_Barrier_Algorithm=0;CPXPARAM_Barrier_ColNonzeros=0;CPXPARAM_Barrier_Crossover=0;CPXPARAM_Barrier_Limits_Corrections=-1;CPXPARAM_Barrier_Ordering=0;CPXPARAM_Barrier_StartAlg=1;CPXPARAM_Emphasis_MIP=5;CPXPARAM_Emphasis_Memory=0;CPXPARAM_Emphasis_Numerical=0;CPXPARAM_Feasopt_Mode=0;CPXPARAM_LPMethod=0;CPXPARAM_MIP_Cuts_Cliques=-1;CPXPARAM_MIP_Cuts_Covers=0;CPXPARAM_MIP_Cuts_Disjunctive=1;CPXPARAM_MIP_Cuts_FlowCovers=0;CPXPARAM_MIP_Cuts_GUBCovers=2;CPXPARAM_MIP_Cuts_Gomory=2;CPXPARAM_MIP_Cuts_Implied=1;CPXPARAM_MIP_Cuts_MIRCut=1;CPXPARAM_MIP_Cuts_PathCut=1;CPXPARAM_MIP_Limits_AggForCut=3;CPXPARAM_MIP_Limits_CutPasses=0;CPXPARAM_MIP_Limits_CutsFactor=-1;CPXPARAM_MIP_Limits_GomoryCand=200;CPXPARAM_MIP_Limits_GomoryPass=0;CPXPARAM_MIP_Limits_Nodes=9223372036800000000;CPXPARAM_MIP_Limits_ProbeTime=1e+75;CPXPARAM_MIP_Limits_RepairTries=0;CPXPARAM_MIP_Limits_StrongCand=10;CPXPARAM_MIP_Limits_StrongIt=0;CPXPARAM_MIP_OrderType=0;CPXPARAM_MIP_Strategy_BBInterval=7;CPXPARAM_MIP_Strategy_Branch=0;CPXPARAM_MIP_Strategy_Dive=0;CPXPARAM_MIP_Strategy_File=1;CPXPARAM_MIP_Strategy_HeuristicFreq=0;CPXPARAM_MIP_Strategy_LBHeur=0;CPXPARAM_MIP_Strategy_NodeSelect=1;CPXPARAM_MIP_Strategy_Order=1;CPXPARAM_MIP_Strategy_PresolveNode=0;CPXPARAM_MIP_Strategy_Probe=0;CPXPARAM_MIP_Strategy_RINSHeur=0;CPXPARAM_MIP_Strategy_StartAlgorithm=0;CPXPARAM_MIP_Strategy_SubAlgorithm=0;CPXPARAM_MIP_Strategy_VariableSelect=0;CPXPARAM_Network_NetFind=2;CPXPARAM_Network_Pricing=0;CPXPARAM_Parallel=1;CPXPARAM_Preprocessing_Aggregator=-1;CPXPARAM_Preprocessing_BoundStrength=-1;CPXPARAM_Preprocessing_CoeffReduce=-1;CPXPARAM_Preprocessing_Dependency=-1;CPXPARAM_Preprocessing_Dual=0;CPXPARAM_Preprocessing_Fill=10;CPXPARAM_Preprocessing_NumPass=-1;CPXPARAM_Preprocessing_Presolve=1;CPXPARAM_Preprocessing_QPMakePSD=1;CPXPARAM_Preprocessing_Reduce=3;CPXPARAM_Preprocessing_Relax=-1;CPXPARAM_Preprocessing_RepeatPresolve=-1;CPXPARAM_Preprocessing_Symmetry=-1;CPXPARAM_Read_Scale=0;CPXPARAM_Sifting_Algorithm=0;CPXPARAM_Simplex_Crash=1;CPXPARAM_Simplex_DGradient=0;CPXPARAM_Simplex_Limits_Perturbation=0;CPXPARAM_Simplex_Limits_Singularity=10;CPXPARAM_Simplex_PGradient=0;CPXPARAM_Simplex_Pricing=0;CPXPARAM_Simplex_Refactor=0
10677480974858056066,0,CPXPARAM_Advance=1;CPXPARAM_Barrier_Algorithm=0;CPXPARAM_Barrier_ColNonzeros=0;CPXPARAM_Barrier_Crossover=0;CPXPARAM_Barrier_Limits_Corrections=-1;CPXPARAM_Barrier_Ordering=0;CPXPARAM_Barrier_StartAlg=1;CPXPARAM_Emphasis_MIP=2;CPXPARAM_Emphasis_Memory=0;CPXPARAM_Emphasis_Numerical=0;CPXPARAM_Feasopt_Mode=0;CPXPARAM_LPMethod=0;CPXPARAM_MIP_Cuts_Cliques=1;CPXPARAM_MIP_Cuts_Covers=0;CPXPARAM_MIP_Cuts_Disjunctive=1;CPXPARAM_MIP_Cuts_FlowCovers=2;CPXPARAM_MIP_Cuts_GUBCovers=1;CPXPARAM_MIP_Cuts_Gomory=0;CPXPARAM_MIP_Cuts_Implied=-1;CPXPARAM_MIP_Cuts_MIRCut=-1;CPXPARAM_MIP_Cuts_PathCut=-1;CPXPARAM_MIP_Limits_AggForCut=3;CPXPARAM_MIP_Limits_CutPasses=0;CPXPARAM_MIP_Limits_CutsFactor=-1;CPXPARAM_MIP_Limits_GomoryCand=400;CPXPARAM_MIP_Limits_GomoryPass=0;CPXPARAM_MIP_Limits_Nodes=9223372036800000000;CPXPARAM_MIP_Limits_ProbeTime=1e+75;CPXPARAM_MIP_Limits_RepairTries=0;CPXPARAM_MIP_Limits_StrongCand=10;CPXPARAM_MIP_Limits_StrongIt=0;CPXPARAM_MIP_OrderType=0;CPXPARAM_MIP_Strategy_BBInterval=7;CPXPARAM_MIP_Strategy_Branch=0;CPXPARAM_MIP_Strategy_Dive=0;CPXPARAM_MIP_Strategy_File=1;CPXPARAM_MIP_Strategy_HeuristicFreq=0;CPXPARAM_MIP_Strategy_LBHeur=0;CPXPARAM_MIP_Strategy_NodeSelect=1;CPXPARAM_MIP_Strategy_Order=1;CPXPARAM_MIP_Strategy_PresolveNode=0;CPXPARAM_MIP_Strategy_Probe=0;CPXPARAM_MIP_Strategy_RINSHeur=0;CPXPARAM_MIP_Strategy_StartAlgorithm=0;CPXPARAM_MIP_Strategy_SubAlgorithm=0;CPXPARAM_MIP_Strategy_VariableSelect=0;CPXPARAM_Network_NetFind=2;CPXPARAM_Network_Pricing=0;CPXPARAM_Parallel=1;CPXPARAM_Preprocessing_Aggregator=-1;CPXPARAM_Preprocessing_BoundStrength=-1;CPXPARAM_Preprocessing_CoeffReduce=-1;CPXPARAM_Preprocessing_Dependency=-1;CPXPARAM_Preprocessing_Dual=0;CPXPARAM_Preprocessing_Fill=10;CPXPARAM_Preprocessing_NumPass=-1;CPXPARAM_Preprocessing_Presolve=1;CPXPARAM_Preprocessing_QPMakePSD=1;CPXPARAM_Preprocessing_Reduce=3;CPXPARAM_Preprocessing_Relax=-1;CPXPARAM_Preprocessing_RepeatPresolve=-1;CPXPARAM_Preprocessing_Symmetry=-1;CPXPARAM_Read_Scale=0;CPXPARAM_Sifting_Algorithm=0;CPXPARAM_Simplex_Crash=1;CPXPARAM_Simplex_DGradient=0;CPXPARAM_Simplex_Limits_Perturbation=0;CPXPARAM_Simplex_Limits_Singularity=10;CPXPARAM_Simplex_PGradient=0;CPXPARAM_Simplex_Pricing=0;CPXPARAM_Simplex_Refactor=0
9834154596680211611,0,CPXPARAM_Advance=1;CPXPARAM_Barrier_Algorithm=0;CPXPARAM_Barrier_ColNonzeros=0;CPXPARAM_Barrier_Crossover=0;CPXPARAM_Barrier_Limits_Corrections=-1;CPXPARAM_Barrier_Ordering=0;CPXPARAM_Barrier_StartAlg=1;CPXPARAM_Emphasis_MIP=3;CPXPARAM_Emphasis_Memory=0;CPXPARAM_Emphasis_Numerical=0;CPXPARAM_Feasopt_Mode=0;CPXPARAM_LPMethod=0;CPXPARAM_MIP_Cuts_Cliques=0;CPXPARAM_MIP_Cuts_Covers=3;CPXPARAM_MIP_Cuts_Disjunctive=-1;CPXPARAM_MIP_Cuts_FlowCovers=-1;CPXPARAM_MIP_Cuts_GUBCovers=0;CPXPARAM_MIP_Cuts_Gomory=0;CPXPARAM_MIP_Cuts_Implied=1;CPXPARAM_MIP_Cuts_MIRCut=0;CPXPARAM_MIP_Cuts_PathCut=2;CPXPARAM_MIP_Limits_AggForCut=1;CPXPARAM_MIP_Limits_CutPasses=0;CPXPARAM_MIP_Limits_CutsFactor=-1;CPXPARAM_MIP_Limits_GomoryCand=50;CPXPARAM_MIP_Limits_GomoryPass=0;CPXPARAM_MIP_Limits_Nodes=9223372036800000000;CPXPARAM_MIP_Limits_ProbeTime=1e+75;CPXPARAM_MIP_Limits_RepairTries=0;CPXPARAM_MIP_Limits_StrongCand=10;CPXPARAM_MIP_Limits_StrongIt=0;CPXPARAM_MIP_OrderType=0;CPXPARAM_MIP_Strategy_BBInterval=7;CPXPARAM_MIP_Strategy_Branch=1;CPXPARAM_MIP_Strategy_Dive=0;CPXPARAM_MIP_Strategy_File=1;CPXPARAM_MIP_Strategy_HeuristicFreq=0;CPXPARAM_MIP_Strategy_LBHeur=0;CPXPARAM_MIP_Strategy_NodeSelect=0;CPXPARAM_MIP_Strategy_Order=1;CPXPARAM_MIP_Strategy_PresolveNode=3;CPXPARAM_MIP_Strategy_Probe=3;CPXPARAM_MIP_Strategy_RINSHeur=0;CPXPARAM_MIP_Strategy_StartAlgorithm=0;CPXPARAM_MIP_Strategy_SubAlgorithm=0;CPXPARAM_MIP_Strategy_VariableSelect=2;CPXPARAM_Network_NetFind=2;CPXPARAM_Network_Pricing=0;CPXPARAM_Parallel=1;CPXPARAM_Preprocessing_Aggregator=-1;CPXPARAM_Preprocessing_BoundStrength=-1;CPXPARAM_Preprocessing_CoeffReduce=-1;CPXPARAM_Preprocessing_Dependency=-1;CPXPARAM_Preprocessing_Dual=0;CPXPARAM_Preprocessing_Fill=2;CPXPARAM_Preprocessing_NumPass=-1;CPXPARAM_Preprocessing_Presolve=1;CPXPARAM_Preprocessing_QPMakePSD=1;CPXPARAM_Preprocessing_Reduce=3;CPXPARAM_Preprocessing_Relax=-1;CPXPARAM_Preprocessing_RepeatPresolve=-1;CPXPARAM_Preprocessing_Symmetry=-1;CPXPARAM_Read_Scale=0;CPXPARAM_Sifting_Algorithm=0;CPXPARAM_Simplex_Crash=1;CPXPARAM_Simplex_DGradient=0;CPXPARAM_Simplex_Limits_Perturbation=0;CPXPARAM_Simplex_Limits_Singularity=10;CPXPARAM_Simplex_PGradient=0;CPXPARAM_Simplex_Pricing=0;CPXPARAM_Simplex_Refactor=0
15543539691719750311,0,CPXPARAM_Advance=1;CPXPARAM_Barrier_Algorithm=0;CPXPARAM_Barrier_ColNonzeros=0;CPXPARAM_Barrier_Crossover=0;CPXPARAM_Barrier_Limits_Corrections=-1;CPXPARAM_Barrier_Ordering=0;CPXPARAM_Barrier_StartAlg=1;CPXPARAM_Emphasis_MIP=3;CPXPARAM_Emphasis_Memory=0;CPXPARAM_Emphasis_Numerical=0;CPXPARAM_Feasopt_Mode=0;CPXPARAM_LPMethod=0;CPXPARAM_MIP_Cuts_Cliques=-1;CPXPARAM_MIP_Cuts_Covers=0;CPXPARAM_MIP_Cuts_Disjunctive=1;CPXPARAM_MIP_Cuts_FlowCovers=-1;CPXPARAM_MIP_Cuts_GUBCovers=2;CPXPARAM_MIP_Cuts_Gomory=2;CPXPARAM_MIP_Cuts_Implied=-1;CPXPARAM_MIP_Cuts_MIRCut=1;CPXPARAM_MIP_Cuts_PathCut=-1;CPXPARAM_MIP_Limits_AggForCut=3;CPXPARAM_MIP_Limits_CutPasses=0;CPXPARAM_MIP_Limits_CutsFactor=-1;CPXPARAM_MIP_Limits_GomoryCand=25;CPXPARAM_MIP_Limits_GomoryPass=0;CPXPARAM_MIP_Limits_Nodes=9223372036800000000;CPXPARAM_MIP_Limits_ProbeTime=1e+75;CPXPARAM_MIP_Limits_RepairTries=0;CPXPARAM_MIP_Limits_StrongCand=10;CPXPARAM_MIP_Limits_StrongIt=0;CPXPARAM_MIP_OrderType=0;CPXPARAM_MIP_Strategy_BBInterval=7;CPXPARAM_MIP_Strategy_Branch=0;CPXPARAM_MIP_Strategy_Dive=0;CPXPARAM_MIP_Strategy_File=1;CPXPARAM_MIP_Strategy_HeuristicFreq=0;CPXPARAM_MIP_Strategy_LBHeur=0;CPXPARAM_MIP_Strategy_NodeSelect=1;CPXPARAM_MIP_Strategy_Order=1;CPXPARAM_MIP_Strategy_PresolveNode=0;CPXPARAM_MIP_Strategy_Probe=0;CPXPARAM_MIP_Strategy_RINSHeur=0;CPXPARAM_MIP_Strategy_StartAlgorithm=0;CPXPARAM_MIP_Strategy_SubAlgorithm=0;CPXPARAM_MIP_Strategy_VariableSelect=0;CPXPARAM_Network_NetFind=2;CPXPARAM_Network_Pricing=0;CPXPARAM_Parallel=1;CPXPARAM_Preprocessing_Aggregator=-1;CPXPARAM_Preprocessing_BoundStrength=-1;CPXPARAM_Preprocessing_CoeffReduce=-1;CPXPARAM_Preprocessing_Dependency=-1;CPXPARAM_Preprocessing_Dual=0;CPXPARAM_Preprocessing_Fill=10;CPXPARAM_Preprocessing_NumPass=-1;CPXPARAM_Preprocessing_Presolve=1;CPXPARAM_Preprocessing_QPMakePSD=1;CPXPARAM_Preprocessing_Reduce=3;CPXPARAM_Preprocessing_Relax=-1;CPXPARAM_Preprocessing_RepeatPresolve=-1;CPXPARAM_Preprocessing_Symmetry=-1;CPXPARAM_Read_Scale=0;CPXPARAM_Sifting_Algorithm=0;CPXPARAM_Simplex_Crash=1;CPXPARAM_Simplex_DGradient=0;CPXPARAM_Simplex_Limits_Perturbation=0;CPXPARAM_Simplex_Limits_Singularity=10;CPXPARAM_Simplex_PGradient=0;CPXPARAM_Simplex_Pricing=0;CPXPARAM_Simplex_Refactor=0
6382554531279294391,0,CPXPARAM_Advance=1;CPXPARAM_Barrier_Algorithm=0;CPXPARAM_Barrier_ColNonzeros=0;CPXPARAM_Barrier_Crossover=0;CPXPARAM_Barrier_Limits_Corrections=-1;CPXPARAM_Barrier_Ordering=0;CPXPARAM_Barrier_StartAlg=1;CPXPARAM_Emphasis_MIP=5;CPXPARAM_Emphasis_Memory=0;CPXPARAM_Emphasis_Numerical=0;CPXPARAM_Feasopt_Mode=0;CPXPARAM_LPMethod=0;CPXPARAM_MIP_Cuts_Cliques=0;CPXPARAM_MIP_Cuts_Covers=0;CPXPARAM_MIP_Cuts_Disjunctive=0;CPXPARAM_MIP_Cuts_FlowCovers=1;CPXPARAM_MIP_Cuts_GUBCovers=1;CPXPARAM_MIP_Cuts_Gomory=-1;CPXPARAM_MIP_Cuts_Implied=2;CPXPARAM_MIP_Cuts_MIRCut=1;CPXPARAM_MIP_Cuts_PathCut=0;CPXPARAM_MIP_Limits_AggForCut=3;CPXPARAM_MIP_Limits_CutPasses=0;CPXPARAM_MIP_Limits_CutsFactor=-1;CPXPARAM_MIP_Limits_GomoryCand=800;CPXPARAM_MIP_Limits_GomoryPass=0;CPXPARAM_MIP_Limits_Nodes=9223372036800000000;CPXPARAM_MIP_Limits_ProbeTime=1e+75;CPXPARAM_MIP_Limits_RepairTries=0;CPXPARAM_MIP_Limits_StrongCand=10;CPXPARAM_MIP_Limits_StrongIt=0;CPXPARAM_MIP_OrderType=0;CPXPARAM_MIP_Strategy_BBInterval=7;CPXPARAM_MIP_Strategy_Branch=-1;CPXPARAM_MIP_Strategy_Dive=0;CPXPARAM_MIP_Strategy_File=1;CPXPARAM_MIP_Strategy_HeuristicFreq=0;CPXPARAM_MIP_Strategy_LBHeur=0;CPXPARAM_MIP_Strategy_NodeSelect=2;CPXPARAM_MIP_Strategy_Order=1;CPXPARAM_MIP_Strategy_PresolveNode=-1;CPXPARAM_MIP_Strategy_Probe=3;CPXPARAM_MIP_Strategy_RINSHeur=0;CPXPARAM_MIP_Strategy_StartAlgorithm=0;CPXPARAM_MIP_Strategy_SubAlgorithm=0;CPXPARAM_MIP_Strategy_VariableSelect=4;CPXPARAM_Network_NetFind=2;CPXPARAM_Network_Pricing=0;CPXPARAM_Parallel=1;CPXPARAM_Preprocessing_Aggregator=-1;CPXPARAM_Preprocessing_BoundStrength=-1;CPXPARAM_Preprocessing_CoeffReduce=-1;CPXPARAM_Preprocessing_Dependency=-1;CPXPARAM_Preprocessing_Dual=0;CPXPARAM_Preprocessing_Fill=40;CPXPARAM_Preprocessing_NumPass=-1;CPXPARAM_Preprocessing_Presolve=1;CPXPARAM_Preprocessing_QPMakePSD=1;CPXPARAM_Preprocessing_Reduce=3;CPXPARAM_Preprocessing_Relax=-1;CPXPARAM_Preprocessing_RepeatPresolve=-1;CPXPARAM_Preprocessing_Symmetry=-1;CPXPARAM_Read_Scale=0;CPXPARAM_Sifting_Algorithm=0;CPXPARAM_Simplex_Crash=1;CPXPARAM_Simplex_DGradient=0;CPXPARAM_Simplex_Limits_Perturbation=0;CPXPARAM_Simplex_Limits_Singularity=10;CPXPARAM_Simplex_PGradient=0;CPXPARAM_Simplex_Pricing=0;CPXPARAM_Simplex_Refactor=0
4400808908802222370,0,CPXPARAM_Advance=1;CPXPARAM_Barrier_Algorithm=0;CPXPARAM_Barrier_ColNonzeros=0;CPXPARAM_Barrier_Crossover=0;CPXPARAM_Barrier_Limits_Corrections=-1;CPXPARAM_Barrier_Ordering=0;CPXPARAM_Barrier_StartAlg=1;CPXPARAM_Emphasis_MIP=4;CPXPARAM_Emphasis_Memory=0;CPXPARAM_Emphasis_Numerical=0;CPXPARAM_Feasopt_Mode=0;CPXPARAM_LPMethod=0;CPXPARAM_MIP_Cuts_Cliques=0;CPXPARAM_MIP_Cuts_Covers=1;CPXPARAM_MIP_Cuts_Disjunctive=0;CPXPARAM_MIP_Cuts_FlowCovers=2;CPXPARAM_MIP_Cuts_GUBCovers=2;CPXPARAM_MIP_Cuts_Gomory=0;CPXPARAM_MIP_Cuts_Implied=0;CPXPARAM_MIP_Cuts_MIRCut=2;CPXPARAM_MIP_Cuts_PathCut=1;CPXPARAM_MIP_Limits_AggForCut=3;CPXPARAM_MIP_Limits_CutPasses=0;CPXPARAM_MIP_Limits_CutsFactor=-1;CPXPARAM_MIP_Limits_GomoryCand=150;CPXPARAM_MIP_Limits_GomoryPass=0;CPXPARAM_MIP_Limits_Nodes=9223372036800000000;CPXPARAM_MIP_Limits_ProbeTime=1e+75;CPXPARAM_MIP_Limits_RepairTries=0;CPXPARAM_MIP_Limits_StrongCand=10;CPXPARAM_MIP_Limits_StrongIt=0;CPXPARAM_MIP_OrderType=0;CPXPARAM_MIP_Strategy_BBInterval=7;CPXPARAM_MIP_Strategy_Branch=0;CPXPARAM_MIP_Strategy_Dive=0;CPXPARAM_MIP_Strategy_File=1;CPXPARAM_MIP_Strategy_HeuristicFreq=0;CPXPARAM_MIP_Strategy_LBHeur=0;CPXPARAM_MIP_Strategy_NodeSelect=1;CPXPARAM_MIP_Strategy_Order=1;CPXPARAM_MIP_Strategy_PresolveNode=0;CPXPARAM_MIP_Strategy_Probe=0;CPXPARAM_MIP_Strategy_RINSHeur=0;CPXPARAM_MIP_Strategy_StartAlgorithm=0;CPXPARAM_MIP_Strategy_SubAlgorithm=0;CPXPARAM_MIP_Strategy_VariableSelect=4;CPXPARAM_Network_NetFind=2;CPXPARAM_Network_Pricing=0;CPXPARAM_Parallel=1;CPXPARAM_Preprocessing_Aggregator=-1;CPXPARAM_Preprocessing_BoundStrength=-1;CPXPARAM_Preprocessing_CoeffReduce=-1;CPXPARAM_Preprocessing_Dependency=-1;CPXPARAM_Preprocessing_Dual=0;CPXPARAM_Preprocessing_Fill=10;CPXPARAM_Preprocessing_NumPass=-1;CPXPARAM_Preprocessing_Presolve=1;CPXPARAM_Preprocessing_QPMakePSD=1;CPXPARAM_Preprocessing_Reduce=3;CPXPARAM_Preprocessing_Relax=-1;CPXPARAM_Preprocessing_RepeatPresolve=-1;CPXPARAM_Preprocessing_Symmetry=-1;CPXPARAM_Read_Scale=0;CPXPARAM_Sifting_Algorithm=0;CPXPARAM_Simplex_Crash=1;CPXPARAM_Simplex_DGradient=0;CPXPARAM_Simplex_Limits_Perturbation=0;CPXPARAM_Simplex_Limits_Singularity=10;CPXPARAM_Simplex_PGradient=0;CPXPARAM_Simplex_Pricing=0;CPXPARAM_Simplex_Refactor=0
10384595973997271280,0,CPXPARAM_Advance=1;CPXPARAM_Barrier_Algorithm=0;CPXPARAM_Barrier_ColNonzeros=0;CPXPARAM_Barrier_Crossover=0;CPXPARAM_Barrier_Limits_Corrections=-1;CPXPARAM_Barrier_Ordering=0;CPXPARAM_Barrier_StartAlg=1;CPXPARAM_Emphasis_MIP=3;CPXPARAM_Emphasis_Memory=0;CPXPARAM_Emphasis_Numerical=0;CPXPARAM_Feasopt_Mode=0;CPXPARAM_LPMethod=0;CPXPARAM_MIP_Cuts_Cliques=-1;CPXPARAM_MIP_Cuts_Covers=0;CPXPARAM_MIP_Cuts_Disjunctive=1;CPXPARAM_MIP_Cuts_FlowCovers=-1;CPXPARAM_MIP_Cuts_GUBCovers=2;CPXPARAM_MIP_Cuts_Gomory=2;CPXPARAM_MIP_Cuts_Implied=0;CPXPARAM_MIP_Cuts_MIRCut=1;CPXPARAM_MIP_Cuts_PathCut=1;CPXPARAM_MIP_Limits_AggForCut=3;CPXPARAM_MIP_Limits_CutPasses=0;CPXPARAM_MIP_Limits_CutsFactor=-1;CPXPARAM_MIP_Limits_GomoryCand=25;CPXPARAM_MIP_Limits_GomoryPass=0;CPXPARAM_MIP_Limits_Nodes=9223372036800000000;CPXPARAM_MIP_Limits_ProbeTime=1e+75;CPXPARAM_MIP_Limits_RepairTries=0;CPXPARAM_MIP_Limits_StrongCand=10;CPXPARAM_MIP_Limits_StrongIt=0;CPXPARAM_MIP_OrderType=0;CPXPARAM_MIP_Strategy_BBInterval=7;CPXPARAM_MIP_Strategy_Branch=0;CPXPARAM_MIP_Strategy_Dive=0;CPXPARAM_MIP_Strategy_File=1;CPXPARAM_MIP_Strategy_HeuristicFreq=0;CPXPARAM_MIP_Strategy_LBHeur=0;CPXPARAM_MIP_Strategy_NodeSelect=1;CPXPARAM_MIP_Strategy_Order=1;CPXPARAM_MIP_Strategy_PresolveNode=0;CPXPARAM_MIP_Strategy_Probe=0;CPXPARAM_MIP_Strategy_RINSHeur=0;CPXPARAM_MIP_Strategy_StartAlgorithm=0;CPXPARAM_MIP_Strategy_SubAlgorithm=0;CPXPARAM_MIP_Strategy_VariableSelect=0;CPXPARAM_Network_NetFind=2;CPXPARAM_Network_Pricing=0;CPXPARAM_Parallel=1;CPXPARAM_Preprocessing_Aggregator=-1;CPXPARAM_Preprocessing_BoundStrength=-1;CPXPARAM_Preprocessing_CoeffReduce=-1;CPXPARAM_Preprocessing_Dependency=-1;CPXPARAM_Preprocessing_Dual=0;CPXPARAM_Preprocessing_Fill=10;CPXPARAM_Preprocessing_NumPass=-1;CPXPARAM_Preprocessing_Presolve=1;CPXPARAM_Preprocessing_QPMakePSD=1;CPXPARAM_Preprocessing_Reduce=3;CPXPARAM_Preprocessing_Relax=-1;CPXPARAM_Preprocessing_RepeatPresolve=-1;CPXPARAM_Preprocessing_Symmetry=-1;CPXPARAM_Read_Scale=0;CPXPARAM_Sifting_Algorithm=0;CPXPARAM_Simplex_Crash=1;CPXPARAM_Simplex_DGradient=0;CPXPARAM_Simplex_Limits_Perturbation=0;CPXPARAM_Simplex_Limits_Singularity=10;CPXPARAM_Simplex_PGradient=0;CPXPARAM_Simplex_Pricing=0;CPXPARAM_Simplex_Refactor=0
13921743436474291257,0,CPXPARAM_Advance=1;CPXPARAM_Barrier_Algorithm=0;CPXPARAM_Barrier_ColNonzeros=0;CPXPARAM_Barrier_Crossover=0;CPXPARAM_Barrier_Limits_Corrections=-1;CPXPARAM_Barrier_Ordering=0;CPXPARAM_Barrier_StartAlg=1;CPXPARAM_Emphasis_MIP=0;CPXPARAM_Emphasis_Memory=0;CPXPARAM_Emphasis_Numerical=0;CPXPARAM_Feasopt_Mode=0;CPXPARAM_LPMethod=0;CPXPARAM_MIP_Cuts_Cliques=3;CPXPARAM_MIP_Cuts_Covers=-1;CPXPARAM_MIP_Cuts_Disjunctive=-1;CPXPARAM_MIP_Cuts_FlowCovers=2;CPXPARAM_MIP_Cuts_GUBCovers=1;CPXPARAM_MIP_Cuts_Gomory=-1;CPXPARAM_MIP_Cuts_Implied=2;CPXPARAM_MIP_Cuts_MIRCut=-1;CPXPARAM_MIP_Cuts_PathCut=2;CPXPARAM_MIP_Limits_AggForCut=3;CPXPARAM_MIP_Limits_CutPasses=0;CPXPARAM_MIP_Limits_CutsFactor=-1;CPXPARAM_MIP_Limits_GomoryCand=400;CPXPARAM_MIP_Limits_GomoryPass=0;CPXPARAM_MIP_Limits_Nodes=9223372036800000000;CPXPARAM_MIP_Limits_ProbeTime=1e+75;CPXPARAM_MIP_Limits_RepairTries=0;CPXPARAM_MIP_Limits_StrongCand=10;CPXPARAM_MIP_Limits_StrongIt=0;CPXPARAM_MIP_OrderType=0;CPXPARAM_MIP_Strategy_BBInterval=7;CPXPARAM_MIP_Strategy_Branch=-1;CPXPARAM_MIP_Strategy_Dive=0;CPXPARAM_MIP_Strategy_File=1;CPXPARAM_MIP_Strategy_HeuristicFreq=0;CPXPARAM_MIP_Strategy_LBHeur=0;CPXPARAM_MIP_Strategy_NodeSelect=3;CPXPARAM_MIP_Strategy_Order=1;CPXPARAM_MIP_Strategy_PresolveNode=-1;CPXPARAM_MIP_Strategy_Probe=-1;CPXPARAM_MIP_Strategy_RINSHeur=0;CPXPARAM_MIP_Strategy_StartAlgorithm=0;CPXPARAM_MIP_Strategy_SubAlgorithm=0;CPXPARAM_MIP_Strategy_VariableSelect=2;CPXPARAM_Network_NetFind=2;CPXPARAM_Network_Pricing=0;CPXPARAM_Parallel=1;CPXPARAM_Preprocessing_Aggregator=-1;CPXPARAM_Preprocessing_BoundStrength=-1;CPXPARAM_Preprocessing_CoeffReduce=-1;CPXPARAM_Preprocessing_Dependency=-1;CPXPARAM_Preprocessing_Dual=0;CPXPARAM_Preprocessing_Fill=10;CPXPARAM_Preprocessing_NumPass=-1;CPXPARAM_Preprocessing_Presolve=1;CPXPARAM_Preprocessing_QPMakePSD=1;CPXPARAM_Preprocessing_Reduce=3;CPXPARAM_Preprocessing_Relax=-1;CPXPARAM_Preprocessing_RepeatPresolve=-1;CPXPARAM_Preprocessing_Symmetry=-1;CPXPARAM_Read_Scale=0;CPXPARAM_Sifting_Algorithm=0;CPXPARAM_Simplex_Crash=1;CPXPARAM_Simplex_DGradient=0;CPXPARAM_Simplex_Limits_Perturbation=0;CPXPARAM_Simplex_Limits_Singularity=10;CPXPARAM_Simplex_PGradient=0;CPXPARAM_Simplex_Pricing=0;CPXPARAM_Simplex_Refactor=0
16185849181749457803,0,CPXPARAM_Advance=1;CPXPARAM_Barrier_Algorithm=0;CPXPARAM_Barrier_ColNonzeros=0;CPXPARAM_Barrier_Crossover=0;CPXPARAM_Barrier_Limits_Corrections=-1;CPXPARAM_Barrier_Ordering=0;CPXPARAM_Barrier_StartAlg=1;CPXPARAM_Emphasis_MIP=2;CPXPARAM_Emphasis_Memory=0;CPXPARAM_Emphasis_Numerical=0;CPXPARAM_Feasopt_Mode=0;CPXPARAM_LPMethod=0;CPXPARAM_MIP_Cuts_Cliques=0;CPXPARAM_MIP_Cuts_Covers=3;CPXPARAM_MIP_Cuts_Disjunctive=-1;CPXPARAM_MIP_Cuts_FlowCovers=2;CPXPARAM_MIP_Cuts_GUBCovers=1;CPXPARAM_MIP_Cuts_Gomory=0;CPXPARAM_MIP_Cuts_Implied=-1;CPXPARAM_MIP_Cuts_MIRCut=0;CPXPARAM_MIP_Cuts_PathCut=0;CPXPARAM_MIP_Limits_AggForCut=3;CPXPARAM_MIP_Limits_CutPasses=0;CPXPARAM_MIP_Limits_CutsFactor=-1;CPXPARAM_MIP_Limits_GomoryCand=150;CPXPARAM_MIP_Limits_GomoryPass=0;CPXPARAM_MIP_Limits_Nodes=9223372036800000000;CPXPARAM_MIP_Limits_ProbeTime=1e+75;CPXPARAM_MIP_Limits_RepairTries=0;CPXPARAM_MIP_Limits_StrongCand=10;CPXPARAM_MIP_Limits_StrongIt=0;CPXPARAM_MIP_OrderType=0;CPXPARAM_MIP_Strategy_BBInterval=7;CPXPARAM_MIP_Strategy_Branch=0;CPXPARAM_MIP_Strategy_Dive=0;CPXPARAM_MIP_Strategy_File=1;CPXPARAM_MIP_Strategy_HeuristicFreq=0;CPXPARAM_MIP_Strategy_LBHeur=0;CPXPARAM_MIP_Strategy_NodeSelect=0;CPXPARAM_MIP_Strategy_Order=1;CPXPARAM_MIP_Strategy_PresolveNode=-1;CPXPARAM_MIP_Strategy_Probe=3;CPXPARAM_MIP_Strategy_RINSHeur=0;CPXPARAM_MIP_Strategy_StartAlgorithm=0;CPXPARAM_MIP_Strategy_SubAlgorithm=4;CPXPARAM_MIP_Strategy_VariableSelect=3;CPXPARAM_Network_NetFind=2;CPXPARAM_Network_Pricing=0;CPXPARAM_Parallel=1;CPXPARAM_Preprocessing_Aggregator=-1;CPXPARAM_Preprocessing_BoundStrength=-1;CPXPARAM_Preprocessing_CoeffReduce=-1;CPXPARAM_Preprocessing_Dependency=-1;CPXPARAM_Preprocessing_Dual=0;CPXPARAM_Preprocessing_Fill=10;CPXPARAM_Preprocessing_NumPass=-1;CPXPARAM_Preprocessing_Presolve=1;CPXPARAM_Preprocessing_QPMakePSD=1;CPXPARAM_Preprocessing_Reduce=3;CPXPARAM_Preprocessing_Relax=-1;CPXPARAM_Preprocessing_RepeatPresolve=-1;CPXPARAM_Preprocessing_Symmetry=-1;CPXPARAM_Read_Scale=0;CPXPARAM_Sifting_Algorithm=0;CPXPARAM_Simplex_Crash=1;CPXPARAM_Simplex_DGradient=0;CPXPARAM_Simplex_Limits_Perturbation=0;CPXPARAM_Simplex_Limits_Singularity=10;CPXPARAM_Simplex_PGradient=0;CPXPARAM_Simplex_Pricing=0;CPXPARAM_Simplex_Refactor=0
15110642197119208230,0,CPXPARAM_Advance=1;CPXPARAM_Barrier_Algorithm=0;CPXPARAM_Barrier_ColNonzeros=0;CPXPARAM_Barrier_Crossover=0;CPXPARAM_Barrier_Limits_Corrections=-1;CPXPARAM_Barrier_Ordering=0;CPXPARAM_Barrier_StartAlg=1;CPXPARAM_Emphasis_MIP=0;CPXPARAM_Emphasis_Memory=0;CPXPARAM_Emphasis_Numerical=0;CPXPARAM_Feasopt_Mode=0;CPXPARAM_LPMethod=0;CPXPARAM_MIP_Cuts_Cliques=-1;CPXPARAM_MIP_Cuts_Covers=0;CPXPARAM_MIP_Cuts_Disjunctive=1;CPXPARAM_MIP_Cuts_FlowCovers=0;CPXPARAM_MIP_Cuts_GUBCovers=0;CPXPARAM_MIP_Cuts_Gomory=2;CPXPARAM_MIP_Cuts_Implied=1;CPXPARAM_MIP_Cuts_MIRCut=1;CPXPARAM_MIP_Cuts_PathCut=1;CPXPARAM_MIP_Limits_AggForCut=3;CPXPARAM_MIP_Limits_CutPasses=0;CPXPARAM_MIP_Limits_CutsFactor=-1;CPXPARAM_MIP_Limits_GomoryCand=200;CPXPARAM_MIP_Limits_GomoryPass=0;CPXPARAM_MIP_Limits_Nodes=9223372036800000000;CPXPARAM_MIP_Limits_ProbeTime=1e+75;CPXPARAM_MIP_Limits_RepairTries=0;CPXPARAM_MIP_Limits_StrongCand=10;CPXPARAM_MIP_Limits_StrongIt=0;CPXPARAM_MIP_OrderType=0;CPXPARAM_MIP_Strategy_BBInterval=7;CPXPARAM_MIP_Strategy_Branch=0;CPXPARAM_MIP_Strategy_Dive=0;CPXPARAM_MIP_Strategy_File=1;CPXPARAM_MIP_Strategy_HeuristicFreq=0;CPXPARAM_MIP_Strategy_LBHeur=0;CPXPARAM_MIP_Strategy_NodeSelect=1;CPXPARAM_MIP_Strategy_Order=1;CPXPARAM_MIP_Strategy_PresolveNode=0;CPXPARAM_MIP_Strategy_Probe=0;CPXPARAM_MIP_Strategy_RINSHeur=0;CPXPARAM_MIP_Strategy_StartAlgorithm=0;CPXPARAM_MIP_Strategy_SubAlgorithm=0;CPXPARAM_MIP_Strategy_VariableSelect=0;CPXPARAM_Network_NetFind=2;CPXPARAM_Network_Pricing=0;CPXPARAM_Parallel=1;CPXPARAM_Preprocessing_Aggregator=-1;CPXPARAM_Preprocessing_BoundStrength=-1;CPXPARAM_Preprocessing_CoeffReduce=-1;CPXPARAM_Preprocessing_Dependency=-1;CPXPARAM_Preprocessing_Dual=0;CPXPARAM_Preprocessing_Fill=10;CPXPARAM_Preprocessing_NumPass=-1;CPXPARAM_Preprocessing_Presolve=1;CPXPARAM_Preprocessing_QPMakePSD=1;CPXPARAM_Preprocessing_Reduce=3;CPXPARAM_Preprocessing_Relax=-1;CPXPARAM_Preprocessing_RepeatPresolve=-1;CPXPARAM_Preprocessing_Symmetry=-1;CPXPARAM_Read_Scale=0;CPXPARAM_Sifting_Algorithm=0;CPXPARAM_Simplex_Crash=1;CPXPARAM_Simplex_DGradient=0;CPXPARAM_Simplex_Limits_Perturbation=0;CPXPARAM_Simplex_Limits_Singularity=10;CPXPARAM_Simplex_PGradient=0;CPXPARAM_Simplex_Pricing=0;CPXPARAM_Simplex_Refactor=0
18445961282870040261,0,CPXPARAM_Advance=1;CPXPARAM_Barrier_Algorithm=0;CPXPARAM_Barrier_ColNonzeros=0;CPXPARAM_Barrier_Crossover=0;CPXPARAM_Barrier_Limits_Corrections=-1;CPXPARAM_Barrier_Ordering=0;CPXPARAM_Barrier_StartAlg=1;CPXPARAM_Emphasis_MIP=2;CPXPARAM_Emphasis_Memory=0;CPXPARAM_Emphasis_Numerical=0;CPXPARAM_Feasopt_Mode=0;CPXPARAM_LPMethod=0;CPXPARAM_MIP_Cuts_Cliques=-1;CPXPARAM_MIP_Cuts_Covers=2;CPXPARAM_MIP_Cuts_Disjunctive=1;CPXPARAM_MIP_Cuts_FlowCovers=2;CPXPARAM_MIP_Cuts_GUBCovers=1;CPXPARAM_MIP_Cuts_Gomory=0;CPXPARAM_MIP_Cuts_Implied=-1;CPXPARAM_MIP_Cuts_MIRCut=-1;CPXPARAM_MIP_Cuts_PathCut=-1;CPXPARAM_MIP_Limits_AggForCut=3;CPXPARAM_MIP_Limits_CutPasses=0;CPXPARAM_MIP_Limits_CutsFactor=-1;CPXPARAM_MIP_Limits_GomoryCand=400;CPXPARAM_MIP_Limits_GomoryPass=0;CPXPARAM_MIP_Limits_Nodes=9223372036800000000;CPXPARAM_MIP_Limits_ProbeTime=1e+75;CPXPARAM_MIP_Limits_RepairTries=0;CPXPARAM_MIP_Limits_StrongCand=10;CPXPARAM_MIP_Limits_StrongIt=0;CPXPARAM_MIP_OrderType=0;CPXPARAM_MIP_Strategy_BBInterval=7;CPXPARAM_MIP_Strategy_Branch=0;CPXPARAM_MIP_Strategy_Dive=0;CPXPARAM_MIP_Strategy_File=1;CPXPARAM_MIP_Strategy_HeuristicFreq=0;CPXPARAM_MIP_Strategy_LBHeur=0;CPXPARAM_MIP_Strategy_NodeSelect=1;CPXPARAM_MIP_Strategy_Order=1;CPXPARAM_MIP_Strategy_PresolveNode=0;CPXPARAM_MIP_Strategy_Probe=0;CPXPARAM_MIP_Strategy_RINSHeur=0;CPXPARAM_MIP_Strategy_StartAlgorithm=1;CPXPARAM_MIP_Strategy_SubAlgorithm=0;CPXPARAM_MIP_Strategy_VariableSelect=0;CPXPARAM_Network_NetFind=2;CPXPARAM_Network_Pricing=0;CPXPARAM_Parallel=1;CPXPARAM_Preprocessing_Aggregator=-1;CPXPARAM_Preprocessing_BoundStrength=-1;CPXPARAM_Preprocessing_CoeffReduce=-1;CPXPARAM_Preprocessing_Dependency=-1;CPXPARAM_Preprocessing_Dual=0;CPXPARAM_Preprocessing_Fill=10;CPXPARAM_Preprocessing_NumPass=-1;CPXPARAM_Preprocessing_Presolve=1;CPXPARAM_Preprocessing_QPMakePSD=1;CPXPARAM_Preprocessing_Reduce=3;CPXPARAM_Preprocessing_Relax=-1;CPXPARAM_Preprocessing_RepeatPresolve=-1;CPXPARAM_Preprocessing_Symmetry=-1;CPXPARAM_Read_Scale=0;CPXPARAM_Sifting_Algorithm=0;CPXPARAM_Simplex_Crash=1;CPXPARAM_Simplex_DGradient=0;CPXPARAM_Simplex_Limits_Perturbation=0;CPXPARAM_Simplex_Limits_Singularity=10;CPXPARAM_Simplex_PGradient=0;CPXPARAM_Simplex_Pricing=0;CPXPARAM_Simplex_Refactor=0
6425937945368905259,0,CPXPARAM_Advance=1;CPXPARAM_Barrier_Algorithm=0;CPXPARAM_Barrier_ColNonzeros=0;CPXPARAM_Barrier_Crossover=0;CPXPARAM_Barrier_Limits_Corrections=-1;CPXPARAM_Barrier_Ordering=0;CPXPARAM_Barrier_StartAlg=1;CPXPARAM_Emphasis_MIP=3;CPXPARAM_Emphasis_Memory=0;CPXPARAM_Emphasis_Numerical=0;CPXPARAM_Feasopt_Mode=0;CPXPARAM_LPMethod=0;CPXPARAM_MIP_Cuts_Cliques=-1;CPXPARAM_MIP_Cuts_Covers=0;CPXPARAM_MIP_Cuts_Disjunctive=1;CPXPARAM_MIP_Cuts_FlowCovers=-1;CPXPARAM_MIP_Cuts_GUBCovers=2;CPXPARAM_MIP_Cuts_Gomory=2;CPXPARAM_MIP_Cuts_Implied=0;CPXPARAM_MIP_Cuts_MIRCut=0;CPXPARAM_MIP_Cuts_PathCut=-1;CPXPARAM_MIP_Limits_AggForCut=3;CPXPARAM_MIP_Limits_CutPasses=0;CPXPARAM_MIP_Limits_CutsFactor=-1;CPXPARAM_MIP_Limits_GomoryCand=25;CPXPARAM_MIP_Limits_GomoryPass=0;CPXPARAM_MIP_Limits_Nodes=9223372036800000000;CPXPARAM_MIP_Limits_ProbeTime=1e+75;CPXPARAM_MIP_Limits_RepairTries=0;CPXPARAM_MIP_Limits_StrongCand=10;CPXPARAM_MIP_Limits_StrongIt=0;CPXPARAM_MIP_OrderType=0;CPXPARAM_MIP_Strategy_BBInterval=7;CPXPARAM_MIP_Strategy_Branch=0;CPXPARAM_MIP_Strategy_Dive=0;CPXPARAM_MIP_Strategy_File=1;CPXPARAM_MIP_Strategy_HeuristicFreq=0;CPXPARAM_MIP_Strategy_LBHeur=0;CPXPARAM_MIP_Strategy_NodeSelect=1;CPXPARAM_MIP_Strategy_Order=1;CPXPARAM_MIP_Strategy_PresolveNode=0;CPXPARAM_MIP_Strategy_Probe=0;CPXPARAM_MIP_Strategy_RINSHeur=0;CPXPARAM_MIP_Strategy_StartAlgorithm=0;CPXPARAM_MIP_Strategy_SubAlgorithm=0;CPXPARAM_MIP_Strategy_VariableSelect=0;CPXPARAM_Network_NetFind=2;CPXPARAM_Network_Pricing=0;CPXPARAM_Parallel=1;CPXPARAM_Preprocessing_Aggregator=-1;CPXPARAM_Preprocessing_BoundStrength=-1;CPXPARAM_Preprocessing_CoeffReduce=-1;CPXPARAM_Preprocessing_Dependency=-1;CPXPARAM_Preprocessing_Dual=0;CPXPARAM_Preprocessing_Fill=10;CPXPARAM_Preprocessing_NumPass=-1;CPXPARAM_Preprocessing_Presolve=1;CPXPARAM_Preprocessing_QPMakePSD=1;CPXPARAM_Preprocessing_Reduce=3;CPXPARAM_Preprocessing_Relax=-1;CPXPARAM_Preprocessing_RepeatPresolve=-1;CPXPARAM_Preprocessing_Symmetry=-1;CPXPARAM_Read_Scale=0;CPXPARAM_Sifting_Algorithm=0;CPXPARAM_Simplex_Crash=1;CPXPARAM_Simplex_DGradient=0;CPXPARAM_Simplex_Limits_Perturbation=0;CPXPARAM_Simplex_Limits_Singularity=10;CPXPARAM_Simplex_PGradient=0;CPXPARAM_Simplex_Pricing=0;CPXPARAM_Simplex_Refactor=0
7187455579761775017,0,CPXPARAM_Advance=1;CPXPARAM_Barrier_Algorithm=0;CPXPARAM_Barrier_ColNonzeros=0;CPXPARAM_Barrier_Crossover=0;CPXPARAM_Barrier_Limits_Corrections=-1;CPXPARAM_Barrier_Ordering=0;CPXPARAM_Barrier_StartAlg=1;CPXPARAM_Emphasis_MIP=3;CPXPARAM_Emphasis_Memory=0;CPXPARAM_Emphasis_Numerical=0;CPXPARAM_Feasopt_Mode=0;CPXPARAM_LPMethod=0;CPXPARAM_MIP_Cuts_Cliques=-1;CPXPARAM_MIP_Cuts_Covers=2;CPXPARAM_MIP_Cuts_Disjunctive=0;CPXPARAM_MIP_Cuts_FlowCovers=-1;CPXPARAM_MIP_Cuts_GUBCovers=1;CPXPARAM_MIP_Cuts_Gomory=-1;CPXPARAM_MIP_Cuts_Implied=1;CPXPARAM_MIP_Cuts_MIRCut=1;CPXPARAM_MIP_Cuts_PathCut=-1;CPXPARAM_MIP_Limits_AggForCut=5;CPXPARAM_MIP_Limits_CutPasses=0;CPXPARAM_MIP_Limits_CutsFactor=-1;CPXPARAM_MIP_Limits_GomoryCand=200;CPXPARAM_MIP_Limits_GomoryPass=0;CPXPARAM_MIP_Limits_Nodes=9223372036800000000;CPXPARAM_MIP_Limits_ProbeTime=1e+75;CPXPARAM_MIP_Limits_RepairTries=0;CPXPARAM_MIP_Limits_StrongCand=10;CPXPARAM_MIP_Limits_StrongIt=0;CPXPARAM_MIP_OrderType=1;CPXPARAM_MIP_Strategy_BBInterval=7;CPXPARAM_MIP_Strategy_Branch=0;CPXPARAM_MIP_Strategy_Dive=0;CPXPARAM_MIP_Strategy_File=1;CPXPARAM_MIP_Strategy_HeuristicFreq=0;CPXPARAM_MIP_Strategy_LBHeur=0;CPXPARAM_MIP_Strategy_NodeSelect=1;CPXPARAM_MIP_Strategy_Order=1;CPXPARAM_MIP_Strategy_PresolveNode=1;CPXPARAM_MIP_Strategy_Probe=0;CPXPARAM_MIP_Strategy_RINSHeur=0;CPXPARAM_MIP_Strategy_StartAlgorithm=0;CPXPARAM_MIP_Strategy_SubAlgorithm=5;CPXPARAM_MIP_Strategy_VariableSelect=1;CPXPARAM_Network_NetFind=2;CPXPARAM_Network_Pricing=0;CPXPARAM_Parallel=1;CPXPARAM_Preprocessing_Aggregator=-1;CPXPARAM_Preprocessing_BoundStrength=-1;CPXPARAM_Preprocessing_CoeffReduce=-1;CPXPARAM_Preprocessing_Dependency=-1;CPXPARAM_Preprocessing_Dual=0;CPXPARAM_Preprocessing_Fill=40;CPXPARAM_Preprocessing_NumPass=-1;CPXPARAM_Preprocessing_Presolve=1;CPXPARAM_Preprocessing_QPMakePSD=1;CPXPARAM_Preprocessing_Reduce=0;CPXPARAM_Preprocessing_Relax=-1;CPXPARAM_Preprocessing_RepeatPresolve=-1;CPXPARAM_Preprocessing_Symmetry=-1;CPXPARAM_Read_Scale=0;CPXPARAM_Sifting_Algorithm=0;CPXPARAM_Simplex_Crash=1;CPXPARAM_Simplex_DGradient=0;CPXPARAM_Simplex_Limits_Perturbation=0;CPXPARAM_Simplex_Limits_Singularity=10;CPXPARAM_Simplex_PGradient=0;CPXPARAM_Simplex_Pricing=0;CPXPARAM_Simplex_Refactor=0
5525909574684009013,0,CPXPARAM_Advance=1;CPXPARAM_Barrier_Algorithm=0;CPXPARAM_Barrier_ColNonzeros=0;CPXPARAM_Barrier_Crossover=0;CPXPARAM_Barrier_Limits_Corrections=-1;CPXPARAM_Barrier_Ordering=0;CPXPARAM_Barrier_StartAlg=1;CPXPARAM_Emphasis_MIP=3;CPXPARAM_Emphasis_Memory=0;CPXPARAM_Emphasis_Numerical=0;CPXPARAM_Feasopt_Mode=0;CPXPARAM_LPMethod=0;CPXPARAM_MIP_Cuts_Cliques=-1;CPXPARAM_MIP_Cuts_Covers=0;CPXPARAM_MIP_Cuts_Disjunctive=1;CPXPARAM_MIP_Cuts_FlowCovers=-1;CPXPARAM_MIP_Cuts_GUBCovers=2;CPXPARAM_MIP_Cuts_Gomory=2;CPXPARAM_MIP_Cuts_Implied=0;CPXPARAM_MIP_Cuts_MIRCut=1;CPXPARAM_MIP_Cuts_PathCut=0;CPXPARAM_MIP_Limits_AggForCut=3;CPXPARAM_MIP_Limits_CutPasses=0;CPXPARAM_MIP_Limits_CutsFactor=-1;CPXPARAM_MIP_Limits_GomoryCand=25;CPXPARAM_MIP_Limits_GomoryPass=0;CPXPARAM_MIP_Limits_Nodes=9223372036800000000;CPXPARAM_MIP_Limits_ProbeTime=1e+75;CPXPARAM_MIP_Limits_RepairTries=0;CPXPARAM_MIP_Limits_StrongCand=10;CPXPARAM_MIP_Limits_StrongIt=0;CPXPARAM_MIP_OrderType=0;CPXPARAM_MIP_Strategy_BBInterval=7;CPXPARAM_MIP_Strategy_Branch=0;CPXPARAM_MIP_Strategy_Dive=0;CPXPARAM_MIP_Strategy_File=1;CPXPARAM_MIP_Strategy_HeuristicFreq=0;CPXPARAM_MIP_Strategy_LBHeur=0;CPXPARAM_MIP_Strategy_NodeSelect=1;CPXPARAM_MIP_Strategy_Order=1;CPXPARAM_MIP_Strategy_PresolveNode=0;CPXPARAM_MIP_Strategy_Probe=0;CPXPARAM_MIP_Strategy_RINSHeur=0;CPXPARAM_MIP_Strategy_StartAlgorithm=0;CPXPARAM_MIP_Strategy_SubAlgorithm=0;CPXPARAM_MIP_Strategy_VariableSelect=0;CPXPARAM_Network_NetFind=2;CPXPARAM_Network_Pricing=0;CPXPARAM_Parallel=1;CPXPARAM_Preprocessing_Aggregator=-1;CPXPARAM_Preprocessing_BoundStrength=-1;CPXPARAM_Preprocessing_CoeffReduce=-1;CPXPARAM_Preprocessing_Dependency=-1;CPXPARAM_Preprocessing_Dual=0;CPXPARAM_Preprocessing_Fill=10;CPXPARAM_Preprocessing_NumPass=-1;CPXPARAM_Preprocessing_Presolve=1;CPXPARAM_Preprocessing_QPMakePSD=1;CPXPARAM_Preprocessing_Reduce=3;CPXPARAM_Preprocessing_Relax=-1;CPXPARAM_Preprocessing_RepeatPresolve=-1;CPXPARAM_Preprocessing_Symmetry=-1;CPXPARAM_Read_Scale=0;CPXPARAM_Sifting_Algorithm=0;CPXPARAM_Simplex_Crash=1;CPXPARAM_Simplex_DGradient=0;CPXPARAM_Simplex_Limits_Perturbation=0;CPXPARAM_Simplex_Limits_Singularity=10;CPXPARAM_Simplex_PGradient=0;CPXPARAM_Simplex_Pricing=0;CPXPARAM_Simplex_Refactor=0
3039138273631501084,0,CPXPARAM_Advance=1;CPXPARAM_Barrier_Algorithm=0;CPXPARAM_Barrier_ColNonzeros=0;CPXPARAM_Barrier_Crossover=0;CPXPARAM_Barrier_Limits_Corrections=-1;CPXPARAM_Barrier_Ordering=0;CPXPARAM_Barrier_StartAlg=1;CPXPARAM_Emphasis_MIP=5;CPXPARAM_Emphasis_Memory=0;CPXPARAM_Emphasis_Numerical=0;CPXPARAM_Feasopt_Mode=0;CPXPARAM_LPMethod=0;CPXPARAM_MIP_Cuts_Cliques=2;CPXPARAM_MIP_Cuts_Covers=0;CPXPARAM_MIP_Cuts_Disjunctive=-1;CPXPARAM_MIP_Cuts_FlowCovers=-1;CPXPARAM_MIP_Cuts_GUBCovers=1;CPXPARAM_MIP_Cuts_Gomory=-1;CPXPARAM_MIP_Cuts_Implied=1;CPXPARAM_MIP_Cuts_MIRCut=2;CPXPARAM_MIP_Cuts_PathCut=0;CPXPARAM_MIP_Limits_AggForCut=3;CPXPARAM_MIP_Limits_CutPasses=0;CPXPARAM_MIP_Limits_CutsFactor=-1;CPXPARAM_MIP_Limits_GomoryCand=400;CPXPARAM_MIP_Limits_GomoryPass=0;CPXPARAM_MIP_Limits_Nodes=9223372036800000000;CPXPARAM_MIP_Limits_ProbeTime=1e+75;CPXPARAM_MIP_Limits_RepairTries=0;CPXPARAM_MIP_Limits_StrongCand=10;CPXPARAM_MIP_Limits_StrongIt=0;CPXPARAM_MIP_OrderType=3;CPXPARAM_MIP_Strategy_BBInterval=7;CPXPARAM_MIP_Strategy_Branch=-1;CPXPARAM_MIP_Strategy_Dive=0;CPXPARAM_MIP_Strategy_File=1;CPXPARAM_MIP_Strategy_HeuristicFreq=0;CPXPARAM_MIP_Strategy_LBHeur=0;CPXPARAM_MIP_Strategy_NodeSelect=0;CPXPARAM_MIP_Strategy_Order=1;CPXPARAM_MIP_Strategy_PresolveNode=1;CPXPARAM_MIP_Strategy_Probe=1;CPXPARAM_MIP_Strategy_RINSHeur=0;CPXPARAM_MIP_Strategy_StartAlgorithm=0;CPXPARAM_MIP_Strategy_SubAlgorithm=0;CPXPARAM_MIP_Strategy_VariableSelect=4;CPXPARAM_Network_NetFind=2;CPXPARAM_Network_Pricing=0;CPXPARAM_Parallel=1;CPXPARAM_Preprocessing_Aggregator=-1;CPXPARAM_Preprocessing_BoundStrength=-1;CPXPARAM_Preprocessing_CoeffReduce=-1;CPXPARAM_Preprocessing_Dependency=-1;CPXPARAM_Preprocessing_Dual=0;CPXPARAM_Preprocessing_Fill=40;CPXPARAM_Preprocessing_NumPass=-1;CPXPARAM_Preprocessing_Presolve=1;CPXPARAM_Preprocessing_QPMakePSD=1;CPXPARAM_Preprocessing_Reduce=0;CPXPARAM_Preprocessing_Relax=-1;CPXPARAM_Preprocessing_RepeatPresolve=-1;CPXPARAM_Preprocessing_Symmetry=-1;CPXPARAM_Read_Scale=0;CPXPARAM_Sifting_Algorithm=0;CPXPARAM_Simplex_Crash=1;CPXPARAM_Simplex_DGradient=0;CPXPARAM_Simplex_Limits_Perturbation=0;CPXPARAM_Simplex_Limits_Singularity=10;CPXPARAM_Simplex_PGradient=0;CPXPARAM_Simplex_Pricing=0;CPXPARAM_Simplex_Refactor=0
16709239679198702063,0,CPXPARAM_Advance=1;CPXPARAM_Barrier_Algorithm=0;CPXPARAM_Barrier_ColNonzeros=0;CPXPARAM_Barrier_Crossover=0;CPXPARAM_Barrier_Limits_Corrections=-1;CPXPARAM_Barrier_Ordering=0;CPXPARAM_Barrier_StartAlg=1;CPXPARAM_Emphasis_MIP=0;CPXPARAM_Emphasis_Memory=0;CPXPARAM_Emphasis_Numerical=0;CPXPARAM_Feasopt_Mode=0;CPXPARAM_LPMethod=0;CPXPARAM_MIP_Cuts_Cliques=3;CPXPARAM_MIP_Cuts_Covers=-1;CPXPARAM_MIP_Cuts_Disjunctive=-1;CPXPARAM_MIP_Cuts_FlowCovers=-1;CPXPARAM_MIP_Cuts_GUBCovers=0;CPXPARAM_MIP_Cuts_Gomory=0;CPXPARAM_MIP_Cuts_Implied=2;CPXPARAM_MIP_Cuts_MIRCut=-1;CPXPARAM_MIP_Cuts_PathCut=-1;CPXPARAM_MIP_Limits_AggForCut=2;CPXPARAM_MIP_Limits_CutPasses=0;CPXPARAM_MIP_Limits_CutsFactor=-1;CPXPARAM_MIP_Limits_GomoryCand=50;CPXPARAM_MIP_Limits_GomoryPass=0;CPXPARAM_MIP_Limits_Nodes=9223372036800000000;CPXPARAM_MIP_Limits_ProbeTime=1e+75;CPXPARAM_MIP_Limits_RepairTries=0;CPXPARAM_MIP_Limits_StrongCand=10;CPXPARAM_MIP_Limits_StrongIt=0;CPXPARAM_MIP_OrderType=0;CPXPARAM_MIP_Strategy_BBInterval=7;CPXPARAM_MIP_Strategy_Branch=0;CPXPARAM_MIP_Strategy_Dive=0;CPXPARAM_MIP_Strategy_File=1;CPXPARAM_MIP_Strategy_HeuristicFreq=0;CPXPARAM_MIP_Strategy_LBHeur=0;CPXPARAM_MIP_Strategy_NodeSelect=0;CPXPARAM_MIP_Strategy_Order=1;CPXPARAM_MIP_Strategy_PresolveNode=3;CPXPARAM_MIP_Strategy_Probe=0;CPXPARAM_MIP_Strategy_RINSHeur=0;CPXPARAM_MIP_Strategy_StartAlgorithm=0;CPXPARAM_MIP_Strategy_SubAlgorithm=0;CPXPARAM_MIP_Strategy_VariableSelect=2;CPXPARAM_Network_NetFind=2;CPXPARAM_Network_Pricing=0;CPXPARAM_Parallel=1;CPXPARAM_Preprocessing_Aggregator=-1;CPXPARAM_Preprocessing_BoundStrength=-1;CPXPARAM_Preprocessing_CoeffReduce=-1;CPXPARAM_Preprocessing_Dependency=-1;CPXPARAM_Preprocessing_Dual=0;CPXPARAM_Preprocessing_Fill=2;CPXPARAM_Preprocessing_NumPass=-1;CPXPARAM_Preprocessing_Presolve=1;CPXPARAM_Preprocessing_QPMakePSD=1;CPXPARAM_Preprocessing_Reduce=3;CPXPARAM_Preprocessing_Relax=-1;CPXPARAM_Preprocessing_RepeatPresolve=-1;CPXPARAM_Preprocessing_Symmetry=-1;CPXPARAM_Read_Scale=0;CPXPARAM_Sifting_Algorithm=0;CPXPARAM_Simplex_Crash=1;CPXPARAM_Simplex_DGradient=0;CPXPARAM_Simplex_Limits_Perturbation=0;CPXPARAM_Simplex_Limits_Singularity=10;CPXPARAM_Simplex_PGradient=0;CPXPARAM_Simplex_Pricing=0;CPXPARAM_Simplex_Refactor=0
4421627234133586340,0,CPXPARAM_Advance=1;CPXPARAM_Barrier_Algorithm=0;CPXPARAM_Barrier_ColNonzeros=0;CPXPARAM_Barrier_Crossover=0;CPXPARAM_Barrier_Limits_Corrections=-1;CPXPARAM_Barrier_Ordering=0;CPXPARAM_Barrier_StartAlg=1;CPXPARAM_Emphasis_MIP=5;CPXPARAM_Emphasis_Memory=0;CPXPARAM_Emphasis_Numerical=0;CPXPARAM_Feasopt_Mode=0;CPXPARAM_LPMethod=0;CPXPARAM_MIP_Cuts_Cliques=0;CPXPARAM_MIP_Cuts_Covers=0;CPXPARAM_MIP_Cuts_Disjunctive=1;CPXPARAM_MIP_Cuts_FlowCovers=0;CPXPARAM_MIP_Cuts_GUBCovers=2;CPXPARAM_MIP_Cuts_Gomory=0;CPXPARAM_MIP_Cuts_Implied=-1;CPXPARAM_MIP_Cuts_MIRCut=1;CPXPARAM_MIP_Cuts_PathCut=-1;CPXPARAM_MIP_Limits_AggForCut=3;CPXPARAM_MIP_Limits_CutPasses=0;CPXPARAM_MIP_Limits_CutsFactor=-1;CPXPARAM_MIP_Limits_GomoryCand=25;CPXPARAM_MIP_Limits_GomoryPass=0;CPXPARAM_MIP_Limits_Nodes=9223372036800000000;CPXPARAM_MIP_Limits_ProbeTime=1e+75;CPXPARAM_MIP_Limits_RepairTries=0;CPXPARAM_MIP_Limits_StrongCand=10;CPXPARAM_MIP_Limits_StrongIt=0;CPXPARAM_MIP_OrderType=0;CPXPARAM_MIP_Strategy_BBInterval=7;CPXPARAM_MIP_Strategy_Branch=0;CPXPARAM_MIP_Strategy_Dive=0;CPXPARAM_MIP_Strategy_File=1;CPXPARAM_MIP_Strategy_HeuristicFreq=0;CPXPARAM_MIP_Strategy_LBHeur=0;CPXPARAM_MIP_Strategy_NodeSelect=1;CPXPARAM_MIP_Strategy_Order=1;CPXPARAM_MIP_Strategy_PresolveNode=0;CPXPARAM_MIP_Strategy_Probe=0;CPXPARAM_MIP_Strategy_RINSHeur=0;CPXPARAM_MIP_Strategy_StartAlgorithm=0;CPXPARAM_MIP_Strategy_SubAlgorithm=0;CPXPARAM_MIP_Strategy_VariableSelect=0;CPXPARAM_Network_NetFind=2;CPXPARAM_Network_Pricing=0;CPXPARAM_Parallel=1;CPXPARAM_Preprocessing_Aggregator=-1;CPXPARAM_Preprocessing_BoundStrength=-1;CPXPARAM_Preprocessing_CoeffReduce=-1;CPXPARAM_Preprocessing_Dependency=-1;CPXPARAM_Preprocessing_Dual=0;CPXPARAM_Preprocessing_Fill=10;CPXPARAM_Preprocessing_NumPass=-1;CPXPARAM_Preprocessing_Presolve=1;CPXPARAM_Preprocessing_QPMakePSD=1;CPXPARAM_Preprocessing_Reduce=3;CPXPARAM_Preprocessing_Relax=-1;CPXPARAM_Preprocessing_RepeatPresolve=-1;CPXPARAM_Preprocessing_Symmetry=-1;CPXPARAM_Read_Scale=0;CPXPARAM_Sifting_Algorithm=0;CPXPARAM_Simplex_Crash=1;CPXPARAM_Simplex_DGradient=0;CPXPARAM_Simplex_Limits_Perturbation=0;CPXPARAM_Simplex_Limits_Singularity=10;CPXPARAM_Simplex_PGradient=0;CPXPARAM_Simplex_Pricing=0;CPXPARAM_Simplex_Refactor=0
8442365350384135164,0,CPXPARAM_Advance=1;CPXPARAM_Barrier_Algorithm=0;CPXPARAM_Barrier_ColNonzeros=0;CPXPARAM_Barrier_Crossover=0;CPXPARAM_Barrier_Limits_Corrections=-1;CPXPARAM_Barrier_Ordering=0;CPXPARAM_Barrier_StartAlg=1;CPXPARAM_Emphasis_MIP=3;CPXPARAM_Emphasis_Memory=0;CPXPARAM_Emphasis_Numerical=0;CPXPARAM_Feasopt_Mode=0;CPXPARAM_LPMethod=0;CPXPARAM_MIP_Cuts_Cliques=3;CPXPARAM_MIP_Cuts_Covers=0;CPXPARAM_MIP_Cuts_Disjunctive=0;CPXPARAM_MIP_Cuts_FlowCovers=0;CPXPARAM_MIP_Cuts_GUBCovers=1;CPXPARAM_MIP_Cuts_Gomory=2;CPXPARAM_MIP_Cuts_Implied=1;CPXPARAM_MIP_Cuts_MIRCut=0;CPXPARAM_MIP_Cuts_PathCut=-1;CPXPARAM_MIP_Limits_AggForCut=3;CPXPARAM_MIP_Limits_CutPasses=0;CPXPARAM_MIP_Limits_CutsFactor=-1;CPXPARAM_MIP_Limits_GomoryCand=200;CPXPARAM_MIP_Limits_GomoryPass=0;CPXPARAM_MIP_Limits_Nodes=9223372036800000000;CPXPARAM_MIP_Limits_ProbeTime=1e+75;CPXPARAM_MIP_Limits_RepairTries=0;CPXPARAM_MIP_Limits_StrongCand=10;CPXPARAM_MIP_Limits_StrongIt=0;CPXPARAM_MIP_OrderType=0;CPXPARAM_MIP_Strategy_BBInterval=7;CPXPARAM_MIP_Strategy_Branch=0;CPXPARAM_MIP_Strategy_Dive=0;CPXPARAM_MIP_Strategy_File=1;CPXPARAM_MIP_Strategy_HeuristicFreq=0;CPXPARAM_MIP_Strategy_LBHeur=0;CPXPARAM_MIP_Strategy_NodeSelect=1;CPXPARAM_MIP_Strategy_Order=1;CPXPARAM_MIP_Strategy_PresolveNode=0;CPXPARAM_MIP_Strategy_Probe=0;CPXPARAM_MIP_Strategy_RINSHeur=0;CPXPARAM_MIP_Strategy_StartAlgorithm=0;CPXPARAM_MIP_Strategy_SubAlgorithm=0;CPXPARAM_MIP_Strategy_VariableSelect=0;CPXPARAM_Network_NetFind=2;CPXPARAM_Network_Pricing=0;CPXPARAM_Parallel=1;CPXPARAM_Preprocessing_Aggregator=-1;CPXPARAM_Preprocessing_BoundStrength=-1;CPXPARAM_Preprocessing_CoeffReduce=-1;CPXPARAM_Preprocessing_Dependency=-1;CPXPARAM_Preprocessing_Dual=0;CPXPARAM_Preprocessing_Fill=10;CPXPARAM_Preprocessing_NumPass=-1;CPXPARAM_Preprocessing_Presolve=1;CPXPARAM_Preprocessing_QPMakePSD=1;CPXPARAM_Preprocessing_Reduce=3;CPXPARAM_Preprocessing_Relax=-1;CPXPARAM_Preprocessing_RepeatPresolve=-1;CPXPARAM_Preprocessing_Symmetry=-1;CPXPARAM_Read_Scale=0;CPXPARAM_Sifting_Algorithm=0;CPXPARAM_Simplex_Crash=1;CPXPARAM_Simplex_DGradient=0;CPXPARAM_Simplex_Limits_Perturbation=0;CPXPARAM_Simplex_Limits_Singularity=10;CPXPARAM_Simplex_PGradient=0;CPXPARAM_Simplex_Pricing=0;CPXPARAM_Simplex_Refactor=0
4404040120737733252,0,CPXPARAM_Advance=1;CPXPARAM_Barrier_Algorithm=0;CPXPARAM_Barrier_ColNonzeros=0;CPXPARAM_Barrier_Crossover=0;CPXPARAM_Barrier_Limits_Corrections=-1;CPXPARAM_Barrier_Ordering=0;CPXPARAM_Barrier_StartAlg=1;CPXPARAM_Emphasis_MIP=0;CPXPARAM_Emphasis_Memory=0;CPXPARAM_Emphasis_Numerical=0;CPXPARAM_Feasopt_Mode=0;CPXPARAM_LPMethod=0;CPXPARAM_MIP_Cuts_Cliques=0;CPXPARAM_MIP_Cuts_Covers=3;CPXPARAM_MIP_Cuts_Disjunctive=1;CPXPARAM_MIP_Cuts_FlowCovers=1;CPXPARAM_MIP_Cuts_GUBCovers=1;CPXPARAM_MIP_Cuts_Gomory=1;CPXPARAM_MIP_Cuts_Implied=1;CPXPARAM_MIP_Cuts_MIRCut=0;CPXPARAM_MIP_Cuts_PathCut=-1;CPXPARAM_MIP_Limits_AggForCut=5;CPXPARAM_MIP_Limits_CutPasses=0;CPXPARAM_MIP_Limits_CutsFactor=-1;CPXPARAM_MIP_Limits_GomoryCand=400;CPXPARAM_MIP_Limits_GomoryPass=0;CPXPARAM_MIP_Limits_Nodes=9223372036800000000;CPXPARAM_MIP_Limits_ProbeTime=1e+75;CPXPARAM_MIP_Limits_RepairTries=0;CPXPARAM_MIP_Limits_StrongCand=10;CPXPARAM_MIP_Limits_StrongIt=0;CPXPARAM_MIP_OrderType=0;CPXPARAM_MIP_Strategy_BBInterval=7;CPXPARAM_MIP_Strategy_Branch=0;CPXPARAM_MIP_Strategy_Dive=0;CPXPARAM_MIP_Strategy_File=1;CPXPARAM_MIP_Strategy_HeuristicFreq=0;CPXPARAM_MIP_Strategy_LBHeur=0;CPXPARAM_MIP_Strategy_NodeSelect=0;CPXPARAM_MIP_Strategy_Order=1;CPXPARAM_MIP_Strategy_PresolveNode=3;CPXPARAM_MIP_Strategy_Probe=-1;CPXPARAM_MIP_Strategy_RINSHeur=0;CPXPARAM_MIP_Strategy_StartAlgorithm=0;CPXPARAM_MIP_Strategy_SubAlgorithm=0;CPXPARAM_MIP_Strategy_VariableSelect=1;CPXPARAM_Network_NetFind=2;CPXPARAM_Network_Pricing=0;CPXPARAM_Parallel=1;CPXPARAM_Preprocessing_Aggregator=-1;CPXPARAM_Preprocessing_BoundStrength=-1;CPXPARAM_Preprocessing_CoeffReduce=-1;CPXPARAM_Preprocessing_Dependency=-1;CPXPARAM_Preprocessing_Dual=0;CPXPARAM_Preprocessing_Fill=40;CPXPARAM_Preprocessing_NumPass=-1;CPXPARAM_Preprocessing_Presolve=1;CPXPARAM_Preprocessing_QPMakePSD=1;CPXPARAM_Preprocessing_Reduce=3;CPXPARAM_Preprocessing_Relax=-1;CPXPARAM_Preprocessing_RepeatPresolve=-1;CPXPARAM_Preprocessing_Symmetry=-1;CPXPARAM_Read_Scale=1;CPXPARAM_Sifting_Algorithm=0;CPXPARAM_Simplex_Crash=1;CPXPARAM_Simplex_DGradient=0;CPXPARAM_Simplex_Limits_Perturbation=0;CPXPARAM_Simplex_Limits_Singularity=10;CPXPARAM_Simplex_PGradient=0;CPXPARAM_Simplex_Pricing=0;CPXPARAM_Simplex_Refactor=0
10612347229002024848,0,CPXPARAM_Advance=1;CPXPARAM_Barrier_Algorithm=0;CPXPARAM_Barrier_ColNonzeros=0;CPXPARAM_Barrier_Crossover=0;CPXPARAM_Barrier_Limits_Corrections=-1;CPXPARAM_Barrier_Ordering=0;CPXPARAM_Barrier_StartAlg=1;CPXPARAM_Emphasis_MIP=1;CPXPARAM_Emphasis_Memory=0;CPXPARAM_Emphasis_Numerical=0;CPXPARAM_Feasopt_Mode=0;CPXPARAM_LPMethod=0;CPXPARAM_MIP_Cuts_Cliques=-1;CPXPARAM_MIP_Cuts_Covers=0;CPXPARAM_MIP_Cuts_Disjunctive=1;CPXPARAM_MIP_Cuts_FlowCovers=-1;CPXPARAM_MIP_Cuts_GUBCovers=0;CPXPARAM_MIP_Cuts_Gomory=-1;CPXPARAM_MIP_Cuts_Implied=-1;CPXPARAM_MIP_Cuts_MIRCut=-1;CPXPARAM_MIP_Cuts_PathCut=-1;CPXPARAM_MIP_Limits_AggForCut=3;CPXPARAM_MIP_Limits_CutPasses=0;CPXPARAM_MIP_Limits_CutsFactor=-1;CPXPARAM_MIP_Limits_GomoryCand=200;CPXPARAM_MIP_Limits_GomoryPass=0;CPXPARAM_MIP_Limits_Nodes=9223372036800000000;CPXPARAM_MIP_Limits_ProbeTime=1e+75;CPXPARAM_MIP_Limits_RepairTries=0;CPXPARAM_MIP_Limits_StrongCand=10;CPXPARAM_MIP_Limits_StrongIt=0;CPXPARAM_MIP_OrderType=0;CPXPARAM_MIP_Strategy_BBInterval=7;CPXPARAM_MIP_Strategy_Branch=0;CPXPARAM_MIP_Strategy_Dive=0;CPXPARAM_MIP_Strategy_File=1;CPXPARAM_MIP_Strategy_HeuristicFreq=0;CPXPARAM_MIP_Strategy_LBHeur=0;CPXPARAM_MIP_Strategy_NodeSelect=1;CPXPARAM_MIP_Strategy_Order=1;CPXPARAM_MIP_Strategy_PresolveNode=0;CPXPARAM_MIP_Strategy_Probe=0;CPXPARAM_MIP_Strategy_RINSHeur=0;CPXPARAM_MIP_Strategy_StartAlgorithm=0;CPXPARAM_MIP_Strategy_SubAlgorithm=0;CPXPARAM_MIP_Strategy_VariableSelect=0;CPXPARAM_Network_NetFind=2;CPXPARAM_Network_Pricing=0;CPXPARAM_Parallel=1;CPXPARAM_Preprocessing_Aggregator=-1;CPXPARAM_Preprocessing_BoundStrength=-1;CPXPARAM_Preprocessing_CoeffReduce=-1;CPXPARAM_Preprocessing_Dependency=-1;CPXPARAM_Preprocessing_Dual=0;CPXPARAM_Preprocessing_Fill=10;CPXPARAM_Preprocessing_NumPass=-1;CPXPARAM_Preprocessing_Presolve=1;CPXPARAM_Preprocessing_QPMakePSD=1;CPXPARAM_Preprocessing_Reduce=3;CPXPARAM_Preprocessing_Relax=-1;CPXPARAM_Preprocessing_RepeatPresolve=-1;CPXPARAM_Preprocessing_Symmetry=-1;CPXPARAM_Read_Scale=0;CPXPARAM_Sifting_Algorithm=0;CPXPARAM_Simplex_Crash=1;CPXPARAM_Simplex_DGradient=0;CPXPARAM_Simplex_Limits_Perturbation=0;CPXPARAM_Simplex_Limits_Singularity=10;CPXPARAM_Simplex_PGradient=0;CPXPARAM_Simplex_Pricing=0;CPXPARAM_Simplex_Refactor=0
14986656108098410503,0,CPXPARAM_Advance=1;CPXPARAM_Barrier_Algorithm=0;CPXPARAM_Barrier_ColNonzeros=0;CPXPARAM_Barrier_Crossover=0;CPXPARAM_Barrier_Limits_Corrections=-1;CPXPARAM_Barrier_Ordering=0;CPXPARAM_Barrier_StartAlg=1;CPXPARAM_Emphasis_MIP=3;CPXPARAM_Emphasis_Memory=0;CPXPARAM_Emphasis_Numerical=0;CPXPARAM_Feasopt_Mode=0;CPXPARAM_LPMethod=0;CPXPARAM_MIP_Cuts_Cliques=-1;CPXPARAM_MIP_Cuts_Covers=0;CPXPARAM_MIP_Cuts_Disjunctive=1;CPXPARAM_MIP_Cuts_FlowCovers=-1;CPXPARAM_MIP_Cuts_GUBCovers=2;CPXPARAM_MIP_Cuts_Gomory=2;CPXPARAM_MIP_Cuts_Implied=0;CPXPARAM_MIP_Cuts_MIRCut=1;CPXPARAM_MIP_Cuts_PathCut=-1;CPXPARAM_MIP_Limits_AggForCut=3;CPXPARAM_MIP_Limits_CutPasses=0;CPXPARAM_MIP_Limits_CutsFactor=-1;CPXPARAM_MIP_Limits_GomoryCand=50;CPXPARAM_MIP_Limits_GomoryPass=0;CPXPARAM_MIP_Limits_Nodes=9223372036800000000;CPXPARAM_MIP_Limits_ProbeTime=1e+75;CPXPARAM_MIP_Limits_RepairTries=0;CPXPARAM_MIP_Limits_StrongCand=10;CPXPARAM_MIP_Limits_StrongIt=0;CPXPARAM_MIP_OrderType=0;CPXPARAM_MIP_Strategy_BBInterval=7;CPXPARAM_MIP_Strategy_Branch=0;CPXPARAM_MIP_Strategy_Dive=0;CPXPARAM_MIP_Strategy_File=1;CPXPARAM_MIP_Strategy_HeuristicFreq=0;CPXPARAM_MIP_Strategy_LBHeur=0;CPXPARAM_MIP_Strategy_NodeSelect=1;CPXPARAM_MIP_Strategy_Order=1;CPXPARAM_MIP_Strategy_PresolveNode=0;CPXPARAM_MIP_Strategy_Probe=0;CPXPARAM_MIP_Strategy_RINSHeur=0;CPXPARAM_MIP_Strategy_StartAlgorithm=0;CPXPARAM_MIP_Strategy_SubAlgorithm=0;CPXPARAM_MIP_Strategy_VariableSelect=0;CPXPARAM_Network_NetFind=2;CPXPARAM_Network_Pricing=0;CPXPARAM_Parallel=1;CPXPARAM_Preprocessing_Aggregator=-1;CPXPARAM_Preprocessing_BoundStrength=-1;CPXPARAM_Preprocessing_CoeffReduce=-1;CPXPARAM_Preprocessing_Dependency=-1;CPXPARAM_Preprocessing_Dual=0;CPXPARAM_Preprocessing_Fill=10;CPXPARAM_Preprocessing_NumPass=-1;CPXPARAM_Preprocessing_Presolve=1;CPXPARAM_Preprocessing_QPMakePSD=1;CPXPARAM_Preprocessing_Reduce=3;CPXPARAM_Preprocessing_Relax=-1;CPXPARAM_Preprocessing_RepeatPresolve=-1;CPXPARAM_Preprocessing_Symmetry=-1;CPXPARAM_Read_Scale=0;CPXPARAM_Sifting_Algorithm=0;CPXPARAM_Simplex_Crash=1;CPXPARAM_Simplex_DGradient=0;CPXPARAM_Simplex_Limits_Perturbation=0;CPXPARAM_Simplex_Limits_Singularity=10;CPXPARAM_Simplex_PGradient=0;CPXPARAM_Simplex_Pricing=0;CPXPARAM_Simplex_Refactor=0
11987267619998331225,0,CPXPARAM_Advance=1;CPXPARAM_Barrier_Algorithm=0;CPXPARAM_Barrier_ColNonzeros=0;CPXPARAM_Barrier_Crossover=0;CPXPARAM_Barrier_Limits_Corrections=-1;CPXPARAM_Barrier_Ordering=0;CPXPARAM_Barrier_StartAlg=1;CPXPARAM_Emphasis_MIP=1;CPXPARAM_Emphasis_Memory=0;CPXPARAM_Emphasis_Numerical=0;CPXPARAM_Feasopt_Mode=0;CPXPARAM_LPMethod=0;CPXPARAM_MIP_Cuts_Cliques=0;CPXPARAM_MIP_Cuts_Covers=2;CPXPARAM_MIP_Cuts_Disjunctive=-1;CPXPARAM_MIP_Cuts_FlowCovers=0;CPXPARAM_MIP_Cuts_GUBCovers=2;CPXPARAM_MIP_Cuts_Gomory=2;CPXPARAM_MIP_Cuts_Implied=2;CPXPARAM_MIP_Cuts_MIRCut=-1;CPXPARAM_MIP_Cuts_PathCut=2;CPXPARAM_MIP_Limits_AggForCut=3;CPXPARAM_MIP_Limits_CutPasses=0;CPXPARAM_MIP_Limits_CutsFactor=-1;CPXPARAM_MIP_Limits_GomoryCand=200;CPXPARAM_MIP_Limits_GomoryPass=0;CPXPARAM_MIP_Limits_Nodes=9223372036800000000;CPXPARAM_MIP_Limits_ProbeTime=1e+75;CPXPARAM_MIP_Limits_RepairTries=0;CPXPARAM_MIP_Limits_StrongCand=10;CPXPARAM_MIP_Limits_StrongIt=0;CPXPARAM_MIP_OrderType=0;CPXPARAM_MIP_Strategy_BBInterval=7;CPXPARAM_MIP_Strategy_Branch=0;CPXPARAM_MIP_Strategy_Dive=0;CPXPARAM_MIP_Strategy_File=1;CPXPARAM_MIP_Strategy_HeuristicFreq=0;CPXPARAM_MIP_Strategy_LBHeur=0;CPXPARAM_MIP_Strategy_NodeSelect=1;CPXPARAM_MIP_Strategy_Order=1;CPXPARAM_MIP_Strategy_PresolveNode=0;CPXPARAM_MIP_Strategy_Probe=1;CPXPARAM_MIP_Strategy_RINSHeur=0;CPXPARAM_MIP_Strategy_StartAlgorithm=0;CPXPARAM_MIP_Strategy_SubAlgorithm=0;CPXPARAM_MIP_Strategy_VariableSelect=0;CPXPARAM_Network_NetFind=2;CPXPARAM_Network_Pricing=0;CPXPARAM_Parallel=1;CPXPARAM_Preprocessing_Aggregator=-1;CPXPARAM_Preprocessing_BoundStrength=-1;CPXPARAM_Preprocessing_CoeffReduce=-1;CPXPARAM_Preprocessing_Dependency=-1;CPXPARAM_Preprocessing_Dual=0;CPXPARAM_Preprocessing_Fill=10;CPXPARAM_Preprocessing_NumPass=-1;CPXPARAM_Preprocessing_Presolve=1;CPXPARAM_Preprocessing_QPMakePSD=1;CPXPARAM_Preprocessing_Reduce=3;CPXPARAM_Preprocessing_Relax=-1;CPXPARAM_Preprocessing_RepeatPresolve=-1;CPXPARAM_Preprocessing_Symmetry=-1;CPXPARAM_Read_Scale=0;CPXPARAM_Sifting_Algorithm=0;CPXPARAM_Simplex_Crash=1;CPXPARAM_Simplex_DGradient=0;CPXPARAM_Simplex_Limits_Perturbation=0;CPXPARAM_Simplex_Limits_Singularity=10;CPXPARAM_Simplex_PGradient=0;CPXPARAM_Simplex_Pricing=0;CPXPARAM_Simplex_Refactor=0
3430751711532898571,0,CPXPARAM_Advance=1;CPXPARAM_Barrier_Algorithm=0;CPXPARAM_Barrier_ColNonzeros=0;CPXPARAM_Barrier_Crossover=0;CPXPARAM_Barrier_Limits_Corrections=-1;CPXPARAM_Barrier_Ordering=0;CPXPARAM_Barrier_StartAlg=1;CPXPARAM_Emphasis_MIP=3;CPXPARAM_Emphasis_Memory=0;CPXPARAM_Emphasis_Numerical=0;CPXPARAM_Feasopt_Mode=0;CPXPARAM_LPMethod=0;CPXPARAM_MIP_Cuts_Cliques=3;CPXPARAM_MIP_Cuts_Covers=0;CPXPARAM_MIP_Cuts_Disjunctive=0;CPXPARAM_MIP_Cuts_FlowCovers=0;CPXPARAM_MIP_Cuts_GUBCovers=1;CPXPARAM_MIP_Cuts_Gomory=2;CPXPARAM_MIP_Cuts_Implied=-1;CPXPARAM_MIP_Cuts_MIRCut=0;CPXPARAM_MIP_Cuts_PathCut=-1;CPXPARAM_MIP_Limits_AggForCut=3;CPXPARAM_MIP_Limits_CutPasses=0;CPXPARAM_MIP_Limits_CutsFactor=-1;CPXPARAM_MIP_Limits_GomoryCand=800;CPXPARAM_MIP_Limits_GomoryPass=0;CPXPARAM_MIP_Limits_Nodes=9223372036800000000;CPXPARAM_MIP_Limits_ProbeTime=1e+75;CPXPARAM_MIP_Limits_RepairTries=0;CPXPARAM_MIP_Limits_StrongCand=10;CPXPARAM_MIP_Limits_StrongIt=0;CPXPARAM_MIP_OrderType=0;CPXPARAM_MIP_Strategy_BBInterval=7;CPXPARAM_MIP_Strategy_Branch=0;CPXPARAM_MIP_Strategy_Dive=0;CPXPARAM_MIP_Strategy_File=1;CPXPARAM_MIP_Strategy_HeuristicFreq=0;CPXPARAM_MIP_Strategy_LBHeur=0;CPXPARAM_MIP_Strategy_NodeSelect=1;CPXPARAM_MIP_Strategy_Order=1;CPXPARAM_MIP_Strategy_PresolveNode=0;CPXPARAM_MIP_Strategy_Probe=0;CPXPARAM_MIP_Strategy_RINSHeur=0;CPXPARAM_MIP_Strategy_StartAlgorithm=0;CPXPARAM_MIP_Strategy_SubAlgorithm=0;CPXPARAM_MIP_Strategy_VariableSelect=0;CPXPARAM_Network_NetFind=2;CPXPARAM_Network_Pricing=0;CPXPARAM_Parallel=1;CPXPARAM_Preprocessing_Aggregator=-1;CPXPARAM_Preprocessing_BoundStrength=-1;CPXPARAM_Preprocessing_CoeffReduce=-1;CPXPARAM_Preprocessing_Dependency=-1;CPXPARAM_Preprocessing_Dual=0;CPXPARAM_Preprocessing_Fill=10;CPXPARAM_Preprocessing_NumPass=-1;CPXPARAM_Preprocessing_Presolve=1;CPXPARAM_Preprocessing_QPMakePSD=1;CPXPARAM_Preprocessing_Reduce=3;CPXPARAM_Preprocessing_Relax=-1;CPXPARAM_Preprocessing_RepeatPresolve=-1;CPXPARAM_Preprocessing_Symmetry=-1;CPXPARAM_Read_Scale=0;CPXPARAM_Sifting_Algorithm=0;CPXPARAM_Simplex_Crash=1;CPXPARAM_Simplex_DGradient=0;CPXPARAM_Simplex_Limits_Perturbation=0;CPXPARAM_Simplex_Limits_Singularity=10;CPXPARAM_Simplex_PGradient=0;CPXPARAM_Simplex_Pricing=0;CPXPARAM_Simplex_Refactor=0
5414154741392446921,0,CPXPARAM_Advance=1;CPXPARAM_Barrier_Algorithm=0;CPXPARAM_Barrier_ColNonzeros=0;CPXPARAM_Barrier_Crossover=0;CPXPARAM_Barrier_Limits_Corrections=-1;CPXPARAM_Barrier_Ordering=0;CPXPARAM_Barrier_StartAlg=1;CPXPARAM_Emphasis_MIP=3;CPXPARAM_Emphasis_Memory=0;CPXPARAM_Emphasis_Numerical=0;CPXPARAM_Feasopt_Mode=0;CPXPARAM_LPMethod=0;CPXPARAM_MIP_Cuts_Cliques=-1;CPXPARAM_MIP_Cuts_Covers=0;CPXPARAM_MIP_Cuts_Disjunctive=1;CPXPARAM_MIP_Cuts_FlowCovers=-1;CPXPARAM_MIP_Cuts_GUBCovers=0;CPXPARAM_MIP_Cuts_Gomory=-1;CPXPARAM_MIP_Cuts_Implied=-1;CPXPARAM_MIP_Cuts_MIRCut=-1;CPXPARAM_MIP_Cuts_PathCut=2;CPXPARAM_MIP_Limits_AggForCut=3;CPXPARAM_MIP_Limits_CutPasses=0;CPXPARAM_MIP_Limits_CutsFactor=-1;CPXPARAM_MIP_Limits_GomoryCand=200;CPXPARAM_MIP_Limits_GomoryPass=0;CPXPARAM_MIP_Limits_Nodes=9223372036800000000;CPXPARAM_MIP_Limits_ProbeTime=1e+75;CPXPARAM_MIP_Limits_RepairTries=0;CPXPARAM_MIP_Limits_StrongCand=10;CPXPARAM_MIP_Limits_StrongIt=0;CPXPARAM_MIP_OrderType=0;CPXPARAM_MIP_Strategy_BBInterval=7;CPXPARAM_MIP_Strategy_Branch=0;CPXPARAM_MIP_Strategy_Dive=0;CPXPARAM_MIP_Strategy_File=1;CPXPARAM_MIP_Strategy_HeuristicFreq=0;CPXPARAM_MIP_Strategy_LBHeur=0;CPXPARAM_MIP_Strategy_NodeSelect=1;CPXPARAM_MIP_Strategy_Order=1;CPXPARAM_MIP_Strategy_PresolveNode=0;CPXPARAM_MIP_Strategy_Probe=0;CPXPARAM_MIP_Strategy_RINSHeur=0;CPXPARAM_MIP_Strategy_StartAlgorithm=0;CPXPARAM_MIP_Strategy_SubAlgorithm=0;CPXPARAM_MIP_Strategy_VariableSelect=0;CPXPARAM_Network_NetFind=2;CPXPARAM_Network_Pricing=0;CPXPARAM_Parallel=1;CPXPARAM_Preprocessing_Aggregator=-1;CPXPARAM_Preprocessing_BoundStrength=-1;CPXPARAM_Preprocessing_CoeffReduce=-1;CPXPARAM_Preprocessing_Dependency=-1;CPXPARAM_Preprocessing_Dual=0;CPXPARAM_Preprocessing_Fill=10;CPXPARAM_Preprocessing_NumPass=-1;CPXPARAM_Preprocessing_Presolve=1;CPXPARAM_Preprocessing_QPMakePSD=1;CPXPARAM_Preprocessing_Reduce=3;CPXPARAM_Preprocessing_Relax=-1;CPXPARAM_Preprocessing_RepeatPresolve=-1;CPXPARAM_Preprocessing_Symmetry=-1;CPXPARAM_Read_Scale=0;CPXPARAM_Sifting_Algorithm=0;CPXPARAM_Simplex_Crash=1;CPXPARAM_Simplex_DGradient=0;CPXPARAM_Simplex_Limits_Perturbation=0;CPXPARAM_Simplex_Limits_Singularity=10;CPXPARAM_Simplex_PGradient=0;CPXPARAM_Simplex_Pricing=0;CPXPARAM_Simplex_Refactor=0
11920227593378179704,0,CPXPARAM_Advance=1;CPXPARAM_Barrier_Algorithm=0;CPXPARAM_Barrier_ColNonzeros=0;CPXPARAM_Barrier_Crossover=0;CPXPARAM_Barrier_Limits_Corrections=-1;CPXPARAM_Barrier_Ordering=0;CPXPARAM_Barrier_StartAlg=1;CPXPARAM_Emphasis_MIP=1;CPXPARAM_Emphasis_Memory=0;CPXPARAM_Emphasis_Numerical=0;CPXPARAM_Feasopt_Mode=0;CPXPARAM_LPMethod=0;CPXPARAM_MIP_Cuts_Cliques=0;CPXPARAM_MIP_Cuts_Covers=0;CPXPARAM_MIP_Cuts_Disjunctive=-1;CPXPARAM_MIP_Cuts_FlowCovers=0;CPXPARAM_MIP_Cuts_GUBCovers=2;CPXPARAM_MIP_Cuts_Gomory=0;CPXPARAM_MIP_Cuts_Implied=-1;CPXPARAM_MIP_Cuts_MIRCut=1;CPXPARAM_MIP_Cuts_PathCut=-1;CPXPARAM_MIP_Limits_AggForCut=3;CPXPARAM_MIP_Limits_CutPasses=0;CPXPARAM_MIP_Limits_CutsFactor=-1;CPXPARAM_MIP_Limits_GomoryCand=200;CPXPARAM_MIP_Limits_GomoryPass=0;CPXPARAM_MIP_Limits_Nodes=9223372036800000000;CPXPARAM_MIP_Limits_ProbeTime=1e+75;CPXPARAM_MIP_Limits_RepairTries=0;CPXPARAM_MIP_Limits_StrongCand=10;CPXPARAM_MIP_Limits_StrongIt=0;CPXPARAM_MIP_OrderType=0;CPXPARAM_MIP_Strategy_BBInterval=7;CPXPARAM_MIP_Strategy_Branch=0;CPXPARAM_MIP_Strategy_Dive=0;CPXPARAM_MIP_Strategy_File=1;CPXPARAM_MIP_Strategy_HeuristicFreq=0;CPXPARAM_MIP_Strategy_LBHeur=0;CPXPARAM_MIP_Strategy_NodeSelect=1;CPXPARAM_MIP_Strategy_Order=1;CPXPARAM_MIP_Strategy_PresolveNode=0;CPXPARAM_MIP_Strategy_Probe=0;CPXPARAM_MIP_Strategy_RINSHeur=0;CPXPARAM_MIP_Strategy_StartAlgorithm=0;CPXPARAM_MIP_Strategy_SubAlgorithm=0;CPXPARAM_MIP_Strategy_VariableSelect=0;CPXPARAM_Network_NetFind=2;CPXPARAM_Network_Pricing=0;CPXPARAM_Parallel=1;CPXPARAM_Preprocessing_Aggregator=-1;CPXPARAM_Preprocessing_BoundStrength=-1;CPXPARAM_Preprocessing_CoeffReduce=-1;CPXPARAM_Preprocessing_Dependency=-1;CPXPARAM_Preprocessing_Dual=0;CPXPARAM_Preprocessing_Fill=10;CPXPARAM_Preprocessing_NumPass=-1;CPXPARAM_Preprocessing_Presolve=1;CPXPARAM_Preprocessing_QPMakePSD=1;CPXPARAM_Preprocessing_Reduce=3;CPXPARAM_Preprocessing_Relax=-1;CPXPARAM_Preprocessing_RepeatPresolve=-1;CPXPARAM_Preprocessing_Symmetry=-1;CPXPARAM_Read_Scale=0;CPXPARAM_Sifting_Algorithm=0;CPXPARAM_Simplex_Crash=1;CPXPARAM_Simplex_DGradient=0;CPXPARAM_Simplex_Limits_Perturbation=0;CPXPARAM_Simplex_Limits_Singularity=10;CPXPARAM_Simplex_PGradient=0;CPXPARAM_Simplex_Pricing=0;CPXPARAM_Simplex_Refactor=0
4027804246838237872,0,CPXPARAM_Advance=1;CPXPARAM_Barrier_Algorithm=0;CPXPARAM_Barrier_ColNonzeros=0;CPXPARAM_Barrier_Crossover=0;CPXPARAM_Barrier_Limits_Corrections=-1;CPXPARAM_Barrier_Ordering=0;CPXPARAM_Barrier_StartAlg=1;CPXPARAM_Emphasis_MIP=2;CPXPARAM_Emphasis_Memory=0;CPXPARAM_Emphasis_Numerical=0;CPXPARAM_Feasopt_Mode=0;CPXPARAM_LPMethod=0;CPXPARAM_MIP_Cuts_Cliques=-1;CPXPARAM_MIP_Cuts_Covers=2;CPXPARAM_MIP_Cuts_Disjunctive=1;CPXPARAM_MIP_Cuts_FlowCovers=2;CPXPARAM_MIP_Cuts_GUBCovers=1;CPXPARAM_MIP_Cuts_Gomory=0;CPXPARAM_MIP_Cuts_Implied=-1;CPXPARAM_MIP_Cuts_MIRCut=-1;CPXPARAM_MIP_Cuts_PathCut=-1;CPXPARAM_MIP_Limits_AggForCut=3;CPXPARAM_MIP_Limits_CutPasses=0;CPXPARAM_MIP_Limits_CutsFactor=-1;CPXPARAM_MIP_Limits_GomoryCand=400;CPXPARAM_MIP_Limits_GomoryPass=0;CPXPARAM_MIP_Limits_Nodes=9223372036800000000;CPXPARAM_MIP_Limits_ProbeTime=1e+75;CPXPARAM_MIP_Limits_RepairTries=0;CPXPARAM_MIP_Limits_StrongCand=10;CPXPARAM_MIP_Limits_StrongIt=0;CPXPARAM_MIP_OrderType=0;CPXPARAM_MIP_Strategy_BBInterval=7;CPXPARAM_MIP_Strategy_Branch=0;CPXPARAM_MIP_Strategy_Dive=0;CPXPARAM_MIP_Strategy_File=1;CPXPARAM_MIP_Strategy_HeuristicFreq=0;CPXPARAM_MIP_Strategy_LBHeur=0;CPXPARAM_MIP_Strategy_NodeSelect=1;CPXPARAM_MIP_Strategy_Order=1;CPXPARAM_MIP_Strategy_PresolveNode=0;CPXPARAM_MIP_Strategy_Probe=0;CPXPARAM_MIP_Strategy_RINSHeur=0;CPXPARAM_MIP_Strategy_StartAlgorithm=0;CPXPARAM_MIP_Strategy_SubAlgorithm=0;CPXPARAM_MIP_Strategy_VariableSelect=0;CPXPARAM_Network_NetFind=2;CPXPARAM_Network_Pricing=0;CPXPARAM_Parallel=1;CPXPARAM_Preprocessing_Aggregator=-1;CPXPARAM_Preprocessing_BoundStrength=-1;CPXPARAM_Preprocessing_CoeffReduce=-1;CPXPARAM_Preprocessing_Dependency=-1;CPXPARAM_Preprocessing_Dual=0;CPXPARAM_Preprocessing_Fill=10;CPXPARAM_Preprocessing_NumPass=-1;CPXPARAM_Preprocessing_Presolve=1;CPXPARAM_Preprocessing_QPMakePSD=1;CPXPARAM_Preprocessing_Reduce=3;CPXPARAM_Preprocessing_Relax=-1;CPXPARAM_Preprocessing_RepeatPresolve=-1;CPXPARAM_Preprocessing_Symmetry=-1;CPXPARAM_Read_Scale=0;CPXPARAM_Sifting_Algorithm=0;CPXPARAM_Simplex_Crash=1;CPXPARAM_Simplex_DGradient=3;CPXPARAM_Simplex_Limits_Perturbation=0;CPXPARAM_Simplex_Limits_Singularity=10;CPXPARAM_Simplex_PGradient=0;CPXPARAM_Simplex_Pricing=0;CPXPARAM_Simplex_Refactor=0
836044131796759328,0,CPXPARAM_Advance=1;CPXPARAM_Barrier_Algorithm=0;CPXPARAM_Barrier_ColNonzeros=0;CPXPARAM_Barrier_Crossover=0;CPXPARAM_Barrier_Limits_Corrections=-1;CPXPARAM_Barrier_Ordering=0;CPXPARAM_Barrier_StartAlg=1;CPXPARAM_Emphasis_MIP=4;CPXPARAM_Emphasis_Memory=0;CPXPARAM_Emphasis_Numerical=0;CPXPARAM_Feasopt_Mode=0;CPXPARAM_LPMethod=0;CPXPARAM_MIP_Cuts_Cliques=-1;CPXPARAM_MIP_Cuts_Covers=0;CPXPARAM_MIP_Cuts_Disjunctive=-1;CPXPARAM_MIP_Cuts_FlowCovers=2;CPXPARAM_MIP_Cuts_GUBCovers=-1;CPXPARAM_MIP_Cuts_Gomory=2;CPXPARAM_MIP_Cuts_Implied=-1;CPXPARAM_MIP_Cuts_MIRCut=0;CPXPARAM_MIP_Cuts_PathCut=2;CPXPARAM_MIP_Limits_AggForCut=3;CPXPARAM_MIP_Limits_CutPasses=0;CPXPARAM_MIP_Limits_CutsFactor=-1;CPXPARAM_MIP_Limits_GomoryCand=150;CPXPARAM_MIP_Limits_GomoryPass=0;CPXPARAM_MIP_Limits_Nodes=9223372036800000000;CPXPARAM_MIP_Limits_ProbeTime=1e+75;CPXPARAM_MIP_Limits_RepairTries=0;CPXPARAM_MIP_Limits_StrongCand=10;CPXPARAM_MIP_Limits_StrongIt=0;CPXPARAM_MIP_OrderType=0;CPXPARAM_MIP_Strategy_BBInterval=7;CPXPARAM_MIP_Strategy_Branch=0;CPXPARAM_MIP_Strategy_Dive=0;CPXPARAM_MIP_Strategy_File=1;CPXPARAM_MIP_Strategy_HeuristicFreq=0;CPXPARAM_MIP_Strategy_LBHeur=0;CPXPARAM_MIP_Strategy_NodeSelect=1;CPXPARAM_MIP_Strategy_Order=1;CPXPARAM_MIP_Strategy_PresolveNode=0;CPXPARAM_MIP_Strategy_Probe=0;CPXPARAM_MIP_Strategy_RINSHeur=0;CPXPARAM_MIP_Strategy_StartAlgorithm=0;CPXPARAM_MIP_Strategy_SubAlgorithm=0;CPXPARAM_MIP_Strategy_VariableSelect=0;CPXPARAM_Network_NetFind=2;CPXPARAM_Network_Pricing=0;CPXPARAM_Parallel=1;CPXPARAM_Preprocessing_Aggregator=-1;CPXPARAM_Preprocessing_BoundStrength=-1;CPXPARAM_Preprocessing_CoeffReduce=-1;CPXPARAM_Preprocessing_Dependency=-1;CPXPARAM_Preprocessing_Dual=0;CPXPARAM_Preprocessing_Fill=10;CPXPARAM_Preprocessing_NumPass=-1;CPXPARAM_Preprocessing_Presolve=1;CPXPARAM_Preprocessing_QPMakePSD=1;CPXPARAM_Preprocessing_Reduce=3;CPXPARAM_Preprocessing_Relax=-1;CPXPARAM_Preprocessing_RepeatPresolve=-1;CPXPARAM_Preprocessing_Symmetry=-1;CPXPARAM_Read_Scale=0;CPXPARAM_Sifting_Algorithm=0;CPXPARAM_Simplex_Crash=1;CPXPARAM_Simplex_DGradient=0;CPXPARAM_Simplex_Limits_Perturbation=0;CPXPARAM_Simplex_Limits_Singularity=10;CPXPARAM_Simplex_PGradient=0;CPXPARAM_Simplex_Pricing=0;CPXPARAM_Simplex_Refactor=0
13455007570478566810,0,CPXPARAM_Advance=1;CPXPARAM_Barrier_Algorithm=0;CPXPARAM_Barrier_ColNonzeros=0;CPXPARAM_Barrier_Crossover=0;CPXPARAM_Barrier_Limits_Corrections=-1;CPXPARAM_Barrier_Ordering=0;CPXPARAM_Barrier_StartAlg=1;CPXPARAM_Emphasis_MIP=5;CPXPARAM_Emphasis_Memory=0;CPXPARAM_Emphasis_Numerical=0;CPXPARAM_Feasopt_Mode=0;CPXPARAM_LPMethod=0;CPXPARAM_MIP_Cuts_Cliques=2;CPXPARAM_MIP_Cuts_Covers=-1;CPXPARAM_MIP_Cuts_Disjunctive=0;CPXPARAM_MIP_Cuts_FlowCovers=-1;CPXPARAM_MIP_Cuts_GUBCovers=2;CPXPARAM_MIP_Cuts_Gomory=-1;CPXPARAM_MIP_Cuts_Implied=-1;CPXPARAM_MIP_Cuts_MIRCut=2;CPXPARAM_MIP_Cuts_PathCut=2;CPXPARAM_MIP_Limits_AggForCut=3;CPXPARAM_MIP_Limits_CutPasses=0;CPXPARAM_MIP_Limits_CutsFactor=-1;CPXPARAM_MIP_Limits_GomoryCand=50;CPXPARAM_MIP_Limits_GomoryPass=0;CPXPARAM_MIP_Limits_Nodes=9223372036800000000;CPXPARAM_MIP_Limits_ProbeTime=1e+75;CPXPARAM_MIP_Limits_RepairTries=0;CPXPARAM_MIP_Limits_StrongCand=10;CPXPARAM_MIP_Limits_StrongIt=0;CPXPARAM_MIP_OrderType=0;CPXPARAM_MIP_Strategy_BBInterval=7;CPXPARAM_MIP_Strategy_Branch=0;CPXPARAM_MIP_Strategy_Dive=0;CPXPARAM_MIP_Strategy_File=1;CPXPARAM_MIP_Strategy_HeuristicFreq=0;CPXPARAM_MIP_Strategy_LBHeur=0;CPXPARAM_MIP_Strategy_NodeSelect=1;CPXPARAM_MIP_Strategy_Order=1;CPXPARAM_MIP_Strategy_PresolveNode=0;CPXPARAM_MIP_Strategy_Probe=0;CPXPARAM_MIP_Strategy_RINSHeur=0;CPXPARAM_MIP_Strategy_StartAlgorithm=0;CPXPARAM_MIP_Strategy_SubAlgorithm=0;CPXPARAM_MIP_Strategy_VariableSelect=1;CPXPARAM_Network_NetFind=2;CPXPARAM_Network_Pricing=0;CPXPARAM_Parallel=1;CPXPARAM_Preprocessing_Aggregator=-1;CPXPARAM_Preprocessing_BoundStrength=-1;CPXPARAM_Preprocessing_CoeffReduce=-1;CPXPARAM_Preprocessing_Dependency=-1;CPXPARAM_Preprocessing_Dual=0;CPXPARAM_Preprocessing_Fill=10;CPXPARAM_Preprocessing_NumPass=-1;CPXPARAM_Preprocessing_Presolve=1;CPXPARAM_Preprocessing_QPMakePSD=1;CPXPARAM_Preprocessing_Reduce=3;CPXPARAM_Preprocessing_Relax=-1;CPXPARAM_Preprocessing_RepeatPresolve=-1;CPXPARAM_Preprocessing_Symmetry=-1;CPXPARAM_Read_Scale=0;CPXPARAM_Sifting_Algorithm=0;CPXPARAM_Simplex_Crash=1;CPXPARAM_Simplex_DGradient=0;CPXPARAM_Simplex_Limits_Perturbation=0;CPXPARAM_Simplex_Limits_Singularity=10;CPXPARAM_Simplex_PGradient=0;CPXPARAM_Simplex_Pricing=0;CPXPARAM_Simplex_Refactor=0
13129962135294303675,0,CPXPARAM_Advance=1;CPXPARAM_Barrier_Algorithm=0;CPXPARAM_Barrier_ColNonzeros=0;CPXPARAM_Barrier_Crossover=0;CPXPARAM_Barrier_Limits_Corrections=-1;CPXPARAM_Barrier_Ordering=0;CPXPARAM_Barrier_StartAlg=1;CPXPARAM_Emphasis_MIP=1;CPXPARAM_Emphasis_Memory=0;CPXPARAM_Emphasis_Numerical=0;CPXPARAM_Feasopt_Mode=0;CPXPARAM_LPMethod=0;CPXPARAM_MIP_Cuts_Cliques=2;CPXPARAM_MIP_Cuts_Covers=0;CPXPARAM_MIP_Cuts_Disjunctive=1;CPXPARAM_MIP_Cuts_FlowCovers=1;CPXPARAM_MIP_Cuts_GUBCovers=-1;CPXPARAM_MIP_Cuts_Gomory=2;CPXPARAM_MIP_Cuts_Implied=2;CPXPARAM_MIP_Cuts_MIRCut=1;CPXPARAM_MIP_Cuts_PathCut=2;CPXPARAM_MIP_Limits_AggForCut=3;CPXPARAM_MIP_Limits_CutPasses=0;CPXPARAM_MIP_Limits_CutsFactor=-1;CPXPARAM_MIP_Limits_GomoryCand=25;CPXPARAM_MIP_Limits_GomoryPass=0;CPXPARAM_MIP_Limits_Nodes=9223372036800000000;CPXPARAM_MIP_Limits_ProbeTime=1e+75;CPXPARAM_MIP_Limits_RepairTries=0;CPXPARAM_MIP_Limits_StrongCand=10;CPXPARAM_MIP_Limits_StrongIt=0;CPXPARAM_MIP_OrderType=0;CPXPARAM_MIP_Strategy_BBInterval=7;CPXPARAM_MIP_Strategy_Branch=0;CPXPARAM_MIP_Strategy_Dive=0;CPXPARAM_MIP_Strategy_File=1;CPXPARAM_MIP_Strategy_HeuristicFreq=0;CPXPARAM_MIP_Strategy_LBHeur=0;CPXPARAM_MIP_Strategy_NodeSelect=1;CPXPARAM_MIP_Strategy_Order=1;CPXPARAM_MIP_Strategy_PresolveNode=0;CPXPARAM_MIP_Strategy_Probe=0;CPXPARAM_MIP_Strategy_RINSHeur=0;CPXPARAM_MIP_Strategy_StartAlgorithm=0;CPXPARAM_MIP_Strategy_SubAlgorithm=0;CPXPARAM_MIP_Strategy_VariableSelect=0;CPXPARAM_Network_NetFind=2;CPXPARAM_Network_Pricing=0;CPXPARAM_Parallel=1;CPXPARAM_Preprocessing_Aggregator=-1;CPXPARAM_Preprocessing_BoundStrength=-1;CPXPARAM_Preprocessing_CoeffReduce=-1;CPXPARAM_Preprocessing_Dependency=-1;CPXPARAM_Preprocessing_Dual=0;CPXPARAM_Preprocessing_Fill=10;CPXPARAM_Preprocessing_NumPass=-1;CPXPARAM_Preprocessing_Presolve=1;CPXPARAM_Preprocessing_QPMakePSD=1;CPXPARAM_Preprocessing_Reduce=3;CPXPARAM_Preprocessing_Relax=-1;CPXPARAM_Preprocessing_RepeatPresolve=-1;CPXPARAM_Preprocessing_Symmetry=-1;CPXPARAM_Read_Scale=0;CPXPARAM_Sifting_Algorithm=0;CPXPARAM_Simplex_Crash=1;CPXPARAM_Simplex_DGradient=0;CPXPARAM_Simplex_Limits_Perturbation=0;CPXPARAM_Simplex_Limits_Singularity=10;CPXPARAM_Simplex_PGradient=0;CPXPARAM_Simplex_Pricing=0;CPXPARAM_Simplex_Refactor=0
4590830400670734119,0,CPXPARAM_Advance=1;CPXPARAM_Barrier_Algorithm=0;CPXPARAM_Barrier_ColNonzeros=0;CPXPARAM_Barrier_Crossover=0;CPXPARAM_Barrier_Limits_Corrections=-1;CPXPARAM_Barrier_Ordering=0;CPXPARAM_Barrier_StartAlg=1;CPXPARAM_Emphasis_MIP=3;CPXPARAM_Emphasis_Memory=0;CPXPARAM_Emphasis_Numerical=0;CPXPARAM_Feasopt_Mode=0;CPXPARAM_LPMethod=0;CPXPARAM_MIP_Cuts_Cliques=3;CPXPARAM_MIP_Cuts_Covers=0;CPXPARAM_MIP_Cuts_Disjunctive=0;CPXPARAM_MIP_Cuts_FlowCovers=0;CPXPARAM_MIP_Cuts_GUBCovers=1;CPXPARAM_MIP_Cuts_Gomory=2;CPXPARAM_MIP_Cuts_Implied=-1;CPXPARAM_MIP_Cuts_MIRCut=0;CPXPARAM_MIP_Cuts_PathCut=1;CPXPARAM_MIP_Limits_AggForCut=3;CPXPARAM_MIP_Limits_CutPasses=0;CPXPARAM_MIP_Limits_CutsFactor=-1;CPXPARAM_MIP_Limits_GomoryCand=200;CPXPARAM_MIP_Limits_GomoryPass=0;CPXPARAM_MIP_Limits_Nodes=9223372036800000000;CPXPARAM_MIP_Limits_ProbeTime=1e+75;CPXPARAM_MIP_Limits_RepairTries=0;CPXPARAM_MIP_Limits_StrongCand=10;CPXPARAM_MIP_Limits_StrongIt=0;CPXPARAM_MIP_OrderType=0;CPXPARAM_MIP_Strategy_BBInterval=7;CPXPARAM_MIP_Strategy_Branch=0;CPXPARAM_MIP_Strategy_Dive=0;CPXPARAM_MIP_Strategy_File=1;CPXPARAM_MIP_Strategy_HeuristicFreq=0;CPXPARAM_MIP_Strategy_LBHeur=0;CPXPARAM_MIP_Strategy_NodeSelect=1;CPXPARAM_MIP_Strategy_Order=1;CPXPARAM_MIP_Strategy_PresolveNode=0;CPXPARAM_MIP_Strategy_Probe=0;CPXPARAM_MIP_Strategy_RINSHeur=0;CPXPARAM_MIP_Strategy_StartAlgorithm=0;CPXPARAM_MIP_Strategy_SubAlgorithm=0;CPXPARAM_MIP_Strategy_VariableSelect=0;CPXPARAM_Network_NetFind=2;CPXPARAM_Network_Pricing=0;CPXPARAM_Parallel=1;CPXPARAM_Preprocessing_Aggregator=-1;CPXPARAM_Preprocessing_BoundStrength=-1;CPXPARAM_Preprocessing_CoeffReduce=-1;CPXPARAM_Preprocessing_Dependency=-1;CPXPARAM_Preprocessing_Dual=0;CPXPARAM_Preprocessing_Fill=10;CPXPARAM_Preprocessing_NumPass=-1;CPXPARAM_Preprocessing_Presolve=1;CPXPARAM_Preprocessing_QPMakePSD=1;CPXPARAM_Preprocessing_Reduce=3;CPXPARAM_Preprocessing_Relax=-1;CPXPARAM_Preprocessing_RepeatPresolve=-1;CPXPARAM_Preprocessing_Symmetry=-1;CPXPARAM_Read_Scale=0;CPXPARAM_Sifting_Algorithm=0;CPXPARAM_Simplex_Crash=1;CPXPARAM_Simplex_DGradient=0;CPXPARAM_Simplex_Limits_Perturbation=0;CPXPARAM_Simplex_Limits_Singularity=10;CPXPARAM_Simplex_PGradient=0;CPXPARAM_Simplex_Pricing=0;CPXPARAM_Simplex_Refactor=0
8080313547623049630,0,CPXPARAM_Advance=1;CPXPARAM_Barrier_Algorithm=0;CPXPARAM_Barrier_ColNonzeros=0;CPXPARAM_Barrier_Crossover=0;CPXPARAM_Barrier_Limits_Corrections=-1;CPXPARAM_Barrier_Ordering=0;CPXPARAM_Barrier_StartAlg=1;CPXPARAM_Emphasis_MIP=5;CPXPARAM_Emphasis_Memory=0;CPXPARAM_Emphasis_Numerical=0;CPXPARAM_Feasopt_Mode=0;CPXPARAM_LPMethod=0;CPXPARAM_MIP_Cuts_Cliques=3;CPXPARAM_MIP_Cuts_Covers=0;CPXPARAM_MIP_Cuts_Disjunctive=1;CPXPARAM_MIP_Cuts_FlowCovers=0;CPXPARAM_MIP_Cuts_GUBCovers=0;CPXPARAM_MIP_Cuts_Gomory=2;CPXPARAM_MIP_Cuts_Implied=1;CPXPARAM_MIP_Cuts_MIRCut=-1;CPXPARAM_MIP_Cuts_PathCut=1;CPXPARAM_MIP_Limits_AggForCut=5;CPXPARAM_MIP_Limits_CutPasses=0;CPXPARAM_MIP_Limits_CutsFactor=-1;CPXPARAM_MIP_Limits_GomoryCand=800;CPXPARAM_MIP_Limits_GomoryPass=0;CPXPARAM_MIP_Limits_Nodes=9223372036800000000;CPXPARAM_MIP_Limits_ProbeTime=1e+75;CPXPARAM_MIP_Limits_RepairTries=0;CPXPARAM_MIP_Limits_StrongCand=10;CPXPARAM_MIP_Limits_StrongIt=0;CPXPARAM_MIP_OrderType=3;CPXPARAM_MIP_Strategy_BBInterval=7;CPXPARAM_MIP_Strategy_Branch=0;CPXPARAM_MIP_Strategy_Dive=0;CPXPARAM_MIP_Strategy_File=1;CPXPARAM_MIP_Strategy_HeuristicFreq=0;CPXPARAM_MIP_Strategy_LBHeur=0;CPXPARAM_MIP_Strategy_NodeSelect=0;CPXPARAM_MIP_Strategy_Order=1;CPXPARAM_MIP_Strategy_PresolveNode=-1;CPXPARAM_MIP_Strategy_Probe=2;CPXPARAM_MIP_Strategy_RINSHeur=0;CPXPARAM_MIP_Strategy_StartAlgorithm=0;CPXPARAM_MIP_Strategy_SubAlgorithm=5;CPXPARAM_MIP_Strategy_VariableSelect=4;CPXPARAM_Network_NetFind=2;CPXPARAM_Network_Pricing=0;CPXPARAM_Parallel=1;CPXPARAM_Preprocessing_Aggregator=-1;CPXPARAM_Preprocessing_BoundStrength=-1;CPXPARAM_Preprocessing_CoeffReduce=-1;CPXPARAM_Preprocessing_Dependency=-1;CPXPARAM_Preprocessing_Dual=0;CPXPARAM_Preprocessing_Fill=20;CPXPARAM_Preprocessing_NumPass=-1;CPXPARAM_Preprocessing_Presolve=1;CPXPARAM_Preprocessing_QPMakePSD=1;CPXPARAM_Preprocessing_Reduce=1;CPXPARAM_Preprocessing_Relax=-1;CPXPARAM_Preprocessing_RepeatPresolve=-1;CPXPARAM_Preprocessing_Symmetry=-1;CPXPARAM_Read_Scale=0;CPXPARAM_Sifting_Algorithm=0;CPXPARAM_Simplex_Crash=1;CPXPARAM_Simplex_DGradient=0;CPXPARAM_Simplex_Limits_Perturbation=0;CPXPARAM_Simplex_Limits_Singularity=10;CPXPARAM_Simplex_PGradient=0;CPXPARAM_Simplex_Pricing=0;CPXPARAM_Simplex_Refactor=0
2037250810688489207,0,CPXPARAM_Advance=1;CPXPARAM_Barrier_Algorithm=0;CPXPARAM_Barrier_ColNonzeros=0;CPXPARAM_Barrier_Crossover=0;CPXPARAM_Barrier_Limits_Corrections=-1;CPXPARAM_Barrier_Ordering=0;CPXPARAM_Barrier_StartAlg=1;CPXPARAM_Emphasis_MIP=2;CPXPARAM_Emphasis_Memory=0;CPXPARAM_Emphasis_Numerical=0;CPXPARAM_Feasopt_Mode=0;CPXPARAM_LPMethod=0;CPXPARAM_MIP_Cuts_Cliques=3;CPXPARAM_MIP_Cuts_Covers=0;CPXPARAM_MIP_Cuts_Disjunctive=0;CPXPARAM_MIP_Cuts_FlowCovers=1;CPXPARAM_MIP_Cuts_GUBCovers=1;CPXPARAM_MIP_Cuts_Gomory=1;CPXPARAM_MIP_Cuts_Implied=0;CPXPARAM_MIP_Cuts_MIRCut=2;CPXPARAM_MIP_Cuts_PathCut=0;CPXPARAM_MIP_Limits_AggForCut=3;CPXPARAM_MIP_Limits_CutPasses=0;CPXPARAM_MIP_Limits_CutsFactor=-1;CPXPARAM_MIP_Limits_GomoryCand=200;CPXPARAM_MIP_Limits_GomoryPass=0;CPXPARAM_MIP_Limits_Nodes=9223372036800000000;CPXPARAM_MIP_Limits_ProbeTime=1e+75;CPXPARAM_MIP_Limits_RepairTries=0;CPXPARAM_MIP_Limits_StrongCand=10;CPXPARAM_MIP_Limits_StrongIt=0;CPXPARAM_MIP_OrderType=0;CPXPARAM_MIP_Strategy_BBInterval=7;CPXPARAM_MIP_Strategy_Branch=0;CPXPARAM_MIP_Strategy_Dive=0;CPXPARAM_MIP_Strategy_File=1;CPXPARAM_MIP_Strategy_HeuristicFreq=0;CPXPARAM_MIP_Strategy_LBHeur=0;CPXPARAM_MIP_Strategy_NodeSelect=2;CPXPARAM_MIP_Strategy_Order=1;CPXPARAM_MIP_Strategy_PresolveNode=2;CPXPARAM_MIP_Strategy_Probe=3;CPXPARAM_MIP_Strategy_RINSHeur=0;CPXPARAM_MIP_Strategy_StartAlgorithm=0;CPXPARAM_MIP_Strategy_SubAlgorithm=0;CPXPARAM_MIP_Strategy_VariableSelect=-1;CPXPARAM_Network_NetFind=2;CPXPARAM_Network_Pricing=0;CPXPARAM_Parallel=1;CPXPARAM_Preprocessing_Aggregator=-1;CPXPARAM_Preprocessing_BoundStrength=-1;CPXPARAM_Preprocessing_CoeffReduce=-1;CPXPARAM_Preprocessing_Dependency=-1;CPXPARAM_Preprocessing_Dual=0;CPXPARAM_Preprocessing_Fill=10;CPXPARAM_Preprocessing_NumPass=-1;CPXPARAM_Preprocessing_Presolve=1;CPXPARAM_Preprocessing_QPMakePSD=1;CPXPARAM_Preprocessing_Reduce=3;CPXPARAM_Preprocessing_Relax=-1;CPXPARAM_Preprocessing_RepeatPresolve=-1;CPXPARAM_Preprocessing_Symmetry=-1;CPXPARAM_Read_Scale=0;CPXPARAM_Sifting_Algorithm=0;CPXPARAM_Simplex_Crash=1;CPXPARAM_Simplex_DGradient=0;CPXPARAM_Simplex_Limits_Perturbation=0;CPXPARAM_Simplex_Limits_Singularity=10;CPXPARAM_Simplex_PGradient=0;CPXPARAM_Simplex_Pricing=0;CPXPARAM_Simplex_Refactor=0
14845306053786169038,0,CPXPARAM_Advance=1;CPXPARAM_Barrier_Algorithm=0;CPXPARAM_Barrier_ColNonzeros=0;CPXPARAM_Barrier_Crossover=0;CPXPARAM_Barrier_Limits_Corrections=-1;CPXPARAM_Barrier_Ordering=0;CPXPARAM_Barrier_StartAlg=1;CPXPARAM_Emphasis_MIP=4;CPXPARAM_Emphasis_Memory=0;CPXPARAM_Emphasis_Numerical=0;CPXPARAM_Feasopt_Mode=0;CPXPARAM_LPMethod=0;CPXPARAM_MIP_Cuts_Cliques=0;CPXPARAM_MIP_Cuts_Covers=0;CPXPARAM_MIP_Cuts_Disjunctive=-1;CPXPARAM_MIP_Cuts_FlowCovers=2;CPXPARAM_MIP_Cuts_GUBCovers=-1;CPXPARAM_MIP_Cuts_Gomory=2;CPXPARAM_MIP_Cuts_Implied=-1;CPXPARAM_MIP_Cuts_MIRCut=0;CPXPARAM_MIP_Cuts_PathCut=2;CPXPARAM_MIP_Limits_AggForCut=3;CPXPARAM_MIP_Limits_CutPasses=0;CPXPARAM_MIP_Limits_CutsFactor=-1;CPXPARAM_MIP_Limits_GomoryCand=150;CPXPARAM_MIP_Limits_GomoryPass=0;CPXPARAM_MIP_Limits_Nodes=9223372036800000000;CPXPARAM_MIP_Limits_ProbeTime=1e+75;CPXPARAM_MIP_Limits_RepairTries=0;CPXPARAM_MIP_Limits_StrongCand=10;CPXPARAM_MIP_Limits_StrongIt=0;CPXPARAM_MIP_OrderType=0;CPXPARAM_MIP_Strategy_BBInterval=7;CPXPARAM_MIP_Strategy_Branch=0;CPXPARAM_MIP_Strategy_Dive=0;CPXPARAM_MIP_Strategy_File=1;CPXPARAM_MIP_Strategy_HeuristicFreq=0;CPXPARAM_MIP_Strategy_LBHeur=0;CPXPARAM_MIP_Strategy_NodeSelect=1;CPXPARAM_MIP_Strategy_Order=1;CPXPARAM_MIP_Strategy_PresolveNode=0;CPXPARAM_MIP_Strategy_Probe=0;CPXPARAM_MIP_Strategy_RINSHeur=0;CPXPARAM_MIP_Strategy_StartAlgorithm=0;CPXPARAM_MIP_Strategy_SubAlgorithm=0;CPXPARAM_MIP_Strategy_VariableSelect=0;CPXPARAM_Network_NetFind=2;CPXPARAM_Network_Pricing=0;CPXPARAM_Parallel=1;CPXPARAM_Preprocessing_Aggregator=-1;CPXPARAM_Preprocessing_BoundStrength=-1;CPXPARAM_Preprocessing_CoeffReduce=-1;CPXPARAM_Preprocessing_Dependency=-1;CPXPARAM_Preprocessing_Dual=0;CPXPARAM_Preprocessing_Fill=10;CPXPARAM_Preprocessing_NumPass=-1;CPXPARAM_Preprocessing_Presolve=1;CPXPARAM_Preprocessing_QPMakePSD=1;CPXPARAM_Preprocessing_Reduce=3;CPXPARAM_Preprocessing_Relax=-1;CPXPARAM_Preprocessing_RepeatPresolve=-1;CPXPARAM_Preprocessing_Symmetry=-1;CPXPARAM_Read_Scale=0;CPXPARAM_Sifting_Algorithm=0;CPXPARAM_Simplex_Crash=1;CPXPARAM_Simplex_DGradient=0;CPXPARAM_Simplex_Limits_Perturbation=0;CPXPARAM_Simplex_Limits_Singularity=10;CPXPARAM_Simplex_PGradient=0;CPXPARAM_Simplex_Pricing=0;CPXPARAM_Simplex_Refactor=0
4195526803266783549,0,CPXPARAM_Advance=1;CPXPARAM_Barrier_Algorithm=0;CPXPARAM_Barrier_ColNonzeros=0;CPXPARAM_Barrier_Crossover=0;CPXPARAM_Barrier_Limits_Corrections=-1;CPXPARAM_Barrier_Ordering=0;CPXPARAM_Barrier_StartAlg=1;CPXPARAM_Emphasis_MIP=0;CPXPARAM_Emphasis_Memory=0;CPXPARAM_Emphasis_Numerical=0;CPXPARAM_Feasopt_Mode=0;CPXPARAM_LPMethod=0;CPXPARAM_MIP_Cuts_Cliques=3;CPXPARAM_MIP_Cuts_Covers=2;CPXPARAM_MIP_Cuts_Disjunctive=0;CPXPARAM_MIP_Cuts_FlowCovers=-1;CPXPARAM_MIP_Cuts_GUBCovers=1;CPXPARAM_MIP_Cuts_Gomory=0;CPXPARAM_MIP_Cuts_Implied=1;CPXPARAM_MIP_Cuts_MIRCut=2;CPXPARAM_MIP_Cuts_PathCut=0;CPXPARAM_MIP_Limits_AggForCut=3;CPXPARAM_MIP_Limits_CutPasses=0;CPXPARAM_MIP_Limits_CutsFactor=-1;CPXPARAM_MIP_Limits_GomoryCand=10;CPXPARAM_MIP_Limits_GomoryPass=0;CPXPARAM_MIP_Limits_Nodes=9223372036800000000;CPXPARAM_MIP_Limits_ProbeTime=1e+75;CPXPARAM_MIP_Limits_RepairTries=0;CPXPARAM_MIP_Limits_StrongCand=10;CPXPARAM_MIP_Limits_StrongIt=0;CPXPARAM_MIP_OrderType=0;CPXPARAM_MIP_Strategy_BBInterval=7;CPXPARAM_MIP_Strategy_Branch=0;CPXPARAM_MIP_Strategy_Dive=0;CPXPARAM_MIP_Strategy_File=1;CPXPARAM_MIP_Strategy_HeuristicFreq=0;CPXPARAM_MIP_Strategy_LBHeur=0;CPXPARAM_MIP_Strategy_NodeSelect=2;CPXPARAM_MIP_Strategy_Order=1;CPXPARAM_MIP_Strategy_PresolveNode=1;CPXPARAM_MIP_Strategy_Probe=1;CPXPARAM_MIP_Strategy_RINSHeur=0;CPXPARAM_MIP_Strategy_StartAlgorithm=0;CPXPARAM_MIP_Strategy_SubAlgorithm=0;CPXPARAM_MIP_Strategy_VariableSelect=1;CPXPARAM_Network_NetFind=2;CPXPARAM_Network_Pricing=0;CPXPARAM_Parallel=1;CPXPARAM_Preprocessing_Aggregator=-1;CPXPARAM_Preprocessing_BoundStrength=-1;CPXPARAM_Preprocessing_CoeffReduce=-1;CPXPARAM_Preprocessing_Dependency=-1;CPXPARAM_Preprocessing_Dual=0;CPXPARAM_Preprocessing_Fill=10;CPXPARAM_Preprocessing_NumPass=-1;CPXPARAM_Preprocessing_Presolve=1;CPXPARAM_Preprocessing_QPMakePSD=1;CPXPARAM_Preprocessing_Reduce=3;CPXPARAM_Preprocessing_Relax=-1;CPXPARAM_Preprocessing_RepeatPresolve=-1;CPXPARAM_Preprocessing_Symmetry=-1;CPXPARAM_Read_Scale=0;CPXPARAM_Sifting_Algorithm=0;CPXPARAM_Simplex_Crash=1;CPXPARAM_Simplex_DGradient=0;CPXPARAM_Simplex_Limits_Perturbation=0;CPXPARAM_Simplex_Limits_Singularity=10;CPXPARAM_Simplex_PGradient=0;CPXPARAM_Simplex_Pricing=0;CPXPARAM_Simplex_Refactor=0
6436848916610107037,0,CPXPARAM_Advance=1;CPXPARAM_Barrier_Algorithm=0;CPXPARAM_Barrier_ColNonzeros=0;CPXPARAM_Barrier_Crossover=0;CPXPARAM_Barrier_Limits_Corrections=-1;CPXPARAM_Barrier_Ordering=0;CPXPARAM_Barrier_StartAlg=1;CPXPARAM_Emphasis_MIP=2;CPXPARAM_Emphasis_Memory=0;CPXPARAM_Emphasis_Numerical=0;CPXPARAM_Feasopt_Mode=0;CPXPARAM_LPMethod=0;CPXPARAM_MIP_Cuts_Cliques=0;CPXPARAM_MIP_Cuts_Covers=2;CPXPARAM_MIP_Cuts_Disjunctive=0;CPXPARAM_MIP_Cuts_FlowCovers=-1;CPXPARAM_MIP_Cuts_GUBCovers=1;CPXPARAM_MIP_Cuts_Gomory=0;CPXPARAM_MIP_Cuts_Implied=1;CPXPARAM_MIP_Cuts_MIRCut=0;CPXPARAM_MIP_Cuts_PathCut=2;CPXPARAM_MIP_Limits_AggForCut=3;CPXPARAM_MIP_Limits_CutPasses=0;CPXPARAM_MIP_Limits_CutsFactor=-1;CPXPARAM_MIP_Limits_GomoryCand=150;CPXPARAM_MIP_Limits_GomoryPass=0;CPXPARAM_MIP_Limits_Nodes=9223372036800000000;CPXPARAM_MIP_Limits_ProbeTime=1e+75;CPXPARAM_MIP_Limits_RepairTries=0;CPXPARAM_MIP_Limits_StrongCand=10;CPXPARAM_MIP_Limits_StrongIt=0;CPXPARAM_MIP_OrderType=0;CPXPARAM_MIP_Strategy_BBInterval=7;CPXPARAM_MIP_Strategy_Branch=0;CPXPARAM_MIP_Strategy_Dive=0;CPXPARAM_MIP_Strategy_File=1;CPXPARAM_MIP_Strategy_HeuristicFreq=0;CPXPARAM_MIP_Strategy_LBHeur=0;CPXPARAM_MIP_Strategy_NodeSelect=1;CPXPARAM_MIP_Strategy_Order=1;CPXPARAM_MIP_Strategy_PresolveNode=0;CPXPARAM_MIP_Strategy_Probe=3;CPXPARAM_MIP_Strategy_RINSHeur=0;CPXPARAM_MIP_Strategy_StartAlgorithm=0;CPXPARAM_MIP_Strategy_SubAlgorithm=0;CPXPARAM_MIP_Strategy_VariableSelect=0;CPXPARAM_Network_NetFind=2;CPXPARAM_Network_Pricing=0;CPXPARAM_Parallel=1;CPXPARAM_Preprocessing_Aggregator=-1;CPXPARAM_Preprocessing_BoundStrength=-1;CPXPARAM_Preprocessing_CoeffReduce=-1;CPXPARAM_Preprocessing_Dependency=-1;CPXPARAM_Preprocessing_Dual=0;CPXPARAM_Preprocessing_Fill=10;CPXPARAM_Preprocessing_NumPass=-1;CPXPARAM_Preprocessing_Presolve=1;CPXPARAM_Preprocessing_QPMakePSD=1;CPXPARAM_Preprocessing_Reduce=3;CPXPARAM_Preprocessing_Relax=-1;CPXPARAM_Preprocessing_RepeatPresolve=-1;CPXPARAM_Preprocessing_Symmetry=-1;CPXPARAM_Read_Scale=0;CPXPARAM_Sifting_Algorithm=0;CPXPARAM_Simplex_Crash=1;CPXPARAM_Simplex_DGradient=0;CPXPARAM_Simplex_Limits_Perturbation=0;CPXPARAM_Simplex_Limits_Singularity=10;CPXPARAM_Simplex_PGradient=0;CPXPARAM_Simplex_Pricing=0;CPXPARAM_Simplex_Refactor=0
11966649792006156199,0,CPXPARAM_Advance=1;CPXPARAM_Barrier_Algorithm=0;CPXPARAM_Barrier_ColNonzeros=0;CPXPARAM_Barrier_Crossover=0;CPXPARAM_Barrier_Limits_Corrections=-1;CPXPARAM_Barrier_Ordering=0;CPXPARAM_Barrier_StartAlg=1;CPXPARAM_Emphasis_MIP=4;CPXPARAM_Emphasis_Memory=0;CPXPARAM_Emphasis_Numerical=0;CPXPARAM_Feasopt_Mode=0;CPXPARAM_LPMethod=0;CPXPARAM_MIP_Cuts_Cliques=0;CPXPARAM_MIP_Cuts_Covers=1;CPXPARAM_MIP_Cuts_Disjunctive=0;CPXPARAM_MIP_Cuts_FlowCovers=-1;CPXPARAM_MIP_Cuts_GUBCovers=2;CPXPARAM_MIP_Cuts_Gomory=0;CPXPARAM_MIP_Cuts_Implied=0;CPXPARAM_MIP_Cuts_MIRCut=0;CPXPARAM_MIP_Cuts_PathCut=1;CPXPARAM_MIP_Limits_AggForCut=3;CPXPARAM_MIP_Limits_CutPasses=0;CPXPARAM_MIP_Limits_CutsFactor=-1;CPXPARAM_MIP_Limits_GomoryCand=150;CPXPARAM_MIP_Limits_GomoryPass=0;CPXPARAM_MIP_Limits_Nodes=9223372036800000000;CPXPARAM_MIP_Limits_ProbeTime=1e+75;CPXPARAM_MIP_Limits_RepairTries=0;CPXPARAM_MIP_Limits_StrongCand=10;CPXPARAM_MIP_Limits_StrongIt=0;CPXPARAM_MIP_OrderType=0;CPXPARAM_MIP_Strategy_BBInterval=7;CPXPARAM_MIP_Strategy_Branch=0;CPXPARAM_MIP_Strategy_Dive=0;CPXPARAM_MIP_Strategy_File=1;CPXPARAM_MIP_Strategy_HeuristicFreq=0;CPXPARAM_MIP_Strategy_LBHeur=0;CPXPARAM_MIP_Strategy_NodeSelect=2;CPXPARAM_MIP_Strategy_Order=1;CPXPARAM_MIP_Strategy_PresolveNode=0;CPXPARAM_MIP_Strategy_Probe=0;CPXPARAM_MIP_Strategy_RINSHeur=0;CPXPARAM_MIP_Strategy_StartAlgorithm=0;CPXPARAM_MIP_Strategy_SubAlgorithm=0;CPXPARAM_MIP_Strategy_VariableSelect=0;CPXPARAM_Network_NetFind=2;CPXPARAM_Network_Pricing=0;CPXPARAM_Parallel=1;CPXPARAM_Preprocessing_Aggregator=-1;CPXPARAM_Preprocessing_BoundStrength=-1;CPXPARAM_Preprocessing_CoeffReduce=-1;CPXPARAM_Preprocessing_Dependency=-1;CPXPARAM_Preprocessing_Dual=0;CPXPARAM_Preprocessing_Fill=10;CPXPARAM_Preprocessing_NumPass=-1;CPXPARAM_Preprocessing_Presolve=1;CPXPARAM_Preprocessing_QPMakePSD=1;CPXPARAM_Preprocessing_Reduce=3;CPXPARAM_Preprocessing_Relax=-1;CPXPARAM_Preprocessing_RepeatPresolve=-1;CPXPARAM_Preprocessing_Symmetry=-1;CPXPARAM_Read_Scale=0;CPXPARAM_Sifting_Algorithm=0;CPXPARAM_Simplex_Crash=1;CPXPARAM_Simplex_DGradient=0;CPXPARAM_Simplex_Limits_Perturbation=0;CPXPARAM_Simplex_Limits_Singularity=10;CPXPARAM_Simplex_PGradient=0;CPXPARAM_Simplex_Pricing=0;CPXPARAM_Simplex_Refactor=0
6391284084456673115,0,CPXPARAM_Advance=1;CPXPARAM_Barrier_Algorithm=0;CPXPARAM_Barrier_ColNonzeros=0;CPXPARAM_Barrier_Crossover=0;CPXPARAM_Barrier_Limits_Corrections=-1;CPXPARAM_Barrier_Ordering=0;CPXPARAM_Barrier_StartAlg=1;CPXPARAM_Emphasis_MIP=0;CPXPARAM_Emphasis_Memory=0;CPXPARAM_Emphasis_Numerical=0;CPXPARAM_Feasopt_Mode=0;CPXPARAM_LPMethod=0;CPXPARAM_MIP_Cuts_Cliques=2;CPXPARAM_MIP_Cuts_Covers=0;CPXPARAM_MIP_Cuts_Disjunctive=1;CPXPARAM_MIP_Cuts_FlowCovers=0;CPXPARAM_MIP_Cuts_GUBCovers=1;CPXPARAM_MIP_Cuts_Gomory=0;CPXPARAM_MIP_Cuts_Implied=-1;CPXPARAM_MIP_Cuts_MIRCut=1;CPXPARAM_MIP_Cuts_PathCut=1;CPXPARAM_MIP_Limits_AggForCut=3;CPXPARAM_MIP_Limits_CutPasses=0;CPXPARAM_MIP_Limits_CutsFactor=-1;CPXPARAM_MIP_Limits_GomoryCand=25;CPXPARAM_MIP_Limits_GomoryPass=0;CPXPARAM_MIP_Limits_Nodes=9223372036800000000;CPXPARAM_MIP_Limits_ProbeTime=1e+75;CPXPARAM_MIP_Limits_RepairTries=0;CPXPARAM_MIP_Limits_StrongCand=10;CPXPARAM_MIP_Limits_StrongIt=0;CPXPARAM_MIP_OrderType=0;CPXPARAM_MIP_Strategy_BBInterval=7;CPXPARAM_MIP_Strategy_Branch=-1;CPXPARAM_MIP_Strategy_Dive=0;CPXPARAM_MIP_Strategy_File=1;CPXPARAM_MIP_Strategy_HeuristicFreq=0;CPXPARAM_MIP_Strategy_LBHeur=0;CPXPARAM_MIP_Strategy_NodeSelect=0;CPXPARAM_MIP_Strategy_Order=1;CPXPARAM_MIP_Strategy_PresolveNode=1;CPXPARAM_MIP_Strategy_Probe=0;CPXPARAM_MIP_Strategy_RINSHeur=0;CPXPARAM_MIP_Strategy_StartAlgorithm=0;CPXPARAM_MIP_Strategy_SubAlgorithm=0;CPXPARAM_MIP_Strategy_VariableSelect=1;CPXPARAM_Network_NetFind=2;CPXPARAM_Network_Pricing=0;CPXPARAM_Parallel=1;CPXPARAM_Preprocessing_Aggregator=-1;CPXPARAM_Preprocessing_BoundStrength=-1;CPXPARAM_Preprocessing_CoeffReduce=-1;CPXPARAM_Preprocessing_Dependency=-1;CPXPARAM_Preprocessing_Dual=0;CPXPARAM_Preprocessing_Fill=10;CPXPARAM_Preprocessing_NumPass=-1;CPXPARAM_Preprocessing_Presolve=1;CPXPARAM_Preprocessing_QPMakePSD=1;CPXPARAM_Preprocessing_Reduce=3;CPXPARAM_Preprocessing_Relax=-1;CPXPARAM_Preprocessing_RepeatPresolve=-1;CPXPARAM_Preprocessing_Symmetry=-1;CPXPARAM_Read_Scale=0;CPXPARAM_Sifting_Algorithm=0;CPXPARAM_Simplex_Crash=1;CPXPARAM_Simplex_DGradient=0;CPXPARAM_Simplex_Limits_Perturbation=0;CPXPARAM_Simplex_Limits_Singularity=10;CPXPARAM_Simplex_PGradient=0;CPXPARAM_Simplex_Pricing=0;CPXPARAM_Simplex_Refactor=0
1458691513790943698,0,CPXPARAM_Advance=1;CPXPARAM_Barrier_Algorithm=0;CPXPARAM_Barrier_ColNonzeros=0;CPXPARAM_Barrier_Crossover=0;CPXPARAM_Barrier_Limits_Corrections=-1;CPXPARAM_Barrier_Ordering=0;CPXPARAM_Barrier_StartAlg=1;CPXPARAM_Emphasis_MIP=4;CPXPARAM_Emphasis_Memory=0;CPXPARAM_Emphasis_Numerical=0;CPXPARAM_Feasopt_Mode=0;CPXPARAM_LPMethod=0;CPXPARAM_MIP_Cuts_Cliques=0;CPXPARAM_MIP_Cuts_Covers=0;CPXPARAM_MIP_Cuts_Disjunctive=-1;CPXPARAM_MIP_Cuts_FlowCovers=2;CPXPARAM_MIP_Cuts_GUBCovers=-1;CPXPARAM_MIP_Cuts_Gomory=-1;CPXPARAM_MIP_Cuts_Implied=-1;CPXPARAM_MIP_Cuts_MIRCut=0;CPXPARAM_MIP_Cuts_PathCut=2;CPXPARAM_MIP_Limits_AggForCut=3;CPXPARAM_MIP_Limits_CutPasses=0;CPXPARAM_MIP_Limits_CutsFactor=-1;CPXPARAM_MIP_Limits_GomoryCand=10;CPXPARAM_MIP_Limits_GomoryPass=0;CPXPARAM_MIP_Limits_Nodes=9223372036800000000;CPXPARAM_MIP_Limits_ProbeTime=1e+75;CPXPARAM_MIP_Limits_RepairTries=0;CPXPARAM_MIP_Limits_StrongCand=10;CPXPARAM_MIP_Limits_StrongIt=0;CPXPARAM_MIP_OrderType=0;CPXPARAM_MIP_Strategy_BBInterval=7;CPXPARAM_MIP_Strategy_Branch=0;CPXPARAM_MIP_Strategy_Dive=0;CPXPARAM_MIP_Strategy_File=1;CPXPARAM_MIP_Strategy_HeuristicFreq=0;CPXPARAM_MIP_Strategy_LBHeur=0;CPXPARAM_MIP_Strategy_NodeSelect=1;CPXPARAM_MIP_Strategy_Order=1;CPXPARAM_MIP_Strategy_PresolveNode=0;CPXPARAM_MIP_Strategy_Probe=0;CPXPARAM_MIP_Strategy_RINSHeur=0;CPXPARAM_MIP_Strategy_StartAlgorithm=0;CPXPARAM_MIP_Strategy_SubAlgorithm=0;CPXPARAM_MIP_Strategy_VariableSelect=0;CPXPARAM_Network_NetFind=2;CPXPARAM_Network_Pricing=0;CPXPARAM_Parallel=1;CPXPARAM_Preprocessing_Aggregator=-1;CPXPARAM_Preprocessing_BoundStrength=-1;CPXPARAM_Preprocessing_CoeffReduce=-1;CPXPARAM_Preprocessing_Dependency=-1;CPXPARAM_Preprocessing_Dual=0;CPXPARAM_Preprocessing_Fill=10;CPXPARAM_Preprocessing_NumPass=-1;CPXPARAM_Preprocessing_Presolve=1;CPXPARAM_Preprocessing_QPMakePSD=1;CPXPARAM_Preprocessing_Reduce=3;CPXPARAM_Preprocessing_Relax=-1;CPXPARAM_Preprocessing_RepeatPresolve=-1;CPXPARAM_Preprocessing_Symmetry=-1;CPXPARAM_Read_Scale=0;CPXPARAM_Sifting_Algorithm=0;CPXPARAM_Simplex_Crash=1;CPXPARAM_Simplex_DGradient=0;CPXPARAM_Simplex_Limits_Perturbation=0;CPXPARAM_Simplex_Limits_Singularity=10;CPXPARAM_Simplex_PGradient=0;CPXPARAM_Simplex_Pricing=0;CPXPARAM_Simplex_Refactor=0
8802476388454901506,0,CPXPARAM_Advance=1;CPXPARAM_Barrier_Algorithm=0;CPXPARAM_Barrier_ColNonzeros=0;CPXPARAM_Barrier_Crossover=0;CPXPARAM_Barrier_Limits_Corrections=-1;CPXPARAM_Barrier_Ordering=0;CPXPARAM_Barrier_StartAlg=1;CPXPARAM_Emphasis_MIP=5;CPXPARAM_Emphasis_Memory=0;CPXPARAM_Emphasis_Numerical=0;CPXPARAM_Feasopt_Mode=0;CPXPARAM_LPMethod=0;CPXPARAM_MIP_Cuts_Cliques=0;CPXPARAM_MIP_Cuts_Covers=3;CPXPARAM_MIP_Cuts_Disjunctive=-1;CPXPARAM_MIP_Cuts_FlowCovers=-1;CPXPARAM_MIP_Cuts_GUBCovers=-1;CPXPARAM_MIP_Cuts_Gomory=0;CPXPARAM_MIP_Cuts_Implied=1;CPXPARAM_MIP_Cuts_MIRCut=1;CPXPARAM_MIP_Cuts_PathCut=1;CPXPARAM_MIP_Limits_AggForCut=3;CPXPARAM_MIP_Limits_CutPasses=0;CPXPARAM_MIP_Limits_CutsFactor=-1;CPXPARAM_MIP_Limits_GomoryCand=800;CPXPARAM_MIP_Limits_GomoryPass=0;CPXPARAM_MIP_Limits_Nodes=9223372036800000000;CPXPARAM_MIP_Limits_ProbeTime=1e+75;CPXPARAM_MIP_Limits_RepairTries=0;CPXPARAM_MIP_Limits_StrongCand=10;CPXPARAM_MIP_Limits_StrongIt=0;CPXPARAM_MIP_OrderType=0;CPXPARAM_MIP_Strategy_BBInterval=7;CPXPARAM_MIP_Strategy_Branch=1;CPXPARAM_MIP_Strategy_Dive=0;CPXPARAM_MIP_Strategy_File=1;CPXPARAM_MIP_Strategy_HeuristicFreq=0;CPXPARAM_MIP_Strategy_LBHeur=0;CPXPARAM_MIP_Strategy_NodeSelect=0;CPXPARAM_MIP_Strategy_Order=1;CPXPARAM_MIP_Strategy_PresolveNode=1;CPXPARAM_MIP_Strategy_Probe=-1;CPXPARAM_MIP_Strategy_RINSHeur=0;CPXPARAM_MIP_Strategy_StartAlgorithm=0;CPXPARAM_MIP_Strategy_SubAlgorithm=0;CPXPARAM_MIP_Strategy_VariableSelect=1;CPXPARAM_Network_NetFind=2;CPXPARAM_Network_Pricing=0;CPXPARAM_Parallel=1;CPXPARAM_Preprocessing_Aggregator=-1;CPXPARAM_Preprocessing_BoundStrength=-1;CPXPARAM_Preprocessing_CoeffReduce=-1;CPXPARAM_Preprocessing_Dependency=-1;CPXPARAM_Preprocessing_Dual=0;CPXPARAM_Preprocessing_Fill=10;CPXPARAM_Preprocessing_NumPass=-1;CPXPARAM_Preprocessing_Presolve=1;CPXPARAM_Preprocessing_QPMakePSD=1;CPXPARAM_Preprocessing_Reduce=3;CPXPARAM_Preprocessing_Relax=-1;CPXPARAM_Preprocessing_RepeatPresolve=-1;CPXPARAM_Preprocessing_Symmetry=-1;CPXPARAM_Read_Scale=0;CPXPARAM_Sifting_Algorithm=0;CPXPARAM_Simplex_Crash=1;CPXPARAM_Simplex_DGradient=0;CPXPARAM_Simplex_Limits_Perturbation=0;CPXPARAM_Simplex_Limits_Singularity=10;CPXPARAM_Simplex_PGradient=0;CPXPARAM_Simplex_Pricing=0;CPXPARAM_Simplex_Refactor=0
9320593855434163111,0,CPXPARAM_Advance=1;CPXPARAM_Barrier_Algorithm=0;CPXPARAM_Barrier_ColNonzeros=0;CPXPARAM_Barrier_Crossover=0;CPXPARAM_Barrier_Limits_Corrections=-1;CPXPARAM_Barrier_Ordering=0;CPXPARAM_Barrier_StartAlg=1;CPXPARAM_Emphasis_MIP=2;CPXPARAM_Emphasis_Memory=0;CPXPARAM_Emphasis_Numerical=0;CPXPARAM_Feasopt_Mode=0;CPXPARAM_LPMethod=0;CPXPARAM_MIP_Cuts_Cliques=0;CPXPARAM_MIP_Cuts_Covers=2;CPXPARAM_MIP_Cuts_Disjunctive=0;CPXPARAM_MIP_Cuts_FlowCovers=-1;CPXPARAM_MIP_Cuts_GUBCovers=1;CPXPARAM_MIP_Cuts_Gomory=0;CPXPARAM_MIP_Cuts_Implied=1;CPXPARAM_MIP_Cuts_MIRCut=0;CPXPARAM_MIP_Cuts_PathCut=2;CPXPARAM_MIP_Limits_AggForCut=3;CPXPARAM_MIP_Limits_CutPasses=0;CPXPARAM_MIP_Limits_CutsFactor=-1;CPXPARAM_MIP_Limits_GomoryCand=100;CPXPARAM_MIP_Limits_GomoryPass=0;CPXPARAM_MIP_Limits_Nodes=9223372036800000000;CPXPARAM_MIP_Limits_ProbeTime=1e+75;CPXPARAM_MIP_Limits_RepairTries=0;CPXPARAM_MIP_Limits_StrongCand=10;CPXPARAM_MIP_Limits_StrongIt=0;CPXPARAM_MIP_OrderType=0;CPXPARAM_MIP_Strategy_BBInterval=7;CPXPARAM_MIP_Strategy_Branch=0;CPXPARAM_MIP_Strategy_Dive=0;CPXPARAM_MIP_Strategy_File=1;CPXPARAM_MIP_Strategy_HeuristicFreq=0;CPXPARAM_MIP_Strategy_LBHeur=0;CPXPARAM_MIP_Strategy_NodeSelect=1;CPXPARAM_MIP_Strategy_Order=1;CPXPARAM_MIP_Strategy_PresolveNode=0;CPXPARAM_MIP_Strategy_Probe=3;CPXPARAM_MIP_Strategy_RINSHeur=0;CPXPARAM_MIP_Strategy_StartAlgorithm=0;CPXPARAM_MIP_Strategy_SubAlgorithm=0;CPXPARAM_MIP_Strategy_VariableSelect=0;CPXPARAM_Network_NetFind=2;CPXPARAM_Network_Pricing=0;CPXPARAM_Parallel=1;CPXPARAM_Preprocessing_Aggregator=-1;CPXPARAM_Preprocessing_BoundStrength=-1;CPXPARAM_Preprocessing_CoeffReduce=-1;CPXPARAM_Preprocessing_Dependency=-1;CPXPARAM_Preprocessing_Dual=0;CPXPARAM_Preprocessing_Fill=10;CPXPARAM_Preprocessing_NumPass=-1;CPXPARAM_Preprocessing_Presolve=1;CPXPARAM_Preprocessing_QPMakePSD=1;CPXPARAM_Preprocessing_Reduce=3;CPXPARAM_Preprocessing_Relax=-1;CPXPARAM_Preprocessing_RepeatPresolve=-1;CPXPARAM_Preprocessing_Symmetry=-1;CPXPARAM_Read_Scale=0;CPXPARAM_Sifting_Algorithm=0;CPXPARAM_Simplex_Crash=1;CPXPARAM_Simplex_DGradient=0;CPXPARAM_Simplex_Limits_Perturbation=0;CPXPARAM_Simplex_Limits_Singularity=10;CPXPARAM_Simplex_PGradient=0;CPXPARAM_Simplex_Pricing=0;CPXPARAM_Simplex_Refactor=0
13158010362723031076,0,CPXPARAM_Advance=1;CPXPARAM_Barrier_Algorithm=0;CPXPARAM_Barrier_ColNonzeros=0;CPXPARAM_Barrier_Crossover=0;CPXPARAM_Barrier_Limits_Corrections=-1;CPXPARAM_Barrier_Ordering=0;CPXPARAM_Barrier_StartAlg=1;CPXPARAM_Emphasis_MIP=4;CPXPARAM_Emphasis_Memory=0;CPXPARAM_Emphasis_Numerical=0;CPXPARAM_Feasopt_Mode=0;CPXPARAM_LPMethod=0;CPXPARAM_MIP_Cuts_Cliques=0;CPXPARAM_MIP_Cuts_Covers=0;CPXPARAM_MIP_Cuts_Disjunctive=0;CPXPARAM_MIP_Cuts_FlowCovers=2;CPXPARAM_MIP_Cuts_GUBCovers=-1;CPXPARAM_MIP_Cuts_Gomory=0;CPXPARAM_MIP_Cuts_Implied=-1;CPXPARAM_MIP_Cuts_MIRCut=0;CPXPARAM_MIP_Cuts_PathCut=2;CPXPARAM_MIP_Limits_AggForCut=3;CPXPARAM_MIP_Limits_CutPasses=0;CPXPARAM_MIP_Limits_CutsFactor=-1;CPXPARAM_MIP_Limits_GomoryCand=10;CPXPARAM_MIP_Limits_GomoryPass=0;CPXPARAM_MIP_Limits_Nodes=9223372036800000000;CPXPARAM_MIP_Limits_ProbeTime=1e+75;CPXPARAM_MIP_Limits_RepairTries=0;CPXPARAM_MIP_Limits_StrongCand=10;CPXPARAM_MIP_Limits_StrongIt=0;CPXPARAM_MIP_OrderType=0;CPXPARAM_MIP_Strategy_BBInterval=7;CPXPARAM_MIP_Strategy_Branch=0;CPXPARAM_MIP_Strategy_Dive=0;CPXPARAM_MIP_Strategy_File=1;CPXPARAM_MIP_Strategy_HeuristicFreq=0;CPXPARAM_MIP_Strategy_LBHeur=0;CPXPARAM_MIP_Strategy_NodeSelect=1;CPXPARAM_MIP_Strategy_Order=1;CPXPARAM_MIP_Strategy_PresolveNode=0;CPXPARAM_MIP_Strategy_Probe=0;CPXPARAM_MIP_Strategy_RINSHeur=0;CPXPARAM_MIP_Strategy_StartAlgorithm=0;CPXPARAM_MIP_Strategy_SubAlgorithm=0;CPXPARAM_MIP_Strategy_VariableSelect=0;CPXPARAM_Network_NetFind=2;CPXPARAM_Network_Pricing=0;CPXPARAM_Parallel=1;CPXPARAM_Preprocessing_Aggregator=-1;CPXPARAM_Preprocessing_BoundStrength=-1;CPXPARAM_Preprocessing_CoeffReduce=-1;CPXPARAM_Preprocessing_Dependency=-1;CPXPARAM_Preprocessing_Dual=0;CPXPARAM_Preprocessing_Fill=10;CPXPARAM_Preprocessing_NumPass=-1;CPXPARAM_Preprocessing_Presolve=1;CPXPARAM_Preprocessing_QPMakePSD=1;CPXPARAM_Preprocessing_Reduce=3;CPXPARAM_Preprocessing_Relax=-1;CPXPARAM_Preprocessing_RepeatPresolve=-1;CPXPARAM_Preprocessing_Symmetry=-1;CPXPARAM_Read_Scale=0;CPXPARAM_Sifting_Algorithm=0;CPXPARAM_Simplex_Crash=1;CPXPARAM_Simplex_DGradient=0;CPXPARAM_Simplex_Limits_Perturbation=0;CPXPARAM_Simplex_Limits_Singularity=10;CPXPARAM_Simplex_PGradient=0;CPXPARAM_Simplex_Pricing=0;CPXPARAM_Simplex_Refactor=0
12589086141770955822,0,CPXPARAM_Advance=1;CPXPARAM_Barrier_Algorithm=0;CPXPARAM_Barrier_ColNonzeros=0;CPXPARAM_Barrier_Crossover=0;CPXPARAM_Barrier_Limits_Corrections=-1;CPXPARAM_Barrier_Ordering=0;CPXPARAM_Barrier_StartAlg=1;CPXPARAM_Emphasis_MIP=5;CPXPARAM_Emphasis_Memory=0;CPXPARAM_Emphasis_Numerical=0;CPXPARAM_Feasopt_Mode=0;CPXPARAM_LPMethod=0;CPXPARAM_MIP_Cuts_Cliques=1;CPXPARAM_MIP_Cuts_Covers=0;CPXPARAM_MIP_Cuts_Disjunctive=0;CPXPARAM_MIP_Cuts_FlowCovers=-1;CPXPARAM_MIP_Cuts_GUBCovers=-1;CPXPARAM_MIP_Cuts_Gomory=1;CPXPARAM_MIP_Cuts_Implied=2;CPXPARAM_MIP_Cuts_MIRCut=-1;CPXPARAM_MIP_Cuts_PathCut=0;CPXPARAM_MIP_Limits_AggForCut=1;CPXPARAM_MIP_Limits_CutPasses=0;CPXPARAM_MIP_Limits_CutsFactor=-1;CPXPARAM_MIP_Limits_GomoryCand=25;CPXPARAM_MIP_Limits_GomoryPass=0;CPXPARAM_MIP_Limits_Nodes=9223372036800000000;CPXPARAM_MIP_Limits_ProbeTime=1e+75;CPXPARAM_MIP_Limits_RepairTries=0;CPXPARAM_MIP_Limits_StrongCand=10;CPXPARAM_MIP_Limits_StrongIt=0;CPXPARAM_MIP_OrderType=3;CPXPARAM_MIP_Strategy_BBInterval=7;CPXPARAM_MIP_Strategy_Branch=0;CPXPARAM_MIP_Strategy_Dive=0;CPXPARAM_MIP_Strategy_File=1;CPXPARAM_MIP_Strategy_HeuristicFreq=0;CPXPARAM_MIP_Strategy_LBHeur=0;CPXPARAM_MIP_Strategy_NodeSelect=3;CPXPARAM_MIP_Strategy_Order=1;CPXPARAM_MIP_Strategy_PresolveNode=1;CPXPARAM_MIP_Strategy_Probe=1;CPXPARAM_MIP_Strategy_RINSHeur=0;CPXPARAM_MIP_Strategy_StartAlgorithm=0;CPXPARAM_MIP_Strategy_SubAlgorithm=0;CPXPARAM_MIP_Strategy_VariableSelect=4;CPXPARAM_Network_NetFind=2;CPXPARAM_Network_Pricing=0;CPXPARAM_Parallel=1;CPXPARAM_Preprocessing_Aggregator=-1;CPXPARAM_Preprocessing_BoundStrength=-1;CPXPARAM_Preprocessing_CoeffReduce=-1;CPXPARAM_Preprocessing_Dependency=-1;CPXPARAM_Preprocessing_Dual=0;CPXPARAM_Preprocessing_Fill=20;CPXPARAM_Preprocessing_NumPass=-1;CPXPARAM_Preprocessing_Presolve=1;CPXPARAM_Preprocessing_QPMakePSD=1;CPXPARAM_Preprocessing_Reduce=3;CPXPARAM_Preprocessing_Relax=-1;CPXPARAM_Preprocessing_RepeatPresolve=-1;CPXPARAM_Preprocessing_Symmetry=-1;CPXPARAM_Read_Scale=0;CPXPARAM_Sifting_Algorithm=0;CPXPARAM_Simplex_Crash=1;CPXPARAM_Simplex_DGradient=0;CPXPARAM_Simplex_Limits_Perturbation=0;CPXPARAM_Simplex_Limits_Singularity=10;CPXPARAM_Simplex_PGradient=0;CPXPARAM_Simplex_Pricing=0;CPXPARAM_Simplex_Refactor=0
2377438422759938370,0,CPXPARAM_Advance=1;CPXPARAM_Barrier_Algorithm=0;CPXPARAM_Barrier_ColNonzeros=0;CPXPARAM_Barrier_Crossover=0;CPXPARAM_Barrier_Limits_Corrections=-1;CPXPARAM_Barrier_Ordering=0;CPXPARAM_Barrier_StartAlg=1;CPXPARAM_Emphasis_MIP=0;CPXPARAM_Emphasis_Memory=0;CPXPARAM_Emphasis_Numerical=0;CPXPARAM_Feasopt_Mode=0;CPXPARAM_LPMethod=0;CPXPARAM_MIP_Cuts_Cliques=3;CPXPARAM_MIP_Cuts_Covers=2;CPXPARAM_MIP_Cuts_Disjunctive=-1;CPXPARAM_MIP_Cuts_FlowCovers=0;CPXPARAM_MIP_Cuts_GUBCovers=1;CPXPARAM_MIP_Cuts_Gomory=-1;CPXPARAM_MIP_Cuts_Implied=0;CPXPARAM_MIP_Cuts_MIRCut=1;CPXPARAM_MIP_Cuts_PathCut=-1;CPXPARAM_MIP_Limits_AggForCut=2;CPXPARAM_MIP_Limits_CutPasses=0;CPXPARAM_MIP_Limits_CutsFactor=-1;CPXPARAM_MIP_Limits_GomoryCand=800;CPXPARAM_MIP_Limits_GomoryPass=0;CPXPARAM_MIP_Limits_Nodes=9223372036800000000;CPXPARAM_MIP_Limits_ProbeTime=1e+75;CPXPARAM_MIP_Limits_RepairTries=0;CPXPARAM_MIP_Limits_StrongCand=10;CPXPARAM_MIP_Limits_StrongIt=0;CPXPARAM_MIP_OrderType=2;CPXPARAM_MIP_Strategy_BBInterval=7;CPXPARAM_MIP_Strategy_Branch=-1;CPXPARAM_MIP_Strategy_Dive=0;CPXPARAM_MIP_Strategy_File=1;CPXPARAM_MIP_Strategy_HeuristicFreq=0;CPXPARAM_MIP_Strategy_LBHeur=0;CPXPARAM_MIP_Strategy_NodeSelect=2;CPXPARAM_MIP_Strategy_Order=1;CPXPARAM_MIP_Strategy_PresolveNode=0;CPXPARAM_MIP_Strategy_Probe=-1;CPXPARAM_MIP_Strategy_RINSHeur=0;CPXPARAM_MIP_Strategy_StartAlgorithm=0;CPXPARAM_MIP_Strategy_SubAlgorithm=0;CPXPARAM_MIP_Strategy_VariableSelect=1;CPXPARAM_Network_NetFind=2;CPXPARAM_Network_Pricing=0;CPXPARAM_Parallel=1;CPXPARAM_Preprocessing_Aggregator=-1;CPXPARAM_Preprocessing_BoundStrength=-1;CPXPARAM_Preprocessing_CoeffReduce=-1;CPXPARAM_Preprocessing_Dependency=-1;CPXPARAM_Preprocessing_Dual=0;CPXPARAM_Preprocessing_Fill=40;CPXPARAM_Preprocessing_NumPass=-1;CPXPARAM_Preprocessing_Presolve=1;CPXPARAM_Preprocessing_QPMakePSD=1;CPXPARAM_Preprocessing_Reduce=0;CPXPARAM_Preprocessing_Relax=-1;CPXPARAM_Preprocessing_RepeatPresolve=-1;CPXPARAM_Preprocessing_Symmetry=-1;CPXPARAM_Read_Scale=0;CPXPARAM_Sifting_Algorithm=0;CPXPARAM_Simplex_Crash=1;CPXPARAM_Simplex_DGradient=0;CPXPARAM_Simplex_Limits_Perturbation=0;CPXPARAM_Simplex_Limits_Singularity=10;CPXPARAM_Simplex_PGradient=0;CPXPARAM_Simplex_Pricing=0;CPXPARAM_Simplex_Refactor=0
17848804231009165337,0,CPXPARAM_Advance=1;CPXPARAM_Barrier_Algorithm=0;CPXPARAM_Barrier_ColNonzeros=0;CPXPARAM_Barrier_Crossover=0;CPXPARAM_Barrier_Limits_Corrections=-1;CPXPARAM_Barrier_Ordering=0;CPXPARAM_Barrier_StartAlg=1;CPXPARAM_Emphasis_MIP=0;CPXPARAM_Emphasis_Memory=0;CPXPARAM_Emphasis_Numerical=0;CPXPARAM_Feasopt_Mode=0;CPXPARAM_LPMethod=0;CPXPARAM_MIP_Cuts_Cliques=1;CPXPARAM_MIP_Cuts_Covers=0;CPXPARAM_MIP_Cuts_Disjunctive=1;CPXPARAM_MIP_Cuts_FlowCovers=0;CPXPARAM_MIP_Cuts_GUBCovers=1;CPXPARAM_MIP_Cuts_Gomory=0;CPXPARAM_MIP_Cuts_Implied=1;CPXPARAM_MIP_Cuts_MIRCut=1;CPXPARAM_MIP_Cuts_PathCut=0;CPXPARAM_MIP_Limits_AggForCut=3;CPXPARAM_MIP_Limits_CutPasses=0;CPXPARAM_MIP_Limits_CutsFactor=-1;CPXPARAM_MIP_Limits_GomoryCand=150;CPXPARAM_MIP_Limits_GomoryPass=0;CPXPARAM_MIP_Limits_Nodes=9223372036800000000;CPXPARAM_MIP_Limits_ProbeTime=1e+75;CPXPARAM_MIP_Limits_RepairTries=0;CPXPARAM_MIP_Limits_StrongCand=10;CPXPARAM_MIP_Limits_StrongIt=0;CPXPARAM_MIP_OrderType=0;CPXPARAM_MIP_Strategy_BBInterval=7;CPXPARAM_MIP_Strategy_Branch=1;CPXPARAM_MIP_Strategy_Dive=0;CPXPARAM_MIP_Strategy_File=1;CPXPARAM_MIP_Strategy_HeuristicFreq=0;CPXPARAM_MIP_Strategy_LBHeur=0;CPXPARAM_MIP_Strategy_NodeSelect=2;CPXPARAM_MIP_Strategy_Order=1;CPXPARAM_MIP_Strategy_PresolveNode=2;CPXPARAM_MIP_Strategy_Probe=0;CPXPARAM_MIP_Strategy_RINSHeur=0;CPXPARAM_MIP_Strategy_StartAlgorithm=0;CPXPARAM_MIP_Strategy_SubAlgorithm=0;CPXPARAM_MIP_Strategy_VariableSelect=2;CPXPARAM_Network_NetFind=2;CPXPARAM_Network_Pricing=0;CPXPARAM_Parallel=1;CPXPARAM_Preprocessing_Aggregator=-1;CPXPARAM_Preprocessing_BoundStrength=-1;CPXPARAM_Preprocessing_CoeffReduce=-1;CPXPARAM_Preprocessing_Dependency=-1;CPXPARAM_Preprocessing_Dual=0;CPXPARAM_Preprocessing_Fill=10;CPXPARAM_Preprocessing_NumPass=-1;CPXPARAM_Preprocessing_Presolve=1;CPXPARAM_Preprocessing_QPMakePSD=1;CPXPARAM_Preprocessing_Reduce=3;CPXPARAM_Preprocessing_Relax=-1;CPXPARAM_Preprocessing_RepeatPresolve=-1;CPXPARAM_Preprocessing_Symmetry=-1;CPXPARAM_Read_Scale=0;CPXPARAM_Sifting_Algorithm=0;CPXPARAM_Simplex_Crash=1;CPXPARAM_Simplex_DGradient=0;CPXPARAM_Simplex_Limits_Perturbation=0;CPXPARAM_Simplex_Limits_Singularity=10;CPXPARAM_Simplex_PGradient=0;CPXPARAM_Simplex_Pricing=0;CPXPARAM_Simplex_Refactor=0
3575355957864680274,0,CPXPARAM_Advance=1;CPXPARAM_Barrier_Algorithm=0;CPXPARAM_Barrier_ColNonzeros=0;CPXPARAM_Barrier_Crossover=0;CPXPARAM_Barrier_Limits_Corrections=-1;CPXPARAM_Barrier_Ordering=0;CPXPARAM_Barrier_StartAlg=1;CPXPARAM_Emphasis_MIP=5;CPXPARAM_Emphasis_Memory=0;CPXPARAM_Emphasis_Numerical=0;CPXPARAM_Feasopt_Mode=0;CPXPARAM_LPMethod=0;CPXPARAM_MIP_Cuts_Cliques=2;CPXPARAM_MIP_Cuts_Covers=-1;CPXPARAM_MIP_Cuts_Disjunctive=0;CPXPARAM_MIP_Cuts_FlowCovers=-1;CPXPARAM_MIP_Cuts_GUBCovers=-1;CPXPARAM_MIP_Cuts_Gomory=-1;CPXPARAM_MIP_Cuts_Implied=-1;CPXPARAM_MIP_Cuts_MIRCut=2;CPXPARAM_MIP_Cuts_PathCut=2;CPXPARAM_MIP_Limits_AggForCut=3;CPXPARAM_MIP_Limits_CutPasses=0;CPXPARAM_MIP_Limits_CutsFactor=-1;CPXPARAM_MIP_Limits_GomoryCand=50;CPXPARAM_MIP_Limits_GomoryPass=0;CPXPARAM_MIP_Limits_Nodes=9223372036800000000;CPXPARAM_MIP_Limits_ProbeTime=1e+75;CPXPARAM_MIP_Limits_RepairTries=0;CPXPARAM_MIP_Limits_StrongCand=10;CPXPARAM_MIP_Limits_StrongIt=0;CPXPARAM_MIP_OrderType=0;CPXPARAM_MIP_Strategy_BBInterval=7;CPXPARAM_MIP_Strategy_Branch=0;CPXPARAM_MIP_Strategy_Dive=0;CPXPARAM_MIP_Strategy_File=1;CPXPARAM_MIP_Strategy_HeuristicFreq=0;CPXPARAM_MIP_Strategy_LBHeur=0;CPXPARAM_MIP_Strategy_NodeSelect=1;CPXPARAM_MIP_Strategy_Order=1;CPXPARAM_MIP_Strategy_PresolveNode=-1;CPXPARAM_MIP_Strategy_Probe=0;CPXPARAM_MIP_Strategy_RINSHeur=0;CPXPARAM_MIP_Strategy_StartAlgorithm=0;CPXPARAM_MIP_Strategy_SubAlgorithm=0;CPXPARAM_MIP_Strategy_VariableSelect=4;CPXPARAM_Network_NetFind=2;CPXPARAM_Network_Pricing=0;CPXPARAM_Parallel=1;CPXPARAM_Preprocessing_Aggregator=-1;CPXPARAM_Preprocessing_BoundStrength=-1;CPXPARAM_Preprocessing_CoeffReduce=-1;CPXPARAM_Preprocessing_Dependency=-1;CPXPARAM_Preprocessing_Dual=0;CPXPARAM_Preprocessing_Fill=10;CPXPARAM_Preprocessing_NumPass=-1;CPXPARAM_Preprocessing_Presolve=1;CPXPARAM_Preprocessing_QPMakePSD=1;CPXPARAM_Preprocessing_Reduce=3;CPXPARAM_Preprocessing_Relax=-1;CPXPARAM_Preprocessing_RepeatPresolve=-1;CPXPARAM_Preprocessing_Symmetry=-1;CPXPARAM_Read_Scale=0;CPXPARAM_Sifting_Algorithm=0;CPXPARAM_Simplex_Crash=1;CPXPARAM_Simplex_DGradient=0;CPXPARAM_Simplex_Limits_Perturbation=0;CPXPARAM_Simplex_Limits_Singularity=10;CPXPARAM_Simplex_PGradient=0;CPXPARAM_Simplex_Pricing=0;CPXPARAM_Simplex_Refactor=0
4281572125759325911,0,CPXPARAM_Advance=1;CPXPARAM_Barrier_Algorithm=0;CPXPARAM_Barrier_ColNonzeros=0;CPXPARAM_Barrier_Crossover=0;CPXPARAM_Barrier_Limits_Corrections=-1;CPXPARAM_Barrier_Ordering=0;CPXPARAM_Barrier_StartAlg=1;CPXPARAM_Emphasis_MIP=0;CPXPARAM_Emphasis_Memory=0;CPXPARAM_Emphasis_Numerical=0;CPXPARAM_Feasopt_Mode=0;CPXPARAM_LPMethod=0;CPXPARAM_MIP_Cuts_Cliques=3;CPXPARAM_MIP_Cuts_Covers=0;CPXPARAM_MIP_Cuts_Disjunctive=1;CPXPARAM_MIP_Cuts_FlowCovers=-1;CPXPARAM_MIP_Cuts_GUBCovers=0;CPXPARAM_MIP_Cuts_Gomory=-1;CPXPARAM_MIP_Cuts_Implied=-1;CPXPARAM_MIP_Cuts_MIRCut=-1;CPXPARAM_MIP_Cuts_PathCut=-1;CPXPARAM_MIP_Limits_AggForCut=3;CPXPARAM_MIP_Limits_CutPasses=0;CPXPARAM_MIP_Limits_CutsFactor=-1;CPXPARAM_MIP_Limits_GomoryCand=800;CPXPARAM_MIP_Limits_GomoryPass=0;CPXPARAM_MIP_Limits_Nodes=9223372036800000000;CPXPARAM_MIP_Limits_ProbeTime=1e+75;CPXPARAM_MIP_Limits_RepairTries=0;CPXPARAM_MIP_Limits_StrongCand=10;CPXPARAM_MIP_Limits_StrongIt=0;CPXPARAM_MIP_OrderType=0;CPXPARAM_MIP_Strategy_BBInterval=7;CPXPARAM_MIP_Strategy_Branch=0;CPXPARAM_MIP_Strategy_Dive=0;CPXPARAM_MIP_Strategy_File=1;CPXPARAM_MIP_Strategy_HeuristicFreq=0;CPXPARAM_MIP_Strategy_LBHeur=0;CPXPARAM_MIP_Strategy_NodeSelect=2;CPXPARAM_MIP_Strategy_Order=1;CPXPARAM_MIP_Strategy_PresolveNode=1;CPXPARAM_MIP_Strategy_Probe=0;CPXPARAM_MIP_Strategy_RINSHeur=0;CPXPARAM_MIP_Strategy_StartAlgorithm=0;CPXPARAM_MIP_Strategy_SubAlgorithm=0;CPXPARAM_MIP_Strategy_VariableSelect=1;CPXPARAM_Network_NetFind=2;CPXPARAM_Network_Pricing=0;CPXPARAM_Parallel=1;CPXPARAM_Preprocessing_Aggregator=-1;CPXPARAM_Preprocessing_BoundStrength=-1;CPXPARAM_Preprocessing_CoeffReduce=-1;CPXPARAM_Preprocessing_Dependency=-1;CPXPARAM_Preprocessing_Dual=0;CPXPARAM_Preprocessing_Fill=10;CPXPARAM_Preprocessing_NumPass=-1;CPXPARAM_Preprocessing_Presolve=1;CPXPARAM_Preprocessing_QPMakePSD=1;CPXPARAM_Preprocessing_Reduce=3;CPXPARAM_Preprocessing_Relax=-1;CPXPARAM_Preprocessing_RepeatPresolve=-1;CPXPARAM_Preprocessing_Symmetry=-1;CPXPARAM_Read_Scale=0;CPXPARAM_Sifting_Algorithm=0;CPXPARAM_Simplex_Crash=1;CPXPARAM_Simplex_DGradient=0;CPXPARAM_Simplex_Limits_Perturbation=0;CPXPARAM_Simplex_Limits_Singularity=10;CPXPARAM_Simplex_PGradient=0;CPXPARAM_Simplex_Pricing=0;CPXPARAM_Simplex_Refactor=0
13114637396396626510,0,CPXPARAM_Advance=1;CPXPARAM_Barrier_Algorithm=0;CPXPARAM_Barrier_ColNonzeros=0;CPXPARAM_Barrier_Crossover=0;CPXPARAM_Barrier_Limits_Corrections=-1;CPXPARAM_Barrier_Ordering=0;CPXPARAM_Barrier_StartAlg=1;CPXPARAM_Emphasis_MIP=2;CPXPARAM_Emphasis_Memory=0;CPXPARAM_Emphasis_Numerical=0;CPXPARAM_Feasopt_Mode=0;CPXPARAM_LPMethod=0;CPXPARAM_MIP_Cuts_Cliques=-1;CPXPARAM_MIP_Cuts_Covers=2;CPXPARAM_MIP_Cuts_Disjunctive=1;CPXPARAM_MIP_Cuts_FlowCovers=2;CPXPARAM_MIP_Cuts_GUBCovers=1;CPXPARAM_MIP_Cuts_Gomory=0;CPXPARAM_MIP_Cuts_Implied=-1;CPXPARAM_MIP_Cuts_MIRCut=-1;CPXPARAM_MIP_Cuts_PathCut=-1;CPXPARAM_MIP_Limits_AggForCut=3;CPXPARAM_MIP_Limits_CutPasses=0;CPXPARAM_MIP_Limits_CutsFactor=-1;CPXPARAM_MIP_Limits_GomoryCand=400;CPXPARAM_MIP_Limits_GomoryPass=0;CPXPARAM_MIP_Limits_Nodes=9223372036800000000;CPXPARAM_MIP_Limits_ProbeTime=1e+75;CPXPARAM_MIP_Limits_RepairTries=0;CPXPARAM_MIP_Limits_StrongCand=10;CPXPARAM_MIP_Limits_StrongIt=0;CPXPARAM_MIP_OrderType=0;CPXPARAM_MIP_Strategy_BBInterval=7;CPXPARAM_MIP_Strategy_Branch=0;CPXPARAM_MIP_Strategy_Dive=0;CPXPARAM_MIP_Strategy_File=1;CPXPARAM_MIP_Strategy_HeuristicFreq=0;CPXPARAM_MIP_Strategy_LBHeur=0;CPXPARAM_MIP_Strategy_NodeSelect=1;CPXPARAM_MIP_Strategy_Order=1;CPXPARAM_MIP_Strategy_PresolveNode=3;CPXPARAM_MIP_Strategy_Probe=0;CPXPARAM_MIP_Strategy_RINSHeur=0;CPXPARAM_MIP_Strategy_StartAlgorithm=0;CPXPARAM_MIP_Strategy_SubAlgorithm=0;CPXPARAM_MIP_Strategy_VariableSelect=0;CPXPARAM_Network_NetFind=2;CPXPARAM_Network_Pricing=0;CPXPARAM_Parallel=1;CPXPARAM_Preprocessing_Aggregator=-1;CPXPARAM_Preprocessing_BoundStrength=-1;CPXPARAM_Preprocessing_CoeffReduce=-1;CPXPARAM_Preprocessing_Dependency=-1;CPXPARAM_Preprocessing_Dual=0;CPXPARAM_Preprocessing_Fill=10;CPXPARAM_Preprocessing_NumPass=-1;CPXPARAM_Preprocessing_Presolve=1;CPXPARAM_Preprocessing_QPMakePSD=1;CPXPARAM_Preprocessing_Reduce=3;CPXPARAM_Preprocessing_Relax=-1;CPXPARAM_Preprocessing_RepeatPresolve=-1;CPXPARAM_Preprocessing_Symmetry=-1;CPXPARAM_Read_Scale=0;CPXPARAM_Sifting_Algorithm=0;CPXPARAM_Simplex_Crash=1;CPXPARAM_Simplex_DGradient=0;CPXPARAM_Simplex_Limits_Perturbation=0;CPXPARAM_Simplex_Limits_Singularity=10;CPXPARAM_Simplex_PGradient=0;CPXPARAM_Simplex_Pricing=0;CPXPARAM_Simplex_Refactor=0
4529276253492935273,0,CPXPARAM_Advance=1;CPXPARAM_Barrier_Algorithm=0;CPXPARAM_Barrier_ColNonzeros=0;CPXPARAM_Barrier_Crossover=0;CPXPARAM_Barrier_Limits_Corrections=-1;CPXPARAM_Barrier_Ordering=0;CPXPARAM_Barrier_StartAlg=1;CPXPARAM_Emphasis_MIP=0;CPXPARAM_Emphasis_Memory=0;CPXPARAM_Emphasis_Numerical=0;CPXPARAM_Feasopt_Mode=0;CPXPARAM_LPMethod=0;CPXPARAM_MIP_Cuts_Cliques=-1;CPXPARAM_MIP_Cuts_Covers=2;CPXPARAM_MIP_Cuts_Disjunctive=1;CPXPARAM_MIP_Cuts_FlowCovers=-1;CPXPARAM_MIP_Cuts_GUBCovers=-1;CPXPARAM_MIP_Cuts_Gomory=1;CPXPARAM_MIP_Cuts_Implied=-1;CPXPARAM_MIP_Cuts_MIRCut=2;CPXPARAM_MIP_Cuts_PathCut=1;CPXPARAM_MIP_Limits_AggForCut=10;CPXPARAM_MIP_Limits_CutPasses=0;CPXPARAM_MIP_Limits_CutsFactor=-1;CPXPARAM_MIP_Limits_GomoryCand=25;CPXPARAM_MIP_Limits_GomoryPass=0;CPXPARAM_MIP_Limits_Nodes=9223372036800000000;CPXPARAM_MIP_Limits_ProbeTime=1e+75;CPXPARAM_MIP_Limits_RepairTries=0;CPXPARAM_MIP_Limits_StrongCand=10;CPXPARAM_MIP_Limits_StrongIt=0;CPXPARAM_MIP_OrderType=0;CPXPARAM_MIP_Strategy_BBInterval=7;CPXPARAM_MIP_Strategy_Branch=1;CPXPARAM_MIP_Strategy_Dive=0;CPXPARAM_MIP_Strategy_File=1;CPXPARAM_MIP_Strategy_HeuristicFreq=0;CPXPARAM_MIP_Strategy_LBHeur=0;CPXPARAM_MIP_Strategy_NodeSelect=0;CPXPARAM_MIP_Strategy_Order=1;CPXPARAM_MIP_Strategy_PresolveNode=1;CPXPARAM_MIP_Strategy_Probe=2;CPXPARAM_MIP_Strategy_RINSHeur=0;CPXPARAM_MIP_Strategy_StartAlgorithm=0;CPXPARAM_MIP_Strategy_SubAlgorithm=0;CPXPARAM_MIP_Strategy_VariableSelect=2;CPXPARAM_Network_NetFind=2;CPXPARAM_Network_Pricing=0;CPXPARAM_Parallel=1;CPXPARAM_Preprocessing_Aggregator=-1;CPXPARAM_Preprocessing_BoundStrength=-1;CPXPARAM_Preprocessing_CoeffReduce=-1;CPXPARAM_Preprocessing_Dependency=-1;CPXPARAM_Preprocessing_Dual=0;CPXPARAM_Preprocessing_Fill=5;CPXPARAM_Preprocessing_NumPass=-1;CPXPARAM_Preprocessing_Presolve=1;CPXPARAM_Preprocessing_QPMakePSD=1;CPXPARAM_Preprocessing_Reduce=1;CPXPARAM_Preprocessing_Relax=-1;CPXPARAM_Preprocessing_RepeatPresolve=-1;CPXPARAM_Preprocessing_Symmetry=-1;CPXPARAM_Read_Scale=-1;CPXPARAM_Sifting_Algorithm=0;CPXPARAM_Simplex_Crash=1;CPXPARAM_Simplex_DGradient=0;CPXPARAM_Simplex_Limits_Perturbation=0;CPXPARAM_Simplex_Limits_Singularity=10;CPXPARAM_Simplex_PGradient=0;CPXPARAM_Simplex_Pricing=0;CPXPARAM_Simplex_Refactor=0
3391887081830826134,0,CPXPARAM_Advance=1;CPXPARAM_Barrier_Algorithm=0;CPXPARAM_Barrier_ColNonzeros=0;CPXPARAM_Barrier_Crossover=0;CPXPARAM_Barrier_Limits_Corrections=-1;CPXPARAM_Barrier_Ordering=0;CPXPARAM_Barrier_StartAlg=1;CPXPARAM_Emphasis_MIP=4;CPXPARAM_Emphasis_Memory=0;CPXPARAM_Emphasis_Numerical=0;CPXPARAM_Feasopt_Mode=0;CPXPARAM_LPMethod=0;CPXPARAM_MIP_Cuts_Cliques=2;CPXPARAM_MIP_Cuts_Covers=0;CPXPARAM_MIP_Cuts_Disjunctive=-1;CPXPARAM_MIP_Cuts_FlowCovers=1;CPXPARAM_MIP_Cuts_GUBCovers=0;CPXPARAM_MIP_Cuts_Gomory=2;CPXPARAM_MIP_Cuts_Implied=0;CPXPARAM_MIP_Cuts_MIRCut=1;CPXPARAM_MIP_Cuts_PathCut=0;CPXPARAM_MIP_Limits_AggForCut=3;CPXPARAM_MIP_Limits_CutPasses=0;CPXPARAM_MIP_Limits_CutsFactor=-1;CPXPARAM_MIP_Limits_GomoryCand=50;CPXPARAM_MIP_Limits_GomoryPass=0;CPXPARAM_MIP_Limits_Nodes=9223372036800000000;CPXPARAM_MIP_Limits_ProbeTime=1e+75;CPXPARAM_MIP_Limits_RepairTries=0;CPXPARAM_MIP_Limits_StrongCand=10;CPXPARAM_MIP_Limits_StrongIt=0;CPXPARAM_MIP_OrderType=0;CPXPARAM_MIP_Strategy_BBInterval=7;CPXPARAM_MIP_Strategy_Branch=0;CPXPARAM_MIP_Strategy_Dive=0;CPXPARAM_MIP_Strategy_File=1;CPXPARAM_MIP_Strategy_HeuristicFreq=0;CPXPARAM_MIP_Strategy_LBHeur=0;CPXPARAM_MIP_Strategy_NodeSelect=1;CPXPARAM_MIP_Strategy_Order=1;CPXPARAM_MIP_Strategy_PresolveNode=0;CPXPARAM_MIP_Strategy_Probe=0;CPXPARAM_MIP_Strategy_RINSHeur=0;CPXPARAM_MIP_Strategy_StartAlgorithm=0;CPXPARAM_MIP_Strategy_SubAlgorithm=0;CPXPARAM_MIP_Strategy_VariableSelect=0;CPXPARAM_Network_NetFind=2;CPXPARAM_Network_Pricing=0;CPXPARAM_Parallel=1;CPXPARAM_Preprocessing_Aggregator=-1;CPXPARAM_Preprocessing_BoundStrength=-1;CPXPARAM_Preprocessing_CoeffReduce=-1;CPXPARAM_Preprocessing_Dependency=-1;CPXPARAM_Preprocessing_Dual=0;CPXPARAM_Preprocessing_Fill=10;CPXPARAM_Preprocessing_NumPass=-1;CPXPARAM_Preprocessing_Presolve=1;CPXPARAM_Preprocessing_QPMakePSD=1;CPXPARAM_Preprocessing_Reduce=3;CPXPARAM_Preprocessing_Relax=-1;CPXPARAM_Preprocessing_RepeatPresolve=-1;CPXPARAM_Preprocessing_Symmetry=-1;CPXPARAM_Read_Scale=0;CPXPARAM_Sifting_Algorithm=0;CPXPARAM_Simplex_Crash=1;CPXPARAM_Simplex_DGradient=0;CPXPARAM_Simplex_Limits_Perturbation=0;CPXPARAM_Simplex_Limits_Singularity=10;CPXPARAM_Simplex_PGradient=0;CPXPARAM_Simplex_Pricing=0;CPXPARAM_Simplex_Refactor=0
4110328485805158036,0,CPXPARAM_Advance=1;CPXPARAM_Barrier_Algorithm=0;CPXPARAM_Barrier_ColNonzeros=0;CPXPARAM_Barrier_Crossover=0;CPXPARAM_Barrier_Limits_Corrections=-1;CPXPARAM_Barrier_Ordering=0;CPXPARAM_Barrier_StartAlg=1;CPXPARAM_Emphasis_MIP=0;CPXPARAM_Emphasis_Memory=0;CPXPARAM_Emphasis_Numerical=0;CPXPARAM_Feasopt_Mode=0;CPXPARAM_LPMethod=0;CPXPARAM_MIP_Cuts_Cliques=-1;CPXPARAM_MIP_Cuts_Covers=-1;CPXPARAM_MIP_Cuts_Disjunctive=-1;CPXPARAM_MIP_Cuts_FlowCovers=-1;CPXPARAM_MIP_Cuts_GUBCovers=2;CPXPARAM_MIP_Cuts_Gomory=0;CPXPARAM_MIP_Cuts_Implied=1;CPXPARAM_MIP_Cuts_MIRCut=-1;CPXPARAM_MIP_Cuts_PathCut=1;CPXPARAM_MIP_Limits_AggForCut=0;CPXPARAM_MIP_Limits_CutPasses=0;CPXPARAM_MIP_Limits_CutsFactor=-1;CPXPARAM_MIP_Limits_GomoryCand=100;CPXPARAM_MIP_Limits_GomoryPass=0;CPXPARAM_MIP_Limits_Nodes=9223372036800000000;CPXPARAM_MIP_Limits_ProbeTime=1e+75;CPXPARAM_MIP_Limits_RepairTries=0;CPXPARAM_MIP_Limits_StrongCand=10;CPXPARAM_MIP_Limits_StrongIt=0;CPXPARAM_MIP_OrderType=3;CPXPARAM_MIP_Strategy_BBInterval=7;CPXPARAM_MIP_Strategy_Branch=0;CPXPARAM_MIP_Strategy_Dive=0;CPXPARAM_MIP_Strategy_File=1;CPXPARAM_MIP_Strategy_HeuristicFreq=0;CPXPARAM_MIP_Strategy_LBHeur=0;CPXPARAM_MIP_Strategy_NodeSelect=0;CPXPARAM_MIP_Strategy_Order=1;CPXPARAM_MIP_Strategy_PresolveNode=2;CPXPARAM_MIP_Strategy_Probe=3;CPXPARAM_MIP_Strategy_RINSHeur=0;CPXPARAM_MIP_Strategy_StartAlgorithm=0;CPXPARAM_MIP_Strategy_SubAlgorithm=0;CPXPARAM_MIP_Strategy_VariableSelect=0;CPXPARAM_Network_NetFind=2;CPXPARAM_Network_Pricing=0;CPXPARAM_Parallel=1;CPXPARAM_Preprocessing_Aggregator=-1;CPXPARAM_Preprocessing_BoundStrength=-1;CPXPARAM_Preprocessing_CoeffReduce=-1;CPXPARAM_Preprocessing_Dependency=-1;CPXPARAM_Preprocessing_Dual=0;CPXPARAM_Preprocessing_Fill=2;CPXPARAM_Preprocessing_NumPass=-1;CPXPARAM_Preprocessing_Presolve=1;CPXPARAM_Preprocessing_QPMakePSD=1;CPXPARAM_Preprocessing_Reduce=0;CPXPARAM_Preprocessing_Relax=-1;CPXPARAM_Preprocessing_RepeatPresolve=-1;CPXPARAM_Preprocessing_Symmetry=-1;CPXPARAM_Read_Scale=1;CPXPARAM_Sifting_Algorithm=0;CPXPARAM_Simplex_Crash=1;CPXPARAM_Simplex_DGradient=0;CPXPARAM_Simplex_Limits_Perturbation=0;CPXPARAM_Simplex_Limits_Singularity=10;CPXPARAM_Simplex_PGradient=0;CPXPARAM_Simplex_Pricing=0;CPXPARAM_Simplex_Refactor=0
922169239888552977,0,CPXPARAM_Advance=1;CPXPARAM_Barrier_Algorithm=0;CPXPARAM_Barrier_ColNonzeros=0;CPXPARAM_Barrier_Crossover=0;CPXPARAM_Barrier_Limits_Corrections=-1;CPXPARAM_Barrier_Ordering=0;CPXPARAM_Barrier_StartAlg=1;CPXPARAM_Emphasis_MIP=3;CPXPARAM_Emphasis_Memory=0;CPXPARAM_Emphasis_Numerical=0;CPXPARAM_Feasopt_Mode=0;CPXPARAM_LPMethod=0;CPXPARAM_MIP_Cuts_Cliques=-1;CPXPARAM_MIP_Cuts_Covers=0;CPXPARAM_MIP_Cuts_Disjunctive=1;CPXPARAM_MIP_Cuts_FlowCovers=0;CPXPARAM_MIP_Cuts_GUBCovers=1;CPXPARAM_MIP_Cuts_Gomory=-1;CPXPARAM_MIP_Cuts_Implied=1;CPXPARAM_MIP_Cuts_MIRCut=0;CPXPARAM_MIP_Cuts_PathCut=1;CPXPARAM_MIP_Limits_AggForCut=3;CPXPARAM_MIP_Limits_CutPasses=0;CPXPARAM_MIP_Limits_CutsFactor=-1;CPXPARAM_MIP_Limits_GomoryCand=25;CPXPARAM_MIP_Limits_GomoryPass=0;CPXPARAM_MIP_Limits_Nodes=9223372036800000000;CPXPARAM_MIP_Limits_ProbeTime=1e+75;CPXPARAM_MIP_Limits_RepairTries=0;CPXPARAM_MIP_Limits_StrongCand=10;CPXPARAM_MIP_Limits_StrongIt=0;CPXPARAM_MIP_OrderType=0;CPXPARAM_MIP_Strategy_BBInterval=7;CPXPARAM_MIP_Strategy_Branch=-1;CPXPARAM_MIP_Strategy_Dive=0;CPXPARAM_MIP_Strategy_File=1;CPXPARAM_MIP_Strategy_HeuristicFreq=0;CPXPARAM_MIP_Strategy_LBHeur=0;CPXPARAM_MIP_Strategy_NodeSelect=2;CPXPARAM_MIP_Strategy_Order=1;CPXPARAM_MIP_Strategy_PresolveNode=1;CPXPARAM_MIP_Strategy_Probe=1;CPXPARAM_MIP_Strategy_RINSHeur=0;CPXPARAM_MIP_Strategy_StartAlgorithm=0;CPXPARAM_MIP_Strategy_SubAlgorithm=0;CPXPARAM_MIP_Strategy_VariableSelect=4;CPXPARAM_Network_NetFind=2;CPXPARAM_Network_Pricing=0;CPXPARAM_Parallel=1;CPXPARAM_Preprocessing_Aggregator=-1;CPXPARAM_Preprocessing_BoundStrength=-1;CPXPARAM_Preprocessing_CoeffReduce=-1;CPXPARAM_Preprocessing_Dependency=-1;CPXPARAM_Preprocessing_Dual=0;CPXPARAM_Preprocessing_Fill=10;CPXPARAM_Preprocessing_NumPass=-1;CPXPARAM_Preprocessing_Presolve=1;CPXPARAM_Preprocessing_QPMakePSD=1;CPXPARAM_Preprocessing_Reduce=3;CPXPARAM_Preprocessing_Relax=-1;CPXPARAM_Preprocessing_RepeatPresolve=-1;CPXPARAM_Preprocessing_Symmetry=-1;CPXPARAM_Read_Scale=0;CPXPARAM_Sifting_Algorithm=0;CPXPARAM_Simplex_Crash=1;CPXPARAM_Simplex_DGradient=0;CPXPARAM_Simplex_Limits_Perturbation=0;CPXPARAM_Simplex_Limits_Singularity=10;CPXPARAM_Simplex_PGradient=0;CPXPARAM_Simplex_Pricing=0;CPXPARAM_Simplex_Refactor=0
1708547459389040588,0,CPXPARAM_Advance=1;CPXPARAM_Barrier_Algorithm=0;CPXPARAM_Barrier_ColNonzeros=0;CPXPARAM_Barrier_Crossover=0;CPXPARAM_Barrier_Limits_Corrections=-1;CPXPARAM_Barrier_Ordering=0;CPXPARAM_Barrier_StartAlg=1;CPXPARAM_Emphasis_MIP=1;CPXPARAM_Emphasis_Memory=0;CPXPARAM_Emphasis_Numerical=0;CPXPARAM_Feasopt_Mode=0;CPXPARAM_LPMethod=0;CPXPARAM_MIP_Cuts_Cliques=0;CPXPARAM_MIP_Cuts_Covers=-1;CPXPARAM_MIP_Cuts_Disjunctive=-1;CPXPARAM_MIP_Cuts_FlowCovers=-1;CPXPARAM_MIP_Cuts_GUBCovers=1;CPXPARAM_MIP_Cuts_Gomory=1;CPXPARAM_MIP_Cuts_Implied=0;CPXPARAM_MIP_Cuts_MIRCut=0;CPXPARAM_MIP_Cuts_PathCut=0;CPXPARAM_MIP_Limits_AggForCut=3;CPXPARAM_MIP_Limits_CutPasses=0;CPXPARAM_MIP_Limits_CutsFactor=-1;CPXPARAM_MIP_Limits_GomoryCand=10;CPXPARAM_MIP_Limits_GomoryPass=0;CPXPARAM_MIP_Limits_Nodes=9223372036800000000;CPXPARAM_MIP_Limits_ProbeTime=1e+75;CPXPARAM_MIP_Limits_RepairTries=0;CPXPARAM_MIP_Limits_StrongCand=10;CPXPARAM_MIP_Limits_StrongIt=0;CPXPARAM_MIP_OrderType=0;CPXPARAM_MIP_Strategy_BBInterval=7;CPXPARAM_MIP_Strategy_Branch=0;CPXPARAM_MIP_Strategy_Dive=0;CPXPARAM_MIP_Strategy_File=1;CPXPARAM_MIP_Strategy_HeuristicFreq=0;CPXPARAM_MIP_Strategy_LBHeur=0;CPXPARAM_MIP_Strategy_NodeSelect=1;CPXPARAM_MIP_Strategy_Order=1;CPXPARAM_MIP_Strategy_PresolveNode=0;CPXPARAM_MIP_Strategy_Probe=3;CPXPARAM_MIP_Strategy_RINSHeur=0;CPXPARAM_MIP_Strategy_StartAlgorithm=0;CPXPARAM_MIP_Strategy_SubAlgorithm=0;CPXPARAM_MIP_Strategy_VariableSelect=0;CPXPARAM_Network_NetFind=2;CPXPARAM_Network_Pricing=0;CPXPARAM_Parallel=1;CPXPARAM_Preprocessing_Aggregator=-1;CPXPARAM_Preprocessing_BoundStrength=-1;CPXPARAM_Preprocessing_CoeffReduce=-1;CPXPARAM_Preprocessing_Dependency=-1;CPXPARAM_Preprocessing_Dual=0;CPXPARAM_Preprocessing_Fill=10;CPXPARAM_Preprocessing_NumPass=-1;CPXPARAM_Preprocessing_Presolve=1;CPXPARAM_Preprocessing_QPMakePSD=1;CPXPARAM_Preprocessing_Reduce=3;CPXPARAM_Preprocessing_Relax=-1;CPXPARAM_Preprocessing_RepeatPresolve=-1;CPXPARAM_Preprocessing_Symmetry=-1;CPXPARAM_Read_Scale=0;CPXPARAM_Sifting_Algorithm=0;CPXPARAM_Simplex_Crash=1;CPXPARAM_Simplex_DGradient=0;CPXPARAM_Simplex_Limits_Perturbation=0;CPXPARAM_Simplex_Limits_Singularity=10;CPXPARAM_Simplex_PGradient=0;CPXPARAM_Simplex_Pricing=0;CPXPARAM_Simplex_Refactor=0
12660451241145976386,0,CPXPARAM_Advance=1;CPXPARAM_Barrier_Algorithm=0;CPXPARAM_Barrier_ColNonzeros=0;CPXPARAM_Barrier_Crossover=0;CPXPARAM_Barrier_Limits_Corrections=-1;CPXPARAM_Barrier_Ordering=0;CPXPARAM_Barrier_StartAlg=1;CPXPARAM_Emphasis_MIP=3;CPXPARAM_Emphasis_Memory=0;CPXPARAM_Emphasis_Numerical=0;CPXPARAM_Feasopt_Mode=0;CPXPARAM_LPMethod=0;CPXPARAM_MIP_Cuts_Cliques=-1;CPXPARAM_MIP_Cuts_Covers=0;CPXPARAM_MIP_Cuts_Disjunctive=1;CPXPARAM_MIP_Cuts_FlowCovers=-1;CPXPARAM_MIP_Cuts_GUBCovers=0;CPXPARAM_MIP_Cuts_Gomory=-1;CPXPARAM_MIP_Cuts_Implied=1;CPXPARAM_MIP_Cuts_MIRCut=-1;CPXPARAM_MIP_Cuts_PathCut=-1;CPXPARAM_MIP_Limits_AggForCut=3;CPXPARAM_MIP_Limits_CutPasses=0;CPXPARAM_MIP_Limits_CutsFactor=-1;CPXPARAM_MIP_Limits_GomoryCand=200;CPXPARAM_MIP_Limits_GomoryPass=0;CPXPARAM_MIP_Limits_Nodes=9223372036800000000;CPXPARAM_MIP_Limits_ProbeTime=1e+75;CPXPARAM_MIP_Limits_RepairTries=0;CPXPARAM_MIP_Limits_StrongCand=10;CPXPARAM_MIP_Limits_StrongIt=0;CPXPARAM_MIP_OrderType=0;CPXPARAM_MIP_Strategy_BBInterval=7;CPXPARAM_MIP_Strategy_Branch=0;CPXPARAM_MIP_Strategy_Dive=0;CPXPARAM_MIP_Strategy_File=1;CPXPARAM_MIP_Strategy_HeuristicFreq=0;CPXPARAM_MIP_Strategy_LBHeur=0;CPXPARAM_MIP_Strategy_NodeSelect=1;CPXPARAM_MIP_Strategy_Order=1;CPXPARAM_MIP_Strategy_PresolveNode=0;CPXPARAM_MIP_Strategy_Probe=0;CPXPARAM_MIP_Strategy_RINSHeur=0;CPXPARAM_MIP_Strategy_StartAlgorithm=0;CPXPARAM_MIP_Strategy_SubAlgorithm=0;CPXPARAM_MIP_Strategy_VariableSelect=0;CPXPARAM_Network_NetFind=2;CPXPARAM_Network_Pricing=0;CPXPARAM_Parallel=1;CPXPARAM_Preprocessing_Aggregator=-1;CPXPARAM_Preprocessing_BoundStrength=-1;CPXPARAM_Preprocessing_CoeffReduce=-1;CPXPARAM_Preprocessing_Dependency=-1;CPXPARAM_Preprocessing_Dual=0;CPXPARAM_Preprocessing_Fill=10;CPXPARAM_Preprocessing_NumPass=-1;CPXPARAM_Preprocessing_Presolve=1;CPXPARAM_Preprocessing_QPMakePSD=1;CPXPARAM_Preprocessing_Reduce=3;CPXPARAM_Preprocessing_Relax=-1;CPXPARAM_Preprocessing_RepeatPresolve=-1;CPXPARAM_Preprocessing_Symmetry=-1;CPXPARAM_Read_Scale=0;CPXPARAM_Sifting_Algorithm=0;CPXPARAM_Simplex_Crash=1;CPXPARAM_Simplex_DGradient=0;CPXPARAM_Simplex_Limits_Perturbation=0;CPXPARAM_Simplex_Limits_Singularity=10;CPXPARAM_Simplex_PGradient=0;CPXPARAM_Simplex_Pricing=0;CPXPARAM_Simplex_Refactor=0
4879274345516945036,0,CPXPARAM_Advance=1;CPXPARAM_Barrier_Algorithm=0;CPXPARAM_Barrier_ColNonzeros=0;CPXPARAM_Barrier_Crossover=0;CPXPARAM_Barrier_Limits_Corrections=-1;CPXPARAM_Barrier_Ordering=0;CPXPARAM_Barrier_StartAlg=1;CPXPARAM_Emphasis_MIP=0;CPXPARAM_Emphasis_Memory=0;CPXPARAM_Emphasis_Numerical=0;CPXPARAM_Feasopt_Mode=0;CPXPARAM_LPMethod=0;CPXPARAM_MIP_Cuts_Cliques=1;CPXPARAM_MIP_Cuts_Covers=0;CPXPARAM_MIP_Cuts_Disjunctive=1;CPXPARAM_MIP_Cuts_FlowCovers=0;CPXPARAM_MIP_Cuts_GUBCovers=1;CPXPARAM_MIP_Cuts_Gomory=0;CPXPARAM_MIP_Cuts_Implied=1;CPXPARAM_MIP_Cuts_MIRCut=1;CPXPARAM_MIP_Cuts_PathCut=0;CPXPARAM_MIP_Limits_AggForCut=3;CPXPARAM_MIP_Limits_CutPasses=0;CPXPARAM_MIP_Limits_CutsFactor=-1;CPXPARAM_MIP_Limits_GomoryCand=800;CPXPARAM_MIP_Limits_GomoryPass=0;CPXPARAM_MIP_Limits_Nodes=9223372036800000000;CPXPARAM_MIP_Limits_ProbeTime=1e+75;CPXPARAM_MIP_Limits_RepairTries=0;CPXPARAM_MIP_Limits_StrongCand=10;CPXPARAM_MIP_Limits_StrongIt=0;CPXPARAM_MIP_OrderType=0;CPXPARAM_MIP_Strategy_BBInterval=7;CPXPARAM_MIP_Strategy_Branch=1;CPXPARAM_MIP_Strategy_Dive=0;CPXPARAM_MIP_Strategy_File=1;CPXPARAM_MIP_Strategy_HeuristicFreq=0;CPXPARAM_MIP_Strategy_LBHeur=0;CPXPARAM_MIP_Strategy_NodeSelect=1;CPXPARAM_MIP_Strategy_Order=1;CPXPARAM_MIP_Strategy_PresolveNode=2;CPXPARAM_MIP_Strategy_Probe=0;CPXPARAM_MIP_Strategy_RINSHeur=0;CPXPARAM_MIP_Strategy_StartAlgorithm=0;CPXPARAM_MIP_Strategy_SubAlgorithm=0;CPXPARAM_MIP_Strategy_VariableSelect=2;CPXPARAM_Network_NetFind=2;CPXPARAM_Network_Pricing=0;CPXPARAM_Parallel=1;CPXPARAM_Preprocessing_Aggregator=-1;CPXPARAM_Preprocessing_BoundStrength=-1;CPXPARAM_Preprocessing_CoeffReduce=-1;CPXPARAM_Preprocessing_Dependency=-1;CPXPARAM_Preprocessing_Dual=0;CPXPARAM_Preprocessing_Fill=10;CPXPARAM_Preprocessing_NumPass=-1;CPXPARAM_Preprocessing_Presolve=1;CPXPARAM_Preprocessing_QPMakePSD=1;CPXPARAM_Preprocessing_Reduce=3;CPXPARAM_Preprocessing_Relax=-1;CPXPARAM_Preprocessing_RepeatPresolve=-1;CPXPARAM_Preprocessing_Symmetry=-1;CPXPARAM_Read_Scale=0;CPXPARAM_Sifting_Algorithm=0;CPXPARAM_Simplex_Crash=1;CPXPARAM_Simplex_DGradient=0;CPXPARAM_Simplex_Limits_Perturbation=0;CPXPARAM_Simplex_Limits_Singularity=10;CPXPARAM_Simplex_PGradient=0;CPXPARAM_Simplex_Pricing=0;CPXPARAM_Simplex_Refactor=0
10314825458415034102,0,CPXPARAM_Advance=1;CPXPARAM_Barrier_Algorithm=0;CPXPARAM_Barrier_ColNonzeros=0;CPXPARAM_Barrier_Crossover=0;CPXPARAM_Barrier_Limits_Corrections=-1;CPXPARAM_Barrier_Ordering=0;CPXPARAM_Barrier_StartAlg=1;CPXPARAM_Emphasis_MIP=3;CPXPARAM_Emphasis_Memory=0;CPXPARAM_Emphasis_Numerical=0;CPXPARAM_Feasopt_Mode=0;CPXPARAM_LPMethod=0;CPXPARAM_MIP_Cuts_Cliques=-1;CPXPARAM_MIP_Cuts_Covers=0;CPXPARAM_MIP_Cuts_Disjunctive=1;CPXPARAM_MIP_Cuts_FlowCovers=-1;CPXPARAM_MIP_Cuts_GUBCovers=-1;CPXPARAM_MIP_Cuts_Gomory=-1;CPXPARAM_MIP_Cuts_Implied=-1;CPXPARAM_MIP_Cuts_MIRCut=-1;CPXPARAM_MIP_Cuts_PathCut=-1;CPXPARAM_MIP_Limits_AggForCut=3;CPXPARAM_MIP_Limits_CutPasses=0;CPXPARAM_MIP_Limits_CutsFactor=-1;CPXPARAM_MIP_Limits_GomoryCand=200;CPXPARAM_MIP_Limits_GomoryPass=0;CPXPARAM_MIP_Limits_Nodes=9223372036800000000;CPXPARAM_MIP_Limits_ProbeTime=1e+75;CPXPARAM_MIP_Limits_RepairTries=0;CPXPARAM_MIP_Limits_StrongCand=10;CPXPARAM_MIP_Limits_StrongIt=0;CPXPARAM_MIP_OrderType=0;CPXPARAM_MIP_Strategy_BBInterval=7;CPXPARAM_MIP_Strategy_Branch=0;CPXPARAM_MIP_Strategy_Dive=0;CPXPARAM_MIP_Strategy_File=1;CPXPARAM_MIP_Strategy_HeuristicFreq=0;CPXPARAM_MIP_Strategy_LBHeur=0;CPXPARAM_MIP_Strategy_NodeSelect=1;CPXPARAM_MIP_Strategy_Order=1;CPXPARAM_MIP_Strategy_PresolveNode=0;CPXPARAM_MIP_Strategy_Probe=0;CPXPARAM_MIP_Strategy_RINSHeur=0;CPXPARAM_MIP_Strategy_StartAlgorithm=0;CPXPARAM_MIP_Strategy_SubAlgorithm=0;CPXPARAM_MIP_Strategy_VariableSelect=0;CPXPARAM_Network_NetFind=2;CPXPARAM_Network_Pricing=0;CPXPARAM_Parallel=1;CPXPARAM_Preprocessing_Aggregator=-1;CPXPARAM_Preprocessing_BoundStrength=-1;CPXPARAM_Preprocessing_CoeffReduce=-1;CPXPARAM_Preprocessing_Dependency=-1;CPXPARAM_Preprocessing_Dual=0;CPXPARAM_Preprocessing_Fill=10;CPXPARAM_Preprocessing_NumPass=-1;CPXPARAM_Preprocessing_Presolve=1;CPXPARAM_Preprocessing_QPMakePSD=1;CPXPARAM_Preprocessing_Reduce=3;CPXPARAM_Preprocessing_Relax=-1;CPXPARAM_Preprocessing_RepeatPresolve=-1;CPXPARAM_Preprocessing_Symmetry=-1;CPXPARAM_Read_Scale=0;CPXPARAM_Sifting_Algorithm=0;CPXPARAM_Simplex_Crash=1;CPXPARAM_Simplex_DGradient=0;CPXPARAM_Simplex_Limits_Perturbation=0;CPXPARAM_Simplex_Limits_Singularity=10;CPXPARAM_Simplex_PGradient=0;CPXPARAM_Simplex_Pricing=0;CPXPARAM_Simplex_Refactor=0
7500981246459597613,0,CPXPARAM_Advance=1;CPXPARAM_Barrier_Algorithm=0;CPXPARAM_Barrier_ColNonzeros=0;CPXPARAM_Barrier_Crossover=0;CPXPARAM_Barrier_Limits_Corrections=-1;CPXPARAM_Barrier_Ordering=0;CPXPARAM_Barrier_StartAlg=1;CPXPARAM_Emphasis_MIP=2;CPXPARAM_Emphasis_Memory=0;CPXPARAM_Emphasis_Numerical=0;CPXPARAM_Feasopt_Mode=0;CPXPARAM_LPMethod=0;CPXPARAM_MIP_Cuts_Cliques=0;CPXPARAM_MIP_Cuts_Covers=2;CPXPARAM_MIP_Cuts_Disjunctive=0;CPXPARAM_MIP_Cuts_FlowCovers=0;CPXPARAM_MIP_Cuts_GUBCovers=1;CPXPARAM_MIP_Cuts_Gomory=0;CPXPARAM_MIP_Cuts_Implied=1;CPXPARAM_MIP_Cuts_MIRCut=0;CPXPARAM_MIP_Cuts_PathCut=2;CPXPARAM_MIP_Limits_AggForCut=3;CPXPARAM_MIP_Limits_CutPasses=0;CPXPARAM_MIP_Limits_CutsFactor=-1;CPXPARAM_MIP_Limits_GomoryCand=800;CPXPARAM_MIP_Limits_GomoryPass=0;CPXPARAM_MIP_Limits_Nodes=9223372036800000000;CPXPARAM_MIP_Limits_ProbeTime=1e+75;CPXPARAM_MIP_Limits_RepairTries=0;CPXPARAM_MIP_Limits_StrongCand=10;CPXPARAM_MIP_Limits_StrongIt=0;CPXPARAM_MIP_OrderType=0;CPXPARAM_MIP_Strategy_BBInterval=7;CPXPARAM_MIP_Strategy_Branch=0;CPXPARAM_MIP_Strategy_Dive=0;CPXPARAM_MIP_Strategy_File=1;CPXPARAM_MIP_Strategy_HeuristicFreq=0;CPXPARAM_MIP_Strategy_LBHeur=0;CPXPARAM_MIP_Strategy_NodeSelect=1;CPXPARAM_MIP_Strategy_Order=1;CPXPARAM_MIP_Strategy_PresolveNode=0;CPXPARAM_MIP_Strategy_Probe=3;CPXPARAM_MIP_Strategy_RINSHeur=0;CPXPARAM_MIP_Strategy_StartAlgorithm=0;CPXPARAM_MIP_Strategy_SubAlgorithm=0;CPXPARAM_MIP_Strategy_VariableSelect=0;CPXPARAM_Network_NetFind=2;CPXPARAM_Network_Pricing=0;CPXPARAM_Parallel=1;CPXPARAM_Preprocessing_Aggregator=-1;CPXPARAM_Preprocessing_BoundStrength=-1;CPXPARAM_Preprocessing_CoeffReduce=-1;CPXPARAM_Preprocessing_Dependency=-1;CPXPARAM_Preprocessing_Dual=0;CPXPARAM_Preprocessing_Fill=10;CPXPARAM_Preprocessing_NumPass=-1;CPXPARAM_Preprocessing_Presolve=1;CPXPARAM_Preprocessing_QPMakePSD=1;CPXPARAM_Preprocessing_Reduce=3;CPXPARAM_Preprocessing_Relax=-1;CPXPARAM_Preprocessing_RepeatPresolve=-1;CPXPARAM_Preprocessing_Symmetry=-1;CPXPARAM_Read_Scale=0;CPXPARAM_Sifting_Algorithm=0;CPXPARAM_Simplex_Crash=1;CPXPARAM_Simplex_DGradient=0;CPXPARAM_Simplex_Limits_Perturbation=0;CPXPARAM_Simplex_Limits_Singularity=10;CPXPARAM_Simplex_PGradient=0;CPXPARAM_Simplex_Pricing=0;CPXPARAM_Simplex_Refactor=0
2765238235118060857,0,CPXPARAM_Advance=1;CPXPARAM_Barrier_Algorithm=0;CPXPARAM_Barrier_ColNonzeros=0;CPXPARAM_Barrier_Crossover=0;CPXPARAM_Barrier_Limits_Corrections=-1;CPXPARAM_Barrier_Ordering=0;CPXPARAM_Barrier_StartAlg=1;CPXPARAM_Emphasis_MIP=2;CPXPARAM_Emphasis_Memory=0;CPXPARAM_Emphasis_Numerical=0;CPXPARAM_Feasopt_Mode=0;CPXPARAM_LPMethod=0;CPXPARAM_MIP_Cuts_Cliques=-1;CPXPARAM_MIP_Cuts_Covers=2;CPXPARAM_MIP_Cuts_Disjunctive=1;CPXPARAM_MIP_Cuts_FlowCovers=2;CPXPARAM_MIP_Cuts_GUBCovers=1;CPXPARAM_MIP_Cuts_Gomory=0;CPXPARAM_MIP_Cuts_Implied=-1;CPXPARAM_MIP_Cuts_MIRCut=-1;CPXPARAM_MIP_Cuts_PathCut=-1;CPXPARAM_MIP_Limits_AggForCut=3;CPXPARAM_MIP_Limits_CutPasses=0;CPXPARAM_MIP_Limits_CutsFactor=-1;CPXPARAM_MIP_Limits_GomoryCand=400;CPXPARAM_MIP_Limits_GomoryPass=0;CPXPARAM_MIP_Limits_Nodes=9223372036800000000;CPXPARAM_MIP_Limits_ProbeTime=1e+75;CPXPARAM_MIP_Limits_RepairTries=0;CPXPARAM_MIP_Limits_StrongCand=10;CPXPARAM_MIP_Limits_StrongIt=0;CPXPARAM_MIP_OrderType=0;CPXPARAM_MIP_Strategy_BBInterval=7;CPXPARAM_MIP_Strategy_Branch=0;CPXPARAM_MIP_Strategy_Dive=0;CPXPARAM_MIP_Strategy_File=1;CPXPARAM_MIP_Strategy_HeuristicFreq=0;CPXPARAM_MIP_Strategy_LBHeur=0;CPXPARAM_MIP_Strategy_NodeSelect=1;CPXPARAM_MIP_Strategy_Order=0;CPXPARAM_MIP_Strategy_PresolveNode=0;CPXPARAM_MIP_Strategy_Probe=0;CPXPARAM_MIP_Strategy_RINSHeur=0;CPXPARAM_MIP_Strategy_StartAlgorithm=0;CPXPARAM_MIP_Strategy_SubAlgorithm=0;CPXPARAM_MIP_Strategy_VariableSelect=0;CPXPARAM_Network_NetFind=2;CPXPARAM_Network_Pricing=0;CPXPARAM_Parallel=1;CPXPARAM_Preprocessing_Aggregator=-1;CPXPARAM_Preprocessing_BoundStrength=-1;CPXPARAM_Preprocessing_CoeffReduce=-1;CPXPARAM_Preprocessing_Dependency=-1;CPXPARAM_Preprocessing_Dual=0;CPXPARAM_Preprocessing_Fill=10;CPXPARAM_Preprocessing_NumPass=-1;CPXPARAM_Preprocessing_Presolve=1;CPXPARAM_Preprocessing_QPMakePSD=1;CPXPARAM_Preprocessing_Reduce=3;CPXPARAM_Preprocessing_Relax=-1;CPXPARAM_Preprocessing_RepeatPresolve=-1;CPXPARAM_Preprocessing_Symmetry=-1;CPXPARAM_Read_Scale=0;CPXPARAM_Sifting_Algorithm=0;CPXPARAM_Simplex_Crash=1;CPXPARAM_Simplex_DGradient=0;CPXPARAM_Simplex_Limits_Perturbation=0;CPXPARAM_Simplex_Limits_Singularity=10;CPXPARAM_Simplex_PGradient=0;CPXPARAM_Simplex_Pricing=0;CPXPARAM_Simplex_Refactor=0
16521881345031193899,0,CPXPARAM_Advance=1;CPXPARAM_Barrier_Algorithm=0;CPXPARAM_Barrier_ColNonzeros=0;CPXPARAM_Barrier_Crossover=0;CPXPARAM_Barrier_Limits_Corrections=-1;CPXPARAM_Barrier_Ordering=0;CPXPARAM_Barrier_StartAlg=1;CPXPARAM_Emphasis_MIP=5;CPXPARAM_Emphasis_Memory=0;CPXPARAM_Emphasis_Numerical=0;CPXPARAM_Feasopt_Mode=0;CPXPARAM_LPMethod=0;CPXPARAM_MIP_Cuts_Cliques=-1;CPXPARAM_MIP_Cuts_Covers=0;CPXPARAM_MIP_Cuts_Disjunctive=-1;CPXPARAM_MIP_Cuts_FlowCovers=-1;CPXPARAM_MIP_Cuts_GUBCovers=2;CPXPARAM_MIP_Cuts_Gomory=0;CPXPARAM_MIP_Cuts_Implied=1;CPXPARAM_MIP_Cuts_MIRCut=-1;CPXPARAM_MIP_Cuts_PathCut=-1;CPXPARAM_MIP_Limits_AggForCut=1;CPXPARAM_MIP_Limits_CutPasses=0;CPXPARAM_MIP_Limits_CutsFactor=-1;CPXPARAM_MIP_Limits_GomoryCand=800;CPXPARAM_MIP_Limits_GomoryPass=0;CPXPARAM_MIP_Limits_Nodes=9223372036800000000;CPXPARAM_MIP_Limits_ProbeTime=1e+75;CPXPARAM_MIP_Limits_RepairTries=0;CPXPARAM_MIP_Limits_StrongCand=10;CPXPARAM_MIP_Limits_StrongIt=0;CPXPARAM_MIP_OrderType=2;CPXPARAM_MIP_Strategy_BBInterval=7;CPXPARAM_MIP_Strategy_Branch=0;CPXPARAM_MIP_Strategy_Dive=0;CPXPARAM_MIP_Strategy_File=1;CPXPARAM_MIP_Strategy_HeuristicFreq=0;CPXPARAM_MIP_Strategy_LBHeur=0;CPXPARAM_MIP_Strategy_NodeSelect=0;CPXPARAM_MIP_Strategy_Order=1;CPXPARAM_MIP_Strategy_PresolveNode=1;CPXPARAM_MIP_Strategy_Probe=2;CPXPARAM_MIP_Strategy_RINSHeur=0;CPXPARAM_MIP_Strategy_StartAlgorithm=0;CPXPARAM_MIP_Strategy_SubAlgorithm=3;CPXPARAM_MIP_Strategy_VariableSelect=-1;CPXPARAM_Network_NetFind=2;CPXPARAM_Network_Pricing=0;CPXPARAM_Parallel=1;CPXPARAM_Preprocessing_Aggregator=-1;CPXPARAM_Preprocessing_BoundStrength=-1;CPXPARAM_Preprocessing_CoeffReduce=-1;CPXPARAM_Preprocessing_Dependency=-1;CPXPARAM_Preprocessing_Dual=0;CPXPARAM_Preprocessing_Fill=2;CPXPARAM_Preprocessing_NumPass=-1;CPXPARAM_Preprocessing_Presolve=1;CPXPARAM_Preprocessing_QPMakePSD=1;CPXPARAM_Preprocessing_Reduce=1;CPXPARAM_Preprocessing_Relax=-1;CPXPARAM_Preprocessing_RepeatPresolve=-1;CPXPARAM_Preprocessing_Symmetry=-1;CPXPARAM_Read_Scale=0;CPXPARAM_Sifting_Algorithm=0;CPXPARAM_Simplex_Crash=1;CPXPARAM_Simplex_DGradient=0;CPXPARAM_Simplex_Limits_Perturbation=0;CPXPARAM_Simplex_Limits_Singularity=10;CPXPARAM_Simplex_PGradient=0;CPXPARAM_Simplex_Pricing=0;CPXPARAM_Simplex_Refactor=0
2294298863304528488,0,CPXPARAM_Advance=1;CPXPARAM_Barrier_Algorithm=0;CPXPARAM_Barrier_ColNonzeros=0;CPXPARAM_Barrier_Crossover=0;CPXPARAM_Barrier_Limits_Corrections=-1;CPXPARAM_Barrier_Ordering=0;CPXPARAM_Barrier_StartAlg=1;CPXPARAM_Emphasis_MIP=2;CPXPARAM_Emphasis_Memory=0;CPXPARAM_Emphasis_Numerical=0;CPXPARAM_Feasopt_Mode=0;CPXPARAM_LPMethod=0;CPXPARAM_MIP_Cuts_Cliques=-1;CPXPARAM_MIP_Cuts_Covers=0;CPXPARAM_MIP_Cuts_Disjunctive=-1;CPXPARAM_MIP_Cuts_FlowCovers=1;CPXPARAM_MIP_Cuts_GUBCovers=0;CPXPARAM_MIP_Cuts_Gomory=0;CPXPARAM_MIP_Cuts_Implied=-1;CPXPARAM_MIP_Cuts_MIRCut=-1;CPXPARAM_MIP_Cuts_PathCut=1;CPXPARAM_MIP_Limits_AggForCut=3;CPXPARAM_MIP_Limits_CutPasses=0;CPXPARAM_MIP_Limits_CutsFactor=-1;CPXPARAM_MIP_Limits_GomoryCand=10;CPXPARAM_MIP_Limits_GomoryPass=0;CPXPARAM_MIP_Limits_Nodes=9223372036800000000;CPXPARAM_MIP_Limits_ProbeTime=1e+75;CPXPARAM_MIP_Limits_RepairTries=0;CPXPARAM_MIP_Limits_StrongCand=10;CPXPARAM_MIP_Limits_StrongIt=0;CPXPARAM_MIP_OrderType=0;CPXPARAM_MIP_Strategy_BBInterval=7;CPXPARAM_MIP_Strategy_Branch=0;CPXPARAM_MIP_Strategy_Dive=0;CPXPARAM_MIP_Strategy_File=1;CPXPARAM_MIP_Strategy_HeuristicFreq=0;CPXPARAM_MIP_Strategy_LBHeur=0;CPXPARAM_MIP_Strategy_NodeSelect=1;CPXPARAM_MIP_Strategy_Order=1;CPXPARAM_MIP_Strategy_PresolveNode=0;CPXPARAM_MIP_Strategy_Probe=0;CPXPARAM_MIP_Strategy_RINSHeur=0;CPXPARAM_MIP_Strategy_StartAlgorithm=0;CPXPARAM_MIP_Strategy_SubAlgorithm=0;CPXPARAM_MIP_Strategy_VariableSelect=0;CPXPARAM_Network_NetFind=2;CPXPARAM_Network_Pricing=0;CPXPARAM_Parallel=1;CPXPARAM_Preprocessing_Aggregator=-1;CPXPARAM_Preprocessing_BoundStrength=-1;CPXPARAM_Preprocessing_CoeffReduce=-1;CPXPARAM_Preprocessing_Dependency=-1;CPXPARAM_Preprocessing_Dual=0;CPXPARAM_Preprocessing_Fill=10;CPXPARAM_Preprocessing_NumPass=-1;CPXPARAM_Preprocessing_Presolve=1;CPXPARAM_Preprocessing_QPMakePSD=1;CPXPARAM_Preprocessing_Reduce=3;CPXPARAM_Preprocessing_Relax=-1;CPXPARAM_Preprocessing_RepeatPresolve=-1;CPXPARAM_Preprocessing_Symmetry=-1;CPXPARAM_Read_Scale=0;CPXPARAM_Sifting_Algorithm=0;CPXPARAM_Simplex_Crash=1;CPXPARAM_Simplex_DGradient=0;CPXPARAM_Simplex_Limits_Perturbation=0;CPXPARAM_Simplex_Limits_Singularity=10;CPXPARAM_Simplex_PGradient=0;CPXPARAM_Simplex_Pricing=0;CPXPARAM_Simplex_Refactor=0
9095172462562861711,0,CPXPARAM_Advance=1;CPXPARAM_Barrier_Algorithm=0;CPXPARAM_Barrier_ColNonzeros=0;CPXPARAM_Barrier_Crossover=0;CPXPARAM_Barrier_Limits_Corrections=-1;CPXPARAM_Barrier_Ordering=0;CPXPARAM_Barrier_StartAlg=1;CPXPARAM_Emphasis_MIP=2;CPXPARAM_Emphasis_Memory=0;CPXPARAM_Emphasis_Numerical=0;CPXPARAM_Feasopt_Mode=0;CPXPARAM_LPMethod=0;CPXPARAM_MIP_Cuts_Cliques=-1;CPXPARAM_MIP_Cuts_Covers=2;CPXPARAM_MIP_Cuts_Disjunctive=1;CPXPARAM_MIP_Cuts_FlowCovers=2;CPXPARAM_MIP_Cuts_GUBCovers=1;CPXPARAM_MIP_Cuts_Gomory=0;CPXPARAM_MIP_Cuts_Implied=-1;CPXPARAM_MIP_Cuts_MIRCut=-1;CPXPARAM_MIP_Cuts_PathCut=-1;CPXPARAM_MIP_Limits_AggForCut=3;CPXPARAM_MIP_Limits_CutPasses=0;CPXPARAM_MIP_Limits_CutsFactor=-1;CPXPARAM_MIP_Limits_GomoryCand=400;CPXPARAM_MIP_Limits_GomoryPass=0;CPXPARAM_MIP_Limits_Nodes=9223372036800000000;CPXPARAM_MIP_Limits_ProbeTime=1e+75;CPXPARAM_MIP_Limits_RepairTries=0;CPXPARAM_MIP_Limits_StrongCand=10;CPXPARAM_MIP_Limits_StrongIt=0;CPXPARAM_MIP_OrderType=0;CPXPARAM_MIP_Strategy_BBInterval=7;CPXPARAM_MIP_Strategy_Branch=0;CPXPARAM_MIP_Strategy_Dive=3;CPXPARAM_MIP_Strategy_File=1;CPXPARAM_MIP_Strategy_HeuristicFreq=0;CPXPARAM_MIP_Strategy_LBHeur=0;CPXPARAM_MIP_Strategy_NodeSelect=1;CPXPARAM_MIP_Strategy_Order=1;CPXPARAM_MIP_Strategy_PresolveNode=0;CPXPARAM_MIP_Strategy_Probe=0;CPXPARAM_MIP_Strategy_RINSHeur=0;CPXPARAM_MIP_Strategy_StartAlgorithm=0;CPXPARAM_MIP_Strategy_SubAlgorithm=0;CPXPARAM_MIP_Strategy_VariableSelect=0;CPXPARAM_Network_NetFind=2;CPXPARAM_Network_Pricing=0;CPXPARAM_Parallel=1;CPXPARAM_Preprocessing_Aggregator=-1;CPXPARAM_Preprocessing_BoundStrength=-1;CPXPARAM_Preprocessing_CoeffReduce=-1;CPXPARAM_Preprocessing_Dependency=-1;CPXPARAM_Preprocessing_Dual=0;CPXPARAM_Preprocessing_Fill=10;CPXPARAM_Preprocessing_NumPass=-1;CPXPARAM_Preprocessing_Presolve=1;CPXPARAM_Preprocessing_QPMakePSD=1;CPXPARAM_Preprocessing_Reduce=3;CPXPARAM_Preprocessing_Relax=-1;CPXPARAM_Preprocessing_RepeatPresolve=-1;CPXPARAM_Preprocessing_Symmetry=-1;CPXPARAM_Read_Scale=0;CPXPARAM_Sifting_Algorithm=0;CPXPARAM_Simplex_Crash=1;CPXPARAM_Simplex_DGradient=0;CPXPARAM_Simplex_Limits_Perturbation=0;CPXPARAM_Simplex_Limits_Singularity=10;CPXPARAM_Simplex_PGradient=0;CPXPARAM_Simplex_Pricing=0;CPXPARAM_Simplex_Refactor=0
2343823974616971112,0,CPXPARAM_Advance=1;CPXPARAM_Barrier_Algorithm=0;CPXPARAM_Barrier_ColNonzeros=0;CPXPARAM_Barrier_Crossover=0;CPXPARAM_Barrier_Limits_Corrections=-1;CPXPARAM_Barrier_Ordering=0;CPXPARAM_Barrier_StartAlg=1;CPXPARAM_Emphasis_MIP=3;CPXPARAM_Emphasis_Memory=0;CPXPARAM_Emphasis_Numerical=0;CPXPARAM_Feasopt_Mode=0;CPXPARAM_LPMethod=0;CPXPARAM_MIP_Cuts_Cliques=2;CPXPARAM_MIP_Cuts_Covers=2;CPXPARAM_MIP_Cuts_Disjunctive=1;CPXPARAM_MIP_Cuts_FlowCovers=-1;CPXPARAM_MIP_Cuts_GUBCovers=0;CPXPARAM_MIP_Cuts_Gomory=-1;CPXPARAM_MIP_Cuts_Implied=-1;CPXPARAM_MIP_Cuts_MIRCut=-1;CPXPARAM_MIP_Cuts_PathCut=2;CPXPARAM_MIP_Limits_AggForCut=3;CPXPARAM_MIP_Limits_CutPasses=0;CPXPARAM_MIP_Limits_CutsFactor=-1;CPXPARAM_MIP_Limits_GomoryCand=10;CPXPARAM_MIP_Limits_GomoryPass=0;CPXPARAM_MIP_Limits_Nodes=9223372036800000000;CPXPARAM_MIP_Limits_ProbeTime=1e+75;CPXPARAM_MIP_Limits_RepairTries=0;CPXPARAM_MIP_Limits_StrongCand=10;CPXPARAM_MIP_Limits_StrongIt=0;CPXPARAM_MIP_OrderType=0;CPXPARAM_MIP_Strategy_BBInterval=7;CPXPARAM_MIP_Strategy_Branch=1;CPXPARAM_MIP_Strategy_Dive=0;CPXPARAM_MIP_Strategy_File=1;CPXPARAM_MIP_Strategy_HeuristicFreq=0;CPXPARAM_MIP_Strategy_LBHeur=0;CPXPARAM_MIP_Strategy_NodeSelect=1;CPXPARAM_MIP_Strategy_Order=1;CPXPARAM_MIP_Strategy_PresolveNode=0;CPXPARAM_MIP_Strategy_Probe=-1;CPXPARAM_MIP_Strategy_RINSHeur=0;CPXPARAM_MIP_Strategy_StartAlgorithm=0;CPXPARAM_MIP_Strategy_SubAlgorithm=0;CPXPARAM_MIP_Strategy_VariableSelect=3;CPXPARAM_Network_NetFind=2;CPXPARAM_Network_Pricing=0;CPXPARAM_Parallel=1;CPXPARAM_Preprocessing_Aggregator=-1;CPXPARAM_Preprocessing_BoundStrength=-1;CPXPARAM_Preprocessing_CoeffReduce=-1;CPXPARAM_Preprocessing_Dependency=-1;CPXPARAM_Preprocessing_Dual=0;CPXPARAM_Preprocessing_Fill=10;CPXPARAM_Preprocessing_NumPass=-1;CPXPARAM_Preprocessing_Presolve=1;CPXPARAM_Preprocessing_QPMakePSD=1;CPXPARAM_Preprocessing_Reduce=3;CPXPARAM_Preprocessing_Relax=-1;CPXPARAM_Preprocessing_RepeatPresolve=-1;CPXPARAM_Preprocessing_Symmetry=-1;CPXPARAM_Read_Scale=0;CPXPARAM_Sifting_Algorithm=0;CPXPARAM_Simplex_Crash=1;CPXPARAM_Simplex_DGradient=0;CPXPARAM_Simplex_Limits_Perturbation=0;CPXPARAM_Simplex_Limits_Singularity=10;CPXPARAM_Simplex_PGradient=0;CPXPARAM_Simplex_Pricing=0;CPXPARAM_Simplex_Refactor=0
12703431588860158299,0,CPXPARAM_Advance=1;CPXPARAM_Barrier_Algorithm=0;CPXPARAM_Barrier_ColNonzeros=0;CPXPARAM_Barrier_Crossover=0;CPXPARAM_Barrier_Limits_Corrections=-1;CPXPARAM_Barrier_Ordering=0;CPXPARAM_Barrier_StartAlg=1;CPXPARAM_Emphasis_MIP=0;CPXPARAM_Emphasis_Memory=0;CPXPARAM_Emphasis_Numerical=0;CPXPARAM_Feasopt_Mode=0;CPXPARAM_LPMethod=0;CPXPARAM_MIP_Cuts_Cliques=2;CPXPARAM_MIP_Cuts_Covers=1;CPXPARAM_MIP_Cuts_Disjunctive=-1;CPXPARAM_MIP_Cuts_FlowCovers=0;CPXPARAM_MIP_Cuts_GUBCovers=1;CPXPARAM_MIP_Cuts_Gomory=0;CPXPARAM_MIP_Cuts_Implied=-1;CPXPARAM_MIP_Cuts_MIRCut=-1;CPXPARAM_MIP_Cuts_PathCut=1;CPXPARAM_MIP_Limits_AggForCut=3;CPXPARAM_MIP_Limits_CutPasses=0;CPXPARAM_MIP_Limits_CutsFactor=-1;CPXPARAM_MIP_Limits_GomoryCand=200;CPXPARAM_MIP_Limits_GomoryPass=0;CPXPARAM_MIP_Limits_Nodes=9223372036800000000;CPXPARAM_MIP_Limits_ProbeTime=1e+75;CPXPARAM_MIP_Limits_RepairTries=0;CPXPARAM_MIP_Limits_StrongCand=10;CPXPARAM_MIP_Limits_StrongIt=0;CPXPARAM_MIP_OrderType=0;CPXPARAM_MIP_Strategy_BBInterval=7;CPXPARAM_MIP_Strategy_Branch=-1;CPXPARAM_MIP_Strategy_Dive=0;CPXPARAM_MIP_Strategy_File=1;CPXPARAM_MIP_Strategy_HeuristicFreq=0;CPXPARAM_MIP_Strategy_LBHeur=0;CPXPARAM_MIP_Strategy_NodeSelect=3;CPXPARAM_MIP_Strategy_Order=1;CPXPARAM_MIP_Strategy_PresolveNode=2;CPXPARAM_MIP_Strategy_Probe=0;CPXPARAM_MIP_Strategy_RINSHeur=0;CPXPARAM_MIP_Strategy_StartAlgorithm=0;CPXPARAM_MIP_Strategy_SubAlgorithm=0;CPXPARAM_MIP_Strategy_VariableSelect=1;CPXPARAM_Network_NetFind=2;CPXPARAM_Network_Pricing=0;CPXPARAM_Parallel=1;CPXPARAM_Preprocessing_Aggregator=-1;CPXPARAM_Preprocessing_BoundStrength=-1;CPXPARAM_Preprocessing_CoeffReduce=-1;CPXPARAM_Preprocessing_Dependency=-1;CPXPARAM_Preprocessing_Dual=0;CPXPARAM_Preprocessing_Fill=10;CPXPARAM_Preprocessing_NumPass=-1;CPXPARAM_Preprocessing_Presolve=1;CPXPARAM_Preprocessing_QPMakePSD=1;CPXPARAM_Preprocessing_Reduce=3;CPXPARAM_Preprocessing_Relax=-1;CPXPARAM_Preprocessing_RepeatPresolve=-1;CPXPARAM_Preprocessing_Symmetry=-1;CPXPARAM_Read_Scale=0;CPXPARAM_Sifting_Algorithm=0;CPXPARAM_Simplex_Crash=1;CPXPARAM_Simplex_DGradient=0;CPXPARAM_Simplex_Limits_Perturbation=0;CPXPARAM_Simplex_Limits_Singularity=10;CPXPARAM_Simplex_PGradient=0;CPXPARAM_Simplex_Pricing=0;CPXPARAM_Simplex_Refactor=0
12732083639619943700,0,CPXPARAM_Advance=1;CPXPARAM_Barrier_Algorithm=0;CPXPARAM_Barrier_ColNonzeros=0;CPXPARAM_Barrier_Crossover=0;CPXPARAM_Barrier_Limits_Corrections=-1;CPXPARAM_Barrier_Ordering=0;CPXPARAM_Barrier_StartAlg=1;CPXPARAM_Emphasis_MIP=1;CPXPARAM_Emphasis_Memory=0;CPXPARAM_Emphasis_Numerical=0;CPXPARAM_Feasopt_Mode=0;CPXPARAM_LPMethod=0;CPXPARAM_MIP_Cuts_Cliques=2;CPXPARAM_MIP_Cuts_Covers=0;CPXPARAM_MIP_Cuts_Disjunctive=0;CPXPARAM_MIP_Cuts_FlowCovers=1;CPXPARAM_MIP_Cuts_GUBCovers=2;CPXPARAM_MIP_Cuts_Gomory=-1;CPXPARAM_MIP_Cuts_Implied=1;CPXPARAM_MIP_Cuts_MIRCut=0;CPXPARAM_MIP_Cuts_PathCut=2;CPXPARAM_MIP_Limits_AggForCut=3;CPXPARAM_MIP_Limits_CutPasses=0;CPXPARAM_MIP_Limits_CutsFactor=-1;CPXPARAM_MIP_Limits_GomoryCand=25;CPXPARAM_MIP_Limits_GomoryPass=0;CPXPARAM_MIP_Limits_Nodes=9223372036800000000;CPXPARAM_MIP_Limits_ProbeTime=1e+75;CPXPARAM_MIP_Limits_RepairTries=0;CPXPARAM_MIP_Limits_StrongCand=10;CPXPARAM_MIP_Limits_StrongIt=0;CPXPARAM_MIP_OrderType=0;CPXPARAM_MIP_Strategy_BBInterval=7;CPXPARAM_MIP_Strategy_Branch=0;CPXPARAM_MIP_Strategy_Dive=0;CPXPARAM_MIP_Strategy_File=1;CPXPARAM_MIP_Strategy_HeuristicFreq=0;CPXPARAM_MIP_Strategy_LBHeur=0;CPXPARAM_MIP_Strategy_NodeSelect=1;CPXPARAM_MIP_Strategy_Order=1;CPXPARAM_MIP_Strategy_PresolveNode=0;CPXPARAM_MIP_Strategy_Probe=0;CPXPARAM_MIP_Strategy_RINSHeur=0;CPXPARAM_MIP_Strategy_StartAlgorithm=0;CPXPARAM_MIP_Strategy_SubAlgorithm=0;CPXPARAM_MIP_Strategy_VariableSelect=0;CPXPARAM_Network_NetFind=2;CPXPARAM_Network_Pricing=0;CPXPARAM_Parallel=1;CPXPARAM_Preprocessing_Aggregator=-1;CPXPARAM_Preprocessing_BoundStrength=-1;CPXPARAM_Preprocessing_CoeffReduce=-1;CPXPARAM_Preprocessing_Dependency=-1;CPXPARAM_Preprocessing_Dual=0;CPXPARAM_Preprocessing_Fill=10;CPXPARAM_Preprocessing_NumPass=-1;CPXPARAM_Preprocessing_Presolve=1;CPXPARAM_Preprocessing_QPMakePSD=1;CPXPARAM_Preprocessing_Reduce=3;CPXPARAM_Preprocessing_Relax=-1;CPXPARAM_Preprocessing_RepeatPresolve=-1;CPXPARAM_Preprocessing_Symmetry=-1;CPXPARAM_Read_Scale=0;CPXPARAM_Sifting_Algorithm=0;CPXPARAM_Simplex_Crash=1;CPXPARAM_Simplex_DGradient=0;CPXPARAM_Simplex_Limits_Perturbation=0;CPXPARAM_Simplex_Limits_Singularity=10;CPXPARAM_Simplex_PGradient=0;CPXPARAM_Simplex_Pricing=0;CPXPARAM_Simplex_Refactor=0
1292131300551438065,0,CPXPARAM_Advance=1;CPXPARAM_Barrier_Algorithm=0;CPXPARAM_Barrier_ColNonzeros=0;CPXPARAM_Barrier_Crossover=0;CPXPARAM_Barrier_Limits_Corrections=-1;CPXPARAM_Barrier_Ordering=0;CPXPARAM_Barrier_StartAlg=1;CPXPARAM_Emphasis_MIP=0;CPXPARAM_Emphasis_Memory=0;CPXPARAM_Emphasis_Numerical=0;CPXPARAM_Feasopt_Mode=0;CPXPARAM_LPMethod=0;CPXPARAM_MIP_Cuts_Cliques=-1;CPXPARAM_MIP_Cuts_Covers=-1;CPXPARAM_MIP_Cuts_Disjunctive=0;CPXPARAM_MIP_Cuts_FlowCovers=2;CPXPARAM_MIP_Cuts_GUBCovers=1;CPXPARAM_MIP_Cuts_Gomory=1;CPXPARAM_MIP_Cuts_Implied=1;CPXPARAM_MIP_Cuts_MIRCut=1;CPXPARAM_MIP_Cuts_PathCut=0;CPXPARAM_MIP_Limits_AggForCut=3;CPXPARAM_MIP_Limits_CutPasses=0;CPXPARAM_MIP_Limits_CutsFactor=-1;CPXPARAM_MIP_Limits_GomoryCand=50;CPXPARAM_MIP_Limits_GomoryPass=0;CPXPARAM_MIP_Limits_Nodes=9223372036800000000;CPXPARAM_MIP_Limits_ProbeTime=1e+75;CPXPARAM_MIP_Limits_RepairTries=0;CPXPARAM_MIP_Limits_StrongCand=10;CPXPARAM_MIP_Limits_StrongIt=0;CPXPARAM_MIP_OrderType=0;CPXPARAM_MIP_Strategy_BBInterval=7;CPXPARAM_MIP_Strategy_Branch=0;CPXPARAM_MIP_Strategy_Dive=0;CPXPARAM_MIP_Strategy_File=1;CPXPARAM_MIP_Strategy_HeuristicFreq=0;CPXPARAM_MIP_Strategy_LBHeur=0;CPXPARAM_MIP_Strategy_NodeSelect=3;CPXPARAM_MIP_Strategy_Order=1;CPXPARAM_MIP_Strategy_PresolveNode=3;CPXPARAM_MIP_Strategy_Probe=1;CPXPARAM_MIP_Strategy_RINSHeur=0;CPXPARAM_MIP_Strategy_StartAlgorithm=0;CPXPARAM_MIP_Strategy_SubAlgorithm=2;CPXPARAM_MIP_Strategy_VariableSelect=2;CPXPARAM_Network_NetFind=2;CPXPARAM_Network_Pricing=0;CPXPARAM_Parallel=1;CPXPARAM_Preprocessing_Aggregator=-1;CPXPARAM_Preprocessing_BoundStrength=-1;CPXPARAM_Preprocessing_CoeffReduce=-1;CPXPARAM_Preprocessing_Dependency=-1;CPXPARAM_Preprocessing_Dual=0;CPXPARAM_Preprocessing_Fill=2;CPXPARAM_Preprocessing_NumPass=-1;CPXPARAM_Preprocessing_Presolve=1;CPXPARAM_Preprocessing_QPMakePSD=1;CPXPARAM_Preprocessing_Reduce=3;CPXPARAM_Preprocessing_Relax=-1;CPXPARAM_Preprocessing_RepeatPresolve=-1;CPXPARAM_Preprocessing_Symmetry=-1;CPXPARAM_Read_Scale=0;CPXPARAM_Sifting_Algorithm=0;CPXPARAM_Simplex_Crash=1;CPXPARAM_Simplex_DGradient=0;CPXPARAM_Simplex_Limits_Perturbation=0;CPXPARAM_Simplex_Limits_Singularity=10;CPXPARAM_Simplex_PGradient=0;CPXPARAM_Simplex_Pricing=0;CPXPARAM_Simplex_Refactor=0
8121335538024624756,0,CPXPARAM_Advance=1;CPXPARAM_Barrier_Algorithm=0;CPXPARAM_Barrier_ColNonzeros=0;CPXPARAM_Barrier_Crossover=0;CPXPARAM_Barrier_Limits_Corrections=-1;CPXPARAM_Barrier_Ordering=0;CPXPARAM_Barrier_StartAlg=1;CPXPARAM_Emphasis_MIP=2;CPXPARAM_Emphasis_Memory=0;CPXPARAM_Emphasis_Numerical=0;CPXPARAM_Feasopt_Mode=0;CPXPARAM_LPMethod=0;CPXPARAM_MIP_Cuts_Cliques=-1;CPXPARAM_MIP_Cuts_Covers=0;CPXPARAM_MIP_Cuts_Disjunctive=-1;CPXPARAM_MIP_Cuts_FlowCovers=-1;CPXPARAM_MIP_Cuts_GUBCovers=0;CPXPARAM_MIP_Cuts_Gomory=0;CPXPARAM_MIP_Cuts_Implied=0;CPXPARAM_MIP_Cuts_MIRCut=2;CPXPARAM_MIP_Cuts_PathCut=1;CPXPARAM_MIP_Limits_AggForCut=3;CPXPARAM_MIP_Limits_CutPasses=0;CPXPARAM_MIP_Limits_CutsFactor=-1;CPXPARAM_MIP_Limits_GomoryCand=10;CPXPARAM_MIP_Limits_GomoryPass=0;CPXPARAM_MIP_Limits_Nodes=9223372036800000000;CPXPARAM_MIP_Limits_ProbeTime=1e+75;CPXPARAM_MIP_Limits_RepairTries=0;CPXPARAM_MIP_Limits_StrongCand=10;CPXPARAM_MIP_Limits_StrongIt=0;CPXPARAM_MIP_OrderType=0;CPXPARAM_MIP_Strategy_BBInterval=7;CPXPARAM_MIP_Strategy_Branch=0;CPXPARAM_MIP_Strategy_Dive=0;CPXPARAM_MIP_Strategy_File=1;CPXPARAM_MIP_Strategy_HeuristicFreq=0;CPXPARAM_MIP_Strategy_LBHeur=0;CPXPARAM_MIP_Strategy_NodeSelect=1;CPXPARAM_MIP_Strategy_Order=1;CPXPARAM_MIP_Strategy_PresolveNode=0;CPXPARAM_MIP_Strategy_Probe=0;CPXPARAM_MIP_Strategy_RINSHeur=0;CPXPARAM_MIP_Strategy_StartAlgorithm=0;CPXPARAM_MIP_Strategy_SubAlgorithm=0;CPXPARAM_MIP_Strategy_VariableSelect=0;CPXPARAM_Network_NetFind=2;CPXPARAM_Network_Pricing=0;CPXPARAM_Parallel=1;CPXPARAM_Preprocessing_Aggregator=-1;CPXPARAM_Preprocessing_BoundStrength=-1;CPXPARAM_Preprocessing_CoeffReduce=-1;CPXPARAM_Preprocessing_Dependency=-1;CPXPARAM_Preprocessing_Dual=0;CPXPARAM_Preprocessing_Fill=10;CPXPARAM_Preprocessing_NumPass=-1;CPXPARAM_Preprocessing_Presolve=1;CPXPARAM_Preprocessing_QPMakePSD=1;CPXPARAM_Preprocessing_Reduce=3;CPXPARAM_Preprocessing_Relax=-1;CPXPARAM_Preprocessing_RepeatPresolve=-1;CPXPARAM_Preprocessing_Symmetry=-1;CPXPARAM_Read_Scale=0;CPXPARAM_Sifting_Algorithm=0;CPXPARAM_Simplex_Crash=1;CPXPARAM_Simplex_DGradient=0;CPXPARAM_Simplex_Limits_Perturbation=0;CPXPARAM_Simplex_Limits_Singularity=10;CPXPARAM_Simplex_PGradient=0;CPXPARAM_Simplex_Pricing=0;CPXPARAM_Simplex_Refactor=0
1969792835367114367,0,CPXPARAM_Advance=1;CPXPARAM_Barrier_Algorithm=0;CPXPARAM_Barrier_ColNonzeros=0;CPXPARAM_Barrier_Crossover=0;CPXPARAM_Barrier_Limits_Corrections=-1;CPXPARAM_Barrier_Ordering=0;CPXPARAM_Barrier_StartAlg=1;CPXPARAM_Emphasis_MIP=2;CPXPARAM_Emphasis_Memory=0;CPXPARAM_Emphasis_Numerical=0;CPXPARAM_Feasopt_Mode=0;CPXPARAM_LPMethod=0;CPXPARAM_MIP_Cuts_Cliques=-1;CPXPARAM_MIP_Cuts_Covers=2;CPXPARAM_MIP_Cuts_Disjunctive=1;CPXPARAM_MIP_Cuts_FlowCovers=2;CPXPARAM_MIP_Cuts_GUBCovers=1;CPXPARAM_MIP_Cuts_Gomory=0;CPXPARAM_MIP_Cuts_Implied=-1;CPXPARAM_MIP_Cuts_MIRCut=-1;CPXPARAM_MIP_Cuts_PathCut=-1;CPXPARAM_MIP_Limits_AggForCut=3;CPXPARAM_MIP_Limits_CutPasses=0;CPXPARAM_MIP_Limits_CutsFactor=-1;CPXPARAM_MIP_Limits_GomoryCand=400;CPXPARAM_MIP_Limits_GomoryPass=0;CPXPARAM_MIP_Limits_Nodes=9223372036800000000;CPXPARAM_MIP_Limits_ProbeTime=1e+75;CPXPARAM_MIP_Limits_RepairTries=0;CPXPARAM_MIP_Limits_StrongCand=10;CPXPARAM_MIP_Limits_StrongIt=0;CPXPARAM_MIP_OrderType=0;CPXPARAM_MIP_Strategy_BBInterval=7;CPXPARAM_MIP_Strategy_Branch=0;CPXPARAM_MIP_Strategy_Dive=0;CPXPARAM_MIP_Strategy_File=1;CPXPARAM_MIP_Strategy_HeuristicFreq=0;CPXPARAM_MIP_Strategy_LBHeur=0;CPXPARAM_MIP_Strategy_NodeSelect=1;CPXPARAM_MIP_Strategy_Order=1;CPXPARAM_MIP_Strategy_PresolveNode=0;CPXPARAM_MIP_Strategy_Probe=0;CPXPARAM_MIP_Strategy_RINSHeur=0;CPXPARAM_MIP_Strategy_StartAlgorithm=0;CPXPARAM_MIP_Strategy_SubAlgorithm=0;CPXPARAM_MIP_Strategy_VariableSelect=0;CPXPARAM_Network_NetFind=2;CPXPARAM_Network_Pricing=0;CPXPARAM_Parallel=1;CPXPARAM_Preprocessing_Aggregator=-1;CPXPARAM_Preprocessing_BoundStrength=0;CPXPARAM_Preprocessing_CoeffReduce=-1;CPXPARAM_Preprocessing_Dependency=-1;CPXPARAM_Preprocessing_Dual=0;CPXPARAM_Preprocessing_Fill=10;CPXPARAM_Preprocessing_NumPass=-1;CPXPARAM_Preprocessing_Presolve=1;CPXPARAM_Preprocessing_QPMakePSD=1;CPXPARAM_Preprocessing_Reduce=3;CPXPARAM_Preprocessing_Relax=-1;CPXPARAM_Preprocessing_RepeatPresolve=-1;CPXPARAM_Preprocessing_Symmetry=-1;CPXPARAM_Read_Scale=0;CPXPARAM_Sifting_Algorithm=0;CPXPARAM_Simplex_Crash=1;CPXPARAM_Simplex_DGradient=0;CPXPARAM_Simplex_Limits_Perturbation=0;CPXPARAM_Simplex_Limits_Singularity=10;CPXPARAM_Simplex_PGradient=0;CPXPARAM_Simplex_Pricing=0;CPXPARAM_Simplex_Refactor=0
3983769800380321591,0,CPXPARAM_Advance=1;CPXPARAM_Barrier_Algorithm=0;CPXPARAM_Barrier_ColNonzeros=0;CPXPARAM_Barrier_Crossover=0;CPXPARAM_Barrier_Limits_Corrections=-1;CPXPARAM_Barrier_Ordering=0;CPXPARAM_Barrier_StartAlg=1;CPXPARAM_Emphasis_MIP=2;CPXPARAM_Emphasis_Memory=0;CPXPARAM_Emphasis_Numerical=0;CPXPARAM_Feasopt_Mode=0;CPXPARAM_LPMethod=0;CPXPARAM_MIP_Cuts_Cliques=2;CPXPARAM_MIP_Cuts_Covers=0;CPXPARAM_MIP_Cuts_Disjunctive=-1;CPXPARAM_MIP_Cuts_FlowCovers=2;CPXPARAM_MIP_Cuts_GUBCovers=0;CPXPARAM_MIP_Cuts_Gomory=1;CPXPARAM_MIP_Cuts_Implied=2;CPXPARAM_MIP_Cuts_MIRCut=-1;CPXPARAM_MIP_Cuts_PathCut=1;CPXPARAM_MIP_Limits_AggForCut=3;CPXPARAM_MIP_Limits_CutPasses=0;CPXPARAM_MIP_Limits_CutsFactor=-1;CPXPARAM_MIP_Limits_GomoryCand=200;CPXPARAM_MIP_Limits_GomoryPass=0;CPXPARAM_MIP_Limits_Nodes=9223372036800000000;CPXPARAM_MIP_Limits_ProbeTime=1e+75;CPXPARAM_MIP_Limits_RepairTries=0;CPXPARAM_MIP_Limits_StrongCand=10;CPXPARAM_MIP_Limits_StrongIt=0;CPXPARAM_MIP_OrderType=0;CPXPARAM_MIP_Strategy_BBInterval=7;CPXPARAM_MIP_Strategy_Branch=0;CPXPARAM_MIP_Strategy_Dive=0;CPXPARAM_MIP_Strategy_File=1;CPXPARAM_MIP_Strategy_HeuristicFreq=0;CPXPARAM_MIP_Strategy_LBHeur=0;CPXPARAM_MIP_Strategy_NodeSelect=1;CPXPARAM_MIP_Strategy_Order=1;CPXPARAM_MIP_Strategy_PresolveNode=0;CPXPARAM_MIP_Strategy_Probe=0;CPXPARAM_MIP_Strategy_RINSHeur=0;CPXPARAM_MIP_Strategy_StartAlgorithm=0;CPXPARAM_MIP_Strategy_SubAlgorithm=0;CPXPARAM_MIP_Strategy_VariableSelect=0;CPXPARAM_Network_NetFind=2;CPXPARAM_Network_Pricing=0;CPXPARAM_Parallel=1;CPXPARAM_Preprocessing_Aggregator=-1;CPXPARAM_Preprocessing_BoundStrength=-1;CPXPARAM_Preprocessing_CoeffReduce=-1;CPXPARAM_Preprocessing_Dependency=-1;CPXPARAM_Preprocessing_Dual=0;CPXPARAM_Preprocessing_Fill=10;CPXPARAM_Preprocessing_NumPass=-1;CPXPARAM_Preprocessing_Presolve=1;CPXPARAM_Preprocessing_QPMakePSD=1;CPXPARAM_Preprocessing_Reduce=3;CPXPARAM_Preprocessing_Relax=-1;CPXPARAM_Preprocessing_RepeatPresolve=-1;CPXPARAM_Preprocessing_Symmetry=-1;CPXPARAM_Read_Scale=0;CPXPARAM_Sifting_Algorithm=0;CPXPARAM_Simplex_Crash=1;CPXPARAM_Simplex_DGradient=0;CPXPARAM_Simplex_Limits_Perturbation=0;CPXPARAM_Simplex_Limits_Singularity=10;CPXPARAM_Simplex_PGradient=0;CPXPARAM_Simplex_Pricing=0;CPXPARAM_Simplex_Refactor=0
6547331794255369093,0,CPXPARAM_Advance=1;CPXPARAM_Barrier_Algorithm=0;CPXPARAM_Barrier_ColNonzeros=0;CPXPARAM_Barrier_Crossover=0;CPXPARAM_Barrier_Limits_Corrections=-1;CPXPARAM_Barrier_Ordering=0;CPXPARAM_Barrier_StartAlg=1;CPXPARAM_Emphasis_MIP=5;CPXPARAM_Emphasis_Memory=0;CPXPARAM_Emphasis_Numerical=0;CPXPARAM_Feasopt_Mode=0;CPXPARAM_LPMethod=0;CPXPARAM_MIP_Cuts_Cliques=3;CPXPARAM_MIP_Cuts_Covers=2;CPXPARAM_MIP_Cuts_Disjunctive=-1;CPXPARAM_MIP_Cuts_FlowCovers=1;CPXPARAM_MIP_Cuts_GUBCovers=1;CPXPARAM_MIP_Cuts_Gomory=2;CPXPARAM_MIP_Cuts_Implied=1;CPXPARAM_MIP_Cuts_MIRCut=2;CPXPARAM_MIP_Cuts_PathCut=1;CPXPARAM_MIP_Limits_AggForCut=5;CPXPARAM_MIP_Limits_CutPasses=0;CPXPARAM_MIP_Limits_CutsFactor=-1;CPXPARAM_MIP_Limits_GomoryCand=150;CPXPARAM_MIP_Limits_GomoryPass=0;CPXPARAM_MIP_Limits_Nodes=9223372036800000000;CPXPARAM_MIP_Limits_ProbeTime=1e+75;CPXPARAM_MIP_Limits_RepairTries=0;CPXPARAM_MIP_Limits_StrongCand=10;CPXPARAM_MIP_Limits_StrongIt=0;CPXPARAM_MIP_OrderType=3;CPXPARAM_MIP_Strategy_BBInterval=7;CPXPARAM_MIP_Strategy_Branch=-1;CPXPARAM_MIP_Strategy_Dive=0;CPXPARAM_MIP_Strategy_File=1;CPXPARAM_MIP_Strategy_HeuristicFreq=0;CPXPARAM_MIP_Strategy_LBHeur=0;CPXPARAM_MIP_Strategy_NodeSelect=2;CPXPARAM_MIP_Strategy_Order=1;CPXPARAM_MIP_Strategy_PresolveNode=0;CPXPARAM_MIP_Strategy_Probe=3;CPXPARAM_MIP_Strategy_RINSHeur=0;CPXPARAM_MIP_Strategy_StartAlgorithm=0;CPXPARAM_MIP_Strategy_SubAlgorithm=2;CPXPARAM_MIP_Strategy_VariableSelect=1;CPXPARAM_Network_NetFind=2;CPXPARAM_Network_Pricing=0;CPXPARAM_Parallel=1;CPXPARAM_Preprocessing_Aggregator=-1;CPXPARAM_Preprocessing_BoundStrength=-1;CPXPARAM_Preprocessing_CoeffReduce=-1;CPXPARAM_Preprocessing_Dependency=-1;CPXPARAM_Preprocessing_Dual=0;CPXPARAM_Preprocessing_Fill=5;CPXPARAM_Preprocessing_NumPass=-1;CPXPARAM_Preprocessing_Presolve=1;CPXPARAM_Preprocessing_QPMakePSD=1;CPXPARAM_Preprocessing_Reduce=1;CPXPARAM_Preprocessing_Relax=-1;CPXPARAM_Preprocessing_RepeatPresolve=-1;CPXPARAM_Preprocessing_Symmetry=-1;CPXPARAM_Read_Scale=-1;CPXPARAM_Sifting_Algorithm=0;CPXPARAM_Simplex_Crash=1;CPXPARAM_Simplex_DGradient=0;CPXPARAM_Simplex_Limits_Perturbation=0;CPXPARAM_Simplex_Limits_Singularity=10;CPXPARAM_Simplex_PGradient=0;CPXPARAM_Simplex_Pricing=0;CPXPARAM_Simplex_Refactor=0
3995026673727690056,0,CPXPARAM_Advance=1;CPXPARAM_Barrier_Algorithm=0;CPXPARAM_Barrier_ColNonzeros=0;CPXPARAM_Barrier_Crossover=0;CPXPARAM_Barrier_Limits_Corrections=-1;CPXPARAM_Barrier_Ordering=0;CPXPARAM_Barrier_StartAlg=1;CPXPARAM_Emphasis_MIP=3;CPXPARAM_Emphasis_Memory=0;CPXPARAM_Emphasis_Numerical=0;CPXPARAM_Feasopt_Mode=0;CPXPARAM_LPMethod=0;CPXPARAM_MIP_Cuts_Cliques=-1;CPXPARAM_MIP_Cuts_Covers=0;CPXPARAM_MIP_Cuts_Disjunctive=1;CPXPARAM_MIP_Cuts_FlowCovers=-1;CPXPARAM_MIP_Cuts_GUBCovers=2;CPXPARAM_MIP_Cuts_Gomory=2;CPXPARAM_MIP_Cuts_Implied=0;CPXPARAM_MIP_Cuts_MIRCut=1;CPXPARAM_MIP_Cuts_PathCut=2;CPXPARAM_MIP_Limits_AggForCut=3;CPXPARAM_MIP_Limits_CutPasses=0;CPXPARAM_MIP_Limits_CutsFactor=-1;CPXPARAM_MIP_Limits_GomoryCand=25;CPXPARAM_MIP_Limits_GomoryPass=0;CPXPARAM_MIP_Limits_Nodes=9223372036800000000;CPXPARAM_MIP_Limits_ProbeTime=1e+75;CPXPARAM_MIP_Limits_RepairTries=0;CPXPARAM_MIP_Limits_StrongCand=10;CPXPARAM_MIP_Limits_StrongIt=0;CPXPARAM_MIP_OrderType=0;CPXPARAM_MIP_Strategy_BBInterval=7;CPXPARAM_MIP_Strategy_Branch=0;CPXPARAM_MIP_Strategy_Dive=0;CPXPARAM_MIP_Strategy_File=1;CPXPARAM_MIP_Strategy_HeuristicFreq=0;CPXPARAM_MIP_Strategy_LBHeur=0;CPXPARAM_MIP_Strategy_NodeSelect=1;CPXPARAM_MIP_Strategy_Order=1;CPXPARAM_MIP_Strategy_PresolveNode=0;CPXPARAM_MIP_Strategy_Probe=0;CPXPARAM_MIP_Strategy_RINSHeur=0;CPXPARAM_MIP_Strategy_StartAlgorithm=0;CPXPARAM_MIP_Strategy_SubAlgorithm=0;CPXPARAM_MIP_Strategy_VariableSelect=0;CPXPARAM_Network_NetFind=2;CPXPARAM_Network_Pricing=0;CPXPARAM_Parallel=1;CPXPARAM_Preprocessing_Aggregator=-1;CPXPARAM_Preprocessing_BoundStrength=-1;CPXPARAM_Preprocessing_CoeffReduce=-1;CPXPARAM_Preprocessing_Dependency=-1;CPXPARAM_Preprocessing_Dual=0;CPXPARAM_Preprocessing_Fill=10;CPXPARAM_Preprocessing_NumPass=-1;CPXPARAM_Preprocessing_Presolve=1;CPXPARAM_Preprocessing_QPMakePSD=1;CPXPARAM_Preprocessing_Reduce=3;CPXPARAM_Preprocessing_Relax=-1;CPXPARAM_Preprocessing_RepeatPresolve=-1;CPXPARAM_Preprocessing_Symmetry=-1;CPXPARAM_Read_Scale=0;CPXPARAM_Sifting_Algorithm=0;CPXPARAM_Simplex_Crash=1;CPXPARAM_Simplex_DGradient=0;CPXPARAM_Simplex_Limits_Perturbation=0;CPXPARAM_Simplex_Limits_Singularity=10;CPXPARAM_Simplex_PGradient=0;CPXPARAM_Simplex_Pricing=0;CPXPARAM_Simplex_Refactor=0
15135902116160025053,0,CPXPARAM_Advance=1;CPXPARAM_Barrier_Algorithm=0;CPXPARAM_Barrier_ColNonzeros=0;CPXPARAM_Barrier_Crossover=0;CPXPARAM_Barrier_Limits_Corrections=-1;CPXPARAM_Barrier_Ordering=0;CPXPARAM_Barrier_StartAlg=1;CPXPARAM_Emphasis_MIP=2;CPXPARAM_Emphasis_Memory=0;CPXPARAM_Emphasis_Numerical=0;CPXPARAM_Feasopt_Mode=0;CPXPARAM_LPMethod=0;CPXPARAM_MIP_Cuts_Cliques=-1;CPXPARAM_MIP_Cuts_Covers=0;CPXPARAM_MIP_Cuts_Disjunctive=1;CPXPARAM_MIP_Cuts_FlowCovers=2;CPXPARAM_MIP_Cuts_GUBCovers=1;CPXPARAM_MIP_Cuts_Gomory=0;CPXPARAM_MIP_Cuts_Implied=-1;CPXPARAM_MIP_Cuts_MIRCut=-1;CPXPARAM_MIP_Cuts_PathCut=1;CPXPARAM_MIP_Limits_AggForCut=3;CPXPARAM_MIP_Limits_CutPasses=0;CPXPARAM_MIP_Limits_CutsFactor=-1;CPXPARAM_MIP_Limits_GomoryCand=400;CPXPARAM_MIP_Limits_GomoryPass=0;CPXPARAM_MIP_Limits_Nodes=9223372036800000000;CPXPARAM_MIP_Limits_ProbeTime=1e+75;CPXPARAM_MIP_Limits_RepairTries=0;CPXPARAM_MIP_Limits_StrongCand=10;CPXPARAM_MIP_Limits_StrongIt=0;CPXPARAM_MIP_OrderType=0;CPXPARAM_MIP_Strategy_BBInterval=7;CPXPARAM_MIP_Strategy_Branch=0;CPXPARAM_MIP_Strategy_Dive=0;CPXPARAM_MIP_Strategy_File=1;CPXPARAM_MIP_Strategy_HeuristicFreq=0;CPXPARAM_MIP_Strategy_LBHeur=0;CPXPARAM_MIP_Strategy_NodeSelect=1;CPXPARAM_MIP_Strategy_Order=1;CPXPARAM_MIP_Strategy_PresolveNode=0;CPXPARAM_MIP_Strategy_Probe=0;CPXPARAM_MIP_Strategy_RINSHeur=0;CPXPARAM_MIP_Strategy_StartAlgorithm=0;CPXPARAM_MIP_Strategy_SubAlgorithm=0;CPXPARAM_MIP_Strategy_VariableSelect=0;CPXPARAM_Network_NetFind=2;CPXPARAM_Network_Pricing=0;CPXPARAM_Parallel=1;CPXPARAM_Preprocessing_Aggregator=-1;CPXPARAM_Preprocessing_BoundStrength=-1;CPXPARAM_Preprocessing_CoeffReduce=-1;CPXPARAM_Preprocessing_Dependency=-1;CPXPARAM_Preprocessing_Dual=0;CPXPARAM_Preprocessing_Fill=10;CPXPARAM_Preprocessing_NumPass=-1;CPXPARAM_Preprocessing_Presolve=1;CPXPARAM_Preprocessing_QPMakePSD=1;CPXPARAM_Preprocessing_Reduce=3;CPXPARAM_Preprocessing_Relax=-1;CPXPARAM_Preprocessing_RepeatPresolve=-1;CPXPARAM_Preprocessing_Symmetry=-1;CPXPARAM_Read_Scale=0;CPXPARAM_Sifting_Algorithm=0;CPXPARAM_Simplex_Crash=1;CPXPARAM_Simplex_DGradient=0;CPXPARAM_Simplex_Limits_Perturbation=0;CPXPARAM_Simplex_Limits_Singularity=10;CPXPARAM_Simplex_PGradient=0;CPXPARAM_Simplex_Pricing=0;CPXPARAM_Simplex_Refactor=0
1378971450877028567,0,CPXPARAM_Advance=1;CPXPARAM_Barrier_Algorithm=0;CPXPARAM_Barrier_ColNonzeros=0;CPXPARAM_Barrier_Crossover=0;CPXPARAM_Barrier_Limits_Corrections=-1;CPXPARAM_Barrier_Ordering=0;CPXPARAM_Barrier_StartAlg=1;CPXPARAM_Emphasis_MIP=0;CPXPARAM_Emphasis_Memory=0;CPXPARAM_Emphasis_Numerical=0;CPXPARAM_Feasopt_Mode=0;CPXPARAM_LPMethod=0;CPXPARAM_MIP_Cuts_Cliques=-1;CPXPARAM_MIP_Cuts_Covers=0;CPXPARAM_MIP_Cuts_Disjunctive=-1;CPXPARAM_MIP_Cuts_FlowCovers=2;CPXPARAM_MIP_Cuts_GUBCovers=1;CPXPARAM_MIP_Cuts_Gomory=0;CPXPARAM_MIP_Cuts_Implied=-1;CPXPARAM_MIP_Cuts_MIRCut=-1;CPXPARAM_MIP_Cuts_PathCut=2;CPXPARAM_MIP_Limits_AggForCut=1;CPXPARAM_MIP_Limits_CutPasses=0;CPXPARAM_MIP_Limits_CutsFactor=-1;CPXPARAM_MIP_Limits_GomoryCand=50;CPXPARAM_MIP_Limits_GomoryPass=0;CPXPARAM_MIP_Limits_Nodes=9223372036800000000;CPXPARAM_MIP_Limits_ProbeTime=1e+75;CPXPARAM_MIP_Limits_RepairTries=0;CPXPARAM_MIP_Limits_StrongCand=10;CPXPARAM_MIP_Limits_StrongIt=0;CPXPARAM_MIP_OrderType=1;CPXPARAM_MIP_Strategy_BBInterval=7;CPXPARAM_MIP_Strategy_Branch=-1;CPXPARAM_MIP_Strategy_Dive=0;CPXPARAM_MIP_Strategy_File=1;CPXPARAM_MIP_Strategy_HeuristicFreq=0;CPXPARAM_MIP_Strategy_LBHeur=0;CPXPARAM_MIP_Strategy_NodeSelect=2;CPXPARAM_MIP_Strategy_Order=1;CPXPARAM_MIP_Strategy_PresolveNode=0;CPXPARAM_MIP_Strategy_Probe=2;CPXPARAM_MIP_Strategy_RINSHeur=0;CPXPARAM_MIP_Strategy_StartAlgorithm=0;CPXPARAM_MIP_Strategy_SubAlgorithm=3;CPXPARAM_MIP_Strategy_VariableSelect=-1;CPXPARAM_Network_NetFind=2;CPXPARAM_Network_Pricing=0;CPXPARAM_Parallel=1;CPXPARAM_Preprocessing_Aggregator=-1;CPXPARAM_Preprocessing_BoundStrength=-1;CPXPARAM_Preprocessing_CoeffReduce=-1;CPXPARAM_Preprocessing_Dependency=-1;CPXPARAM_Preprocessing_Dual=0;CPXPARAM_Preprocessing_Fill=20;CPXPARAM_Preprocessing_NumPass=-1;CPXPARAM_Preprocessing_Presolve=1;CPXPARAM_Preprocessing_QPMakePSD=1;CPXPARAM_Preprocessing_Reduce=3;CPXPARAM_Preprocessing_Relax=-1;CPXPARAM_Preprocessing_RepeatPresolve=-1;CPXPARAM_Preprocessing_Symmetry=-1;CPXPARAM_Read_Scale=1;CPXPARAM_Sifting_Algorithm=0;CPXPARAM_Simplex_Crash=1;CPXPARAM_Simplex_DGradient=0;CPXPARAM_Simplex_Limits_Perturbation=0;CPXPARAM_Simplex_Limits_Singularity=10;CPXPARAM_Simplex_PGradient=0;CPXPARAM_Simplex_Pricing=0;CPXPARAM_Simplex_Refactor=0
17346549220263742805,0,CPXPARAM_Advance=1;CPXPARAM_Barrier_Algorithm=0;CPXPARAM_Barrier_ColNonzeros=0;CPXPARAM_Barrier_Crossover=0;CPXPARAM_Barrier_Limits_Corrections=-1;CPXPARAM_Barrier_Ordering=0;CPXPARAM_Barrier_StartAlg=1;CPXPARAM_Emphasis_MIP=0;CPXPARAM_Emphasis_Memory=0;CPXPARAM_Emphasis_Numerical=0;CPXPARAM_Feasopt_Mode=0;CPXPARAM_LPMethod=0;CPXPARAM_MIP_Cuts_Cliques=1;CPXPARAM_MIP_Cuts_Covers=-1;CPXPARAM_MIP_Cuts_Disjunctive=1;CPXPARAM_MIP_Cuts_FlowCovers=1;CPXPARAM_MIP_Cuts_GUBCovers=-1;CPXPARAM_MIP_Cuts_Gomory=-1;CPXPARAM_MIP_Cuts_Implied=2;CPXPARAM_MIP_Cuts_MIRCut=-1;CPXPARAM_MIP_Cuts_PathCut=0;CPXPARAM_MIP_Limits_AggForCut=1;CPXPARAM_MIP_Limits_CutPasses=0;CPXPARAM_MIP_Limits_CutsFactor=-1;CPXPARAM_MIP_Limits_GomoryCand=100;CPXPARAM_MIP_Limits_GomoryPass=0;CPXPARAM_MIP_Limits_Nodes=9223372036800000000;CPXPARAM_MIP_Limits_ProbeTime=1e+75;CPXPARAM_MIP_Limits_RepairTries=0;CPXPARAM_MIP_Limits_StrongCand=10;CPXPARAM_MIP_Limits_StrongIt=0;CPXPARAM_MIP_OrderType=0;CPXPARAM_MIP_Strategy_BBInterval=7;CPXPARAM_MIP_Strategy_Branch=-1;CPXPARAM_MIP_Strategy_Dive=0;CPXPARAM_MIP_Strategy_File=1;CPXPARAM_MIP_Strategy_HeuristicFreq=0;CPXPARAM_MIP_Strategy_LBHeur=0;CPXPARAM_MIP_Strategy_NodeSelect=2;CPXPARAM_MIP_Strategy_Order=1;CPXPARAM_MIP_Strategy_PresolveNode=0;CPXPARAM_MIP_Strategy_Probe=-1;CPXPARAM_MIP_Strategy_RINSHeur=0;CPXPARAM_MIP_Strategy_StartAlgorithm=0;CPXPARAM_MIP_Strategy_SubAlgorithm=3;CPXPARAM_MIP_Strategy_VariableSelect=-1;CPXPARAM_Network_NetFind=2;CPXPARAM_Network_Pricing=0;CPXPARAM_Parallel=1;CPXPARAM_Preprocessing_Aggregator=-1;CPXPARAM_Preprocessing_BoundStrength=-1;CPXPARAM_Preprocessing_CoeffReduce=-1;CPXPARAM_Preprocessing_Dependency=-1;CPXPARAM_Preprocessing_Dual=0;CPXPARAM_Preprocessing_Fill=5;CPXPARAM_Preprocessing_NumPass=-1;CPXPARAM_Preprocessing_Presolve=1;CPXPARAM_Preprocessing_QPMakePSD=1;CPXPARAM_Preprocessing_Reduce=3;CPXPARAM_Preprocessing_Relax=-1;CPXPARAM_Preprocessing_RepeatPresolve=-1;CPXPARAM_Preprocessing_Symmetry=-1;CPXPARAM_Read_Scale=0;CPXPARAM_Sifting_Algorithm=0;CPXPARAM_Simplex_Crash=1;CPXPARAM_Simplex_DGradient=0;CPXPARAM_Simplex_Limits_Perturbation=0;CPXPARAM_Simplex_Limits_Singularity=10;CPXPARAM_Simplex_PGradient=0;CPXPARAM_Simplex_Pricing=0;CPXPARAM_Simplex_Refactor=0
10844245754291423713,0,CPXPARAM_Advance=1;CPXPARAM_Barrier_Algorithm=0;CPXPARAM_Barrier_ColNonzeros=0;CPXPARAM_Barrier_Crossover=0;CPXPARAM_Barrier_Limits_Corrections=-1;CPXPARAM_Barrier_Ordering=0;CPXPARAM_Barrier_StartAlg=1;CPXPARAM_Emphasis_MIP=2;CPXPARAM_Emphasis_Memory=0;CPXPARAM_Emphasis_Numerical=0;CPXPARAM_Feasopt_Mode=0;CPXPARAM_LPMethod=0;CPXPARAM_MIP_Cuts_Cliques=-1;CPXPARAM_MIP_Cuts_Covers=0;CPXPARAM_MIP_Cuts_Disjunctive=1;CPXPARAM_MIP_Cuts_FlowCovers=2;CPXPARAM_MIP_Cuts_GUBCovers=1;CPXPARAM_MIP_Cuts_Gomory=2;CPXPARAM_MIP_Cuts_Implied=-1;CPXPARAM_MIP_Cuts_MIRCut=-1;CPXPARAM_MIP_Cuts_PathCut=-1;CPXPARAM_MIP_Limits_AggForCut=3;CPXPARAM_MIP_Limits_CutPasses=0;CPXPARAM_MIP_Limits_CutsFactor=-1;CPXPARAM_MIP_Limits_GomoryCand=400;CPXPARAM_MIP_Limits_GomoryPass=0;CPXPARAM_MIP_Limits_Nodes=9223372036800000000;CPXPARAM_MIP_Limits_ProbeTime=1e+75;CPXPARAM_MIP_Limits_RepairTries=0;CPXPARAM_MIP_Limits_StrongCand=10;CPXPARAM_MIP_Limits_StrongIt=0;CPXPARAM_MIP_OrderType=0;CPXPARAM_MIP_Strategy_BBInterval=7;CPXPARAM_MIP_Strategy_Branch=0;CPXPARAM_MIP_Strategy_Dive=0;CPXPARAM_MIP_Strategy_File=1;CPXPARAM_MIP_Strategy_HeuristicFreq=0;CPXPARAM_MIP_Strategy_LBHeur=0;CPXPARAM_MIP_Strategy_NodeSelect=1;CPXPARAM_MIP_Strategy_Order=1;CPXPARAM_MIP_Strategy_PresolveNode=0;CPXPARAM_MIP_Strategy_Probe=0;CPXPARAM_MIP_Strategy_RINSHeur=0;CPXPARAM_MIP_Strategy_StartAlgorithm=0;CPXPARAM_MIP_Strategy_SubAlgorithm=0;CPXPARAM_MIP_Strategy_VariableSelect=0;CPXPARAM_Network_NetFind=2;CPXPARAM_Network_Pricing=0;CPXPARAM_Parallel=1;CPXPARAM_Preprocessing_Aggregator=-1;CPXPARAM_Preprocessing_BoundStrength=-1;CPXPARAM_Preprocessing_CoeffReduce=-1;CPXPARAM_Preprocessing_Dependency=-1;CPXPARAM_Preprocessing_Dual=0;CPXPARAM_Preprocessing_Fill=10;CPXPARAM_Preprocessing_NumPass=-1;CPXPARAM_Preprocessing_Presolve=1;CPXPARAM_Preprocessing_QPMakePSD=1;CPXPARAM_Preprocessing_Reduce=3;CPXPARAM_Preprocessing_Relax=-1;CPXPARAM_Preprocessing_RepeatPresolve=-1;CPXPARAM_Preprocessing_Symmetry=-1;CPXPARAM_Read_Scale=0;CPXPARAM_Sifting_Algorithm=0;CPXPARAM_Simplex_Crash=1;CPXPARAM_Simplex_DGradient=0;CPXPARAM_Simplex_Limits_Perturbation=0;CPXPARAM_Simplex_Limits_Singularity=10;CPXPARAM_Simplex_PGradient=0;CPXPARAM_Simplex_Pricing=0;CPXPARAM_Simplex_Refactor=0
17467677419846076776,0,CPXPARAM_Advance=1;CPXPARAM_Barrier_Algorithm=0;CPXPARAM_Barrier_ColNonzeros=0;CPXPARAM_Barrier_Crossover=0;CPXPARAM_Barrier_Limits_Corrections=-1;CPXPARAM_Barrier_Ordering=0;CPXPARAM_Barrier_StartAlg=1;CPXPARAM_Emphasis_MIP=3;CPXPARAM_Emphasis_Memory=0;CPXPARAM_Emphasis_Numerical=0;CPXPARAM_Feasopt_Mode=0;CPXPARAM_LPMethod=0;CPXPARAM_MIP_Cuts_Cliques=-1;CPXPARAM_MIP_Cuts_Covers=0;CPXPARAM_MIP_Cuts_Disjunctive=1;CPXPARAM_MIP_Cuts_FlowCovers=0;CPXPARAM_MIP_Cuts_GUBCovers=-1;CPXPARAM_MIP_Cuts_Gomory=2;CPXPARAM_MIP_Cuts_Implied=-1;CPXPARAM_MIP_Cuts_MIRCut=0;CPXPARAM_MIP_Cuts_PathCut=2;CPXPARAM_MIP_Limits_AggForCut=2;CPXPARAM_MIP_Limits_CutPasses=0;CPXPARAM_MIP_Limits_CutsFactor=-1;CPXPARAM_MIP_Limits_GomoryCand=200;CPXPARAM_MIP_Limits_GomoryPass=0;CPXPARAM_MIP_Limits_Nodes=9223372036800000000;CPXPARAM_MIP_Limits_ProbeTime=1e+75;CPXPARAM_MIP_Limits_RepairTries=0;CPXPARAM_MIP_Limits_StrongCand=10;CPXPARAM_MIP_Limits_StrongIt=0;CPXPARAM_MIP_OrderType=0;CPXPARAM_MIP_Strategy_BBInterval=7;CPXPARAM_MIP_Strategy_Branch=-1;CPXPARAM_MIP_Strategy_Dive=0;CPXPARAM_MIP_Strategy_File=1;CPXPARAM_MIP_Strategy_HeuristicFreq=0;CPXPARAM_MIP_Strategy_LBHeur=0;CPXPARAM_MIP_Strategy_NodeSelect=2;CPXPARAM_MIP_Strategy_Order=1;CPXPARAM_MIP_Strategy_PresolveNode=0;CPXPARAM_MIP_Strategy_Probe=2;CPXPARAM_MIP_Strategy_RINSHeur=0;CPXPARAM_MIP_Strategy_StartAlgorithm=0;CPXPARAM_MIP_Strategy_SubAlgorithm=0;CPXPARAM_MIP_Strategy_VariableSelect=-1;CPXPARAM_Network_NetFind=2;CPXPARAM_Network_Pricing=0;CPXPARAM_Parallel=1;CPXPARAM_Preprocessing_Aggregator=-1;CPXPARAM_Preprocessing_BoundStrength=-1;CPXPARAM_Preprocessing_CoeffReduce=-1;CPXPARAM_Preprocessing_Dependency=-1;CPXPARAM_Preprocessing_Dual=0;CPXPARAM_Preprocessing_Fill=5;CPXPARAM_Preprocessing_NumPass=-1;CPXPARAM_Preprocessing_Presolve=1;CPXPARAM_Preprocessing_QPMakePSD=1;CPXPARAM_Preprocessing_Reduce=3;CPXPARAM_Preprocessing_Relax=-1;CPXPARAM_Preprocessing_RepeatPresolve=-1;CPXPARAM_Preprocessing_Symmetry=-1;CPXPARAM_Read_Scale=0;CPXPARAM_Sifting_Algorithm=0;CPXPARAM_Simplex_Crash=1;CPXPARAM_Simplex_DGradient=0;CPXPARAM_Simplex_Limits_Perturbation=0;CPXPARAM_Simplex_Limits_Singularity=10;CPXPARAM_Simplex_PGradient=0;CPXPARAM_Simplex_Pricing=0;CPXPARAM_Simplex_Refactor=0
13368835766540183930,0,CPXPARAM_Advance=1;CPXPARAM_Barrier_Algorithm=0;CPXPARAM_Barrier_ColNonzeros=0;CPXPARAM_Barrier_Crossover=0;CPXPARAM_Barrier_Limits_Corrections=-1;CPXPARAM_Barrier_Ordering=0;CPXPARAM_Barrier_StartAlg=1;CPXPARAM_Emphasis_MIP=0;CPXPARAM_Emphasis_Memory=0;CPXPARAM_Emphasis_Numerical=0;CPXPARAM_Feasopt_Mode=0;CPXPARAM_LPMethod=0;CPXPARAM_MIP_Cuts_Cliques=-1;CPXPARAM_MIP_Cuts_Covers=2;CPXPARAM_MIP_Cuts_Disjunctive=1;CPXPARAM_MIP_Cuts_FlowCovers=-1;CPXPARAM_MIP_Cuts_GUBCovers=-1;CPXPARAM_MIP_Cuts_Gomory=1;CPXPARAM_MIP_Cuts_Implied=-1;CPXPARAM_MIP_Cuts_MIRCut=0;CPXPARAM_MIP_Cuts_PathCut=-1;CPXPARAM_MIP_Limits_AggForCut=10;CPXPARAM_MIP_Limits_CutPasses=0;CPXPARAM_MIP_Limits_CutsFactor=-1;CPXPARAM_MIP_Limits_GomoryCand=25;CPXPARAM_MIP_Limits_GomoryPass=0;CPXPARAM_MIP_Limits_Nodes=9223372036800000000;CPXPARAM_MIP_Limits_ProbeTime=1e+75;CPXPARAM_MIP_Limits_RepairTries=0;CPXPARAM_MIP_Limits_StrongCand=10;CPXPARAM_MIP_Limits_StrongIt=0;CPXPARAM_MIP_OrderType=0;CPXPARAM_MIP_Strategy_BBInterval=7;CPXPARAM_MIP_Strategy_Branch=1;CPXPARAM_MIP_Strategy_Dive=0;CPXPARAM_MIP_Strategy_File=1;CPXPARAM_MIP_Strategy_HeuristicFreq=0;CPXPARAM_MIP_Strategy_LBHeur=0;CPXPARAM_MIP_Strategy_NodeSelect=0;CPXPARAM_MIP_Strategy_Order=1;CPXPARAM_MIP_Strategy_PresolveNode=1;CPXPARAM_MIP_Strategy_Probe=2;CPXPARAM_MIP_Strategy_RINSHeur=0;CPXPARAM_MIP_Strategy_StartAlgorithm=0;CPXPARAM_MIP_Strategy_SubAlgorithm=0;CPXPARAM_MIP_Strategy_VariableSelect=2;CPXPARAM_Network_NetFind=2;CPXPARAM_Network_Pricing=0;CPXPARAM_Parallel=1;CPXPARAM_Preprocessing_Aggregator=-1;CPXPARAM_Preprocessing_BoundStrength=-1;CPXPARAM_Preprocessing_CoeffReduce=-1;CPXPARAM_Preprocessing_Dependency=-1;CPXPARAM_Preprocessing_Dual=0;CPXPARAM_Preprocessing_Fill=5;CPXPARAM_Preprocessing_NumPass=-1;CPXPARAM_Preprocessing_Presolve=1;CPXPARAM_Preprocessing_QPMakePSD=1;CPXPARAM_Preprocessing_Reduce=1;CPXPARAM_Preprocessing_Relax=-1;CPXPARAM_Preprocessing_RepeatPresolve=-1;CPXPARAM_Preprocessing_Symmetry=-1;CPXPARAM_Read_Scale=-1;CPXPARAM_Sifting_Algorithm=0;CPXPARAM_Simplex_Crash=1;CPXPARAM_Simplex_DGradient=0;CPXPARAM_Simplex_Limits_Perturbation=0;CPXPARAM_Simplex_Limits_Singularity=10;CPXPARAM_Simplex_PGradient=0;CPXPARAM_Simplex_Pricing=0;CPXPARAM_Simplex_Refactor=0
4633991545776144920,0,CPXPARAM_Advance=1;CPXPARAM_Barrier_Algorithm=0;CPXPARAM_Barrier_ColNonzeros=0;CPXPARAM_Barrier_Crossover=0;CPXPARAM_Barrier_Limits_Corrections=-1;CPXPARAM_Barrier_Ordering=0;CPXPARAM_Barrier_StartAlg=1;CPXPARAM_Emphasis_MIP=4;CPXPARAM_Emphasis_Memory=0;CPXPARAM_Emphasis_Numerical=0;CPXPARAM_Feasopt_Mode=0;CPXPARAM_LPMethod=0;CPXPARAM_MIP_Cuts_Cliques=0;CPXPARAM_MIP_Cuts_Covers=0;CPXPARAM_MIP_Cuts_Disjunctive=0;CPXPARAM_MIP_Cuts_FlowCovers=-1;CPXPARAM_MIP_Cuts_GUBCovers=2;CPXPARAM_MIP_Cuts_Gomory=2;CPXPARAM_MIP_Cuts_Implied=0;CPXPARAM_MIP_Cuts_MIRCut=-1;CPXPARAM_MIP_Cuts_PathCut=1;CPXPARAM_MIP_Limits_AggForCut=3;CPXPARAM_MIP_Limits_CutPasses=0;CPXPARAM_MIP_Limits_CutsFactor=-1;CPXPARAM_MIP_Limits_GomoryCand=150;CPXPARAM_MIP_Limits_GomoryPass=0;CPXPARAM_MIP_Limits_Nodes=9223372036800000000;CPXPARAM_MIP_Limits_ProbeTime=1e+75;CPXPARAM_MIP_Limits_RepairTries=0;CPXPARAM_MIP_Limits_StrongCand=10;CPXPARAM_MIP_Limits_StrongIt=0;CPXPARAM_MIP_OrderType=0;CPXPARAM_MIP_Strategy_BBInterval=7;CPXPARAM_MIP_Strategy_Branch=0;CPXPARAM_MIP_Strategy_Dive=0;CPXPARAM_MIP_Strategy_File=1;CPXPARAM_MIP_Strategy_HeuristicFreq=0;CPXPARAM_MIP_Strategy_LBHeur=0;CPXPARAM_MIP_Strategy_NodeSelect=1;CPXPARAM_MIP_Strategy_Order=1;CPXPARAM_MIP_Strategy_PresolveNode=0;CPXPARAM_MIP_Strategy_Probe=0;CPXPARAM_MIP_Strategy_RINSHeur=0;CPXPARAM_MIP_Strategy_StartAlgorithm=0;CPXPARAM_MIP_Strategy_SubAlgorithm=0;CPXPARAM_MIP_Strategy_VariableSelect=0;CPXPARAM_Network_NetFind=2;CPXPARAM_Network_Pricing=0;CPXPARAM_Parallel=1;CPXPARAM_Preprocessing_Aggregator=-1;CPXPARAM_Preprocessing_BoundStrength=-1;CPXPARAM_Preprocessing_CoeffReduce=-1;CPXPARAM_Preprocessing_Dependency=-1;CPXPARAM_Preprocessing_Dual=0;CPXPARAM_Preprocessing_Fill=10;CPXPARAM_Preprocessing_NumPass=-1;CPXPARAM_Preprocessing_Presolve=1;CPXPARAM_Preprocessing_QPMakePSD=1;CPXPARAM_Preprocessing_Reduce=3;CPXPARAM_Preprocessing_Relax=-1;CPXPARAM_Preprocessing_RepeatPresolve=-1;CPXPARAM_Preprocessing_Symmetry=-1;CPXPARAM_Read_Scale=0;CPXPARAM_Sifting_Algorithm=0;CPXPARAM_Simplex_Crash=1;CPXPARAM_Simplex_DGradient=0;CPXPARAM_Simplex_Limits_Perturbation=0;CPXPARAM_Simplex_Limits_Singularity=10;CPXPARAM_Simplex_PGradient=0;CPXPARAM_Simplex_Pricing=0;CPXPARAM_Simplex_Refactor=0
7366603007519714881,0,CPXPARAM_Advance=1;CPXPARAM_Barrier_Algorithm=0;CPXPARAM_Barrier_ColNonzeros=0;CPXPARAM_Barrier_Crossover=0;CPXPARAM_Barrier_Limits_Corrections=-1;CPXPARAM_Barrier_Ordering=0;CPXPARAM_Barrier_StartAlg=1;CPXPARAM_Emphasis_MIP=3;CPXPARAM_Emphasis_Memory=0;CPXPARAM_Emphasis_Numerical=0;CPXPARAM_Feasopt_Mode=0;CPXPARAM_LPMethod=0;CPXPARAM_MIP_Cuts_Cliques=2;CPXPARAM_MIP_Cuts_Covers=3;CPXPARAM_MIP_Cuts_Disjunctive=-1;CPXPARAM_MIP_Cuts_FlowCovers=-1;CPXPARAM_MIP_Cuts_GUBCovers=2;CPXPARAM_MIP_Cuts_Gomory=1;CPXPARAM_MIP_Cuts_Implied=2;CPXPARAM_MIP_Cuts_MIRCut=2;CPXPARAM_MIP_Cuts_PathCut=1;CPXPARAM_MIP_Limits_AggForCut=10;CPXPARAM_MIP_Limits_CutPasses=0;CPXPARAM_MIP_Limits_CutsFactor=-1;CPXPARAM_MIP_Limits_GomoryCand=400;CPXPARAM_MIP_Limits_GomoryPass=0;CPXPARAM_MIP_Limits_Nodes=9223372036800000000;CPXPARAM_MIP_Limits_ProbeTime=1e+75;CPXPARAM_MIP_Limits_RepairTries=0;CPXPARAM_MIP_Limits_StrongCand=10;CPXPARAM_MIP_Limits_StrongIt=0;CPXPARAM_MIP_OrderType=0;CPXPARAM_MIP_Strategy_BBInterval=7;CPXPARAM_MIP_Strategy_Branch=-1;CPXPARAM_MIP_Strategy_Dive=0;CPXPARAM_MIP_Strategy_File=1;CPXPARAM_MIP_Strategy_HeuristicFreq=0;CPXPARAM_MIP_Strategy_LBHeur=0;CPXPARAM_MIP_Strategy_NodeSelect=2;CPXPARAM_MIP_Strategy_Order=1;CPXPARAM_MIP_Strategy_PresolveNode=-1;CPXPARAM_MIP_Strategy_Probe=1;CPXPARAM_MIP_Strategy_RINSHeur=0;CPXPARAM_MIP_Strategy_StartAlgorithm=0;CPXPARAM_MIP_Strategy_SubAlgorithm=1;CPXPARAM_MIP_Strategy_VariableSelect=1;CPXPARAM_Network_NetFind=2;CPXPARAM_Network_Pricing=0;CPXPARAM_Parallel=1;CPXPARAM_Preprocessing_Aggregator=-1;CPXPARAM_Preprocessing_BoundStrength=-1;CPXPARAM_Preprocessing_CoeffReduce=-1;CPXPARAM_Preprocessing_Dependency=-1;CPXPARAM_Preprocessing_Dual=0;CPXPARAM_Preprocessing_Fill=5;CPXPARAM_Preprocessing_NumPass=-1;CPXPARAM_Preprocessing_Presolve=1;CPXPARAM_Preprocessing_QPMakePSD=1;CPXPARAM_Preprocessing_Reduce=3;CPXPARAM_Preprocessing_Relax=-1;CPXPARAM_Preprocessing_RepeatPresolve=-1;CPXPARAM_Preprocessing_Symmetry=-1;CPXPARAM_Read_Scale=0;CPXPARAM_Sifting_Algorithm=0;CPXPARAM_Simplex_Crash=1;CPXPARAM_Simplex_DGradient=0;CPXPARAM_Simplex_Limits_Perturbation=0;CPXPARAM_Simplex_Limits_Singularity=10;CPXPARAM_Simplex_PGradient=0;CPXPARAM_Simplex_Pricing=0;CPXPARAM_Simplex_Refactor=0
10317071174344110236,0,CPXPARAM_Advance=1;CPXPARAM_Barrier_Algorithm=0;CPXPARAM_Barrier_ColNonzeros=0;CPXPARAM_Barrier_Crossover=0;CPXPARAM_Barrier_Limits_Corrections=-1;CPXPARAM_Barrier_Ordering=0;CPXPARAM_Barrier_StartAlg=1;CPXPARAM_Emphasis_MIP=5;CPXPARAM_Emphasis_Memory=0;CPXPARAM_Emphasis_Numerical=0;CPXPARAM_Feasopt_Mode=0;CPXPARAM_LPMethod=0;CPXPARAM_MIP_Cuts_Cliques=2;CPXPARAM_MIP_Cuts_Covers=-1;CPXPARAM_MIP_Cuts_Disjunctive=1;CPXPARAM_MIP_Cuts_FlowCovers=-1;CPXPARAM_MIP_Cuts_GUBCovers=-1;CPXPARAM_MIP_Cuts_Gomory=-1;CPXPARAM_MIP_Cuts_Implied=-1;CPXPARAM_MIP_Cuts_MIRCut=2;CPXPARAM_MIP_Cuts_PathCut=2;CPXPARAM_MIP_Limits_AggForCut=3;CPXPARAM_MIP_Limits_CutPasses=0;CPXPARAM_MIP_Limits_CutsFactor=-1;CPXPARAM_MIP_Limits_GomoryCand=50;CPXPARAM_MIP_Limits_GomoryPass=0;CPXPARAM_MIP_Limits_Nodes=9223372036800000000;CPXPARAM_MIP_Limits_ProbeTime=1e+75;CPXPARAM_MIP_Limits_RepairTries=0;CPXPARAM_MIP_Limits_StrongCand=10;CPXPARAM_MIP_Limits_StrongIt=0;CPXPARAM_MIP_OrderType=0;CPXPARAM_MIP_Strategy_BBInterval=7;CPXPARAM_MIP_Strategy_Branch=0;CPXPARAM_MIP_Strategy_Dive=0;CPXPARAM_MIP_Strategy_File=1;CPXPARAM_MIP_Strategy_HeuristicFreq=0;CPXPARAM_MIP_Strategy_LBHeur=0;CPXPARAM_MIP_Strategy_NodeSelect=1;CPXPARAM_MIP_Strategy_Order=1;CPXPARAM_MIP_Strategy_PresolveNode=0;CPXPARAM_MIP_Strategy_Probe=0;CPXPARAM_MIP_Strategy_RINSHeur=0;CPXPARAM_MIP_Strategy_StartAlgorithm=0;CPXPARAM_MIP_Strategy_SubAlgorithm=0;CPXPARAM_MIP_Strategy_VariableSelect=1;CPXPARAM_Network_NetFind=2;CPXPARAM_Network_Pricing=0;CPXPARAM_Parallel=1;CPXPARAM_Preprocessing_Aggregator=-1;CPXPARAM_Preprocessing_BoundStrength=-1;CPXPARAM_Preprocessing_CoeffReduce=-1;CPXPARAM_Preprocessing_Dependency=-1;CPXPARAM_Preprocessing_Dual=0;CPXPARAM_Preprocessing_Fill=10;CPXPARAM_Preprocessing_NumPass=-1;CPXPARAM_Preprocessing_Presolve=1;CPXPARAM_Preprocessing_QPMakePSD=1;CPXPARAM_Preprocessing_Reduce=3;CPXPARAM_Preprocessing_Relax=-1;CPXPARAM_Preprocessing_RepeatPresolve=-1;CPXPARAM_Preprocessing_Symmetry=-1;CPXPARAM_Read_Scale=0;CPXPARAM_Sifting_Algorithm=0;CPXPARAM_Simplex_Crash=1;CPXPARAM_Simplex_DGradient=0;CPXPARAM_Simplex_Limits_Perturbation=0;CPXPARAM_Simplex_Limits_Singularity=10;CPXPARAM_Simplex_PGradient=0;CPXPARAM_Simplex_Pricing=0;CPXPARAM_Simplex_Refactor=0
6632575379839774544,0,CPXPARAM_Advance=1;CPXPARAM_Barrier_Algorithm=0;CPXPARAM_Barrier_ColNonzeros=0;CPXPARAM_Barrier_Crossover=0;CPXPARAM_Barrier_Limits_Corrections=-1;CPXPARAM_Barrier_Ordering=0;CPXPARAM_Barrier_StartAlg=1;CPXPARAM_Emphasis_MIP=3;CPXPARAM_Emphasis_Memory=0;CPXPARAM_Emphasis_Numerical=0;CPXPARAM_Feasopt_Mode=0;CPXPARAM_LPMethod=0;CPXPARAM_MIP_Cuts_Cliques=-1;CPXPARAM_MIP_Cuts_Covers=0;CPXPARAM_MIP_Cuts_Disjunctive=1;CPXPARAM_MIP_Cuts_FlowCovers=0;CPXPARAM_MIP_Cuts_GUBCovers=-1;CPXPARAM_MIP_Cuts_Gomory=2;CPXPARAM_MIP_Cuts_Implied=-1;CPXPARAM_MIP_Cuts_MIRCut=1;CPXPARAM_MIP_Cuts_PathCut=2;CPXPARAM_MIP_Limits_AggForCut=0;CPXPARAM_MIP_Limits_CutPasses=0;CPXPARAM_MIP_Limits_CutsFactor=-1;CPXPARAM_MIP_Limits_GomoryCand=200;CPXPARAM_MIP_Limits_GomoryPass=0;CPXPARAM_MIP_Limits_Nodes=9223372036800000000;CPXPARAM_MIP_Limits_ProbeTime=1e+75;CPXPARAM_MIP_Limits_RepairTries=0;CPXPARAM_MIP_Limits_StrongCand=10;CPXPARAM_MIP_Limits_StrongIt=0;CPXPARAM_MIP_OrderType=0;CPXPARAM_MIP_Strategy_BBInterval=7;CPXPARAM_MIP_Strategy_Branch=-1;CPXPARAM_MIP_Strategy_Dive=0;CPXPARAM_MIP_Strategy_File=1;CPXPARAM_MIP_Strategy_HeuristicFreq=0;CPXPARAM_MIP_Strategy_LBHeur=0;CPXPARAM_MIP_Strategy_NodeSelect=2;CPXPARAM_MIP_Strategy_Order=1;CPXPARAM_MIP_Strategy_PresolveNode=0;CPXPARAM_MIP_Strategy_Probe=2;CPXPARAM_MIP_Strategy_RINSHeur=0;CPXPARAM_MIP_Strategy_StartAlgorithm=0;CPXPARAM_MIP_Strategy_SubAlgorithm=0;CPXPARAM_MIP_Strategy_VariableSelect=-1;CPXPARAM_Network_NetFind=2;CPXPARAM_Network_Pricing=0;CPXPARAM_Parallel=1;CPXPARAM_Preprocessing_Aggregator=-1;CPXPARAM_Preprocessing_BoundStrength=-1;CPXPARAM_Preprocessing_CoeffReduce=-1;CPXPARAM_Preprocessing_Dependency=-1;CPXPARAM_Preprocessing_Dual=0;CPXPARAM_Preprocessing_Fill=5;CPXPARAM_Preprocessing_NumPass=-1;CPXPARAM_Preprocessing_Presolve=1;CPXPARAM_Preprocessing_QPMakePSD=1;CPXPARAM_Preprocessing_Reduce=3;CPXPARAM_Preprocessing_Relax=-1;CPXPARAM_Preprocessing_RepeatPresolve=-1;CPXPARAM_Preprocessing_Symmetry=-1;CPXPARAM_Read_Scale=0;CPXPARAM_Sifting_Algorithm=0;CPXPARAM_Simplex_Crash=1;CPXPARAM_Simplex_DGradient=0;CPXPARAM_Simplex_Limits_Perturbation=0;CPXPARAM_Simplex_Limits_Singularity=10;CPXPARAM_Simplex_PGradient=0;CPXPARAM_Simplex_Pricing=0;CPXPARAM_Simplex_Refactor=0
3764654601984751448,0,CPXPARAM_Advance=1;CPXPARAM_Barrier_Algorithm=0;CPXPARAM_Barrier_ColNonzeros=0;CPXPARAM_Barrier_Crossover=0;CPXPARAM_Barrier_Limits_Corrections=-1;CPXPARAM_Barrier_Ordering=0;CPXPARAM_Barrier_StartAlg=1;CPXPARAM_Emphasis_MIP=0;CPXPARAM_Emphasis_Memory=0;CPXPARAM_Emphasis_Numerical=0;CPXPARAM_Feasopt_Mode=0;CPXPARAM_LPMethod=0;CPXPARAM_MIP_Cuts_Cliques=2;CPXPARAM_MIP_Cuts_Covers=1;CPXPARAM_MIP_Cuts_Disjunctive=-1;CPXPARAM_MIP_Cuts_FlowCovers=0;CPXPARAM_MIP_Cuts_GUBCovers=1;CPXPARAM_MIP_Cuts_Gomory=0;CPXPARAM_MIP_Cuts_Implied=2;CPXPARAM_MIP_Cuts_MIRCut=-1;CPXPARAM_MIP_Cuts_PathCut=1;CPXPARAM_MIP_Limits_AggForCut=3;CPXPARAM_MIP_Limits_CutPasses=0;CPXPARAM_MIP_Limits_CutsFactor=-1;CPXPARAM_MIP_Limits_GomoryCand=200;CPXPARAM_MIP_Limits_GomoryPass=0;CPXPARAM_MIP_Limits_Nodes=9223372036800000000;CPXPARAM_MIP_Limits_ProbeTime=1e+75;CPXPARAM_MIP_Limits_RepairTries=0;CPXPARAM_MIP_Limits_StrongCand=10;CPXPARAM_MIP_Limits_StrongIt=0;CPXPARAM_MIP_OrderType=0;CPXPARAM_MIP_Strategy_BBInterval=7;CPXPARAM_MIP_Strategy_Branch=-1;CPXPARAM_MIP_Strategy_Dive=0;CPXPARAM_MIP_Strategy_File=1;CPXPARAM_MIP_Strategy_HeuristicFreq=0;CPXPARAM_MIP_Strategy_LBHeur=0;CPXPARAM_MIP_Strategy_NodeSelect=3;CPXPARAM_MIP_Strategy_Order=1;CPXPARAM_MIP_Strategy_PresolveNode=0;CPXPARAM_MIP_Strategy_Probe=0;CPXPARAM_MIP_Strategy_RINSHeur=0;CPXPARAM_MIP_Strategy_StartAlgorithm=0;CPXPARAM_MIP_Strategy_SubAlgorithm=0;CPXPARAM_MIP_Strategy_VariableSelect=1;CPXPARAM_Network_NetFind=2;CPXPARAM_Network_Pricing=0;CPXPARAM_Parallel=1;CPXPARAM_Preprocessing_Aggregator=-1;CPXPARAM_Preprocessing_BoundStrength=-1;CPXPARAM_Preprocessing_CoeffReduce=-1;CPXPARAM_Preprocessing_Dependency=-1;CPXPARAM_Preprocessing_Dual=0;CPXPARAM_Preprocessing_Fill=10;CPXPARAM_Preprocessing_NumPass=-1;CPXPARAM_Preprocessing_Presolve=1;CPXPARAM_Preprocessing_QPMakePSD=1;CPXPARAM_Preprocessing_Reduce=3;CPXPARAM_Preprocessing_Relax=-1;CPXPARAM_Preprocessing_RepeatPresolve=-1;CPXPARAM_Preprocessing_Symmetry=-1;CPXPARAM_Read_Scale=0;CPXPARAM_Sifting_Algorithm=0;CPXPARAM_Simplex_Crash=1;CPXPARAM_Simplex_DGradient=0;CPXPARAM_Simplex_Limits_Perturbation=0;CPXPARAM_Simplex_Limits_Singularity=10;CPXPARAM_Simplex_PGradient=0;CPXPARAM_Simplex_Pricing=0;CPXPARAM_Simplex_Refactor=0
12623985950230409068,0,CPXPARAM_Advance=1;CPXPARAM_Barrier_Algorithm=0;CPXPARAM_Barrier_ColNonzeros=0;CPXPARAM_Barrier_Crossover=0;CPXPARAM_Barrier_Limits_Corrections=-1;CPXPARAM_Barrier_Ordering=0;CPXPARAM_Barrier_StartAlg=1;CPXPARAM_Emphasis_MIP=3;CPXPARAM_Emphasis_Memory=0;CPXPARAM_Emphasis_Numerical=0;CPXPARAM_Feasopt_Mode=0;CPXPARAM_LPMethod=0;CPXPARAM_MIP_Cuts_Cliques=0;CPXPARAM_MIP_Cuts_Covers=-1;CPXPARAM_MIP_Cuts_Disjunctive=1;CPXPARAM_MIP_Cuts_FlowCovers=2;CPXPARAM_MIP_Cuts_GUBCovers=1;CPXPARAM_MIP_Cuts_Gomory=2;CPXPARAM_MIP_Cuts_Implied=2;CPXPARAM_MIP_Cuts_MIRCut=2;CPXPARAM_MIP_Cuts_PathCut=2;CPXPARAM_MIP_Limits_AggForCut=3;CPXPARAM_MIP_Limits_CutPasses=0;CPXPARAM_MIP_Limits_CutsFactor=-1;CPXPARAM_MIP_Limits_GomoryCand=50;CPXPARAM_MIP_Limits_GomoryPass=0;CPXPARAM_MIP_Limits_Nodes=9223372036800000000;CPXPARAM_MIP_Limits_ProbeTime=1e+75;CPXPARAM_MIP_Limits_RepairTries=0;CPXPARAM_MIP_Limits_StrongCand=10;CPXPARAM_MIP_Limits_StrongIt=0;CPXPARAM_MIP_OrderType=0;CPXPARAM_MIP_Strategy_BBInterval=7;CPXPARAM_MIP_Strategy_Branch=0;CPXPARAM_MIP_Strategy_Dive=0;CPXPARAM_MIP_Strategy_File=1;CPXPARAM_MIP_Strategy_HeuristicFreq=0;CPXPARAM_MIP_Strategy_LBHeur=0;CPXPARAM_MIP_Strategy_NodeSelect=1;CPXPARAM_MIP_Strategy_Order=1;CPXPARAM_MIP_Strategy_PresolveNode=0;CPXPARAM_MIP_Strategy_Probe=-1;CPXPARAM_MIP_Strategy_RINSHeur=0;CPXPARAM_MIP_Strategy_StartAlgorithm=0;CPXPARAM_MIP_Strategy_SubAlgorithm=0;CPXPARAM_MIP_Strategy_VariableSelect=0;CPXPARAM_Network_NetFind=2;CPXPARAM_Network_Pricing=0;CPXPARAM_Parallel=1;CPXPARAM_Preprocessing_Aggregator=-1;CPXPARAM_Preprocessing_BoundStrength=-1;CPXPARAM_Preprocessing_CoeffReduce=-1;CPXPARAM_Preprocessing_Dependency=-1;CPXPARAM_Preprocessing_Dual=0;CPXPARAM_Preprocessing_Fill=10;CPXPARAM_Preprocessing_NumPass=-1;CPXPARAM_Preprocessing_Presolve=1;CPXPARAM_Preprocessing_QPMakePSD=1;CPXPARAM_Preprocessing_Reduce=3;CPXPARAM_Preprocessing_Relax=-1;CPXPARAM_Preprocessing_RepeatPresolve=-1;CPXPARAM_Preprocessing_Symmetry=-1;CPXPARAM_Read_Scale=0;CPXPARAM_Sifting_Algorithm=0;CPXPARAM_Simplex_Crash=1;CPXPARAM_Simplex_DGradient=0;CPXPARAM_Simplex_Limits_Perturbation=0;CPXPARAM_Simplex_Limits_Singularity=10;CPXPARAM_Simplex_PGradient=0;CPXPARAM_Simplex_Pricing=0;CPXPARAM_Simplex_Refactor=0
13808135876596153181,0,CPXPARAM_Advance=1;CPXPARAM_Barrier_Algorithm=0;CPXPARAM_Barrier_ColNonzeros=0;CPXPARAM_Barrier_Crossover=0;CPXPARAM_Barrier_Limits_Corrections=-1;CPXPARAM_Barrier_Ordering=0;CPXPARAM_Barrier_StartAlg=1;CPXPARAM_Emphasis_MIP=3;CPXPARAM_Emphasis_Memory=0;CPXPARAM_Emphasis_Numerical=0;CPXPARAM_Feasopt_Mode=0;CPXPARAM_LPMethod=0;CPXPARAM_MIP_Cuts_Cliques=-1;CPXPARAM_MIP_Cuts_Covers=2;CPXPARAM_MIP_Cuts_Disjunctive=0;CPXPARAM_MIP_Cuts_FlowCovers=-1;CPXPARAM_MIP_Cuts_GUBCovers=1;CPXPARAM_MIP_Cuts_Gomory=0;CPXPARAM_MIP_Cuts_Implied=1;CPXPARAM_MIP_Cuts_MIRCut=1;CPXPARAM_MIP_Cuts_PathCut=-1;CPXPARAM_MIP_Limits_AggForCut=5;CPXPARAM_MIP_Limits_CutPasses=0;CPXPARAM_MIP_Limits_CutsFactor=-1;CPXPARAM_MIP_Limits_GomoryCand=200;CPXPARAM_MIP_Limits_GomoryPass=0;CPXPARAM_MIP_Limits_Nodes=9223372036800000000;CPXPARAM_MIP_Limits_ProbeTime=1e+75;CPXPARAM_MIP_Limits_RepairTries=0;CPXPARAM_MIP_Limits_StrongCand=10;CPXPARAM_MIP_Limits_StrongIt=0;CPXPARAM_MIP_OrderType=1;CPXPARAM_MIP_Strategy_BBInterval=7;CPXPARAM_MIP_Strategy_Branch=0;CPXPARAM_MIP_Strategy_Dive=0;CPXPARAM_MIP_Strategy_File=1;CPXPARAM_MIP_Strategy_HeuristicFreq=0;CPXPARAM_MIP_Strategy_LBHeur=0;CPXPARAM_MIP_Strategy_NodeSelect=1;CPXPARAM_MIP_Strategy_Order=1;CPXPARAM_MIP_Strategy_PresolveNode=1;CPXPARAM_MIP_Strategy_Probe=0;CPXPARAM_MIP_Strategy_RINSHeur=0;CPXPARAM_MIP_Strategy_StartAlgorithm=0;CPXPARAM_MIP_Strategy_SubAlgorithm=5;CPXPARAM_MIP_Strategy_VariableSelect=1;CPXPARAM_Network_NetFind=2;CPXPARAM_Network_Pricing=0;CPXPARAM_Parallel=1;CPXPARAM_Preprocessing_Aggregator=-1;CPXPARAM_Preprocessing_BoundStrength=-1;CPXPARAM_Preprocessing_CoeffReduce=-1;CPXPARAM_Preprocessing_Dependency=-1;CPXPARAM_Preprocessing_Dual=0;CPXPARAM_Preprocessing_Fill=2;CPXPARAM_Preprocessing_NumPass=-1;CPXPARAM_Preprocessing_Presolve=1;CPXPARAM_Preprocessing_QPMakePSD=1;CPXPARAM_Preprocessing_Reduce=0;CPXPARAM_Preprocessing_Relax=-1;CPXPARAM_Preprocessing_RepeatPresolve=-1;CPXPARAM_Preprocessing_Symmetry=-1;CPXPARAM_Read_Scale=0;CPXPARAM_Sifting_Algorithm=0;CPXPARAM_Simplex_Crash=1;CPXPARAM_Simplex_DGradient=0;CPXPARAM_Simplex_Limits_Perturbation=0;CPXPARAM_Simplex_Limits_Singularity=10;CPXPARAM_Simplex_PGradient=0;CPXPARAM_Simplex_Pricing=0;CPXPARAM_Simplex_Refactor=0
1074977275309907334,0,CPXPARAM_Advance=1;CPXPARAM_Barrier_Algorithm=0;CPXPARAM_Barrier_ColNonzeros=0;CPXPARAM_Barrier_Crossover=0;CPXPARAM_Barrier_Limits_Corrections=-1;CPXPARAM_Barrier_Ordering=0;CPXPARAM_Barrier_StartAlg=1;CPXPARAM_Emphasis_MIP=5;CPXPARAM_Emphasis_Memory=0;CPXPARAM_Emphasis_Numerical=0;CPXPARAM_Feasopt_Mode=0;CPXPARAM_LPMethod=0;CPXPARAM_MIP_Cuts_Cliques=2;CPXPARAM_MIP_Cuts_Covers=-1;CPXPARAM_MIP_Cuts_Disjunctive=0;CPXPARAM_MIP_Cuts_FlowCovers=0;CPXPARAM_MIP_Cuts_GUBCovers=-1;CPXPARAM_MIP_Cuts_Gomory=-1;CPXPARAM_MIP_Cuts_Implied=-1;CPXPARAM_MIP_Cuts_MIRCut=2;CPXPARAM_MIP_Cuts_PathCut=2;CPXPARAM_MIP_Limits_AggForCut=3;CPXPARAM_MIP_Limits_CutPasses=0;CPXPARAM_MIP_Limits_CutsFactor=-1;CPXPARAM_MIP_Limits_GomoryCand=50;CPXPARAM_MIP_Limits_GomoryPass=0;CPXPARAM_MIP_Limits_Nodes=9223372036800000000;CPXPARAM_MIP_Limits_ProbeTime=1e+75;CPXPARAM_MIP_Limits_RepairTries=0;CPXPARAM_MIP_Limits_StrongCand=10;CPXPARAM_MIP_Limits_StrongIt=0;CPXPARAM_MIP_OrderType=0;CPXPARAM_MIP_Strategy_BBInterval=7;CPXPARAM_MIP_Strategy_Branch=0;CPXPARAM_MIP_Strategy_Dive=0;CPXPARAM_MIP_Strategy_File=1;CPXPARAM_MIP_Strategy_HeuristicFreq=0;CPXPARAM_MIP_Strategy_LBHeur=0;CPXPARAM_MIP_Strategy_NodeSelect=1;CPXPARAM_MIP_Strategy_Order=1;CPXPARAM_MIP_Strategy_PresolveNode=0;CPXPARAM_MIP_Strategy_Probe=0;CPXPARAM_MIP_Strategy_RINSHeur=0;CPXPARAM_MIP_Strategy_StartAlgorithm=0;CPXPARAM_MIP_Strategy_SubAlgorithm=0;CPXPARAM_MIP_Strategy_VariableSelect=1;CPXPARAM_Network_NetFind=2;CPXPARAM_Network_Pricing=0;CPXPARAM_Parallel=1;CPXPARAM_Preprocessing_Aggregator=-1;CPXPARAM_Preprocessing_BoundStrength=-1;CPXPARAM_Preprocessing_CoeffReduce=-1;CPXPARAM_Preprocessing_Dependency=-1;CPXPARAM_Preprocessing_Dual=0;CPXPARAM_Preprocessing_Fill=10;CPXPARAM_Preprocessing_NumPass=-1;CPXPARAM_Preprocessing_Presolve=1;CPXPARAM_Preprocessing_QPMakePSD=1;CPXPARAM_Preprocessing_Reduce=3;CPXPARAM_Preprocessing_Relax=-1;CPXPARAM_Preprocessing_RepeatPresolve=-1;CPXPARAM_Preprocessing_Symmetry=-1;CPXPARAM_Read_Scale=0;CPXPARAM_Sifting_Algorithm=0;CPXPARAM_Simplex_Crash=1;CPXPARAM_Simplex_DGradient=0;CPXPARAM_Simplex_Limits_Perturbation=0;CPXPARAM_Simplex_Limits_Singularity=10;CPXPARAM_Simplex_PGradient=0;CPXPARAM_Simplex_Pricing=0;CPXPARAM_Simplex_Refactor=0
14138403000246013383,0,CPXPARAM_Advance=1;CPXPARAM_Barrier_Algorithm=0;CPXPARAM_Barrier_ColNonzeros=0;CPXPARAM_Barrier_Crossover=0;CPXPARAM_Barrier_Limits_Corrections=-1;CPXPARAM_Barrier_Ordering=0;CPXPARAM_Barrier_StartAlg=1;CPXPARAM_Emphasis_MIP=2;CPXPARAM_Emphasis_Memory=0;CPXPARAM_Emphasis_Numerical=0;CPXPARAM_Feasopt_Mode=0;CPXPARAM_LPMethod=0;CPXPARAM_MIP_Cuts_Cliques=-1;CPXPARAM_MIP_Cuts_Covers=-1;CPXPARAM_MIP_Cuts_Disjunctive=0;CPXPARAM_MIP_Cuts_FlowCovers=-1;CPXPARAM_MIP_Cuts_GUBCovers=2;CPXPARAM_MIP_Cuts_Gomory=2;CPXPARAM_MIP_Cuts_Implied=-1;CPXPARAM_MIP_Cuts_MIRCut=1;CPXPARAM_MIP_Cuts_PathCut=-1;CPXPARAM_MIP_Limits_AggForCut=3;CPXPARAM_MIP_Limits_CutPasses=0;CPXPARAM_MIP_Limits_CutsFactor=-1;CPXPARAM_MIP_Limits_GomoryCand=10;CPXPARAM_MIP_Limits_GomoryPass=0;CPXPARAM_MIP_Limits_Nodes=9223372036800000000;CPXPARAM_MIP_Limits_ProbeTime=1e+75;CPXPARAM_MIP_Limits_RepairTries=0;CPXPARAM_MIP_Limits_StrongCand=10;CPXPARAM_MIP_Limits_StrongIt=0;CPXPARAM_MIP_OrderType=0;CPXPARAM_MIP_Strategy_BBInterval=7;CPXPARAM_MIP_Strategy_Branch=-1;CPXPARAM_MIP_Strategy_Dive=0;CPXPARAM_MIP_Strategy_File=1;CPXPARAM_MIP_Strategy_HeuristicFreq=0;CPXPARAM_MIP_Strategy_LBHeur=0;CPXPARAM_MIP_Strategy_NodeSelect=0;CPXPARAM_MIP_Strategy_Order=1;CPXPARAM_MIP_Strategy_PresolveNode=2;CPXPARAM_MIP_Strategy_Probe=3;CPXPARAM_MIP_Strategy_RINSHeur=0;CPXPARAM_MIP_Strategy_StartAlgorithm=0;CPXPARAM_MIP_Strategy_SubAlgorithm=0;CPXPARAM_MIP_Strategy_VariableSelect=3;CPXPARAM_Network_NetFind=2;CPXPARAM_Network_Pricing=0;CPXPARAM_Parallel=1;CPXPARAM_Preprocessing_Aggregator=-1;CPXPARAM_Preprocessing_BoundStrength=-1;CPXPARAM_Preprocessing_CoeffReduce=-1;CPXPARAM_Preprocessing_Dependency=-1;CPXPARAM_Preprocessing_Dual=0;CPXPARAM_Preprocessing_Fill=10;CPXPARAM_Preprocessing_NumPass=-1;CPXPARAM_Preprocessing_Presolve=1;CPXPARAM_Preprocessing_QPMakePSD=1;CPXPARAM_Preprocessing_Reduce=3;CPXPARAM_Preprocessing_Relax=-1;CPXPARAM_Preprocessing_RepeatPresolve=-1;CPXPARAM_Preprocessing_Symmetry=-1;CPXPARAM_Read_Scale=0;CPXPARAM_Sifting_Algorithm=0;CPXPARAM_Simplex_Crash=1;CPXPARAM_Simplex_DGradient=0;CPXPARAM_Simplex_Limits_Perturbation=0;CPXPARAM_Simplex_Limits_Singularity=10;CPXPARAM_Simplex_PGradient=0;CPXPARAM_Simplex_Pricing=0;CPXPARAM_Simplex_Refactor=0
10110417027986411455,0,CPXPARAM_Advance=1;CPXPARAM_Barrier_Algorithm=0;CPXPARAM_Barrier_ColNonzeros=0;CPXPARAM_Barrier_Crossover=0;CPXPARAM_Barrier_Limits_Corrections=-1;CPXPARAM_Barrier_Ordering=0;CPXPARAM_Barrier_StartAlg=1;CPXPARAM_Emphasis_MIP=2;CPXPARAM_Emphasis_Memory=0;CPXPARAM_Emphasis_Numerical=0;CPXPARAM_Feasopt_Mode=0;CPXPARAM_LPMethod=0;CPXPARAM_MIP_Cuts_Cliques=2;CPXPARAM_MIP_Cuts_Covers=3;CPXPARAM_MIP_Cuts_Disjunctive=1;CPXPARAM_MIP_Cuts_FlowCovers=-1;CPXPARAM_MIP_Cuts_GUBCovers=0;CPXPARAM_MIP_Cuts_Gomory=0;CPXPARAM_MIP_Cuts_Implied=0;CPXPARAM_MIP_Cuts_MIRCut=2;CPXPARAM_MIP_Cuts_PathCut=0;CPXPARAM_MIP_Limits_AggForCut=3;CPXPARAM_MIP_Limits_CutPasses=0;CPXPARAM_MIP_Limits_CutsFactor=-1;CPXPARAM_MIP_Limits_GomoryCand=50;CPXPARAM_MIP_Limits_GomoryPass=0;CPXPARAM_MIP_Limits_Nodes=9223372036800000000;CPXPARAM_MIP_Limits_ProbeTime=1e+75;CPXPARAM_MIP_Limits_RepairTries=0;CPXPARAM_MIP_Limits_StrongCand=10;CPXPARAM_MIP_Limits_StrongIt=0;CPXPARAM_MIP_OrderType=0;CPXPARAM_MIP_Strategy_BBInterval=7;CPXPARAM_MIP_Strategy_Branch=0;CPXPARAM_MIP_Strategy_Dive=0;CPXPARAM_MIP_Strategy_File=1;CPXPARAM_MIP_Strategy_HeuristicFreq=0;CPXPARAM_MIP_Strategy_LBHeur=0;CPXPARAM_MIP_Strategy_NodeSelect=1;CPXPARAM_MIP_Strategy_Order=1;CPXPARAM_MIP_Strategy_PresolveNode=0;CPXPARAM_MIP_Strategy_Probe=3;CPXPARAM_MIP_Strategy_RINSHeur=0;CPXPARAM_MIP_Strategy_StartAlgorithm=0;CPXPARAM_MIP_Strategy_SubAlgorithm=0;CPXPARAM_MIP_Strategy_VariableSelect=0;CPXPARAM_Network_NetFind=2;CPXPARAM_Network_Pricing=0;CPXPARAM_Parallel=1;CPXPARAM_Preprocessing_Aggregator=-1;CPXPARAM_Preprocessing_BoundStrength=-1;CPXPARAM_Preprocessing_CoeffReduce=-1;CPXPARAM_Preprocessing_Dependency=-1;CPXPARAM_Preprocessing_Dual=0;CPXPARAM_Preprocessing_Fill=10;CPXPARAM_Preprocessing_NumPass=-1;CPXPARAM_Preprocessing_Presolve=1;CPXPARAM_Preprocessing_QPMakePSD=1;CPXPARAM_Preprocessing_Reduce=3;CPXPARAM_Preprocessing_Relax=-1;CPXPARAM_Preprocessing_RepeatPresolve=-1;CPXPARAM_Preprocessing_Symmetry=-1;CPXPARAM_Read_Scale=0;CPXPARAM_Sifting_Algorithm=0;CPXPARAM_Simplex_Crash=1;CPXPARAM_Simplex_DGradient=0;CPXPARAM_Simplex_Limits_Perturbation=0;CPXPARAM_Simplex_Limits_Singularity=10;CPXPARAM_Simplex_PGradient=0;CPXPARAM_Simplex_Pricing=0;CPXPARAM_Simplex_Refactor=0
11331632892184865374,0,CPXPARAM_Advance=1;CPXPARAM_Barrier_Algorithm=0;CPXPARAM_Barrier_ColNonzeros=0;CPXPARAM_Barrier_Crossover=0;CPXPARAM_Barrier_Limits_Corrections=-1;CPXPARAM_Barrier_Ordering=0;CPXPARAM_Barrier_StartAlg=1;CPXPARAM_Emphasis_MIP=3;CPXPARAM_Emphasis_Memory=0;CPXPARAM_Emphasis_Numerical=0;CPXPARAM_Feasopt_Mode=0;CPXPARAM_LPMethod=0;CPXPARAM_MIP_Cuts_Cliques=0;CPXPARAM_MIP_Cuts_Covers=0;CPXPARAM_MIP_Cuts_Disjunctive=0;CPXPARAM_MIP_Cuts_FlowCovers=-1;CPXPARAM_MIP_Cuts_GUBCovers=2;CPXPARAM_MIP_Cuts_Gomory=0;CPXPARAM_MIP_Cuts_Implied=0;CPXPARAM_MIP_Cuts_MIRCut=0;CPXPARAM_MIP_Cuts_PathCut=1;CPXPARAM_MIP_Limits_AggForCut=3;CPXPARAM_MIP_Limits_CutPasses=0;CPXPARAM_MIP_Limits_CutsFactor=-1;CPXPARAM_MIP_Limits_GomoryCand=150;CPXPARAM_MIP_Limits_GomoryPass=0;CPXPARAM_MIP_Limits_Nodes=9223372036800000000;CPXPARAM_MIP_Limits_ProbeTime=1e+75;CPXPARAM_MIP_Limits_RepairTries=0;CPXPARAM_MIP_Limits_StrongCand=10;CPXPARAM_MIP_Limits_StrongIt=0;CPXPARAM_MIP_OrderType=0;CPXPARAM_MIP_Strategy_BBInterval=7;CPXPARAM_MIP_Strategy_Branch=0;CPXPARAM_MIP_Strategy_Dive=0;CPXPARAM_MIP_Strategy_File=1;CPXPARAM_MIP_Strategy_HeuristicFreq=0;CPXPARAM_MIP_Strategy_LBHeur=0;CPXPARAM_MIP_Strategy_NodeSelect=1;CPXPARAM_MIP_Strategy_Order=1;CPXPARAM_MIP_Strategy_PresolveNode=0;CPXPARAM_MIP_Strategy_Probe=0;CPXPARAM_MIP_Strategy_RINSHeur=0;CPXPARAM_MIP_Strategy_StartAlgorithm=0;CPXPARAM_MIP_Strategy_SubAlgorithm=0;CPXPARAM_MIP_Strategy_VariableSelect=0;CPXPARAM_Network_NetFind=2;CPXPARAM_Network_Pricing=0;CPXPARAM_Parallel=1;CPXPARAM_Preprocessing_Aggregator=-1;CPXPARAM_Preprocessing_BoundStrength=-1;CPXPARAM_Preprocessing_CoeffReduce=-1;CPXPARAM_Preprocessing_Dependency=-1;CPXPARAM_Preprocessing_Dual=0;CPXPARAM_Preprocessing_Fill=10;CPXPARAM_Preprocessing_NumPass=-1;CPXPARAM_Preprocessing_Presolve=1;CPXPARAM_Preprocessing_QPMakePSD=1;CPXPARAM_Preprocessing_Reduce=3;CPXPARAM_Preprocessing_Relax=-1;CPXPARAM_Preprocessing_RepeatPresolve=-1;CPXPARAM_Preprocessing_Symmetry=-1;CPXPARAM_Read_Scale=0;CPXPARAM_Sifting_Algorithm=0;CPXPARAM_Simplex_Crash=1;CPXPARAM_Simplex_DGradient=0;CPXPARAM_Simplex_Limits_Perturbation=0;CPXPARAM_Simplex_Limits_Singularity=10;CPXPARAM_Simplex_PGradient=0;CPXPARAM_Simplex_Pricing=0;CPXPARAM_Simplex_Refactor=0
12943409775038045469,0,CPXPARAM_Advance=1;CPXPARAM_Barrier_Algorithm=0;CPXPARAM_Barrier_ColNonzeros=0;CPXPARAM_Barrier_Crossover=0;CPXPARAM_Barrier_Limits_Corrections=-1;CPXPARAM_Barrier_Ordering=0;CPXPARAM_Barrier_StartAlg=1;CPXPARAM_Emphasis_MIP=5;CPXPARAM_Emphasis_Memory=0;CPXPARAM_Emphasis_Numerical=0;CPXPARAM_Feasopt_Mode=0;CPXPARAM_LPMethod=0;CPXPARAM_MIP_Cuts_Cliques=2;CPXPARAM_MIP_Cuts_Covers=3;CPXPARAM_MIP_Cuts_Disjunctive=-1;CPXPARAM_MIP_Cuts_FlowCovers=1;CPXPARAM_MIP_Cuts_GUBCovers=-1;CPXPARAM_MIP_Cuts_Gomory=0;CPXPARAM_MIP_Cuts_Implied=1;CPXPARAM_MIP_Cuts_MIRCut=0;CPXPARAM_MIP_Cuts_PathCut=2;CPXPARAM_MIP_Limits_AggForCut=3;CPXPARAM_MIP_Limits_CutPasses=0;CPXPARAM_MIP_Limits_CutsFactor=-1;CPXPARAM_MIP_Limits_GomoryCand=200;CPXPARAM_MIP_Limits_GomoryPass=0;CPXPARAM_MIP_Limits_Nodes=9223372036800000000;CPXPARAM_MIP_Limits_ProbeTime=1e+75;CPXPARAM_MIP_Limits_RepairTries=0;CPXPARAM_MIP_Limits_StrongCand=10;CPXPARAM_MIP_Limits_StrongIt=0;CPXPARAM_MIP_OrderType=0;CPXPARAM_MIP_Strategy_BBInterval=7;CPXPARAM_MIP_Strategy_Branch=0;CPXPARAM_MIP_Strategy_Dive=0;CPXPARAM_MIP_Strategy_File=1;CPXPARAM_MIP_Strategy_HeuristicFreq=0;CPXPARAM_MIP_Strategy_LBHeur=0;CPXPARAM_MIP_Strategy_NodeSelect=1;CPXPARAM_MIP_Strategy_Order=1;CPXPARAM_MIP_Strategy_PresolveNode=0;CPXPARAM_MIP_Strategy_Probe=3;CPXPARAM_MIP_Strategy_RINSHeur=0;CPXPARAM_MIP_Strategy_StartAlgorithm=0;CPXPARAM_MIP_Strategy_SubAlgorithm=0;CPXPARAM_MIP_Strategy_VariableSelect=0;CPXPARAM_Network_NetFind=2;CPXPARAM_Network_Pricing=0;CPXPARAM_Parallel=1;CPXPARAM_Preprocessing_Aggregator=-1;CPXPARAM_Preprocessing_BoundStrength=-1;CPXPARAM_Preprocessing_CoeffReduce=-1;CPXPARAM_Preprocessing_Dependency=-1;CPXPARAM_Preprocessing_Dual=0;CPXPARAM_Preprocessing_Fill=10;CPXPARAM_Preprocessing_NumPass=-1;CPXPARAM_Preprocessing_Presolve=1;CPXPARAM_Preprocessing_QPMakePSD=1;CPXPARAM_Preprocessing_Reduce=3;CPXPARAM_Preprocessing_Relax=-1;CPXPARAM_Preprocessing_RepeatPresolve=-1;CPXPARAM_Preprocessing_Symmetry=-1;CPXPARAM_Read_Scale=0;CPXPARAM_Sifting_Algorithm=0;CPXPARAM_Simplex_Crash=1;CPXPARAM_Simplex_DGradient=0;CPXPARAM_Simplex_Limits_Perturbation=0;CPXPARAM_Simplex_Limits_Singularity=10;CPXPARAM_Simplex_PGradient=0;CPXPARAM_Simplex_Pricing=0;CPXPARAM_Simplex_Refactor=0
225791393195953372,0,CPXPARAM_Advance=1;CPXPARAM_Barrier_Algorithm=0;CPXPARAM_Barrier_ColNonzeros=0;CPXPARAM_Barrier_Crossover=0;CPXPARAM_Barrier_Limits_Corrections=-1;CPXPARAM_Barrier_Ordering=0;CPXPARAM_Barrier_StartAlg=1;CPXPARAM_Emphasis_MIP=3;CPXPARAM_Emphasis_Memory=0;CPXPARAM_Emphasis_Numerical=0;CPXPARAM_Feasopt_Mode=0;CPXPARAM_LPMethod=0;CPXPARAM_MIP_Cuts_Cliques=-1;CPXPARAM_MIP_Cuts_Covers=2;CPXPARAM_MIP_Cuts_Disjunctive=0;CPXPARAM_MIP_Cuts_FlowCovers=-1;CPXPARAM_MIP_Cuts_GUBCovers=2;CPXPARAM_MIP_Cuts_Gomory=0;CPXPARAM_MIP_Cuts_Implied=1;CPXPARAM_MIP_Cuts_MIRCut=1;CPXPARAM_MIP_Cuts_PathCut=-1;CPXPARAM_MIP_Limits_AggForCut=5;CPXPARAM_MIP_Limits_CutPasses=0;CPXPARAM_MIP_Limits_CutsFactor=-1;CPXPARAM_MIP_Limits_GomoryCand=200;CPXPARAM_MIP_Limits_GomoryPass=0;CPXPARAM_MIP_Limits_Nodes=9223372036800000000;CPXPARAM_MIP_Limits_ProbeTime=1e+75;CPXPARAM_MIP_Limits_RepairTries=0;CPXPARAM_MIP_Limits_StrongCand=10;CPXPARAM_MIP_Limits_StrongIt=0;CPXPARAM_MIP_OrderType=1;CPXPARAM_MIP_Strategy_BBInterval=7;CPXPARAM_MIP_Strategy_Branch=0;CPXPARAM_MIP_Strategy_Dive=0;CPXPARAM_MIP_Strategy_File=1;CPXPARAM_MIP_Strategy_HeuristicFreq=0;CPXPARAM_MIP_Strategy_LBHeur=0;CPXPARAM_MIP_Strategy_NodeSelect=1;CPXPARAM_MIP_Strategy_Order=1;CPXPARAM_MIP_Strategy_PresolveNode=1;CPXPARAM_MIP_Strategy_Probe=0;CPXPARAM_MIP_Strategy_RINSHeur=0;CPXPARAM_MIP_Strategy_StartAlgorithm=0;CPXPARAM_MIP_Strategy_SubAlgorithm=5;CPXPARAM_MIP_Strategy_VariableSelect=1;CPXPARAM_Network_NetFind=2;CPXPARAM_Network_Pricing=0;CPXPARAM_Parallel=1;CPXPARAM_Preprocessing_Aggregator=-1;CPXPARAM_Preprocessing_BoundStrength=-1;CPXPARAM_Preprocessing_CoeffReduce=-1;CPXPARAM_Preprocessing_Dependency=-1;CPXPARAM_Preprocessing_Dual=0;CPXPARAM_Preprocessing_Fill=40;CPXPARAM_Preprocessing_NumPass=-1;CPXPARAM_Preprocessing_Presolve=1;CPXPARAM_Preprocessing_QPMakePSD=1;CPXPARAM_Preprocessing_Reduce=0;CPXPARAM_Preprocessing_Relax=-1;CPXPARAM_Preprocessing_RepeatPresolve=-1;CPXPARAM_Preprocessing_Symmetry=-1;CPXPARAM_Read_Scale=0;CPXPARAM_Sifting_Algorithm=0;CPXPARAM_Simplex_Crash=1;CPXPARAM_Simplex_DGradient=0;CPXPARAM_Simplex_Limits_Perturbation=0;CPXPARAM_Simplex_Limits_Singularity=10;CPXPARAM_Simplex_PGradient=0;CPXPARAM_Simplex_Pricing=0;CPXPARAM_Simplex_Refactor=0
8667805450348999799,0,CPXPARAM_Advance=1;CPXPARAM_Barrier_Algorithm=0;CPXPARAM_Barrier_ColNonzeros=0;CPXPARAM_Barrier_Crossover=0;CPXPARAM_Barrier_Limits_Corrections=-1;CPXPARAM_Barrier_Ordering=0;CPXPARAM_Barrier_StartAlg=1;CPXPARAM_Emphasis_MIP=2;CPXPARAM_Emphasis_Memory=0;CPXPARAM_Emphasis_Numerical=0;CPXPARAM_Feasopt_Mode=0;CPXPARAM_LPMethod=0;CPXPARAM_MIP_Cuts_Cliques=1;CPXPARAM_MIP_Cuts_Covers=-1;CPXPARAM_MIP_Cuts_Disjunctive=1;CPXPARAM_MIP_Cuts_FlowCovers=1;CPXPARAM_MIP_Cuts_GUBCovers=-1;CPXPARAM_MIP_Cuts_Gomory=2;CPXPARAM_MIP_Cuts_Implied=-1;CPXPARAM_MIP_Cuts_MIRCut=2;CPXPARAM_MIP_Cuts_PathCut=1;CPXPARAM_MIP_Limits_AggForCut=5;CPXPARAM_MIP_Limits_CutPasses=0;CPXPARAM_MIP_Limits_CutsFactor=-1;CPXPARAM_MIP_Limits_GomoryCand=25;CPXPARAM_MIP_Limits_GomoryPass=0;CPXPARAM_MIP_Limits_Nodes=9223372036800000000;CPXPARAM_MIP_Limits_ProbeTime=1e+75;CPXPARAM_MIP_Limits_RepairTries=0;CPXPARAM_MIP_Limits_StrongCand=10;CPXPARAM_MIP_Limits_StrongIt=0;CPXPARAM_MIP_OrderType=0;CPXPARAM_MIP_Strategy_BBInterval=7;CPXPARAM_MIP_Strategy_Branch=-1;CPXPARAM_MIP_Strategy_Dive=0;CPXPARAM_MIP_Strategy_File=1;CPXPARAM_MIP_Strategy_HeuristicFreq=0;CPXPARAM_MIP_Strategy_LBHeur=0;CPXPARAM_MIP_Strategy_NodeSelect=0;CPXPARAM_MIP_Strategy_Order=1;CPXPARAM_MIP_Strategy_PresolveNode=0;CPXPARAM_MIP_Strategy_Probe=1;CPXPARAM_MIP_Strategy_RINSHeur=0;CPXPARAM_MIP_Strategy_StartAlgorithm=0;CPXPARAM_MIP_Strategy_SubAlgorithm=0;CPXPARAM_MIP_Strategy_VariableSelect=4;CPXPARAM_Network_NetFind=2;CPXPARAM_Network_Pricing=0;CPXPARAM_Parallel=1;CPXPARAM_Preprocessing_Aggregator=-1;CPXPARAM_Preprocessing_BoundStrength=-1;CPXPARAM_Preprocessing_CoeffReduce=-1;CPXPARAM_Preprocessing_Dependency=-1;CPXPARAM_Preprocessing_Dual=0;CPXPARAM_Preprocessing_Fill=10;CPXPARAM_Preprocessing_NumPass=-1;CPXPARAM_Preprocessing_Presolve=1;CPXPARAM_Preprocessing_QPMakePSD=1;CPXPARAM_Preprocessing_Reduce=3;CPXPARAM_Preprocessing_Relax=-1;CPXPARAM_Preprocessing_RepeatPresolve=-1;CPXPARAM_Preprocessing_Symmetry=-1;CPXPARAM_Read_Scale=0;CPXPARAM_Sifting_Algorithm=0;CPXPARAM_Simplex_Crash=1;CPXPARAM_Simplex_DGradient=0;CPXPARAM_Simplex_Limits_Perturbation=0;CPXPARAM_Simplex_Limits_Singularity=10;CPXPARAM_Simplex_PGradient=0;CPXPARAM_Simplex_Pricing=0;CPXPARAM_Simplex_Refactor=0
17244468003272644181,0,CPXPARAM_Advance=1;CPXPARAM_Barrier_Algorithm=0;CPXPARAM_Barrier_ColNonzeros=0;CPXPARAM_Barrier_Crossover=0;CPXPARAM_Barrier_Limits_Corrections=-1;CPXPARAM_Barrier_Ordering=0;CPXPARAM_Barrier_StartAlg=1;CPXPARAM_Emphasis_MIP=2;CPXPARAM_Emphasis_Memory=0;CPXPARAM_Emphasis_Numerical=0;CPXPARAM_Feasopt_Mode=0;CPXPARAM_LPMethod=0;CPXPARAM_MIP_Cuts_Cliques=0;CPXPARAM_MIP_Cuts_Covers=2;CPXPARAM_MIP_Cuts_Disjunctive=0;CPXPARAM_MIP_Cuts_FlowCovers=-1;CPXPARAM_MIP_Cuts_GUBCovers=1;CPXPARAM_MIP_Cuts_Gomory=0;CPXPARAM_MIP_Cuts_Implied=1;CPXPARAM_MIP_Cuts_MIRCut=0;CPXPARAM_MIP_Cuts_PathCut=2;CPXPARAM_MIP_Limits_AggForCut=3;CPXPARAM_MIP_Limits_CutPasses=0;CPXPARAM_MIP_Limits_CutsFactor=-1;CPXPARAM_MIP_Limits_GomoryCand=800;CPXPARAM_MIP_Limits_GomoryPass=0;CPXPARAM_MIP_Limits_Nodes=9223372036800000000;CPXPARAM_MIP_Limits_ProbeTime=1e+75;CPXPARAM_MIP_Limits_RepairTries=0;CPXPARAM_MIP_Limits_StrongCand=10;CPXPARAM_MIP_Limits_StrongIt=0;CPXPARAM_MIP_OrderType=0;CPXPARAM_MIP_Strategy_BBInterval=7;CPXPARAM_MIP_Strategy_Branch=0;CPXPARAM_MIP_Strategy_Dive=0;CPXPARAM_MIP_Strategy_File=1;CPXPARAM_MIP_Strategy_HeuristicFreq=0;CPXPARAM_MIP_Strategy_LBHeur=0;CPXPARAM_MIP_Strategy_NodeSelect=1;CPXPARAM_MIP_Strategy_Order=1;CPXPARAM_MIP_Strategy_PresolveNode=0;CPXPARAM_MIP_Strategy_Probe=2;CPXPARAM_MIP_Strategy_RINSHeur=0;CPXPARAM_MIP_Strategy_StartAlgorithm=0;CPXPARAM_MIP_Strategy_SubAlgorithm=0;CPXPARAM_MIP_Strategy_VariableSelect=0;CPXPARAM_Network_NetFind=2;CPXPARAM_Network_Pricing=0;CPXPARAM_Parallel=1;CPXPARAM_Preprocessing_Aggregator=-1;CPXPARAM_Preprocessing_BoundStrength=-1;CPXPARAM_Preprocessing_CoeffReduce=-1;CPXPARAM_Preprocessing_Dependency=-1;CPXPARAM_Preprocessing_Dual=0;CPXPARAM_Preprocessing_Fill=10;CPXPARAM_Preprocessing_NumPass=-1;CPXPARAM_Preprocessing_Presolve=1;CPXPARAM_Preprocessing_QPMakePSD=1;CPXPARAM_Preprocessing_Reduce=3;CPXPARAM_Preprocessing_Relax=-1;CPXPARAM_Preprocessing_RepeatPresolve=-1;CPXPARAM_Preprocessing_Symmetry=-1;CPXPARAM_Read_Scale=0;CPXPARAM_Sifting_Algorithm=0;CPXPARAM_Simplex_Crash=1;CPXPARAM_Simplex_DGradient=0;CPXPARAM_Simplex_Limits_Perturbation=0;CPXPARAM_Simplex_Limits_Singularity=10;CPXPARAM_Simplex_PGradient=0;CPXPARAM_Simplex_Pricing=0;CPXPARAM_Simplex_Refactor=0
8491809706965081907,0,CPXPARAM_Advance=1;CPXPARAM_Barrier_Algorithm=0;CPXPARAM_Barrier_ColNonzeros=0;CPXPARAM_Barrier_Crossover=0;CPXPARAM_Barrier_Limits_Corrections=-1;CPXPARAM_Barrier_Ordering=0;CPXPARAM_Barrier_StartAlg=1;CPXPARAM_Emphasis_MIP=2;CPXPARAM_Emphasis_Memory=0;CPXPARAM_Emphasis_Numerical=0;CPXPARAM_Feasopt_Mode=0;CPXPARAM_LPMethod=0;CPXPARAM_MIP_Cuts_Cliques=-1;CPXPARAM_MIP_Cuts_Covers=2;CPXPARAM_MIP_Cuts_Disjunctive=1;CPXPARAM_MIP_Cuts_FlowCovers=2;CPXPARAM_MIP_Cuts_GUBCovers=1;CPXPARAM_MIP_Cuts_Gomory=0;CPXPARAM_MIP_Cuts_Implied=-1;CPXPARAM_MIP_Cuts_MIRCut=-1;CPXPARAM_MIP_Cuts_PathCut=-1;CPXPARAM_MIP_Limits_AggForCut=3;CPXPARAM_MIP_Limits_CutPasses=0;CPXPARAM_MIP_Limits_CutsFactor=-1;CPXPARAM_MIP_Limits_GomoryCand=400;CPXPARAM_MIP_Limits_GomoryPass=0;CPXPARAM_MIP_Limits_Nodes=9223372036800000000;CPXPARAM_MIP_Limits_ProbeTime=1e+75;CPXPARAM_MIP_Limits_RepairTries=0;CPXPARAM_MIP_Limits_StrongCand=10;CPXPARAM_MIP_Limits_StrongIt=0;CPXPARAM_MIP_OrderType=0;CPXPARAM_MIP_Strategy_BBInterval=4;CPXPARAM_MIP_Strategy_Branch=0;CPXPARAM_MIP_Strategy_Dive=0;CPXPARAM_MIP_Strategy_File=1;CPXPARAM_MIP_Strategy_HeuristicFreq=0;CPXPARAM_MIP_Strategy_LBHeur=0;CPXPARAM_MIP_Strategy_NodeSelect=1;CPXPARAM_MIP_Strategy_Order=1;CPXPARAM_MIP_Strategy_PresolveNode=0;CPXPARAM_MIP_Strategy_Probe=0;CPXPARAM_MIP_Strategy_RINSHeur=0;CPXPARAM_MIP_Strategy_StartAlgorithm=0;CPXPARAM_MIP_Strategy_SubAlgorithm=0;CPXPARAM_MIP_Strategy_VariableSelect=0;CPXPARAM_Network_NetFind=2;CPXPARAM_Network_Pricing=0;CPXPARAM_Parallel=1;CPXPARAM_Preprocessing_Aggregator=-1;CPXPARAM_Preprocessing_BoundStrength=-1;CPXPARAM_Preprocessing_CoeffReduce=-1;CPXPARAM_Preprocessing_Dependency=-1;CPXPARAM_Preprocessing_Dual=0;CPXPARAM_Preprocessing_Fill=10;CPXPARAM_Preprocessing_NumPass=-1;CPXPARAM_Preprocessing_Presolve=1;CPXPARAM_Preprocessing_QPMakePSD=1;CPXPARAM_Preprocessing_Reduce=3;CPXPARAM_Preprocessing_Relax=-1;CPXPARAM_Preprocessing_RepeatPresolve=-1;CPXPARAM_Preprocessing_Symmetry=-1;CPXPARAM_Read_Scale=0;CPXPARAM_Sifting_Algorithm=0;CPXPARAM_Simplex_Crash=1;CPXPARAM_Simplex_DGradient=0;CPXPARAM_Simplex_Limits_Perturbation=0;CPXPARAM_Simplex_Limits_Singularity=10;CPXPARAM_Simplex_PGradient=0;CPXPARAM_Simplex_Pricing=0;CPXPARAM_Simplex_Refactor=0
4236636782812583972,0,CPXPARAM_Advance=1;CPXPARAM_Barrier_Algorithm=0;CPXPARAM_Barrier_ColNonzeros=0;CPXPARAM_Barrier_Crossover=0;CPXPARAM_Barrier_Limits_Corrections=-1;CPXPARAM_Barrier_Ordering=0;CPXPARAM_Barrier_StartAlg=1;CPXPARAM_Emphasis_MIP=1;CPXPARAM_Emphasis_Memory=0;CPXPARAM_Emphasis_Numerical=0;CPXPARAM_Feasopt_Mode=0;CPXPARAM_LPMethod=0;CPXPARAM_MIP_Cuts_Cliques=1;CPXPARAM_MIP_Cuts_Covers=0;CPXPARAM_MIP_Cuts_Disjunctive=1;CPXPARAM_MIP_Cuts_FlowCovers=0;CPXPARAM_MIP_Cuts_GUBCovers=1;CPXPARAM_MIP_Cuts_Gomory=2;CPXPARAM_MIP_Cuts_Implied=-1;CPXPARAM_MIP_Cuts_MIRCut=-1;CPXPARAM_MIP_Cuts_PathCut=1;CPXPARAM_MIP_Limits_AggForCut=0;CPXPARAM_MIP_Limits_CutPasses=0;CPXPARAM_MIP_Limits_CutsFactor=-1;CPXPARAM_MIP_Limits_GomoryCand=800;CPXPARAM_MIP_Limits_GomoryPass=0;CPXPARAM_MIP_Limits_Nodes=9223372036800000000;CPXPARAM_MIP_Limits_ProbeTime=1e+75;CPXPARAM_MIP_Limits_RepairTries=0;CPXPARAM_MIP_Limits_StrongCand=10;CPXPARAM_MIP_Limits_StrongIt=0;CPXPARAM_MIP_OrderType=3;CPXPARAM_MIP_Strategy_BBInterval=7;CPXPARAM_MIP_Strategy_Branch=1;CPXPARAM_MIP_Strategy_Dive=0;CPXPARAM_MIP_Strategy_File=1;CPXPARAM_MIP_Strategy_HeuristicFreq=0;CPXPARAM_MIP_Strategy_LBHeur=0;CPXPARAM_MIP_Strategy_NodeSelect=3;CPXPARAM_MIP_Strategy_Order=1;CPXPARAM_MIP_Strategy_PresolveNode=0;CPXPARAM_MIP_Strategy_Probe=2;CPXPARAM_MIP_Strategy_RINSHeur=0;CPXPARAM_MIP_Strategy_StartAlgorithm=0;CPXPARAM_MIP_Strategy_SubAlgorithm=0;CPXPARAM_MIP_Strategy_VariableSelect=1;CPXPARAM_Network_NetFind=2;CPXPARAM_Network_Pricing=0;CPXPARAM_Parallel=1;CPXPARAM_Preprocessing_Aggregator=-1;CPXPARAM_Preprocessing_BoundStrength=-1;CPXPARAM_Preprocessing_CoeffReduce=-1;CPXPARAM_Preprocessing_Dependency=-1;CPXPARAM_Preprocessing_Dual=0;CPXPARAM_Preprocessing_Fill=20;CPXPARAM_Preprocessing_NumPass=-1;CPXPARAM_Preprocessing_Presolve=1;CPXPARAM_Preprocessing_QPMakePSD=1;CPXPARAM_Preprocessing_Reduce=3;CPXPARAM_Preprocessing_Relax=-1;CPXPARAM_Preprocessing_RepeatPresolve=-1;CPXPARAM_Preprocessing_Symmetry=-1;CPXPARAM_Read_Scale=0;CPXPARAM_Sifting_Algorithm=0;CPXPARAM_Simplex_Crash=1;CPXPARAM_Simplex_DGradient=0;CPXPARAM_Simplex_Limits_Perturbation=0;CPXPARAM_Simplex_Limits_Singularity=10;CPXPARAM_Simplex_PGradient=0;CPXPARAM_Simplex_Pricing=0;CPXPARAM_Simplex_Refactor=0
13443817044702644964,0,CPXPARAM_Advance=1;CPXPARAM_Barrier_Algorithm=0;CPXPARAM_Barrier_ColNonzeros=0;CPXPARAM_Barrier_Crossover=0;CPXPARAM_Barrier_Limits_Corrections=-1;CPXPARAM_Barrier_Ordering=0;CPXPARAM_Barrier_StartAlg=1;CPXPARAM_Emphasis_MIP=2;CPXPARAM_Emphasis_Memory=0;CPXPARAM_Emphasis_Numerical=0;CPXPARAM_Feasopt_Mode=0;CPXPARAM_LPMethod=0;CPXPARAM_MIP_Cuts_Cliques=-1;CPXPARAM_MIP_Cuts_Covers=0;CPXPARAM_MIP_Cuts_Disjunctive=-1;CPXPARAM_MIP_Cuts_FlowCovers=-1;CPXPARAM_MIP_Cuts_GUBCovers=0;CPXPARAM_MIP_Cuts_Gomory=0;CPXPARAM_MIP_Cuts_Implied=-1;CPXPARAM_MIP_Cuts_MIRCut=2;CPXPARAM_MIP_Cuts_PathCut=1;CPXPARAM_MIP_Limits_AggForCut=3;CPXPARAM_MIP_Limits_CutPasses=0;CPXPARAM_MIP_Limits_CutsFactor=-1;CPXPARAM_MIP_Limits_GomoryCand=10;CPXPARAM_MIP_Limits_GomoryPass=0;CPXPARAM_MIP_Limits_Nodes=9223372036800000000;CPXPARAM_MIP_Limits_ProbeTime=1e+75;CPXPARAM_MIP_Limits_RepairTries=0;CPXPARAM_MIP_Limits_StrongCand=10;CPXPARAM_MIP_Limits_StrongIt=0;CPXPARAM_MIP_OrderType=0;CPXPARAM_MIP_Strategy_BBInterval=7;CPXPARAM_MIP_Strategy_Branch=0;CPXPARAM_MIP_Strategy_Dive=0;CPXPARAM_MIP_Strategy_File=1;CPXPARAM_MIP_Strategy_HeuristicFreq=0;CPXPARAM_MIP_Strategy_LBHeur=0;CPXPARAM_MIP_Strategy_NodeSelect=1;CPXPARAM_MIP_Strategy_Order=1;CPXPARAM_MIP_Strategy_PresolveNode=0;CPXPARAM_MIP_Strategy_Probe=0;CPXPARAM_MIP_Strategy_RINSHeur=0;CPXPARAM_MIP_Strategy_StartAlgorithm=0;CPXPARAM_MIP_Strategy_SubAlgorithm=0;CPXPARAM_MIP_Strategy_VariableSelect=0;CPXPARAM_Network_NetFind=2;CPXPARAM_Network_Pricing=0;CPXPARAM_Parallel=1;CPXPARAM_Preprocessing_Aggregator=-1;CPXPARAM_Preprocessing_BoundStrength=-1;CPXPARAM_Preprocessing_CoeffReduce=-1;CPXPARAM_Preprocessing_Dependency=-1;CPXPARAM_Preprocessing_Dual=0;CPXPARAM_Preprocessing_Fill=10;CPXPARAM_Preprocessing_NumPass=-1;CPXPARAM_Preprocessing_Presolve=1;CPXPARAM_Preprocessing_QPMakePSD=1;CPXPARAM_Preprocessing_Reduce=3;CPXPARAM_Preprocessing_Relax=-1;CPXPARAM_Preprocessing_RepeatPresolve=-1;CPXPARAM_Preprocessing_Symmetry=-1;CPXPARAM_Read_Scale=0;CPXPARAM_Sifting_Algorithm=0;CPXPARAM_Simplex_Crash=1;CPXPARAM_Simplex_DGradient=0;CPXPARAM_Simplex_Limits_Perturbation=0;CPXPARAM_Simplex_Limits_Singularity=10;CPXPARAM_Simplex_PGradient=0;CPXPARAM_Simplex_Pricing=0;CPXPARAM_Simplex_Refactor=0
7215134971614522802,0,CPXPARAM_Advance=1;CPXPARAM_Barrier_Algorithm=0;CPXPARAM_Barrier_ColNonzeros=0;CPXPARAM_Barrier_Crossover=0;CPXPARAM_Barrier_Limits_Corrections=-1;CPXPARAM_Barrier_Ordering=0;CPXPARAM_Barrier_StartAlg=1;CPXPARAM_Emphasis_MIP=5;CPXPARAM_Emphasis_Memory=0;CPXPARAM_Emphasis_Numerical=0;CPXPARAM_Feasopt_Mode=0;CPXPARAM_LPMethod=0;CPXPARAM_MIP_Cuts_Cliques=-1;CPXPARAM_MIP_Cuts_Covers=1;CPXPARAM_MIP_Cuts_Disjunctive=-1;CPXPARAM_MIP_Cuts_FlowCovers=-1;CPXPARAM_MIP_Cuts_GUBCovers=0;CPXPARAM_MIP_Cuts_Gomory=0;CPXPARAM_MIP_Cuts_Implied=2;CPXPARAM_MIP_Cuts_MIRCut=1;CPXPARAM_MIP_Cuts_PathCut=2;CPXPARAM_MIP_Limits_AggForCut=3;CPXPARAM_MIP_Limits_CutPasses=0;CPXPARAM_MIP_Limits_CutsFactor=-1;CPXPARAM_MIP_Limits_GomoryCand=800;CPXPARAM_MIP_Limits_GomoryPass=0;CPXPARAM_MIP_Limits_Nodes=9223372036800000000;CPXPARAM_MIP_Limits_ProbeTime=1e+75;CPXPARAM_MIP_Limits_RepairTries=0;CPXPARAM_MIP_Limits_StrongCand=10;CPXPARAM_MIP_Limits_StrongIt=0;CPXPARAM_MIP_OrderType=0;CPXPARAM_MIP_Strategy_BBInterval=7;CPXPARAM_MIP_Strategy_Branch=0;CPXPARAM_MIP_Strategy_Dive=0;CPXPARAM_MIP_Strategy_File=1;CPXPARAM_MIP_Strategy_HeuristicFreq=0;CPXPARAM_MIP_Strategy_LBHeur=0;CPXPARAM_MIP_Strategy_NodeSelect=2;CPXPARAM_MIP_Strategy_Order=1;CPXPARAM_MIP_Strategy_PresolveNode=1;CPXPARAM_MIP_Strategy_Probe=3;CPXPARAM_MIP_Strategy_RINSHeur=0;CPXPARAM_MIP_Strategy_StartAlgorithm=0;CPXPARAM_MIP_Strategy_SubAlgorithm=3;CPXPARAM_MIP_Strategy_VariableSelect=-1;CPXPARAM_Network_NetFind=2;CPXPARAM_Network_Pricing=0;CPXPARAM_Parallel=1;CPXPARAM_Preprocessing_Aggregator=-1;CPXPARAM_Preprocessing_BoundStrength=-1;CPXPARAM_Preprocessing_CoeffReduce=-1;CPXPARAM_Preprocessing_Dependency=-1;CPXPARAM_Preprocessing_Dual=0;CPXPARAM_Preprocessing_Fill=5;CPXPARAM_Preprocessing_NumPass=-1;CPXPARAM_Preprocessing_Presolve=1;CPXPARAM_Preprocessing_QPMakePSD=1;CPXPARAM_Preprocessing_Reduce=3;CPXPARAM_Preprocessing_Relax=-1;CPXPARAM_Preprocessing_RepeatPresolve=-1;CPXPARAM_Preprocessing_Symmetry=-1;CPXPARAM_Read_Scale=0;CPXPARAM_Sifting_Algorithm=0;CPXPARAM_Simplex_Crash=1;CPXPARAM_Simplex_DGradient=0;CPXPARAM_Simplex_Limits_Perturbation=0;CPXPARAM_Simplex_Limits_Singularity=10;CPXPARAM_Simplex_PGradient=0;CPXPARAM_Simplex_Pricing=0;CPXPARAM_Simplex_Refactor=0
9809096541279575648,0,CPXPARAM_Advance=1;CPXPARAM_Barrier_Algorithm=0;CPXPARAM_Barrier_ColNonzeros=0;CPXPARAM_Barrier_Crossover=0;CPXPARAM_Barrier_Limits_Corrections=-1;CPXPARAM_Barrier_Ordering=0;CPXPARAM_Barrier_StartAlg=1;CPXPARAM_Emphasis_MIP=1;CPXPARAM_Emphasis_Memory=0;CPXPARAM_Emphasis_Numerical=0;CPXPARAM_Feasopt_Mode=0;CPXPARAM_LPMethod=0;CPXPARAM_MIP_Cuts_Cliques=0;CPXPARAM_MIP_Cuts_Covers=2;CPXPARAM_MIP_Cuts_Disjunctive=-1;CPXPARAM_MIP_Cuts_FlowCovers=0;CPXPARAM_MIP_Cuts_GUBCovers=2;CPXPARAM_MIP_Cuts_Gomory=2;CPXPARAM_MIP_Cuts_Implied=2;CPXPARAM_MIP_Cuts_MIRCut=-1;CPXPARAM_MIP_Cuts_PathCut=2;CPXPARAM_MIP_Limits_AggForCut=3;CPXPARAM_MIP_Limits_CutPasses=0;CPXPARAM_MIP_Limits_CutsFactor=-1;CPXPARAM_MIP_Limits_GomoryCand=800;CPXPARAM_MIP_Limits_GomoryPass=0;CPXPARAM_MIP_Limits_Nodes=9223372036800000000;CPXPARAM_MIP_Limits_ProbeTime=1e+75;CPXPARAM_MIP_Limits_RepairTries=0;CPXPARAM_MIP_Limits_StrongCand=10;CPXPARAM_MIP_Limits_StrongIt=0;CPXPARAM_MIP_OrderType=0;CPXPARAM_MIP_Strategy_BBInterval=7;CPXPARAM_MIP_Strategy_Branch=0;CPXPARAM_MIP_Strategy_Dive=0;CPXPARAM_MIP_Strategy_File=1;CPXPARAM_MIP_Strategy_HeuristicFreq=0;CPXPARAM_MIP_Strategy_LBHeur=0;CPXPARAM_MIP_Strategy_NodeSelect=1;CPXPARAM_MIP_Strategy_Order=1;CPXPARAM_MIP_Strategy_PresolveNode=0;CPXPARAM_MIP_Strategy_Probe=1;CPXPARAM_MIP_Strategy_RINSHeur=0;CPXPARAM_MIP_Strategy_StartAlgorithm=0;CPXPARAM_MIP_Strategy_SubAlgorithm=0;CPXPARAM_MIP_Strategy_VariableSelect=0;CPXPARAM_Network_NetFind=2;CPXPARAM_Network_Pricing=0;CPXPARAM_Parallel=1;CPXPARAM_Preprocessing_Aggregator=-1;CPXPARAM_Preprocessing_BoundStrength=-1;CPXPARAM_Preprocessing_CoeffReduce=-1;CPXPARAM_Preprocessing_Dependency=-1;CPXPARAM_Preprocessing_Dual=0;CPXPARAM_Preprocessing_Fill=10;CPXPARAM_Preprocessing_NumPass=-1;CPXPARAM_Preprocessing_Presolve=1;CPXPARAM_Preprocessing_QPMakePSD=1;CPXPARAM_Preprocessing_Reduce=3;CPXPARAM_Preprocessing_Relax=-1;CPXPARAM_Preprocessing_RepeatPresolve=-1;CPXPARAM_Preprocessing_Symmetry=-1;CPXPARAM_Read_Scale=0;CPXPARAM_Sifting_Algorithm=0;CPXPARAM_Simplex_Crash=1;CPXPARAM_Simplex_DGradient=0;CPXPARAM_Simplex_Limits_Perturbation=0;CPXPARAM_Simplex_Limits_Singularity=10;CPXPARAM_Simplex_PGradient=0;CPXPARAM_Simplex_Pricing=0;CPXPARAM_Simplex_Refactor=0
7481428482459103661,0,CPXPARAM_Advance=1;CPXPARAM_Barrier_Algorithm=0;CPXPARAM_Barrier_ColNonzeros=0;CPXPARAM_Barrier_Crossover=0;CPXPARAM_Barrier_Limits_Corrections=-1;CPXPARAM_Barrier_Ordering=0;CPXPARAM_Barrier_StartAlg=1;CPXPARAM_Emphasis_MIP=0;CPXPARAM_Emphasis_Memory=0;CPXPARAM_Emphasis_Numerical=0;CPXPARAM_Feasopt_Mode=0;CPXPARAM_LPMethod=0;CPXPARAM_MIP_Cuts_Cliques=2;CPXPARAM_MIP_Cuts_Covers=1;CPXPARAM_MIP_Cuts_Disjunctive=-1;CPXPARAM_MIP_Cuts_FlowCovers=0;CPXPARAM_MIP_Cuts_GUBCovers=0;CPXPARAM_MIP_Cuts_Gomory=0;CPXPARAM_MIP_Cuts_Implied=2;CPXPARAM_MIP_Cuts_MIRCut=-1;CPXPARAM_MIP_Cuts_PathCut=1;CPXPARAM_MIP_Limits_AggForCut=3;CPXPARAM_MIP_Limits_CutPasses=0;CPXPARAM_MIP_Limits_CutsFactor=-1;CPXPARAM_MIP_Limits_GomoryCand=200;CPXPARAM_MIP_Limits_GomoryPass=0;CPXPARAM_MIP_Limits_Nodes=9223372036800000000;CPXPARAM_MIP_Limits_ProbeTime=1e+75;CPXPARAM_MIP_Limits_RepairTries=0;CPXPARAM_MIP_Limits_StrongCand=10;CPXPARAM_MIP_Limits_StrongIt=0;CPXPARAM_MIP_OrderType=0;CPXPARAM_MIP_Strategy_BBInterval=7;CPXPARAM_MIP_Strategy_Branch=-1;CPXPARAM_MIP_Strategy_Dive=0;CPXPARAM_MIP_Strategy_File=1;CPXPARAM_MIP_Strategy_HeuristicFreq=0;CPXPARAM_MIP_Strategy_LBHeur=0;CPXPARAM_MIP_Strategy_NodeSelect=3;CPXPARAM_MIP_Strategy_Order=1;CPXPARAM_MIP_Strategy_PresolveNode=2;CPXPARAM_MIP_Strategy_Probe=0;CPXPARAM_MIP_Strategy_RINSHeur=0;CPXPARAM_MIP_Strategy_StartAlgorithm=0;CPXPARAM_MIP_Strategy_SubAlgorithm=0;CPXPARAM_MIP_Strategy_VariableSelect=1;CPXPARAM_Network_NetFind=2;CPXPARAM_Network_Pricing=0;CPXPARAM_Parallel=1;CPXPARAM_Preprocessing_Aggregator=-1;CPXPARAM_Preprocessing_BoundStrength=-1;CPXPARAM_Preprocessing_CoeffReduce=-1;CPXPARAM_Preprocessing_Dependency=-1;CPXPARAM_Preprocessing_Dual=0;CPXPARAM_Preprocessing_Fill=10;CPXPARAM_Preprocessing_NumPass=-1;CPXPARAM_Preprocessing_Presolve=1;CPXPARAM_Preprocessing_QPMakePSD=1;CPXPARAM_Preprocessing_Reduce=3;CPXPARAM_Preprocessing_Relax=-1;CPXPARAM_Preprocessing_RepeatPresolve=-1;CPXPARAM_Preprocessing_Symmetry=-1;CPXPARAM_Read_Scale=0;CPXPARAM_Sifting_Algorithm=0;CPXPARAM_Simplex_Crash=1;CPXPARAM_Simplex_DGradient=0;CPXPARAM_Simplex_Limits_Perturbation=0;CPXPARAM_Simplex_Limits_Singularity=10;CPXPARAM_Simplex_PGradient=0;CPXPARAM_Simplex_Pricing=0;CPXPARAM_Simplex_Refactor=0
11838556313582450892,0,CPXPARAM_Advance=1;CPXPARAM_Barrier_Algorithm=0;CPXPARAM_Barrier_ColNonzeros=0;CPXPARAM_Barrier_Crossover=0;CPXPARAM_Barrier_Limits_Corrections=-1;CPXPARAM_Barrier_Ordering=0;CPXPARAM_Barrier_StartAlg=1;CPXPARAM_Emphasis_MIP=2;CPXPARAM_Emphasis_Memory=0;CPXPARAM_Emphasis_Numerical=0;CPXPARAM_Feasopt_Mode=0;CPXPARAM_LPMethod=0;CPXPARAM_MIP_Cuts_Cliques=-1;CPXPARAM_MIP_Cuts_Covers=2;CPXPARAM_MIP_Cuts_Disjunctive=1;CPXPARAM_MIP_Cuts_FlowCovers=2;CPXPARAM_MIP_Cuts_GUBCovers=1;CPXPARAM_MIP_Cuts_Gomory=0;CPXPARAM_MIP_Cuts_Implied=-1;CPXPARAM_MIP_Cuts_MIRCut=-1;CPXPARAM_MIP_Cuts_PathCut=-1;CPXPARAM_MIP_Limits_AggForCut=3;CPXPARAM_MIP_Limits_CutPasses=0;CPXPARAM_MIP_Limits_CutsFactor=-1;CPXPARAM_MIP_Limits_GomoryCand=400;CPXPARAM_MIP_Limits_GomoryPass=0;CPXPARAM_MIP_Limits_Nodes=9223372036800000000;CPXPARAM_MIP_Limits_ProbeTime=1e+75;CPXPARAM_MIP_Limits_RepairTries=0;CPXPARAM_MIP_Limits_StrongCand=10;CPXPARAM_MIP_Limits_StrongIt=0;CPXPARAM_MIP_OrderType=0;CPXPARAM_MIP_Strategy_BBInterval=7;CPXPARAM_MIP_Strategy_Branch=0;CPXPARAM_MIP_Strategy_Dive=2;CPXPARAM_MIP_Strategy_File=1;CPXPARAM_MIP_Strategy_HeuristicFreq=0;CPXPARAM_MIP_Strategy_LBHeur=0;CPXPARAM_MIP_Strategy_NodeSelect=1;CPXPARAM_MIP_Strategy_Order=1;CPXPARAM_MIP_Strategy_PresolveNode=0;CPXPARAM_MIP_Strategy_Probe=0;CPXPARAM_MIP_Strategy_RINSHeur=0;CPXPARAM_MIP_Strategy_StartAlgorithm=0;CPXPARAM_MIP_Strategy_SubAlgorithm=0;CPXPARAM_MIP_Strategy_VariableSelect=0;CPXPARAM_Network_NetFind=2;CPXPARAM_Network_Pricing=0;CPXPARAM_Parallel=1;CPXPARAM_Preprocessing_Aggregator=-1;CPXPARAM_Preprocessing_BoundStrength=-1;CPXPARAM_Preprocessing_CoeffReduce=-1;CPXPARAM_Preprocessing_Dependency=-1;CPXPARAM_Preprocessing_Dual=0;CPXPARAM_Preprocessing_Fill=10;CPXPARAM_Preprocessing_NumPass=-1;CPXPARAM_Preprocessing_Presolve=1;CPXPARAM_Preprocessing_QPMakePSD=1;CPXPARAM_Preprocessing_Reduce=3;CPXPARAM_Preprocessing_Relax=-1;CPXPARAM_Preprocessing_RepeatPresolve=-1;CPXPARAM_Preprocessing_Symmetry=-1;CPXPARAM_Read_Scale=0;CPXPARAM_Sifting_Algorithm=0;CPXPARAM_Simplex_Crash=1;CPXPARAM_Simplex_DGradient=0;CPXPARAM_Simplex_Limits_Perturbation=0;CPXPARAM_Simplex_Limits_Singularity=10;CPXPARAM_Simplex_PGradient=0;CPXPARAM_Simplex_Pricing=0;CPXPARAM_Simplex_Refactor=0
10153557395896177566,0,CPXPARAM_Advance=1;CPXPARAM_Barrier_Algorithm=0;CPXPARAM_Barrier_ColNonzeros=0;CPXPARAM_Barrier_Crossover=0;CPXPARAM_Barrier_Limits_Corrections=-1;CPXPARAM_Barrier_Ordering=0;CPXPARAM_Barrier_StartAlg=1;CPXPARAM_Emphasis_MIP=3;CPXPARAM_Emphasis_Memory=0;CPXPARAM_Emphasis_Numerical=0;CPXPARAM_Feasopt_Mode=0;CPXPARAM_LPMethod=0;CPXPARAM_MIP_Cuts_Cliques=-1;CPXPARAM_MIP_Cuts_Covers=0;CPXPARAM_MIP_Cuts_Disjunctive=1;CPXPARAM_MIP_Cuts_FlowCovers=0;CPXPARAM_MIP_Cuts_GUBCovers=0;CPXPARAM_MIP_Cuts_Gomory=-1;CPXPARAM_MIP_Cuts_Implied=-1;CPXPARAM_MIP_Cuts_MIRCut=-1;CPXPARAM_MIP_Cuts_PathCut=-1;CPXPARAM_MIP_Limits_AggForCut=3;CPXPARAM_MIP_Limits_CutPasses=0;CPXPARAM_MIP_Limits_CutsFactor=-1;CPXPARAM_MIP_Limits_GomoryCand=200;CPXPARAM_MIP_Limits_GomoryPass=0;CPXPARAM_MIP_Limits_Nodes=9223372036800000000;CPXPARAM_MIP_Limits_ProbeTime=1e+75;CPXPARAM_MIP_Limits_RepairTries=0;CPXPARAM_MIP_Limits_StrongCand=10;CPXPARAM_MIP_Limits_StrongIt=0;CPXPARAM_MIP_OrderType=0;CPXPARAM_MIP_Strategy_BBInterval=7;CPXPARAM_MIP_Strategy_Branch=0;CPXPARAM_MIP_Strategy_Dive=0;CPXPARAM_MIP_Strategy_File=1;CPXPARAM_MIP_Strategy_HeuristicFreq=0;CPXPARAM_MIP_Strategy_LBHeur=0;CPXPARAM_MIP_Strategy_NodeSelect=1;CPXPARAM_MIP_Strategy_Order=1;CPXPARAM_MIP_Strategy_PresolveNode=0;CPXPARAM_MIP_Strategy_Probe=0;CPXPARAM_MIP_Strategy_RINSHeur=0;CPXPARAM_MIP_Strategy_StartAlgorithm=0;CPXPARAM_MIP_Strategy_SubAlgorithm=0;CPXPARAM_MIP_Strategy_VariableSelect=0;CPXPARAM_Network_NetFind=2;CPXPARAM_Network_Pricing=0;CPXPARAM_Parallel=1;CPXPARAM_Preprocessing_Aggregator=-1;CPXPARAM_Preprocessing_BoundStrength=-1;CPXPARAM_Preprocessing_CoeffReduce=-1;CPXPARAM_Preprocessing_Dependency=-1;CPXPARAM_Preprocessing_Dual=0;CPXPARAM_Preprocessing_Fill=10;CPXPARAM_Preprocessing_NumPass=-1;CPXPARAM_Preprocessing_Presolve=1;CPXPARAM_Preprocessing_QPMakePSD=1;CPXPARAM_Preprocessing_Reduce=3;CPXPARAM_Preprocessing_Relax=-1;CPXPARAM_Preprocessing_RepeatPresolve=-1;CPXPARAM_Preprocessing_Symmetry=-1;CPXPARAM_Read_Scale=0;CPXPARAM_Sifting_Algorithm=0;CPXPARAM_Simplex_Crash=1;CPXPARAM_Simplex_DGradient=0;CPXPARAM_Simplex_Limits_Perturbation=0;CPXPARAM_Simplex_Limits_Singularity=10;CPXPARAM_Simplex_PGradient=0;CPXPARAM_Simplex_Pricing=0;CPXPARAM_Simplex_Refactor=0
12280071713669343040,0,CPXPARAM_Advance=1;CPXPARAM_Barrier_Algorithm=0;CPXPARAM_Barrier_ColNonzeros=0;CPXPARAM_Barrier_Crossover=0;CPXPARAM_Barrier_Limits_Corrections=-1;CPXPARAM_Barrier_Ordering=0;CPXPARAM_Barrier_StartAlg=1;CPXPARAM_Emphasis_MIP=0;CPXPARAM_Emphasis_Memory=0;CPXPARAM_Emphasis_Numerical=0;CPXPARAM_Feasopt_Mode=0;CPXPARAM_LPMethod=0;CPXPARAM_MIP_Cuts_Cliques=1;CPXPARAM_MIP_Cuts_Covers=3;CPXPARAM_MIP_Cuts_Disjunctive=1;CPXPARAM_MIP_Cuts_FlowCovers=0;CPXPARAM_MIP_Cuts_GUBCovers=1;CPXPARAM_MIP_Cuts_Gomory=0;CPXPARAM_MIP_Cuts_Implied=2;CPXPARAM_MIP_Cuts_MIRCut=1;CPXPARAM_MIP_Cuts_PathCut=0;CPXPARAM_MIP_Limits_AggForCut=3;CPXPARAM_MIP_Limits_CutPasses=0;CPXPARAM_MIP_Limits_CutsFactor=-1;CPXPARAM_MIP_Limits_GomoryCand=800;CPXPARAM_MIP_Limits_GomoryPass=0;CPXPARAM_MIP_Limits_Nodes=9223372036800000000;CPXPARAM_MIP_Limits_ProbeTime=1e+75;CPXPARAM_MIP_Limits_RepairTries=0;CPXPARAM_MIP_Limits_StrongCand=10;CPXPARAM_MIP_Limits_StrongIt=0;CPXPARAM_MIP_OrderType=0;CPXPARAM_MIP_Strategy_BBInterval=7;CPXPARAM_MIP_Strategy_Branch=1;CPXPARAM_MIP_Strategy_Dive=0;CPXPARAM_MIP_Strategy_File=1;CPXPARAM_MIP_Strategy_HeuristicFreq=0;CPXPARAM_MIP_Strategy_LBHeur=0;CPXPARAM_MIP_Strategy_NodeSelect=1;CPXPARAM_MIP_Strategy_Order=1;CPXPARAM_MIP_Strategy_PresolveNode=2;CPXPARAM_MIP_Strategy_Probe=0;CPXPARAM_MIP_Strategy_RINSHeur=0;CPXPARAM_MIP_Strategy_StartAlgorithm=0;CPXPARAM_MIP_Strategy_SubAlgorithm=0;CPXPARAM_MIP_Strategy_VariableSelect=2;CPXPARAM_Network_NetFind=2;CPXPARAM_Network_Pricing=0;CPXPARAM_Parallel=1;CPXPARAM_Preprocessing_Aggregator=-1;CPXPARAM_Preprocessing_BoundStrength=-1;CPXPARAM_Preprocessing_CoeffReduce=-1;CPXPARAM_Preprocessing_Dependency=-1;CPXPARAM_Preprocessing_Dual=0;CPXPARAM_Preprocessing_Fill=10;CPXPARAM_Preprocessing_NumPass=-1;CPXPARAM_Preprocessing_Presolve=1;CPXPARAM_Preprocessing_QPMakePSD=1;CPXPARAM_Preprocessing_Reduce=3;CPXPARAM_Preprocessing_Relax=-1;CPXPARAM_Preprocessing_RepeatPresolve=-1;CPXPARAM_Preprocessing_Symmetry=-1;CPXPARAM_Read_Scale=0;CPXPARAM_Sifting_Algorithm=0;CPXPARAM_Simplex_Crash=1;CPXPARAM_Simplex_DGradient=0;CPXPARAM_Simplex_Limits_Perturbation=0;CPXPARAM_Simplex_Limits_Singularity=10;CPXPARAM_Simplex_PGradient=0;CPXPARAM_Simplex_Pricing=0;CPXPARAM_Simplex_Refactor=0
7411450154611186080,0,CPXPARAM_Advance=1;CPXPARAM_Barrier_Algorithm=0;CPXPARAM_Barrier_ColNonzeros=0;CPXPARAM_Barrier_Crossover=0;CPXPARAM_Barrier_Limits_Corrections=-1;CPXPARAM_Barrier_Ordering=0;CPXPARAM_Barrier_StartAlg=1;CPXPARAM_Emphasis_MIP=2;CPXPARAM_Emphasis_Memory=0;CPXPARAM_Emphasis_Numerical=0;CPXPARAM_Feasopt_Mode=0;CPXPARAM_LPMethod=0;CPXPARAM_MIP_Cuts_Cliques=-1;CPXPARAM_MIP_Cuts_Covers=0;CPXPARAM_MIP_Cuts_Disjunctive=-1;CPXPARAM_MIP_Cuts_FlowCovers=1;CPXPARAM_MIP_Cuts_GUBCovers=0;CPXPARAM_MIP_Cuts_Gomory=-1;CPXPARAM_MIP_Cuts_Implied=0;CPXPARAM_MIP_Cuts_MIRCut=2;CPXPARAM_MIP_Cuts_PathCut=1;CPXPARAM_MIP_Limits_AggForCut=3;CPXPARAM_MIP_Limits_CutPasses=0;CPXPARAM_MIP_Limits_CutsFactor=-1;CPXPARAM_MIP_Limits_GomoryCand=10;CPXPARAM_MIP_Limits_GomoryPass=0;CPXPARAM_MIP_Limits_Nodes=9223372036800000000;CPXPARAM_MIP_Limits_ProbeTime=1e+75;CPXPARAM_MIP_Limits_RepairTries=0;CPXPARAM_MIP_Limits_StrongCand=10;CPXPARAM_MIP_Limits_StrongIt=0;CPXPARAM_MIP_OrderType=0;CPXPARAM_MIP_Strategy_BBInterval=7;CPXPARAM_MIP_Strategy_Branch=0;CPXPARAM_MIP_Strategy_Dive=0;CPXPARAM_MIP_Strategy_File=1;CPXPARAM_MIP_Strategy_HeuristicFreq=0;CPXPARAM_MIP_Strategy_LBHeur=0;CPXPARAM_MIP_Strategy_NodeSelect=1;CPXPARAM_MIP_Strategy_Order=1;CPXPARAM_MIP_Strategy_PresolveNode=0;CPXPARAM_MIP_Strategy_Probe=0;CPXPARAM_MIP_Strategy_RINSHeur=0;CPXPARAM_MIP_Strategy_StartAlgorithm=0;CPXPARAM_MIP_Strategy_SubAlgorithm=0;CPXPARAM_MIP_Strategy_VariableSelect=0;CPXPARAM_Network_NetFind=2;CPXPARAM_Network_Pricing=0;CPXPARAM_Parallel=1;CPXPARAM_Preprocessing_Aggregator=-1;CPXPARAM_Preprocessing_BoundStrength=-1;CPXPARAM_Preprocessing_CoeffReduce=-1;CPXPARAM_Preprocessing_Dependency=-1;CPXPARAM_Preprocessing_Dual=0;CPXPARAM_Preprocessing_Fill=10;CPXPARAM_Preprocessing_NumPass=-1;CPXPARAM_Preprocessing_Presolve=1;CPXPARAM_Preprocessing_QPMakePSD=1;CPXPARAM_Preprocessing_Reduce=3;CPXPARAM_Preprocessing_Relax=-1;CPXPARAM_Preprocessing_RepeatPresolve=-1;CPXPARAM_Preprocessing_Symmetry=-1;CPXPARAM_Read_Scale=0;CPXPARAM_Sifting_Algorithm=0;CPXPARAM_Simplex_Crash=1;CPXPARAM_Simplex_DGradient=0;CPXPARAM_Simplex_Limits_Perturbation=0;CPXPARAM_Simplex_Limits_Singularity=10;CPXPARAM_Simplex_PGradient=0;CPXPARAM_Simplex_Pricing=0;CPXPARAM_Simplex_Refactor=0
13043335837031980864,0,CPXPARAM_Advance=1;CPXPARAM_Barrier_Algorithm=0;CPXPARAM_Barrier_ColNonzeros=0;CPXPARAM_Barrier_Crossover=0;CPXPARAM_Barrier_Limits_Corrections=-1;CPXPARAM_Barrier_Ordering=0;CPXPARAM_Barrier_StartAlg=1;CPXPARAM_Emphasis_MIP=2;CPXPARAM_Emphasis_Memory=0;CPXPARAM_Emphasis_Numerical=0;CPXPARAM_Feasopt_Mode=0;CPXPARAM_LPMethod=0;CPXPARAM_MIP_Cuts_Cliques=1;CPXPARAM_MIP_Cuts_Covers=0;CPXPARAM_MIP_Cuts_Disjunctive=-1;CPXPARAM_MIP_Cuts_FlowCovers=-1;CPXPARAM_MIP_Cuts_GUBCovers=0;CPXPARAM_MIP_Cuts_Gomory=1;CPXPARAM_MIP_Cuts_Implied=2;CPXPARAM_MIP_Cuts_MIRCut=-1;CPXPARAM_MIP_Cuts_PathCut=1;CPXPARAM_MIP_Limits_AggForCut=3;CPXPARAM_MIP_Limits_CutPasses=0;CPXPARAM_MIP_Limits_CutsFactor=-1;CPXPARAM_MIP_Limits_GomoryCand=200;CPXPARAM_MIP_Limits_GomoryPass=0;CPXPARAM_MIP_Limits_Nodes=9223372036800000000;CPXPARAM_MIP_Limits_ProbeTime=1e+75;CPXPARAM_MIP_Limits_RepairTries=0;CPXPARAM_MIP_Limits_StrongCand=10;CPXPARAM_MIP_Limits_StrongIt=0;CPXPARAM_MIP_OrderType=0;CPXPARAM_MIP_Strategy_BBInterval=7;CPXPARAM_MIP_Strategy_Branch=0;CPXPARAM_MIP_Strategy_Dive=0;CPXPARAM_MIP_Strategy_File=1;CPXPARAM_MIP_Strategy_HeuristicFreq=0;CPXPARAM_MIP_Strategy_LBHeur=0;CPXPARAM_MIP_Strategy_NodeSelect=1;CPXPARAM_MIP_Strategy_Order=1;CPXPARAM_MIP_Strategy_PresolveNode=0;CPXPARAM_MIP_Strategy_Probe=0;CPXPARAM_MIP_Strategy_RINSHeur=0;CPXPARAM_MIP_Strategy_StartAlgorithm=0;CPXPARAM_MIP_Strategy_SubAlgorithm=0;CPXPARAM_MIP_Strategy_VariableSelect=0;CPXPARAM_Network_NetFind=2;CPXPARAM_Network_Pricing=0;CPXPARAM_Parallel=1;CPXPARAM_Preprocessing_Aggregator=-1;CPXPARAM_Preprocessing_BoundStrength=-1;CPXPARAM_Preprocessing_CoeffReduce=-1;CPXPARAM_Preprocessing_Dependency=-1;CPXPARAM_Preprocessing_Dual=0;CPXPARAM_Preprocessing_Fill=10;CPXPARAM_Preprocessing_NumPass=-1;CPXPARAM_Preprocessing_Presolve=1;CPXPARAM_Preprocessing_QPMakePSD=1;CPXPARAM_Preprocessing_Reduce=3;CPXPARAM_Preprocessing_Relax=-1;CPXPARAM_Preprocessing_RepeatPresolve=-1;CPXPARAM_Preprocessing_Symmetry=-1;CPXPARAM_Read_Scale=0;CPXPARAM_Sifting_Algorithm=0;CPXPARAM_Simplex_Crash=1;CPXPARAM_Simplex_DGradient=0;CPXPARAM_Simplex_Limits_Perturbation=0;CPXPARAM_Simplex_Limits_Singularity=10;CPXPARAM_Simplex_PGradient=0;CPXPARAM_Simplex_Pricing=0;CPXPARAM_Simplex_Refactor=0
11148870594550262203,0,CPXPARAM_Advance=1;CPXPARAM_Barrier_Algorithm=0;CPXPARAM_Barrier_ColNonzeros=0;CPXPARAM_Barrier_Crossover=0;CPXPARAM_Barrier_Limits_Corrections=-1;CPXPARAM_Barrier_Ordering=0;CPXPARAM_Barrier_StartAlg=1;CPXPARAM_Emphasis_MIP=1;CPXPARAM_Emphasis_Memory=0;CPXPARAM_Emphasis_Numerical=0;CPXPARAM_Feasopt_Mode=0;CPXPARAM_LPMethod=0;CPXPARAM_MIP_Cuts_Cliques=2;CPXPARAM_MIP_Cuts_Covers=0;CPXPARAM_MIP_Cuts_Disjunctive=1;CPXPARAM_MIP_Cuts_FlowCovers=1;CPXPARAM_MIP_Cuts_GUBCovers=-1;CPXPARAM_MIP_Cuts_Gomory=-1;CPXPARAM_MIP_Cuts_Implied=0;CPXPARAM_MIP_Cuts_MIRCut=1;CPXPARAM_MIP_Cuts_PathCut=2;CPXPARAM_MIP_Limits_AggForCut=3;CPXPARAM_MIP_Limits_CutPasses=0;CPXPARAM_MIP_Limits_CutsFactor=-1;CPXPARAM_MIP_Limits_GomoryCand=800;CPXPARAM_MIP_Limits_GomoryPass=0;CPXPARAM_MIP_Limits_Nodes=9223372036800000000;CPXPARAM_MIP_Limits_ProbeTime=1e+75;CPXPARAM_MIP_Limits_RepairTries=0;CPXPARAM_MIP_Limits_StrongCand=10;CPXPARAM_MIP_Limits_StrongIt=0;CPXPARAM_MIP_OrderType=0;CPXPARAM_MIP_Strategy_BBInterval=7;CPXPARAM_MIP_Strategy_Branch=0;CPXPARAM_MIP_Strategy_Dive=0;CPXPARAM_MIP_Strategy_File=1;CPXPARAM_MIP_Strategy_HeuristicFreq=0;CPXPARAM_MIP_Strategy_LBHeur=0;CPXPARAM_MIP_Strategy_NodeSelect=1;CPXPARAM_MIP_Strategy_Order=1;CPXPARAM_MIP_Strategy_PresolveNode=0;CPXPARAM_MIP_Strategy_Probe=0;CPXPARAM_MIP_Strategy_RINSHeur=0;CPXPARAM_MIP_Strategy_StartAlgorithm=0;CPXPARAM_MIP_Strategy_SubAlgorithm=0;CPXPARAM_MIP_Strategy_VariableSelect=0;CPXPARAM_Network_NetFind=2;CPXPARAM_Network_Pricing=0;CPXPARAM_Parallel=1;CPXPARAM_Preprocessing_Aggregator=-1;CPXPARAM_Preprocessing_BoundStrength=-1;CPXPARAM_Preprocessing_CoeffReduce=-1;CPXPARAM_Preprocessing_Dependency=-1;CPXPARAM_Preprocessing_Dual=0;CPXPARAM_Preprocessing_Fill=10;CPXPARAM_Preprocessing_NumPass=-1;CPXPARAM_Preprocessing_Presolve=1;CPXPARAM_Preprocessing_QPMakePSD=1;CPXPARAM_Preprocessing_Reduce=3;CPXPARAM_Preprocessing_Relax=-1;CPXPARAM_Preprocessing_RepeatPresolve=-1;CPXPARAM_Preprocessing_Symmetry=-1;CPXPARAM_Read_Scale=0;CPXPARAM_Sifting_Algorithm=0;CPXPARAM_Simplex_Crash=1;CPXPARAM_Simplex_DGradient=0;CPXPARAM_Simplex_Limits_Perturbation=0;CPXPARAM_Simplex_Limits_Singularity=10;CPXPARAM_Simplex_PGradient=0;CPXPARAM_Simplex_Pricing=0;CPXPARAM_Simplex_Refactor=0
16726510810014593179,0,CPXPARAM_Advance=1;CPXPARAM_Barrier_Algorithm=0;CPXPARAM_Barrier_ColNonzeros=0;CPXPARAM_Barrier_Crossover=0;CPXPARAM_Barrier_Limits_Corrections=-1;CPXPARAM_Barrier_Ordering=0;CPXPARAM_Barrier_StartAlg=1;CPXPARAM_Emphasis_MIP=0;CPXPARAM_Emphasis_Memory=0;CPXPARAM_Emphasis_Numerical=0;CPXPARAM_Feasopt_Mode=0;CPXPARAM_LPMethod=0;CPXPARAM_MIP_Cuts_Cliques=2;CPXPARAM_MIP_Cuts_Covers=0;CPXPARAM_MIP_Cuts_Disjunctive=1;CPXPARAM_MIP_Cuts_FlowCovers=0;CPXPARAM_MIP_Cuts_GUBCovers=1;CPXPARAM_MIP_Cuts_Gomory=0;CPXPARAM_MIP_Cuts_Implied=-1;CPXPARAM_MIP_Cuts_MIRCut=-1;CPXPARAM_MIP_Cuts_PathCut=1;CPXPARAM_MIP_Limits_AggForCut=3;CPXPARAM_MIP_Limits_CutPasses=0;CPXPARAM_MIP_Limits_CutsFactor=-1;CPXPARAM_MIP_Limits_GomoryCand=400;CPXPARAM_MIP_Limits_GomoryPass=0;CPXPARAM_MIP_Limits_Nodes=9223372036800000000;CPXPARAM_MIP_Limits_ProbeTime=1e+75;CPXPARAM_MIP_Limits_RepairTries=0;CPXPARAM_MIP_Limits_StrongCand=10;CPXPARAM_MIP_Limits_StrongIt=0;CPXPARAM_MIP_OrderType=0;CPXPARAM_MIP_Strategy_BBInterval=7;CPXPARAM_MIP_Strategy_Branch=-1;CPXPARAM_MIP_Strategy_Dive=0;CPXPARAM_MIP_Strategy_File=1;CPXPARAM_MIP_Strategy_HeuristicFreq=0;CPXPARAM_MIP_Strategy_LBHeur=0;CPXPARAM_MIP_Strategy_NodeSelect=0;CPXPARAM_MIP_Strategy_Order=1;CPXPARAM_MIP_Strategy_PresolveNode=0;CPXPARAM_MIP_Strategy_Probe=0;CPXPARAM_MIP_Strategy_RINSHeur=0;CPXPARAM_MIP_Strategy_StartAlgorithm=0;CPXPARAM_MIP_Strategy_SubAlgorithm=0;CPXPARAM_MIP_Strategy_VariableSelect=1;CPXPARAM_Network_NetFind=2;CPXPARAM_Network_Pricing=0;CPXPARAM_Parallel=1;CPXPARAM_Preprocessing_Aggregator=-1;CPXPARAM_Preprocessing_BoundStrength=-1;CPXPARAM_Preprocessing_CoeffReduce=-1;CPXPARAM_Preprocessing_Dependency=-1;CPXPARAM_Preprocessing_Dual=0;CPXPARAM_Preprocessing_Fill=10;CPXPARAM_Preprocessing_NumPass=-1;CPXPARAM_Preprocessing_Presolve=1;CPXPARAM_Preprocessing_QPMakePSD=1;CPXPARAM_Preprocessing_Reduce=3;CPXPARAM_Preprocessing_Relax=-1;CPXPARAM_Preprocessing_RepeatPresolve=-1;CPXPARAM_Preprocessing_Symmetry=-1;CPXPARAM_Read_Scale=0;CPXPARAM_Sifting_Algorithm=0;CPXPARAM_Simplex_Crash=1;CPXPARAM_Simplex_DGradient=0;CPXPARAM_Simplex_Limits_Perturbation=0;CPXPARAM_Simplex_Limits_Singularity=10;CPXPARAM_Simplex_PGradient=0;CPXPARAM_Simplex_Pricing=0;CPXPARAM_Simplex_Refactor=0
1492408811737891900,0,CPXPARAM_Advance=1;CPXPARAM_Barrier_Algorithm=0;CPXPARAM_Barrier_ColNonzeros=0;CPXPARAM_Barrier_Crossover=0;CPXPARAM_Barrier_Limits_Corrections=-1;CPXPARAM_Barrier_Ordering=0;CPXPARAM_Barrier_StartAlg=1;CPXPARAM_Emphasis_MIP=0;CPXPARAM_Emphasis_Memory=0;CPXPARAM_Emphasis_Numerical=0;CPXPARAM_Feasopt_Mode=0;CPXPARAM_LPMethod=0;CPXPARAM_MIP_Cuts_Cliques=3;CPXPARAM_MIP_Cuts_Covers=0;CPXPARAM_MIP_Cuts_Disjunctive=-1;CPXPARAM_MIP_Cuts_FlowCovers=1;CPXPARAM_MIP_Cuts_GUBCovers=2;CPXPARAM_MIP_Cuts_Gomory=2;CPXPARAM_MIP_Cuts_Implied=-1;CPXPARAM_MIP_Cuts_MIRCut=2;CPXPARAM_MIP_Cuts_PathCut=2;CPXPARAM_MIP_Limits_AggForCut=3;CPXPARAM_MIP_Limits_CutPasses=0;CPXPARAM_MIP_Limits_CutsFactor=-1;CPXPARAM_MIP_Limits_GomoryCand=10;CPXPARAM_MIP_Limits_GomoryPass=0;CPXPARAM_MIP_Limits_Nodes=9223372036800000000;CPXPARAM_MIP_Limits_ProbeTime=1e+75;CPXPARAM_MIP_Limits_RepairTries=0;CPXPARAM_MIP_Limits_StrongCand=10;CPXPARAM_MIP_Limits_StrongIt=0;CPXPARAM_MIP_OrderType=0;CPXPARAM_MIP_Strategy_BBInterval=7;CPXPARAM_MIP_Strategy_Branch=0;CPXPARAM_MIP_Strategy_Dive=0;CPXPARAM_MIP_Strategy_File=1;CPXPARAM_MIP_Strategy_HeuristicFreq=0;CPXPARAM_MIP_Strategy_LBHeur=0;CPXPARAM_MIP_Strategy_NodeSelect=0;CPXPARAM_MIP_Strategy_Order=1;CPXPARAM_MIP_Strategy_PresolveNode=-1;CPXPARAM_MIP_Strategy_Probe=-1;CPXPARAM_MIP_Strategy_RINSHeur=0;CPXPARAM_MIP_Strategy_StartAlgorithm=0;CPXPARAM_MIP_Strategy_SubAlgorithm=3;CPXPARAM_MIP_Strategy_VariableSelect=1;CPXPARAM_Network_NetFind=2;CPXPARAM_Network_Pricing=0;CPXPARAM_Parallel=1;CPXPARAM_Preprocessing_Aggregator=-1;CPXPARAM_Preprocessing_BoundStrength=-1;CPXPARAM_Preprocessing_CoeffReduce=-1;CPXPARAM_Preprocessing_Dependency=-1;CPXPARAM_Preprocessing_Dual=0;CPXPARAM_Preprocessing_Fill=2;CPXPARAM_Preprocessing_NumPass=-1;CPXPARAM_Preprocessing_Presolve=1;CPXPARAM_Preprocessing_QPMakePSD=1;CPXPARAM_Preprocessing_Reduce=0;CPXPARAM_Preprocessing_Relax=-1;CPXPARAM_Preprocessing_RepeatPresolve=-1;CPXPARAM_Preprocessing_Symmetry=-1;CPXPARAM_Read_Scale=0;CPXPARAM_Sifting_Algorithm=0;CPXPARAM_Simplex_Crash=1;CPXPARAM_Simplex_DGradient=0;CPXPARAM_Simplex_Limits_Perturbation=0;CPXPARAM_Simplex_Limits_Singularity=10;CPXPARAM_Simplex_PGradient=0;CPXPARAM_Simplex_Pricing=0;CPXPARAM_Simplex_Refactor=0
8410558838519598640,0,CPXPARAM_Advance=1;CPXPARAM_Barrier_Algorithm=0;CPXPARAM_Barrier_ColNonzeros=0;CPXPARAM_Barrier_Crossover=0;CPXPARAM_Barrier_Limits_Corrections=-1;CPXPARAM_Barrier_Ordering=0;CPXPARAM_Barrier_StartAlg=1;CPXPARAM_Emphasis_MIP=4;CPXPARAM_Emphasis_Memory=0;CPXPARAM_Emphasis_Numerical=0;CPXPARAM_Feasopt_Mode=0;CPXPARAM_LPMethod=0;CPXPARAM_MIP_Cuts_Cliques=-1;CPXPARAM_MIP_Cuts_Covers=0;CPXPARAM_MIP_Cuts_Disjunctive=-1;CPXPARAM_MIP_Cuts_FlowCovers=2;CPXPARAM_MIP_Cuts_GUBCovers=0;CPXPARAM_MIP_Cuts_Gomory=1;CPXPARAM_MIP_Cuts_Implied=1;CPXPARAM_MIP_Cuts_MIRCut=2;CPXPARAM_MIP_Cuts_PathCut=-1;CPXPARAM_MIP_Limits_AggForCut=3;CPXPARAM_MIP_Limits_CutPasses=0;CPXPARAM_MIP_Limits_CutsFactor=-1;CPXPARAM_MIP_Limits_GomoryCand=50;CPXPARAM_MIP_Limits_GomoryPass=0;CPXPARAM_MIP_Limits_Nodes=9223372036800000000;CPXPARAM_MIP_Limits_ProbeTime=1e+75;CPXPARAM_MIP_Limits_RepairTries=0;CPXPARAM_MIP_Limits_StrongCand=10;CPXPARAM_MIP_Limits_StrongIt=0;CPXPARAM_MIP_OrderType=0;CPXPARAM_MIP_Strategy_BBInterval=7;CPXPARAM_MIP_Strategy_Branch=0;CPXPARAM_MIP_Strategy_Dive=0;CPXPARAM_MIP_Strategy_File=1;CPXPARAM_MIP_Strategy_HeuristicFreq=0;CPXPARAM_MIP_Strategy_LBHeur=0;CPXPARAM_MIP_Strategy_NodeSelect=1;CPXPARAM_MIP_Strategy_Order=1;CPXPARAM_MIP_Strategy_PresolveNode=0;CPXPARAM_MIP_Strategy_Probe=2;CPXPARAM_MIP_Strategy_RINSHeur=0;CPXPARAM_MIP_Strategy_StartAlgorithm=0;CPXPARAM_MIP_Strategy_SubAlgorithm=0;CPXPARAM_MIP_Strategy_VariableSelect=0;CPXPARAM_Network_NetFind=2;CPXPARAM_Network_Pricing=0;CPXPARAM_Parallel=1;CPXPARAM_Preprocessing_Aggregator=-1;CPXPARAM_Preprocessing_BoundStrength=-1;CPXPARAM_Preprocessing_CoeffReduce=-1;CPXPARAM_Preprocessing_Dependency=-1;CPXPARAM_Preprocessing_Dual=0;CPXPARAM_Preprocessing_Fill=10;CPXPARAM_Preprocessing_NumPass=-1;CPXPARAM_Preprocessing_Presolve=1;CPXPARAM_Preprocessing_QPMakePSD=1;CPXPARAM_Preprocessing_Reduce=3;CPXPARAM_Preprocessing_Relax=-1;CPXPARAM_Preprocessing_RepeatPresolve=-1;CPXPARAM_Preprocessing_Symmetry=-1;CPXPARAM_Read_Scale=0;CPXPARAM_Sifting_Algorithm=0;CPXPARAM_Simplex_Crash=1;CPXPARAM_Simplex_DGradient=0;CPXPARAM_Simplex_Limits_Perturbation=0;CPXPARAM_Simplex_Limits_Singularity=10;CPXPARAM_Simplex_PGradient=0;CPXPARAM_Simplex_Pricing=0;CPXPARAM_Simplex_Refactor=0
9969992333935493925,0,CPXPARAM_Advance=1;CPXPARAM_Barrier_Algorithm=0;CPXPARAM_Barrier_ColNonzeros=0;CPXPARAM_Barrier_Crossover=0;CPXPARAM_Barrier_Limits_Corrections=-1;CPXPARAM_Barrier_Ordering=0;CPXPARAM_Barrier_StartAlg=1;CPXPARAM_Emphasis_MIP=0;CPXPARAM_Emphasis_Memory=0;CPXPARAM_Emphasis_Numerical=0;CPXPARAM_Feasopt_Mode=0;CPXPARAM_LPMethod=0;CPXPARAM_MIP_Cuts_Cliques=-1;CPXPARAM_MIP_Cuts_Covers=-1;CPXPARAM_MIP_Cuts_Disjunctive=0;CPXPARAM_MIP_Cuts_FlowCovers=2;CPXPARAM_MIP_Cuts_GUBCovers=1;CPXPARAM_MIP_Cuts_Gomory=1;CPXPARAM_MIP_Cuts_Implied=1;CPXPARAM_MIP_Cuts_MIRCut=1;CPXPARAM_MIP_Cuts_PathCut=0;CPXPARAM_MIP_Limits_AggForCut=3;CPXPARAM_MIP_Limits_CutPasses=0;CPXPARAM_MIP_Limits_CutsFactor=-1;CPXPARAM_MIP_Limits_GomoryCand=25;CPXPARAM_MIP_Limits_GomoryPass=0;CPXPARAM_MIP_Limits_Nodes=9223372036800000000;CPXPARAM_MIP_Limits_ProbeTime=1e+75;CPXPARAM_MIP_Limits_RepairTries=0;CPXPARAM_MIP_Limits_StrongCand=10;CPXPARAM_MIP_Limits_StrongIt=0;CPXPARAM_MIP_OrderType=0;CPXPARAM_MIP_Strategy_BBInterval=7;CPXPARAM_MIP_Strategy_Branch=0;CPXPARAM_MIP_Strategy_Dive=0;CPXPARAM_MIP_Strategy_File=1;CPXPARAM_MIP_Strategy_HeuristicFreq=0;CPXPARAM_MIP_Strategy_LBHeur=0;CPXPARAM_MIP_Strategy_NodeSelect=3;CPXPARAM_MIP_Strategy_Order=1;CPXPARAM_MIP_Strategy_PresolveNode=3;CPXPARAM_MIP_Strategy_Probe=1;CPXPARAM_MIP_Strategy_RINSHeur=0;CPXPARAM_MIP_Strategy_StartAlgorithm=0;CPXPARAM_MIP_Strategy_SubAlgorithm=0;CPXPARAM_MIP_Strategy_VariableSelect=2;CPXPARAM_Network_NetFind=2;CPXPARAM_Network_Pricing=0;CPXPARAM_Parallel=1;CPXPARAM_Preprocessing_Aggregator=-1;CPXPARAM_Preprocessing_BoundStrength=-1;CPXPARAM_Preprocessing_CoeffReduce=-1;CPXPARAM_Preprocessing_Dependency=-1;CPXPARAM_Preprocessing_Dual=0;CPXPARAM_Preprocessing_Fill=5;CPXPARAM_Preprocessing_NumPass=-1;CPXPARAM_Preprocessing_Presolve=1;CPXPARAM_Preprocessing_QPMakePSD=1;CPXPARAM_Preprocessing_Reduce=3;CPXPARAM_Preprocessing_Relax=-1;CPXPARAM_Preprocessing_RepeatPresolve=-1;CPXPARAM_Preprocessing_Symmetry=-1;CPXPARAM_Read_Scale=0;CPXPARAM_Sifting_Algorithm=0;CPXPARAM_Simplex_Crash=1;CPXPARAM_Simplex_DGradient=0;CPXPARAM_Simplex_Limits_Perturbation=0;CPXPARAM_Simplex_Limits_Singularity=10;CPXPARAM_Simplex_PGradient=0;CPXPARAM_Simplex_Pricing=0;CPXPARAM_Simplex_Refactor=0
12741131242112970396,0,CPXPARAM_Advance=1;CPXPARAM_Barrier_Algorithm=0;CPXPARAM_Barrier_ColNonzeros=0;CPXPARAM_Barrier_Crossover=0;CPXPARAM_Barrier_Limits_Corrections=-1;CPXPARAM_Barrier_Ordering=0;CPXPARAM_Barrier_StartAlg=1;CPXPARAM_Emphasis_MIP=4;CPXPARAM_Emphasis_Memory=0;CPXPARAM_Emphasis_Numerical=0;CPXPARAM_Feasopt_Mode=0;CPXPARAM_LPMethod=0;CPXPARAM_MIP_Cuts_Cliques=2;CPXPARAM_MIP_Cuts_Covers=2;CPXPARAM_MIP_Cuts_Disjunctive=0;CPXPARAM_MIP_Cuts_FlowCovers=2;CPXPARAM_MIP_Cuts_GUBCovers=2;CPXPARAM_MIP_Cuts_Gomory=1;CPXPARAM_MIP_Cuts_Implied=2;CPXPARAM_MIP_Cuts_MIRCut=0;CPXPARAM_MIP_Cuts_PathCut=-1;CPXPARAM_MIP_Limits_AggForCut=3;CPXPARAM_MIP_Limits_CutPasses=0;CPXPARAM_MIP_Limits_CutsFactor=-1;CPXPARAM_MIP_Limits_GomoryCand=50;CPXPARAM_MIP_Limits_GomoryPass=0;CPXPARAM_MIP_Limits_Nodes=9223372036800000000;CPXPARAM_MIP_Limits_ProbeTime=1e+75;CPXPARAM_MIP_Limits_RepairTries=0;CPXPARAM_MIP_Limits_StrongCand=10;CPXPARAM_MIP_Limits_StrongIt=0;CPXPARAM_MIP_OrderType=2;CPXPARAM_MIP_Strategy_BBInterval=7;CPXPARAM_MIP_Strategy_Branch=1;CPXPARAM_MIP_Strategy_Dive=0;CPXPARAM_MIP_Strategy_File=1;CPXPARAM_MIP_Strategy_HeuristicFreq=0;CPXPARAM_MIP_Strategy_LBHeur=0;CPXPARAM_MIP_Strategy_NodeSelect=2;CPXPARAM_MIP_Strategy_Order=1;CPXPARAM_MIP_Strategy_PresolveNode=3;CPXPARAM_MIP_Strategy_Probe=-1;CPXPARAM_MIP_Strategy_RINSHeur=0;CPXPARAM_MIP_Strategy_StartAlgorithm=0;CPXPARAM_MIP_Strategy_SubAlgorithm=3;CPXPARAM_MIP_Strategy_VariableSelect=-1;CPXPARAM_Network_NetFind=2;CPXPARAM_Network_Pricing=0;CPXPARAM_Parallel=1;CPXPARAM_Preprocessing_Aggregator=-1;CPXPARAM_Preprocessing_BoundStrength=-1;CPXPARAM_Preprocessing_CoeffReduce=-1;CPXPARAM_Preprocessing_Dependency=-1;CPXPARAM_Preprocessing_Dual=0;CPXPARAM_Preprocessing_Fill=40;CPXPARAM_Preprocessing_NumPass=-1;CPXPARAM_Preprocessing_Presolve=1;CPXPARAM_Preprocessing_QPMakePSD=1;CPXPARAM_Preprocessing_Reduce=3;CPXPARAM_Preprocessing_Relax=-1;CPXPARAM_Preprocessing_RepeatPresolve=-1;CPXPARAM_Preprocessing_Symmetry=-1;CPXPARAM_Read_Scale=0;CPXPARAM_Sifting_Algorithm=0;CPXPARAM_Simplex_Crash=1;CPXPARAM_Simplex_DGradient=0;CPXPARAM_Simplex_Limits_Perturbation=0;CPXPARAM_Simplex_Limits_Singularity=10;CPXPARAM_Simplex_PGradient=0;CPXPARAM_Simplex_Pricing=0;CPXPARAM_Simplex_Refactor=0
1147745814631177461,0,CPXPARAM_Advance=1;CPXPARAM_Barrier_Algorithm=0;CPXPARAM_Barrier_ColNonzeros=0;CPXPARAM_Barrier_Crossover=0;CPXPARAM_Barrier_Limits_Corrections=-1;CPXPARAM_Barrier_Ordering=0;CPXPARAM_Barrier_StartAlg=1;CPXPARAM_Emphasis_MIP=4;CPXPARAM_Emphasis_Memory=0;CPXPARAM_Emphasis_Numerical=0;CPXPARAM_Feasopt_Mode=0;CPXPARAM_LPMethod=0;CPXPARAM_MIP_Cuts_Cliques=-1;CPXPARAM_MIP_Cuts_Covers=0;CPXPARAM_MIP_Cuts_Disjunctive=0;CPXPARAM_MIP_Cuts_FlowCovers=1;CPXPARAM_MIP_Cuts_GUBCovers=0;CPXPARAM_MIP_Cuts_Gomory=2;CPXPARAM_MIP_Cuts_Implied=0;CPXPARAM_MIP_Cuts_MIRCut=1;CPXPARAM_MIP_Cuts_PathCut=0;CPXPARAM_MIP_Limits_AggForCut=3;CPXPARAM_MIP_Limits_CutPasses=0;CPXPARAM_MIP_Limits_CutsFactor=-1;CPXPARAM_MIP_Limits_GomoryCand=50;CPXPARAM_MIP_Limits_GomoryPass=0;CPXPARAM_MIP_Limits_Nodes=9223372036800000000;CPXPARAM_MIP_Limits_ProbeTime=1e+75;CPXPARAM_MIP_Limits_RepairTries=0;CPXPARAM_MIP_Limits_StrongCand=10;CPXPARAM_MIP_Limits_StrongIt=0;CPXPARAM_MIP_OrderType=0;CPXPARAM_MIP_Strategy_BBInterval=7;CPXPARAM_MIP_Strategy_Branch=0;CPXPARAM_MIP_Strategy_Dive=0;CPXPARAM_MIP_Strategy_File=1;CPXPARAM_MIP_Strategy_HeuristicFreq=0;CPXPARAM_MIP_Strategy_LBHeur=0;CPXPARAM_MIP_Strategy_NodeSelect=1;CPXPARAM_MIP_Strategy_Order=1;CPXPARAM_MIP_Strategy_PresolveNode=0;CPXPARAM_MIP_Strategy_Probe=0;CPXPARAM_MIP_Strategy_RINSHeur=0;CPXPARAM_MIP_Strategy_StartAlgorithm=0;CPXPARAM_MIP_Strategy_SubAlgorithm=0;CPXPARAM_MIP_Strategy_VariableSelect=0;CPXPARAM_Network_NetFind=2;CPXPARAM_Network_Pricing=0;CPXPARAM_Parallel=1;CPXPARAM_Preprocessing_Aggregator=-1;CPXPARAM_Preprocessing_BoundStrength=-1;CPXPARAM_Preprocessing_CoeffReduce=-1;CPXPARAM_Preprocessing_Dependency=-1;CPXPARAM_Preprocessing_Dual=0;CPXPARAM_Preprocessing_Fill=10;CPXPARAM_Preprocessing_NumPass=-1;CPXPARAM_Preprocessing_Presolve=1;CPXPARAM_Preprocessing_QPMakePSD=1;CPXPARAM_Preprocessing_Reduce=3;CPXPARAM_Preprocessing_Relax=-1;CPXPARAM_Preprocessing_RepeatPresolve=-1;CPXPARAM_Preprocessing_Symmetry=-1;CPXPARAM_Read_Scale=0;CPXPARAM_Sifting_Algorithm=0;CPXPARAM_Simplex_Crash=1;CPXPARAM_Simplex_DGradient=0;CPXPARAM_Simplex_Limits_Perturbation=0;CPXPARAM_Simplex_Limits_Singularity=10;CPXPARAM_Simplex_PGradient=0;CPXPARAM_Simplex_Pricing=0;CPXPARAM_Simplex_Refactor=0
9556433775413052966,0,CPXPARAM_Advance=1;CPXPARAM_Barrier_Algorithm=0;CPXPARAM_Barrier_ColNonzeros=0;CPXPARAM_Barrier_Crossover=0;CPXPARAM_Barrier_Limits_Corrections=-1;CPXPARAM_Barrier_Ordering=0;CPXPARAM_Barrier_StartAlg=1;CPXPARAM_Emphasis_MIP=5;CPXPARAM_Emphasis_Memory=0;CPXPARAM_Emphasis_Numerical=0;CPXPARAM_Feasopt_Mode=0;CPXPARAM_LPMethod=0;CPXPARAM_MIP_Cuts_Cliques=3;CPXPARAM_MIP_Cuts_Covers=0;CPXPARAM_MIP_Cuts_Disjunctive=-1;CPXPARAM_MIP_Cuts_FlowCovers=0;CPXPARAM_MIP_Cuts_GUBCovers=1;CPXPARAM_MIP_Cuts_Gomory=0;CPXPARAM_MIP_Cuts_Implied=2;CPXPARAM_MIP_Cuts_MIRCut=-1;CPXPARAM_MIP_Cuts_PathCut=-1;CPXPARAM_MIP_Limits_AggForCut=0;CPXPARAM_MIP_Limits_CutPasses=0;CPXPARAM_MIP_Limits_CutsFactor=-1;CPXPARAM_MIP_Limits_GomoryCand=200;CPXPARAM_MIP_Limits_GomoryPass=0;CPXPARAM_MIP_Limits_Nodes=9223372036800000000;CPXPARAM_MIP_Limits_ProbeTime=1e+75;CPXPARAM_MIP_Limits_RepairTries=0;CPXPARAM_MIP_Limits_StrongCand=10;CPXPARAM_MIP_Limits_StrongIt=0;CPXPARAM_MIP_OrderType=0;CPXPARAM_MIP_Strategy_BBInterval=7;CPXPARAM_MIP_Strategy_Branch=-1;CPXPARAM_MIP_Strategy_Dive=0;CPXPARAM_MIP_Strategy_File=1;CPXPARAM_MIP_Strategy_HeuristicFreq=0;CPXPARAM_MIP_Strategy_LBHeur=0;CPXPARAM_MIP_Strategy_NodeSelect=2;CPXPARAM_MIP_Strategy_Order=1;CPXPARAM_MIP_Strategy_PresolveNode=-1;CPXPARAM_MIP_Strategy_Probe=2;CPXPARAM_MIP_Strategy_RINSHeur=0;CPXPARAM_MIP_Strategy_StartAlgorithm=0;CPXPARAM_MIP_Strategy_SubAlgorithm=3;CPXPARAM_MIP_Strategy_VariableSelect=4;CPXPARAM_Network_NetFind=2;CPXPARAM_Network_Pricing=0;CPXPARAM_Parallel=1;CPXPARAM_Preprocessing_Aggregator=-1;CPXPARAM_Preprocessing_BoundStrength=-1;CPXPARAM_Preprocessing_CoeffReduce=-1;CPXPARAM_Preprocessing_Dependency=-1;CPXPARAM_Preprocessing_Dual=0;CPXPARAM_Preprocessing_Fill=20;CPXPARAM_Preprocessing_NumPass=-1;CPXPARAM_Preprocessing_Presolve=1;CPXPARAM_Preprocessing_QPMakePSD=1;CPXPARAM_Preprocessing_Reduce=3;CPXPARAM_Preprocessing_Relax=-1;CPXPARAM_Preprocessing_RepeatPresolve=-1;CPXPARAM_Preprocessing_Symmetry=-1;CPXPARAM_Read_Scale=0;CPXPARAM_Sifting_Algorithm=0;CPXPARAM_Simplex_Crash=1;CPXPARAM_Simplex_DGradient=0;CPXPARAM_Simplex_Limits_Perturbation=0;CPXPARAM_Simplex_Limits_Singularity=10;CPXPARAM_Simplex_PGradient=0;CPXPARAM_Simplex_Pricing=0;CPXPARAM_Simplex_Refactor=0
12517375559470243473,0,CPXPARAM_Advance=1;CPXPARAM_Barrier_Algorithm=0;CPXPARAM_Barrier_ColNonzeros=0;CPXPARAM_Barrier_Crossover=0;CPXPARAM_Barrier_Limits_Corrections=-1;CPXPARAM_Barrier_Ordering=0;CPXPARAM_Barrier_StartAlg=1;CPXPARAM_Emphasis_MIP=1;CPXPARAM_Emphasis_Memory=0;CPXPARAM_Emphasis_Numerical=0;CPXPARAM_Feasopt_Mode=0;CPXPARAM_LPMethod=0;CPXPARAM_MIP_Cuts_Cliques=1;CPXPARAM_MIP_Cuts_Covers=0;CPXPARAM_MIP_Cuts_Disjunctive=-1;CPXPARAM_MIP_Cuts_FlowCovers=2;CPXPARAM_MIP_Cuts_GUBCovers=0;CPXPARAM_MIP_Cuts_Gomory=1;CPXPARAM_MIP_Cuts_Implied=2;CPXPARAM_MIP_Cuts_MIRCut=-1;CPXPARAM_MIP_Cuts_PathCut=1;CPXPARAM_MIP_Limits_AggForCut=3;CPXPARAM_MIP_Limits_CutPasses=0;CPXPARAM_MIP_Limits_CutsFactor=-1;CPXPARAM_MIP_Limits_GomoryCand=200;CPXPARAM_MIP_Limits_GomoryPass=0;CPXPARAM_MIP_Limits_Nodes=9223372036800000000;CPXPARAM_MIP_Limits_ProbeTime=1e+75;CPXPARAM_MIP_Limits_RepairTries=0;CPXPARAM_MIP_Limits_StrongCand=10;CPXPARAM_MIP_Limits_StrongIt=0;CPXPARAM_MIP_OrderType=0;CPXPARAM_MIP_Strategy_BBInterval=7;CPXPARAM_MIP_Strategy_Branch=0;CPXPARAM_MIP_Strategy_Dive=0;CPXPARAM_MIP_Strategy_File=1;CPXPARAM_MIP_Strategy_HeuristicFreq=0;CPXPARAM_MIP_Strategy_LBHeur=0;CPXPARAM_MIP_Strategy_NodeSelect=1;CPXPARAM_MIP_Strategy_Order=1;CPXPARAM_MIP_Strategy_PresolveNode=0;CPXPARAM_MIP_Strategy_Probe=0;CPXPARAM_MIP_Strategy_RINSHeur=0;CPXPARAM_MIP_Strategy_StartAlgorithm=0;CPXPARAM_MIP_Strategy_SubAlgorithm=0;CPXPARAM_MIP_Strategy_VariableSelect=0;CPXPARAM_Network_NetFind=2;CPXPARAM_Network_Pricing=0;CPXPARAM_Parallel=1;CPXPARAM_Preprocessing_Aggregator=-1;CPXPARAM_Preprocessing_BoundStrength=-1;CPXPARAM_Preprocessing_CoeffReduce=-1;CPXPARAM_Preprocessing_Dependency=-1;CPXPARAM_Preprocessing_Dual=0;CPXPARAM_Preprocessing_Fill=10;CPXPARAM_Preprocessing_NumPass=-1;CPXPARAM_Preprocessing_Presolve=1;CPXPARAM_Preprocessing_QPMakePSD=1;CPXPARAM_Preprocessing_Reduce=3;CPXPARAM_Preprocessing_Relax=-1;CPXPARAM_Preprocessing_RepeatPresolve=-1;CPXPARAM_Preprocessing_Symmetry=-1;CPXPARAM_Read_Scale=0;CPXPARAM_Sifting_Algorithm=0;CPXPARAM_Simplex_Crash=1;CPXPARAM_Simplex_DGradient=0;CPXPARAM_Simplex_Limits_Perturbation=0;CPXPARAM_Simplex_Limits_Singularity=10;CPXPARAM_Simplex_PGradient=0;CPXPARAM_Simplex_Pricing=0;CPXPARAM_Simplex_Refactor=0
11294270207438476834,0,CPXPARAM_Advance=1;CPXPARAM_Barrier_Algorithm=0;CPXPARAM_Barrier_ColNonzeros=0;CPXPARAM_Barrier_Crossover=0;CPXPARAM_Barrier_Limits_Corrections=-1;CPXPARAM_Barrier_Ordering=0;CPXPARAM_Barrier_StartAlg=1;CPXPARAM_Emphasis_MIP=2;CPXPARAM_Emphasis_Memory=0;CPXPARAM_Emphasis_Numerical=0;CPXPARAM_Feasopt_Mode=0;CPXPARAM_LPMethod=0;CPXPARAM_MIP_Cuts_Cliques=-1;CPXPARAM_MIP_Cuts_Covers=2;CPXPARAM_MIP_Cuts_Disjunctive=1;CPXPARAM_MIP_Cuts_FlowCovers=2;CPXPARAM_MIP_Cuts_GUBCovers=1;CPXPARAM_MIP_Cuts_Gomory=0;CPXPARAM_MIP_Cuts_Implied=-1;CPXPARAM_MIP_Cuts_MIRCut=-1;CPXPARAM_MIP_Cuts_PathCut=-1;CPXPARAM_MIP_Limits_AggForCut=3;CPXPARAM_MIP_Limits_CutPasses=0;CPXPARAM_MIP_Limits_CutsFactor=-1;CPXPARAM_MIP_Limits_GomoryCand=400;CPXPARAM_MIP_Limits_GomoryPass=0;CPXPARAM_MIP_Limits_Nodes=9223372036800000000;CPXPARAM_MIP_Limits_ProbeTime=2;CPXPARAM_MIP_Limits_RepairTries=0;CPXPARAM_MIP_Limits_StrongCand=10;CPXPARAM_MIP_Limits_StrongIt=0;CPXPARAM_MIP_OrderType=0;CPXPARAM_MIP_Strategy_BBInterval=7;CPXPARAM_MIP_Strategy_Branch=0;CPXPARAM_MIP_Strategy_Dive=0;CPXPARAM_MIP_Strategy_File=1;CPXPARAM_MIP_Strategy_HeuristicFreq=0;CPXPARAM_MIP_Strategy_LBHeur=0;CPXPARAM_MIP_Strategy_NodeSelect=1;CPXPARAM_MIP_Strategy_Order=1;CPXPARAM_MIP_Strategy_PresolveNode=0;CPXPARAM_MIP_Strategy_Probe=0;CPXPARAM_MIP_Strategy_RINSHeur=0;CPXPARAM_MIP_Strategy_StartAlgorithm=0;CPXPARAM_MIP_Strategy_SubAlgorithm=0;CPXPARAM_MIP_Strategy_VariableSelect=0;CPXPARAM_Network_NetFind=2;CPXPARAM_Network_Pricing=0;CPXPARAM_Parallel=1;CPXPARAM_Preprocessing_Aggregator=-1;CPXPARAM_Preprocessing_BoundStrength=-1;CPXPARAM_Preprocessing_CoeffReduce=-1;CPXPARAM_Preprocessing_Dependency=-1;CPXPARAM_Preprocessing_Dual=0;CPXPARAM_Preprocessing_Fill=10;CPXPARAM_Preprocessing_NumPass=-1;CPXPARAM_Preprocessing_Presolve=1;CPXPARAM_Preprocessing_QPMakePSD=1;CPXPARAM_Preprocessing_Reduce=3;CPXPARAM_Preprocessing_Relax=-1;CPXPARAM_Preprocessing_RepeatPresolve=-1;CPXPARAM_Preprocessing_Symmetry=-1;CPXPARAM_Read_Scale=0;CPXPARAM_Sifting_Algorithm=0;CPXPARAM_Simplex_Crash=1;CPXPARAM_Simplex_DGradient=0;CPXPARAM_Simplex_Limits_Perturbation=0;CPXPARAM_Simplex_Limits_Singularity=10;CPXPARAM_Simplex_PGradient=0;CPXPARAM_Simplex_Pricing=0;CPXPARAM_Simplex_Refactor=0
5869627256417608512,0,CPXPARAM_Advance=1;CPXPARAM_Barrier_Algorithm=0;CPXPARAM_Barrier_ColNonzeros=0;CPXPARAM_Barrier_Crossover=0;CPXPARAM_Barrier_Limits_Corrections=-1;CPXPARAM_Barrier_Ordering=0;CPXPARAM_Barrier_StartAlg=1;CPXPARAM_Emphasis_MIP=4;CPXPARAM_Emphasis_Memory=0;CPXPARAM_Emphasis_Numerical=0;CPXPARAM_Feasopt_Mode=0;CPXPARAM_LPMethod=0;CPXPARAM_MIP_Cuts_Cliques=0;CPXPARAM_MIP_Cuts_Covers=1;CPXPARAM_MIP_Cuts_Disjunctive=0;CPXPARAM_MIP_Cuts_FlowCovers=-1;CPXPARAM_MIP_Cuts_GUBCovers=2;CPXPARAM_MIP_Cuts_Gomory=0;CPXPARAM_MIP_Cuts_Implied=0;CPXPARAM_MIP_Cuts_MIRCut=0;CPXPARAM_MIP_Cuts_PathCut=1;CPXPARAM_MIP_Limits_AggForCut=3;CPXPARAM_MIP_Limits_CutPasses=0;CPXPARAM_MIP_Limits_CutsFactor=-1;CPXPARAM_MIP_Limits_GomoryCand=150;CPXPARAM_MIP_Limits_GomoryPass=0;CPXPARAM_MIP_Limits_Nodes=9223372036800000000;CPXPARAM_MIP_Limits_ProbeTime=1e+75;CPXPARAM_MIP_Limits_RepairTries=0;CPXPARAM_MIP_Limits_StrongCand=10;CPXPARAM_MIP_Limits_StrongIt=0;CPXPARAM_MIP_OrderType=0;CPXPARAM_MIP_Strategy_BBInterval=7;CPXPARAM_MIP_Strategy_Branch=0;CPXPARAM_MIP_Strategy_Dive=0;CPXPARAM_MIP_Strategy_File=1;CPXPARAM_MIP_Strategy_HeuristicFreq=0;CPXPARAM_MIP_Strategy_LBHeur=0;CPXPARAM_MIP_Strategy_NodeSelect=1;CPXPARAM_MIP_Strategy_Order=1;CPXPARAM_MIP_Strategy_PresolveNode=0;CPXPARAM_MIP_Strategy_Probe=-1;CPXPARAM_MIP_Strategy_RINSHeur=0;CPXPARAM_MIP_Strategy_StartAlgorithm=0;CPXPARAM_MIP_Strategy_SubAlgorithm=0;CPXPARAM_MIP_Strategy_VariableSelect=0;CPXPARAM_Network_NetFind=2;CPXPARAM_Network_Pricing=0;CPXPARAM_Parallel=1;CPXPARAM_Preprocessing_Aggregator=-1;CPXPARAM_Preprocessing_BoundStrength=-1;CPXPARAM_Preprocessing_CoeffReduce=-1;CPXPARAM_Preprocessing_Dependency=-1;CPXPARAM_Preprocessing_Dual=0;CPXPARAM_Preprocessing_Fill=10;CPXPARAM_Preprocessing_NumPass=-1;CPXPARAM_Preprocessing_Presolve=1;CPXPARAM_Preprocessing_QPMakePSD=1;CPXPARAM_Preprocessing_Reduce=3;CPXPARAM_Preprocessing_Relax=-1;CPXPARAM_Preprocessing_RepeatPresolve=-1;CPXPARAM_Preprocessing_Symmetry=-1;CPXPARAM_Read_Scale=0;CPXPARAM_Sifting_Algorithm=0;CPXPARAM_Simplex_Crash=1;CPXPARAM_Simplex_DGradient=0;CPXPARAM_Simplex_Limits_Perturbation=0;CPXPARAM_Simplex_Limits_Singularity=10;CPXPARAM_Simplex_PGradient=0;CPXPARAM_Simplex_Pricing=0;CPXPARAM_Simplex_Refactor=0
14870560225810291574,0,CPXPARAM_Advance=1;CPXPARAM_Barrier_Algorithm=0;CPXPARAM_Barrier_ColNonzeros=0;CPXPARAM_Barrier_Crossover=0;CPXPARAM_Barrier_Limits_Corrections=-1;CPXPARAM_Barrier_Ordering=0;CPXPARAM_Barrier_StartAlg=1;CPXPARAM_Emphasis_MIP=2;CPXPARAM_Emphasis_Memory=0;CPXPARAM_Emphasis_Numerical=0;CPXPARAM_Feasopt_Mode=0;CPXPARAM_LPMethod=0;CPXPARAM_MIP_Cuts_Cliques=1;CPXPARAM_MIP_Cuts_Covers=0;CPXPARAM_MIP_Cuts_Disjunctive=-1;CPXPARAM_MIP_Cuts_FlowCovers=2;CPXPARAM_MIP_Cuts_GUBCovers=0;CPXPARAM_MIP_Cuts_Gomory=1;CPXPARAM_MIP_Cuts_Implied=2;CPXPARAM_MIP_Cuts_MIRCut=0;CPXPARAM_MIP_Cuts_PathCut=1;CPXPARAM_MIP_Limits_AggForCut=3;CPXPARAM_MIP_Limits_CutPasses=0;CPXPARAM_MIP_Limits_CutsFactor=-1;CPXPARAM_MIP_Limits_GomoryCand=200;CPXPARAM_MIP_Limits_GomoryPass=0;CPXPARAM_MIP_Limits_Nodes=9223372036800000000;CPXPARAM_MIP_Limits_ProbeTime=1e+75;CPXPARAM_MIP_Limits_RepairTries=0;CPXPARAM_MIP_Limits_StrongCand=10;CPXPARAM_MIP_Limits_StrongIt=0;CPXPARAM_MIP_OrderType=0;CPXPARAM_MIP_Strategy_BBInterval=7;CPXPARAM_MIP_Strategy_Branch=0;CPXPARAM_MIP_Strategy_Dive=0;CPXPARAM_MIP_Strategy_File=1;CPXPARAM_MIP_Strategy_HeuristicFreq=0;CPXPARAM_MIP_Strategy_LBHeur=0;CPXPARAM_MIP_Strategy_NodeSelect=1;CPXPARAM_MIP_Strategy_Order=1;CPXPARAM_MIP_Strategy_PresolveNode=0;CPXPARAM_MIP_Strategy_Probe=0;CPXPARAM_MIP_Strategy_RINSHeur=0;CPXPARAM_MIP_Strategy_StartAlgorithm=0;CPXPARAM_MIP_Strategy_SubAlgorithm=0;CPXPARAM_MIP_Strategy_VariableSelect=0;CPXPARAM_Network_NetFind=2;CPXPARAM_Network_Pricing=0;CPXPARAM_Parallel=1;CPXPARAM_Preprocessing_Aggregator=-1;CPXPARAM_Preprocessing_BoundStrength=-1;CPXPARAM_Preprocessing_CoeffReduce=-1;CPXPARAM_Preprocessing_Dependency=-1;CPXPARAM_Preprocessing_Dual=0;CPXPARAM_Preprocessing_Fill=10;CPXPARAM_Preprocessing_NumPass=-1;CPXPARAM_Preprocessing_Presolve=1;CPXPARAM_Preprocessing_QPMakePSD=1;CPXPARAM_Preprocessing_Reduce=3;CPXPARAM_Preprocessing_Relax=-1;CPXPARAM_Preprocessing_RepeatPresolve=-1;CPXPARAM_Preprocessing_Symmetry=-1;CPXPARAM_Read_Scale=0;CPXPARAM_Sifting_Algorithm=0;CPXPARAM_Simplex_Crash=1;CPXPARAM_Simplex_DGradient=0;CPXPARAM_Simplex_Limits_Perturbation=0;CPXPARAM_Simplex_Limits_Singularity=10;CPXPARAM_Simplex_PGradient=0;CPXPARAM_Simplex_Pricing=0;CPXPARAM_Simplex_Refactor=0
173897467481258497,0,CPXPARAM_Advance=1;CPXPARAM_Barrier_Algorithm=0;CPXPARAM_Barrier_ColNonzeros=0;CPXPARAM_Barrier_Crossover=0;CPXPARAM_Barrier_Limits_Corrections=-1;CPXPARAM_Barrier_Ordering=0;CPXPARAM_Barrier_StartAlg=1;CPXPARAM_Emphasis_MIP=2;CPXPARAM_Emphasis_Memory=0;CPXPARAM_Emphasis_Numerical=0;CPXPARAM_Feasopt_Mode=0;CPXPARAM_LPMethod=0;CPXPARAM_MIP_Cuts_Cliques=-1;CPXPARAM_MIP_Cuts_Covers=0;CPXPARAM_MIP_Cuts_Disjunctive=-1;CPXPARAM_MIP_Cuts_FlowCovers=1;CPXPARAM_MIP_Cuts_GUBCovers=0;CPXPARAM_MIP_Cuts_Gomory=-1;CPXPARAM_MIP_Cuts_Implied=1;CPXPARAM_MIP_Cuts_MIRCut=2;CPXPARAM_MIP_Cuts_PathCut=1;CPXPARAM_MIP_Limits_AggForCut=3;CPXPARAM_MIP_Limits_CutPasses=0;CPXPARAM_MIP_Limits_CutsFactor=-1;CPXPARAM_MIP_Limits_GomoryCand=10;CPXPARAM_MIP_Limits_GomoryPass=0;CPXPARAM_MIP_Limits_Nodes=9223372036800000000;CPXPARAM_MIP_Limits_ProbeTime=1e+75;CPXPARAM_MIP_Limits_RepairTries=0;CPXPARAM_MIP_Limits_StrongCand=10;CPXPARAM_MIP_Limits_StrongIt=0;CPXPARAM_MIP_OrderType=0;CPXPARAM_MIP_Strategy_BBInterval=7;CPXPARAM_MIP_Strategy_Branch=0;CPXPARAM_MIP_Strategy_Dive=0;CPXPARAM_MIP_Strategy_File=1;CPXPARAM_MIP_Strategy_HeuristicFreq=0;CPXPARAM_MIP_Strategy_LBHeur=0;CPXPARAM_MIP_Strategy_NodeSelect=1;CPXPARAM_MIP_Strategy_Order=1;CPXPARAM_MIP_Strategy_PresolveNode=0;CPXPARAM_MIP_Strategy_Probe=0;CPXPARAM_MIP_Strategy_RINSHeur=0;CPXPARAM_MIP_Strategy_StartAlgorithm=0;CPXPARAM_MIP_Strategy_SubAlgorithm=0;CPXPARAM_MIP_Strategy_VariableSelect=0;CPXPARAM_Network_NetFind=2;CPXPARAM_Network_Pricing=0;CPXPARAM_Parallel=1;CPXPARAM_Preprocessing_Aggregator=-1;CPXPARAM_Preprocessing_BoundStrength=-1;CPXPARAM_Preprocessing_CoeffReduce=-1;CPXPARAM_Preprocessing_Dependency=-1;CPXPARAM_Preprocessing_Dual=0;CPXPARAM_Preprocessing_Fill=10;CPXPARAM_Preprocessing_NumPass=-1;CPXPARAM_Preprocessing_Presolve=1;CPXPARAM_Preprocessing_QPMakePSD=1;CPXPARAM_Preprocessing_Reduce=3;CPXPARAM_Preprocessing_Relax=-1;CPXPARAM_Preprocessing_RepeatPresolve=-1;CPXPARAM_Preprocessing_Symmetry=-1;CPXPARAM_Read_Scale=0;CPXPARAM_Sifting_Algorithm=0;CPXPARAM_Simplex_Crash=1;CPXPARAM_Simplex_DGradient=0;CPXPARAM_Simplex_Limits_Perturbation=0;CPXPARAM_Simplex_Limits_Singularity=10;CPXPARAM_Simplex_PGradient=0;CPXPARAM_Simplex_Pricing=0;CPXPARAM_Simplex_Refactor=0
11299994848013958280,0,CPXPARAM_Advance=1;CPXPARAM_Barrier_Algorithm=0;CPXPARAM_Barrier_ColNonzeros=0;CPXPARAM_Barrier_Crossover=0;CPXPARAM_Barrier_Limits_Corrections=-1;CPXPARAM_Barrier_Ordering=0;CPXPARAM_Barrier_StartAlg=1;CPXPARAM_Emphasis_MIP=2;CPXPARAM_Emphasis_Memory=0;CPXPARAM_Emphasis_Numerical=0;CPXPARAM_Feasopt_Mode=0;CPXPARAM_LPMethod=0;CPXPARAM_MIP_Cuts_Cliques=-1;CPXPARAM_MIP_Cuts_Covers=2;CPXPARAM_MIP_Cuts_Disjunctive=1;CPXPARAM_MIP_Cuts_FlowCovers=2;CPXPARAM_MIP_Cuts_GUBCovers=1;CPXPARAM_MIP_Cuts_Gomory=0;CPXPARAM_MIP_Cuts_Implied=-1;CPXPARAM_MIP_Cuts_MIRCut=-1;CPXPARAM_MIP_Cuts_PathCut=-1;CPXPARAM_MIP_Limits_AggForCut=3;CPXPARAM_MIP_Limits_CutPasses=0;CPXPARAM_MIP_Limits_CutsFactor=-1;CPXPARAM_MIP_Limits_GomoryCand=400;CPXPARAM_MIP_Limits_GomoryPass=0;CPXPARAM_MIP_Limits_Nodes=9223372036800000000;CPXPARAM_MIP_Limits_ProbeTime=1e+75;CPXPARAM_MIP_Limits_RepairTries=0;CPXPARAM_MIP_Limits_StrongCand=10;CPXPARAM_MIP_Limits_StrongIt=0;CPXPARAM_MIP_OrderType=0;CPXPARAM_MIP_Strategy_BBInterval=7;CPXPARAM_MIP_Strategy_Branch=0;CPXPARAM_MIP_Strategy_Dive=0;CPXPARAM_MIP_Strategy_File=1;CPXPARAM_MIP_Strategy_HeuristicFreq=0;CPXPARAM_MIP_Strategy_LBHeur=0;CPXPARAM_MIP_Strategy_NodeSelect=1;CPXPARAM_MIP_Strategy_Order=1;CPXPARAM_MIP_Strategy_PresolveNode=0;CPXPARAM_MIP_Strategy_Probe=0;CPXPARAM_MIP_Strategy_RINSHeur=0;CPXPARAM_MIP_Strategy_StartAlgorithm=0;CPXPARAM_MIP_Strategy_SubAlgorithm=0;CPXPARAM_MIP_Strategy_VariableSelect=0;CPXPARAM_Network_NetFind=2;CPXPARAM_Network_Pricing=0;CPXPARAM_Parallel=1;CPXPARAM_Preprocessing_Aggregator=-1;CPXPARAM_Preprocessing_BoundStrength=-1;CPXPARAM_Preprocessing_CoeffReduce=-1;CPXPARAM_Preprocessing_Dependency=-1;CPXPARAM_Preprocessing_Dual=0;CPXPARAM_Preprocessing_Fill=10;CPXPARAM_Preprocessing_NumPass=-1;CPXPARAM_Preprocessing_Presolve=1;CPXPARAM_Preprocessing_QPMakePSD=1;CPXPARAM_Preprocessing_Reduce=3;CPXPARAM_Preprocessing_Relax=-1;CPXPARAM_Preprocessing_RepeatPresolve=-1;CPXPARAM_Preprocessing_Symmetry=-1;CPXPARAM_Read_Scale=0;CPXPARAM_Sifting_Algorithm=0;CPXPARAM_Simplex_Crash=-1;CPXPARAM_Simplex_DGradient=0;CPXPARAM_Simplex_Limits_Perturbation=0;CPXPARAM_Simplex_Limits_Singularity=10;CPXPARAM_Simplex_PGradient=0;CPXPARAM_Simplex_Pricing=0;CPXPARAM_Simplex_Refactor=0
10482857038115870457,0,CPXPARAM_Advance=1;CPXPARAM_Barrier_Algorithm=0;CPXPARAM_Barrier_ColNonzeros=0;CPXPARAM_Barrier_Crossover=0;CPXPARAM_Barrier_Limits_Corrections=-1;CPXPARAM_Barrier_Ordering=0;CPXPARAM_Barrier_StartAlg=1;CPXPARAM_Emphasis_MIP=3;CPXPARAM_Emphasis_Memory=0;CPXPARAM_Emphasis_Numerical=0;CPXPARAM_Feasopt_Mode=0;CPXPARAM_LPMethod=0;CPXPARAM_MIP_Cuts_Cliques=-1;CPXPARAM_MIP_Cuts_Covers=0;CPXPARAM_MIP_Cuts_Disjunctive=1;CPXPARAM_MIP_Cuts_FlowCovers=-1;CPXPARAM_MIP_Cuts_GUBCovers=0;CPXPARAM_MIP_Cuts_Gomory=2;CPXPARAM_MIP_Cuts_Implied=-1;CPXPARAM_MIP_Cuts_MIRCut=-1;CPXPARAM_MIP_Cuts_PathCut=-1;CPXPARAM_MIP_Limits_AggForCut=3;CPXPARAM_MIP_Limits_CutPasses=0;CPXPARAM_MIP_Limits_CutsFactor=-1;CPXPARAM_MIP_Limits_GomoryCand=200;CPXPARAM_MIP_Limits_GomoryPass=0;CPXPARAM_MIP_Limits_Nodes=9223372036800000000;CPXPARAM_MIP_Limits_ProbeTime=1e+75;CPXPARAM_MIP_Limits_RepairTries=0;CPXPARAM_MIP_Limits_StrongCand=10;CPXPARAM_MIP_Limits_StrongIt=0;CPXPARAM_MIP_OrderType=0;CPXPARAM_MIP_Strategy_BBInterval=7;CPXPARAM_MIP_Strategy_Branch=0;CPXPARAM_MIP_Strategy_Dive=0;CPXPARAM_MIP_Strategy_File=1;CPXPARAM_MIP_Strategy_HeuristicFreq=0;CPXPARAM_MIP_Strategy_LBHeur=0;CPXPARAM_MIP_Strategy_NodeSelect=1;CPXPARAM_MIP_Strategy_Order=1;CPXPARAM_MIP_Strategy_PresolveNode=0;CPXPARAM_MIP_Strategy_Probe=0;CPXPARAM_MIP_Strategy_RINSHeur=0;CPXPARAM_MIP_Strategy_StartAlgorithm=0;CPXPARAM_MIP_Strategy_SubAlgorithm=0;CPXPARAM_MIP_Strategy_VariableSelect=0;CPXPARAM_Network_NetFind=2;CPXPARAM_Network_Pricing=0;CPXPARAM_Parallel=1;CPXPARAM_Preprocessing_Aggregator=-1;CPXPARAM_Preprocessing_BoundStrength=-1;CPXPARAM_Preprocessing_CoeffReduce=-1;CPXPARAM_Preprocessing_Dependency=-1;CPXPARAM_Preprocessing_Dual=0;CPXPARAM_Preprocessing_Fill=10;CPXPARAM_Preprocessing_NumPass=-1;CPXPARAM_Preprocessing_Presolve=1;CPXPARAM_Preprocessing_QPMakePSD=1;CPXPARAM_Preprocessing_Reduce=3;CPXPARAM_Preprocessing_Relax=-1;CPXPARAM_Preprocessing_RepeatPresolve=-1;CPXPARAM_Preprocessing_Symmetry=-1;CPXPARAM_Read_Scale=0;CPXPARAM_Sifting_Algorithm=0;CPXPARAM_Simplex_Crash=1;CPXPARAM_Simplex_DGradient=0;CPXPARAM_Simplex_Limits_Perturbation=0;CPXPARAM_Simplex_Limits_Singularity=10;CPXPARAM_Simplex_PGradient=0;CPXPARAM_Simplex_Pricing=0;CPXPARAM_Simplex_Refactor=0
14561719546540016113,0,CPXPARAM_Advance=1;CPXPARAM_Barrier_Algorithm=0;CPXPARAM_Barrier_ColNonzeros=0;CPXPARAM_Barrier_Crossover=0;CPXPARAM_Barrier_Limits_Corrections=-1;CPXPARAM_Barrier_Ordering=0;CPXPARAM_Barrier_StartAlg=1;CPXPARAM_Emphasis_MIP=3;CPXPARAM_Emphasis_Memory=0;CPXPARAM_Emphasis_Numerical=0;CPXPARAM_Feasopt_Mode=0;CPXPARAM_LPMethod=0;CPXPARAM_MIP_Cuts_Cliques=-1;CPXPARAM_MIP_Cuts_Covers=0;CPXPARAM_MIP_Cuts_Disjunctive=1;CPXPARAM_MIP_Cuts_FlowCovers=-1;CPXPARAM_MIP_Cuts_GUBCovers=2;CPXPARAM_MIP_Cuts_Gomory=2;CPXPARAM_MIP_Cuts_Implied=0;CPXPARAM_MIP_Cuts_MIRCut=1;CPXPARAM_MIP_Cuts_PathCut=-1;CPXPARAM_MIP_Limits_AggForCut=3;CPXPARAM_MIP_Limits_CutPasses=0;CPXPARAM_MIP_Limits_CutsFactor=-1;CPXPARAM_MIP_Limits_GomoryCand=25;CPXPARAM_MIP_Limits_GomoryPass=0;CPXPARAM_MIP_Limits_Nodes=9223372036800000000;CPXPARAM_MIP_Limits_ProbeTime=1e+75;CPXPARAM_MIP_Limits_RepairTries=0;CPXPARAM_MIP_Limits_StrongCand=10;CPXPARAM_MIP_Limits_StrongIt=0;CPXPARAM_MIP_OrderType=0;CPXPARAM_MIP_Strategy_BBInterval=7;CPXPARAM_MIP_Strategy_Branch=0;CPXPARAM_MIP_Strategy_Dive=0;CPXPARAM_MIP_Strategy_File=1;CPXPARAM_MIP_Strategy_HeuristicFreq=0;CPXPARAM_MIP_Strategy_LBHeur=0;CPXPARAM_MIP_Strategy_NodeSelect=1;CPXPARAM_MIP_Strategy_Order=1;CPXPARAM_MIP_Strategy_PresolveNode=0;CPXPARAM_MIP_Strategy_Probe=0;CPXPARAM_MIP_Strategy_RINSHeur=0;CPXPARAM_MIP_Strategy_StartAlgorithm=0;CPXPARAM_MIP_Strategy_SubAlgorithm=0;CPXPARAM_MIP_Strategy_VariableSelect=0;CPXPARAM_Network_NetFind=2;CPXPARAM_Network_Pricing=0;CPXPARAM_Parallel=1;CPXPARAM_Preprocessing_Aggregator=-1;CPXPARAM_Preprocessing_BoundStrength=-1;CPXPARAM_Preprocessing_CoeffReduce=-1;CPXPARAM_Preprocessing_Dependency=-1;CPXPARAM_Preprocessing_Dual=0;CPXPARAM_Preprocessing_Fill=10;CPXPARAM_Preprocessing_NumPass=-1;CPXPARAM_Preprocessing_Presolve=1;CPXPARAM_Preprocessing_QPMakePSD=1;CPXPARAM_Preprocessing_Reduce=3;CPXPARAM_Preprocessing_Relax=-1;CPXPARAM_Preprocessing_RepeatPresolve=-1;CPXPARAM_Preprocessing_Symmetry=-1;CPXPARAM_Read_Scale=0;CPXPARAM_Sifting_Algorithm=0;CPXPARAM_Simplex_Crash=1;CPXPARAM_Simplex_DGradient=0;CPXPARAM_Simplex_Limits_Perturbation=0;CPXPARAM_Simplex_Limits_Singularity=10;CPXPARAM_Simplex_PGradient=0;CPXPARAM_Simplex_Pricing=0;CPXPARAM_Simplex_Refactor=0
697900282989943256,0,CPXPARAM_Advance=1;CPXPARAM_Barrier_Algorithm=0;CPXPARAM_Barrier_ColNonzeros=0;CPXPARAM_Barrier_Crossover=0;CPXPARAM_Barrier_Limits_Corrections=-1;CPXPARAM_Barrier_Ordering=0;CPXPARAM_Barrier_StartAlg=1;CPXPARAM_Emphasis_MIP=4;CPXPARAM_Emphasis_Memory=0;CPXPARAM_Emphasis_Numerical=0;CPXPARAM_Feasopt_Mode=0;CPXPARAM_LPMethod=0;CPXPARAM_MIP_Cuts_Cliques=2;CPXPARAM_MIP_Cuts_Covers=0;CPXPARAM_MIP_Cuts_Disjunctive=-1;CPXPARAM_MIP_Cuts_FlowCovers=2;CPXPARAM_MIP_Cuts_GUBCovers=-1;CPXPARAM_MIP_Cuts_Gomory=2;CPXPARAM_MIP_Cuts_Implied=-1;CPXPARAM_MIP_Cuts_MIRCut=0;CPXPARAM_MIP_Cuts_PathCut=2;CPXPARAM_MIP_Limits_AggForCut=3;CPXPARAM_MIP_Limits_CutPasses=0;CPXPARAM_MIP_Limits_CutsFactor=-1;CPXPARAM_MIP_Limits_GomoryCand=150;CPXPARAM_MIP_Limits_GomoryPass=0;CPXPARAM_MIP_Limits_Nodes=9223372036800000000;CPXPARAM_MIP_Limits_ProbeTime=1e+75;CPXPARAM_MIP_Limits_RepairTries=0;CPXPARAM_MIP_Limits_StrongCand=10;CPXPARAM_MIP_Limits_StrongIt=0;CPXPARAM_MIP_OrderType=0;CPXPARAM_MIP_Strategy_BBInterval=7;CPXPARAM_MIP_Strategy_Branch=0;CPXPARAM_MIP_Strategy_Dive=0;CPXPARAM_MIP_Strategy_File=1;CPXPARAM_MIP_Strategy_HeuristicFreq=0;CPXPARAM_MIP_Strategy_LBHeur=0;CPXPARAM_MIP_Strategy_NodeSelect=1;CPXPARAM_MIP_Strategy_Order=1;CPXPARAM_MIP_Strategy_PresolveNode=0;CPXPARAM_MIP_Strategy_Probe=0;CPXPARAM_MIP_Strategy_RINSHeur=0;CPXPARAM_MIP_Strategy_StartAlgorithm=0;CPXPARAM_MIP_Strategy_SubAlgorithm=0;CPXPARAM_MIP_Strategy_VariableSelect=0;CPXPARAM_Network_NetFind=2;CPXPARAM_Network_Pricing=0;CPXPARAM_Parallel=1;CPXPARAM_Preprocessing_Aggregator=-1;CPXPARAM_Preprocessing_BoundStrength=-1;CPXPARAM_Preprocessing_CoeffReduce=-1;CPXPARAM_Preprocessing_Dependency=-1;CPXPARAM_Preprocessing_Dual=0;CPXPARAM_Preprocessing_Fill=10;CPXPARAM_Preprocessing_NumPass=-1;CPXPARAM_Preprocessing_Presolve=1;CPXPARAM_Preprocessing_QPMakePSD=1;CPXPARAM_Preprocessing_Reduce=3;CPXPARAM_Preprocessing_Relax=-1;CPXPARAM_Preprocessing_RepeatPresolve=-1;CPXPARAM_Preprocessing_Symmetry=-1;CPXPARAM_Read_Scale=0;CPXPARAM_Sifting_Algorithm=0;CPXPARAM_Simplex_Crash=1;CPXPARAM_Simplex_DGradient=0;CPXPARAM_Simplex_Limits_Perturbation=0;CPXPARAM_Simplex_Limits_Singularity=10;CPXPARAM_Simplex_PGradient=0;CPXPARAM_Simplex_Pricing=0;CPXPARAM_Simplex_Refactor=0
10322767016570022768,0,CPXPARAM_Advance=1;CPXPARAM_Barrier_Algorithm=0;CPXPARAM_Barrier_ColNonzeros=0;CPXPARAM_Barrier_Crossover=0;CPXPARAM_Barrier_Limits_Corrections=-1;CPXPARAM_Barrier_Ordering=0;CPXPARAM_Barrier_StartAlg=1;CPXPARAM_Emphasis_MIP=4;CPXPARAM_Emphasis_Memory=0;CPXPARAM_Emphasis_Numerical=0;CPXPARAM_Feasopt_Mode=0;CPXPARAM_LPMethod=0;CPXPARAM_MIP_Cuts_Cliques=0;CPXPARAM_MIP_Cuts_Covers=0;CPXPARAM_MIP_Cuts_Disjunctive=-1;CPXPARAM_MIP_Cuts_FlowCovers=-1;CPXPARAM_MIP_Cuts_GUBCovers=1;CPXPARAM_MIP_Cuts_Gomory=1;CPXPARAM_MIP_Cuts_Implied=0;CPXPARAM_MIP_Cuts_MIRCut=2;CPXPARAM_MIP_Cuts_PathCut=0;CPXPARAM_MIP_Limits_AggForCut=3;CPXPARAM_MIP_Limits_CutPasses=0;CPXPARAM_MIP_Limits_CutsFactor=-1;CPXPARAM_MIP_Limits_GomoryCand=400;CPXPARAM_MIP_Limits_GomoryPass=0;CPXPARAM_MIP_Limits_Nodes=9223372036800000000;CPXPARAM_MIP_Limits_ProbeTime=1e+75;CPXPARAM_MIP_Limits_RepairTries=0;CPXPARAM_MIP_Limits_StrongCand=10;CPXPARAM_MIP_Limits_StrongIt=0;CPXPARAM_MIP_OrderType=0;CPXPARAM_MIP_Strategy_BBInterval=7;CPXPARAM_MIP_Strategy_Branch=0;CPXPARAM_MIP_Strategy_Dive=0;CPXPARAM_MIP_Strategy_File=1;CPXPARAM_MIP_Strategy_HeuristicFreq=0;CPXPARAM_MIP_Strategy_LBHeur=0;CPXPARAM_MIP_Strategy_NodeSelect=2;CPXPARAM_MIP_Strategy_Order=1;CPXPARAM_MIP_Strategy_PresolveNode=0;CPXPARAM_MIP_Strategy_Probe=0;CPXPARAM_MIP_Strategy_RINSHeur=0;CPXPARAM_MIP_Strategy_StartAlgorithm=0;CPXPARAM_MIP_Strategy_SubAlgorithm=3;CPXPARAM_MIP_Strategy_VariableSelect=-1;CPXPARAM_Network_NetFind=2;CPXPARAM_Network_Pricing=0;CPXPARAM_Parallel=1;CPXPARAM_Preprocessing_Aggregator=-1;CPXPARAM_Preprocessing_BoundStrength=-1;CPXPARAM_Preprocessing_CoeffReduce=-1;CPXPARAM_Preprocessing_Dependency=-1;CPXPARAM_Preprocessing_Dual=0;CPXPARAM_Preprocessing_Fill=10;CPXPARAM_Preprocessing_NumPass=-1;CPXPARAM_Preprocessing_Presolve=1;CPXPARAM_Preprocessing_QPMakePSD=1;CPXPARAM_Preprocessing_Reduce=3;CPXPARAM_Preprocessing_Relax=-1;CPXPARAM_Preprocessing_RepeatPresolve=-1;CPXPARAM_Preprocessing_Symmetry=-1;CPXPARAM_Read_Scale=0;CPXPARAM_Sifting_Algorithm=0;CPXPARAM_Simplex_Crash=1;CPXPARAM_Simplex_DGradient=0;CPXPARAM_Simplex_Limits_Perturbation=0;CPXPARAM_Simplex_Limits_Singularity=10;CPXPARAM_Simplex_PGradient=0;CPXPARAM_Simplex_Pricing=0;CPXPARAM_Simplex_Refactor=0
7246355118494713322,0,CPXPARAM_Advance=1;CPXPARAM_Barrier_Algorithm=0;CPXPARAM_Barrier_ColNonzeros=0;CPXPARAM_Barrier_Crossover=0;CPXPARAM_Barrier_Limits_Corrections=-1;CPXPARAM_Barrier_Ordering=1;CPXPARAM_Barrier_StartAlg=1;CPXPARAM_Emphasis_MIP=2;CPXPARAM_Emphasis_Memory=0;CPXPARAM_Emphasis_Numerical=0;CPXPARAM_Feasopt_Mode=0;CPXPARAM_LPMethod=0;CPXPARAM_MIP_Cuts_Cliques=-1;CPXPARAM_MIP_Cuts_Covers=2;CPXPARAM_MIP_Cuts_Disjunctive=1;CPXPARAM_MIP_Cuts_FlowCovers=2;CPXPARAM_MIP_Cuts_GUBCovers=1;CPXPARAM_MIP_Cuts_Gomory=0;CPXPARAM_MIP_Cuts_Implied=-1;CPXPARAM_MIP_Cuts_MIRCut=-1;CPXPARAM_MIP_Cuts_PathCut=-1;CPXPARAM_MIP_Limits_AggForCut=3;CPXPARAM_MIP_Limits_CutPasses=0;CPXPARAM_MIP_Limits_CutsFactor=-1;CPXPARAM_MIP_Limits_GomoryCand=400;CPXPARAM_MIP_Limits_GomoryPass=0;CPXPARAM_MIP_Limits_Nodes=9223372036800000000;CPXPARAM_MIP_Limits_ProbeTime=1e+75;CPXPARAM_MIP_Limits_RepairTries=0;CPXPARAM_MIP_Limits_StrongCand=10;CPXPARAM_MIP_Limits_StrongIt=0;CPXPARAM_MIP_OrderType=0;CPXPARAM_MIP_Strategy_BBInterval=7;CPXPARAM_MIP_Strategy_Branch=0;CPXPARAM_MIP_Strategy_Dive=0;CPXPARAM_MIP_Strategy_File=1;CPXPARAM_MIP_Strategy_HeuristicFreq=0;CPXPARAM_MIP_Strategy_LBHeur=0;CPXPARAM_MIP_Strategy_NodeSelect=1;CPXPARAM_MIP_Strategy_Order=1;CPXPARAM_MIP_Strategy_PresolveNode=0;CPXPARAM_MIP_Strategy_Probe=0;CPXPARAM_MIP_Strategy_RINSHeur=0;CPXPARAM_MIP_Strategy_StartAlgorithm=0;CPXPARAM_MIP_Strategy_SubAlgorithm=0;CPXPARAM_MIP_Strategy_VariableSelect=0;CPXPARAM_Network_NetFind=2;CPXPARAM_Network_Pricing=0;CPXPARAM_Parallel=1;CPXPARAM_Preprocessing_Aggregator=-1;CPXPARAM_Preprocessing_BoundStrength=-1;CPXPARAM_Preprocessing_CoeffReduce=-1;CPXPARAM_Preprocessing_Dependency=-1;CPXPARAM_Preprocessing_Dual=0;CPXPARAM_Preprocessing_Fill=10;CPXPARAM_Preprocessing_NumPass=-1;CPXPARAM_Preprocessing_Presolve=1;CPXPARAM_Preprocessing_QPMakePSD=1;CPXPARAM_Preprocessing_Reduce=3;CPXPARAM_Preprocessing_Relax=-1;CPXPARAM_Preprocessing_RepeatPresolve=-1;CPXPARAM_Preprocessing_Symmetry=-1;CPXPARAM_Read_Scale=0;CPXPARAM_Sifting_Algorithm=0;CPXPARAM_Simplex_Crash=1;CPXPARAM_Simplex_DGradient=0;CPXPARAM_Simplex_Limits_Perturbation=0;CPXPARAM_Simplex_Limits_Singularity=10;CPXPARAM_Simplex_PGradient=0;CPXPARAM_Simplex_Pricing=0;CPXPARAM_Simplex_Refactor=0
15871292747206185506,0,CPXPARAM_Advance=1;CPXPARAM_Barrier_Algorithm=0;CPXPARAM_Barrier_ColNonzeros=0;CPXPARAM_Barrier_Crossover=0;CPXPARAM_Barrier_Limits_Corrections=-1;CPXPARAM_Barrier_Ordering=0;CPXPARAM_Barrier_StartAlg=1;CPXPARAM_Emphasis_MIP=1;CPXPARAM_Emphasis_Memory=0;CPXPARAM_Emphasis_Numerical=0;CPXPARAM_Feasopt_Mode=0;CPXPARAM_LPMethod=0;CPXPARAM_MIP_Cuts_Cliques=2;CPXPARAM_MIP_Cuts_Covers=0;CPXPARAM_MIP_Cuts_Disjunctive=1;CPXPARAM_MIP_Cuts_FlowCovers=1;CPXPARAM_MIP_Cuts_GUBCovers=-1;CPXPARAM_MIP_Cuts_Gomory=1;CPXPARAM_MIP_Cuts_Implied=0;CPXPARAM_MIP_Cuts_MIRCut=1;CPXPARAM_MIP_Cuts_PathCut=2;CPXPARAM_MIP_Limits_AggForCut=3;CPXPARAM_MIP_Limits_CutPasses=0;CPXPARAM_MIP_Limits_CutsFactor=-1;CPXPARAM_MIP_Limits_GomoryCand=25;CPXPARAM_MIP_Limits_GomoryPass=0;CPXPARAM_MIP_Limits_Nodes=9223372036800000000;CPXPARAM_MIP_Limits_ProbeTime=1e+75;CPXPARAM_MIP_Limits_RepairTries=0;CPXPARAM_MIP_Limits_StrongCand=10;CPXPARAM_MIP_Limits_StrongIt=0;CPXPARAM_MIP_OrderType=0;CPXPARAM_MIP_Strategy_BBInterval=7;CPXPARAM_MIP_Strategy_Branch=0;CPXPARAM_MIP_Strategy_Dive=0;CPXPARAM_MIP_Strategy_File=1;CPXPARAM_MIP_Strategy_HeuristicFreq=0;CPXPARAM_MIP_Strategy_LBHeur=0;CPXPARAM_MIP_Strategy_NodeSelect=1;CPXPARAM_MIP_Strategy_Order=1;CPXPARAM_MIP_Strategy_PresolveNode=0;CPXPARAM_MIP_Strategy_Probe=0;CPXPARAM_MIP_Strategy_RINSHeur=0;CPXPARAM_MIP_Strategy_StartAlgorithm=0;CPXPARAM_MIP_Strategy_SubAlgorithm=0;CPXPARAM_MIP_Strategy_VariableSelect=0;CPXPARAM_Network_NetFind=2;CPXPARAM_Network_Pricing=0;CPXPARAM_Parallel=1;CPXPARAM_Preprocessing_Aggregator=-1;CPXPARAM_Preprocessing_BoundStrength=-1;CPXPARAM_Preprocessing_CoeffReduce=-1;CPXPARAM_Preprocessing_Dependency=-1;CPXPARAM_Preprocessing_Dual=0;CPXPARAM_Preprocessing_Fill=10;CPXPARAM_Preprocessing_NumPass=-1;CPXPARAM_Preprocessing_Presolve=1;CPXPARAM_Preprocessing_QPMakePSD=1;CPXPARAM_Preprocessing_Reduce=3;CPXPARAM_Preprocessing_Relax=-1;CPXPARAM_Preprocessing_RepeatPresolve=-1;CPXPARAM_Preprocessing_Symmetry=-1;CPXPARAM_Read_Scale=0;CPXPARAM_Sifting_Algorithm=0;CPXPARAM_Simplex_Crash=1;CPXPARAM_Simplex_DGradient=0;CPXPARAM_Simplex_Limits_Perturbation=0;CPXPARAM_Simplex_Limits_Singularity=10;CPXPARAM_Simplex_PGradient=0;CPXPARAM_Simplex_Pricing=0;CPXPARAM_Simplex_Refactor=0
5883470991420572355,0,CPXPARAM_Advance=1;CPXPARAM_Barrier_Algorithm=0;CPXPARAM_Barrier_ColNonzeros=0;CPXPARAM_Barrier_Crossover=0;CPXPARAM_Barrier_Limits_Corrections=-1;CPXPARAM_Barrier_Ordering=0;CPXPARAM_Barrier_StartAlg=1;CPXPARAM_Emphasis_MIP=0;CPXPARAM_Emphasis_Memory=0;CPXPARAM_Emphasis_Numerical=0;CPXPARAM_Feasopt_Mode=0;CPXPARAM_LPMethod=0;CPXPARAM_MIP_Cuts_Cliques=-1;CPXPARAM_MIP_Cuts_Covers=0;CPXPARAM_MIP_Cuts_Disjunctive=1;CPXPARAM_MIP_Cuts_FlowCovers=0;CPXPARAM_MIP_Cuts_GUBCovers=2;CPXPARAM_MIP_Cuts_Gomory=2;CPXPARAM_MIP_Cuts_Implied=1;CPXPARAM_MIP_Cuts_MIRCut=1;CPXPARAM_MIP_Cuts_PathCut=0;CPXPARAM_MIP_Limits_AggForCut=3;CPXPARAM_MIP_Limits_CutPasses=0;CPXPARAM_MIP_Limits_CutsFactor=-1;CPXPARAM_MIP_Limits_GomoryCand=200;CPXPARAM_MIP_Limits_GomoryPass=0;CPXPARAM_MIP_Limits_Nodes=9223372036800000000;CPXPARAM_MIP_Limits_ProbeTime=1e+75;CPXPARAM_MIP_Limits_RepairTries=0;CPXPARAM_MIP_Limits_StrongCand=10;CPXPARAM_MIP_Limits_StrongIt=0;CPXPARAM_MIP_OrderType=0;CPXPARAM_MIP_Strategy_BBInterval=7;CPXPARAM_MIP_Strategy_Branch=0;CPXPARAM_MIP_Strategy_Dive=0;CPXPARAM_MIP_Strategy_File=1;CPXPARAM_MIP_Strategy_HeuristicFreq=0;CPXPARAM_MIP_Strategy_LBHeur=0;CPXPARAM_MIP_Strategy_NodeSelect=1;CPXPARAM_MIP_Strategy_Order=1;CPXPARAM_MIP_Strategy_PresolveNode=0;CPXPARAM_MIP_Strategy_Probe=0;CPXPARAM_MIP_Strategy_RINSHeur=0;CPXPARAM_MIP_Strategy_StartAlgorithm=0;CPXPARAM_MIP_Strategy_SubAlgorithm=0;CPXPARAM_MIP_Strategy_VariableSelect=0;CPXPARAM_Network_NetFind=2;CPXPARAM_Network_Pricing=0;CPXPARAM_Parallel=1;CPXPARAM_Preprocessing_Aggregator=-1;CPXPARAM_Preprocessing_BoundStrength=-1;CPXPARAM_Preprocessing_CoeffReduce=-1;CPXPARAM_Preprocessing_Dependency=-1;CPXPARAM_Preprocessing_Dual=0;CPXPARAM_Preprocessing_Fill=10;CPXPARAM_Preprocessing_NumPass=-1;CPXPARAM_Preprocessing_Presolve=1;CPXPARAM_Preprocessing_QPMakePSD=1;CPXPARAM_Preprocessing_Reduce=3;CPXPARAM_Preprocessing_Relax=-1;CPXPARAM_Preprocessing_RepeatPresolve=-1;CPXPARAM_Preprocessing_Symmetry=-1;CPXPARAM_Read_Scale=0;CPXPARAM_Sifting_Algorithm=0;CPXPARAM_Simplex_Crash=1;CPXPARAM_Simplex_DGradient=0;CPXPARAM_Simplex_Limits_Perturbation=0;CPXPARAM_Simplex_Limits_Singularity=10;CPXPARAM_Simplex_PGradient=0;CPXPARAM_Simplex_Pricing=0;CPXPARAM_Simplex_Refactor=0
6056757023995660538,0,CPXPARAM_Advance=1;CPXPARAM_Barrier_Algorithm=0;CPXPARAM_Barrier_ColNonzeros=0;CPXPARAM_Barrier_Crossover=0;CPXPARAM_Barrier_Limits_Corrections=-1;CPXPARAM_Barrier_Ordering=0;CPXPARAM_Barrier_StartAlg=1;CPXPARAM_Emphasis_MIP=5;CPXPARAM_Emphasis_Memory=0;CPXPARAM_Emphasis_Numerical=0;CPXPARAM_Feasopt_Mode=0;CPXPARAM_LPMethod=0;CPXPARAM_MIP_Cuts_Cliques=2;CPXPARAM_MIP_Cuts_Covers=-1;CPXPARAM_MIP_Cuts_Disjunctive=0;CPXPARAM_MIP_Cuts_FlowCovers=-1;CPXPARAM_MIP_Cuts_GUBCovers=-1;CPXPARAM_MIP_Cuts_Gomory=-1;CPXPARAM_MIP_Cuts_Implied=-1;CPXPARAM_MIP_Cuts_MIRCut=2;CPXPARAM_MIP_Cuts_PathCut=2;CPXPARAM_MIP_Limits_AggForCut=3;CPXPARAM_MIP_Limits_CutPasses=0;CPXPARAM_MIP_Limits_CutsFactor=-1;CPXPARAM_MIP_Limits_GomoryCand=50;CPXPARAM_MIP_Limits_GomoryPass=0;CPXPARAM_MIP_Limits_Nodes=9223372036800000000;CPXPARAM_MIP_Limits_ProbeTime=1e+75;CPXPARAM_MIP_Limits_RepairTries=0;CPXPARAM_MIP_Limits_StrongCand=10;CPXPARAM_MIP_Limits_StrongIt=0;CPXPARAM_MIP_OrderType=0;CPXPARAM_MIP_Strategy_BBInterval=7;CPXPARAM_MIP_Strategy_Branch=0;CPXPARAM_MIP_Strategy_Dive=0;CPXPARAM_MIP_Strategy_File=1;CPXPARAM_MIP_Strategy_HeuristicFreq=0;CPXPARAM_MIP_Strategy_LBHeur=0;CPXPARAM_MIP_Strategy_NodeSelect=1;CPXPARAM_MIP_Strategy_Order=1;CPXPARAM_MIP_Strategy_PresolveNode=0;CPXPARAM_MIP_Strategy_Probe=-1;CPXPARAM_MIP_Strategy_RINSHeur=0;CPXPARAM_MIP_Strategy_StartAlgorithm=0;CPXPARAM_MIP_Strategy_SubAlgorithm=0;CPXPARAM_MIP_Strategy_VariableSelect=4;CPXPARAM_Network_NetFind=2;CPXPARAM_Network_Pricing=0;CPXPARAM_Parallel=1;CPXPARAM_Preprocessing_Aggregator=-1;CPXPARAM_Preprocessing_BoundStrength=-1;CPXPARAM_Preprocessing_CoeffReduce=-1;CPXPARAM_Preprocessing_Dependency=-1;CPXPARAM_Preprocessing_Dual=0;CPXPARAM_Preprocessing_Fill=10;CPXPARAM_Preprocessing_NumPass=-1;CPXPARAM_Preprocessing_Presolve=1;CPXPARAM_Preprocessing_QPMakePSD=1;CPXPARAM_Preprocessing_Reduce=3;CPXPARAM_Preprocessing_Relax=-1;CPXPARAM_Preprocessing_RepeatPresolve=-1;CPXPARAM_Preprocessing_Symmetry=-1;CPXPARAM_Read_Scale=0;CPXPARAM_Sifting_Algorithm=0;CPXPARAM_Simplex_Crash=1;CPXPARAM_Simplex_DGradient=0;CPXPARAM_Simplex_Limits_Perturbation=0;CPXPARAM_Simplex_Limits_Singularity=10;CPXPARAM_Simplex_PGradient=0;CPXPARAM_Simplex_Pricing=0;CPXPARAM_Simplex_Refactor=0
3782528538114230852,0,CPXPARAM_Advance=1;CPXPARAM_Barrier_Algorithm=0;CPXPARAM_Barrier_ColNonzeros=0;CPXPARAM_Barrier_Crossover=0;CPXPARAM_Barrier_Limits_Corrections=-1;CPXPARAM_Barrier_Ordering=0;CPXPARAM_Barrier_StartAlg=1;CPXPARAM_Emphasis_MIP=0;CPXPARAM_Emphasis_Memory=0;CPXPARAM_Emphasis_Numerical=0;CPXPARAM_Feasopt_Mode=0;CPXPARAM_LPMethod=0;CPXPARAM_MIP_Cuts_Cliques=1;CPXPARAM_MIP_Cuts_Covers=-1;CPXPARAM_MIP_Cuts_Disjunctive=-1;CPXPARAM_MIP_Cuts_FlowCovers=2;CPXPARAM_MIP_Cuts_GUBCovers=-1;CPXPARAM_MIP_Cuts_Gomory=0;CPXPARAM_MIP_Cuts_Implied=-1;CPXPARAM_MIP_Cuts_MIRCut=-1;CPXPARAM_MIP_Cuts_PathCut=1;CPXPARAM_MIP_Limits_AggForCut=5;CPXPARAM_MIP_Limits_CutPasses=0;CPXPARAM_MIP_Limits_CutsFactor=-1;CPXPARAM_MIP_Limits_GomoryCand=800;CPXPARAM_MIP_Limits_GomoryPass=0;CPXPARAM_MIP_Limits_Nodes=9223372036800000000;CPXPARAM_MIP_Limits_ProbeTime=1e+75;CPXPARAM_MIP_Limits_RepairTries=0;CPXPARAM_MIP_Limits_StrongCand=10;CPXPARAM_MIP_Limits_StrongIt=0;CPXPARAM_MIP_OrderType=2;CPXPARAM_MIP_Strategy_BBInterval=7;CPXPARAM_MIP_Strategy_Branch=0;CPXPARAM_MIP_Strategy_Dive=0;CPXPARAM_MIP_Strategy_File=1;CPXPARAM_MIP_Strategy_HeuristicFreq=0;CPXPARAM_MIP_Strategy_LBHeur=0;CPXPARAM_MIP_Strategy_NodeSelect=3;CPXPARAM_MIP_Strategy_Order=1;CPXPARAM_MIP_Strategy_PresolveNode=3;CPXPARAM_MIP_Strategy_Probe=2;CPXPARAM_MIP_Strategy_RINSHeur=0;CPXPARAM_MIP_Strategy_StartAlgorithm=0;CPXPARAM_MIP_Strategy_SubAlgorithm=1;CPXPARAM_MIP_Strategy_VariableSelect=2;CPXPARAM_Network_NetFind=2;CPXPARAM_Network_Pricing=0;CPXPARAM_Parallel=1;CPXPARAM_Preprocessing_Aggregator=-1;CPXPARAM_Preprocessing_BoundStrength=-1;CPXPARAM_Preprocessing_CoeffReduce=-1;CPXPARAM_Preprocessing_Dependency=-1;CPXPARAM_Preprocessing_Dual=0;CPXPARAM_Preprocessing_Fill=40;CPXPARAM_Preprocessing_NumPass=-1;CPXPARAM_Preprocessing_Presolve=1;CPXPARAM_Preprocessing_QPMakePSD=1;CPXPARAM_Preprocessing_Reduce=3;CPXPARAM_Preprocessing_Relax=-1;CPXPARAM_Preprocessing_RepeatPresolve=-1;CPXPARAM_Preprocessing_Symmetry=-1;CPXPARAM_Read_Scale=-1;CPXPARAM_Sifting_Algorithm=0;CPXPARAM_Simplex_Crash=1;CPXPARAM_Simplex_DGradient=0;CPXPARAM_Simplex_Limits_Perturbation=0;CPXPARAM_Simplex_Limits_Singularity=10;CPXPARAM_Simplex_PGradient=0;CPXPARAM_Simplex_Pricing=0;CPXPARAM_Simplex_Refactor=0
12533625660192225742,0,CPXPARAM_Advance=1;CPXPARAM_Barrier_Algorithm=0;CPXPARAM_Barrier_ColNonzeros=0;CPXPARAM_Barrier_Crossover=0;CPXPARAM_Barrier_Limits_Corrections=-1;CPXPARAM_Barrier_Ordering=0;CPXPARAM_Barrier_StartAlg=1;CPXPARAM_Emphasis_MIP=5;CPXPARAM_Emphasis_Memory=0;CPXPARAM_Emphasis_Numerical=0;CPXPARAM_Feasopt_Mode=0;CPXPARAM_LPMethod=0;CPXPARAM_MIP_Cuts_Cliques=0;CPXPARAM_MIP_Cuts_Covers=-1;CPXPARAM_MIP_Cuts_Disjunctive=0;CPXPARAM_MIP_Cuts_FlowCovers=-1;CPXPARAM_MIP_Cuts_GUBCovers=0;CPXPARAM_MIP_Cuts_Gomory=-1;CPXPARAM_MIP_Cuts_Implied=1;CPXPARAM_MIP_Cuts_MIRCut=-1;CPXPARAM_MIP_Cuts_PathCut=0;CPXPARAM_MIP_Limits_AggForCut=3;CPXPARAM_MIP_Limits_CutPasses=0;CPXPARAM_MIP_Limits_CutsFactor=-1;CPXPARAM_MIP_Limits_GomoryCand=800;CPXPARAM_MIP_Limits_GomoryPass=0;CPXPARAM_MIP_Limits_Nodes=9223372036800000000;CPXPARAM_MIP_Limits_ProbeTime=1e+75;CPXPARAM_MIP_Limits_RepairTries=0;CPXPARAM_MIP_Limits_StrongCand=10;CPXPARAM_MIP_Limits_StrongIt=0;CPXPARAM_MIP_OrderType=0;CPXPARAM_MIP_Strategy_BBInterval=7;CPXPARAM_MIP_Strategy_Branch=0;CPXPARAM_MIP_Strategy_Dive=0;CPXPARAM_MIP_Strategy_File=1;CPXPARAM_MIP_Strategy_HeuristicFreq=0;CPXPARAM_MIP_Strategy_LBHeur=0;CPXPARAM_MIP_Strategy_NodeSelect=1;CPXPARAM_MIP_Strategy_Order=1;CPXPARAM_MIP_Strategy_PresolveNode=0;CPXPARAM_MIP_Strategy_Probe=0;CPXPARAM_MIP_Strategy_RINSHeur=0;CPXPARAM_MIP_Strategy_StartAlgorithm=0;CPXPARAM_MIP_Strategy_SubAlgorithm=0;CPXPARAM_MIP_Strategy_VariableSelect=0;CPXPARAM_Network_NetFind=2;CPXPARAM_Network_Pricing=0;CPXPARAM_Parallel=1;CPXPARAM_Preprocessing_Aggregator=-1;CPXPARAM_Preprocessing_BoundStrength=-1;CPXPARAM_Preprocessing_CoeffReduce=-1;CPXPARAM_Preprocessing_Dependency=-1;CPXPARAM_Preprocessing_Dual=0;CPXPARAM_Preprocessing_Fill=10;CPXPARAM_Preprocessing_NumPass=-1;CPXPARAM_Preprocessing_Presolve=1;CPXPARAM_Preprocessing_QPMakePSD=1;CPXPARAM_Preprocessing_Reduce=3;CPXPARAM_Preprocessing_Relax=-1;CPXPARAM_Preprocessing_RepeatPresolve=-1;CPXPARAM_Preprocessing_Symmetry=-1;CPXPARAM_Read_Scale=0;CPXPARAM_Sifting_Algorithm=0;CPXPARAM_Simplex_Crash=1;CPXPARAM_Simplex_DGradient=0;CPXPARAM_Simplex_Limits_Perturbation=0;CPXPARAM_Simplex_Limits_Singularity=10;CPXPARAM_Simplex_PGradient=0;CPXPARAM_Simplex_Pricing=0;CPXPARAM_Simplex_Refactor=0
15171716086230078890,0,CPXPARAM_Advance=1;CPXPARAM_Barrier_Algorithm=0;CPXPARAM_Barrier_ColNonzeros=0;CPXPARAM_Barrier_Crossover=0;CPXPARAM_Barrier_Limits_Corrections=-1;CPXPARAM_Barrier_Ordering=0;CPXPARAM_Barrier_StartAlg=1;CPXPARAM_Emphasis_MIP=4;CPXPARAM_Emphasis_Memory=0;CPXPARAM_Emphasis_Numerical=0;CPXPARAM_Feasopt_Mode=0;CPXPARAM_LPMethod=0;CPXPARAM_MIP_Cuts_Cliques=-1;CPXPARAM_MIP_Cuts_Covers=0;CPXPARAM_MIP_Cuts_Disjunctive=-1;CPXPARAM_MIP_Cuts_FlowCovers=1;CPXPARAM_MIP_Cuts_GUBCovers=0;CPXPARAM_MIP_Cuts_Gomory=2;CPXPARAM_MIP_Cuts_Implied=0;CPXPARAM_MIP_Cuts_MIRCut=1;CPXPARAM_MIP_Cuts_PathCut=0;CPXPARAM_MIP_Limits_AggForCut=3;CPXPARAM_MIP_Limits_CutPasses=0;CPXPARAM_MIP_Limits_CutsFactor=-1;CPXPARAM_MIP_Limits_GomoryCand=400;CPXPARAM_MIP_Limits_GomoryPass=0;CPXPARAM_MIP_Limits_Nodes=9223372036800000000;CPXPARAM_MIP_Limits_ProbeTime=1e+75;CPXPARAM_MIP_Limits_RepairTries=0;CPXPARAM_MIP_Limits_StrongCand=10;CPXPARAM_MIP_Limits_StrongIt=0;CPXPARAM_MIP_OrderType=0;CPXPARAM_MIP_Strategy_BBInterval=7;CPXPARAM_MIP_Strategy_Branch=0;CPXPARAM_MIP_Strategy_Dive=0;CPXPARAM_MIP_Strategy_File=1;CPXPARAM_MIP_Strategy_HeuristicFreq=0;CPXPARAM_MIP_Strategy_LBHeur=0;CPXPARAM_MIP_Strategy_NodeSelect=1;CPXPARAM_MIP_Strategy_Order=1;CPXPARAM_MIP_Strategy_PresolveNode=0;CPXPARAM_MIP_Strategy_Probe=0;CPXPARAM_MIP_Strategy_RINSHeur=0;CPXPARAM_MIP_Strategy_StartAlgorithm=0;CPXPARAM_MIP_Strategy_SubAlgorithm=0;CPXPARAM_MIP_Strategy_VariableSelect=0;CPXPARAM_Network_NetFind=2;CPXPARAM_Network_Pricing=0;CPXPARAM_Parallel=1;CPXPARAM_Preprocessing_Aggregator=-1;CPXPARAM_Preprocessing_BoundStrength=-1;CPXPARAM_Preprocessing_CoeffReduce=-1;CPXPARAM_Preprocessing_Dependency=-1;CPXPARAM_Preprocessing_Dual=0;CPXPARAM_Preprocessing_Fill=10;CPXPARAM_Preprocessing_NumPass=-1;CPXPARAM_Preprocessing_Presolve=1;CPXPARAM_Preprocessing_QPMakePSD=1;CPXPARAM_Preprocessing_Reduce=3;CPXPARAM_Preprocessing_Relax=-1;CPXPARAM_Preprocessing_RepeatPresolve=-1;CPXPARAM_Preprocessing_Symmetry=-1;CPXPARAM_Read_Scale=0;CPXPARAM_Sifting_Algorithm=0;CPXPARAM_Simplex_Crash=1;CPXPARAM_Simplex_DGradient=0;CPXPARAM_Simplex_Limits_Perturbation=0;CPXPARAM_Simplex_Limits_Singularity=10;CPXPARAM_Simplex_PGradient=0;CPXPARAM_Simplex_Pricing=0;CPXPARAM_Simplex_Refactor=0
3714349647220634733,0,CPXPARAM_Advance=1;CPXPARAM_Barrier_Algorithm=0;CPXPARAM_Barrier_ColNonzeros=0;CPXPARAM_Barrier_Crossover=0;CPXPARAM_Barrier_Limits_Corrections=-1;CPXPARAM_Barrier_Ordering=0;CPXPARAM_Barrier_StartAlg=1;CPXPARAM_Emphasis_MIP=2;CPXPARAM_Emphasis_Memory=0;CPXPARAM_Emphasis_Numerical=0;CPXPARAM_Feasopt_Mode=0;CPXPARAM_LPMethod=0;CPXPARAM_MIP_Cuts_Cliques=3;CPXPARAM_MIP_Cuts_Covers=0;CPXPARAM_MIP_Cuts_Disjunctive=0;CPXPARAM_MIP_Cuts_FlowCovers=1;CPXPARAM_MIP_Cuts_GUBCovers=-1;CPXPARAM_MIP_Cuts_Gomory=1;CPXPARAM_MIP_Cuts_Implied=0;CPXPARAM_MIP_Cuts_MIRCut=2;CPXPARAM_MIP_Cuts_PathCut=0;CPXPARAM_MIP_Limits_AggForCut=3;CPXPARAM_MIP_Limits_CutPasses=0;CPXPARAM_MIP_Limits_CutsFactor=-1;CPXPARAM_MIP_Limits_GomoryCand=50;CPXPARAM_MIP_Limits_GomoryPass=0;CPXPARAM_MIP_Limits_Nodes=9223372036800000000;CPXPARAM_MIP_Limits_ProbeTime=1e+75;CPXPARAM_MIP_Limits_RepairTries=0;CPXPARAM_MIP_Limits_StrongCand=10;CPXPARAM_MIP_Limits_StrongIt=0;CPXPARAM_MIP_OrderType=0;CPXPARAM_MIP_Strategy_BBInterval=7;CPXPARAM_MIP_Strategy_Branch=0;CPXPARAM_MIP_Strategy_Dive=0;CPXPARAM_MIP_Strategy_File=1;CPXPARAM_MIP_Strategy_HeuristicFreq=0;CPXPARAM_MIP_Strategy_LBHeur=0;CPXPARAM_MIP_Strategy_NodeSelect=2;CPXPARAM_MIP_Strategy_Order=1;CPXPARAM_MIP_Strategy_PresolveNode=2;CPXPARAM_MIP_Strategy_Probe=3;CPXPARAM_MIP_Strategy_RINSHeur=0;CPXPARAM_MIP_Strategy_StartAlgorithm=0;CPXPARAM_MIP_Strategy_SubAlgorithm=0;CPXPARAM_MIP_Strategy_VariableSelect=-1;CPXPARAM_Network_NetFind=2;CPXPARAM_Network_Pricing=0;CPXPARAM_Parallel=1;CPXPARAM_Preprocessing_Aggregator=-1;CPXPARAM_Preprocessing_BoundStrength=-1;CPXPARAM_Preprocessing_CoeffReduce=-1;CPXPARAM_Preprocessing_Dependency=-1;CPXPARAM_Preprocessing_Dual=0;CPXPARAM_Preprocessing_Fill=10;CPXPARAM_Preprocessing_NumPass=-1;CPXPARAM_Preprocessing_Presolve=1;CPXPARAM_Preprocessing_QPMakePSD=1;CPXPARAM_Preprocessing_Reduce=3;CPXPARAM_Preprocessing_Relax=-1;CPXPARAM_Preprocessing_RepeatPresolve=-1;CPXPARAM_Preprocessing_Symmetry=-1;CPXPARAM_Read_Scale=0;CPXPARAM_Sifting_Algorithm=0;CPXPARAM_Simplex_Crash=1;CPXPARAM_Simplex_DGradient=0;CPXPARAM_Simplex_Limits_Perturbation=0;CPXPARAM_Simplex_Limits_Singularity=10;CPXPARAM_Simplex_PGradient=0;CPXPARAM_Simplex_Pricing=0;CPXPARAM_Simplex_Refactor=0
14921508010286178949,0,CPXPARAM_Advance=1;CPXPARAM_Barrier_Algorithm=0;CPXPARAM_Barrier_ColNonzeros=0;CPXPARAM_Barrier_Crossover=0;CPXPARAM_Barrier_Limits_Corrections=-1;CPXPARAM_Barrier_Ordering=0;CPXPARAM_Barrier_StartAlg=1;CPXPARAM_Emphasis_MIP=0;CPXPARAM_Emphasis_Memory=0;CPXPARAM_Emphasis_Numerical=0;CPXPARAM_Feasopt_Mode=0;CPXPARAM_LPMethod=0;CPXPARAM_MIP_Cuts_Cliques=0;CPXPARAM_MIP_Cuts_Covers=0;CPXPARAM_MIP_Cuts_Disjunctive=0;CPXPARAM_MIP_Cuts_FlowCovers=0;CPXPARAM_MIP_Cuts_GUBCovers=0;CPXPARAM_MIP_Cuts_Gomory=0;CPXPARAM_MIP_Cuts_Implied=0;CPXPARAM_MIP_Cuts_MIRCut=0;CPXPARAM_MIP_Cuts_PathCut=0;CPXPARAM_MIP_Limits_AggForCut=3;CPXPARAM_MIP_Limits_CutPasses=0;CPXPARAM_MIP_Limits_CutsFactor=-1;CPXPARAM_MIP_Limits_GomoryCand=200;CPXPARAM_MIP_Limits_GomoryPass=0;CPXPARAM_MIP_Limits_Nodes=9223372036800000000;CPXPARAM_MIP_Limits_ProbeTime=1e+75;CPXPARAM_MIP_Limits_RepairTries=0;CPXPARAM_MIP_Limits_StrongCand=10;CPXPARAM_MIP_Limits_StrongIt=0;CPXPARAM_MIP_OrderType=0;CPXPARAM_MIP_Strategy_BBInterval=7;CPXPARAM_MIP_Strategy_Branch=0;CPXPARAM_MIP_Strategy_Dive=0;CPXPARAM_MIP_Strategy_File=1;CPXPARAM_MIP_Strategy_HeuristicFreq=0;CPXPARAM_MIP_Strategy_LBHeur=0;CPXPARAM_MIP_Strategy_NodeSelect=1;CPXPARAM_MIP_Strategy_Order=1;CPXPARAM_MIP_Strategy_PresolveNode=0;CPXPARAM_MIP_Strategy_Probe=0;CPXPARAM_MIP_Strategy_RINSHeur=0;CPXPARAM_MIP_Strategy_StartAlgorithm=0;CPXPARAM_MIP_Strategy_SubAlgorithm=0;CPXPARAM_MIP_Strategy_VariableSelect=0;CPXPARAM_Network_NetFind=2;CPXPARAM_Network_Pricing=0;CPXPARAM_Parallel=1;CPXPARAM_Preprocessing_Aggregator=-1;CPXPARAM_Preprocessing_BoundStrength=-1;CPXPARAM_Preprocessing_CoeffReduce=-1;CPXPARAM_Preprocessing_Dependency=-1;CPXPARAM_Preprocessing_Dual=0;CPXPARAM_Preprocessing_Fill=10;CPXPARAM_Preprocessing_NumPass=-1;CPXPARAM_Preprocessing_Presolve=1;CPXPARAM_Preprocessing_QPMakePSD=1;CPXPARAM_Preprocessing_Reduce=3;CPXPARAM_Preprocessing_Relax=-1;CPXPARAM_Preprocessing_RepeatPresolve=-1;CPXPARAM_Preprocessing_Symmetry=-1;CPXPARAM_Read_Scale=0;CPXPARAM_Sifting_Algorithm=0;CPXPARAM_Simplex_Crash=1;CPXPARAM_Simplex_DGradient=0;CPXPARAM_Simplex_Limits_Perturbation=0;CPXPARAM_Simplex_Limits_Singularity=10;CPXPARAM_Simplex_PGradient=0;CPXPARAM_Simplex_Pricing=0;CPXPARAM_Simplex_Refactor=0
8809782307477862538,0,CPXPARAM_Advance=1;CPXPARAM_Barrier_Algorithm=0;CPXPARAM_Barrier_ColNonzeros=0;CPXPARAM_Barrier_Crossover=0;CPXPARAM_Barrier_Limits_Corrections=-1;CPXPARAM_Barrier_Ordering=2;CPXPARAM_Barrier_StartAlg=1;CPXPARAM_Emphasis_MIP=2;CPXPARAM_Emphasis_Memory=0;CPXPARAM_Emphasis_Numerical=0;CPXPARAM_Feasopt_Mode=0;CPXPARAM_LPMethod=0;CPXPARAM_MIP_Cuts_Cliques=-1;CPXPARAM_MIP_Cuts_Covers=2;CPXPARAM_MIP_Cuts_Disjunctive=1;CPXPARAM_MIP_Cuts_FlowCovers=2;CPXPARAM_MIP_Cuts_GUBCovers=1;CPXPARAM_MIP_Cuts_Gomory=0;CPXPARAM_MIP_Cuts_Implied=-1;CPXPARAM_MIP_Cuts_MIRCut=-1;CPXPARAM_MIP_Cuts_PathCut=-1;CPXPARAM_MIP_Limits_AggForCut=3;CPXPARAM_MIP_Limits_CutPasses=0;CPXPARAM_MIP_Limits_CutsFactor=-1;CPXPARAM_MIP_Limits_GomoryCand=400;CPXPARAM_MIP_Limits_GomoryPass=0;CPXPARAM_MIP_Limits_Nodes=9223372036800000000;CPXPARAM_MIP_Limits_ProbeTime=1e+75;CPXPARAM_MIP_Limits_RepairTries=0;CPXPARAM_MIP_Limits_StrongCand=10;CPXPARAM_MIP_Limits_StrongIt=0;CPXPARAM_MIP_OrderType=0;CPXPARAM_MIP_Strategy_BBInterval=7;CPXPARAM_MIP_Strategy_Branch=0;CPXPARAM_MIP_Strategy_Dive=0;CPXPARAM_MIP_Strategy_File=1;CPXPARAM_MIP_Strategy_HeuristicFreq=0;CPXPARAM_MIP_Strategy_LBHeur=0;CPXPARAM_MIP_Strategy_NodeSelect=1;CPXPARAM_MIP_Strategy_Order=1;CPXPARAM_MIP_Strategy_PresolveNode=0;CPXPARAM_MIP_Strategy_Probe=0;CPXPARAM_MIP_Strategy_RINSHeur=0;CPXPARAM_MIP_Strategy_StartAlgorithm=0;CPXPARAM_MIP_Strategy_SubAlgorithm=0;CPXPARAM_MIP_Strategy_VariableSelect=0;CPXPARAM_Network_NetFind=2;CPXPARAM_Network_Pricing=0;CPXPARAM_Parallel=1;CPXPARAM_Preprocessing_Aggregator=-1;CPXPARAM_Preprocessing_BoundStrength=-1;CPXPARAM_Preprocessing_CoeffReduce=-1;CPXPARAM_Preprocessing_Dependency=-1;CPXPARAM_Preprocessing_Dual=0;CPXPARAM_Preprocessing_Fill=10;CPXPARAM_Preprocessing_NumPass=-1;CPXPARAM_Preprocessing_Presolve=1;CPXPARAM_Preprocessing_QPMakePSD=1;CPXPARAM_Preprocessing_Reduce=3;CPXPARAM_Preprocessing_Relax=-1;CPXPARAM_Preprocessing_RepeatPresolve=-1;CPXPARAM_Preprocessing_Symmetry=-1;CPXPARAM_Read_Scale=0;CPXPARAM_Sifting_Algorithm=0;CPXPARAM_Simplex_Crash=1;CPXPARAM_Simplex_DGradient=0;CPXPARAM_Simplex_Limits_Perturbation=0;CPXPARAM_Simplex_Limits_Singularity=10;CPXPARAM_Simplex_PGradient=0;CPXPARAM_Simplex_Pricing=0;CPXPARAM_Simplex_Refactor=0
1610949671491082621,0,CPXPARAM_Advance=1;CPXPARAM_Barrier_Algorithm=0;CPXPARAM_Barrier_ColNonzeros=0;CPXPARAM_Barrier_Crossover=0;CPXPARAM_Barrier_Limits_Corrections=-1;CPXPARAM_Barrier_Ordering=0;CPXPARAM_Barrier_StartAlg=1;CPXPARAM_Emphasis_MIP=2;CPXPARAM_Emphasis_Memory=0;CPXPARAM_Emphasis_Numerical=0;CPXPARAM_Feasopt_Mode=0;CPXPARAM_LPMethod=0;CPXPARAM_MIP_Cuts_Cliques=1;CPXPARAM_MIP_Cuts_Covers=-1;CPXPARAM_MIP_Cuts_Disjunctive=1;CPXPARAM_MIP_Cuts_FlowCovers=1;CPXPARAM_MIP_Cuts_GUBCovers=-1;CPXPARAM_MIP_Cuts_Gomory=2;CPXPARAM_MIP_Cuts_Implied=-1;CPXPARAM_MIP_Cuts_MIRCut=2;CPXPARAM_MIP_Cuts_PathCut=1;CPXPARAM_MIP_Limits_AggForCut=0;CPXPARAM_MIP_Limits_CutPasses=0;CPXPARAM_MIP_Limits_CutsFactor=-1;CPXPARAM_MIP_Limits_GomoryCand=25;CPXPARAM_MIP_Limits_GomoryPass=0;CPXPARAM_MIP_Limits_Nodes=9223372036800000000;CPXPARAM_MIP_Limits_ProbeTime=1e+75;CPXPARAM_MIP_Limits_RepairTries=0;CPXPARAM_MIP_Limits_StrongCand=10;CPXPARAM_MIP_Limits_StrongIt=0;CPXPARAM_MIP_OrderType=0;CPXPARAM_MIP_Strategy_BBInterval=7;CPXPARAM_MIP_Strategy_Branch=-1;CPXPARAM_MIP_Strategy_Dive=0;CPXPARAM_MIP_Strategy_File=1;CPXPARAM_MIP_Strategy_HeuristicFreq=0;CPXPARAM_MIP_Strategy_LBHeur=0;CPXPARAM_MIP_Strategy_NodeSelect=0;CPXPARAM_MIP_Strategy_Order=1;CPXPARAM_MIP_Strategy_PresolveNode=0;CPXPARAM_MIP_Strategy_Probe=1;CPXPARAM_MIP_Strategy_RINSHeur=0;CPXPARAM_MIP_Strategy_StartAlgorithm=0;CPXPARAM_MIP_Strategy_SubAlgorithm=0;CPXPARAM_MIP_Strategy_VariableSelect=4;CPXPARAM_Network_NetFind=2;CPXPARAM_Network_Pricing=0;CPXPARAM_Parallel=1;CPXPARAM_Preprocessing_Aggregator=-1;CPXPARAM_Preprocessing_BoundStrength=-1;CPXPARAM_Preprocessing_CoeffReduce=-1;CPXPARAM_Preprocessing_Dependency=-1;CPXPARAM_Preprocessing_Dual=0;CPXPARAM_Preprocessing_Fill=10;CPXPARAM_Preprocessing_NumPass=-1;CPXPARAM_Preprocessing_Presolve=1;CPXPARAM_Preprocessing_QPMakePSD=1;CPXPARAM_Preprocessing_Reduce=3;CPXPARAM_Preprocessing_Relax=-1;CPXPARAM_Preprocessing_RepeatPresolve=-1;CPXPARAM_Preprocessing_Symmetry=-1;CPXPARAM_Read_Scale=0;CPXPARAM_Sifting_Algorithm=0;CPXPARAM_Simplex_Crash=1;CPXPARAM_Simplex_DGradient=0;CPXPARAM_Simplex_Limits_Perturbation=0;CPXPARAM_Simplex_Limits_Singularity=10;CPXPARAM_Simplex_PGradient=0;CPXPARAM_Simplex_Pricing=0;CPXPARAM_Simplex_Refactor=0
3530802730982759114,0,CPXPARAM_Advance=1;CPXPARAM_Barrier_Algorithm=0;CPXPARAM_Barrier_ColNonzeros=0;CPXPARAM_Barrier_Crossover=0;CPXPARAM_Barrier_Limits_Corrections=-1;CPXPARAM_Barrier_Ordering=0;CPXPARAM_Barrier_StartAlg=1;CPXPARAM_Emphasis_MIP=4;CPXPARAM_Emphasis_Memory=0;CPXPARAM_Emphasis_Numerical=0;CPXPARAM_Feasopt_Mode=0;CPXPARAM_LPMethod=0;CPXPARAM_MIP_Cuts_Cliques=0;CPXPARAM_MIP_Cuts_Covers=0;CPXPARAM_MIP_Cuts_Disjunctive=-1;CPXPARAM_MIP_Cuts_FlowCovers=2;CPXPARAM_MIP_Cuts_GUBCovers=-1;CPXPARAM_MIP_Cuts_Gomory=0;CPXPARAM_MIP_Cuts_Implied=0;CPXPARAM_MIP_Cuts_MIRCut=0;CPXPARAM_MIP_Cuts_PathCut=2;CPXPARAM_MIP_Limits_AggForCut=3;CPXPARAM_MIP_Limits_CutPasses=0;CPXPARAM_MIP_Limits_CutsFactor=-1;CPXPARAM_MIP_Limits_GomoryCand=10;CPXPARAM_MIP_Limits_GomoryPass=0;CPXPARAM_MIP_Limits_Nodes=9223372036800000000;CPXPARAM_MIP_Limits_ProbeTime=1e+75;CPXPARAM_MIP_Limits_RepairTries=0;CPXPARAM_MIP_Limits_StrongCand=10;CPXPARAM_MIP_Limits_StrongIt=0;CPXPARAM_MIP_OrderType=0;CPXPARAM_MIP_Strategy_BBInterval=7;CPXPARAM_MIP_Strategy_Branch=0;CPXPARAM_MIP_Strategy_Dive=0;CPXPARAM_MIP_Strategy_File=1;CPXPARAM_MIP_Strategy_HeuristicFreq=0;CPXPARAM_MIP_Strategy_LBHeur=0;CPXPARAM_MIP_Strategy_NodeSelect=1;CPXPARAM_MIP_Strategy_Order=1;CPXPARAM_MIP_Strategy_PresolveNode=0;CPXPARAM_MIP_Strategy_Probe=0;CPXPARAM_MIP_Strategy_RINSHeur=0;CPXPARAM_MIP_Strategy_StartAlgorithm=0;CPXPARAM_MIP_Strategy_SubAlgorithm=0;CPXPARAM_MIP_Strategy_VariableSelect=0;CPXPARAM_Network_NetFind=2;CPXPARAM_Network_Pricing=0;CPXPARAM_Parallel=1;CPXPARAM_Preprocessing_Aggregator=-1;CPXPARAM_Preprocessing_BoundStrength=-1;CPXPARAM_Preprocessing_CoeffReduce=-1;CPXPARAM_Preprocessing_Dependency=-1;CPXPARAM_Preprocessing_Dual=0;CPXPARAM_Preprocessing_Fill=10;CPXPARAM_Preprocessing_NumPass=-1;CPXPARAM_Preprocessing_Presolve=1;CPXPARAM_Preprocessing_QPMakePSD=1;CPXPARAM_Preprocessing_Reduce=3;CPXPARAM_Preprocessing_Relax=-1;CPXPARAM_Preprocessing_RepeatPresolve=-1;CPXPARAM_Preprocessing_Symmetry=-1;CPXPARAM_Read_Scale=0;CPXPARAM_Sifting_Algorithm=0;CPXPARAM_Simplex_Crash=1;CPXPARAM_Simplex_DGradient=0;CPXPARAM_Simplex_Limits_Perturbation=0;CPXPARAM_Simplex_Limits_Singularity=10;CPXPARAM_Simplex_PGradient=0;CPXPARAM_Simplex_Pricing=0;CPXPARAM_Simplex_Refactor=0
7984634555452092764,0,CPXPARAM_Advance=1;CPXPARAM_Barrier_Algorithm=0;CPXPARAM_Barrier_ColNonzeros=0;CPXPARAM_Barrier_Crossover=0;CPXPARAM_Barrier_Limits_Corrections=-1;CPXPARAM_Barrier_Ordering=0;CPXPARAM_Barrier_StartAlg=1;CPXPARAM_Emphasis_MIP=5;CPXPARAM_Emphasis_Memory=0;CPXPARAM_Emphasis_Numerical=0;CPXPARAM_Feasopt_Mode=0;CPXPARAM_LPMethod=0;CPXPARAM_MIP_Cuts_Cliques=2;CPXPARAM_MIP_Cuts_Covers=-1;CPXPARAM_MIP_Cuts_Disjunctive=0;CPXPARAM_MIP_Cuts_FlowCovers=-1;CPXPARAM_MIP_Cuts_GUBCovers=-1;CPXPARAM_MIP_Cuts_Gomory=-1;CPXPARAM_MIP_Cuts_Implied=-1;CPXPARAM_MIP_Cuts_MIRCut=2;CPXPARAM_MIP_Cuts_PathCut=2;CPXPARAM_MIP_Limits_AggForCut=3;CPXPARAM_MIP_Limits_CutPasses=0;CPXPARAM_MIP_Limits_CutsFactor=-1;CPXPARAM_MIP_Limits_GomoryCand=50;CPXPARAM_MIP_Limits_GomoryPass=0;CPXPARAM_MIP_Limits_Nodes=9223372036800000000;CPXPARAM_MIP_Limits_ProbeTime=1e+75;CPXPARAM_MIP_Limits_RepairTries=0;CPXPARAM_MIP_Limits_StrongCand=10;CPXPARAM_MIP_Limits_StrongIt=0;CPXPARAM_MIP_OrderType=0;CPXPARAM_MIP_Strategy_BBInterval=7;CPXPARAM_MIP_Strategy_Branch=0;CPXPARAM_MIP_Strategy_Dive=0;CPXPARAM_MIP_Strategy_File=1;CPXPARAM_MIP_Strategy_HeuristicFreq=0;CPXPARAM_MIP_Strategy_LBHeur=0;CPXPARAM_MIP_Strategy_NodeSelect=1;CPXPARAM_MIP_Strategy_Order=1;CPXPARAM_MIP_Strategy_PresolveNode=0;CPXPARAM_MIP_Strategy_Probe=0;CPXPARAM_MIP_Strategy_RINSHeur=0;CPXPARAM_MIP_Strategy_StartAlgorithm=0;CPXPARAM_MIP_Strategy_SubAlgorithm=0;CPXPARAM_MIP_Strategy_VariableSelect=0;CPXPARAM_Network_NetFind=2;CPXPARAM_Network_Pricing=0;CPXPARAM_Parallel=1;CPXPARAM_Preprocessing_Aggregator=-1;CPXPARAM_Preprocessing_BoundStrength=-1;CPXPARAM_Preprocessing_CoeffReduce=-1;CPXPARAM_Preprocessing_Dependency=-1;CPXPARAM_Preprocessing_Dual=0;CPXPARAM_Preprocessing_Fill=10;CPXPARAM_Preprocessing_NumPass=-1;CPXPARAM_Preprocessing_Presolve=1;CPXPARAM_Preprocessing_QPMakePSD=1;CPXPARAM_Preprocessing_Reduce=3;CPXPARAM_Preprocessing_Relax=-1;CPXPARAM_Preprocessing_RepeatPresolve=-1;CPXPARAM_Preprocessing_Symmetry=-1;CPXPARAM_Read_Scale=0;CPXPARAM_Sifting_Algorithm=0;CPXPARAM_Simplex_Crash=1;CPXPARAM_Simplex_DGradient=0;CPXPARAM_Simplex_Limits_Perturbation=0;CPXPARAM_Simplex_Limits_Singularity=10;CPXPARAM_Simplex_PGradient=0;CPXPARAM_Simplex_Pricing=0;CPXPARAM_Simplex_Refactor=0
11880175099023929898,0,CPXPARAM_Advance=1;CPXPARAM_Barrier_Algorithm=0;CPXPARAM_Barrier_ColNonzeros=0;CPXPARAM_Barrier_Crossover=0;CPXPARAM_Barrier_Limits_Corrections=-1;CPXPARAM_Barrier_Ordering=0;CPXPARAM_Barrier_StartAlg=1;CPXPARAM_Emphasis_MIP=4;CPXPARAM_Emphasis_Memory=0;CPXPARAM_Emphasis_Numerical=0;CPXPARAM_Feasopt_Mode=0;CPXPARAM_LPMethod=0;CPXPARAM_MIP_Cuts_Cliques=-1;CPXPARAM_MIP_Cuts_Covers=0;CPXPARAM_MIP_Cuts_Disjunctive=-1;CPXPARAM_MIP_Cuts_FlowCovers=1;CPXPARAM_MIP_Cuts_GUBCovers=0;CPXPARAM_MIP_Cuts_Gomory=2;CPXPARAM_MIP_Cuts_Implied=1;CPXPARAM_MIP_Cuts_MIRCut=1;CPXPARAM_MIP_Cuts_PathCut=0;CPXPARAM_MIP_Limits_AggForCut=3;CPXPARAM_MIP_Limits_CutPasses=0;CPXPARAM_MIP_Limits_CutsFactor=-1;CPXPARAM_MIP_Limits_GomoryCand=50;CPXPARAM_MIP_Limits_GomoryPass=0;CPXPARAM_MIP_Limits_Nodes=9223372036800000000;CPXPARAM_MIP_Limits_ProbeTime=1e+75;CPXPARAM_MIP_Limits_RepairTries=0;CPXPARAM_MIP_Limits_StrongCand=10;CPXPARAM_MIP_Limits_StrongIt=0;CPXPARAM_MIP_OrderType=0;CPXPARAM_MIP_Strategy_BBInterval=7;CPXPARAM_MIP_Strategy_Branch=0;CPXPARAM_MIP_Strategy_Dive=0;CPXPARAM_MIP_Strategy_File=1;CPXPARAM_MIP_Strategy_HeuristicFreq=0;CPXPARAM_MIP_Strategy_LBHeur=0;CPXPARAM_MIP_Strategy_NodeSelect=1;CPXPARAM_MIP_Strategy_Order=1;CPXPARAM_MIP_Strategy_PresolveNode=0;CPXPARAM_MIP_Strategy_Probe=0;CPXPARAM_MIP_Strategy_RINSHeur=0;CPXPARAM_MIP_Strategy_StartAlgorithm=0;CPXPARAM_MIP_Strategy_SubAlgorithm=0;CPXPARAM_MIP_Strategy_VariableSelect=0;CPXPARAM_Network_NetFind=2;CPXPARAM_Network_Pricing=0;CPXPARAM_Parallel=1;CPXPARAM_Preprocessing_Aggregator=-1;CPXPARAM_Preprocessing_BoundStrength=-1;CPXPARAM_Preprocessing_CoeffReduce=-1;CPXPARAM_Preprocessing_Dependency=-1;CPXPARAM_Preprocessing_Dual=0;CPXPARAM_Preprocessing_Fill=10;CPXPARAM_Preprocessing_NumPass=-1;CPXPARAM_Preprocessing_Presolve=1;CPXPARAM_Preprocessing_QPMakePSD=1;CPXPARAM_Preprocessing_Reduce=3;CPXPARAM_Preprocessing_Relax=-1;CPXPARAM_Preprocessing_RepeatPresolve=-1;CPXPARAM_Preprocessing_Symmetry=-1;CPXPARAM_Read_Scale=0;CPXPARAM_Sifting_Algorithm=0;CPXPARAM_Simplex_Crash=1;CPXPARAM_Simplex_DGradient=0;CPXPARAM_Simplex_Limits_Perturbation=0;CPXPARAM_Simplex_Limits_Singularity=10;CPXPARAM_Simplex_PGradient=0;CPXPARAM_Simplex_Pricing=0;CPXPARAM_Simplex_Refactor=0
11090372025509703256,0,CPXPARAM_Advance=1;CPXPARAM_Barrier_Algorithm=0;CPXPARAM_Barrier_ColNonzeros=0;CPXPARAM_Barrier_Crossover=0;CPXPARAM_Barrier_Limits_Corrections=-1;CPXPARAM_Barrier_Ordering=0;CPXPARAM_Barrier_StartAlg=1;CPXPARAM_Emphasis_MIP=0;CPXPARAM_Emphasis_Memory=0;CPXPARAM_Emphasis_Numerical=0;CPXPARAM_Feasopt_Mode=0;CPXPARAM_LPMethod=0;CPXPARAM_MIP_Cuts_Cliques=3;CPXPARAM_MIP_Cuts_Covers=0;CPXPARAM_MIP_Cuts_Disjunctive=0;CPXPARAM_MIP_Cuts_FlowCovers=2;CPXPARAM_MIP_Cuts_GUBCovers=2;CPXPARAM_MIP_Cuts_Gomory=0;CPXPARAM_MIP_Cuts_Implied=-1;CPXPARAM_MIP_Cuts_MIRCut=1;CPXPARAM_MIP_Cuts_PathCut=1;CPXPARAM_MIP_Limits_AggForCut=0;CPXPARAM_MIP_Limits_CutPasses=0;CPXPARAM_MIP_Limits_CutsFactor=-1;CPXPARAM_MIP_Limits_GomoryCand=25;CPXPARAM_MIP_Limits_GomoryPass=0;CPXPARAM_MIP_Limits_Nodes=9223372036800000000;CPXPARAM_MIP_Limits_ProbeTime=1e+75;CPXPARAM_MIP_Limits_RepairTries=0;CPXPARAM_MIP_Limits_StrongCand=10;CPXPARAM_MIP_Limits_StrongIt=0;CPXPARAM_MIP_OrderType=0;CPXPARAM_MIP_Strategy_BBInterval=7;CPXPARAM_MIP_Strategy_Branch=-1;CPXPARAM_MIP_Strategy_Dive=0;CPXPARAM_MIP_Strategy_File=1;CPXPARAM_MIP_Strategy_HeuristicFreq=0;CPXPARAM_MIP_Strategy_LBHeur=0;CPXPARAM_MIP_Strategy_NodeSelect=3;CPXPARAM_MIP_Strategy_Order=1;CPXPARAM_MIP_Strategy_PresolveNode=1;CPXPARAM_MIP_Strategy_Probe=2;CPXPARAM_MIP_Strategy_RINSHeur=0;CPXPARAM_MIP_Strategy_StartAlgorithm=0;CPXPARAM_MIP_Strategy_SubAlgorithm=0;CPXPARAM_MIP_Strategy_VariableSelect=4;CPXPARAM_Network_NetFind=2;CPXPARAM_Network_Pricing=0;CPXPARAM_Parallel=1;CPXPARAM_Preprocessing_Aggregator=-1;CPXPARAM_Preprocessing_BoundStrength=-1;CPXPARAM_Preprocessing_CoeffReduce=-1;CPXPARAM_Preprocessing_Dependency=-1;CPXPARAM_Preprocessing_Dual=0;CPXPARAM_Preprocessing_Fill=5;CPXPARAM_Preprocessing_NumPass=-1;CPXPARAM_Preprocessing_Presolve=1;CPXPARAM_Preprocessing_QPMakePSD=1;CPXPARAM_Preprocessing_Reduce=3;CPXPARAM_Preprocessing_Relax=-1;CPXPARAM_Preprocessing_RepeatPresolve=-1;CPXPARAM_Preprocessing_Symmetry=-1;CPXPARAM_Read_Scale=0;CPXPARAM_Sifting_Algorithm=0;CPXPARAM_Simplex_Crash=1;CPXPARAM_Simplex_DGradient=0;CPXPARAM_Simplex_Limits_Perturbation=0;CPXPARAM_Simplex_Limits_Singularity=10;CPXPARAM_Simplex_PGradient=0;CPXPARAM_Simplex_Pricing=0;CPXPARAM_Simplex_Refactor=0
18279408360341939788,0,CPXPARAM_Advance=1;CPXPARAM_Barrier_Algorithm=0;CPXPARAM_Barrier_ColNonzeros=0;CPXPARAM_Barrier_Crossover=0;CPXPARAM_Barrier_Limits_Corrections=-1;CPXPARAM_Barrier_Ordering=0;CPXPARAM_Barrier_StartAlg=1;CPXPARAM_Emphasis_MIP=0;CPXPARAM_Emphasis_Memory=0;CPXPARAM_Emphasis_Numerical=0;CPXPARAM_Feasopt_Mode=0;CPXPARAM_LPMethod=0;CPXPARAM_MIP_Cuts_Cliques=3;CPXPARAM_MIP_Cuts_Covers=3;CPXPARAM_MIP_Cuts_Disjunctive=-1;CPXPARAM_MIP_Cuts_FlowCovers=1;CPXPARAM_MIP_Cuts_GUBCovers=-1;CPXPARAM_MIP_Cuts_Gomory=0;CPXPARAM_MIP_Cuts_Implied=-1;CPXPARAM_MIP_Cuts_MIRCut=-1;CPXPARAM_MIP_Cuts_PathCut=0;CPXPARAM_MIP_Limits_AggForCut=10;CPXPARAM_MIP_Limits_CutPasses=0;CPXPARAM_MIP_Limits_CutsFactor=-1;CPXPARAM_MIP_Limits_GomoryCand=200;CPXPARAM_MIP_Limits_GomoryPass=0;CPXPARAM_MIP_Limits_Nodes=9223372036800000000;CPXPARAM_MIP_Limits_ProbeTime=1e+75;CPXPARAM_MIP_Limits_RepairTries=0;CPXPARAM_MIP_Limits_StrongCand=10;CPXPARAM_MIP_Limits_StrongIt=0;CPXPARAM_MIP_OrderType=3;CPXPARAM_MIP_Strategy_BBInterval=7;CPXPARAM_MIP_Strategy_Branch=0;CPXPARAM_MIP_Strategy_Dive=0;CPXPARAM_MIP_Strategy_File=1;CPXPARAM_MIP_Strategy_HeuristicFreq=0;CPXPARAM_MIP_Strategy_LBHeur=0;CPXPARAM_MIP_Strategy_NodeSelect=0;CPXPARAM_MIP_Strategy_Order=1;CPXPARAM_MIP_Strategy_PresolveNode=3;CPXPARAM_MIP_Strategy_Probe=1;CPXPARAM_MIP_Strategy_RINSHeur=0;CPXPARAM_MIP_Strategy_StartAlgorithm=0;CPXPARAM_MIP_Strategy_SubAlgorithm=1;CPXPARAM_MIP_Strategy_VariableSelect=2;CPXPARAM_Network_NetFind=2;CPXPARAM_Network_Pricing=0;CPXPARAM_Parallel=1;CPXPARAM_Preprocessing_Aggregator=-1;CPXPARAM_Preprocessing_BoundStrength=-1;CPXPARAM_Preprocessing_CoeffReduce=-1;CPXPARAM_Preprocessing_Dependency=-1;CPXPARAM_Preprocessing_Dual=0;CPXPARAM_Preprocessing_Fill=5;CPXPARAM_Preprocessing_NumPass=-1;CPXPARAM_Preprocessing_Presolve=1;CPXPARAM_Preprocessing_QPMakePSD=1;CPXPARAM_Preprocessing_Reduce=3;CPXPARAM_Preprocessing_Relax=-1;CPXPARAM_Preprocessing_RepeatPresolve=-1;CPXPARAM_Preprocessing_Symmetry=-1;CPXPARAM_Read_Scale=0;CPXPARAM_Sifting_Algorithm=0;CPXPARAM_Simplex_Crash=1;CPXPARAM_Simplex_DGradient=0;CPXPARAM_Simplex_Limits_Perturbation=0;CPXPARAM_Simplex_Limits_Singularity=10;CPXPARAM_Simplex_PGradient=0;CPXPARAM_Simplex_Pricing=0;CPXPARAM_Simplex_Refactor=0
14231034995946293178,0,CPXPARAM_Advance=1;CPXPARAM_Barrier_Algorithm=0;CPXPARAM_Barrier_ColNonzeros=0;CPXPARAM_Barrier_Crossover=0;CPXPARAM_Barrier_Limits_Corrections=-1;CPXPARAM_Barrier_Ordering=0;CPXPARAM_Barrier_StartAlg=1;CPXPARAM_Emphasis_MIP=0;CPXPARAM_Emphasis_Memory=0;CPXPARAM_Emphasis_Numerical=0;CPXPARAM_Feasopt_Mode=0;CPXPARAM_LPMethod=0;CPXPARAM_MIP_Cuts_Cliques=2;CPXPARAM_MIP_Cuts_Covers=2;CPXPARAM_MIP_Cuts_Disjunctive=0;CPXPARAM_MIP_Cuts_FlowCovers=1;CPXPARAM_MIP_Cuts_GUBCovers=2;CPXPARAM_MIP_Cuts_Gomory=0;CPXPARAM_MIP_Cuts_Implied=-1;CPXPARAM_MIP_Cuts_MIRCut=1;CPXPARAM_MIP_Cuts_PathCut=-1;CPXPARAM_MIP_Limits_AggForCut=3;CPXPARAM_MIP_Limits_CutPasses=0;CPXPARAM_MIP_Limits_CutsFactor=-1;CPXPARAM_MIP_Limits_GomoryCand=150;CPXPARAM_MIP_Limits_GomoryPass=0;CPXPARAM_MIP_Limits_Nodes=9223372036800000000;CPXPARAM_MIP_Limits_ProbeTime=1e+75;CPXPARAM_MIP_Limits_RepairTries=0;CPXPARAM_MIP_Limits_StrongCand=10;CPXPARAM_MIP_Limits_StrongIt=0;CPXPARAM_MIP_OrderType=0;CPXPARAM_MIP_Strategy_BBInterval=7;CPXPARAM_MIP_Strategy_Branch=0;CPXPARAM_MIP_Strategy_Dive=0;CPXPARAM_MIP_Strategy_File=1;CPXPARAM_MIP_Strategy_HeuristicFreq=0;CPXPARAM_MIP_Strategy_LBHeur=0;CPXPARAM_MIP_Strategy_NodeSelect=1;CPXPARAM_MIP_Strategy_Order=1;CPXPARAM_MIP_Strategy_PresolveNode=0;CPXPARAM_MIP_Strategy_Probe=1;CPXPARAM_MIP_Strategy_RINSHeur=0;CPXPARAM_MIP_Strategy_StartAlgorithm=0;CPXPARAM_MIP_Strategy_SubAlgorithm=0;CPXPARAM_MIP_Strategy_VariableSelect=0;CPXPARAM_Network_NetFind=2;CPXPARAM_Network_Pricing=0;CPXPARAM_Parallel=1;CPXPARAM_Preprocessing_Aggregator=-1;CPXPARAM_Preprocessing_BoundStrength=-1;CPXPARAM_Preprocessing_CoeffReduce=-1;CPXPARAM_Preprocessing_Dependency=-1;CPXPARAM_Preprocessing_Dual=0;CPXPARAM_Preprocessing_Fill=10;CPXPARAM_Preprocessing_NumPass=-1;CPXPARAM_Preprocessing_Presolve=1;CPXPARAM_Preprocessing_QPMakePSD=1;CPXPARAM_Preprocessing_Reduce=3;CPXPARAM_Preprocessing_Relax=-1;CPXPARAM_Preprocessing_RepeatPresolve=-1;CPXPARAM_Preprocessing_Symmetry=-1;CPXPARAM_Read_Scale=0;CPXPARAM_Sifting_Algorithm=0;CPXPARAM_Simplex_Crash=1;CPXPARAM_Simplex_DGradient=0;CPXPARAM_Simplex_Limits_Perturbation=0;CPXPARAM_Simplex_Limits_Singularity=10;CPXPARAM_Simplex_PGradient=0;CPXPARAM_Simplex_Pricing=0;CPXPARAM_Simplex_Refactor=0
3016826847798094728,0,CPXPARAM_Advance=1;CPXPARAM_Barrier_Algorithm=0;CPXPARAM_Barrier_ColNonzeros=0;CPXPARAM_Barrier_Crossover=0;CPXPARAM_Barrier_Limits_Corrections=-1;CPXPARAM_Barrier_Ordering=0;CPXPARAM_Barrier_StartAlg=1;CPXPARAM_Emphasis_MIP=4;CPXPARAM_Emphasis_Memory=0;CPXPARAM_Emphasis_Numerical=0;CPXPARAM_Feasopt_Mode=0;CPXPARAM_LPMethod=0;CPXPARAM_MIP_Cuts_Cliques=0;CPXPARAM_MIP_Cuts_Covers=0;CPXPARAM_MIP_Cuts_Disjunctive=0;CPXPARAM_MIP_Cuts_FlowCovers=-1;CPXPARAM_MIP_Cuts_GUBCovers=0;CPXPARAM_MIP_Cuts_Gomory=0;CPXPARAM_MIP_Cuts_Implied=0;CPXPARAM_MIP_Cuts_MIRCut=-1;CPXPARAM_MIP_Cuts_PathCut=1;CPXPARAM_MIP_Limits_AggForCut=3;CPXPARAM_MIP_Limits_CutPasses=0;CPXPARAM_MIP_Limits_CutsFactor=-1;CPXPARAM_MIP_Limits_GomoryCand=150;CPXPARAM_MIP_Limits_GomoryPass=0;CPXPARAM_MIP_Limits_Nodes=9223372036800000000;CPXPARAM_MIP_Limits_ProbeTime=1e+75;CPXPARAM_MIP_Limits_RepairTries=0;CPXPARAM_MIP_Limits_StrongCand=10;CPXPARAM_MIP_Limits_StrongIt=0;CPXPARAM_MIP_OrderType=0;CPXPARAM_MIP_Strategy_BBInterval=7;CPXPARAM_MIP_Strategy_Branch=0;CPXPARAM_MIP_Strategy_Dive=0;CPXPARAM_MIP_Strategy_File=1;CPXPARAM_MIP_Strategy_HeuristicFreq=0;CPXPARAM_MIP_Strategy_LBHeur=0;CPXPARAM_MIP_Strategy_NodeSelect=1;CPXPARAM_MIP_Strategy_Order=1;CPXPARAM_MIP_Strategy_PresolveNode=0;CPXPARAM_MIP_Strategy_Probe=0;CPXPARAM_MIP_Strategy_RINSHeur=0;CPXPARAM_MIP_Strategy_StartAlgorithm=0;CPXPARAM_MIP_Strategy_SubAlgorithm=0;CPXPARAM_MIP_Strategy_VariableSelect=0;CPXPARAM_Network_NetFind=2;CPXPARAM_Network_Pricing=0;CPXPARAM_Parallel=1;CPXPARAM_Preprocessing_Aggregator=-1;CPXPARAM_Preprocessing_BoundStrength=-1;CPXPARAM_Preprocessing_CoeffReduce=-1;CPXPARAM_Preprocessing_Dependency=-1;CPXPARAM_Preprocessing_Dual=0;CPXPARAM_Preprocessing_Fill=10;CPXPARAM_Preprocessing_NumPass=-1;CPXPARAM_Preprocessing_Presolve=1;CPXPARAM_Preprocessing_QPMakePSD=1;CPXPARAM_Preprocessing_Reduce=3;CPXPARAM_Preprocessing_Relax=-1;CPXPARAM_Preprocessing_RepeatPresolve=-1;CPXPARAM_Preprocessing_Symmetry=-1;CPXPARAM_Read_Scale=0;CPXPARAM_Sifting_Algorithm=0;CPXPARAM_Simplex_Crash=1;CPXPARAM_Simplex_DGradient=0;CPXPARAM_Simplex_Limits_Perturbation=0;CPXPARAM_Simplex_Limits_Singularity=10;CPXPARAM_Simplex_PGradient=0;CPXPARAM_Simplex_Pricing=0;CPXPARAM_Simplex_Refactor=0
2323921828523439989,0,CPXPARAM_Advance=1;CPXPARAM_Barrier_Algorithm=0;CPXPARAM_Barrier_ColNonzeros=0;CPXPARAM_Barrier_Crossover=0;CPXPARAM_Barrier_Limits_Corrections=-1;CPXPARAM_Barrier_Ordering=0;CPXPARAM_Barrier_StartAlg=1;CPXPARAM_Emphasis_MIP=2;CPXPARAM_Emphasis_Memory=0;CPXPARAM_Emphasis_Numerical=0;CPXPARAM_Feasopt_Mode=0;CPXPARAM_LPMethod=0;CPXPARAM_MIP_Cuts_Cliques=-1;CPXPARAM_MIP_Cuts_Covers=0;CPXPARAM_MIP_Cuts_Disjunctive=1;CPXPARAM_MIP_Cuts_FlowCovers=2;CPXPARAM_MIP_Cuts_GUBCovers=1;CPXPARAM_MIP_Cuts_Gomory=0;CPXPARAM_MIP_Cuts_Implied=-1;CPXPARAM_MIP_Cuts_MIRCut=-1;CPXPARAM_MIP_Cuts_PathCut=-1;CPXPARAM_MIP_Limits_AggForCut=3;CPXPARAM_MIP_Limits_CutPasses=0;CPXPARAM_MIP_Limits_CutsFactor=-1;CPXPARAM_MIP_Limits_GomoryCand=400;CPXPARAM_MIP_Limits_GomoryPass=0;CPXPARAM_MIP_Limits_Nodes=9223372036800000000;CPXPARAM_MIP_Limits_ProbeTime=1e+75;CPXPARAM_MIP_Limits_RepairTries=0;CPXPARAM_MIP_Limits_StrongCand=10;CPXPARAM_MIP_Limits_StrongIt=0;CPXPARAM_MIP_OrderType=0;CPXPARAM_MIP_Strategy_BBInterval=7;CPXPARAM_MIP_Strategy_Branch=0;CPXPARAM_MIP_Strategy_Dive=0;CPXPARAM_MIP_Strategy_File=1;CPXPARAM_MIP_Strategy_HeuristicFreq=0;CPXPARAM_MIP_Strategy_LBHeur=0;CPXPARAM_MIP_Strategy_NodeSelect=1;CPXPARAM_MIP_Strategy_Order=1;CPXPARAM_MIP_Strategy_PresolveNode=0;CPXPARAM_MIP_Strategy_Probe=2;CPXPARAM_MIP_Strategy_RINSHeur=0;CPXPARAM_MIP_Strategy_StartAlgorithm=0;CPXPARAM_MIP_Strategy_SubAlgorithm=0;CPXPARAM_MIP_Strategy_VariableSelect=0;CPXPARAM_Network_NetFind=2;CPXPARAM_Network_Pricing=0;CPXPARAM_Parallel=1;CPXPARAM_Preprocessing_Aggregator=-1;CPXPARAM_Preprocessing_BoundStrength=-1;CPXPARAM_Preprocessing_CoeffReduce=-1;CPXPARAM_Preprocessing_Dependency=-1;CPXPARAM_Preprocessing_Dual=0;CPXPARAM_Preprocessing_Fill=10;CPXPARAM_Preprocessing_NumPass=-1;CPXPARAM_Preprocessing_Presolve=1;CPXPARAM_Preprocessing_QPMakePSD=1;CPXPARAM_Preprocessing_Reduce=3;CPXPARAM_Preprocessing_Relax=-1;CPXPARAM_Preprocessing_RepeatPresolve=-1;CPXPARAM_Preprocessing_Symmetry=-1;CPXPARAM_Read_Scale=0;CPXPARAM_Sifting_Algorithm=0;CPXPARAM_Simplex_Crash=1;CPXPARAM_Simplex_DGradient=0;CPXPARAM_Simplex_Limits_Perturbation=0;CPXPARAM_Simplex_Limits_Singularity=10;CPXPARAM_Simplex_PGradient=0;CPXPARAM_Simplex_Pricing=0;CPXPARAM_Simplex_Refactor=0
9028897559895604496,0,CPXPARAM_Advance=1;CPXPARAM_Barrier_Algorithm=0;CPXPARAM_Barrier_ColNonzeros=0;CPXPARAM_Barrier_Crossover=0;CPXPARAM_Barrier_Limits_Corrections=-1;CPXPARAM_Barrier_Ordering=0;CPXPARAM_Barrier_StartAlg=1;CPXPARAM_Emphasis_MIP=5;CPXPARAM_Emphasis_Memory=0;CPXPARAM_Emphasis_Numerical=0;CPXPARAM_Feasopt_Mode=0;CPXPARAM_LPMethod=0;CPXPARAM_MIP_Cuts_Cliques=3;CPXPARAM_MIP_Cuts_Covers=0;CPXPARAM_MIP_Cuts_Disjunctive=1;CPXPARAM_MIP_Cuts_FlowCovers=0;CPXPARAM_MIP_Cuts_GUBCovers=2;CPXPARAM_MIP_Cuts_Gomory=0;CPXPARAM_MIP_Cuts_Implied=-1;CPXPARAM_MIP_Cuts_MIRCut=1;CPXPARAM_MIP_Cuts_PathCut=-1;CPXPARAM_MIP_Limits_AggForCut=3;CPXPARAM_MIP_Limits_CutPasses=0;CPXPARAM_MIP_Limits_CutsFactor=-1;CPXPARAM_MIP_Limits_GomoryCand=150;CPXPARAM_MIP_Limits_GomoryPass=0;CPXPARAM_MIP_Limits_Nodes=9223372036800000000;CPXPARAM_MIP_Limits_ProbeTime=1e+75;CPXPARAM_MIP_Limits_RepairTries=0;CPXPARAM_MIP_Limits_StrongCand=10;CPXPARAM_MIP_Limits_StrongIt=0;CPXPARAM_MIP_OrderType=0;CPXPARAM_MIP_Strategy_BBInterval=7;CPXPARAM_MIP_Strategy_Branch=0;CPXPARAM_MIP_Strategy_Dive=0;CPXPARAM_MIP_Strategy_File=1;CPXPARAM_MIP_Strategy_HeuristicFreq=0;CPXPARAM_MIP_Strategy_LBHeur=0;CPXPARAM_MIP_Strategy_NodeSelect=1;CPXPARAM_MIP_Strategy_Order=1;CPXPARAM_MIP_Strategy_PresolveNode=0;CPXPARAM_MIP_Strategy_Probe=0;CPXPARAM_MIP_Strategy_RINSHeur=0;CPXPARAM_MIP_Strategy_StartAlgorithm=0;CPXPARAM_MIP_Strategy_SubAlgorithm=0;CPXPARAM_MIP_Strategy_VariableSelect=0;CPXPARAM_Network_NetFind=2;CPXPARAM_Network_Pricing=0;CPXPARAM_Parallel=1;CPXPARAM_Preprocessing_Aggregator=-1;CPXPARAM_Preprocessing_BoundStrength=-1;CPXPARAM_Preprocessing_CoeffReduce=-1;CPXPARAM_Preprocessing_Dependency=-1;CPXPARAM_Preprocessing_Dual=0;CPXPARAM_Preprocessing_Fill=10;CPXPARAM_Preprocessing_NumPass=-1;CPXPARAM_Preprocessing_Presolve=1;CPXPARAM_Preprocessing_QPMakePSD=1;CPXPARAM_Preprocessing_Reduce=3;CPXPARAM_Preprocessing_Relax=-1;CPXPARAM_Preprocessing_RepeatPresolve=-1;CPXPARAM_Preprocessing_Symmetry=-1;CPXPARAM_Read_Scale=0;CPXPARAM_Sifting_Algorithm=0;CPXPARAM_Simplex_Crash=1;CPXPARAM_Simplex_DGradient=0;CPXPARAM_Simplex_Limits_Perturbation=0;CPXPARAM_Simplex_Limits_Singularity=10;CPXPARAM_Simplex_PGradient=0;CPXPARAM_Simplex_Pricing=0;CPXPARAM_Simplex_Refactor=0
14241003500483539634,0,CPXPARAM_Advance=1;CPXPARAM_Barrier_Algorithm=0;CPXPARAM_Barrier_ColNonzeros=0;CPXPARAM_Barrier_Crossover=0;CPXPARAM_Barrier_Limits_Corrections=-1;CPXPARAM_Barrier_Ordering=0;CPXPARAM_Barrier_StartAlg=1;CPXPARAM_Emphasis_MIP=0;CPXPARAM_Emphasis_Memory=0;CPXPARAM_Emphasis_Numerical=0;CPXPARAM_Feasopt_Mode=0;CPXPARAM_LPMethod=0;CPXPARAM_MIP_Cuts_Cliques=0;CPXPARAM_MIP_Cuts_Covers=0;CPXPARAM_MIP_Cuts_Disjunctive=1;CPXPARAM_MIP_Cuts_FlowCovers=0;CPXPARAM_MIP_Cuts_GUBCovers=1;CPXPARAM_MIP_Cuts_Gomory=1;CPXPARAM_MIP_Cuts_Implied=1;CPXPARAM_MIP_Cuts_MIRCut=0;CPXPARAM_MIP_Cuts_PathCut=-1;CPXPARAM_MIP_Limits_AggForCut=3;CPXPARAM_MIP_Limits_CutPasses=0;CPXPARAM_MIP_Limits_CutsFactor=-1;CPXPARAM_MIP_Limits_GomoryCand=10;CPXPARAM_MIP_Limits_GomoryPass=0;CPXPARAM_MIP_Limits_Nodes=9223372036800000000;CPXPARAM_MIP_Limits_ProbeTime=1e+75;CPXPARAM_MIP_Limits_RepairTries=0;CPXPARAM_MIP_Limits_StrongCand=10;CPXPARAM_MIP_Limits_StrongIt=0;CPXPARAM_MIP_OrderType=0;CPXPARAM_MIP_Strategy_BBInterval=7;CPXPARAM_MIP_Strategy_Branch=0;CPXPARAM_MIP_Strategy_Dive=0;CPXPARAM_MIP_Strategy_File=1;CPXPARAM_MIP_Strategy_HeuristicFreq=0;CPXPARAM_MIP_Strategy_LBHeur=0;CPXPARAM_MIP_Strategy_NodeSelect=1;CPXPARAM_MIP_Strategy_Order=1;CPXPARAM_MIP_Strategy_PresolveNode=0;CPXPARAM_MIP_Strategy_Probe=0;CPXPARAM_MIP_Strategy_RINSHeur=0;CPXPARAM_MIP_Strategy_StartAlgorithm=0;CPXPARAM_MIP_Strategy_SubAlgorithm=0;CPXPARAM_MIP_Strategy_VariableSelect=0;CPXPARAM_Network_NetFind=2;CPXPARAM_Network_Pricing=0;CPXPARAM_Parallel=1;CPXPARAM_Preprocessing_Aggregator=-1;CPXPARAM_Preprocessing_BoundStrength=-1;CPXPARAM_Preprocessing_CoeffReduce=-1;CPXPARAM_Preprocessing_Dependency=-1;CPXPARAM_Preprocessing_Dual=0;CPXPARAM_Preprocessing_Fill=10;CPXPARAM_Preprocessing_NumPass=-1;CPXPARAM_Preprocessing_Presolve=1;CPXPARAM_Preprocessing_QPMakePSD=1;CPXPARAM_Preprocessing_Reduce=3;CPXPARAM_Preprocessing_Relax=-1;CPXPARAM_Preprocessing_RepeatPresolve=-1;CPXPARAM_Preprocessing_Symmetry=-1;CPXPARAM_Read_Scale=0;CPXPARAM_Sifting_Algorithm=0;CPXPARAM_Simplex_Crash=1;CPXPARAM_Simplex_DGradient=0;CPXPARAM_Simplex_Limits_Perturbation=0;CPXPARAM_Simplex_Limits_Singularity=10;CPXPARAM_Simplex_PGradient=0;CPXPARAM_Simplex_Pricing=0;CPXPARAM_Simplex_Refactor=0
14652124769965873365,0,CPXPARAM_Advance=1;CPXPARAM_Barrier_Algorithm=0;CPXPARAM_Barrier_ColNonzeros=0;CPXPARAM_Barrier_Crossover=0;CPXPARAM_Barrier_Limits_Corrections=-1;CPXPARAM_Barrier_Ordering=0;CPXPARAM_Barrier_StartAlg=1;CPXPARAM_Emphasis_MIP=3;CPXPARAM_Emphasis_Memory=0;CPXPARAM_Emphasis_Numerical=0;CPXPARAM_Feasopt_Mode=0;CPXPARAM_LPMethod=0;CPXPARAM_MIP_Cuts_Cliques=-1;CPXPARAM_MIP_Cuts_Covers=0;CPXPARAM_MIP_Cuts_Disjunctive=0;CPXPARAM_MIP_Cuts_FlowCovers=0;CPXPARAM_MIP_Cuts_GUBCovers=1;CPXPARAM_MIP_Cuts_Gomory=2;CPXPARAM_MIP_Cuts_Implied=-1;CPXPARAM_MIP_Cuts_MIRCut=0;CPXPARAM_MIP_Cuts_PathCut=-1;CPXPARAM_MIP_Limits_AggForCut=3;CPXPARAM_MIP_Limits_CutPasses=0;CPXPARAM_MIP_Limits_CutsFactor=-1;CPXPARAM_MIP_Limits_GomoryCand=200;CPXPARAM_MIP_Limits_GomoryPass=0;CPXPARAM_MIP_Limits_Nodes=9223372036800000000;CPXPARAM_MIP_Limits_ProbeTime=1e+75;CPXPARAM_MIP_Limits_RepairTries=0;CPXPARAM_MIP_Limits_StrongCand=10;CPXPARAM_MIP_Limits_StrongIt=0;CPXPARAM_MIP_OrderType=0;CPXPARAM_MIP_Strategy_BBInterval=7;CPXPARAM_MIP_Strategy_Branch=0;CPXPARAM_MIP_Strategy_Dive=0;CPXPARAM_MIP_Strategy_File=1;CPXPARAM_MIP_Strategy_HeuristicFreq=0;CPXPARAM_MIP_Strategy_LBHeur=0;CPXPARAM_MIP_Strategy_NodeSelect=1;CPXPARAM_MIP_Strategy_Order=1;CPXPARAM_MIP_Strategy_PresolveNode=0;CPXPARAM_MIP_Strategy_Probe=0;CPXPARAM_MIP_Strategy_RINSHeur=0;CPXPARAM_MIP_Strategy_StartAlgorithm=0;CPXPARAM_MIP_Strategy_SubAlgorithm=0;CPXPARAM_MIP_Strategy_VariableSelect=0;CPXPARAM_Network_NetFind=2;CPXPARAM_Network_Pricing=0;CPXPARAM_Parallel=1;CPXPARAM_Preprocessing_Aggregator=-1;CPXPARAM_Preprocessing_BoundStrength=-1;CPXPARAM_Preprocessing_CoeffReduce=-1;CPXPARAM_Preprocessing_Dependency=-1;CPXPARAM_Preprocessing_Dual=0;CPXPARAM_Preprocessing_Fill=10;CPXPARAM_Preprocessing_NumPass=-1;CPXPARAM_Preprocessing_Presolve=1;CPXPARAM_Preprocessing_QPMakePSD=1;CPXPARAM_Preprocessing_Reduce=3;CPXPARAM_Preprocessing_Relax=-1;CPXPARAM_Preprocessing_RepeatPresolve=-1;CPXPARAM_Preprocessing_Symmetry=-1;CPXPARAM_Read_Scale=0;CPXPARAM_Sifting_Algorithm=0;CPXPARAM_Simplex_Crash=1;CPXPARAM_Simplex_DGradient=0;CPXPARAM_Simplex_Limits_Perturbation=0;CPXPARAM_Simplex_Limits_Singularity=10;CPXPARAM_Simplex_PGradient=0;CPXPARAM_Simplex_Pricing=0;CPXPARAM_Simplex_Refactor=0
15275223542591161269,0,CPXPARAM_Advance=1;CPXPARAM_Barrier_Algorithm=0;CPXPARAM_Barrier_ColNonzeros=0;CPXPARAM_Barrier_Crossover=0;CPXPARAM_Barrier_Limits_Corrections=-1;CPXPARAM_Barrier_Ordering=0;CPXPARAM_Barrier_StartAlg=1;CPXPARAM_Emphasis_MIP=0;CPXPARAM_Emphasis_Memory=0;CPXPARAM_Emphasis_Numerical=0;CPXPARAM_Feasopt_Mode=0;CPXPARAM_LPMethod=0;CPXPARAM_MIP_Cuts_Cliques=-1;CPXPARAM_MIP_Cuts_Covers=0;CPXPARAM_MIP_Cuts_Disjunctive=1;CPXPARAM_MIP_Cuts_FlowCovers=0;CPXPARAM_MIP_Cuts_GUBCovers=2;CPXPARAM_MIP_Cuts_Gomory=2;CPXPARAM_MIP_Cuts_Implied=1;CPXPARAM_MIP_Cuts_MIRCut=1;CPXPARAM_MIP_Cuts_PathCut=1;CPXPARAM_MIP_Limits_AggForCut=3;CPXPARAM_MIP_Limits_CutPasses=0;CPXPARAM_MIP_Limits_CutsFactor=-1;CPXPARAM_MIP_Limits_GomoryCand=200;CPXPARAM_MIP_Limits_GomoryPass=0;CPXPARAM_MIP_Limits_Nodes=9223372036800000000;CPXPARAM_MIP_Limits_ProbeTime=1e+75;CPXPARAM_MIP_Limits_RepairTries=0;CPXPARAM_MIP_Limits_StrongCand=10;CPXPARAM_MIP_Limits_StrongIt=0;CPXPARAM_MIP_OrderType=0;CPXPARAM_MIP_Strategy_BBInterval=7;CPXPARAM_MIP_Strategy_Branch=0;CPXPARAM_MIP_Strategy_Dive=0;CPXPARAM_MIP_Strategy_File=1;CPXPARAM_MIP_Strategy_HeuristicFreq=0;CPXPARAM_MIP_Strategy_LBHeur=0;CPXPARAM_MIP_Strategy_NodeSelect=1;CPXPARAM_MIP_Strategy_Order=1;CPXPARAM_MIP_Strategy_PresolveNode=0;CPXPARAM_MIP_Strategy_Probe=0;CPXPARAM_MIP_Strategy_RINSHeur=0;CPXPARAM_MIP_Strategy_StartAlgorithm=0;CPXPARAM_MIP_Strategy_SubAlgorithm=0;CPXPARAM_MIP_Strategy_VariableSelect=0;CPXPARAM_Network_NetFind=2;CPXPARAM_Network_Pricing=0;CPXPARAM_Parallel=1;CPXPARAM_Preprocessing_Aggregator=-1;CPXPARAM_Preprocessing_BoundStrength=-1;CPXPARAM_Preprocessing_CoeffReduce=-1;CPXPARAM_Preprocessing_Dependency=-1;CPXPARAM_Preprocessing_Dual=0;CPXPARAM_Preprocessing_Fill=10;CPXPARAM_Preprocessing_NumPass=-1;CPXPARAM_Preprocessing_Presolve=1;CPXPARAM_Preprocessing_QPMakePSD=1;CPXPARAM_Preprocessing_Reduce=3;CPXPARAM_Preprocessing_Relax=-1;CPXPARAM_Preprocessing_RepeatPresolve=-1;CPXPARAM_Preprocessing_Symmetry=-1;CPXPARAM_Read_Scale=0;CPXPARAM_Sifting_Algorithm=0;CPXPARAM_Simplex_Crash=1;CPXPARAM_Simplex_DGradient=0;CPXPARAM_Simplex_Limits_Perturbation=0;CPXPARAM_Simplex_Limits_Singularity=10;CPXPARAM_Simplex_PGradient=0;CPXPARAM_Simplex_Pricing=0;CPXPARAM_Simplex_Refactor=0
14894061024039470550,0,CPXPARAM_Advance=1;CPXPARAM_Barrier_Algorithm=0;CPXPARAM_Barrier_ColNonzeros=0;CPXPARAM_Barrier_Crossover=0;CPXPARAM_Barrier_Limits_Corrections=-1;CPXPARAM_Barrier_Ordering=0;CPXPARAM_Barrier_StartAlg=1;CPXPARAM_Emphasis_MIP=0;CPXPARAM_Emphasis_Memory=0;CPXPARAM_Emphasis_Numerical=0;CPXPARAM_Feasopt_Mode=0;CPXPARAM_LPMethod=0;CPXPARAM_MIP_Cuts_Cliques=2;CPXPARAM_MIP_Cuts_Covers=1;CPXPARAM_MIP_Cuts_Disjunctive=-1;CPXPARAM_MIP_Cuts_FlowCovers=0;CPXPARAM_MIP_Cuts_GUBCovers=0;CPXPARAM_MIP_Cuts_Gomory=0;CPXPARAM_MIP_Cuts_Implied=2;CPXPARAM_MIP_Cuts_MIRCut=2;CPXPARAM_MIP_Cuts_PathCut=-1;CPXPARAM_MIP_Limits_AggForCut=3;CPXPARAM_MIP_Limits_CutPasses=0;CPXPARAM_MIP_Limits_CutsFactor=-1;CPXPARAM_MIP_Limits_GomoryCand=100;CPXPARAM_MIP_Limits_GomoryPass=0;CPXPARAM_MIP_Limits_Nodes=9223372036800000000;CPXPARAM_MIP_Limits_ProbeTime=1e+75;CPXPARAM_MIP_Limits_RepairTries=0;CPXPARAM_MIP_Limits_StrongCand=10;CPXPARAM_MIP_Limits_StrongIt=0;CPXPARAM_MIP_OrderType=0;CPXPARAM_MIP_Strategy_BBInterval=7;CPXPARAM_MIP_Strategy_Branch=-1;CPXPARAM_MIP_Strategy_Dive=0;CPXPARAM_MIP_Strategy_File=1;CPXPARAM_MIP_Strategy_HeuristicFreq=0;CPXPARAM_MIP_Strategy_LBHeur=0;CPXPARAM_MIP_Strategy_NodeSelect=0;CPXPARAM_MIP_Strategy_Order=1;CPXPARAM_MIP_Strategy_PresolveNode=1;CPXPARAM_MIP_Strategy_Probe=-1;CPXPARAM_MIP_Strategy_RINSHeur=0;CPXPARAM_MIP_Strategy_StartAlgorithm=0;CPXPARAM_MIP_Strategy_SubAlgorithm=0;CPXPARAM_MIP_Strategy_VariableSelect=4;CPXPARAM_Network_NetFind=2;CPXPARAM_Network_Pricing=0;CPXPARAM_Parallel=1;CPXPARAM_Preprocessing_Aggregator=-1;CPXPARAM_Preprocessing_BoundStrength=-1;CPXPARAM_Preprocessing_CoeffReduce=-1;CPXPARAM_Preprocessing_Dependency=-1;CPXPARAM_Preprocessing_Dual=0;CPXPARAM_Preprocessing_Fill=20;CPXPARAM_Preprocessing_NumPass=-1;CPXPARAM_Preprocessing_Presolve=1;CPXPARAM_Preprocessing_QPMakePSD=1;CPXPARAM_Preprocessing_Reduce=1;CPXPARAM_Preprocessing_Relax=-1;CPXPARAM_Preprocessing_RepeatPresolve=-1;CPXPARAM_Preprocessing_Symmetry=-1;CPXPARAM_Read_Scale=-1;CPXPARAM_Sifting_Algorithm=0;CPXPARAM_Simplex_Crash=1;CPXPARAM_Simplex_DGradient=0;CPXPARAM_Simplex_Limits_Perturbation=0;CPXPARAM_Simplex_Limits_Singularity=10;CPXPARAM_Simplex_PGradient=0;CPXPARAM_Simplex_Pricing=0;CPXPARAM_Simplex_Refactor=0
9956583480017856954,0,CPXPARAM_Advance=1;CPXPARAM_Barrier_Algorithm=0;CPXPARAM_Barrier_ColNonzeros=0;CPXPARAM_Barrier_Crossover=0;CPXPARAM_Barrier_Limits_Corrections=-1;CPXPARAM_Barrier_Ordering=0;CPXPARAM_Barrier_StartAlg=1;CPXPARAM_Emphasis_MIP=5;CPXPARAM_Emphasis_Memory=0;CPXPARAM_Emphasis_Numerical=0;CPXPARAM_Feasopt_Mode=0;CPXPARAM_LPMethod=0;CPXPARAM_MIP_Cuts_Cliques=0;CPXPARAM_MIP_Cuts_Covers=0;CPXPARAM_MIP_Cuts_Disjunctive=0;CPXPARAM_MIP_Cuts_FlowCovers=-1;CPXPARAM_MIP_Cuts_GUBCovers=1;CPXPARAM_MIP_Cuts_Gomory=-1;CPXPARAM_MIP_Cuts_Implied=2;CPXPARAM_MIP_Cuts_MIRCut=1;CPXPARAM_MIP_Cuts_PathCut=0;CPXPARAM_MIP_Limits_AggForCut=3;CPXPARAM_MIP_Limits_CutPasses=0;CPXPARAM_MIP_Limits_CutsFactor=-1;CPXPARAM_MIP_Limits_GomoryCand=800;CPXPARAM_MIP_Limits_GomoryPass=0;CPXPARAM_MIP_Limits_Nodes=9223372036800000000;CPXPARAM_MIP_Limits_ProbeTime=1e+75;CPXPARAM_MIP_Limits_RepairTries=0;CPXPARAM_MIP_Limits_StrongCand=10;CPXPARAM_MIP_Limits_StrongIt=0;CPXPARAM_MIP_OrderType=0;CPXPARAM_MIP_Strategy_BBInterval=7;CPXPARAM_MIP_Strategy_Branch=-1;CPXPARAM_MIP_Strategy_Dive=0;CPXPARAM_MIP_Strategy_File=1;CPXPARAM_MIP_Strategy_HeuristicFreq=0;CPXPARAM_MIP_Strategy_LBHeur=0;CPXPARAM_MIP_Strategy_NodeSelect=2;CPXPARAM_MIP_Strategy_Order=1;CPXPARAM_MIP_Strategy_PresolveNode=-1;CPXPARAM_MIP_Strategy_Probe=3;CPXPARAM_MIP_Strategy_RINSHeur=0;CPXPARAM_MIP_Strategy_StartAlgorithm=0;CPXPARAM_MIP_Strategy_SubAlgorithm=0;CPXPARAM_MIP_Strategy_VariableSelect=-1;CPXPARAM_Network_NetFind=2;CPXPARAM_Network_Pricing=0;CPXPARAM_Parallel=1;CPXPARAM_Preprocessing_Aggregator=-1;CPXPARAM_Preprocessing_BoundStrength=-1;CPXPARAM_Preprocessing_CoeffReduce=-1;CPXPARAM_Preprocessing_Dependency=-1;CPXPARAM_Preprocessing_Dual=0;CPXPARAM_Preprocessing_Fill=40;CPXPARAM_Preprocessing_NumPass=-1;CPXPARAM_Preprocessing_Presolve=1;CPXPARAM_Preprocessing_QPMakePSD=1;CPXPARAM_Preprocessing_Reduce=3;CPXPARAM_Preprocessing_Relax=-1;CPXPARAM_Preprocessing_RepeatPresolve=-1;CPXPARAM_Preprocessing_Symmetry=-1;CPXPARAM_Read_Scale=0;CPXPARAM_Sifting_Algorithm=0;CPXPARAM_Simplex_Crash=1;CPXPARAM_Simplex_DGradient=0;CPXPARAM_Simplex_Limits_Perturbation=0;CPXPARAM_Simplex_Limits_Singularity=10;CPXPARAM_Simplex_PGradient=0;CPXPARAM_Simplex_Pricing=0;CPXPARAM_Simplex_Refactor=0
10494013094797143615,0,CPXPARAM_Advance=1;CPXPARAM_Barrier_Algorithm=0;CPXPARAM_Barrier_ColNonzeros=0;CPXPARAM_Barrier_Crossover=0;CPXPARAM_Barrier_Limits_Corrections=-1;CPXPARAM_Barrier_Ordering=0;CPXPARAM_Barrier_StartAlg=1;CPXPARAM_Emphasis_MIP=0;CPXPARAM_Emphasis_Memory=0;CPXPARAM_Emphasis_Numerical=0;CPXPARAM_Feasopt_Mode=0;CPXPARAM_LPMethod=0;CPXPARAM_MIP_Cuts_Cliques=2;CPXPARAM_MIP_Cuts_Covers=-1;CPXPARAM_MIP_Cuts_Disjunctive=0;CPXPARAM_MIP_Cuts_FlowCovers=2;CPXPARAM_MIP_Cuts_GUBCovers=0;CPXPARAM_MIP_Cuts_Gomory=-1;CPXPARAM_MIP_Cuts_Implied=1;CPXPARAM_MIP_Cuts_MIRCut=1;CPXPARAM_MIP_Cuts_PathCut=0;CPXPARAM_MIP_Limits_AggForCut=3;CPXPARAM_MIP_Limits_CutPasses=0;CPXPARAM_MIP_Limits_CutsFactor=-1;CPXPARAM_MIP_Limits_GomoryCand=10;CPXPARAM_MIP_Limits_GomoryPass=0;CPXPARAM_MIP_Limits_Nodes=9223372036800000000;CPXPARAM_MIP_Limits_ProbeTime=1e+75;CPXPARAM_MIP_Limits_RepairTries=0;CPXPARAM_MIP_Limits_StrongCand=10;CPXPARAM_MIP_Limits_StrongIt=0;CPXPARAM_MIP_OrderType=0;CPXPARAM_MIP_Strategy_BBInterval=7;CPXPARAM_MIP_Strategy_Branch=0;CPXPARAM_MIP_Strategy_Dive=0;CPXPARAM_MIP_Strategy_File=1;CPXPARAM_MIP_Strategy_HeuristicFreq=0;CPXPARAM_MIP_Strategy_LBHeur=0;CPXPARAM_MIP_Strategy_NodeSelect=2;CPXPARAM_MIP_Strategy_Order=1;CPXPARAM_MIP_Strategy_PresolveNode=1;CPXPARAM_MIP_Strategy_Probe=0;CPXPARAM_MIP_Strategy_RINSHeur=0;CPXPARAM_MIP_Strategy_StartAlgorithm=0;CPXPARAM_MIP_Strategy_SubAlgorithm=0;CPXPARAM_MIP_Strategy_VariableSelect=-1;CPXPARAM_Network_NetFind=2;CPXPARAM_Network_Pricing=0;CPXPARAM_Parallel=1;CPXPARAM_Preprocessing_Aggregator=-1;CPXPARAM_Preprocessing_BoundStrength=-1;CPXPARAM_Preprocessing_CoeffReduce=-1;CPXPARAM_Preprocessing_Dependency=-1;CPXPARAM_Preprocessing_Dual=0;CPXPARAM_Preprocessing_Fill=10;CPXPARAM_Preprocessing_NumPass=-1;CPXPARAM_Preprocessing_Presolve=1;CPXPARAM_Preprocessing_QPMakePSD=1;CPXPARAM_Preprocessing_Reduce=3;CPXPARAM_Preprocessing_Relax=-1;CPXPARAM_Preprocessing_RepeatPresolve=-1;CPXPARAM_Preprocessing_Symmetry=-1;CPXPARAM_Read_Scale=0;CPXPARAM_Sifting_Algorithm=0;CPXPARAM_Simplex_Crash=1;CPXPARAM_Simplex_DGradient=0;CPXPARAM_Simplex_Limits_Perturbation=0;CPXPARAM_Simplex_Limits_Singularity=10;CPXPARAM_Simplex_PGradient=0;CPXPARAM_Simplex_Pricing=0;CPXPARAM_Simplex_Refactor=0
5082331776953726920,0,CPXPARAM_Advance=1;CPXPARAM_Barrier_Algorithm=0;CPXPARAM_Barrier_ColNonzeros=0;CPXPARAM_Barrier_Crossover=0;CPXPARAM_Barrier_Limits_Corrections=-1;CPXPARAM_Barrier_Ordering=0;CPXPARAM_Barrier_StartAlg=1;CPXPARAM_Emphasis_MIP=3;CPXPARAM_Emphasis_Memory=0;CPXPARAM_Emphasis_Numerical=0;CPXPARAM_Feasopt_Mode=0;CPXPARAM_LPMethod=0;CPXPARAM_MIP_Cuts_Cliques=-1;CPXPARAM_MIP_Cuts_Covers=0;CPXPARAM_MIP_Cuts_Disjunctive=1;CPXPARAM_MIP_Cuts_FlowCovers=0;CPXPARAM_MIP_Cuts_GUBCovers=2;CPXPARAM_MIP_Cuts_Gomory=2;CPXPARAM_MIP_Cuts_Implied=1;CPXPARAM_MIP_Cuts_MIRCut=1;CPXPARAM_MIP_Cuts_PathCut=1;CPXPARAM_MIP_Limits_AggForCut=3;CPXPARAM_MIP_Limits_CutPasses=0;CPXPARAM_MIP_Limits_CutsFactor=-1;CPXPARAM_MIP_Limits_GomoryCand=200;CPXPARAM_MIP_Limits_GomoryPass=0;CPXPARAM_MIP_Limits_Nodes=9223372036800000000;CPXPARAM_MIP_Limits_ProbeTime=1e+75;CPXPARAM_MIP_Limits_RepairTries=0;CPXPARAM_MIP_Limits_StrongCand=10;CPXPARAM_MIP_Limits_StrongIt=0;CPXPARAM_MIP_OrderType=0;CPXPARAM_MIP_Strategy_BBInterval=7;CPXPARAM_MIP_Strategy_Branch=0;CPXPARAM_MIP_Strategy_Dive=0;CPXPARAM_MIP_Strategy_File=1;CPXPARAM_MIP_Strategy_HeuristicFreq=0;CPXPARAM_MIP_Strategy_LBHeur=0;CPXPARAM_MIP_Strategy_NodeSelect=1;CPXPARAM_MIP_Strategy_Order=1;CPXPARAM_MIP_Strategy_PresolveNode=0;CPXPARAM_MIP_Strategy_Probe=0;CPXPARAM_MIP_Strategy_RINSHeur=0;CPXPARAM_MIP_Strategy_StartAlgorithm=0;CPXPARAM_MIP_Strategy_SubAlgorithm=0;CPXPARAM_MIP_Strategy_VariableSelect=0;CPXPARAM_Network_NetFind=2;CPXPARAM_Network_Pricing=0;CPXPARAM_Parallel=1;CPXPARAM_Preprocessing_Aggregator=-1;CPXPARAM_Preprocessing_BoundStrength=-1;CPXPARAM_Preprocessing_CoeffReduce=-1;CPXPARAM_Preprocessing_Dependency=-1;CPXPARAM_Preprocessing_Dual=0;CPXPARAM_Preprocessing_Fill=10;CPXPARAM_Preprocessing_NumPass=-1;CPXPARAM_Preprocessing_Presolve=1;CPXPARAM_Preprocessing_QPMakePSD=1;CPXPARAM_Preprocessing_Reduce=3;CPXPARAM_Preprocessing_Relax=-1;CPXPARAM_Preprocessing_RepeatPresolve=-1;CPXPARAM_Preprocessing_Symmetry=-1;CPXPARAM_Read_Scale=0;CPXPARAM_Sifting_Algorithm=0;CPXPARAM_Simplex_Crash=1;CPXPARAM_Simplex_DGradient=0;CPXPARAM_Simplex_Limits_Perturbation=0;CPXPARAM_Simplex_Limits_Singularity=10;CPXPARAM_Simplex_PGradient=0;CPXPARAM_Simplex_Pricing=0;CPXPARAM_Simplex_Refactor=0
2470491223471480281,0,CPXPARAM_Advance=1;CPXPARAM_Barrier_Algorithm=0;CPXPARAM_Barrier_ColNonzeros=0;CPXPARAM_Barrier_Crossover=0;CPXPARAM_Barrier_Limits_Corrections=-1;CPXPARAM_Barrier_Ordering=0;CPXPARAM_Barrier_StartAlg=1;CPXPARAM_Emphasis_MIP=5;CPXPARAM_Emphasis_Memory=0;CPXPARAM_Emphasis_Numerical=0;CPXPARAM_Feasopt_Mode=0;CPXPARAM_LPMethod=0;CPXPARAM_MIP_Cuts_Cliques=2;CPXPARAM_MIP_Cuts_Covers=-1;CPXPARAM_MIP_Cuts_Disjunctive=-1;CPXPARAM_MIP_Cuts_FlowCovers=-1;CPXPARAM_MIP_Cuts_GUBCovers=-1;CPXPARAM_MIP_Cuts_Gomory=-1;CPXPARAM_MIP_Cuts_Implied=-1;CPXPARAM_MIP_Cuts_MIRCut=2;CPXPARAM_MIP_Cuts_PathCut=2;CPXPARAM_MIP_Limits_AggForCut=3;CPXPARAM_MIP_Limits_CutPasses=0;CPXPARAM_MIP_Limits_CutsFactor=-1;CPXPARAM_MIP_Limits_GomoryCand=50;CPXPARAM_MIP_Limits_GomoryPass=0;CPXPARAM_MIP_Limits_Nodes=9223372036800000000;CPXPARAM_MIP_Limits_ProbeTime=1e+75;CPXPARAM_MIP_Limits_RepairTries=0;CPXPARAM_MIP_Limits_StrongCand=10;CPXPARAM_MIP_Limits_StrongIt=0;CPXPARAM_MIP_OrderType=0;CPXPARAM_MIP_Strategy_BBInterval=7;CPXPARAM_MIP_Strategy_Branch=0;CPXPARAM_MIP_Strategy_Dive=0;CPXPARAM_MIP_Strategy_File=1;CPXPARAM_MIP_Strategy_HeuristicFreq=0;CPXPARAM_MIP_Strategy_LBHeur=0;CPXPARAM_MIP_Strategy_NodeSelect=1;CPXPARAM_MIP_Strategy_Order=1;CPXPARAM_MIP_Strategy_PresolveNode=0;CPXPARAM_MIP_Strategy_Probe=0;CPXPARAM_MIP_Strategy_RINSHeur=0;CPXPARAM_MIP_Strategy_StartAlgorithm=0;CPXPARAM_MIP_Strategy_SubAlgorithm=0;CPXPARAM_MIP_Strategy_VariableSelect=1;CPXPARAM_Network_NetFind=2;CPXPARAM_Network_Pricing=0;CPXPARAM_Parallel=1;CPXPARAM_Preprocessing_Aggregator=-1;CPXPARAM_Preprocessing_BoundStrength=-1;CPXPARAM_Preprocessing_CoeffReduce=-1;CPXPARAM_Preprocessing_Dependency=-1;CPXPARAM_Preprocessing_Dual=0;CPXPARAM_Preprocessing_Fill=10;CPXPARAM_Preprocessing_NumPass=-1;CPXPARAM_Preprocessing_Presolve=1;CPXPARAM_Preprocessing_QPMakePSD=1;CPXPARAM_Preprocessing_Reduce=3;CPXPARAM_Preprocessing_Relax=-1;CPXPARAM_Preprocessing_RepeatPresolve=-1;CPXPARAM_Preprocessing_Symmetry=-1;CPXPARAM_Read_Scale=0;CPXPARAM_Sifting_Algorithm=0;CPXPARAM_Simplex_Crash=1;CPXPARAM_Simplex_DGradient=0;CPXPARAM_Simplex_Limits_Perturbation=0;CPXPARAM_Simplex_Limits_Singularity=10;CPXPARAM_Simplex_PGradient=0;CPXPARAM_Simplex_Pricing=0;CPXPARAM_Simplex_Refactor=0
8658736910701777540,0,CPXPARAM_Advance=1;CPXPARAM_Barrier_Algorithm=0;CPXPARAM_Barrier_ColNonzeros=0;CPXPARAM_Barrier_Crossover=0;CPXPARAM_Barrier_Limits_Corrections=-1;CPXPARAM_Barrier_Ordering=0;CPXPARAM_Barrier_StartAlg=1;CPXPARAM_Emphasis_MIP=5;CPXPARAM_Emphasis_Memory=0;CPXPARAM_Emphasis_Numerical=0;CPXPARAM_Feasopt_Mode=0;CPXPARAM_LPMethod=0;CPXPARAM_MIP_Cuts_Cliques=1;CPXPARAM_MIP_Cuts_Covers=0;CPXPARAM_MIP_Cuts_Disjunctive=0;CPXPARAM_MIP_Cuts_FlowCovers=-1;CPXPARAM_MIP_Cuts_GUBCovers=-1;CPXPARAM_MIP_Cuts_Gomory=0;CPXPARAM_MIP_Cuts_Implied=2;CPXPARAM_MIP_Cuts_MIRCut=-1;CPXPARAM_MIP_Cuts_PathCut=0;CPXPARAM_MIP_Limits_AggForCut=1;CPXPARAM_MIP_Limits_CutPasses=0;CPXPARAM_MIP_Limits_CutsFactor=-1;CPXPARAM_MIP_Limits_GomoryCand=25;CPXPARAM_MIP_Limits_GomoryPass=0;CPXPARAM_MIP_Limits_Nodes=9223372036800000000;CPXPARAM_MIP_Limits_ProbeTime=1e+75;CPXPARAM_MIP_Limits_RepairTries=0;CPXPARAM_MIP_Limits_StrongCand=10;CPXPARAM_MIP_Limits_StrongIt=0;CPXPARAM_MIP_OrderType=3;CPXPARAM_MIP_Strategy_BBInterval=7;CPXPARAM_MIP_Strategy_Branch=0;CPXPARAM_MIP_Strategy_Dive=0;CPXPARAM_MIP_Strategy_File=1;CPXPARAM_MIP_Strategy_HeuristicFreq=0;CPXPARAM_MIP_Strategy_LBHeur=0;CPXPARAM_MIP_Strategy_NodeSelect=3;CPXPARAM_MIP_Strategy_Order=1;CPXPARAM_MIP_Strategy_PresolveNode=1;CPXPARAM_MIP_Strategy_Probe=1;CPXPARAM_MIP_Strategy_RINSHeur=0;CPXPARAM_MIP_Strategy_StartAlgorithm=0;CPXPARAM_MIP_Strategy_SubAlgorithm=0;CPXPARAM_MIP_Strategy_VariableSelect=4;CPXPARAM_Network_NetFind=2;CPXPARAM_Network_Pricing=0;CPXPARAM_Parallel=1;CPXPARAM_Preprocessing_Aggregator=-1;CPXPARAM_Preprocessing_BoundStrength=-1;CPXPARAM_Preprocessing_CoeffReduce=-1;CPXPARAM_Preprocessing_Dependency=-1;CPXPARAM_Preprocessing_Dual=0;CPXPARAM_Preprocessing_Fill=5;CPXPARAM_Preprocessing_NumPass=-1;CPXPARAM_Preprocessing_Presolve=1;CPXPARAM_Preprocessing_QPMakePSD=1;CPXPARAM_Preprocessing_Reduce=3;CPXPARAM_Preprocessing_Relax=-1;CPXPARAM_Preprocessing_RepeatPresolve=-1;CPXPARAM_Preprocessing_Symmetry=-1;CPXPARAM_Read_Scale=0;CPXPARAM_Sifting_Algorithm=0;CPXPARAM_Simplex_Crash=1;CPXPARAM_Simplex_DGradient=0;CPXPARAM_Simplex_Limits_Perturbation=0;CPXPARAM_Simplex_Limits_Singularity=10;CPXPARAM_Simplex_PGradient=0;CPXPARAM_Simplex_Pricing=0;CPXPARAM_Simplex_Refactor=0
14565823616585163631,0,CPXPARAM_Advance=1;CPXPARAM_Barrier_Algorithm=0;CPXPARAM_Barrier_ColNonzeros=0;CPXPARAM_Barrier_Crossover=0;CPXPARAM_Barrier_Limits_Corrections=-1;CPXPARAM_Barrier_Ordering=0;CPXPARAM_Barrier_StartAlg=1;CPXPARAM_Emphasis_MIP=4;CPXPARAM_Emphasis_Memory=0;CPXPARAM_Emphasis_Numerical=0;CPXPARAM_Feasopt_Mode=0;CPXPARAM_LPMethod=0;CPXPARAM_MIP_Cuts_Cliques=0;CPXPARAM_MIP_Cuts_Covers=1;CPXPARAM_MIP_Cuts_Disjunctive=0;CPXPARAM_MIP_Cuts_FlowCovers=-1;CPXPARAM_MIP_Cuts_GUBCovers=2;CPXPARAM_MIP_Cuts_Gomory=0;CPXPARAM_MIP_Cuts_Implied=0;CPXPARAM_MIP_Cuts_MIRCut=0;CPXPARAM_MIP_Cuts_PathCut=1;CPXPARAM_MIP_Limits_AggForCut=3;CPXPARAM_MIP_Limits_CutPasses=0;CPXPARAM_MIP_Limits_CutsFactor=-1;CPXPARAM_MIP_Limits_GomoryCand=150;CPXPARAM_MIP_Limits_GomoryPass=0;CPXPARAM_MIP_Limits_Nodes=9223372036800000000;CPXPARAM_MIP_Limits_ProbeTime=1e+75;CPXPARAM_MIP_Limits_RepairTries=0;CPXPARAM_MIP_Limits_StrongCand=10;CPXPARAM_MIP_Limits_StrongIt=0;CPXPARAM_MIP_OrderType=0;CPXPARAM_MIP_Strategy_BBInterval=7;CPXPARAM_MIP_Strategy_Branch=0;CPXPARAM_MIP_Strategy_Dive=0;CPXPARAM_MIP_Strategy_File=1;CPXPARAM_MIP_Strategy_HeuristicFreq=0;CPXPARAM_MIP_Strategy_LBHeur=0;CPXPARAM_MIP_Strategy_NodeSelect=3;CPXPARAM_MIP_Strategy_Order=1;CPXPARAM_MIP_Strategy_PresolveNode=0;CPXPARAM_MIP_Strategy_Probe=0;CPXPARAM_MIP_Strategy_RINSHeur=0;CPXPARAM_MIP_Strategy_StartAlgorithm=0;CPXPARAM_MIP_Strategy_SubAlgorithm=0;CPXPARAM_MIP_Strategy_VariableSelect=0;CPXPARAM_Network_NetFind=2;CPXPARAM_Network_Pricing=0;CPXPARAM_Parallel=1;CPXPARAM_Preprocessing_Aggregator=-1;CPXPARAM_Preprocessing_BoundStrength=-1;CPXPARAM_Preprocessing_CoeffReduce=-1;CPXPARAM_Preprocessing_Dependency=-1;CPXPARAM_Preprocessing_Dual=0;CPXPARAM_Preprocessing_Fill=10;CPXPARAM_Preprocessing_NumPass=-1;CPXPARAM_Preprocessing_Presolve=1;CPXPARAM_Preprocessing_QPMakePSD=1;CPXPARAM_Preprocessing_Reduce=3;CPXPARAM_Preprocessing_Relax=-1;CPXPARAM_Preprocessing_RepeatPresolve=-1;CPXPARAM_Preprocessing_Symmetry=-1;CPXPARAM_Read_Scale=0;CPXPARAM_Sifting_Algorithm=0;CPXPARAM_Simplex_Crash=1;CPXPARAM_Simplex_DGradient=0;CPXPARAM_Simplex_Limits_Perturbation=0;CPXPARAM_Simplex_Limits_Singularity=10;CPXPARAM_Simplex_PGradient=0;CPXPARAM_Simplex_Pricing=0;CPXPARAM_Simplex_Refactor=0
14431989938593781661,0,CPXPARAM_Advance=1;CPXPARAM_Barrier_Algorithm=0;CPXPARAM_Barrier_ColNonzeros=0;CPXPARAM_Barrier_Crossover=0;CPXPARAM_Barrier_Limits_Corrections=-1;CPXPARAM_Barrier_Ordering=0;CPXPARAM_Barrier_StartAlg=1;CPXPARAM_Emphasis_MIP=3;CPXPARAM_Emphasis_Memory=0;CPXPARAM_Emphasis_Numerical=0;CPXPARAM_Feasopt_Mode=0;CPXPARAM_LPMethod=0;CPXPARAM_MIP_Cuts_Cliques=3;CPXPARAM_MIP_Cuts_Covers=3;CPXPARAM_MIP_Cuts_Disjunctive=-1;CPXPARAM_MIP_Cuts_FlowCovers=-1;CPXPARAM_MIP_Cuts_GUBCovers=2;CPXPARAM_MIP_Cuts_Gomory=1;CPXPARAM_MIP_Cuts_Implied=2;CPXPARAM_MIP_Cuts_MIRCut=2;CPXPARAM_MIP_Cuts_PathCut=1;CPXPARAM_MIP_Limits_AggForCut=10;CPXPARAM_MIP_Limits_CutPasses=0;CPXPARAM_MIP_Limits_CutsFactor=-1;CPXPARAM_MIP_Limits_GomoryCand=400;CPXPARAM_MIP_Limits_GomoryPass=0;CPXPARAM_MIP_Limits_Nodes=9223372036800000000;CPXPARAM_MIP_Limits_ProbeTime=1e+75;CPXPARAM_MIP_Limits_RepairTries=0;CPXPARAM_MIP_Limits_StrongCand=10;CPXPARAM_MIP_Limits_StrongIt=0;CPXPARAM_MIP_OrderType=0;CPXPARAM_MIP_Strategy_BBInterval=7;CPXPARAM_MIP_Strategy_Branch=-1;CPXPARAM_MIP_Strategy_Dive=0;CPXPARAM_MIP_Strategy_File=1;CPXPARAM_MIP_Strategy_HeuristicFreq=0;CPXPARAM_MIP_Strategy_LBHeur=0;CPXPARAM_MIP_Strategy_NodeSelect=2;CPXPARAM_MIP_Strategy_Order=1;CPXPARAM_MIP_Strategy_PresolveNode=-1;CPXPARAM_MIP_Strategy_Probe=1;CPXPARAM_MIP_Strategy_RINSHeur=0;CPXPARAM_MIP_Strategy_StartAlgorithm=0;CPXPARAM_MIP_Strategy_SubAlgorithm=1;CPXPARAM_MIP_Strategy_VariableSelect=1;CPXPARAM_Network_NetFind=2;CPXPARAM_Network_Pricing=0;CPXPARAM_Parallel=1;CPXPARAM_Preprocessing_Aggregator=-1;CPXPARAM_Preprocessing_BoundStrength=-1;CPXPARAM_Preprocessing_CoeffReduce=-1;CPXPARAM_Preprocessing_Dependency=-1;CPXPARAM_Preprocessing_Dual=0;CPXPARAM_Preprocessing_Fill=5;CPXPARAM_Preprocessing_NumPass=-1;CPXPARAM_Preprocessing_Presolve=1;CPXPARAM_Preprocessing_QPMakePSD=1;CPXPARAM_Preprocessing_Reduce=3;CPXPARAM_Preprocessing_Relax=-1;CPXPARAM_Preprocessing_RepeatPresolve=-1;CPXPARAM_Preprocessing_Symmetry=-1;CPXPARAM_Read_Scale=0;CPXPARAM_Sifting_Algorithm=0;CPXPARAM_Simplex_Crash=1;CPXPARAM_Simplex_DGradient=0;CPXPARAM_Simplex_Limits_Perturbation=0;CPXPARAM_Simplex_Limits_Singularity=10;CPXPARAM_Simplex_PGradient=0;CPXPARAM_Simplex_Pricing=0;CPXPARAM_Simplex_Refactor=0
13386355157724177989,0,CPXPARAM_Advance=1;CPXPARAM_Barrier_Algorithm=0;CPXPARAM_Barrier_ColNonzeros=0;CPXPARAM_Barrier_Crossover=0;CPXPARAM_Barrier_Limits_Corrections=-1;CPXPARAM_Barrier_Ordering=0;CPXPARAM_Barrier_StartAlg=1;CPXPARAM_Emphasis_MIP=2;CPXPARAM_Emphasis_Memory=0;CPXPARAM_Emphasis_Numerical=0;CPXPARAM_Feasopt_Mode=0;CPXPARAM_LPMethod=0;CPXPARAM_MIP_Cuts_Cliques=-1;CPXPARAM_MIP_Cuts_Covers=0;CPXPARAM_MIP_Cuts_Disjunctive=-1;CPXPARAM_MIP_Cuts_FlowCovers=1;CPXPARAM_MIP_Cuts_GUBCovers=0;CPXPARAM_MIP_Cuts_Gomory=0;CPXPARAM_MIP_Cuts_Implied=-1;CPXPARAM_MIP_Cuts_MIRCut=2;CPXPARAM_MIP_Cuts_PathCut=1;CPXPARAM_MIP_Limits_AggForCut=3;CPXPARAM_MIP_Limits_CutPasses=0;CPXPARAM_MIP_Limits_CutsFactor=-1;CPXPARAM_MIP_Limits_GomoryCand=10;CPXPARAM_MIP_Limits_GomoryPass=0;CPXPARAM_MIP_Limits_Nodes=9223372036800000000;CPXPARAM_MIP_Limits_ProbeTime=1e+75;CPXPARAM_MIP_Limits_RepairTries=0;CPXPARAM_MIP_Limits_StrongCand=10;CPXPARAM_MIP_Limits_StrongIt=0;CPXPARAM_MIP_OrderType=0;CPXPARAM_MIP_Strategy_BBInterval=7;CPXPARAM_MIP_Strategy_Branch=0;CPXPARAM_MIP_Strategy_Dive=0;CPXPARAM_MIP_Strategy_File=1;CPXPARAM_MIP_Strategy_HeuristicFreq=0;CPXPARAM_MIP_Strategy_LBHeur=0;CPXPARAM_MIP_Strategy_NodeSelect=1;CPXPARAM_MIP_Strategy_Order=1;CPXPARAM_MIP_Strategy_PresolveNode=0;CPXPARAM_MIP_Strategy_Probe=0;CPXPARAM_MIP_Strategy_RINSHeur=0;CPXPARAM_MIP_Strategy_StartAlgorithm=0;CPXPARAM_MIP_Strategy_SubAlgorithm=0;CPXPARAM_MIP_Strategy_VariableSelect=0;CPXPARAM_Network_NetFind=2;CPXPARAM_Network_Pricing=0;CPXPARAM_Parallel=1;CPXPARAM_Preprocessing_Aggregator=-1;CPXPARAM_Preprocessing_BoundStrength=-1;CPXPARAM_Preprocessing_CoeffReduce=-1;CPXPARAM_Preprocessing_Dependency=-1;CPXPARAM_Preprocessing_Dual=0;CPXPARAM_Preprocessing_Fill=10;CPXPARAM_Preprocessing_NumPass=-1;CPXPARAM_Preprocessing_Presolve=1;CPXPARAM_Preprocessing_QPMakePSD=1;CPXPARAM_Preprocessing_Reduce=3;CPXPARAM_Preprocessing_Relax=-1;CPXPARAM_Preprocessing_RepeatPresolve=-1;CPXPARAM_Preprocessing_Symmetry=-1;CPXPARAM_Read_Scale=0;CPXPARAM_Sifting_Algorithm=0;CPXPARAM_Simplex_Crash=1;CPXPARAM_Simplex_DGradient=0;CPXPARAM_Simplex_Limits_Perturbation=0;CPXPARAM_Simplex_Limits_Singularity=10;CPXPARAM_Simplex_PGradient=0;CPXPARAM_Simplex_Pricing=0;CPXPARAM_Simplex_Refactor=0
6968880140153444895,0,CPXPARAM_Advance=1;CPXPARAM_Barrier_Algorithm=0;CPXPARAM_Barrier_ColNonzeros=0;CPXPARAM_Barrier_Crossover=0;CPXPARAM_Barrier_Limits_Corrections=-1;CPXPARAM_Barrier_Ordering=0;CPXPARAM_Barrier_StartAlg=1;CPXPARAM_Emphasis_MIP=0;CPXPARAM_Emphasis_Memory=0;CPXPARAM_Emphasis_Numerical=0;CPXPARAM_Feasopt_Mode=0;CPXPARAM_LPMethod=0;CPXPARAM_MIP_Cuts_Cliques=-1;CPXPARAM_MIP_Cuts_Covers=0;CPXPARAM_MIP_Cuts_Disjunctive=1;CPXPARAM_MIP_Cuts_FlowCovers=0;CPXPARAM_MIP_Cuts_GUBCovers=2;CPXPARAM_MIP_Cuts_Gomory=2;CPXPARAM_MIP_Cuts_Implied=1;CPXPARAM_MIP_Cuts_MIRCut=1;CPXPARAM_MIP_Cuts_PathCut=1;CPXPARAM_MIP_Limits_AggForCut=3;CPXPARAM_MIP_Limits_CutPasses=0;CPXPARAM_MIP_Limits_CutsFactor=-1;CPXPARAM_MIP_Limits_GomoryCand=25;CPXPARAM_MIP_Limits_GomoryPass=0;CPXPARAM_MIP_Limits_Nodes=9223372036800000000;CPXPARAM_MIP_Limits_ProbeTime=1e+75;CPXPARAM_MIP_Limits_RepairTries=0;CPXPARAM_MIP_Limits_StrongCand=10;CPXPARAM_MIP_Limits_StrongIt=0;CPXPARAM_MIP_OrderType=0;CPXPARAM_MIP_Strategy_BBInterval=7;CPXPARAM_MIP_Strategy_Branch=0;CPXPARAM_MIP_Strategy_Dive=0;CPXPARAM_MIP_Strategy_File=1;CPXPARAM_MIP_Strategy_HeuristicFreq=0;CPXPARAM_MIP_Strategy_LBHeur=0;CPXPARAM_MIP_Strategy_NodeSelect=1;CPXPARAM_MIP_Strategy_Order=1;CPXPARAM_MIP_Strategy_PresolveNode=0;CPXPARAM_MIP_Strategy_Probe=0;CPXPARAM_MIP_Strategy_RINSHeur=0;CPXPARAM_MIP_Strategy_StartAlgorithm=0;CPXPARAM_MIP_Strategy_SubAlgorithm=0;CPXPARAM_MIP_Strategy_VariableSelect=0;CPXPARAM_Network_NetFind=2;CPXPARAM_Network_Pricing=0;CPXPARAM_Parallel=1;CPXPARAM_Preprocessing_Aggregator=-1;CPXPARAM_Preprocessing_BoundStrength=-1;CPXPARAM_Preprocessing_CoeffReduce=-1;CPXPARAM_Preprocessing_Dependency=-1;CPXPARAM_Preprocessing_Dual=0;CPXPARAM_Preprocessing_Fill=10;CPXPARAM_Preprocessing_NumPass=-1;CPXPARAM_Preprocessing_Presolve=1;CPXPARAM_Preprocessing_QPMakePSD=1;CPXPARAM_Preprocessing_Reduce=3;CPXPARAM_Preprocessing_Relax=-1;CPXPARAM_Preprocessing_RepeatPresolve=-1;CPXPARAM_Preprocessing_Symmetry=-1;CPXPARAM_Read_Scale=0;CPXPARAM_Sifting_Algorithm=0;CPXPARAM_Simplex_Crash=1;CPXPARAM_Simplex_DGradient=0;CPXPARAM_Simplex_Limits_Perturbation=0;CPXPARAM_Simplex_Limits_Singularity=10;CPXPARAM_Simplex_PGradient=0;CPXPARAM_Simplex_Pricing=0;CPXPARAM_Simplex_Refactor=0
4318327993898179734,0,CPXPARAM_Advance=1;CPXPARAM_Barrier_Algorithm=0;CPXPARAM_Barrier_ColNonzeros=0;CPXPARAM_Barrier_Crossover=0;CPXPARAM_Barrier_Limits_Corrections=-1;CPXPARAM_Barrier_Ordering=0;CPXPARAM_Barrier_StartAlg=1;CPXPARAM_Emphasis_MIP=0;CPXPARAM_Emphasis_Memory=0;CPXPARAM_Emphasis_Numerical=0;CPXPARAM_Feasopt_Mode=0;CPXPARAM_LPMethod=0;CPXPARAM_MIP_Cuts_Cliques=1;CPXPARAM_MIP_Cuts_Covers=0;CPXPARAM_MIP_Cuts_Disjunctive=1;CPXPARAM_MIP_Cuts_FlowCovers=0;CPXPARAM_MIP_Cuts_GUBCovers=1;CPXPARAM_MIP_Cuts_Gomory=0;CPXPARAM_MIP_Cuts_Implied=1;CPXPARAM_MIP_Cuts_MIRCut=1;CPXPARAM_MIP_Cuts_PathCut=0;CPXPARAM_MIP_Limits_AggForCut=3;CPXPARAM_MIP_Limits_CutPasses=0;CPXPARAM_MIP_Limits_CutsFactor=-1;CPXPARAM_MIP_Limits_GomoryCand=800;CPXPARAM_MIP_Limits_GomoryPass=0;CPXPARAM_MIP_Limits_Nodes=9223372036800000000;CPXPARAM_MIP_Limits_ProbeTime=1e+75;CPXPARAM_MIP_Limits_RepairTries=0;CPXPARAM_MIP_Limits_StrongCand=10;CPXPARAM_MIP_Limits_StrongIt=0;CPXPARAM_MIP_OrderType=0;CPXPARAM_MIP_Strategy_BBInterval=7;CPXPARAM_MIP_Strategy_Branch=1;CPXPARAM_MIP_Strategy_Dive=0;CPXPARAM_MIP_Strategy_File=1;CPXPARAM_MIP_Strategy_HeuristicFreq=0;CPXPARAM_MIP_Strategy_LBHeur=0;CPXPARAM_MIP_Strategy_NodeSelect=1;CPXPARAM_MIP_Strategy_Order=1;CPXPARAM_MIP_Strategy_PresolveNode=2;CPXPARAM_MIP_Strategy_Probe=0;CPXPARAM_MIP_Strategy_RINSHeur=0;CPXPARAM_MIP_Strategy_StartAlgorithm=0;CPXPARAM_MIP_Strategy_SubAlgorithm=0;CPXPARAM_MIP_Strategy_VariableSelect=4;CPXPARAM_Network_NetFind=2;CPXPARAM_Network_Pricing=0;CPXPARAM_Parallel=1;CPXPARAM_Preprocessing_Aggregator=-1;CPXPARAM_Preprocessing_BoundStrength=-1;CPXPARAM_Preprocessing_CoeffReduce=-1;CPXPARAM_Preprocessing_Dependency=-1;CPXPARAM_Preprocessing_Dual=0;CPXPARAM_Preprocessing_Fill=10;CPXPARAM_Preprocessing_NumPass=-1;CPXPARAM_Preprocessing_Presolve=1;CPXPARAM_Preprocessing_QPMakePSD=1;CPXPARAM_Preprocessing_Reduce=3;CPXPARAM_Preprocessing_Relax=-1;CPXPARAM_Preprocessing_RepeatPresolve=-1;CPXPARAM_Preprocessing_Symmetry=-1;CPXPARAM_Read_Scale=0;CPXPARAM_Sifting_Algorithm=0;CPXPARAM_Simplex_Crash=1;CPXPARAM_Simplex_DGradient=0;CPXPARAM_Simplex_Limits_Perturbation=0;CPXPARAM_Simplex_Limits_Singularity=10;CPXPARAM_Simplex_PGradient=0;CPXPARAM_Simplex_Pricing=0;CPXPARAM_Simplex_Refactor=0
15294589840671319723,0,CPXPARAM_Advance=1;CPXPARAM_Barrier_Algorithm=0;CPXPARAM_Barrier_ColNonzeros=0;CPXPARAM_Barrier_Crossover=0;CPXPARAM_Barrier_Limits_Corrections=-1;CPXPARAM_Barrier_Ordering=0;CPXPARAM_Barrier_StartAlg=1;CPXPARAM_Emphasis_MIP=0;CPXPARAM_Emphasis_Memory=0;CPXPARAM_Emphasis_Numerical=0;CPXPARAM_Feasopt_Mode=0;CPXPARAM_LPMethod=0;CPXPARAM_MIP_Cuts_Cliques=3;CPXPARAM_MIP_Cuts_Covers=2;CPXPARAM_MIP_Cuts_Disjunctive=0;CPXPARAM_MIP_Cuts_FlowCovers=-1;CPXPARAM_MIP_Cuts_GUBCovers=1;CPXPARAM_MIP_Cuts_Gomory=0;CPXPARAM_MIP_Cuts_Implied=1;CPXPARAM_MIP_Cuts_MIRCut=2;CPXPARAM_MIP_Cuts_PathCut=0;CPXPARAM_MIP_Limits_AggForCut=3;CPXPARAM_MIP_Limits_CutPasses=0;CPXPARAM_MIP_Limits_CutsFactor=-1;CPXPARAM_MIP_Limits_GomoryCand=10;CPXPARAM_MIP_Limits_GomoryPass=0;CPXPARAM_MIP_Limits_Nodes=9223372036800000000;CPXPARAM_MIP_Limits_ProbeTime=1e+75;CPXPARAM_MIP_Limits_RepairTries=0;CPXPARAM_MIP_Limits_StrongCand=10;CPXPARAM_MIP_Limits_StrongIt=0;CPXPARAM_MIP_OrderType=0;CPXPARAM_MIP_Strategy_BBInterval=7;CPXPARAM_MIP_Strategy_Branch=0;CPXPARAM_MIP_Strategy_Dive=0;CPXPARAM_MIP_Strategy_File=1;CPXPARAM_MIP_Strategy_HeuristicFreq=0;CPXPARAM_MIP_Strategy_LBHeur=0;CPXPARAM_MIP_Strategy_NodeSelect=3;CPXPARAM_MIP_Strategy_Order=1;CPXPARAM_MIP_Strategy_PresolveNode=1;CPXPARAM_MIP_Strategy_Probe=1;CPXPARAM_MIP_Strategy_RINSHeur=0;CPXPARAM_MIP_Strategy_StartAlgorithm=0;CPXPARAM_MIP_Strategy_SubAlgorithm=0;CPXPARAM_MIP_Strategy_VariableSelect=1;CPXPARAM_Network_NetFind=2;CPXPARAM_Network_Pricing=0;CPXPARAM_Parallel=1;CPXPARAM_Preprocessing_Aggregator=-1;CPXPARAM_Preprocessing_BoundStrength=-1;CPXPARAM_Preprocessing_CoeffReduce=-1;CPXPARAM_Preprocessing_Dependency=-1;CPXPARAM_Preprocessing_Dual=0;CPXPARAM_Preprocessing_Fill=10;CPXPARAM_Preprocessing_NumPass=-1;CPXPARAM_Preprocessing_Presolve=1;CPXPARAM_Preprocessing_QPMakePSD=1;CPXPARAM_Preprocessing_Reduce=3;CPXPARAM_Preprocessing_Relax=-1;CPXPARAM_Preprocessing_RepeatPresolve=-1;CPXPARAM_Preprocessing_Symmetry=-1;CPXPARAM_Read_Scale=0;CPXPARAM_Sifting_Algorithm=0;CPXPARAM_Simplex_Crash=1;CPXPARAM_Simplex_DGradient=0;CPXPARAM_Simplex_Limits_Perturbation=0;CPXPARAM_Simplex_Limits_Singularity=10;CPXPARAM_Simplex_PGradient=0;CPXPARAM_Simplex_Pricing=0;CPXPARAM_Simplex_Refactor=0
8488837899045619135,0,CPXPARAM_Advance=1;CPXPARAM_Barrier_Algorithm=0;CPXPARAM_Barrier_ColNonzeros=0;CPXPARAM_Barrier_Crossover=0;CPXPARAM_Barrier_Limits_Corrections=-1;CPXPARAM_Barrier_Ordering=0;CPXPARAM_Barrier_StartAlg=1;CPXPARAM_Emphasis_MIP=0;CPXPARAM_Emphasis_Memory=0;CPXPARAM_Emphasis_Numerical=0;CPXPARAM_Feasopt_Mode=0;CPXPARAM_LPMethod=0;CPXPARAM_MIP_Cuts_Cliques=1;CPXPARAM_MIP_Cuts_Covers=0;CPXPARAM_MIP_Cuts_Disjunctive=1;CPXPARAM_MIP_Cuts_FlowCovers=0;CPXPARAM_MIP_Cuts_GUBCovers=1;CPXPARAM_MIP_Cuts_Gomory=0;CPXPARAM_MIP_Cuts_Implied=2;CPXPARAM_MIP_Cuts_MIRCut=1;CPXPARAM_MIP_Cuts_PathCut=1;CPXPARAM_MIP_Limits_AggForCut=3;CPXPARAM_MIP_Limits_CutPasses=0;CPXPARAM_MIP_Limits_CutsFactor=-1;CPXPARAM_MIP_Limits_GomoryCand=800;CPXPARAM_MIP_Limits_GomoryPass=0;CPXPARAM_MIP_Limits_Nodes=9223372036800000000;CPXPARAM_MIP_Limits_ProbeTime=1e+75;CPXPARAM_MIP_Limits_RepairTries=0;CPXPARAM_MIP_Limits_StrongCand=10;CPXPARAM_MIP_Limits_StrongIt=0;CPXPARAM_MIP_OrderType=0;CPXPARAM_MIP_Strategy_BBInterval=7;CPXPARAM_MIP_Strategy_Branch=1;CPXPARAM_MIP_Strategy_Dive=0;CPXPARAM_MIP_Strategy_File=1;CPXPARAM_MIP_Strategy_HeuristicFreq=0;CPXPARAM_MIP_Strategy_LBHeur=0;CPXPARAM_MIP_Strategy_NodeSelect=1;CPXPARAM_MIP_Strategy_Order=1;CPXPARAM_MIP_Strategy_PresolveNode=2;CPXPARAM_MIP_Strategy_Probe=0;CPXPARAM_MIP_Strategy_RINSHeur=0;CPXPARAM_MIP_Strategy_StartAlgorithm=0;CPXPARAM_MIP_Strategy_SubAlgorithm=0;CPXPARAM_MIP_Strategy_VariableSelect=2;CPXPARAM_Network_NetFind=2;CPXPARAM_Network_Pricing=0;CPXPARAM_Parallel=1;CPXPARAM_Preprocessing_Aggregator=-1;CPXPARAM_Preprocessing_BoundStrength=-1;CPXPARAM_Preprocessing_CoeffReduce=-1;CPXPARAM_Preprocessing_Dependency=-1;CPXPARAM_Preprocessing_Dual=0;CPXPARAM_Preprocessing_Fill=10;CPXPARAM_Preprocessing_NumPass=-1;CPXPARAM_Preprocessing_Presolve=1;CPXPARAM_Preprocessing_QPMakePSD=1;CPXPARAM_Preprocessing_Reduce=3;CPXPARAM_Preprocessing_Relax=-1;CPXPARAM_Preprocessing_RepeatPresolve=-1;CPXPARAM_Preprocessing_Symmetry=-1;CPXPARAM_Read_Scale=0;CPXPARAM_Sifting_Algorithm=0;CPXPARAM_Simplex_Crash=1;CPXPARAM_Simplex_DGradient=0;CPXPARAM_Simplex_Limits_Perturbation=0;CPXPARAM_Simplex_Limits_Singularity=10;CPXPARAM_Simplex_PGradient=0;CPXPARAM_Simplex_Pricing=0;CPXPARAM_Simplex_Refactor=0
167464745469554906,0,CPXPARAM_Advance=1;CPXPARAM_Barrier_Algorithm=0;CPXPARAM_Barrier_ColNonzeros=0;CPXPARAM_Barrier_Crossover=0;CPXPARAM_Barrier_Limits_Corrections=-1;CPXPARAM_Barrier_Ordering=0;CPXPARAM_Barrier_StartAlg=1;CPXPARAM_Emphasis_MIP=3;CPXPARAM_Emphasis_Memory=0;CPXPARAM_Emphasis_Numerical=0;CPXPARAM_Feasopt_Mode=0;CPXPARAM_LPMethod=0;CPXPARAM_MIP_Cuts_Cliques=2;CPXPARAM_MIP_Cuts_Covers=2;CPXPARAM_MIP_Cuts_Disjunctive=1;CPXPARAM_MIP_Cuts_FlowCovers=-1;CPXPARAM_MIP_Cuts_GUBCovers=0;CPXPARAM_MIP_Cuts_Gomory=-1;CPXPARAM_MIP_Cuts_Implied=-1;CPXPARAM_MIP_Cuts_MIRCut=-1;CPXPARAM_MIP_Cuts_PathCut=2;CPXPARAM_MIP_Limits_AggForCut=3;CPXPARAM_MIP_Limits_CutPasses=0;CPXPARAM_MIP_Limits_CutsFactor=-1;CPXPARAM_MIP_Limits_GomoryCand=10;CPXPARAM_MIP_Limits_GomoryPass=0;CPXPARAM_MIP_Limits_Nodes=9223372036800000000;CPXPARAM_MIP_Limits_ProbeTime=1e+75;CPXPARAM_MIP_Limits_RepairTries=0;CPXPARAM_MIP_Limits_StrongCand=10;CPXPARAM_MIP_Limits_StrongIt=0;CPXPARAM_MIP_OrderType=0;CPXPARAM_MIP_Strategy_BBInterval=7;CPXPARAM_MIP_Strategy_Branch=1;CPXPARAM_MIP_Strategy_Dive=0;CPXPARAM_MIP_Strategy_File=1;CPXPARAM_MIP_Strategy_HeuristicFreq=0;CPXPARAM_MIP_Strategy_LBHeur=0;CPXPARAM_MIP_Strategy_NodeSelect=1;CPXPARAM_MIP_Strategy_Order=1;CPXPARAM_MIP_Strategy_PresolveNode=1;CPXPARAM_MIP_Strategy_Probe=-1;CPXPARAM_MIP_Strategy_RINSHeur=0;CPXPARAM_MIP_Strategy_StartAlgorithm=0;CPXPARAM_MIP_Strategy_SubAlgorithm=0;CPXPARAM_MIP_Strategy_VariableSelect=0;CPXPARAM_Network_NetFind=2;CPXPARAM_Network_Pricing=0;CPXPARAM_Parallel=1;CPXPARAM_Preprocessing_Aggregator=-1;CPXPARAM_Preprocessing_BoundStrength=-1;CPXPARAM_Preprocessing_CoeffReduce=-1;CPXPARAM_Preprocessing_Dependency=-1;CPXPARAM_Preprocessing_Dual=0;CPXPARAM_Preprocessing_Fill=10;CPXPARAM_Preprocessing_NumPass=-1;CPXPARAM_Preprocessing_Presolve=1;CPXPARAM_Preprocessing_QPMakePSD=1;CPXPARAM_Preprocessing_Reduce=3;CPXPARAM_Preprocessing_Relax=-1;CPXPARAM_Preprocessing_RepeatPresolve=-1;CPXPARAM_Preprocessing_Symmetry=-1;CPXPARAM_Read_Scale=0;CPXPARAM_Sifting_Algorithm=0;CPXPARAM_Simplex_Crash=1;CPXPARAM_Simplex_DGradient=0;CPXPARAM_Simplex_Limits_Perturbation=0;CPXPARAM_Simplex_Limits_Singularity=10;CPXPARAM_Simplex_PGradient=0;CPXPARAM_Simplex_Pricing=0;CPXPARAM_Simplex_Refactor=0
12514390306720873186,0,CPXPARAM_Advance=1;CPXPARAM_Barrier_Algorithm=0;CPXPARAM_Barrier_ColNonzeros=0;CPXPARAM_Barrier_Crossover=0;CPXPARAM_Barrier_Limits_Corrections=-1;CPXPARAM_Barrier_Ordering=0;CPXPARAM_Barrier_StartAlg=1;CPXPARAM_Emphasis_MIP=0;CPXPARAM_Emphasis_Memory=0;CPXPARAM_Emphasis_Numerical=0;CPXPARAM_Feasopt_Mode=0;CPXPARAM_LPMethod=0;CPXPARAM_MIP_Cuts_Cliques=3;CPXPARAM_MIP_Cuts_Covers=3;CPXPARAM_MIP_Cuts_Disjunctive=-1;CPXPARAM_MIP_Cuts_FlowCovers=1;CPXPARAM_MIP_Cuts_GUBCovers=1;CPXPARAM_MIP_Cuts_Gomory=0;CPXPARAM_MIP_Cuts_Implied=-1;CPXPARAM_MIP_Cuts_MIRCut=1;CPXPARAM_MIP_Cuts_PathCut=0;CPXPARAM_MIP_Limits_AggForCut=2;CPXPARAM_MIP_Limits_CutPasses=0;CPXPARAM_MIP_Limits_CutsFactor=-1;CPXPARAM_MIP_Limits_GomoryCand=200;CPXPARAM_MIP_Limits_GomoryPass=0;CPXPARAM_MIP_Limits_Nodes=9223372036800000000;CPXPARAM_MIP_Limits_ProbeTime=1e+75;CPXPARAM_MIP_Limits_RepairTries=0;CPXPARAM_MIP_Limits_StrongCand=10;CPXPARAM_MIP_Limits_StrongIt=0;CPXPARAM_MIP_OrderType=3;CPXPARAM_MIP_Strategy_BBInterval=7;CPXPARAM_MIP_Strategy_Branch=0;CPXPARAM_MIP_Strategy_Dive=0;CPXPARAM_MIP_Strategy_File=1;CPXPARAM_MIP_Strategy_HeuristicFreq=0;CPXPARAM_MIP_Strategy_LBHeur=0;CPXPARAM_MIP_Strategy_NodeSelect=0;CPXPARAM_MIP_Strategy_Order=1;CPXPARAM_MIP_Strategy_PresolveNode=3;CPXPARAM_MIP_Strategy_Probe=1;CPXPARAM_MIP_Strategy_RINSHeur=0;CPXPARAM_MIP_Strategy_StartAlgorithm=0;CPXPARAM_MIP_Strategy_SubAlgorithm=1;CPXPARAM_MIP_Strategy_VariableSelect=2;CPXPARAM_Network_NetFind=2;CPXPARAM_Network_Pricing=0;CPXPARAM_Parallel=1;CPXPARAM_Preprocessing_Aggregator=-1;CPXPARAM_Preprocessing_BoundStrength=-1;CPXPARAM_Preprocessing_CoeffReduce=-1;CPXPARAM_Preprocessing_Dependency=-1;CPXPARAM_Preprocessing_Dual=0;CPXPARAM_Preprocessing_Fill=5;CPXPARAM_Preprocessing_NumPass=-1;CPXPARAM_Preprocessing_Presolve=1;CPXPARAM_Preprocessing_QPMakePSD=1;CPXPARAM_Preprocessing_Reduce=3;CPXPARAM_Preprocessing_Relax=-1;CPXPARAM_Preprocessing_RepeatPresolve=-1;CPXPARAM_Preprocessing_Symmetry=-1;CPXPARAM_Read_Scale=0;CPXPARAM_Sifting_Algorithm=0;CPXPARAM_Simplex_Crash=1;CPXPARAM_Simplex_DGradient=0;CPXPARAM_Simplex_Limits_Perturbation=0;CPXPARAM_Simplex_Limits_Singularity=10;CPXPARAM_Simplex_PGradient=0;CPXPARAM_Simplex_Pricing=0;CPXPARAM_Simplex_Refactor=0
13247820624422238334,0,CPXPARAM_Advance=1;CPXPARAM_Barrier_Algorithm=0;CPXPARAM_Barrier_ColNonzeros=0;CPXPARAM_Barrier_Crossover=0;CPXPARAM_Barrier_Limits_Corrections=-1;CPXPARAM_Barrier_Ordering=0;CPXPARAM_Barrier_StartAlg=1;CPXPARAM_Emphasis_MIP=2;CPXPARAM_Emphasis_Memory=0;CPXPARAM_Emphasis_Numerical=0;CPXPARAM_Feasopt_Mode=0;CPXPARAM_LPMethod=0;CPXPARAM_MIP_Cuts_Cliques=-1;CPXPARAM_MIP_Cuts_Covers=0;CPXPARAM_MIP_Cuts_Disjunctive=1;CPXPARAM_MIP_Cuts_FlowCovers=2;CPXPARAM_MIP_Cuts_GUBCovers=1;CPXPARAM_MIP_Cuts_Gomory=0;CPXPARAM_MIP_Cuts_Implied=-1;CPXPARAM_MIP_Cuts_MIRCut=-1;CPXPARAM_MIP_Cuts_PathCut=-1;CPXPARAM_MIP_Limits_AggForCut=3;CPXPARAM_MIP_Limits_CutPasses=0;CPXPARAM_MIP_Limits_CutsFactor=-1;CPXPARAM_MIP_Limits_GomoryCand=400;CPXPARAM_MIP_Limits_GomoryPass=0;CPXPARAM_MIP_Limits_Nodes=9223372036800000000;CPXPARAM_MIP_Limits_ProbeTime=1e+75;CPXPARAM_MIP_Limits_RepairTries=0;CPXPARAM_MIP_Limits_StrongCand=10;CPXPARAM_MIP_Limits_StrongIt=0;CPXPARAM_MIP_OrderType=0;CPXPARAM_MIP_Strategy_BBInterval=7;CPXPARAM_MIP_Strategy_Branch=0;CPXPARAM_MIP_Strategy_Dive=0;CPXPARAM_MIP_Strategy_File=1;CPXPARAM_MIP_Strategy_HeuristicFreq=0;CPXPARAM_MIP_Strategy_LBHeur=0;CPXPARAM_MIP_Strategy_NodeSelect=1;CPXPARAM_MIP_Strategy_Order=1;CPXPARAM_MIP_Strategy_PresolveNode=0;CPXPARAM_MIP_Strategy_Probe=-1;CPXPARAM_MIP_Strategy_RINSHeur=0;CPXPARAM_MIP_Strategy_StartAlgorithm=0;CPXPARAM_MIP_Strategy_SubAlgorithm=0;CPXPARAM_MIP_Strategy_VariableSelect=0;CPXPARAM_Network_NetFind=2;CPXPARAM_Network_Pricing=0;CPXPARAM_Parallel=1;CPXPARAM_Preprocessing_Aggregator=-1;CPXPARAM_Preprocessing_BoundStrength=-1;CPXPARAM_Preprocessing_CoeffReduce=-1;CPXPARAM_Preprocessing_Dependency=-1;CPXPARAM_Preprocessing_Dual=0;CPXPARAM_Preprocessing_Fill=10;CPXPARAM_Preprocessing_NumPass=-1;CPXPARAM_Preprocessing_Presolve=1;CPXPARAM_Preprocessing_QPMakePSD=1;CPXPARAM_Preprocessing_Reduce=3;CPXPARAM_Preprocessing_Relax=-1;CPXPARAM_Preprocessing_RepeatPresolve=-1;CPXPARAM_Preprocessing_Symmetry=-1;CPXPARAM_Read_Scale=0;CPXPARAM_Sifting_Algorithm=0;CPXPARAM_Simplex_Crash=1;CPXPARAM_Simplex_DGradient=0;CPXPARAM_Simplex_Limits_Perturbation=0;CPXPARAM_Simplex_Limits_Singularity=10;CPXPARAM_Simplex_PGradient=0;CPXPARAM_Simplex_Pricing=0;CPXPARAM_Simplex_Refactor=0
11981533318793984746,0,CPXPARAM_Advance=1;CPXPARAM_Barrier_Algorithm=0;CPXPARAM_Barrier_ColNonzeros=0;CPXPARAM_Barrier_Crossover=0;CPXPARAM_Barrier_Limits_Corrections=-1;CPXPARAM_Barrier_Ordering=0;CPXPARAM_Barrier_StartAlg=1;CPXPARAM_Emphasis_MIP=4;CPXPARAM_Emphasis_Memory=0;CPXPARAM_Emphasis_Numerical=0;CPXPARAM_Feasopt_Mode=0;CPXPARAM_LPMethod=0;CPXPARAM_MIP_Cuts_Cliques=0;CPXPARAM_MIP_Cuts_Covers=0;CPXPARAM_MIP_Cuts_Disjunctive=0;CPXPARAM_MIP_Cuts_FlowCovers=-1;CPXPARAM_MIP_Cuts_GUBCovers=2;CPXPARAM_MIP_Cuts_Gomory=-1;CPXPARAM_MIP_Cuts_Implied=0;CPXPARAM_MIP_Cuts_MIRCut=-1;CPXPARAM_MIP_Cuts_PathCut=1;CPXPARAM_MIP_Limits_AggForCut=3;CPXPARAM_MIP_Limits_CutPasses=0;CPXPARAM_MIP_Limits_CutsFactor=-1;CPXPARAM_MIP_Limits_GomoryCand=200;CPXPARAM_MIP_Limits_GomoryPass=0;CPXPARAM_MIP_Limits_Nodes=9223372036800000000;CPXPARAM_MIP_Limits_ProbeTime=1e+75;CPXPARAM_MIP_Limits_RepairTries=0;CPXPARAM_MIP_Limits_StrongCand=10;CPXPARAM_MIP_Limits_StrongIt=0;CPXPARAM_MIP_OrderType=0;CPXPARAM_MIP_Strategy_BBInterval=7;CPXPARAM_MIP_Strategy_Branch=0;CPXPARAM_MIP_Strategy_Dive=0;CPXPARAM_MIP_Strategy_File=1;CPXPARAM_MIP_Strategy_HeuristicFreq=0;CPXPARAM_MIP_Strategy_LBHeur=0;CPXPARAM_MIP_Strategy_NodeSelect=1;CPXPARAM_MIP_Strategy_Order=1;CPXPARAM_MIP_Strategy_PresolveNode=0;CPXPARAM_MIP_Strategy_Probe=0;CPXPARAM_MIP_Strategy_RINSHeur=0;CPXPARAM_MIP_Strategy_StartAlgorithm=0;CPXPARAM_MIP_Strategy_SubAlgorithm=0;CPXPARAM_MIP_Strategy_VariableSelect=0;CPXPARAM_Network_NetFind=2;CPXPARAM_Network_Pricing=0;CPXPARAM_Parallel=1;CPXPARAM_Preprocessing_Aggregator=-1;CPXPARAM_Preprocessing_BoundStrength=-1;CPXPARAM_Preprocessing_CoeffReduce=-1;CPXPARAM_Preprocessing_Dependency=-1;CPXPARAM_Preprocessing_Dual=0;CPXPARAM_Preprocessing_Fill=10;CPXPARAM_Preprocessing_NumPass=-1;CPXPARAM_Preprocessing_Presolve=1;CPXPARAM_Preprocessing_QPMakePSD=1;CPXPARAM_Preprocessing_Reduce=3;CPXPARAM_Preprocessing_Relax=-1;CPXPARAM_Preprocessing_RepeatPresolve=-1;CPXPARAM_Preprocessing_Symmetry=-1;CPXPARAM_Read_Scale=0;CPXPARAM_Sifting_Algorithm=0;CPXPARAM_Simplex_Crash=1;CPXPARAM_Simplex_DGradient=0;CPXPARAM_Simplex_Limits_Perturbation=0;CPXPARAM_Simplex_Limits_Singularity=10;CPXPARAM_Simplex_PGradient=0;CPXPARAM_Simplex_Pricing=0;CPXPARAM_Simplex_Refactor=0
11666607071234109589,0,CPXPARAM_Advance=1;CPXPARAM_Barrier_Algorithm=0;CPXPARAM_Barrier_ColNonzeros=0;CPXPARAM_Barrier_Crossover=0;CPXPARAM_Barrier_Limits_Corrections=-1;CPXPARAM_Barrier_Ordering=0;CPXPARAM_Barrier_StartAlg=1;CPXPARAM_Emphasis_MIP=3;CPXPARAM_Emphasis_Memory=0;CPXPARAM_Emphasis_Numerical=0;CPXPARAM_Feasopt_Mode=0;CPXPARAM_LPMethod=0;CPXPARAM_MIP_Cuts_Cliques=2;CPXPARAM_MIP_Cuts_Covers=2;CPXPARAM_MIP_Cuts_Disjunctive=1;CPXPARAM_MIP_Cuts_FlowCovers=-1;CPXPARAM_MIP_Cuts_GUBCovers=0;CPXPARAM_MIP_Cuts_Gomory=-1;CPXPARAM_MIP_Cuts_Implied=-1;CPXPARAM_MIP_Cuts_MIRCut=-1;CPXPARAM_MIP_Cuts_PathCut=2;CPXPARAM_MIP_Limits_AggForCut=3;CPXPARAM_MIP_Limits_CutPasses=0;CPXPARAM_MIP_Limits_CutsFactor=-1;CPXPARAM_MIP_Limits_GomoryCand=10;CPXPARAM_MIP_Limits_GomoryPass=0;CPXPARAM_MIP_Limits_Nodes=9223372036800000000;CPXPARAM_MIP_Limits_ProbeTime=1e+75;CPXPARAM_MIP_Limits_RepairTries=0;CPXPARAM_MIP_Limits_StrongCand=10;CPXPARAM_MIP_Limits_StrongIt=0;CPXPARAM_MIP_OrderType=0;CPXPARAM_MIP_Strategy_BBInterval=7;CPXPARAM_MIP_Strategy_Branch=1;CPXPARAM_MIP_Strategy_Dive=0;CPXPARAM_MIP_Strategy_File=1;CPXPARAM_MIP_Strategy_HeuristicFreq=0;CPXPARAM_MIP_Strategy_LBHeur=0;CPXPARAM_MIP_Strategy_NodeSelect=1;CPXPARAM_MIP_Strategy_Order=1;CPXPARAM_MIP_Strategy_PresolveNode=0;CPXPARAM_MIP_Strategy_Probe=-1;CPXPARAM_MIP_Strategy_RINSHeur=0;CPXPARAM_MIP_Strategy_StartAlgorithm=0;CPXPARAM_MIP_Strategy_SubAlgorithm=0;CPXPARAM_MIP_Strategy_VariableSelect=-1;CPXPARAM_Network_NetFind=2;CPXPARAM_Network_Pricing=0;CPXPARAM_Parallel=1;CPXPARAM_Preprocessing_Aggregator=-1;CPXPARAM_Preprocessing_BoundStrength=-1;CPXPARAM_Preprocessing_CoeffReduce=-1;CPXPARAM_Preprocessing_Dependency=-1;CPXPARAM_Preprocessing_Dual=0;CPXPARAM_Preprocessing_Fill=10;CPXPARAM_Preprocessing_NumPass=-1;CPXPARAM_Preprocessing_Presolve=1;CPXPARAM_Preprocessing_QPMakePSD=1;CPXPARAM_Preprocessing_Reduce=3;CPXPARAM_Preprocessing_Relax=-1;CPXPARAM_Preprocessing_RepeatPresolve=-1;CPXPARAM_Preprocessing_Symmetry=-1;CPXPARAM_Read_Scale=0;CPXPARAM_Sifting_Algorithm=0;CPXPARAM_Simplex_Crash=1;CPXPARAM_Simplex_DGradient=0;CPXPARAM_Simplex_Limits_Perturbation=0;CPXPARAM_Simplex_Limits_Singularity=10;CPXPARAM_Simplex_PGradient=0;CPXPARAM_Simplex_Pricing=0;CPXPARAM_Simplex_Refactor=0
1918503527144469863,0,CPXPARAM_Advance=1;CPXPARAM_Barrier_Algorithm=0;CPXPARAM_Barrier_ColNonzeros=0;CPXPARAM_Barrier_Crossover=0;CPXPARAM_Barrier_Limits_Corrections=-1;CPXPARAM_Barrier_Ordering=0;CPXPARAM_Barrier_StartAlg=1;CPXPARAM_Emphasis_MIP=1;CPXPARAM_Emphasis_Memory=0;CPXPARAM_Emphasis_Numerical=0;CPXPARAM_Feasopt_Mode=0;CPXPARAM_LPMethod=0;CPXPARAM_MIP_Cuts_Cliques=-1;CPXPARAM_MIP_Cuts_Covers=-1;CPXPARAM_MIP_Cuts_Disjunctive=1;CPXPARAM_MIP_Cuts_FlowCovers=0;CPXPARAM_MIP_Cuts_GUBCovers=2;CPXPARAM_MIP_Cuts_Gomory=2;CPXPARAM_MIP_Cuts_Implied=2;CPXPARAM_MIP_Cuts_MIRCut=2;CPXPARAM_MIP_Cuts_PathCut=1;CPXPARAM_MIP_Limits_AggForCut=3;CPXPARAM_MIP_Limits_CutPasses=0;CPXPARAM_MIP_Limits_CutsFactor=-1;CPXPARAM_MIP_Limits_GomoryCand=50;CPXPARAM_MIP_Limits_GomoryPass=0;CPXPARAM_MIP_Limits_Nodes=9223372036800000000;CPXPARAM_MIP_Limits_ProbeTime=1e+75;CPXPARAM_MIP_Limits_RepairTries=0;CPXPARAM_MIP_Limits_StrongCand=10;CPXPARAM_MIP_Limits_StrongIt=0;CPXPARAM_MIP_OrderType=0;CPXPARAM_MIP_Strategy_BBInterval=7;CPXPARAM_MIP_Strategy_Branch=-1;CPXPARAM_MIP_Strategy_Dive=0;CPXPARAM_MIP_Strategy_File=1;CPXPARAM_MIP_Strategy_HeuristicFreq=0;CPXPARAM_MIP_Strategy_LBHeur=0;CPXPARAM_MIP_Strategy_NodeSelect=3;CPXPARAM_MIP_Strategy_Order=1;CPXPARAM_MIP_Strategy_PresolveNode=3;CPXPARAM_MIP_Strategy_Probe=2;CPXPARAM_MIP_Strategy_RINSHeur=0;CPXPARAM_MIP_Strategy_StartAlgorithm=0;CPXPARAM_MIP_Strategy_SubAlgorithm=0;CPXPARAM_MIP_Strategy_VariableSelect=2;CPXPARAM_Network_NetFind=2;CPXPARAM_Network_Pricing=0;CPXPARAM_Parallel=1;CPXPARAM_Preprocessing_Aggregator=-1;CPXPARAM_Preprocessing_BoundStrength=-1;CPXPARAM_Preprocessing_CoeffReduce=-1;CPXPARAM_Preprocessing_Dependency=-1;CPXPARAM_Preprocessing_Dual=0;CPXPARAM_Preprocessing_Fill=10;CPXPARAM_Preprocessing_NumPass=-1;CPXPARAM_Preprocessing_Presolve=1;CPXPARAM_Preprocessing_QPMakePSD=1;CPXPARAM_Preprocessing_Reduce=3;CPXPARAM_Preprocessing_Relax=-1;CPXPARAM_Preprocessing_RepeatPresolve=-1;CPXPARAM_Preprocessing_Symmetry=-1;CPXPARAM_Read_Scale=0;CPXPARAM_Sifting_Algorithm=0;CPXPARAM_Simplex_Crash=1;CPXPARAM_Simplex_DGradient=0;CPXPARAM_Simplex_Limits_Perturbation=0;CPXPARAM_Simplex_Limits_Singularity=10;CPXPARAM_Simplex_PGradient=0;CPXPARAM_Simplex_Pricing=0;CPXPARAM_Simplex_Refactor=0
5437493263327435459,0,CPXPARAM_Advance=1;CPXPARAM_Barrier_Algorithm=0;CPXPARAM_Barrier_ColNonzeros=0;CPXPARAM_Barrier_Crossover=0;CPXPARAM_Barrier_Limits_Corrections=-1;CPXPARAM_Barrier_Ordering=0;CPXPARAM_Barrier_StartAlg=1;CPXPARAM_Emphasis_MIP=3;CPXPARAM_Emphasis_Memory=0;CPXPARAM_Emphasis_Numerical=0;CPXPARAM_Feasopt_Mode=0;CPXPARAM_LPMethod=0;CPXPARAM_MIP_Cuts_Cliques=-1;CPXPARAM_MIP_Cuts_Covers=0;CPXPARAM_MIP_Cuts_Disjunctive=1;CPXPARAM_MIP_Cuts_FlowCovers=-1;CPXPARAM_MIP_Cuts_GUBCovers=1;CPXPARAM_MIP_Cuts_Gomory=-1;CPXPARAM_MIP_Cuts_Implied=-1;CPXPARAM_MIP_Cuts_MIRCut=-1;CPXPARAM_MIP_Cuts_PathCut=-1;CPXPARAM_MIP_Limits_AggForCut=3;CPXPARAM_MIP_Limits_CutPasses=0;CPXPARAM_MIP_Limits_CutsFactor=-1;CPXPARAM_MIP_Limits_GomoryCand=200;CPXPARAM_MIP_Limits_GomoryPass=0;CPXPARAM_MIP_Limits_Nodes=9223372036800000000;CPXPARAM_MIP_Limits_ProbeTime=1e+75;CPXPARAM_MIP_Limits_RepairTries=0;CPXPARAM_MIP_Limits_StrongCand=10;CPXPARAM_MIP_Limits_StrongIt=0;CPXPARAM_MIP_OrderType=0;CPXPARAM_MIP_Strategy_BBInterval=7;CPXPARAM_MIP_Strategy_Branch=0;CPXPARAM_MIP_Strategy_Dive=0;CPXPARAM_MIP_Strategy_File=1;CPXPARAM_MIP_Strategy_HeuristicFreq=0;CPXPARAM_MIP_Strategy_LBHeur=0;CPXPARAM_MIP_Strategy_NodeSelect=1;CPXPARAM_MIP_Strategy_Order=1;CPXPARAM_MIP_Strategy_PresolveNode=0;CPXPARAM_MIP_Strategy_Probe=0;CPXPARAM_MIP_Strategy_RINSHeur=0;CPXPARAM_MIP_Strategy_StartAlgorithm=0;CPXPARAM_MIP_Strategy_SubAlgorithm=0;CPXPARAM_MIP_Strategy_VariableSelect=0;CPXPARAM_Network_NetFind=2;CPXPARAM_Network_Pricing=0;CPXPARAM_Parallel=1;CPXPARAM_Preprocessing_Aggregator=-1;CPXPARAM_Preprocessing_BoundStrength=-1;CPXPARAM_Preprocessing_CoeffReduce=-1;CPXPARAM_Preprocessing_Dependency=-1;CPXPARAM_Preprocessing_Dual=0;CPXPARAM_Preprocessing_Fill=10;CPXPARAM_Preprocessing_NumPass=-1;CPXPARAM_Preprocessing_Presolve=1;CPXPARAM_Preprocessing_QPMakePSD=1;CPXPARAM_Preprocessing_Reduce=3;CPXPARAM_Preprocessing_Relax=-1;CPXPARAM_Preprocessing_RepeatPresolve=-1;CPXPARAM_Preprocessing_Symmetry=-1;CPXPARAM_Read_Scale=0;CPXPARAM_Sifting_Algorithm=0;CPXPARAM_Simplex_Crash=1;CPXPARAM_Simplex_DGradient=0;CPXPARAM_Simplex_Limits_Perturbation=0;CPXPARAM_Simplex_Limits_Singularity=10;CPXPARAM_Simplex_PGradient=0;CPXPARAM_Simplex_Pricing=0;CPXPARAM_Simplex_Refactor=0
407504026095558344,0,CPXPARAM_Advance=1;CPXPARAM_Barrier_Algorithm=0;CPXPARAM_Barrier_ColNonzeros=0;CPXPARAM_Barrier_Crossover=0;CPXPARAM_Barrier_Limits_Corrections=-1;CPXPARAM_Barrier_Ordering=0;CPXPARAM_Barrier_StartAlg=1;CPXPARAM_Emphasis_MIP=5;CPXPARAM_Emphasis_Memory=0;CPXPARAM_Emphasis_Numerical=0;CPXPARAM_Feasopt_Mode=0;CPXPARAM_LPMethod=0;CPXPARAM_MIP_Cuts_Cliques=2;CPXPARAM_MIP_Cuts_Covers=-1;CPXPARAM_MIP_Cuts_Disjunctive=0;CPXPARAM_MIP_Cuts_FlowCovers=-1;CPXPARAM_MIP_Cuts_GUBCovers=-1;CPXPARAM_MIP_Cuts_Gomory=-1;CPXPARAM_MIP_Cuts_Implied=-1;CPXPARAM_MIP_Cuts_MIRCut=2;CPXPARAM_MIP_Cuts_PathCut=2;CPXPARAM_MIP_Limits_AggForCut=3;CPXPARAM_MIP_Limits_CutPasses=0;CPXPARAM_MIP_Limits_CutsFactor=-1;CPXPARAM_MIP_Limits_GomoryCand=50;CPXPARAM_MIP_Limits_GomoryPass=0;CPXPARAM_MIP_Limits_Nodes=9223372036800000000;CPXPARAM_MIP_Limits_ProbeTime=1e+75;CPXPARAM_MIP_Limits_RepairTries=0;CPXPARAM_MIP_Limits_StrongCand=10;CPXPARAM_MIP_Limits_StrongIt=0;CPXPARAM_MIP_OrderType=0;CPXPARAM_MIP_Strategy_BBInterval=7;CPXPARAM_MIP_Strategy_Branch=0;CPXPARAM_MIP_Strategy_Dive=0;CPXPARAM_MIP_Strategy_File=1;CPXPARAM_MIP_Strategy_HeuristicFreq=0;CPXPARAM_MIP_Strategy_LBHeur=0;CPXPARAM_MIP_Strategy_NodeSelect=0;CPXPARAM_MIP_Strategy_Order=1;CPXPARAM_MIP_Strategy_PresolveNode=0;CPXPARAM_MIP_Strategy_Probe=0;CPXPARAM_MIP_Strategy_RINSHeur=0;CPXPARAM_MIP_Strategy_StartAlgorithm=0;CPXPARAM_MIP_Strategy_SubAlgorithm=0;CPXPARAM_MIP_Strategy_VariableSelect=1;CPXPARAM_Network_NetFind=2;CPXPARAM_Network_Pricing=0;CPXPARAM_Parallel=1;CPXPARAM_Preprocessing_Aggregator=-1;CPXPARAM_Preprocessing_BoundStrength=-1;CPXPARAM_Preprocessing_CoeffReduce=-1;CPXPARAM_Preprocessing_Dependency=-1;CPXPARAM_Preprocessing_Dual=0;CPXPARAM_Preprocessing_Fill=10;CPXPARAM_Preprocessing_NumPass=-1;CPXPARAM_Preprocessing_Presolve=1;CPXPARAM_Preprocessing_QPMakePSD=1;CPXPARAM_Preprocessing_Reduce=3;CPXPARAM_Preprocessing_Relax=-1;CPXPARAM_Preprocessing_RepeatPresolve=-1;CPXPARAM_Preprocessing_Symmetry=-1;CPXPARAM_Read_Scale=0;CPXPARAM_Sifting_Algorithm=0;CPXPARAM_Simplex_Crash=1;CPXPARAM_Simplex_DGradient=0;CPXPARAM_Simplex_Limits_Perturbation=0;CPXPARAM_Simplex_Limits_Singularity=10;CPXPARAM_Simplex_PGradient=0;CPXPARAM_Simplex_Pricing=0;CPXPARAM_Simplex_Refactor=0
3213053906053154941,0,CPXPARAM_Advance=1;CPXPARAM_Barrier_Algorithm=0;CPXPARAM_Barrier_ColNonzeros=0;CPXPARAM_Barrier_Crossover=0;CPXPARAM_Barrier_Limits_Corrections=-1;CPXPARAM_Barrier_Ordering=0;CPXPARAM_Barrier_StartAlg=1;CPXPARAM_Emphasis_MIP=2;CPXPARAM_Emphasis_Memory=0;CPXPARAM_Emphasis_Numerical=0;CPXPARAM_Feasopt_Mode=0;CPXPARAM_LPMethod=0;CPXPARAM_MIP_Cuts_Cliques=-1;CPXPARAM_MIP_Cuts_Covers=0;CPXPARAM_MIP_Cuts_Disjunctive=1;CPXPARAM_MIP_Cuts_FlowCovers=2;CPXPARAM_MIP_Cuts_GUBCovers=1;CPXPARAM_MIP_Cuts_Gomory=0;CPXPARAM_MIP_Cuts_Implied=2;CPXPARAM_MIP_Cuts_MIRCut=-1;CPXPARAM_MIP_Cuts_PathCut=-1;CPXPARAM_MIP_Limits_AggForCut=3;CPXPARAM_MIP_Limits_CutPasses=0;CPXPARAM_MIP_Limits_CutsFactor=-1;CPXPARAM_MIP_Limits_GomoryCand=400;CPXPARAM_MIP_Limits_GomoryPass=0;CPXPARAM_MIP_Limits_Nodes=9223372036800000000;CPXPARAM_MIP_Limits_ProbeTime=1e+75;CPXPARAM_MIP_Limits_RepairTries=0;CPXPARAM_MIP_Limits_StrongCand=10;CPXPARAM_MIP_Limits_StrongIt=0;CPXPARAM_MIP_OrderType=0;CPXPARAM_MIP_Strategy_BBInterval=7;CPXPARAM_MIP_Strategy_Branch=0;CPXPARAM_MIP_Strategy_Dive=0;CPXPARAM_MIP_Strategy_File=1;CPXPARAM_MIP_Strategy_HeuristicFreq=0;CPXPARAM_MIP_Strategy_LBHeur=0;CPXPARAM_MIP_Strategy_NodeSelect=1;CPXPARAM_MIP_Strategy_Order=1;CPXPARAM_MIP_Strategy_PresolveNode=0;CPXPARAM_MIP_Strategy_Probe=0;CPXPARAM_MIP_Strategy_RINSHeur=0;CPXPARAM_MIP_Strategy_StartAlgorithm=0;CPXPARAM_MIP_Strategy_SubAlgorithm=0;CPXPARAM_MIP_Strategy_VariableSelect=0;CPXPARAM_Network_NetFind=2;CPXPARAM_Network_Pricing=0;CPXPARAM_Parallel=1;CPXPARAM_Preprocessing_Aggregator=-1;CPXPARAM_Preprocessing_BoundStrength=-1;CPXPARAM_Preprocessing_CoeffReduce=-1;CPXPARAM_Preprocessing_Dependency=-1;CPXPARAM_Preprocessing_Dual=0;CPXPARAM_Preprocessing_Fill=10;CPXPARAM_Preprocessing_NumPass=-1;CPXPARAM_Preprocessing_Presolve=1;CPXPARAM_Preprocessing_QPMakePSD=1;CPXPARAM_Preprocessing_Reduce=3;CPXPARAM_Preprocessing_Relax=-1;CPXPARAM_Preprocessing_RepeatPresolve=-1;CPXPARAM_Preprocessing_Symmetry=-1;CPXPARAM_Read_Scale=0;CPXPARAM_Sifting_Algorithm=0;CPXPARAM_Simplex_Crash=1;CPXPARAM_Simplex_DGradient=0;CPXPARAM_Simplex_Limits_Perturbation=0;CPXPARAM_Simplex_Limits_Singularity=10;CPXPARAM_Simplex_PGradient=0;CPXPARAM_Simplex_Pricing=0;CPXPARAM_Simplex_Refactor=0
16340068819887593497,0,CPXPARAM_Advance=1;CPXPARAM_Barrier_Algorithm=0;CPXPARAM_Barrier_ColNonzeros=0;CPXPARAM_Barrier_Crossover=0;CPXPARAM_Barrier_Limits_Corrections=-1;CPXPARAM_Barrier_Ordering=0;CPXPARAM_Barrier_StartAlg=1;CPXPARAM_Emphasis_MIP=5;CPXPARAM_Emphasis_Memory=0;CPXPARAM_Emphasis_Numerical=0;CPXPARAM_Feasopt_Mode=0;CPXPARAM_LPMethod=0;CPXPARAM_MIP_Cuts_Cliques=0;CPXPARAM_MIP_Cuts_Covers=0;CPXPARAM_MIP_Cuts_Disjunctive=1;CPXPARAM_MIP_Cuts_FlowCovers=1;CPXPARAM_MIP_Cuts_GUBCovers=2;CPXPARAM_MIP_Cuts_Gomory=2;CPXPARAM_MIP_Cuts_Implied=1;CPXPARAM_MIP_Cuts_MIRCut=1;CPXPARAM_MIP_Cuts_PathCut=-1;CPXPARAM_MIP_Limits_AggForCut=3;CPXPARAM_MIP_Limits_CutPasses=0;CPXPARAM_MIP_Limits_CutsFactor=-1;CPXPARAM_MIP_Limits_GomoryCand=150;CPXPARAM_MIP_Limits_GomoryPass=0;CPXPARAM_MIP_Limits_Nodes=9223372036800000000;CPXPARAM_MIP_Limits_ProbeTime=1e+75;CPXPARAM_MIP_Limits_RepairTries=0;CPXPARAM_MIP_Limits_StrongCand=10;CPXPARAM_MIP_Limits_StrongIt=0;CPXPARAM_MIP_OrderType=0;CPXPARAM_MIP_Strategy_BBInterval=7;CPXPARAM_MIP_Strategy_Branch=0;CPXPARAM_MIP_Strategy_Dive=0;CPXPARAM_MIP_Strategy_File=1;CPXPARAM_MIP_Strategy_HeuristicFreq=0;CPXPARAM_MIP_Strategy_LBHeur=0;CPXPARAM_MIP_Strategy_NodeSelect=1;CPXPARAM_MIP_Strategy_Order=1;CPXPARAM_MIP_Strategy_PresolveNode=0;CPXPARAM_MIP_Strategy_Probe=0;CPXPARAM_MIP_Strategy_RINSHeur=0;CPXPARAM_MIP_Strategy_StartAlgorithm=0;CPXPARAM_MIP_Strategy_SubAlgorithm=0;CPXPARAM_MIP_Strategy_VariableSelect=0;CPXPARAM_Network_NetFind=2;CPXPARAM_Network_Pricing=0;CPXPARAM_Parallel=1;CPXPARAM_Preprocessing_Aggregator=-1;CPXPARAM_Preprocessing_BoundStrength=-1;CPXPARAM_Preprocessing_CoeffReduce=-1;CPXPARAM_Preprocessing_Dependency=-1;CPXPARAM_Preprocessing_Dual=0;CPXPARAM_Preprocessing_Fill=10;CPXPARAM_Preprocessing_NumPass=-1;CPXPARAM_Preprocessing_Presolve=1;CPXPARAM_Preprocessing_QPMakePSD=1;CPXPARAM_Preprocessing_Reduce=3;CPXPARAM_Preprocessing_Relax=-1;CPXPARAM_Preprocessing_RepeatPresolve=-1;CPXPARAM_Preprocessing_Symmetry=-1;CPXPARAM_Read_Scale=0;CPXPARAM_Sifting_Algorithm=0;CPXPARAM_Simplex_Crash=1;CPXPARAM_Simplex_DGradient=0;CPXPARAM_Simplex_Limits_Perturbation=0;CPXPARAM_Simplex_Limits_Singularity=10;CPXPARAM_Simplex_PGradient=0;CPXPARAM_Simplex_Pricing=0;CPXPARAM_Simplex_Refactor=0
247215511877967448,0,CPXPARAM_Advance=1;CPXPARAM_Barrier_Algorithm=0;CPXPARAM_Barrier_ColNonzeros=0;CPXPARAM_Barrier_Crossover=0;CPXPARAM_Barrier_Limits_Corrections=-1;CPXPARAM_Barrier_Ordering=0;CPXPARAM_Barrier_StartAlg=1;CPXPARAM_Emphasis_MIP=0;CPXPARAM_Emphasis_Memory=0;CPXPARAM_Emphasis_Numerical=0;CPXPARAM_Feasopt_Mode=0;CPXPARAM_LPMethod=0;CPXPARAM_MIP_Cuts_Cliques=3;CPXPARAM_MIP_Cuts_Covers=0;CPXPARAM_MIP_Cuts_Disjunctive=1;CPXPARAM_MIP_Cuts_FlowCovers=-1;CPXPARAM_MIP_Cuts_GUBCovers=0;CPXPARAM_MIP_Cuts_Gomory=-1;CPXPARAM_MIP_Cuts_Implied=-1;CPXPARAM_MIP_Cuts_MIRCut=-1;CPXPARAM_MIP_Cuts_PathCut=2;CPXPARAM_MIP_Limits_AggForCut=3;CPXPARAM_MIP_Limits_CutPasses=0;CPXPARAM_MIP_Limits_CutsFactor=-1;CPXPARAM_MIP_Limits_GomoryCand=800;CPXPARAM_MIP_Limits_GomoryPass=0;CPXPARAM_MIP_Limits_Nodes=9223372036800000000;CPXPARAM_MIP_Limits_ProbeTime=1e+75;CPXPARAM_MIP_Limits_RepairTries=0;CPXPARAM_MIP_Limits_StrongCand=10;CPXPARAM_MIP_Limits_StrongIt=0;CPXPARAM_MIP_OrderType=0;CPXPARAM_MIP_Strategy_BBInterval=7;CPXPARAM_MIP_Strategy_Branch=0;CPXPARAM_MIP_Strategy_Dive=0;CPXPARAM_MIP_Strategy_File=1;CPXPARAM_MIP_Strategy_HeuristicFreq=0;CPXPARAM_MIP_Strategy_LBHeur=0;CPXPARAM_MIP_Strategy_NodeSelect=2;CPXPARAM_MIP_Strategy_Order=1;CPXPARAM_MIP_Strategy_PresolveNode=1;CPXPARAM_MIP_Strategy_Probe=0;CPXPARAM_MIP_Strategy_RINSHeur=0;CPXPARAM_MIP_Strategy_StartAlgorithm=0;CPXPARAM_MIP_Strategy_SubAlgorithm=0;CPXPARAM_MIP_Strategy_VariableSelect=1;CPXPARAM_Network_NetFind=2;CPXPARAM_Network_Pricing=0;CPXPARAM_Parallel=1;CPXPARAM_Preprocessing_Aggregator=-1;CPXPARAM_Preprocessing_BoundStrength=-1;CPXPARAM_Preprocessing_CoeffReduce=-1;CPXPARAM_Preprocessing_Dependency=-1;CPXPARAM_Preprocessing_Dual=0;CPXPARAM_Preprocessing_Fill=10;CPXPARAM_Preprocessing_NumPass=-1;CPXPARAM_Preprocessing_Presolve=1;CPXPARAM_Preprocessing_QPMakePSD=1;CPXPARAM_Preprocessing_Reduce=3;CPXPARAM_Preprocessing_Relax=-1;CPXPARAM_Preprocessing_RepeatPresolve=-1;CPXPARAM_Preprocessing_Symmetry=-1;CPXPARAM_Read_Scale=0;CPXPARAM_Sifting_Algorithm=0;CPXPARAM_Simplex_Crash=1;CPXPARAM_Simplex_DGradient=0;CPXPARAM_Simplex_Limits_Perturbation=0;CPXPARAM_Simplex_Limits_Singularity=10;CPXPARAM_Simplex_PGradient=0;CPXPARAM_Simplex_Pricing=0;CPXPARAM_Simplex_Refactor=0
2847255547287390506,0,CPXPARAM_Advance=1;CPXPARAM_Barrier_Algorithm=0;CPXPARAM_Barrier_ColNonzeros=0;CPXPARAM_Barrier_Crossover=0;CPXPARAM_Barrier_Limits_Corrections=-1;CPXPARAM_Barrier_Ordering=0;CPXPARAM_Barrier_StartAlg=1;CPXPARAM_Emphasis_MIP=5;CPXPARAM_Emphasis_Memory=0;CPXPARAM_Emphasis_Numerical=0;CPXPARAM_Feasopt_Mode=0;CPXPARAM_LPMethod=0;CPXPARAM_MIP_Cuts_Cliques=-1;CPXPARAM_MIP_Cuts_Covers=0;CPXPARAM_MIP_Cuts_Disjunctive=0;CPXPARAM_MIP_Cuts_FlowCovers=0;CPXPARAM_MIP_Cuts_GUBCovers=2;CPXPARAM_MIP_Cuts_Gomory=1;CPXPARAM_MIP_Cuts_Implied=0;CPXPARAM_MIP_Cuts_MIRCut=0;CPXPARAM_MIP_Cuts_PathCut=2;CPXPARAM_MIP_Limits_AggForCut=3;CPXPARAM_MIP_Limits_CutPasses=0;CPXPARAM_MIP_Limits_CutsFactor=-1;CPXPARAM_MIP_Limits_GomoryCand=200;CPXPARAM_MIP_Limits_GomoryPass=0;CPXPARAM_MIP_Limits_Nodes=9223372036800000000;CPXPARAM_MIP_Limits_ProbeTime=1e+75;CPXPARAM_MIP_Limits_RepairTries=0;CPXPARAM_MIP_Limits_StrongCand=10;CPXPARAM_MIP_Limits_StrongIt=0;CPXPARAM_MIP_OrderType=0;CPXPARAM_MIP_Strategy_BBInterval=7;CPXPARAM_MIP_Strategy_Branch=0;CPXPARAM_MIP_Strategy_Dive=0;CPXPARAM_MIP_Strategy_File=1;CPXPARAM_MIP_Strategy_HeuristicFreq=0;CPXPARAM_MIP_Strategy_LBHeur=0;CPXPARAM_MIP_Strategy_NodeSelect=1;CPXPARAM_MIP_Strategy_Order=1;CPXPARAM_MIP_Strategy_PresolveNode=0;CPXPARAM_MIP_Strategy_Probe=0;CPXPARAM_MIP_Strategy_RINSHeur=0;CPXPARAM_MIP_Strategy_StartAlgorithm=0;CPXPARAM_MIP_Strategy_SubAlgorithm=0;CPXPARAM_MIP_Strategy_VariableSelect=0;CPXPARAM_Network_NetFind=2;CPXPARAM_Network_Pricing=0;CPXPARAM_Parallel=1;CPXPARAM_Preprocessing_Aggregator=-1;CPXPARAM_Preprocessing_BoundStrength=-1;CPXPARAM_Preprocessing_CoeffReduce=-1;CPXPARAM_Preprocessing_Dependency=-1;CPXPARAM_Preprocessing_Dual=0;CPXPARAM_Preprocessing_Fill=10;CPXPARAM_Preprocessing_NumPass=-1;CPXPARAM_Preprocessing_Presolve=1;CPXPARAM_Preprocessing_QPMakePSD=1;CPXPARAM_Preprocessing_Reduce=3;CPXPARAM_Preprocessing_Relax=-1;CPXPARAM_Preprocessing_RepeatPresolve=-1;CPXPARAM_Preprocessing_Symmetry=-1;CPXPARAM_Read_Scale=0;CPXPARAM_Sifting_Algorithm=0;CPXPARAM_Simplex_Crash=1;CPXPARAM_Simplex_DGradient=0;CPXPARAM_Simplex_Limits_Perturbation=0;CPXPARAM_Simplex_Limits_Singularity=10;CPXPARAM_Simplex_PGradient=0;CPXPARAM_Simplex_Pricing=0;CPXPARAM_Simplex_Refactor=0
2259265829941930701,0,CPXPARAM_Advance=1;CPXPARAM_Barrier_Algorithm=0;CPXPARAM_Barrier_ColNonzeros=0;CPXPARAM_Barrier_Crossover=0;CPXPARAM_Barrier_Limits_Corrections=-1;CPXPARAM_Barrier_Ordering=0;CPXPARAM_Barrier_StartAlg=1;CPXPARAM_Emphasis_MIP=0;CPXPARAM_Emphasis_Memory=0;CPXPARAM_Emphasis_Numerical=0;CPXPARAM_Feasopt_Mode=0;CPXPARAM_LPMethod=0;CPXPARAM_MIP_Cuts_Cliques=3;CPXPARAM_MIP_Cuts_Covers=-1;CPXPARAM_MIP_Cuts_Disjunctive=1;CPXPARAM_MIP_Cuts_FlowCovers=2;CPXPARAM_MIP_Cuts_GUBCovers=-1;CPXPARAM_MIP_Cuts_Gomory=0;CPXPARAM_MIP_Cuts_Implied=-1;CPXPARAM_MIP_Cuts_MIRCut=1;CPXPARAM_MIP_Cuts_PathCut=-1;CPXPARAM_MIP_Limits_AggForCut=3;CPXPARAM_MIP_Limits_CutPasses=0;CPXPARAM_MIP_Limits_CutsFactor=-1;CPXPARAM_MIP_Limits_GomoryCand=50;CPXPARAM_MIP_Limits_GomoryPass=0;CPXPARAM_MIP_Limits_Nodes=9223372036800000000;CPXPARAM_MIP_Limits_ProbeTime=1e+75;CPXPARAM_MIP_Limits_RepairTries=0;CPXPARAM_MIP_Limits_StrongCand=10;CPXPARAM_MIP_Limits_StrongIt=0;CPXPARAM_MIP_OrderType=0;CPXPARAM_MIP_Strategy_BBInterval=7;CPXPARAM_MIP_Strategy_Branch=0;CPXPARAM_MIP_Strategy_Dive=0;CPXPARAM_MIP_Strategy_File=1;CPXPARAM_MIP_Strategy_HeuristicFreq=0;CPXPARAM_MIP_Strategy_LBHeur=0;CPXPARAM_MIP_Strategy_NodeSelect=1;CPXPARAM_MIP_Strategy_Order=1;CPXPARAM_MIP_Strategy_PresolveNode=0;CPXPARAM_MIP_Strategy_Probe=-1;CPXPARAM_MIP_Strategy_RINSHeur=0;CPXPARAM_MIP_Strategy_StartAlgorithm=0;CPXPARAM_MIP_Strategy_SubAlgorithm=0;CPXPARAM_MIP_Strategy_VariableSelect=0;CPXPARAM_Network_NetFind=2;CPXPARAM_Network_Pricing=0;CPXPARAM_Parallel=1;CPXPARAM_Preprocessing_Aggregator=-1;CPXPARAM_Preprocessing_BoundStrength=-1;CPXPARAM_Preprocessing_CoeffReduce=-1;CPXPARAM_Preprocessing_Dependency=-1;CPXPARAM_Preprocessing_Dual=0;CPXPARAM_Preprocessing_Fill=10;CPXPARAM_Preprocessing_NumPass=-1;CPXPARAM_Preprocessing_Presolve=1;CPXPARAM_Preprocessing_QPMakePSD=1;CPXPARAM_Preprocessing_Reduce=3;CPXPARAM_Preprocessing_Relax=-1;CPXPARAM_Preprocessing_RepeatPresolve=-1;CPXPARAM_Preprocessing_Symmetry=-1;CPXPARAM_Read_Scale=0;CPXPARAM_Sifting_Algorithm=0;CPXPARAM_Simplex_Crash=1;CPXPARAM_Simplex_DGradient=0;CPXPARAM_Simplex_Limits_Perturbation=0;CPXPARAM_Simplex_Limits_Singularity=10;CPXPARAM_Simplex_PGradient=0;CPXPARAM_Simplex_Pricing=0;CPXPARAM_Simplex_Refactor=0
912272484757281463,0,CPXPARAM_Advance=1;CPXPARAM_Barrier_Algorithm=0;CPXPARAM_Barrier_ColNonzeros=0;CPXPARAM_Barrier_Crossover=0;CPXPARAM_Barrier_Limits_Corrections=-1;CPXPARAM_Barrier_Ordering=0;CPXPARAM_Barrier_StartAlg=1;CPXPARAM_Emphasis_MIP=3;CPXPARAM_Emphasis_Memory=0;CPXPARAM_Emphasis_Numerical=0;CPXPARAM_Feasopt_Mode=0;CPXPARAM_LPMethod=0;CPXPARAM_MIP_Cuts_Cliques=2;CPXPARAM_MIP_Cuts_Covers=3;CPXPARAM_MIP_Cuts_Disjunctive=-1;CPXPARAM_MIP_Cuts_FlowCovers=-1;CPXPARAM_MIP_Cuts_GUBCovers=2;CPXPARAM_MIP_Cuts_Gomory=1;CPXPARAM_MIP_Cuts_Implied=2;CPXPARAM_MIP_Cuts_MIRCut=2;CPXPARAM_MIP_Cuts_PathCut=1;CPXPARAM_MIP_Limits_AggForCut=10;CPXPARAM_MIP_Limits_CutPasses=0;CPXPARAM_MIP_Limits_CutsFactor=-1;CPXPARAM_MIP_Limits_GomoryCand=400;CPXPARAM_MIP_Limits_GomoryPass=0;CPXPARAM_MIP_Limits_Nodes=9223372036800000000;CPXPARAM_MIP_Limits_ProbeTime=1e+75;CPXPARAM_MIP_Limits_RepairTries=0;CPXPARAM_MIP_Limits_StrongCand=10;CPXPARAM_MIP_Limits_StrongIt=0;CPXPARAM_MIP_OrderType=0;CPXPARAM_MIP_Strategy_BBInterval=7;CPXPARAM_MIP_Strategy_Branch=-1;CPXPARAM_MIP_Strategy_Dive=0;CPXPARAM_MIP_Strategy_File=1;CPXPARAM_MIP_Strategy_HeuristicFreq=0;CPXPARAM_MIP_Strategy_LBHeur=0;CPXPARAM_MIP_Strategy_NodeSelect=2;CPXPARAM_MIP_Strategy_Order=1;CPXPARAM_MIP_Strategy_PresolveNode=-1;CPXPARAM_MIP_Strategy_Probe=1;CPXPARAM_MIP_Strategy_RINSHeur=0;CPXPARAM_MIP_Strategy_StartAlgorithm=0;CPXPARAM_MIP_Strategy_SubAlgorithm=1;CPXPARAM_MIP_Strategy_VariableSelect=1;CPXPARAM_Network_NetFind=2;CPXPARAM_Network_Pricing=0;CPXPARAM_Parallel=1;CPXPARAM_Preprocessing_Aggregator=-1;CPXPARAM_Preprocessing_BoundStrength=-1;CPXPARAM_Preprocessing_CoeffReduce=-1;CPXPARAM_Preprocessing_Dependency=-1;CPXPARAM_Preprocessing_Dual=0;CPXPARAM_Preprocessing_Fill=40;CPXPARAM_Preprocessing_NumPass=-1;CPXPARAM_Preprocessing_Presolve=1;CPXPARAM_Preprocessing_QPMakePSD=1;CPXPARAM_Preprocessing_Reduce=3;CPXPARAM_Preprocessing_Relax=-1;CPXPARAM_Preprocessing_RepeatPresolve=-1;CPXPARAM_Preprocessing_Symmetry=-1;CPXPARAM_Read_Scale=0;CPXPARAM_Sifting_Algorithm=0;CPXPARAM_Simplex_Crash=1;CPXPARAM_Simplex_DGradient=0;CPXPARAM_Simplex_Limits_Perturbation=0;CPXPARAM_Simplex_Limits_Singularity=10;CPXPARAM_Simplex_PGradient=0;CPXPARAM_Simplex_Pricing=0;CPXPARAM_Simplex_Refactor=0
13204783317069794517,0,CPXPARAM_Advance=1;CPXPARAM_Barrier_Algorithm=0;CPXPARAM_Barrier_ColNonzeros=0;CPXPARAM_Barrier_Crossover=0;CPXPARAM_Barrier_Limits_Corrections=-1;CPXPARAM_Barrier_Ordering=0;CPXPARAM_Barrier_StartAlg=1;CPXPARAM_Emphasis_MIP=4;CPXPARAM_Emphasis_Memory=0;CPXPARAM_Emphasis_Numerical=0;CPXPARAM_Feasopt_Mode=0;CPXPARAM_LPMethod=0;CPXPARAM_MIP_Cuts_Cliques=-1;CPXPARAM_MIP_Cuts_Covers=0;CPXPARAM_MIP_Cuts_Disjunctive=1;CPXPARAM_MIP_Cuts_FlowCovers=0;CPXPARAM_MIP_Cuts_GUBCovers=2;CPXPARAM_MIP_Cuts_Gomory=2;CPXPARAM_MIP_Cuts_Implied=1;CPXPARAM_MIP_Cuts_MIRCut=1;CPXPARAM_MIP_Cuts_PathCut=1;CPXPARAM_MIP_Limits_AggForCut=3;CPXPARAM_MIP_Limits_CutPasses=0;CPXPARAM_MIP_Limits_CutsFactor=-1;CPXPARAM_MIP_Limits_GomoryCand=200;CPXPARAM_MIP_Limits_GomoryPass=0;CPXPARAM_MIP_Limits_Nodes=9223372036800000000;CPXPARAM_MIP_Limits_ProbeTime=1e+75;CPXPARAM_MIP_Limits_RepairTries=0;CPXPARAM_MIP_Limits_StrongCand=10;CPXPARAM_MIP_Limits_StrongIt=0;CPXPARAM_MIP_OrderType=0;CPXPARAM_MIP_Strategy_BBInterval=7;CPXPARAM_MIP_Strategy_Branch=0;CPXPARAM_MIP_Strategy_Dive=0;CPXPARAM_MIP_Strategy_File=1;CPXPARAM_MIP_Strategy_HeuristicFreq=0;CPXPARAM_MIP_Strategy_LBHeur=0;CPXPARAM_MIP_Strategy_NodeSelect=1;CPXPARAM_MIP_Strategy_Order=1;CPXPARAM_MIP_Strategy_PresolveNode=0;CPXPARAM_MIP_Strategy_Probe=0;CPXPARAM_MIP_Strategy_RINSHeur=0;CPXPARAM_MIP_Strategy_StartAlgorithm=0;CPXPARAM_MIP_Strategy_SubAlgorithm=0;CPXPARAM_MIP_Strategy_VariableSelect=0;CPXPARAM_Network_NetFind=2;CPXPARAM_Network_Pricing=0;CPXPARAM_Parallel=1;CPXPARAM_Preprocessing_Aggregator=-1;CPXPARAM_Preprocessing_BoundStrength=-1;CPXPARAM_Preprocessing_CoeffReduce=-1;CPXPARAM_Preprocessing_Dependency=-1;CPXPARAM_Preprocessing_Dual=0;CPXPARAM_Preprocessing_Fill=10;CPXPARAM_Preprocessing_NumPass=-1;CPXPARAM_Preprocessing_Presolve=1;CPXPARAM_Preprocessing_QPMakePSD=1;CPXPARAM_Preprocessing_Reduce=3;CPXPARAM_Preprocessing_Relax=-1;CPXPARAM_Preprocessing_RepeatPresolve=-1;CPXPARAM_Preprocessing_Symmetry=-1;CPXPARAM_Read_Scale=0;CPXPARAM_Sifting_Algorithm=0;CPXPARAM_Simplex_Crash=1;CPXPARAM_Simplex_DGradient=0;CPXPARAM_Simplex_Limits_Perturbation=0;CPXPARAM_Simplex_Limits_Singularity=10;CPXPARAM_Simplex_PGradient=0;CPXPARAM_Simplex_Pricing=0;CPXPARAM_Simplex_Refactor=0
7751855432091498643,0,CPXPARAM_Advance=1;CPXPARAM_Barrier_Algorithm=0;CPXPARAM_Barrier_ColNonzeros=0;CPXPARAM_Barrier_Crossover=0;CPXPARAM_Barrier_Limits_Corrections=-1;CPXPARAM_Barrier_Ordering=0;CPXPARAM_Barrier_StartAlg=1;CPXPARAM_Emphasis_MIP=5;CPXPARAM_Emphasis_Memory=0;CPXPARAM_Emphasis_Numerical=0;CPXPARAM_Feasopt_Mode=0;CPXPARAM_LPMethod=0;CPXPARAM_MIP_Cuts_Cliques=0;CPXPARAM_MIP_Cuts_Covers=0;CPXPARAM_MIP_Cuts_Disjunctive=-1;CPXPARAM_MIP_Cuts_FlowCovers=-1;CPXPARAM_MIP_Cuts_GUBCovers=1;CPXPARAM_MIP_Cuts_Gomory=-1;CPXPARAM_MIP_Cuts_Implied=1;CPXPARAM_MIP_Cuts_MIRCut=2;CPXPARAM_MIP_Cuts_PathCut=2;CPXPARAM_MIP_Limits_AggForCut=3;CPXPARAM_MIP_Limits_CutPasses=0;CPXPARAM_MIP_Limits_CutsFactor=-1;CPXPARAM_MIP_Limits_GomoryCand=400;CPXPARAM_MIP_Limits_GomoryPass=0;CPXPARAM_MIP_Limits_Nodes=9223372036800000000;CPXPARAM_MIP_Limits_ProbeTime=1e+75;CPXPARAM_MIP_Limits_RepairTries=0;CPXPARAM_MIP_Limits_StrongCand=10;CPXPARAM_MIP_Limits_StrongIt=0;CPXPARAM_MIP_OrderType=3;CPXPARAM_MIP_Strategy_BBInterval=7;CPXPARAM_MIP_Strategy_Branch=-1;CPXPARAM_MIP_Strategy_Dive=0;CPXPARAM_MIP_Strategy_File=1;CPXPARAM_MIP_Strategy_HeuristicFreq=0;CPXPARAM_MIP_Strategy_LBHeur=0;CPXPARAM_MIP_Strategy_NodeSelect=0;CPXPARAM_MIP_Strategy_Order=1;CPXPARAM_MIP_Strategy_PresolveNode=1;CPXPARAM_MIP_Strategy_Probe=1;CPXPARAM_MIP_Strategy_RINSHeur=0;CPXPARAM_MIP_Strategy_StartAlgorithm=0;CPXPARAM_MIP_Strategy_SubAlgorithm=0;CPXPARAM_MIP_Strategy_VariableSelect=4;CPXPARAM_Network_NetFind=2;CPXPARAM_Network_Pricing=0;CPXPARAM_Parallel=1;CPXPARAM_Preprocessing_Aggregator=-1;CPXPARAM_Preprocessing_BoundStrength=-1;CPXPARAM_Preprocessing_CoeffReduce=-1;CPXPARAM_Preprocessing_Dependency=-1;CPXPARAM_Preprocessing_Dual=0;CPXPARAM_Preprocessing_Fill=40;CPXPARAM_Preprocessing_NumPass=-1;CPXPARAM_Preprocessing_Presolve=1;CPXPARAM_Preprocessing_QPMakePSD=1;CPXPARAM_Preprocessing_Reduce=0;CPXPARAM_Preprocessing_Relax=-1;CPXPARAM_Preprocessing_RepeatPresolve=-1;CPXPARAM_Preprocessing_Symmetry=-1;CPXPARAM_Read_Scale=0;CPXPARAM_Sifting_Algorithm=0;CPXPARAM_Simplex_Crash=1;CPXPARAM_Simplex_DGradient=0;CPXPARAM_Simplex_Limits_Perturbation=0;CPXPARAM_Simplex_Limits_Singularity=10;CPXPARAM_Simplex_PGradient=0;CPXPARAM_Simplex_Pricing=0;CPXPARAM_Simplex_Refactor=0
1689343774884472529,0,CPXPARAM_Advance=1;CPXPARAM_Barrier_Algorithm=0;CPXPARAM_Barrier_ColNonzeros=0;CPXPARAM_Barrier_Crossover=0;CPXPARAM_Barrier_Limits_Corrections=-1;CPXPARAM_Barrier_Ordering=0;CPXPARAM_Barrier_StartAlg=1;CPXPARAM_Emphasis_MIP=2;CPXPARAM_Emphasis_Memory=0;CPXPARAM_Emphasis_Numerical=0;CPXPARAM_Feasopt_Mode=0;CPXPARAM_LPMethod=0;CPXPARAM_MIP_Cuts_Cliques=-1;CPXPARAM_MIP_Cuts_Covers=0;CPXPARAM_MIP_Cuts_Disjunctive=1;CPXPARAM_MIP_Cuts_FlowCovers=-1;CPXPARAM_MIP_Cuts_GUBCovers=0;CPXPARAM_MIP_Cuts_Gomory=-1;CPXPARAM_MIP_Cuts_Implied=-1;CPXPARAM_MIP_Cuts_MIRCut=-1;CPXPARAM_MIP_Cuts_PathCut=-1;CPXPARAM_MIP_Limits_AggForCut=3;CPXPARAM_MIP_Limits_CutPasses=0;CPXPARAM_MIP_Limits_CutsFactor=-1;CPXPARAM_MIP_Limits_GomoryCand=200;CPXPARAM_MIP_Limits_GomoryPass=0;CPXPARAM_MIP_Limits_Nodes=9223372036800000000;CPXPARAM_MIP_Limits_ProbeTime=1e+75;CPXPARAM_MIP_Limits_RepairTries=0;CPXPARAM_MIP_Limits_StrongCand=10;CPXPARAM_MIP_Limits_StrongIt=0;CPXPARAM_MIP_OrderType=0;CPXPARAM_MIP_Strategy_BBInterval=7;CPXPARAM_MIP_Strategy_Branch=0;CPXPARAM_MIP_Strategy_Dive=0;CPXPARAM_MIP_Strategy_File=1;CPXPARAM_MIP_Strategy_HeuristicFreq=0;CPXPARAM_MIP_Strategy_LBHeur=0;CPXPARAM_MIP_Strategy_NodeSelect=1;CPXPARAM_MIP_Strategy_Order=1;CPXPARAM_MIP_Strategy_PresolveNode=0;CPXPARAM_MIP_Strategy_Probe=0;CPXPARAM_MIP_Strategy_RINSHeur=0;CPXPARAM_MIP_Strategy_StartAlgorithm=0;CPXPARAM_MIP_Strategy_SubAlgorithm=0;CPXPARAM_MIP_Strategy_VariableSelect=0;CPXPARAM_Network_NetFind=2;CPXPARAM_Network_Pricing=0;CPXPARAM_Parallel=1;CPXPARAM_Preprocessing_Aggregator=-1;CPXPARAM_Preprocessing_BoundStrength=-1;CPXPARAM_Preprocessing_CoeffReduce=-1;CPXPARAM_Preprocessing_Dependency=-1;CPXPARAM_Preprocessing_Dual=0;CPXPARAM_Preprocessing_Fill=10;CPXPARAM_Preprocessing_NumPass=-1;CPXPARAM_Preprocessing_Presolve=1;CPXPARAM_Preprocessing_QPMakePSD=1;CPXPARAM_Preprocessing_Reduce=3;CPXPARAM_Preprocessing_Relax=-1;CPXPARAM_Preprocessing_RepeatPresolve=-1;CPXPARAM_Preprocessing_Symmetry=-1;CPXPARAM_Read_Scale=0;CPXPARAM_Sifting_Algorithm=0;CPXPARAM_Simplex_Crash=1;CPXPARAM_Simplex_DGradient=0;CPXPARAM_Simplex_Limits_Perturbation=0;CPXPARAM_Simplex_Limits_Singularity=10;CPXPARAM_Simplex_PGradient=0;CPXPARAM_Simplex_Pricing=0;CPXPARAM_Simplex_Refactor=0
8186468296286417123,0,CPXPARAM_Advance=1;CPXPARAM_Barrier_Algorithm=0;CPXPARAM_Barrier_ColNonzeros=0;CPXPARAM_Barrier_Crossover=0;CPXPARAM_Barrier_Limits_Corrections=-1;CPXPARAM_Barrier_Ordering=0;CPXPARAM_Barrier_StartAlg=1;CPXPARAM_Emphasis_MIP=4;CPXPARAM_Emphasis_Memory=0;CPXPARAM_Emphasis_Numerical=0;CPXPARAM_Feasopt_Mode=0;CPXPARAM_LPMethod=0;CPXPARAM_MIP_Cuts_Cliques=0;CPXPARAM_MIP_Cuts_Covers=0;CPXPARAM_MIP_Cuts_Disjunctive=1;CPXPARAM_MIP_Cuts_FlowCovers=1;CPXPARAM_MIP_Cuts_GUBCovers=2;CPXPARAM_MIP_Cuts_Gomory=2;CPXPARAM_MIP_Cuts_Implied=-1;CPXPARAM_MIP_Cuts_MIRCut=1;CPXPARAM_MIP_Cuts_PathCut=-1;CPXPARAM_MIP_Limits_AggForCut=3;CPXPARAM_MIP_Limits_CutPasses=0;CPXPARAM_MIP_Limits_CutsFactor=-1;CPXPARAM_MIP_Limits_GomoryCand=150;CPXPARAM_MIP_Limits_GomoryPass=0;CPXPARAM_MIP_Limits_Nodes=9223372036800000000;CPXPARAM_MIP_Limits_ProbeTime=1e+75;CPXPARAM_MIP_Limits_RepairTries=0;CPXPARAM_MIP_Limits_StrongCand=10;CPXPARAM_MIP_Limits_StrongIt=0;CPXPARAM_MIP_OrderType=0;CPXPARAM_MIP_Strategy_BBInterval=7;CPXPARAM_MIP_Strategy_Branch=0;CPXPARAM_MIP_Strategy_Dive=0;CPXPARAM_MIP_Strategy_File=1;CPXPARAM_MIP_Strategy_HeuristicFreq=0;CPXPARAM_MIP_Strategy_LBHeur=0;CPXPARAM_MIP_Strategy_NodeSelect=1;CPXPARAM_MIP_Strategy_Order=1;CPXPARAM_MIP_Strategy_PresolveNode=0;CPXPARAM_MIP_Strategy_Probe=0;CPXPARAM_MIP_Strategy_RINSHeur=0;CPXPARAM_MIP_Strategy_StartAlgorithm=0;CPXPARAM_MIP_Strategy_SubAlgorithm=0;CPXPARAM_MIP_Strategy_VariableSelect=0;CPXPARAM_Network_NetFind=2;CPXPARAM_Network_Pricing=0;CPXPARAM_Parallel=1;CPXPARAM_Preprocessing_Aggregator=-1;CPXPARAM_Preprocessing_BoundStrength=-1;CPXPARAM_Preprocessing_CoeffReduce=-1;CPXPARAM_Preprocessing_Dependency=-1;CPXPARAM_Preprocessing_Dual=0;CPXPARAM_Preprocessing_Fill=10;CPXPARAM_Preprocessing_NumPass=-1;CPXPARAM_Preprocessing_Presolve=1;CPXPARAM_Preprocessing_QPMakePSD=1;CPXPARAM_Preprocessing_Reduce=3;CPXPARAM_Preprocessing_Relax=-1;CPXPARAM_Preprocessing_RepeatPresolve=-1;CPXPARAM_Preprocessing_Symmetry=-1;CPXPARAM_Read_Scale=0;CPXPARAM_Sifting_Algorithm=0;CPXPARAM_Simplex_Crash=1;CPXPARAM_Simplex_DGradient=0;CPXPARAM_Simplex_Limits_Perturbation=0;CPXPARAM_Simplex_Limits_Singularity=10;CPXPARAM_Simplex_PGradient=0;CPXPARAM_Simplex_Pricing=0;CPXPARAM_Simplex_Refactor=0
6513138595645782105,0,CPXPARAM_Advance=1;CPXPARAM_Barrier_Algorithm=0;CPXPARAM_Barrier_ColNonzeros=0;CPXPARAM_Barrier_Crossover=0;CPXPARAM_Barrier_Limits_Corrections=-1;CPXPARAM_Barrier_Ordering=0;CPXPARAM_Barrier_StartAlg=1;CPXPARAM_Emphasis_MIP=0;CPXPARAM_Emphasis_Memory=0;CPXPARAM_Emphasis_Numerical=0;CPXPARAM_Feasopt_Mode=0;CPXPARAM_LPMethod=0;CPXPARAM_MIP_Cuts_Cliques=2;CPXPARAM_MIP_Cuts_Covers=-1;CPXPARAM_MIP_Cuts_Disjunctive=0;CPXPARAM_MIP_Cuts_FlowCovers=2;CPXPARAM_MIP_Cuts_GUBCovers=1;CPXPARAM_MIP_Cuts_Gomory=1;CPXPARAM_MIP_Cuts_Implied=1;CPXPARAM_MIP_Cuts_MIRCut=1;CPXPARAM_MIP_Cuts_PathCut=0;CPXPARAM_MIP_Limits_AggForCut=3;CPXPARAM_MIP_Limits_CutPasses=0;CPXPARAM_MIP_Limits_CutsFactor=-1;CPXPARAM_MIP_Limits_GomoryCand=25;CPXPARAM_MIP_Limits_GomoryPass=0;CPXPARAM_MIP_Limits_Nodes=9223372036800000000;CPXPARAM_MIP_Limits_ProbeTime=1e+75;CPXPARAM_MIP_Limits_RepairTries=0;CPXPARAM_MIP_Limits_StrongCand=10;CPXPARAM_MIP_Limits_StrongIt=0;CPXPARAM_MIP_OrderType=0;CPXPARAM_MIP_Strategy_BBInterval=7;CPXPARAM_MIP_Strategy_Branch=0;CPXPARAM_MIP_Strategy_Dive=0;CPXPARAM_MIP_Strategy_File=1;CPXPARAM_MIP_Strategy_HeuristicFreq=0;CPXPARAM_MIP_Strategy_LBHeur=0;CPXPARAM_MIP_Strategy_NodeSelect=3;CPXPARAM_MIP_Strategy_Order=1;CPXPARAM_MIP_Strategy_PresolveNode=3;CPXPARAM_MIP_Strategy_Probe=1;CPXPARAM_MIP_Strategy_RINSHeur=0;CPXPARAM_MIP_Strategy_StartAlgorithm=0;CPXPARAM_MIP_Strategy_SubAlgorithm=2;CPXPARAM_MIP_Strategy_VariableSelect=2;CPXPARAM_Network_NetFind=2;CPXPARAM_Network_Pricing=0;CPXPARAM_Parallel=1;CPXPARAM_Preprocessing_Aggregator=-1;CPXPARAM_Preprocessing_BoundStrength=-1;CPXPARAM_Preprocessing_CoeffReduce=-1;CPXPARAM_Preprocessing_Dependency=-1;CPXPARAM_Preprocessing_Dual=0;CPXPARAM_Preprocessing_Fill=5;CPXPARAM_Preprocessing_NumPass=-1;CPXPARAM_Preprocessing_Presolve=1;CPXPARAM_Preprocessing_QPMakePSD=1;CPXPARAM_Preprocessing_Reduce=3;CPXPARAM_Preprocessing_Relax=-1;CPXPARAM_Preprocessing_RepeatPresolve=-1;CPXPARAM_Preprocessing_Symmetry=-1;CPXPARAM_Read_Scale=0;CPXPARAM_Sifting_Algorithm=0;CPXPARAM_Simplex_Crash=1;CPXPARAM_Simplex_DGradient=0;CPXPARAM_Simplex_Limits_Perturbation=0;CPXPARAM_Simplex_Limits_Singularity=10;CPXPARAM_Simplex_PGradient=0;CPXPARAM_Simplex_Pricing=0;CPXPARAM_Simplex_Refactor=0
9312483847467949371,0,CPXPARAM_Advance=1;CPXPARAM_Barrier_Algorithm=0;CPXPARAM_Barrier_ColNonzeros=0;CPXPARAM_Barrier_Crossover=0;CPXPARAM_Barrier_Limits_Corrections=-1;CPXPARAM_Barrier_Ordering=0;CPXPARAM_Barrier_StartAlg=1;CPXPARAM_Emphasis_MIP=2;CPXPARAM_Emphasis_Memory=0;CPXPARAM_Emphasis_Numerical=0;CPXPARAM_Feasopt_Mode=0;CPXPARAM_LPMethod=0;CPXPARAM_MIP_Cuts_Cliques=-1;CPXPARAM_MIP_Cuts_Covers=0;CPXPARAM_MIP_Cuts_Disjunctive=1;CPXPARAM_MIP_Cuts_FlowCovers=0;CPXPARAM_MIP_Cuts_GUBCovers=1;CPXPARAM_MIP_Cuts_Gomory=0;CPXPARAM_MIP_Cuts_Implied=-1;CPXPARAM_MIP_Cuts_MIRCut=-1;CPXPARAM_MIP_Cuts_PathCut=-1;CPXPARAM_MIP_Limits_AggForCut=3;CPXPARAM_MIP_Limits_CutPasses=0;CPXPARAM_MIP_Limits_CutsFactor=-1;CPXPARAM_MIP_Limits_GomoryCand=400;CPXPARAM_MIP_Limits_GomoryPass=0;CPXPARAM_MIP_Limits_Nodes=9223372036800000000;CPXPARAM_MIP_Limits_ProbeTime=1e+75;CPXPARAM_MIP_Limits_RepairTries=0;CPXPARAM_MIP_Limits_StrongCand=10;CPXPARAM_MIP_Limits_StrongIt=0;CPXPARAM_MIP_OrderType=0;CPXPARAM_MIP_Strategy_BBInterval=7;CPXPARAM_MIP_Strategy_Branch=0;CPXPARAM_MIP_Strategy_Dive=0;CPXPARAM_MIP_Strategy_File=1;CPXPARAM_MIP_Strategy_HeuristicFreq=0;CPXPARAM_MIP_Strategy_LBHeur=0;CPXPARAM_MIP_Strategy_NodeSelect=1;CPXPARAM_MIP_Strategy_Order=1;CPXPARAM_MIP_Strategy_PresolveNode=0;CPXPARAM_MIP_Strategy_Probe=0;CPXPARAM_MIP_Strategy_RINSHeur=0;CPXPARAM_MIP_Strategy_StartAlgorithm=0;CPXPARAM_MIP_Strategy_SubAlgorithm=0;CPXPARAM_MIP_Strategy_VariableSelect=0;CPXPARAM_Network_NetFind=2;CPXPARAM_Network_Pricing=0;CPXPARAM_Parallel=1;CPXPARAM_Preprocessing_Aggregator=-1;CPXPARAM_Preprocessing_BoundStrength=-1;CPXPARAM_Preprocessing_CoeffReduce=-1;CPXPARAM_Preprocessing_Dependency=-1;CPXPARAM_Preprocessing_Dual=0;CPXPARAM_Preprocessing_Fill=10;CPXPARAM_Preprocessing_NumPass=-1;CPXPARAM_Preprocessing_Presolve=1;CPXPARAM_Preprocessing_QPMakePSD=1;CPXPARAM_Preprocessing_Reduce=3;CPXPARAM_Preprocessing_Relax=-1;CPXPARAM_Preprocessing_RepeatPresolve=-1;CPXPARAM_Preprocessing_Symmetry=-1;CPXPARAM_Read_Scale=0;CPXPARAM_Sifting_Algorithm=0;CPXPARAM_Simplex_Crash=1;CPXPARAM_Simplex_DGradient=0;CPXPARAM_Simplex_Limits_Perturbation=0;CPXPARAM_Simplex_Limits_Singularity=10;CPXPARAM_Simplex_PGradient=0;CPXPARAM_Simplex_Pricing=0;CPXPARAM_Simplex_Refactor=0
7668137057306012611,0,CPXPARAM_Advance=1;CPXPARAM_Barrier_Algorithm=0;CPXPARAM_Barrier_ColNonzeros=0;CPXPARAM_Barrier_Crossover=0;CPXPARAM_Barrier_Limits_Corrections=-1;CPXPARAM_Barrier_Ordering=0;CPXPARAM_Barrier_StartAlg=1;CPXPARAM_Emphasis_MIP=0;CPXPARAM_Emphasis_Memory=0;CPXPARAM_Emphasis_Numerical=0;CPXPARAM_Feasopt_Mode=0;CPXPARAM_LPMethod=0;CPXPARAM_MIP_Cuts_Cliques=2;CPXPARAM_MIP_Cuts_Covers=0;CPXPARAM_MIP_Cuts_Disjunctive=1;CPXPARAM_MIP_Cuts_FlowCovers=0;CPXPARAM_MIP_Cuts_GUBCovers=1;CPXPARAM_MIP_Cuts_Gomory=0;CPXPARAM_MIP_Cuts_Implied=-1;CPXPARAM_MIP_Cuts_MIRCut=1;CPXPARAM_MIP_Cuts_PathCut=1;CPXPARAM_MIP_Limits_AggForCut=3;CPXPARAM_MIP_Limits_CutPasses=0;CPXPARAM_MIP_Limits_CutsFactor=-1;CPXPARAM_MIP_Limits_GomoryCand=400;CPXPARAM_MIP_Limits_GomoryPass=0;CPXPARAM_MIP_Limits_Nodes=9223372036800000000;CPXPARAM_MIP_Limits_ProbeTime=1e+75;CPXPARAM_MIP_Limits_RepairTries=0;CPXPARAM_MIP_Limits_StrongCand=10;CPXPARAM_MIP_Limits_StrongIt=0;CPXPARAM_MIP_OrderType=0;CPXPARAM_MIP_Strategy_BBInterval=7;CPXPARAM_MIP_Strategy_Branch=-1;CPXPARAM_MIP_Strategy_Dive=0;CPXPARAM_MIP_Strategy_File=1;CPXPARAM_MIP_Strategy_HeuristicFreq=0;CPXPARAM_MIP_Strategy_LBHeur=0;CPXPARAM_MIP_Strategy_NodeSelect=3;CPXPARAM_MIP_Strategy_Order=1;CPXPARAM_MIP_Strategy_PresolveNode=1;CPXPARAM_MIP_Strategy_Probe=0;CPXPARAM_MIP_Strategy_RINSHeur=0;CPXPARAM_MIP_Strategy_StartAlgorithm=0;CPXPARAM_MIP_Strategy_SubAlgorithm=0;CPXPARAM_MIP_Strategy_VariableSelect=1;CPXPARAM_Network_NetFind=2;CPXPARAM_Network_Pricing=0;CPXPARAM_Parallel=1;CPXPARAM_Preprocessing_Aggregator=-1;CPXPARAM_Preprocessing_BoundStrength=-1;CPXPARAM_Preprocessing_CoeffReduce=-1;CPXPARAM_Preprocessing_Dependency=-1;CPXPARAM_Preprocessing_Dual=0;CPXPARAM_Preprocessing_Fill=10;CPXPARAM_Preprocessing_NumPass=-1;CPXPARAM_Preprocessing_Presolve=1;CPXPARAM_Preprocessing_QPMakePSD=1;CPXPARAM_Preprocessing_Reduce=3;CPXPARAM_Preprocessing_Relax=-1;CPXPARAM_Preprocessing_RepeatPresolve=-1;CPXPARAM_Preprocessing_Symmetry=-1;CPXPARAM_Read_Scale=0;CPXPARAM_Sifting_Algorithm=0;CPXPARAM_Simplex_Crash=1;CPXPARAM_Simplex_DGradient=0;CPXPARAM_Simplex_Limits_Perturbation=0;CPXPARAM_Simplex_Limits_Singularity=10;CPXPARAM_Simplex_PGradient=0;CPXPARAM_Simplex_Pricing=0;CPXPARAM_Simplex_Refactor=0
17089944621467145412,0,CPXPARAM_Advance=1;CPXPARAM_Barrier_Algorithm=0;CPXPARAM_Barrier_ColNonzeros=0;CPXPARAM_Barrier_Crossover=1;CPXPARAM_Barrier_Limits_Corrections=-1;CPXPARAM_Barrier_Ordering=0;CPXPARAM_Barrier_StartAlg=1;CPXPARAM_Emphasis_MIP=2;CPXPARAM_Emphasis_Memory=0;CPXPARAM_Emphasis_Numerical=0;CPXPARAM_Feasopt_Mode=0;CPXPARAM_LPMethod=0;CPXPARAM_MIP_Cuts_Cliques=-1;CPXPARAM_MIP_Cuts_Covers=2;CPXPARAM_MIP_Cuts_Disjunctive=1;CPXPARAM_MIP_Cuts_FlowCovers=2;CPXPARAM_MIP_Cuts_GUBCovers=1;CPXPARAM_MIP_Cuts_Gomory=0;CPXPARAM_MIP_Cuts_Implied=-1;CPXPARAM_MIP_Cuts_MIRCut=-1;CPXPARAM_MIP_Cuts_PathCut=-1;CPXPARAM_MIP_Limits_AggForCut=3;CPXPARAM_MIP_Limits_CutPasses=0;CPXPARAM_MIP_Limits_CutsFactor=-1;CPXPARAM_MIP_Limits_GomoryCand=400;CPXPARAM_MIP_Limits_GomoryPass=0;CPXPARAM_MIP_Limits_Nodes=9223372036800000000;CPXPARAM_MIP_Limits_ProbeTime=1e+75;CPXPARAM_MIP_Limits_RepairTries=0;CPXPARAM_MIP_Limits_StrongCand=10;CPXPARAM_MIP_Limits_StrongIt=0;CPXPARAM_MIP_OrderType=0;CPXPARAM_MIP_Strategy_BBInterval=7;CPXPARAM_MIP_Strategy_Branch=0;CPXPARAM_MIP_Strategy_Dive=0;CPXPARAM_MIP_Strategy_File=1;CPXPARAM_MIP_Strategy_HeuristicFreq=0;CPXPARAM_MIP_Strategy_LBHeur=0;CPXPARAM_MIP_Strategy_NodeSelect=1;CPXPARAM_MIP_Strategy_Order=1;CPXPARAM_MIP_Strategy_PresolveNode=0;CPXPARAM_MIP_Strategy_Probe=0;CPXPARAM_MIP_Strategy_RINSHeur=0;CPXPARAM_MIP_Strategy_StartAlgorithm=0;CPXPARAM_MIP_Strategy_SubAlgorithm=0;CPXPARAM_MIP_Strategy_VariableSelect=0;CPXPARAM_Network_NetFind=2;CPXPARAM_Network_Pricing=0;CPXPARAM_Parallel=1;CPXPARAM_Preprocessing_Aggregator=-1;CPXPARAM_Preprocessing_BoundStrength=-1;CPXPARAM_Preprocessing_CoeffReduce=-1;CPXPARAM_Preprocessing_Dependency=-1;CPXPARAM_Preprocessing_Dual=0;CPXPARAM_Preprocessing_Fill=10;CPXPARAM_Preprocessing_NumPass=-1;CPXPARAM_Preprocessing_Presolve=1;CPXPARAM_Preprocessing_QPMakePSD=1;CPXPARAM_Preprocessing_Reduce=3;CPXPARAM_Preprocessing_Relax=-1;CPXPARAM_Preprocessing_RepeatPresolve=-1;CPXPARAM_Preprocessing_Symmetry=-1;CPXPARAM_Read_Scale=0;CPXPARAM_Sifting_Algorithm=0;CPXPARAM_Simplex_Crash=1;CPXPARAM_Simplex_DGradient=0;CPXPARAM_Simplex_Limits_Perturbation=0;CPXPARAM_Simplex_Limits_Singularity=10;CPXPARAM_Simplex_PGradient=0;CPXPARAM_Simplex_Pricing=0;CPXPARAM_Simplex_Refactor=0
10602134175133542906,0,CPXPARAM_Advance=1;CPXPARAM_Barrier_Algorithm=0;CPXPARAM_Barrier_ColNonzeros=0;CPXPARAM_Barrier_Crossover=0;CPXPARAM_Barrier_Limits_Corrections=-1;CPXPARAM_Barrier_Ordering=0;CPXPARAM_Barrier_StartAlg=1;CPXPARAM_Emphasis_MIP=2;CPXPARAM_Emphasis_Memory=0;CPXPARAM_Emphasis_Numerical=0;CPXPARAM_Feasopt_Mode=0;CPXPARAM_LPMethod=0;CPXPARAM_MIP_Cuts_Cliques=-1;CPXPARAM_MIP_Cuts_Covers=2;CPXPARAM_MIP_Cuts_Disjunctive=1;CPXPARAM_MIP_Cuts_FlowCovers=2;CPXPARAM_MIP_Cuts_GUBCovers=1;CPXPARAM_MIP_Cuts_Gomory=0;CPXPARAM_MIP_Cuts_Implied=-1;CPXPARAM_MIP_Cuts_MIRCut=-1;CPXPARAM_MIP_Cuts_PathCut=-1;CPXPARAM_MIP_Limits_AggForCut=3;CPXPARAM_MIP_Limits_CutPasses=0;CPXPARAM_MIP_Limits_CutsFactor=-1;CPXPARAM_MIP_Limits_GomoryCand=400;CPXPARAM_MIP_Limits_GomoryPass=0;CPXPARAM_MIP_Limits_Nodes=9223372036800000000;CPXPARAM_MIP_Limits_ProbeTime=1e+75;CPXPARAM_MIP_Limits_RepairTries=0;CPXPARAM_MIP_Limits_StrongCand=10;CPXPARAM_MIP_Limits_StrongIt=0;CPXPARAM_MIP_OrderType=0;CPXPARAM_MIP_Strategy_BBInterval=7;CPXPARAM_MIP_Strategy_Branch=0;CPXPARAM_MIP_Strategy_Dive=0;CPXPARAM_MIP_Strategy_File=1;CPXPARAM_MIP_Strategy_HeuristicFreq=0;CPXPARAM_MIP_Strategy_LBHeur=0;CPXPARAM_MIP_Strategy_NodeSelect=1;CPXPARAM_MIP_Strategy_Order=1;CPXPARAM_MIP_Strategy_PresolveNode=0;CPXPARAM_MIP_Strategy_Probe=0;CPXPARAM_MIP_Strategy_RINSHeur=60;CPXPARAM_MIP_Strategy_StartAlgorithm=0;CPXPARAM_MIP_Strategy_SubAlgorithm=0;CPXPARAM_MIP_Strategy_VariableSelect=0;CPXPARAM_Network_NetFind=2;CPXPARAM_Network_Pricing=0;CPXPARAM_Parallel=1;CPXPARAM_Preprocessing_Aggregator=-1;CPXPARAM_Preprocessing_BoundStrength=-1;CPXPARAM_Preprocessing_CoeffReduce=-1;CPXPARAM_Preprocessing_Dependency=-1;CPXPARAM_Preprocessing_Dual=0;CPXPARAM_Preprocessing_Fill=10;CPXPARAM_Preprocessing_NumPass=-1;CPXPARAM_Preprocessing_Presolve=1;CPXPARAM_Preprocessing_QPMakePSD=1;CPXPARAM_Preprocessing_Reduce=3;CPXPARAM_Preprocessing_Relax=-1;CPXPARAM_Preprocessing_RepeatPresolve=-1;CPXPARAM_Preprocessing_Symmetry=-1;CPXPARAM_Read_Scale=0;CPXPARAM_Sifting_Algorithm=0;CPXPARAM_Simplex_Crash=1;CPXPARAM_Simplex_DGradient=0;CPXPARAM_Simplex_Limits_Perturbation=0;CPXPARAM_Simplex_Limits_Singularity=10;CPXPARAM_Simplex_PGradient=0;CPXPARAM_Simplex_Pricing=0;CPXPARAM_Simplex_Refactor=0
14370245043054199146,0,CPXPARAM_Advance=1;CPXPARAM_Barrier_Algorithm=0;CPXPARAM_Barrier_ColNonzeros=0;CPXPARAM_Barrier_Crossover=0;CPXPARAM_Barrier_Limits_Corrections=-1;CPXPARAM_Barrier_Ordering=0;CPXPARAM_Barrier_StartAlg=1;CPXPARAM_Emphasis_MIP=3;CPXPARAM_Emphasis_Memory=0;CPXPARAM_Emphasis_Numerical=0;CPXPARAM_Feasopt_Mode=0;CPXPARAM_LPMethod=0;CPXPARAM_MIP_Cuts_Cliques=1;CPXPARAM_MIP_Cuts_Covers=0;CPXPARAM_MIP_Cuts_Disjunctive=-1;CPXPARAM_MIP_Cuts_FlowCovers=2;CPXPARAM_MIP_Cuts_GUBCovers=0;CPXPARAM_MIP_Cuts_Gomory=1;CPXPARAM_MIP_Cuts_Implied=2;CPXPARAM_MIP_Cuts_MIRCut=-1;CPXPARAM_MIP_Cuts_PathCut=1;CPXPARAM_MIP_Limits_AggForCut=3;CPXPARAM_MIP_Limits_CutPasses=0;CPXPARAM_MIP_Limits_CutsFactor=-1;CPXPARAM_MIP_Limits_GomoryCand=200;CPXPARAM_MIP_Limits_GomoryPass=0;CPXPARAM_MIP_Limits_Nodes=9223372036800000000;CPXPARAM_MIP_Limits_ProbeTime=1e+75;CPXPARAM_MIP_Limits_RepairTries=0;CPXPARAM_MIP_Limits_StrongCand=10;CPXPARAM_MIP_Limits_StrongIt=0;CPXPARAM_MIP_OrderType=0;CPXPARAM_MIP_Strategy_BBInterval=7;CPXPARAM_MIP_Strategy_Branch=0;CPXPARAM_MIP_Strategy_Dive=0;CPXPARAM_MIP_Strategy_File=1;CPXPARAM_MIP_Strategy_HeuristicFreq=0;CPXPARAM_MIP_Strategy_LBHeur=0;CPXPARAM_MIP_Strategy_NodeSelect=1;CPXPARAM_MIP_Strategy_Order=1;CPXPARAM_MIP_Strategy_PresolveNode=0;CPXPARAM_MIP_Strategy_Probe=0;CPXPARAM_MIP_Strategy_RINSHeur=0;CPXPARAM_MIP_Strategy_StartAlgorithm=0;CPXPARAM_MIP_Strategy_SubAlgorithm=0;CPXPARAM_MIP_Strategy_VariableSelect=0;CPXPARAM_Network_NetFind=2;CPXPARAM_Network_Pricing=0;CPXPARAM_Parallel=1;CPXPARAM_Preprocessing_Aggregator=-1;CPXPARAM_Preprocessing_BoundStrength=-1;CPXPARAM_Preprocessing_CoeffReduce=-1;CPXPARAM_Preprocessing_Dependency=-1;CPXPARAM_Preprocessing_Dual=0;CPXPARAM_Preprocessing_Fill=10;CPXPARAM_Preprocessing_NumPass=-1;CPXPARAM_Preprocessing_Presolve=1;CPXPARAM_Preprocessing_QPMakePSD=1;CPXPARAM_Preprocessing_Reduce=3;CPXPARAM_Preprocessing_Relax=-1;CPXPARAM_Preprocessing_RepeatPresolve=-1;CPXPARAM_Preprocessing_Symmetry=-1;CPXPARAM_Read_Scale=0;CPXPARAM_Sifting_Algorithm=0;CPXPARAM_Simplex_Crash=1;CPXPARAM_Simplex_DGradient=0;CPXPARAM_Simplex_Limits_Perturbation=0;CPXPARAM_Simplex_Limits_Singularity=10;CPXPARAM_Simplex_PGradient=0;CPXPARAM_Simplex_Pricing=0;CPXPARAM_Simplex_Refactor=0
1561581164643067279,0,CPXPARAM_Advance=1;CPXPARAM_Barrier_Algorithm=0;CPXPARAM_Barrier_ColNonzeros=0;CPXPARAM_Barrier_Crossover=0;CPXPARAM_Barrier_Limits_Corrections=-1;CPXPARAM_Barrier_Ordering=0;CPXPARAM_Barrier_StartAlg=1;CPXPARAM_Emphasis_MIP=0;CPXPARAM_Emphasis_Memory=0;CPXPARAM_Emphasis_Numerical=0;CPXPARAM_Feasopt_Mode=0;CPXPARAM_LPMethod=0;CPXPARAM_MIP_Cuts_Cliques=1;CPXPARAM_MIP_Cuts_Covers=0;CPXPARAM_MIP_Cuts_Disjunctive=1;CPXPARAM_MIP_Cuts_FlowCovers=0;CPXPARAM_MIP_Cuts_GUBCovers=1;CPXPARAM_MIP_Cuts_Gomory=0;CPXPARAM_MIP_Cuts_Implied=2;CPXPARAM_MIP_Cuts_MIRCut=1;CPXPARAM_MIP_Cuts_PathCut=-1;CPXPARAM_MIP_Limits_AggForCut=3;CPXPARAM_MIP_Limits_CutPasses=0;CPXPARAM_MIP_Limits_CutsFactor=-1;CPXPARAM_MIP_Limits_GomoryCand=800;CPXPARAM_MIP_Limits_GomoryPass=0;CPXPARAM_MIP_Limits_Nodes=9223372036800000000;CPXPARAM_MIP_Limits_ProbeTime=1e+75;CPXPARAM_MIP_Limits_RepairTries=0;CPXPARAM_MIP_Limits_StrongCand=10;CPXPARAM_MIP_Limits_StrongIt=0;CPXPARAM_MIP_OrderType=0;CPXPARAM_MIP_Strategy_BBInterval=7;CPXPARAM_MIP_Strategy_Branch=1;CPXPARAM_MIP_Strategy_Dive=0;CPXPARAM_MIP_Strategy_File=1;CPXPARAM_MIP_Strategy_HeuristicFreq=0;CPXPARAM_MIP_Strategy_LBHeur=0;CPXPARAM_MIP_Strategy_NodeSelect=1;CPXPARAM_MIP_Strategy_Order=1;CPXPARAM_MIP_Strategy_PresolveNode=2;CPXPARAM_MIP_Strategy_Probe=0;CPXPARAM_MIP_Strategy_RINSHeur=0;CPXPARAM_MIP_Strategy_StartAlgorithm=0;CPXPARAM_MIP_Strategy_SubAlgorithm=0;CPXPARAM_MIP_Strategy_VariableSelect=2;CPXPARAM_Network_NetFind=2;CPXPARAM_Network_Pricing=0;CPXPARAM_Parallel=1;CPXPARAM_Preprocessing_Aggregator=-1;CPXPARAM_Preprocessing_BoundStrength=-1;CPXPARAM_Preprocessing_CoeffReduce=-1;CPXPARAM_Preprocessing_Dependency=-1;CPXPARAM_Preprocessing_Dual=0;CPXPARAM_Preprocessing_Fill=10;CPXPARAM_Preprocessing_NumPass=-1;CPXPARAM_Preprocessing_Presolve=1;CPXPARAM_Preprocessing_QPMakePSD=1;CPXPARAM_Preprocessing_Reduce=3;CPXPARAM_Preprocessing_Relax=-1;CPXPARAM_Preprocessing_RepeatPresolve=-1;CPXPARAM_Preprocessing_Symmetry=-1;CPXPARAM_Read_Scale=0;CPXPARAM_Sifting_Algorithm=0;CPXPARAM_Simplex_Crash=1;CPXPARAM_Simplex_DGradient=0;CPXPARAM_Simplex_Limits_Perturbation=0;CPXPARAM_Simplex_Limits_Singularity=10;CPXPARAM_Simplex_PGradient=0;CPXPARAM_Simplex_Pricing=0;CPXPARAM_Simplex_Refactor=0
18261750931549045931,0,CPXPARAM_Advance=1;CPXPARAM_Barrier_Algorithm=0;CPXPARAM_Barrier_ColNonzeros=0;CPXPARAM_Barrier_Crossover=0;CPXPARAM_Barrier_Limits_Corrections=-1;CPXPARAM_Barrier_Ordering=0;CPXPARAM_Barrier_StartAlg=1;CPXPARAM_Emphasis_MIP=0;CPXPARAM_Emphasis_Memory=0;CPXPARAM_Emphasis_Numerical=0;CPXPARAM_Feasopt_Mode=0;CPXPARAM_LPMethod=0;CPXPARAM_MIP_Cuts_Cliques=3;CPXPARAM_MIP_Cuts_Covers=-1;CPXPARAM_MIP_Cuts_Disjunctive=-1;CPXPARAM_MIP_Cuts_FlowCovers=-1;CPXPARAM_MIP_Cuts_GUBCovers=1;CPXPARAM_MIP_Cuts_Gomory=-1;CPXPARAM_MIP_Cuts_Implied=2;CPXPARAM_MIP_Cuts_MIRCut=-1;CPXPARAM_MIP_Cuts_PathCut=2;CPXPARAM_MIP_Limits_AggForCut=3;CPXPARAM_MIP_Limits_CutPasses=0;CPXPARAM_MIP_Limits_CutsFactor=-1;CPXPARAM_MIP_Limits_GomoryCand=400;CPXPARAM_MIP_Limits_GomoryPass=0;CPXPARAM_MIP_Limits_Nodes=9223372036800000000;CPXPARAM_MIP_Limits_ProbeTime=1e+75;CPXPARAM_MIP_Limits_RepairTries=0;CPXPARAM_MIP_Limits_StrongCand=10;CPXPARAM_MIP_Limits_StrongIt=0;CPXPARAM_MIP_OrderType=0;CPXPARAM_MIP_Strategy_BBInterval=7;CPXPARAM_MIP_Strategy_Branch=-1;CPXPARAM_MIP_Strategy_Dive=0;CPXPARAM_MIP_Strategy_File=1;CPXPARAM_MIP_Strategy_HeuristicFreq=0;CPXPARAM_MIP_Strategy_LBHeur=0;CPXPARAM_MIP_Strategy_NodeSelect=3;CPXPARAM_MIP_Strategy_Order=1;CPXPARAM_MIP_Strategy_PresolveNode=-1;CPXPARAM_MIP_Strategy_Probe=2;CPXPARAM_MIP_Strategy_RINSHeur=0;CPXPARAM_MIP_Strategy_StartAlgorithm=0;CPXPARAM_MIP_Strategy_SubAlgorithm=0;CPXPARAM_MIP_Strategy_VariableSelect=2;CPXPARAM_Network_NetFind=2;CPXPARAM_Network_Pricing=0;CPXPARAM_Parallel=1;CPXPARAM_Preprocessing_Aggregator=-1;CPXPARAM_Preprocessing_BoundStrength=-1;CPXPARAM_Preprocessing_CoeffReduce=-1;CPXPARAM_Preprocessing_Dependency=-1;CPXPARAM_Preprocessing_Dual=0;CPXPARAM_Preprocessing_Fill=10;CPXPARAM_Preprocessing_NumPass=-1;CPXPARAM_Preprocessing_Presolve=1;CPXPARAM_Preprocessing_QPMakePSD=1;CPXPARAM_Preprocessing_Reduce=3;CPXPARAM_Preprocessing_Relax=-1;CPXPARAM_Preprocessing_RepeatPresolve=-1;CPXPARAM_Preprocessing_Symmetry=-1;CPXPARAM_Read_Scale=0;CPXPARAM_Sifting_Algorithm=0;CPXPARAM_Simplex_Crash=1;CPXPARAM_Simplex_DGradient=0;CPXPARAM_Simplex_Limits_Perturbation=0;CPXPARAM_Simplex_Limits_Singularity=10;CPXPARAM_Simplex_PGradient=0;CPXPARAM_Simplex_Pricing=0;CPXPARAM_Simplex_Refactor=0
493365314467719879,0,CPXPARAM_Advance=1;CPXPARAM_Barrier_Algorithm=0;CPXPARAM_Barrier_ColNonzeros=0;CPXPARAM_Barrier_Crossover=0;CPXPARAM_Barrier_Limits_Corrections=-1;CPXPARAM_Barrier_Ordering=0;CPXPARAM_Barrier_StartAlg=1;CPXPARAM_Emphasis_MIP=3;CPXPARAM_Emphasis_Memory=0;CPXPARAM_Emphasis_Numerical=0;CPXPARAM_Feasopt_Mode=0;CPXPARAM_LPMethod=0;CPXPARAM_MIP_Cuts_Cliques=3;CPXPARAM_MIP_Cuts_Covers=0;CPXPARAM_MIP_Cuts_Disjunctive=1;CPXPARAM_MIP_Cuts_FlowCovers=2;CPXPARAM_MIP_Cuts_GUBCovers=1;CPXPARAM_MIP_Cuts_Gomory=-1;CPXPARAM_MIP_Cuts_Implied=2;CPXPARAM_MIP_Cuts_MIRCut=2;CPXPARAM_MIP_Cuts_PathCut=2;CPXPARAM_MIP_Limits_AggForCut=3;CPXPARAM_MIP_Limits_CutPasses=0;CPXPARAM_MIP_Limits_CutsFactor=-1;CPXPARAM_MIP_Limits_GomoryCand=10;CPXPARAM_MIP_Limits_GomoryPass=0;CPXPARAM_MIP_Limits_Nodes=9223372036800000000;CPXPARAM_MIP_Limits_ProbeTime=1e+75;CPXPARAM_MIP_Limits_RepairTries=0;CPXPARAM_MIP_Limits_StrongCand=10;CPXPARAM_MIP_Limits_StrongIt=0;CPXPARAM_MIP_OrderType=0;CPXPARAM_MIP_Strategy_BBInterval=7;CPXPARAM_MIP_Strategy_Branch=0;CPXPARAM_MIP_Strategy_Dive=0;CPXPARAM_MIP_Strategy_File=1;CPXPARAM_MIP_Strategy_HeuristicFreq=0;CPXPARAM_MIP_Strategy_LBHeur=0;CPXPARAM_MIP_Strategy_NodeSelect=1;CPXPARAM_MIP_Strategy_Order=1;CPXPARAM_MIP_Strategy_PresolveNode=0;CPXPARAM_MIP_Strategy_Probe=0;CPXPARAM_MIP_Strategy_RINSHeur=0;CPXPARAM_MIP_Strategy_StartAlgorithm=0;CPXPARAM_MIP_Strategy_SubAlgorithm=0;CPXPARAM_MIP_Strategy_VariableSelect=0;CPXPARAM_Network_NetFind=2;CPXPARAM_Network_Pricing=0;CPXPARAM_Parallel=1;CPXPARAM_Preprocessing_Aggregator=-1;CPXPARAM_Preprocessing_BoundStrength=-1;CPXPARAM_Preprocessing_CoeffReduce=-1;CPXPARAM_Preprocessing_Dependency=-1;CPXPARAM_Preprocessing_Dual=0;CPXPARAM_Preprocessing_Fill=10;CPXPARAM_Preprocessing_NumPass=-1;CPXPARAM_Preprocessing_Presolve=1;CPXPARAM_Preprocessing_QPMakePSD=1;CPXPARAM_Preprocessing_Reduce=3;CPXPARAM_Preprocessing_Relax=-1;CPXPARAM_Preprocessing_RepeatPresolve=-1;CPXPARAM_Preprocessing_Symmetry=-1;CPXPARAM_Read_Scale=0;CPXPARAM_Sifting_Algorithm=0;CPXPARAM_Simplex_Crash=1;CPXPARAM_Simplex_DGradient=0;CPXPARAM_Simplex_Limits_Perturbation=0;CPXPARAM_Simplex_Limits_Singularity=10;CPXPARAM_Simplex_PGradient=0;CPXPARAM_Simplex_Pricing=0;CPXPARAM_Simplex_Refactor=0
14082608199797990736,0,CPXPARAM_Advance=1;CPXPARAM_Barrier_Algorithm=0;CPXPARAM_Barrier_ColNonzeros=0;CPXPARAM_Barrier_Crossover=0;CPXPARAM_Barrier_Limits_Corrections=-1;CPXPARAM_Barrier_Ordering=0;CPXPARAM_Barrier_StartAlg=1;CPXPARAM_Emphasis_MIP=5;CPXPARAM_Emphasis_Memory=0;CPXPARAM_Emphasis_Numerical=0;CPXPARAM_Feasopt_Mode=0;CPXPARAM_LPMethod=0;CPXPARAM_MIP_Cuts_Cliques=3;CPXPARAM_MIP_Cuts_Covers=2;CPXPARAM_MIP_Cuts_Disjunctive=-1;CPXPARAM_MIP_Cuts_FlowCovers=1;CPXPARAM_MIP_Cuts_GUBCovers=1;CPXPARAM_MIP_Cuts_Gomory=2;CPXPARAM_MIP_Cuts_Implied=1;CPXPARAM_MIP_Cuts_MIRCut=2;CPXPARAM_MIP_Cuts_PathCut=1;CPXPARAM_MIP_Limits_AggForCut=0;CPXPARAM_MIP_Limits_CutPasses=0;CPXPARAM_MIP_Limits_CutsFactor=-1;CPXPARAM_MIP_Limits_GomoryCand=50;CPXPARAM_MIP_Limits_GomoryPass=0;CPXPARAM_MIP_Limits_Nodes=9223372036800000000;CPXPARAM_MIP_Limits_ProbeTime=1e+75;CPXPARAM_MIP_Limits_RepairTries=0;CPXPARAM_MIP_Limits_StrongCand=10;CPXPARAM_MIP_Limits_StrongIt=0;CPXPARAM_MIP_OrderType=3;CPXPARAM_MIP_Strategy_BBInterval=7;CPXPARAM_MIP_Strategy_Branch=-1;CPXPARAM_MIP_Strategy_Dive=0;CPXPARAM_MIP_Strategy_File=1;CPXPARAM_MIP_Strategy_HeuristicFreq=0;CPXPARAM_MIP_Strategy_LBHeur=0;CPXPARAM_MIP_Strategy_NodeSelect=2;CPXPARAM_MIP_Strategy_Order=1;CPXPARAM_MIP_Strategy_PresolveNode=0;CPXPARAM_MIP_Strategy_Probe=3;CPXPARAM_MIP_Strategy_RINSHeur=0;CPXPARAM_MIP_Strategy_StartAlgorithm=0;CPXPARAM_MIP_Strategy_SubAlgorithm=2;CPXPARAM_MIP_Strategy_VariableSelect=1;CPXPARAM_Network_NetFind=2;CPXPARAM_Network_Pricing=0;CPXPARAM_Parallel=1;CPXPARAM_Preprocessing_Aggregator=-1;CPXPARAM_Preprocessing_BoundStrength=-1;CPXPARAM_Preprocessing_CoeffReduce=-1;CPXPARAM_Preprocessing_Dependency=-1;CPXPARAM_Preprocessing_Dual=0;CPXPARAM_Preprocessing_Fill=5;CPXPARAM_Preprocessing_NumPass=-1;CPXPARAM_Preprocessing_Presolve=1;CPXPARAM_Preprocessing_QPMakePSD=1;CPXPARAM_Preprocessing_Reduce=1;CPXPARAM_Preprocessing_Relax=-1;CPXPARAM_Preprocessing_RepeatPresolve=-1;CPXPARAM_Preprocessing_Symmetry=-1;CPXPARAM_Read_Scale=-1;CPXPARAM_Sifting_Algorithm=0;CPXPARAM_Simplex_Crash=1;CPXPARAM_Simplex_DGradient=0;CPXPARAM_Simplex_Limits_Perturbation=0;CPXPARAM_Simplex_Limits_Singularity=10;CPXPARAM_Simplex_PGradient=0;CPXPARAM_Simplex_Pricing=0;CPXPARAM_Simplex_Refactor=0
11803714461852203032,0,CPXPARAM_Advance=1;CPXPARAM_Barrier_Algorithm=0;CPXPARAM_Barrier_ColNonzeros=0;CPXPARAM_Barrier_Crossover=0;CPXPARAM_Barrier_Limits_Corrections=-1;CPXPARAM_Barrier_Ordering=0;CPXPARAM_Barrier_StartAlg=1;CPXPARAM_Emphasis_MIP=1;CPXPARAM_Emphasis_Memory=0;CPXPARAM_Emphasis_Numerical=0;CPXPARAM_Feasopt_Mode=0;CPXPARAM_LPMethod=0;CPXPARAM_MIP_Cuts_Cliques=2;CPXPARAM_MIP_Cuts_Covers=0;CPXPARAM_MIP_Cuts_Disjunctive=1;CPXPARAM_MIP_Cuts_FlowCovers=1;CPXPARAM_MIP_Cuts_GUBCovers=-1;CPXPARAM_MIP_Cuts_Gomory=2;CPXPARAM_MIP_Cuts_Implied=0;CPXPARAM_MIP_Cuts_MIRCut=0;CPXPARAM_MIP_Cuts_PathCut=2;CPXPARAM_MIP_Limits_AggForCut=3;CPXPARAM_MIP_Limits_CutPasses=0;CPXPARAM_MIP_Limits_CutsFactor=-1;CPXPARAM_MIP_Limits_GomoryCand=200;CPXPARAM_MIP_Limits_GomoryPass=0;CPXPARAM_MIP_Limits_Nodes=9223372036800000000;CPXPARAM_MIP_Limits_ProbeTime=1e+75;CPXPARAM_MIP_Limits_RepairTries=0;CPXPARAM_MIP_Limits_StrongCand=10;CPXPARAM_MIP_Limits_StrongIt=0;CPXPARAM_MIP_OrderType=0;CPXPARAM_MIP_Strategy_BBInterval=7;CPXPARAM_MIP_Strategy_Branch=0;CPXPARAM_MIP_Strategy_Dive=0;CPXPARAM_MIP_Strategy_File=1;CPXPARAM_MIP_Strategy_HeuristicFreq=0;CPXPARAM_MIP_Strategy_LBHeur=0;CPXPARAM_MIP_Strategy_NodeSelect=1;CPXPARAM_MIP_Strategy_Order=1;CPXPARAM_MIP_Strategy_PresolveNode=0;CPXPARAM_MIP_Strategy_Probe=0;CPXPARAM_MIP_Strategy_RINSHeur=0;CPXPARAM_MIP_Strategy_StartAlgorithm=0;CPXPARAM_MIP_Strategy_SubAlgorithm=0;CPXPARAM_MIP_Strategy_VariableSelect=0;CPXPARAM_Network_NetFind=2;CPXPARAM_Network_Pricing=0;CPXPARAM_Parallel=1;CPXPARAM_Preprocessing_Aggregator=-1;CPXPARAM_Preprocessing_BoundStrength=-1;CPXPARAM_Preprocessing_CoeffReduce=-1;CPXPARAM_Preprocessing_Dependency=-1;CPXPARAM_Preprocessing_Dual=0;CPXPARAM_Preprocessing_Fill=10;CPXPARAM_Preprocessing_NumPass=-1;CPXPARAM_Preprocessing_Presolve=1;CPXPARAM_Preprocessing_QPMakePSD=1;CPXPARAM_Preprocessing_Reduce=3;CPXPARAM_Preprocessing_Relax=-1;CPXPARAM_Preprocessing_RepeatPresolve=-1;CPXPARAM_Preprocessing_Symmetry=-1;CPXPARAM_Read_Scale=0;CPXPARAM_Sifting_Algorithm=0;CPXPARAM_Simplex_Crash=1;CPXPARAM_Simplex_DGradient=0;CPXPARAM_Simplex_Limits_Perturbation=0;CPXPARAM_Simplex_Limits_Singularity=10;CPXPARAM_Simplex_PGradient=0;CPXPARAM_Simplex_Pricing=0;CPXPARAM_Simplex_Refactor=0
3673097028039150711,0,CPXPARAM_Advance=1;CPXPARAM_Barrier_Algorithm=0;CPXPARAM_Barrier_ColNonzeros=0;CPXPARAM_Barrier_Crossover=0;CPXPARAM_Barrier_Limits_Corrections=-1;CPXPARAM_Barrier_Ordering=0;CPXPARAM_Barrier_StartAlg=1;CPXPARAM_Emphasis_MIP=4;CPXPARAM_Emphasis_Memory=0;CPXPARAM_Emphasis_Numerical=0;CPXPARAM_Feasopt_Mode=0;CPXPARAM_LPMethod=0;CPXPARAM_MIP_Cuts_Cliques=0;CPXPARAM_MIP_Cuts_Covers=0;CPXPARAM_MIP_Cuts_Disjunctive=0;CPXPARAM_MIP_Cuts_FlowCovers=-1;CPXPARAM_MIP_Cuts_GUBCovers=2;CPXPARAM_MIP_Cuts_Gomory=0;CPXPARAM_MIP_Cuts_Implied=0;CPXPARAM_MIP_Cuts_MIRCut=-1;CPXPARAM_MIP_Cuts_PathCut=1;CPXPARAM_MIP_Limits_AggForCut=3;CPXPARAM_MIP_Limits_CutPasses=0;CPXPARAM_MIP_Limits_CutsFactor=-1;CPXPARAM_MIP_Limits_GomoryCand=800;CPXPARAM_MIP_Limits_GomoryPass=0;CPXPARAM_MIP_Limits_Nodes=9223372036800000000;CPXPARAM_MIP_Limits_ProbeTime=1e+75;CPXPARAM_MIP_Limits_RepairTries=0;CPXPARAM_MIP_Limits_StrongCand=10;CPXPARAM_MIP_Limits_StrongIt=0;CPXPARAM_MIP_OrderType=0;CPXPARAM_MIP_Strategy_BBInterval=7;CPXPARAM_MIP_Strategy_Branch=0;CPXPARAM_MIP_Strategy_Dive=0;CPXPARAM_MIP_Strategy_File=1;CPXPARAM_MIP_Strategy_HeuristicFreq=0;CPXPARAM_MIP_Strategy_LBHeur=0;CPXPARAM_MIP_Strategy_NodeSelect=1;CPXPARAM_MIP_Strategy_Order=1;CPXPARAM_MIP_Strategy_PresolveNode=0;CPXPARAM_MIP_Strategy_Probe=0;CPXPARAM_MIP_Strategy_RINSHeur=0;CPXPARAM_MIP_Strategy_StartAlgorithm=0;CPXPARAM_MIP_Strategy_SubAlgorithm=0;CPXPARAM_MIP_Strategy_VariableSelect=0;CPXPARAM_Network_NetFind=2;CPXPARAM_Network_Pricing=0;CPXPARAM_Parallel=1;CPXPARAM_Preprocessing_Aggregator=-1;CPXPARAM_Preprocessing_BoundStrength=-1;CPXPARAM_Preprocessing_CoeffReduce=-1;CPXPARAM_Preprocessing_Dependency=-1;CPXPARAM_Preprocessing_Dual=0;CPXPARAM_Preprocessing_Fill=10;CPXPARAM_Preprocessing_NumPass=-1;CPXPARAM_Preprocessing_Presolve=1;CPXPARAM_Preprocessing_QPMakePSD=1;CPXPARAM_Preprocessing_Reduce=3;CPXPARAM_Preprocessing_Relax=-1;CPXPARAM_Preprocessing_RepeatPresolve=-1;CPXPARAM_Preprocessing_Symmetry=-1;CPXPARAM_Read_Scale=0;CPXPARAM_Sifting_Algorithm=0;CPXPARAM_Simplex_Crash=1;CPXPARAM_Simplex_DGradient=0;CPXPARAM_Simplex_Limits_Perturbation=0;CPXPARAM_Simplex_Limits_Singularity=10;CPXPARAM_Simplex_PGradient=0;CPXPARAM_Simplex_Pricing=0;CPXPARAM_Simplex_Refactor=0
14444046518865887931,0,CPXPARAM_Advance=1;CPXPARAM_Barrier_Algorithm=0;CPXPARAM_Barrier_ColNonzeros=0;CPXPARAM_Barrier_Crossover=0;CPXPARAM_Barrier_Limits_Corrections=-1;CPXPARAM_Barrier_Ordering=0;CPXPARAM_Barrier_StartAlg=1;CPXPARAM_Emphasis_MIP=5;CPXPARAM_Emphasis_Memory=0;CPXPARAM_Emphasis_Numerical=0;CPXPARAM_Feasopt_Mode=0;CPXPARAM_LPMethod=0;CPXPARAM_MIP_Cuts_Cliques=0;CPXPARAM_MIP_Cuts_Covers=0;CPXPARAM_MIP_Cuts_Disjunctive=1;CPXPARAM_MIP_Cuts_FlowCovers=1;CPXPARAM_MIP_Cuts_GUBCovers=2;CPXPARAM_MIP_Cuts_Gomory=2;CPXPARAM_MIP_Cuts_Implied=-1;CPXPARAM_MIP_Cuts_MIRCut=0;CPXPARAM_MIP_Cuts_PathCut=-1;CPXPARAM_MIP_Limits_AggForCut=3;CPXPARAM_MIP_Limits_CutPasses=0;CPXPARAM_MIP_Limits_CutsFactor=-1;CPXPARAM_MIP_Limits_GomoryCand=150;CPXPARAM_MIP_Limits_GomoryPass=0;CPXPARAM_MIP_Limits_Nodes=9223372036800000000;CPXPARAM_MIP_Limits_ProbeTime=1e+75;CPXPARAM_MIP_Limits_RepairTries=0;CPXPARAM_MIP_Limits_StrongCand=10;CPXPARAM_MIP_Limits_StrongIt=0;CPXPARAM_MIP_OrderType=0;CPXPARAM_MIP_Strategy_BBInterval=7;CPXPARAM_MIP_Strategy_Branch=0;CPXPARAM_MIP_Strategy_Dive=0;CPXPARAM_MIP_Strategy_File=1;CPXPARAM_MIP_Strategy_HeuristicFreq=0;CPXPARAM_MIP_Strategy_LBHeur=0;CPXPARAM_MIP_Strategy_NodeSelect=1;CPXPARAM_MIP_Strategy_Order=1;CPXPARAM_MIP_Strategy_PresolveNode=0;CPXPARAM_MIP_Strategy_Probe=0;CPXPARAM_MIP_Strategy_RINSHeur=0;CPXPARAM_MIP_Strategy_StartAlgorithm=0;CPXPARAM_MIP_Strategy_SubAlgorithm=0;CPXPARAM_MIP_Strategy_VariableSelect=0;CPXPARAM_Network_NetFind=2;CPXPARAM_Network_Pricing=0;CPXPARAM_Parallel=1;CPXPARAM_Preprocessing_Aggregator=-1;CPXPARAM_Preprocessing_BoundStrength=-1;CPXPARAM_Preprocessing_CoeffReduce=-1;CPXPARAM_Preprocessing_Dependency=-1;CPXPARAM_Preprocessing_Dual=0;CPXPARAM_Preprocessing_Fill=10;CPXPARAM_Preprocessing_NumPass=-1;CPXPARAM_Preprocessing_Presolve=1;CPXPARAM_Preprocessing_QPMakePSD=1;CPXPARAM_Preprocessing_Reduce=3;CPXPARAM_Preprocessing_Relax=-1;CPXPARAM_Preprocessing_RepeatPresolve=-1;CPXPARAM_Preprocessing_Symmetry=-1;CPXPARAM_Read_Scale=0;CPXPARAM_Sifting_Algorithm=0;CPXPARAM_Simplex_Crash=1;CPXPARAM_Simplex_DGradient=0;CPXPARAM_Simplex_Limits_Perturbation=0;CPXPARAM_Simplex_Limits_Singularity=10;CPXPARAM_Simplex_PGradient=0;CPXPARAM_Simplex_Pricing=0;CPXPARAM_Simplex_Refactor=0
16407567210143739749,0,CPXPARAM_Advance=1;CPXPARAM_Barrier_Algorithm=0;CPXPARAM_Barrier_ColNonzeros=0;CPXPARAM_Barrier_Crossover=0;CPXPARAM_Barrier_Limits_Corrections=-1;CPXPARAM_Barrier_Ordering=0;CPXPARAM_Barrier_StartAlg=1;CPXPARAM_Emphasis_MIP=0;CPXPARAM_Emphasis_Memory=0;CPXPARAM_Emphasis_Numerical=0;CPXPARAM_Feasopt_Mode=0;CPXPARAM_LPMethod=0;CPXPARAM_MIP_Cuts_Cliques=2;CPXPARAM_MIP_Cuts_Covers=2;CPXPARAM_MIP_Cuts_Disjunctive=0;CPXPARAM_MIP_Cuts_FlowCovers=1;CPXPARAM_MIP_Cuts_GUBCovers=2;CPXPARAM_MIP_Cuts_Gomory=0;CPXPARAM_MIP_Cuts_Implied=-1;CPXPARAM_MIP_Cuts_MIRCut=1;CPXPARAM_MIP_Cuts_PathCut=-1;CPXPARAM_MIP_Limits_AggForCut=3;CPXPARAM_MIP_Limits_CutPasses=0;CPXPARAM_MIP_Limits_CutsFactor=-1;CPXPARAM_MIP_Limits_GomoryCand=150;CPXPARAM_MIP_Limits_GomoryPass=0;CPXPARAM_MIP_Limits_Nodes=9223372036800000000;CPXPARAM_MIP_Limits_ProbeTime=1e+75;CPXPARAM_MIP_Limits_RepairTries=0;CPXPARAM_MIP_Limits_StrongCand=10;CPXPARAM_MIP_Limits_StrongIt=0;CPXPARAM_MIP_OrderType=0;CPXPARAM_MIP_Strategy_BBInterval=7;CPXPARAM_MIP_Strategy_Branch=0;CPXPARAM_MIP_Strategy_Dive=0;CPXPARAM_MIP_Strategy_File=1;CPXPARAM_MIP_Strategy_HeuristicFreq=0;CPXPARAM_MIP_Strategy_LBHeur=0;CPXPARAM_MIP_Strategy_NodeSelect=1;CPXPARAM_MIP_Strategy_Order=1;CPXPARAM_MIP_Strategy_PresolveNode=0;CPXPARAM_MIP_Strategy_Probe=0;CPXPARAM_MIP_Strategy_RINSHeur=0;CPXPARAM_MIP_Strategy_StartAlgorithm=0;CPXPARAM_MIP_Strategy_SubAlgorithm=0;CPXPARAM_MIP_Strategy_VariableSelect=0;CPXPARAM_Network_NetFind=2;CPXPARAM_Network_Pricing=0;CPXPARAM_Parallel=1;CPXPARAM_Preprocessing_Aggregator=-1;CPXPARAM_Preprocessing_BoundStrength=-1;CPXPARAM_Preprocessing_CoeffReduce=-1;CPXPARAM_Preprocessing_Dependency=-1;CPXPARAM_Preprocessing_Dual=0;CPXPARAM_Preprocessing_Fill=10;CPXPARAM_Preprocessing_NumPass=-1;CPXPARAM_Preprocessing_Presolve=1;CPXPARAM_Preprocessing_QPMakePSD=1;CPXPARAM_Preprocessing_Reduce=3;CPXPARAM_Preprocessing_Relax=-1;CPXPARAM_Preprocessing_RepeatPresolve=-1;CPXPARAM_Preprocessing_Symmetry=-1;CPXPARAM_Read_Scale=0;CPXPARAM_Sifting_Algorithm=0;CPXPARAM_Simplex_Crash=1;CPXPARAM_Simplex_DGradient=0;CPXPARAM_Simplex_Limits_Perturbation=0;CPXPARAM_Simplex_Limits_Singularity=10;CPXPARAM_Simplex_PGradient=0;CPXPARAM_Simplex_Pricing=0;CPXPARAM_Simplex_Refactor=0
1806191729037291366,0,CPXPARAM_Advance=1;CPXPARAM_Barrier_Algorithm=0;CPXPARAM_Barrier_ColNonzeros=0;CPXPARAM_Barrier_Crossover=0;CPXPARAM_Barrier_Limits_Corrections=-1;CPXPARAM_Barrier_Ordering=0;CPXPARAM_Barrier_StartAlg=1;CPXPARAM_Emphasis_MIP=1;CPXPARAM_Emphasis_Memory=0;CPXPARAM_Emphasis_Numerical=0;CPXPARAM_Feasopt_Mode=0;CPXPARAM_LPMethod=0;CPXPARAM_MIP_Cuts_Cliques=1;CPXPARAM_MIP_Cuts_Covers=2;CPXPARAM_MIP_Cuts_Disjunctive=0;CPXPARAM_MIP_Cuts_FlowCovers=2;CPXPARAM_MIP_Cuts_GUBCovers=1;CPXPARAM_MIP_Cuts_Gomory=2;CPXPARAM_MIP_Cuts_Implied=2;CPXPARAM_MIP_Cuts_MIRCut=1;CPXPARAM_MIP_Cuts_PathCut=0;CPXPARAM_MIP_Limits_AggForCut=3;CPXPARAM_MIP_Limits_CutPasses=0;CPXPARAM_MIP_Limits_CutsFactor=-1;CPXPARAM_MIP_Limits_GomoryCand=100;CPXPARAM_MIP_Limits_GomoryPass=0;CPXPARAM_MIP_Limits_Nodes=9223372036800000000;CPXPARAM_MIP_Limits_ProbeTime=1e+75;CPXPARAM_MIP_Limits_RepairTries=0;CPXPARAM_MIP_Limits_StrongCand=10;CPXPARAM_MIP_Limits_StrongIt=0;CPXPARAM_MIP_OrderType=0;CPXPARAM_MIP_Strategy_BBInterval=7;CPXPARAM_MIP_Strategy_Branch=1;CPXPARAM_MIP_Strategy_Dive=0;CPXPARAM_MIP_Strategy_File=1;CPXPARAM_MIP_Strategy_HeuristicFreq=0;CPXPARAM_MIP_Strategy_LBHeur=0;CPXPARAM_MIP_Strategy_NodeSelect=2;CPXPARAM_MIP_Strategy_Order=1;CPXPARAM_MIP_Strategy_PresolveNode=2;CPXPARAM_MIP_Strategy_Probe=-1;CPXPARAM_MIP_Strategy_RINSHeur=0;CPXPARAM_MIP_Strategy_StartAlgorithm=0;CPXPARAM_MIP_Strategy_SubAlgorithm=0;CPXPARAM_MIP_Strategy_VariableSelect=-1;CPXPARAM_Network_NetFind=2;CPXPARAM_Network_Pricing=0;CPXPARAM_Parallel=1;CPXPARAM_Preprocessing_Aggregator=-1;CPXPARAM_Preprocessing_BoundStrength=-1;CPXPARAM_Preprocessing_CoeffReduce=-1;CPXPARAM_Preprocessing_Dependency=-1;CPXPARAM_Preprocessing_Dual=0;CPXPARAM_Preprocessing_Fill=10;CPXPARAM_Preprocessing_NumPass=-1;CPXPARAM_Preprocessing_Presolve=1;CPXPARAM_Preprocessing_QPMakePSD=1;CPXPARAM_Preprocessing_Reduce=3;CPXPARAM_Preprocessing_Relax=-1;CPXPARAM_Preprocessing_RepeatPresolve=-1;CPXPARAM_Preprocessing_Symmetry=-1;CPXPARAM_Read_Scale=0;CPXPARAM_Sifting_Algorithm=0;CPXPARAM_Simplex_Crash=1;CPXPARAM_Simplex_DGradient=0;CPXPARAM_Simplex_Limits_Perturbation=0;CPXPARAM_Simplex_Limits_Singularity=10;CPXPARAM_Simplex_PGradient=0;CPXPARAM_Simplex_Pricing=0;CPXPARAM_Simplex_Refactor=0
14172229850528576579,0,CPXPARAM_Advance=1;CPXPARAM_Barrier_Algorithm=0;CPXPARAM_Barrier_ColNonzeros=0;CPXPARAM_Barrier_Crossover=0;CPXPARAM_Barrier_Limits_Corrections=-1;CPXPARAM_Barrier_Ordering=0;CPXPARAM_Barrier_StartAlg=1;CPXPARAM_Emphasis_MIP=2;CPXPARAM_Emphasis_Memory=0;CPXPARAM_Emphasis_Numerical=0;CPXPARAM_Feasopt_Mode=0;CPXPARAM_LPMethod=0;CPXPARAM_MIP_Cuts_Cliques=-1;CPXPARAM_MIP_Cuts_Covers=2;CPXPARAM_MIP_Cuts_Disjunctive=1;CPXPARAM_MIP_Cuts_FlowCovers=2;CPXPARAM_MIP_Cuts_GUBCovers=1;CPXPARAM_MIP_Cuts_Gomory=0;CPXPARAM_MIP_Cuts_Implied=-1;CPXPARAM_MIP_Cuts_MIRCut=-1;CPXPARAM_MIP_Cuts_PathCut=-1;CPXPARAM_MIP_Limits_AggForCut=3;CPXPARAM_MIP_Limits_CutPasses=0;CPXPARAM_MIP_Limits_CutsFactor=-1;CPXPARAM_MIP_Limits_GomoryCand=400;CPXPARAM_MIP_Limits_GomoryPass=0;CPXPARAM_MIP_Limits_Nodes=9223372036800000000;CPXPARAM_MIP_Limits_ProbeTime=1e+75;CPXPARAM_MIP_Limits_RepairTries=0;CPXPARAM_MIP_Limits_StrongCand=10;CPXPARAM_MIP_Limits_StrongIt=0;CPXPARAM_MIP_OrderType=0;CPXPARAM_MIP_Strategy_BBInterval=10;CPXPARAM_MIP_Strategy_Branch=0;CPXPARAM_MIP_Strategy_Dive=0;CPXPARAM_MIP_Strategy_File=1;CPXPARAM_MIP_Strategy_HeuristicFreq=0;CPXPARAM_MIP_Strategy_LBHeur=0;CPXPARAM_MIP_Strategy_NodeSelect=1;CPXPARAM_MIP_Strategy_Order=1;CPXPARAM_MIP_Strategy_PresolveNode=0;CPXPARAM_MIP_Strategy_Probe=0;CPXPARAM_MIP_Strategy_RINSHeur=0;CPXPARAM_MIP_Strategy_StartAlgorithm=0;CPXPARAM_MIP_Strategy_SubAlgorithm=0;CPXPARAM_MIP_Strategy_VariableSelect=0;CPXPARAM_Network_NetFind=2;CPXPARAM_Network_Pricing=0;CPXPARAM_Parallel=1;CPXPARAM_Preprocessing_Aggregator=-1;CPXPARAM_Preprocessing_BoundStrength=-1;CPXPARAM_Preprocessing_CoeffReduce=-1;CPXPARAM_Preprocessing_Dependency=-1;CPXPARAM_Preprocessing_Dual=0;CPXPARAM_Preprocessing_Fill=10;CPXPARAM_Preprocessing_NumPass=-1;CPXPARAM_Preprocessing_Presolve=1;CPXPARAM_Preprocessing_QPMakePSD=1;CPXPARAM_Preprocessing_Reduce=3;CPXPARAM_Preprocessing_Relax=-1;CPXPARAM_Preprocessing_RepeatPresolve=-1;CPXPARAM_Preprocessing_Symmetry=-1;CPXPARAM_Read_Scale=0;CPXPARAM_Sifting_Algorithm=0;CPXPARAM_Simplex_Crash=1;CPXPARAM_Simplex_DGradient=0;CPXPARAM_Simplex_Limits_Perturbation=0;CPXPARAM_Simplex_Limits_Singularity=10;CPXPARAM_Simplex_PGradient=0;CPXPARAM_Simplex_Pricing=0;CPXPARAM_Simplex_Refactor=0
1482030013796893772,0,CPXPARAM_Advance=1;CPXPARAM_Barrier_Algorithm=0;CPXPARAM_Barrier_ColNonzeros=0;CPXPARAM_Barrier_Crossover=0;CPXPARAM_Barrier_Limits_Corrections=-1;CPXPARAM_Barrier_Ordering=0;CPXPARAM_Barrier_StartAlg=1;CPXPARAM_Emphasis_MIP=4;CPXPARAM_Emphasis_Memory=0;CPXPARAM_Emphasis_Numerical=0;CPXPARAM_Feasopt_Mode=0;CPXPARAM_LPMethod=0;CPXPARAM_MIP_Cuts_Cliques=0;CPXPARAM_MIP_Cuts_Covers=0;CPXPARAM_MIP_Cuts_Disjunctive=-1;CPXPARAM_MIP_Cuts_FlowCovers=1;CPXPARAM_MIP_Cuts_GUBCovers=-1;CPXPARAM_MIP_Cuts_Gomory=2;CPXPARAM_MIP_Cuts_Implied=-1;CPXPARAM_MIP_Cuts_MIRCut=0;CPXPARAM_MIP_Cuts_PathCut=2;CPXPARAM_MIP_Limits_AggForCut=3;CPXPARAM_MIP_Limits_CutPasses=0;CPXPARAM_MIP_Limits_CutsFactor=-1;CPXPARAM_MIP_Limits_GomoryCand=150;CPXPARAM_MIP_Limits_GomoryPass=0;CPXPARAM_MIP_Limits_Nodes=9223372036800000000;CPXPARAM_MIP_Limits_ProbeTime=1e+75;CPXPARAM_MIP_Limits_RepairTries=0;CPXPARAM_MIP_Limits_StrongCand=10;CPXPARAM_MIP_Limits_StrongIt=0;CPXPARAM_MIP_OrderType=0;CPXPARAM_MIP_Strategy_BBInterval=7;CPXPARAM_MIP_Strategy_Branch=0;CPXPARAM_MIP_Strategy_Dive=0;CPXPARAM_MIP_Strategy_File=1;CPXPARAM_MIP_Strategy_HeuristicFreq=0;CPXPARAM_MIP_Strategy_LBHeur=0;CPXPARAM_MIP_Strategy_NodeSelect=1;CPXPARAM_MIP_Strategy_Order=1;CPXPARAM_MIP_Strategy_PresolveNode=0;CPXPARAM_MIP_Strategy_Probe=0;CPXPARAM_MIP_Strategy_RINSHeur=0;CPXPARAM_MIP_Strategy_StartAlgorithm=0;CPXPARAM_MIP_Strategy_SubAlgorithm=0;CPXPARAM_MIP_Strategy_VariableSelect=0;CPXPARAM_Network_NetFind=2;CPXPARAM_Network_Pricing=0;CPXPARAM_Parallel=1;CPXPARAM_Preprocessing_Aggregator=-1;CPXPARAM_Preprocessing_BoundStrength=-1;CPXPARAM_Preprocessing_CoeffReduce=-1;CPXPARAM_Preprocessing_Dependency=-1;CPXPARAM_Preprocessing_Dual=0;CPXPARAM_Preprocessing_Fill=10;CPXPARAM_Preprocessing_NumPass=-1;CPXPARAM_Preprocessing_Presolve=1;CPXPARAM_Preprocessing_QPMakePSD=1;CPXPARAM_Preprocessing_Reduce=3;CPXPARAM_Preprocessing_Relax=-1;CPXPARAM_Preprocessing_RepeatPresolve=-1;CPXPARAM_Preprocessing_Symmetry=-1;CPXPARAM_Read_Scale=0;CPXPARAM_Sifting_Algorithm=0;CPXPARAM_Simplex_Crash=1;CPXPARAM_Simplex_DGradient=0;CPXPARAM_Simplex_Limits_Perturbation=0;CPXPARAM_Simplex_Limits_Singularity=10;CPXPARAM_Simplex_PGradient=0;CPXPARAM_Simplex_Pricing=0;CPXPARAM_Simplex_Refactor=0
6175414231872224398,0,CPXPARAM_Advance=1;CPXPARAM_Barrier_Algorithm=0;CPXPARAM_Barrier_ColNonzeros=0;CPXPARAM_Barrier_Crossover=0;CPXPARAM_Barrier_Limits_Corrections=-1;CPXPARAM_Barrier_Ordering=0;CPXPARAM_Barrier_StartAlg=1;CPXPARAM_Emphasis_MIP=0;CPXPARAM_Emphasis_Memory=0;CPXPARAM_Emphasis_Numerical=0;CPXPARAM_Feasopt_Mode=0;CPXPARAM_LPMethod=0;CPXPARAM_MIP_Cuts_Cliques=3;CPXPARAM_MIP_Cuts_Covers=-1;CPXPARAM_MIP_Cuts_Disjunctive=0;CPXPARAM_MIP_Cuts_FlowCovers=0;CPXPARAM_MIP_Cuts_GUBCovers=-1;CPXPARAM_MIP_Cuts_Gomory=0;CPXPARAM_MIP_Cuts_Implied=1;CPXPARAM_MIP_Cuts_MIRCut=-1;CPXPARAM_MIP_Cuts_PathCut=-1;CPXPARAM_MIP_Limits_AggForCut=3;CPXPARAM_MIP_Limits_CutPasses=0;CPXPARAM_MIP_Limits_CutsFactor=-1;CPXPARAM_MIP_Limits_GomoryCand=200;CPXPARAM_MIP_Limits_GomoryPass=0;CPXPARAM_MIP_Limits_Nodes=9223372036800000000;CPXPARAM_MIP_Limits_ProbeTime=1e+75;CPXPARAM_MIP_Limits_RepairTries=0;CPXPARAM_MIP_Limits_StrongCand=10;CPXPARAM_MIP_Limits_StrongIt=0;CPXPARAM_MIP_OrderType=0;CPXPARAM_MIP_Strategy_BBInterval=7;CPXPARAM_MIP_Strategy_Branch=-1;CPXPARAM_MIP_Strategy_Dive=0;CPXPARAM_MIP_Strategy_File=1;CPXPARAM_MIP_Strategy_HeuristicFreq=0;CPXPARAM_MIP_Strategy_LBHeur=0;CPXPARAM_MIP_Strategy_NodeSelect=3;CPXPARAM_MIP_Strategy_Order=1;CPXPARAM_MIP_Strategy_PresolveNode=-1;CPXPARAM_MIP_Strategy_Probe=2;CPXPARAM_MIP_Strategy_RINSHeur=0;CPXPARAM_MIP_Strategy_StartAlgorithm=0;CPXPARAM_MIP_Strategy_SubAlgorithm=0;CPXPARAM_MIP_Strategy_VariableSelect=1;CPXPARAM_Network_NetFind=2;CPXPARAM_Network_Pricing=0;CPXPARAM_Parallel=1;CPXPARAM_Preprocessing_Aggregator=-1;CPXPARAM_Preprocessing_BoundStrength=-1;CPXPARAM_Preprocessing_CoeffReduce=-1;CPXPARAM_Preprocessing_Dependency=-1;CPXPARAM_Preprocessing_Dual=0;CPXPARAM_Preprocessing_Fill=40;CPXPARAM_Preprocessing_NumPass=-1;CPXPARAM_Preprocessing_Presolve=1;CPXPARAM_Preprocessing_QPMakePSD=1;CPXPARAM_Preprocessing_Reduce=3;CPXPARAM_Preprocessing_Relax=-1;CPXPARAM_Preprocessing_RepeatPresolve=-1;CPXPARAM_Preprocessing_Symmetry=-1;CPXPARAM_Read_Scale=0;CPXPARAM_Sifting_Algorithm=0;CPXPARAM_Simplex_Crash=1;CPXPARAM_Simplex_DGradient=0;CPXPARAM_Simplex_Limits_Perturbation=0;CPXPARAM_Simplex_Limits_Singularity=10;CPXPARAM_Simplex_PGradient=0;CPXPARAM_Simplex_Pricing=0;CPXPARAM_Simplex_Refactor=0
4748387192229436115,0,CPXPARAM_Advance=1;CPXPARAM_Barrier_Algorithm=0;CPXPARAM_Barrier_ColNonzeros=0;CPXPARAM_Barrier_Crossover=0;CPXPARAM_Barrier_Limits_Corrections=-1;CPXPARAM_Barrier_Ordering=0;CPXPARAM_Barrier_StartAlg=1;CPXPARAM_Emphasis_MIP=3;CPXPARAM_Emphasis_Memory=0;CPXPARAM_Emphasis_Numerical=0;CPXPARAM_Feasopt_Mode=0;CPXPARAM_LPMethod=0;CPXPARAM_MIP_Cuts_Cliques=-1;CPXPARAM_MIP_Cuts_Covers=0;CPXPARAM_MIP_Cuts_Disjunctive=1;CPXPARAM_MIP_Cuts_FlowCovers=-1;CPXPARAM_MIP_Cuts_GUBCovers=2;CPXPARAM_MIP_Cuts_Gomory=2;CPXPARAM_MIP_Cuts_Implied=1;CPXPARAM_MIP_Cuts_MIRCut=1;CPXPARAM_MIP_Cuts_PathCut=-1;CPXPARAM_MIP_Limits_AggForCut=3;CPXPARAM_MIP_Limits_CutPasses=0;CPXPARAM_MIP_Limits_CutsFactor=-1;CPXPARAM_MIP_Limits_GomoryCand=25;CPXPARAM_MIP_Limits_GomoryPass=0;CPXPARAM_MIP_Limits_Nodes=9223372036800000000;CPXPARAM_MIP_Limits_ProbeTime=1e+75;CPXPARAM_MIP_Limits_RepairTries=0;CPXPARAM_MIP_Limits_StrongCand=10;CPXPARAM_MIP_Limits_StrongIt=0;CPXPARAM_MIP_OrderType=0;CPXPARAM_MIP_Strategy_BBInterval=7;CPXPARAM_MIP_Strategy_Branch=0;CPXPARAM_MIP_Strategy_Dive=0;CPXPARAM_MIP_Strategy_File=1;CPXPARAM_MIP_Strategy_HeuristicFreq=0;CPXPARAM_MIP_Strategy_LBHeur=0;CPXPARAM_MIP_Strategy_NodeSelect=1;CPXPARAM_MIP_Strategy_Order=1;CPXPARAM_MIP_Strategy_PresolveNode=0;CPXPARAM_MIP_Strategy_Probe=0;CPXPARAM_MIP_Strategy_RINSHeur=0;CPXPARAM_MIP_Strategy_StartAlgorithm=0;CPXPARAM_MIP_Strategy_SubAlgorithm=0;CPXPARAM_MIP_Strategy_VariableSelect=0;CPXPARAM_Network_NetFind=2;CPXPARAM_Network_Pricing=0;CPXPARAM_Parallel=1;CPXPARAM_Preprocessing_Aggregator=-1;CPXPARAM_Preprocessing_BoundStrength=-1;CPXPARAM_Preprocessing_CoeffReduce=-1;CPXPARAM_Preprocessing_Dependency=-1;CPXPARAM_Preprocessing_Dual=0;CPXPARAM_Preprocessing_Fill=10;CPXPARAM_Preprocessing_NumPass=-1;CPXPARAM_Preprocessing_Presolve=1;CPXPARAM_Preprocessing_QPMakePSD=1;CPXPARAM_Preprocessing_Reduce=3;CPXPARAM_Preprocessing_Relax=-1;CPXPARAM_Preprocessing_RepeatPresolve=-1;CPXPARAM_Preprocessing_Symmetry=-1;CPXPARAM_Read_Scale=0;CPXPARAM_Sifting_Algorithm=0;CPXPARAM_Simplex_Crash=1;CPXPARAM_Simplex_DGradient=0;CPXPARAM_Simplex_Limits_Perturbation=0;CPXPARAM_Simplex_Limits_Singularity=10;CPXPARAM_Simplex_PGradient=0;CPXPARAM_Simplex_Pricing=0;CPXPARAM_Simplex_Refactor=0
7541130618380779832,0,CPXPARAM_Advance=1;CPXPARAM_Barrier_Algorithm=0;CPXPARAM_Barrier_ColNonzeros=0;CPXPARAM_Barrier_Crossover=0;CPXPARAM_Barrier_Limits_Corrections=-1;CPXPARAM_Barrier_Ordering=0;CPXPARAM_Barrier_StartAlg=1;CPXPARAM_Emphasis_MIP=1;CPXPARAM_Emphasis_Memory=0;CPXPARAM_Emphasis_Numerical=0;CPXPARAM_Feasopt_Mode=0;CPXPARAM_LPMethod=0;CPXPARAM_MIP_Cuts_Cliques=0;CPXPARAM_MIP_Cuts_Covers=0;CPXPARAM_MIP_Cuts_Disjunctive=1;CPXPARAM_MIP_Cuts_FlowCovers=-1;CPXPARAM_MIP_Cuts_GUBCovers=1;CPXPARAM_MIP_Cuts_Gomory=-1;CPXPARAM_MIP_Cuts_Implied=-1;CPXPARAM_MIP_Cuts_MIRCut=-1;CPXPARAM_MIP_Cuts_PathCut=1;CPXPARAM_MIP_Limits_AggForCut=3;CPXPARAM_MIP_Limits_CutPasses=0;CPXPARAM_MIP_Limits_CutsFactor=-1;CPXPARAM_MIP_Limits_GomoryCand=400;CPXPARAM_MIP_Limits_GomoryPass=0;CPXPARAM_MIP_Limits_Nodes=9223372036800000000;CPXPARAM_MIP_Limits_ProbeTime=1e+75;CPXPARAM_MIP_Limits_RepairTries=0;CPXPARAM_MIP_Limits_StrongCand=10;CPXPARAM_MIP_Limits_StrongIt=0;CPXPARAM_MIP_OrderType=0;CPXPARAM_MIP_Strategy_BBInterval=7;CPXPARAM_MIP_Strategy_Branch=0;CPXPARAM_MIP_Strategy_Dive=0;CPXPARAM_MIP_Strategy_File=1;CPXPARAM_MIP_Strategy_HeuristicFreq=0;CPXPARAM_MIP_Strategy_LBHeur=0;CPXPARAM_MIP_Strategy_NodeSelect=1;CPXPARAM_MIP_Strategy_Order=1;CPXPARAM_MIP_Strategy_PresolveNode=0;CPXPARAM_MIP_Strategy_Probe=2;CPXPARAM_MIP_Strategy_RINSHeur=0;CPXPARAM_MIP_Strategy_StartAlgorithm=0;CPXPARAM_MIP_Strategy_SubAlgorithm=0;CPXPARAM_MIP_Strategy_VariableSelect=0;CPXPARAM_Network_NetFind=2;CPXPARAM_Network_Pricing=0;CPXPARAM_Parallel=1;CPXPARAM_Preprocessing_Aggregator=-1;CPXPARAM_Preprocessing_BoundStrength=-1;CPXPARAM_Preprocessing_CoeffReduce=-1;CPXPARAM_Preprocessing_Dependency=-1;CPXPARAM_Preprocessing_Dual=0;CPXPARAM_Preprocessing_Fill=10;CPXPARAM_Preprocessing_NumPass=-1;CPXPARAM_Preprocessing_Presolve=1;CPXPARAM_Preprocessing_QPMakePSD=1;CPXPARAM_Preprocessing_Reduce=3;CPXPARAM_Preprocessing_Relax=-1;CPXPARAM_Preprocessing_RepeatPresolve=-1;CPXPARAM_Preprocessing_Symmetry=-1;CPXPARAM_Read_Scale=0;CPXPARAM_Sifting_Algorithm=0;CPXPARAM_Simplex_Crash=1;CPXPARAM_Simplex_DGradient=0;CPXPARAM_Simplex_Limits_Perturbation=0;CPXPARAM_Simplex_Limits_Singularity=10;CPXPARAM_Simplex_PGradient=0;CPXPARAM_Simplex_Pricing=0;CPXPARAM_Simplex_Refactor=0
1102169214752620402,0,CPXPARAM_Advance=1;CPXPARAM_Barrier_Algorithm=0;CPXPARAM_Barrier_ColNonzeros=0;CPXPARAM_Barrier_Crossover=0;CPXPARAM_Barrier_Limits_Corrections=-1;CPXPARAM_Barrier_Ordering=0;CPXPARAM_Barrier_StartAlg=1;CPXPARAM_Emphasis_MIP=0;CPXPARAM_Emphasis_Memory=0;CPXPARAM_Emphasis_Numerical=0;CPXPARAM_Feasopt_Mode=0;CPXPARAM_LPMethod=0;CPXPARAM_MIP_Cuts_Cliques=3;CPXPARAM_MIP_Cuts_Covers=-1;CPXPARAM_MIP_Cuts_Disjunctive=-1;CPXPARAM_MIP_Cuts_FlowCovers=-1;CPXPARAM_MIP_Cuts_GUBCovers=0;CPXPARAM_MIP_Cuts_Gomory=0;CPXPARAM_MIP_Cuts_Implied=-1;CPXPARAM_MIP_Cuts_MIRCut=-1;CPXPARAM_MIP_Cuts_PathCut=-1;CPXPARAM_MIP_Limits_AggForCut=2;CPXPARAM_MIP_Limits_CutPasses=0;CPXPARAM_MIP_Limits_CutsFactor=-1;CPXPARAM_MIP_Limits_GomoryCand=50;CPXPARAM_MIP_Limits_GomoryPass=0;CPXPARAM_MIP_Limits_Nodes=9223372036800000000;CPXPARAM_MIP_Limits_ProbeTime=1e+75;CPXPARAM_MIP_Limits_RepairTries=0;CPXPARAM_MIP_Limits_StrongCand=10;CPXPARAM_MIP_Limits_StrongIt=0;CPXPARAM_MIP_OrderType=0;CPXPARAM_MIP_Strategy_BBInterval=7;CPXPARAM_MIP_Strategy_Branch=0;CPXPARAM_MIP_Strategy_Dive=0;CPXPARAM_MIP_Strategy_File=1;CPXPARAM_MIP_Strategy_HeuristicFreq=0;CPXPARAM_MIP_Strategy_LBHeur=0;CPXPARAM_MIP_Strategy_NodeSelect=0;CPXPARAM_MIP_Strategy_Order=1;CPXPARAM_MIP_Strategy_PresolveNode=3;CPXPARAM_MIP_Strategy_Probe=0;CPXPARAM_MIP_Strategy_RINSHeur=0;CPXPARAM_MIP_Strategy_StartAlgorithm=0;CPXPARAM_MIP_Strategy_SubAlgorithm=0;CPXPARAM_MIP_Strategy_VariableSelect=2;CPXPARAM_Network_NetFind=2;CPXPARAM_Network_Pricing=0;CPXPARAM_Parallel=1;CPXPARAM_Preprocessing_Aggregator=-1;CPXPARAM_Preprocessing_BoundStrength=-1;CPXPARAM_Preprocessing_CoeffReduce=-1;CPXPARAM_Preprocessing_Dependency=-1;CPXPARAM_Preprocessing_Dual=0;CPXPARAM_Preprocessing_Fill=20;CPXPARAM_Preprocessing_NumPass=-1;CPXPARAM_Preprocessing_Presolve=1;CPXPARAM_Preprocessing_QPMakePSD=1;CPXPARAM_Preprocessing_Reduce=3;CPXPARAM_Preprocessing_Relax=-1;CPXPARAM_Preprocessing_RepeatPresolve=-1;CPXPARAM_Preprocessing_Symmetry=-1;CPXPARAM_Read_Scale=0;CPXPARAM_Sifting_Algorithm=0;CPXPARAM_Simplex_Crash=1;CPXPARAM_Simplex_DGradient=0;CPXPARAM_Simplex_Limits_Perturbation=0;CPXPARAM_Simplex_Limits_Singularity=10;CPXPARAM_Simplex_PGradient=0;CPXPARAM_Simplex_Pricing=0;CPXPARAM_Simplex_Refactor=0
6741008766033897672,0,CPXPARAM_Advance=1;CPXPARAM_Barrier_Algorithm=0;CPXPARAM_Barrier_ColNonzeros=0;CPXPARAM_Barrier_Crossover=0;CPXPARAM_Barrier_Limits_Corrections=-1;CPXPARAM_Barrier_Ordering=0;CPXPARAM_Barrier_StartAlg=1;CPXPARAM_Emphasis_MIP=1;CPXPARAM_Emphasis_Memory=0;CPXPARAM_Emphasis_Numerical=0;CPXPARAM_Feasopt_Mode=0;CPXPARAM_LPMethod=0;CPXPARAM_MIP_Cuts_Cliques=1;CPXPARAM_MIP_Cuts_Covers=-1;CPXPARAM_MIP_Cuts_Disjunctive=0;CPXPARAM_MIP_Cuts_FlowCovers=2;CPXPARAM_MIP_Cuts_GUBCovers=1;CPXPARAM_MIP_Cuts_Gomory=2;CPXPARAM_MIP_Cuts_Implied=2;CPXPARAM_MIP_Cuts_MIRCut=1;CPXPARAM_MIP_Cuts_PathCut=0;CPXPARAM_MIP_Limits_AggForCut=3;CPXPARAM_MIP_Limits_CutPasses=0;CPXPARAM_MIP_Limits_CutsFactor=-1;CPXPARAM_MIP_Limits_GomoryCand=100;CPXPARAM_MIP_Limits_GomoryPass=0;CPXPARAM_MIP_Limits_Nodes=9223372036800000000;CPXPARAM_MIP_Limits_ProbeTime=1e+75;CPXPARAM_MIP_Limits_RepairTries=0;CPXPARAM_MIP_Limits_StrongCand=10;CPXPARAM_MIP_Limits_StrongIt=0;CPXPARAM_MIP_OrderType=0;CPXPARAM_MIP_Strategy_BBInterval=7;CPXPARAM_MIP_Strategy_Branch=1;CPXPARAM_MIP_Strategy_Dive=0;CPXPARAM_MIP_Strategy_File=1;CPXPARAM_MIP_Strategy_HeuristicFreq=0;CPXPARAM_MIP_Strategy_LBHeur=0;CPXPARAM_MIP_Strategy_NodeSelect=2;CPXPARAM_MIP_Strategy_Order=1;CPXPARAM_MIP_Strategy_PresolveNode=3;CPXPARAM_MIP_Strategy_Probe=1;CPXPARAM_MIP_Strategy_RINSHeur=0;CPXPARAM_MIP_Strategy_StartAlgorithm=0;CPXPARAM_MIP_Strategy_SubAlgorithm=0;CPXPARAM_MIP_Strategy_VariableSelect=-1;CPXPARAM_Network_NetFind=2;CPXPARAM_Network_Pricing=0;CPXPARAM_Parallel=1;CPXPARAM_Preprocessing_Aggregator=-1;CPXPARAM_Preprocessing_BoundStrength=-1;CPXPARAM_Preprocessing_CoeffReduce=-1;CPXPARAM_Preprocessing_Dependency=-1;CPXPARAM_Preprocessing_Dual=0;CPXPARAM_Preprocessing_Fill=10;CPXPARAM_Preprocessing_NumPass=-1;CPXPARAM_Preprocessing_Presolve=1;CPXPARAM_Preprocessing_QPMakePSD=1;CPXPARAM_Preprocessing_Reduce=3;CPXPARAM_Preprocessing_Relax=-1;CPXPARAM_Preprocessing_RepeatPresolve=-1;CPXPARAM_Preprocessing_Symmetry=-1;CPXPARAM_Read_Scale=0;CPXPARAM_Sifting_Algorithm=0;CPXPARAM_Simplex_Crash=1;CPXPARAM_Simplex_DGradient=0;CPXPARAM_Simplex_Limits_Perturbation=0;CPXPARAM_Simplex_Limits_Singularity=10;CPXPARAM_Simplex_PGradient=0;CPXPARAM_Simplex_Pricing=0;CPXPARAM_Simplex_Refactor=0
9837918176105079338,0,CPXPARAM_Advance=1;CPXPARAM_Barrier_Algorithm=0;CPXPARAM_Barrier_ColNonzeros=0;CPXPARAM_Barrier_Crossover=0;CPXPARAM_Barrier_Limits_Corrections=-1;CPXPARAM_Barrier_Ordering=0;CPXPARAM_Barrier_StartAlg=1;CPXPARAM_Emphasis_MIP=4;CPXPARAM_Emphasis_Memory=0;CPXPARAM_Emphasis_Numerical=0;CPXPARAM_Feasopt_Mode=0;CPXPARAM_LPMethod=0;CPXPARAM_MIP_Cuts_Cliques=0;CPXPARAM_MIP_Cuts_Covers=0;CPXPARAM_MIP_Cuts_Disjunctive=0;CPXPARAM_MIP_Cuts_FlowCovers=0;CPXPARAM_MIP_Cuts_GUBCovers=2;CPXPARAM_MIP_Cuts_Gomory=0;CPXPARAM_MIP_Cuts_Implied=0;CPXPARAM_MIP_Cuts_MIRCut=1;CPXPARAM_MIP_Cuts_PathCut=1;CPXPARAM_MIP_Limits_AggForCut=3;CPXPARAM_MIP_Limits_CutPasses=0;CPXPARAM_MIP_Limits_CutsFactor=-1;CPXPARAM_MIP_Limits_GomoryCand=150;CPXPARAM_MIP_Limits_GomoryPass=0;CPXPARAM_MIP_Limits_Nodes=9223372036800000000;CPXPARAM_MIP_Limits_ProbeTime=1e+75;CPXPARAM_MIP_Limits_RepairTries=0;CPXPARAM_MIP_Limits_StrongCand=10;CPXPARAM_MIP_Limits_StrongIt=0;CPXPARAM_MIP_OrderType=0;CPXPARAM_MIP_Strategy_BBInterval=7;CPXPARAM_MIP_Strategy_Branch=0;CPXPARAM_MIP_Strategy_Dive=0;CPXPARAM_MIP_Strategy_File=1;CPXPARAM_MIP_Strategy_HeuristicFreq=0;CPXPARAM_MIP_Strategy_LBHeur=0;CPXPARAM_MIP_Strategy_NodeSelect=1;CPXPARAM_MIP_Strategy_Order=1;CPXPARAM_MIP_Strategy_PresolveNode=0;CPXPARAM_MIP_Strategy_Probe=0;CPXPARAM_MIP_Strategy_RINSHeur=0;CPXPARAM_MIP_Strategy_StartAlgorithm=0;CPXPARAM_MIP_Strategy_SubAlgorithm=0;CPXPARAM_MIP_Strategy_VariableSelect=0;CPXPARAM_Network_NetFind=2;CPXPARAM_Network_Pricing=0;CPXPARAM_Parallel=1;CPXPARAM_Preprocessing_Aggregator=-1;CPXPARAM_Preprocessing_BoundStrength=-1;CPXPARAM_Preprocessing_CoeffReduce=-1;CPXPARAM_Preprocessing_Dependency=-1;CPXPARAM_Preprocessing_Dual=0;CPXPARAM_Preprocessing_Fill=10;CPXPARAM_Preprocessing_NumPass=-1;CPXPARAM_Preprocessing_Presolve=1;CPXPARAM_Preprocessing_QPMakePSD=1;CPXPARAM_Preprocessing_Reduce=3;CPXPARAM_Preprocessing_Relax=-1;CPXPARAM_Preprocessing_RepeatPresolve=-1;CPXPARAM_Preprocessing_Symmetry=-1;CPXPARAM_Read_Scale=0;CPXPARAM_Sifting_Algorithm=0;CPXPARAM_Simplex_Crash=1;CPXPARAM_Simplex_DGradient=0;CPXPARAM_Simplex_Limits_Perturbation=0;CPXPARAM_Simplex_Limits_Singularity=10;CPXPARAM_Simplex_PGradient=0;CPXPARAM_Simplex_Pricing=0;CPXPARAM_Simplex_Refactor=0
11599720758497872290,0,CPXPARAM_Advance=1;CPXPARAM_Barrier_Algorithm=0;CPXPARAM_Barrier_ColNonzeros=0;CPXPARAM_Barrier_Crossover=0;CPXPARAM_Barrier_Limits_Corrections=-1;CPXPARAM_Barrier_Ordering=0;CPXPARAM_Barrier_StartAlg=1;CPXPARAM_Emphasis_MIP=0;CPXPARAM_Emphasis_Memory=0;CPXPARAM_Emphasis_Numerical=0;CPXPARAM_Feasopt_Mode=0;CPXPARAM_LPMethod=0;CPXPARAM_MIP_Cuts_Cliques=2;CPXPARAM_MIP_Cuts_Covers=-1;CPXPARAM_MIP_Cuts_Disjunctive=0;CPXPARAM_MIP_Cuts_FlowCovers=2;CPXPARAM_MIP_Cuts_GUBCovers=0;CPXPARAM_MIP_Cuts_Gomory=0;CPXPARAM_MIP_Cuts_Implied=1;CPXPARAM_MIP_Cuts_MIRCut=1;CPXPARAM_MIP_Cuts_PathCut=0;CPXPARAM_MIP_Limits_AggForCut=3;CPXPARAM_MIP_Limits_CutPasses=0;CPXPARAM_MIP_Limits_CutsFactor=-1;CPXPARAM_MIP_Limits_GomoryCand=10;CPXPARAM_MIP_Limits_GomoryPass=0;CPXPARAM_MIP_Limits_Nodes=9223372036800000000;CPXPARAM_MIP_Limits_ProbeTime=1e+75;CPXPARAM_MIP_Limits_RepairTries=0;CPXPARAM_MIP_Limits_StrongCand=10;CPXPARAM_MIP_Limits_StrongIt=0;CPXPARAM_MIP_OrderType=0;CPXPARAM_MIP_Strategy_BBInterval=7;CPXPARAM_MIP_Strategy_Branch=0;CPXPARAM_MIP_Strategy_Dive=0;CPXPARAM_MIP_Strategy_File=1;CPXPARAM_MIP_Strategy_HeuristicFreq=0;CPXPARAM_MIP_Strategy_LBHeur=0;CPXPARAM_MIP_Strategy_NodeSelect=2;CPXPARAM_MIP_Strategy_Order=1;CPXPARAM_MIP_Strategy_PresolveNode=2;CPXPARAM_MIP_Strategy_Probe=0;CPXPARAM_MIP_Strategy_RINSHeur=0;CPXPARAM_MIP_Strategy_StartAlgorithm=0;CPXPARAM_MIP_Strategy_SubAlgorithm=0;CPXPARAM_MIP_Strategy_VariableSelect=-1;CPXPARAM_Network_NetFind=2;CPXPARAM_Network_Pricing=0;CPXPARAM_Parallel=1;CPXPARAM_Preprocessing_Aggregator=-1;CPXPARAM_Preprocessing_BoundStrength=-1;CPXPARAM_Preprocessing_CoeffReduce=-1;CPXPARAM_Preprocessing_Dependency=-1;CPXPARAM_Preprocessing_Dual=0;CPXPARAM_Preprocessing_Fill=10;CPXPARAM_Preprocessing_NumPass=-1;CPXPARAM_Preprocessing_Presolve=1;CPXPARAM_Preprocessing_QPMakePSD=1;CPXPARAM_Preprocessing_Reduce=3;CPXPARAM_Preprocessing_Relax=-1;CPXPARAM_Preprocessing_RepeatPresolve=-1;CPXPARAM_Preprocessing_Symmetry=-1;CPXPARAM_Read_Scale=0;CPXPARAM_Sifting_Algorithm=0;CPXPARAM_Simplex_Crash=1;CPXPARAM_Simplex_DGradient=0;CPXPARAM_Simplex_Limits_Perturbation=0;CPXPARAM_Simplex_Limits_Singularity=10;CPXPARAM_Simplex_PGradient=0;CPXPARAM_Simplex_Pricing=0;CPXPARAM_Simplex_Refactor=0
15213670608450425774,0,CPXPARAM_Advance=1;CPXPARAM_Barrier_Algorithm=0;CPXPARAM_Barrier_ColNonzeros=0;CPXPARAM_Barrier_Crossover=0;CPXPARAM_Barrier_Limits_Corrections=-1;CPXPARAM_Barrier_Ordering=0;CPXPARAM_Barrier_StartAlg=1;CPXPARAM_Emphasis_MIP=5;CPXPARAM_Emphasis_Memory=0;CPXPARAM_Emphasis_Numerical=0;CPXPARAM_Feasopt_Mode=0;CPXPARAM_LPMethod=0;CPXPARAM_MIP_Cuts_Cliques=2;CPXPARAM_MIP_Cuts_Covers=0;CPXPARAM_MIP_Cuts_Disjunctive=0;CPXPARAM_MIP_Cuts_FlowCovers=1;CPXPARAM_MIP_Cuts_GUBCovers=1;CPXPARAM_MIP_Cuts_Gomory=-1;CPXPARAM_MIP_Cuts_Implied=2;CPXPARAM_MIP_Cuts_MIRCut=1;CPXPARAM_MIP_Cuts_PathCut=0;CPXPARAM_MIP_Limits_AggForCut=3;CPXPARAM_MIP_Limits_CutPasses=0;CPXPARAM_MIP_Limits_CutsFactor=-1;CPXPARAM_MIP_Limits_GomoryCand=800;CPXPARAM_MIP_Limits_GomoryPass=0;CPXPARAM_MIP_Limits_Nodes=9223372036800000000;CPXPARAM_MIP_Limits_ProbeTime=1e+75;CPXPARAM_MIP_Limits_RepairTries=0;CPXPARAM_MIP_Limits_StrongCand=10;CPXPARAM_MIP_Limits_StrongIt=0;CPXPARAM_MIP_OrderType=0;CPXPARAM_MIP_Strategy_BBInterval=7;CPXPARAM_MIP_Strategy_Branch=-1;CPXPARAM_MIP_Strategy_Dive=0;CPXPARAM_MIP_Strategy_File=1;CPXPARAM_MIP_Strategy_HeuristicFreq=0;CPXPARAM_MIP_Strategy_LBHeur=0;CPXPARAM_MIP_Strategy_NodeSelect=2;CPXPARAM_MIP_Strategy_Order=1;CPXPARAM_MIP_Strategy_PresolveNode=-1;CPXPARAM_MIP_Strategy_Probe=3;CPXPARAM_MIP_Strategy_RINSHeur=0;CPXPARAM_MIP_Strategy_StartAlgorithm=0;CPXPARAM_MIP_Strategy_SubAlgorithm=0;CPXPARAM_MIP_Strategy_VariableSelect=4;CPXPARAM_Network_NetFind=2;CPXPARAM_Network_Pricing=0;CPXPARAM_Parallel=1;CPXPARAM_Preprocessing_Aggregator=-1;CPXPARAM_Preprocessing_BoundStrength=-1;CPXPARAM_Preprocessing_CoeffReduce=-1;CPXPARAM_Preprocessing_Dependency=-1;CPXPARAM_Preprocessing_Dual=0;CPXPARAM_Preprocessing_Fill=40;CPXPARAM_Preprocessing_NumPass=-1;CPXPARAM_Preprocessing_Presolve=1;CPXPARAM_Preprocessing_QPMakePSD=1;CPXPARAM_Preprocessing_Reduce=3;CPXPARAM_Preprocessing_Relax=-1;CPXPARAM_Preprocessing_RepeatPresolve=-1;CPXPARAM_Preprocessing_Symmetry=-1;CPXPARAM_Read_Scale=0;CPXPARAM_Sifting_Algorithm=0;CPXPARAM_Simplex_Crash=1;CPXPARAM_Simplex_DGradient=0;CPXPARAM_Simplex_Limits_Perturbation=0;CPXPARAM_Simplex_Limits_Singularity=10;CPXPARAM_Simplex_PGradient=0;CPXPARAM_Simplex_Pricing=0;CPXPARAM_Simplex_Refactor=0
6900479381043611542,0,CPXPARAM_Advance=1;CPXPARAM_Barrier_Algorithm=0;CPXPARAM_Barrier_ColNonzeros=0;CPXPARAM_Barrier_Crossover=0;CPXPARAM_Barrier_Limits_Corrections=-1;CPXPARAM_Barrier_Ordering=0;CPXPARAM_Barrier_StartAlg=1;CPXPARAM_Emphasis_MIP=0;CPXPARAM_Emphasis_Memory=0;CPXPARAM_Emphasis_Numerical=0;CPXPARAM_Feasopt_Mode=0;CPXPARAM_LPMethod=0;CPXPARAM_MIP_Cuts_Cliques=0;CPXPARAM_MIP_Cuts_Covers=0;CPXPARAM_MIP_Cuts_Disjunctive=-1;CPXPARAM_MIP_Cuts_FlowCovers=2;CPXPARAM_MIP_Cuts_GUBCovers=-1;CPXPARAM_MIP_Cuts_Gomory=2;CPXPARAM_MIP_Cuts_Implied=-1;CPXPARAM_MIP_Cuts_MIRCut=0;CPXPARAM_MIP_Cuts_PathCut=2;CPXPARAM_MIP_Limits_AggForCut=3;CPXPARAM_MIP_Limits_CutPasses=0;CPXPARAM_MIP_Limits_CutsFactor=-1;CPXPARAM_MIP_Limits_GomoryCand=150;CPXPARAM_MIP_Limits_GomoryPass=0;CPXPARAM_MIP_Limits_Nodes=9223372036800000000;CPXPARAM_MIP_Limits_ProbeTime=1e+75;CPXPARAM_MIP_Limits_RepairTries=0;CPXPARAM_MIP_Limits_StrongCand=10;CPXPARAM_MIP_Limits_StrongIt=0;CPXPARAM_MIP_OrderType=0;CPXPARAM_MIP_Strategy_BBInterval=7;CPXPARAM_MIP_Strategy_Branch=0;CPXPARAM_MIP_Strategy_Dive=0;CPXPARAM_MIP_Strategy_File=1;CPXPARAM_MIP_Strategy_HeuristicFreq=0;CPXPARAM_MIP_Strategy_LBHeur=0;CPXPARAM_MIP_Strategy_NodeSelect=1;CPXPARAM_MIP_Strategy_Order=1;CPXPARAM_MIP_Strategy_PresolveNode=0;CPXPARAM_MIP_Strategy_Probe=0;CPXPARAM_MIP_Strategy_RINSHeur=0;CPXPARAM_MIP_Strategy_StartAlgorithm=0;CPXPARAM_MIP_Strategy_SubAlgorithm=0;CPXPARAM_MIP_Strategy_VariableSelect=0;CPXPARAM_Network_NetFind=2;CPXPARAM_Network_Pricing=0;CPXPARAM_Parallel=1;CPXPARAM_Preprocessing_Aggregator=-1;CPXPARAM_Preprocessing_BoundStrength=-1;CPXPARAM_Preprocessing_CoeffReduce=-1;CPXPARAM_Preprocessing_Dependency=-1;CPXPARAM_Preprocessing_Dual=0;CPXPARAM_Preprocessing_Fill=10;CPXPARAM_Preprocessing_NumPass=-1;CPXPARAM_Preprocessing_Presolve=1;CPXPARAM_Preprocessing_QPMakePSD=1;CPXPARAM_Preprocessing_Reduce=3;CPXPARAM_Preprocessing_Relax=-1;CPXPARAM_Preprocessing_RepeatPresolve=-1;CPXPARAM_Preprocessing_Symmetry=-1;CPXPARAM_Read_Scale=0;CPXPARAM_Sifting_Algorithm=0;CPXPARAM_Simplex_Crash=1;CPXPARAM_Simplex_DGradient=0;CPXPARAM_Simplex_Limits_Perturbation=0;CPXPARAM_Simplex_Limits_Singularity=10;CPXPARAM_Simplex_PGradient=0;CPXPARAM_Simplex_Pricing=0;CPXPARAM_Simplex_Refactor=0
17625891615706370309,0,CPXPARAM_Advance=1;CPXPARAM_Barrier_Algorithm=0;CPXPARAM_Barrier_ColNonzeros=0;CPXPARAM_Barrier_Crossover=0;CPXPARAM_Barrier_Limits_Corrections=-1;CPXPARAM_Barrier_Ordering=0;CPXPARAM_Barrier_StartAlg=1;CPXPARAM_Emphasis_MIP=0;CPXPARAM_Emphasis_Memory=0;CPXPARAM_Emphasis_Numerical=0;CPXPARAM_Feasopt_Mode=0;CPXPARAM_LPMethod=0;CPXPARAM_MIP_Cuts_Cliques=1;CPXPARAM_MIP_Cuts_Covers=0;CPXPARAM_MIP_Cuts_Disjunctive=1;CPXPARAM_MIP_Cuts_FlowCovers=0;CPXPARAM_MIP_Cuts_GUBCovers=1;CPXPARAM_MIP_Cuts_Gomory=2;CPXPARAM_MIP_Cuts_Implied=-1;CPXPARAM_MIP_Cuts_MIRCut=-1;CPXPARAM_MIP_Cuts_PathCut=1;CPXPARAM_MIP_Limits_AggForCut=0;CPXPARAM_MIP_Limits_CutPasses=0;CPXPARAM_MIP_Limits_CutsFactor=-1;CPXPARAM_MIP_Limits_GomoryCand=800;CPXPARAM_MIP_Limits_GomoryPass=0;CPXPARAM_MIP_Limits_Nodes=9223372036800000000;CPXPARAM_MIP_Limits_ProbeTime=1e+75;CPXPARAM_MIP_Limits_RepairTries=0;CPXPARAM_MIP_Limits_StrongCand=10;CPXPARAM_MIP_Limits_StrongIt=0;CPXPARAM_MIP_OrderType=3;CPXPARAM_MIP_Strategy_BBInterval=7;CPXPARAM_MIP_Strategy_Branch=1;CPXPARAM_MIP_Strategy_Dive=0;CPXPARAM_MIP_Strategy_File=1;CPXPARAM_MIP_Strategy_HeuristicFreq=0;CPXPARAM_MIP_Strategy_LBHeur=0;CPXPARAM_MIP_Strategy_NodeSelect=3;CPXPARAM_MIP_Strategy_Order=1;CPXPARAM_MIP_Strategy_PresolveNode=0;CPXPARAM_MIP_Strategy_Probe=3;CPXPARAM_MIP_Strategy_RINSHeur=0;CPXPARAM_MIP_Strategy_StartAlgorithm=0;CPXPARAM_MIP_Strategy_SubAlgorithm=0;CPXPARAM_MIP_Strategy_VariableSelect=1;CPXPARAM_Network_NetFind=2;CPXPARAM_Network_Pricing=0;CPXPARAM_Parallel=1;CPXPARAM_Preprocessing_Aggregator=-1;CPXPARAM_Preprocessing_BoundStrength=-1;CPXPARAM_Preprocessing_CoeffReduce=-1;CPXPARAM_Preprocessing_Dependency=-1;CPXPARAM_Preprocessing_Dual=0;CPXPARAM_Preprocessing_Fill=10;CPXPARAM_Preprocessing_NumPass=-1;CPXPARAM_Preprocessing_Presolve=1;CPXPARAM_Preprocessing_QPMakePSD=1;CPXPARAM_Preprocessing_Reduce=3;CPXPARAM_Preprocessing_Relax=-1;CPXPARAM_Preprocessing_RepeatPresolve=-1;CPXPARAM_Preprocessing_Symmetry=-1;CPXPARAM_Read_Scale=0;CPXPARAM_Sifting_Algorithm=0;CPXPARAM_Simplex_Crash=1;CPXPARAM_Simplex_DGradient=0;CPXPARAM_Simplex_Limits_Perturbation=0;CPXPARAM_Simplex_Limits_Singularity=10;CPXPARAM_Simplex_PGradient=0;CPXPARAM_Simplex_Pricing=0;CPXPARAM_Simplex_Refactor=0
15763877497255664332,0,CPXPARAM_Advance=1;CPXPARAM_Barrier_Algorithm=0;CPXPARAM_Barrier_ColNonzeros=0;CPXPARAM_Barrier_Crossover=0;CPXPARAM_Barrier_Limits_Corrections=-1;CPXPARAM_Barrier_Ordering=0;CPXPARAM_Barrier_StartAlg=1;CPXPARAM_Emphasis_MIP=2;CPXPARAM_Emphasis_Memory=0;CPXPARAM_Emphasis_Numerical=0;CPXPARAM_Feasopt_Mode=0;CPXPARAM_LPMethod=0;CPXPARAM_MIP_Cuts_Cliques=-1;CPXPARAM_MIP_Cuts_Covers=0;CPXPARAM_MIP_Cuts_Disjunctive=-1;CPXPARAM_MIP_Cuts_FlowCovers=-1;CPXPARAM_MIP_Cuts_GUBCovers=0;CPXPARAM_MIP_Cuts_Gomory=0;CPXPARAM_MIP_Cuts_Implied=0;CPXPARAM_MIP_Cuts_MIRCut=2;CPXPARAM_MIP_Cuts_PathCut=1;CPXPARAM_MIP_Limits_AggForCut=3;CPXPARAM_MIP_Limits_CutPasses=0;CPXPARAM_MIP_Limits_CutsFactor=-1;CPXPARAM_MIP_Limits_GomoryCand=400;CPXPARAM_MIP_Limits_GomoryPass=0;CPXPARAM_MIP_Limits_Nodes=9223372036800000000;CPXPARAM_MIP_Limits_ProbeTime=1e+75;CPXPARAM_MIP_Limits_RepairTries=0;CPXPARAM_MIP_Limits_StrongCand=10;CPXPARAM_MIP_Limits_StrongIt=0;CPXPARAM_MIP_OrderType=0;CPXPARAM_MIP_Strategy_BBInterval=7;CPXPARAM_MIP_Strategy_Branch=0;CPXPARAM_MIP_Strategy_Dive=0;CPXPARAM_MIP_Strategy_File=1;CPXPARAM_MIP_Strategy_HeuristicFreq=0;CPXPARAM_MIP_Strategy_LBHeur=0;CPXPARAM_MIP_Strategy_NodeSelect=1;CPXPARAM_MIP_Strategy_Order=1;CPXPARAM_MIP_Strategy_PresolveNode=0;CPXPARAM_MIP_Strategy_Probe=0;CPXPARAM_MIP_Strategy_RINSHeur=0;CPXPARAM_MIP_Strategy_StartAlgorithm=0;CPXPARAM_MIP_Strategy_SubAlgorithm=0;CPXPARAM_MIP_Strategy_VariableSelect=0;CPXPARAM_Network_NetFind=2;CPXPARAM_Network_Pricing=0;CPXPARAM_Parallel=1;CPXPARAM_Preprocessing_Aggregator=-1;CPXPARAM_Preprocessing_BoundStrength=-1;CPXPARAM_Preprocessing_CoeffReduce=-1;CPXPARAM_Preprocessing_Dependency=-1;CPXPARAM_Preprocessing_Dual=0;CPXPARAM_Preprocessing_Fill=10;CPXPARAM_Preprocessing_NumPass=-1;CPXPARAM_Preprocessing_Presolve=1;CPXPARAM_Preprocessing_QPMakePSD=1;CPXPARAM_Preprocessing_Reduce=3;CPXPARAM_Preprocessing_Relax=-1;CPXPARAM_Preprocessing_RepeatPresolve=-1;CPXPARAM_Preprocessing_Symmetry=-1;CPXPARAM_Read_Scale=0;CPXPARAM_Sifting_Algorithm=0;CPXPARAM_Simplex_Crash=1;CPXPARAM_Simplex_DGradient=0;CPXPARAM_Simplex_Limits_Perturbation=0;CPXPARAM_Simplex_Limits_Singularity=10;CPXPARAM_Simplex_PGradient=0;CPXPARAM_Simplex_Pricing=0;CPXPARAM_Simplex_Refactor=0
15221306530604872126,0,CPXPARAM_Advance=1;CPXPARAM_Barrier_Algorithm=0;CPXPARAM_Barrier_ColNonzeros=0;CPXPARAM_Barrier_Crossover=0;CPXPARAM_Barrier_Limits_Corrections=-1;CPXPARAM_Barrier_Ordering=0;CPXPARAM_Barrier_StartAlg=1;CPXPARAM_Emphasis_MIP=4;CPXPARAM_Emphasis_Memory=0;CPXPARAM_Emphasis_Numerical=0;CPXPARAM_Feasopt_Mode=0;CPXPARAM_LPMethod=0;CPXPARAM_MIP_Cuts_Cliques=0;CPXPARAM_MIP_Cuts_Covers=1;CPXPARAM_MIP_Cuts_Disjunctive=1;CPXPARAM_MIP_Cuts_FlowCovers=-1;CPXPARAM_MIP_Cuts_GUBCovers=2;CPXPARAM_MIP_Cuts_Gomory=0;CPXPARAM_MIP_Cuts_Implied=0;CPXPARAM_MIP_Cuts_MIRCut=0;CPXPARAM_MIP_Cuts_PathCut=1;CPXPARAM_MIP_Limits_AggForCut=3;CPXPARAM_MIP_Limits_CutPasses=0;CPXPARAM_MIP_Limits_CutsFactor=-1;CPXPARAM_MIP_Limits_GomoryCand=150;CPXPARAM_MIP_Limits_GomoryPass=0;CPXPARAM_MIP_Limits_Nodes=9223372036800000000;CPXPARAM_MIP_Limits_ProbeTime=1e+75;CPXPARAM_MIP_Limits_RepairTries=0;CPXPARAM_MIP_Limits_StrongCand=10;CPXPARAM_MIP_Limits_StrongIt=0;CPXPARAM_MIP_OrderType=0;CPXPARAM_MIP_Strategy_BBInterval=7;CPXPARAM_MIP_Strategy_Branch=0;CPXPARAM_MIP_Strategy_Dive=0;CPXPARAM_MIP_Strategy_File=1;CPXPARAM_MIP_Strategy_HeuristicFreq=0;CPXPARAM_MIP_Strategy_LBHeur=0;CPXPARAM_MIP_Strategy_NodeSelect=1;CPXPARAM_MIP_Strategy_Order=1;CPXPARAM_MIP_Strategy_PresolveNode=0;CPXPARAM_MIP_Strategy_Probe=0;CPXPARAM_MIP_Strategy_RINSHeur=0;CPXPARAM_MIP_Strategy_StartAlgorithm=0;CPXPARAM_MIP_Strategy_SubAlgorithm=0;CPXPARAM_MIP_Strategy_VariableSelect=0;CPXPARAM_Network_NetFind=2;CPXPARAM_Network_Pricing=0;CPXPARAM_Parallel=1;CPXPARAM_Preprocessing_Aggregator=-1;CPXPARAM_Preprocessing_BoundStrength=-1;CPXPARAM_Preprocessing_CoeffReduce=-1;CPXPARAM_Preprocessing_Dependency=-1;CPXPARAM_Preprocessing_Dual=0;CPXPARAM_Preprocessing_Fill=10;CPXPARAM_Preprocessing_NumPass=-1;CPXPARAM_Preprocessing_Presolve=1;CPXPARAM_Preprocessing_QPMakePSD=1;CPXPARAM_Preprocessing_Reduce=3;CPXPARAM_Preprocessing_Relax=-1;CPXPARAM_Preprocessing_RepeatPresolve=-1;CPXPARAM_Preprocessing_Symmetry=-1;CPXPARAM_Read_Scale=0;CPXPARAM_Sifting_Algorithm=0;CPXPARAM_Simplex_Crash=1;CPXPARAM_Simplex_DGradient=0;CPXPARAM_Simplex_Limits_Perturbation=0;CPXPARAM_Simplex_Limits_Singularity=10;CPXPARAM_Simplex_PGradient=0;CPXPARAM_Simplex_Pricing=0;CPXPARAM_Simplex_Refactor=0
5020726705231903038,0,CPXPARAM_Advance=1;CPXPARAM_Barrier_Algorithm=0;CPXPARAM_Barrier_ColNonzeros=0;CPXPARAM_Barrier_Crossover=0;CPXPARAM_Barrier_Limits_Corrections=-1;CPXPARAM_Barrier_Ordering=0;CPXPARAM_Barrier_StartAlg=1;CPXPARAM_Emphasis_MIP=5;CPXPARAM_Emphasis_Memory=0;CPXPARAM_Emphasis_Numerical=0;CPXPARAM_Feasopt_Mode=0;CPXPARAM_LPMethod=0;CPXPARAM_MIP_Cuts_Cliques=2;CPXPARAM_MIP_Cuts_Covers=-1;CPXPARAM_MIP_Cuts_Disjunctive=0;CPXPARAM_MIP_Cuts_FlowCovers=-1;CPXPARAM_MIP_Cuts_GUBCovers=-1;CPXPARAM_MIP_Cuts_Gomory=-1;CPXPARAM_MIP_Cuts_Implied=-1;CPXPARAM_MIP_Cuts_MIRCut=2;CPXPARAM_MIP_Cuts_PathCut=2;CPXPARAM_MIP_Limits_AggForCut=3;CPXPARAM_MIP_Limits_CutPasses=0;CPXPARAM_MIP_Limits_CutsFactor=-1;CPXPARAM_MIP_Limits_GomoryCand=50;CPXPARAM_MIP_Limits_GomoryPass=0;CPXPARAM_MIP_Limits_Nodes=9223372036800000000;CPXPARAM_MIP_Limits_ProbeTime=1e+75;CPXPARAM_MIP_Limits_RepairTries=0;CPXPARAM_MIP_Limits_StrongCand=10;CPXPARAM_MIP_Limits_StrongIt=0;CPXPARAM_MIP_OrderType=0;CPXPARAM_MIP_Strategy_BBInterval=7;CPXPARAM_MIP_Strategy_Branch=0;CPXPARAM_MIP_Strategy_Dive=0;CPXPARAM_MIP_Strategy_File=1;CPXPARAM_MIP_Strategy_HeuristicFreq=0;CPXPARAM_MIP_Strategy_LBHeur=0;CPXPARAM_MIP_Strategy_NodeSelect=1;CPXPARAM_MIP_Strategy_Order=1;CPXPARAM_MIP_Strategy_PresolveNode=0;CPXPARAM_MIP_Strategy_Probe=-1;CPXPARAM_MIP_Strategy_RINSHeur=0;CPXPARAM_MIP_Strategy_StartAlgorithm=0;CPXPARAM_MIP_Strategy_SubAlgorithm=0;CPXPARAM_MIP_Strategy_VariableSelect=1;CPXPARAM_Network_NetFind=2;CPXPARAM_Network_Pricing=0;CPXPARAM_Parallel=1;CPXPARAM_Preprocessing_Aggregator=-1;CPXPARAM_Preprocessing_BoundStrength=-1;CPXPARAM_Preprocessing_CoeffReduce=-1;CPXPARAM_Preprocessing_Dependency=-1;CPXPARAM_Preprocessing_Dual=0;CPXPARAM_Preprocessing_Fill=10;CPXPARAM_Preprocessing_NumPass=-1;CPXPARAM_Preprocessing_Presolve=1;CPXPARAM_Preprocessing_QPMakePSD=1;CPXPARAM_Preprocessing_Reduce=3;CPXPARAM_Preprocessing_Relax=-1;CPXPARAM_Preprocessing_RepeatPresolve=-1;CPXPARAM_Preprocessing_Symmetry=-1;CPXPARAM_Read_Scale=0;CPXPARAM_Sifting_Algorithm=0;CPXPARAM_Simplex_Crash=1;CPXPARAM_Simplex_DGradient=0;CPXPARAM_Simplex_Limits_Perturbation=0;CPXPARAM_Simplex_Limits_Singularity=10;CPXPARAM_Simplex_PGradient=0;CPXPARAM_Simplex_Pricing=0;CPXPARAM_Simplex_Refactor=0
6872522461259491810,0,CPXPARAM_Advance=1;CPXPARAM_Barrier_Algorithm=0;CPXPARAM_Barrier_ColNonzeros=0;CPXPARAM_Barrier_Crossover=0;CPXPARAM_Barrier_Limits_Corrections=-1;CPXPARAM_Barrier_Ordering=0;CPXPARAM_Barrier_StartAlg=1;CPXPARAM_Emphasis_MIP=4;CPXPARAM_Emphasis_Memory=0;CPXPARAM_Emphasis_Numerical=0;CPXPARAM_Feasopt_Mode=0;CPXPARAM_LPMethod=0;CPXPARAM_MIP_Cuts_Cliques=0;CPXPARAM_MIP_Cuts_Covers=0;CPXPARAM_MIP_Cuts_Disjunctive=-1;CPXPARAM_MIP_Cuts_FlowCovers=2;CPXPARAM_MIP_Cuts_GUBCovers=-1;CPXPARAM_MIP_Cuts_Gomory=0;CPXPARAM_MIP_Cuts_Implied=2;CPXPARAM_MIP_Cuts_MIRCut=0;CPXPARAM_MIP_Cuts_PathCut=2;CPXPARAM_MIP_Limits_AggForCut=3;CPXPARAM_MIP_Limits_CutPasses=0;CPXPARAM_MIP_Limits_CutsFactor=-1;CPXPARAM_MIP_Limits_GomoryCand=10;CPXPARAM_MIP_Limits_GomoryPass=0;CPXPARAM_MIP_Limits_Nodes=9223372036800000000;CPXPARAM_MIP_Limits_ProbeTime=1e+75;CPXPARAM_MIP_Limits_RepairTries=0;CPXPARAM_MIP_Limits_StrongCand=10;CPXPARAM_MIP_Limits_StrongIt=0;CPXPARAM_MIP_OrderType=0;CPXPARAM_MIP_Strategy_BBInterval=7;CPXPARAM_MIP_Strategy_Branch=0;CPXPARAM_MIP_Strategy_Dive=0;CPXPARAM_MIP_Strategy_File=1;CPXPARAM_MIP_Strategy_HeuristicFreq=0;CPXPARAM_MIP_Strategy_LBHeur=0;CPXPARAM_MIP_Strategy_NodeSelect=1;CPXPARAM_MIP_Strategy_Order=1;CPXPARAM_MIP_Strategy_PresolveNode=0;CPXPARAM_MIP_Strategy_Probe=0;CPXPARAM_MIP_Strategy_RINSHeur=0;CPXPARAM_MIP_Strategy_StartAlgorithm=0;CPXPARAM_MIP_Strategy_SubAlgorithm=0;CPXPARAM_MIP_Strategy_VariableSelect=0;CPXPARAM_Network_NetFind=2;CPXPARAM_Network_Pricing=0;CPXPARAM_Parallel=1;CPXPARAM_Preprocessing_Aggregator=-1;CPXPARAM_Preprocessing_BoundStrength=-1;CPXPARAM_Preprocessing_CoeffReduce=-1;CPXPARAM_Preprocessing_Dependency=-1;CPXPARAM_Preprocessing_Dual=0;CPXPARAM_Preprocessing_Fill=10;CPXPARAM_Preprocessing_NumPass=-1;CPXPARAM_Preprocessing_Presolve=1;CPXPARAM_Preprocessing_QPMakePSD=1;CPXPARAM_Preprocessing_Reduce=3;CPXPARAM_Preprocessing_Relax=-1;CPXPARAM_Preprocessing_RepeatPresolve=-1;CPXPARAM_Preprocessing_Symmetry=-1;CPXPARAM_Read_Scale=0;CPXPARAM_Sifting_Algorithm=0;CPXPARAM_Simplex_Crash=1;CPXPARAM_Simplex_DGradient=0;CPXPARAM_Simplex_Limits_Perturbation=0;CPXPARAM_Simplex_Limits_Singularity=10;CPXPARAM_Simplex_PGradient=0;CPXPARAM_Simplex_Pricing=0;CPXPARAM_Simplex_Refactor=0
1681003692479266269,0,CPXPARAM_Advance=1;CPXPARAM_Barrier_Algorithm=0;CPXPARAM_Barrier_ColNonzeros=0;CPXPARAM_Barrier_Crossover=0;CPXPARAM_Barrier_Limits_Corrections=-1;CPXPARAM_Barrier_Ordering=0;CPXPARAM_Barrier_StartAlg=1;CPXPARAM_Emphasis_MIP=2;CPXPARAM_Emphasis_Memory=0;CPXPARAM_Emphasis_Numerical=0;CPXPARAM_Feasopt_Mode=0;CPXPARAM_LPMethod=0;CPXPARAM_MIP_Cuts_Cliques=-1;CPXPARAM_MIP_Cuts_Covers=2;CPXPARAM_MIP_Cuts_Disjunctive=1;CPXPARAM_MIP_Cuts_FlowCovers=2;CPXPARAM_MIP_Cuts_GUBCovers=1;CPXPARAM_MIP_Cuts_Gomory=0;CPXPARAM_MIP_Cuts_Implied=-1;CPXPARAM_MIP_Cuts_MIRCut=-1;CPXPARAM_MIP_Cuts_PathCut=-1;CPXPARAM_MIP_Limits_AggForCut=3;CPXPARAM_MIP_Limits_CutPasses=0;CPXPARAM_MIP_Limits_CutsFactor=-1;CPXPARAM_MIP_Limits_GomoryCand=400;CPXPARAM_MIP_Limits_GomoryPass=0;CPXPARAM_MIP_Limits_Nodes=9223372036800000000;CPXPARAM_MIP_Limits_ProbeTime=1e+75;CPXPARAM_MIP_Limits_RepairTries=0;CPXPARAM_MIP_Limits_StrongCand=10;CPXPARAM_MIP_Limits_StrongIt=0;CPXPARAM_MIP_OrderType=0;CPXPARAM_MIP_Strategy_BBInterval=7;CPXPARAM_MIP_Strategy_Branch=0;CPXPARAM_MIP_Strategy_Dive=0;CPXPARAM_MIP_Strategy_File=1;CPXPARAM_MIP_Strategy_HeuristicFreq=0;CPXPARAM_MIP_Strategy_LBHeur=0;CPXPARAM_MIP_Strategy_NodeSelect=1;CPXPARAM_MIP_Strategy_Order=1;CPXPARAM_MIP_Strategy_PresolveNode=0;CPXPARAM_MIP_Strategy_Probe=0;CPXPARAM_MIP_Strategy_RINSHeur=0;CPXPARAM_MIP_Strategy_StartAlgorithm=0;CPXPARAM_MIP_Strategy_SubAlgorithm=0;CPXPARAM_MIP_Strategy_VariableSelect=0;CPXPARAM_Network_NetFind=2;CPXPARAM_Network_Pricing=0;CPXPARAM_Parallel=1;CPXPARAM_Preprocessing_Aggregator=-1;CPXPARAM_Preprocessing_BoundStrength=-1;CPXPARAM_Preprocessing_CoeffReduce=1;CPXPARAM_Preprocessing_Dependency=-1;CPXPARAM_Preprocessing_Dual=0;CPXPARAM_Preprocessing_Fill=10;CPXPARAM_Preprocessing_NumPass=-1;CPXPARAM_Preprocessing_Presolve=1;CPXPARAM_Preprocessing_QPMakePSD=1;CPXPARAM_Preprocessing_Reduce=3;CPXPARAM_Preprocessing_Relax=-1;CPXPARAM_Preprocessing_RepeatPresolve=-1;CPXPARAM_Preprocessing_Symmetry=-1;CPXPARAM_Read_Scale=0;CPXPARAM_Sifting_Algorithm=0;CPXPARAM_Simplex_Crash=1;CPXPARAM_Simplex_DGradient=0;CPXPARAM_Simplex_Limits_Perturbation=0;CPXPARAM_Simplex_Limits_Singularity=10;CPXPARAM_Simplex_PGradient=0;CPXPARAM_Simplex_Pricing=0;CPXPARAM_Simplex_Refactor=0
6276199433218495475,0,CPXPARAM_Advance=1;CPXPARAM_Barrier_Algorithm=0;CPXPARAM_Barrier_ColNonzeros=0;CPXPARAM_Barrier_Crossover=0;CPXPARAM_Barrier_Limits_Corrections=-1;CPXPARAM_Barrier_Ordering=0;CPXPARAM_Barrier_StartAlg=1;CPXPARAM_Emphasis_MIP=3;CPXPARAM_Emphasis_Memory=0;CPXPARAM_Emphasis_Numerical=0;CPXPARAM_Feasopt_Mode=0;CPXPARAM_LPMethod=0;CPXPARAM_MIP_Cuts_Cliques=-1;CPXPARAM_MIP_Cuts_Covers=2;CPXPARAM_MIP_Cuts_Disjunctive=0;CPXPARAM_MIP_Cuts_FlowCovers=2;CPXPARAM_MIP_Cuts_GUBCovers=1;CPXPARAM_MIP_Cuts_Gomory=0;CPXPARAM_MIP_Cuts_Implied=1;CPXPARAM_MIP_Cuts_MIRCut=1;CPXPARAM_MIP_Cuts_PathCut=-1;CPXPARAM_MIP_Limits_AggForCut=5;CPXPARAM_MIP_Limits_CutPasses=0;CPXPARAM_MIP_Limits_CutsFactor=-1;CPXPARAM_MIP_Limits_GomoryCand=200;CPXPARAM_MIP_Limits_GomoryPass=0;CPXPARAM_MIP_Limits_Nodes=9223372036800000000;CPXPARAM_MIP_Limits_ProbeTime=1e+75;CPXPARAM_MIP_Limits_RepairTries=0;CPXPARAM_MIP_Limits_StrongCand=10;CPXPARAM_MIP_Limits_StrongIt=0;CPXPARAM_MIP_OrderType=1;CPXPARAM_MIP_Strategy_BBInterval=7;CPXPARAM_MIP_Strategy_Branch=0;CPXPARAM_MIP_Strategy_Dive=0;CPXPARAM_MIP_Strategy_File=1;CPXPARAM_MIP_Strategy_HeuristicFreq=0;CPXPARAM_MIP_Strategy_LBHeur=0;CPXPARAM_MIP_Strategy_NodeSelect=1;CPXPARAM_MIP_Strategy_Order=1;CPXPARAM_MIP_Strategy_PresolveNode=1;CPXPARAM_MIP_Strategy_Probe=0;CPXPARAM_MIP_Strategy_RINSHeur=0;CPXPARAM_MIP_Strategy_StartAlgorithm=0;CPXPARAM_MIP_Strategy_SubAlgorithm=5;CPXPARAM_MIP_Strategy_VariableSelect=1;CPXPARAM_Network_NetFind=2;CPXPARAM_Network_Pricing=0;CPXPARAM_Parallel=1;CPXPARAM_Preprocessing_Aggregator=-1;CPXPARAM_Preprocessing_BoundStrength=-1;CPXPARAM_Preprocessing_CoeffReduce=-1;CPXPARAM_Preprocessing_Dependency=-1;CPXPARAM_Preprocessing_Dual=0;CPXPARAM_Preprocessing_Fill=40;CPXPARAM_Preprocessing_NumPass=-1;CPXPARAM_Preprocessing_Presolve=1;CPXPARAM_Preprocessing_QPMakePSD=1;CPXPARAM_Preprocessing_Reduce=0;CPXPARAM_Preprocessing_Relax=-1;CPXPARAM_Preprocessing_RepeatPresolve=-1;CPXPARAM_Preprocessing_Symmetry=-1;CPXPARAM_Read_Scale=0;CPXPARAM_Sifting_Algorithm=0;CPXPARAM_Simplex_Crash=1;CPXPARAM_Simplex_DGradient=0;CPXPARAM_Simplex_Limits_Perturbation=0;CPXPARAM_Simplex_Limits_Singularity=10;CPXPARAM_Simplex_PGradient=0;CPXPARAM_Simplex_Pricing=0;CPXPARAM_Simplex_Refactor=0
8751656089930650525,0,CPXPARAM_Advance=1;CPXPARAM_Barrier_Algorithm=0;CPXPARAM_Barrier_ColNonzeros=0;CPXPARAM_Barrier_Crossover=0;CPXPARAM_Barrier_Limits_Corrections=-1;CPXPARAM_Barrier_Ordering=0;CPXPARAM_Barrier_StartAlg=1;CPXPARAM_Emphasis_MIP=2;CPXPARAM_Emphasis_Memory=0;CPXPARAM_Emphasis_Numerical=0;CPXPARAM_Feasopt_Mode=0;CPXPARAM_LPMethod=0;CPXPARAM_MIP_Cuts_Cliques=-1;CPXPARAM_MIP_Cuts_Covers=2;CPXPARAM_MIP_Cuts_Disjunctive=1;CPXPARAM_MIP_Cuts_FlowCovers=2;CPXPARAM_MIP_Cuts_GUBCovers=1;CPXPARAM_MIP_Cuts_Gomory=0;CPXPARAM_MIP_Cuts_Implied=-1;CPXPARAM_MIP_Cuts_MIRCut=-1;CPXPARAM_MIP_Cuts_PathCut=-1;CPXPARAM_MIP_Limits_AggForCut=3;CPXPARAM_MIP_Limits_CutPasses=0;CPXPARAM_MIP_Limits_CutsFactor=-1;CPXPARAM_MIP_Limits_GomoryCand=400;CPXPARAM_MIP_Limits_GomoryPass=0;CPXPARAM_MIP_Limits_Nodes=9223372036800000000;CPXPARAM_MIP_Limits_ProbeTime=1e+75;CPXPARAM_MIP_Limits_RepairTries=0;CPXPARAM_MIP_Limits_StrongCand=10;CPXPARAM_MIP_Limits_StrongIt=0;CPXPARAM_MIP_OrderType=0;CPXPARAM_MIP_Strategy_BBInterval=7;CPXPARAM_MIP_Strategy_Branch=1;CPXPARAM_MIP_Strategy_Dive=0;CPXPARAM_MIP_Strategy_File=1;CPXPARAM_MIP_Strategy_HeuristicFreq=0;CPXPARAM_MIP_Strategy_LBHeur=0;CPXPARAM_MIP_Strategy_NodeSelect=1;CPXPARAM_MIP_Strategy_Order=1;CPXPARAM_MIP_Strategy_PresolveNode=0;CPXPARAM_MIP_Strategy_Probe=0;CPXPARAM_MIP_Strategy_RINSHeur=0;CPXPARAM_MIP_Strategy_StartAlgorithm=0;CPXPARAM_MIP_Strategy_SubAlgorithm=0;CPXPARAM_MIP_Strategy_VariableSelect=0;CPXPARAM_Network_NetFind=2;CPXPARAM_Network_Pricing=0;CPXPARAM_Parallel=1;CPXPARAM_Preprocessing_Aggregator=-1;CPXPARAM_Preprocessing_BoundStrength=-1;CPXPARAM_Preprocessing_CoeffReduce=-1;CPXPARAM_Preprocessing_Dependency=-1;CPXPARAM_Preprocessing_Dual=0;CPXPARAM_Preprocessing_Fill=10;CPXPARAM_Preprocessing_NumPass=-1;CPXPARAM_Preprocessing_Presolve=1;CPXPARAM_Preprocessing_QPMakePSD=1;CPXPARAM_Preprocessing_Reduce=3;CPXPARAM_Preprocessing_Relax=-1;CPXPARAM_Preprocessing_RepeatPresolve=-1;CPXPARAM_Preprocessing_Symmetry=-1;CPXPARAM_Read_Scale=0;CPXPARAM_Sifting_Algorithm=0;CPXPARAM_Simplex_Crash=1;CPXPARAM_Simplex_DGradient=0;CPXPARAM_Simplex_Limits_Perturbation=0;CPXPARAM_Simplex_Limits_Singularity=10;CPXPARAM_Simplex_PGradient=0;CPXPARAM_Simplex_Pricing=0;CPXPARAM_Simplex_Refactor=0
5915454248783494895,0,CPXPARAM_Advance=1;CPXPARAM_Barrier_Algorithm=0;CPXPARAM_Barrier_ColNonzeros=0;CPXPARAM_Barrier_Crossover=0;CPXPARAM_Barrier_Limits_Corrections=-1;CPXPARAM_Barrier_Ordering=0;CPXPARAM_Barrier_StartAlg=1;CPXPARAM_Emphasis_MIP=0;CPXPARAM_Emphasis_Memory=0;CPXPARAM_Emphasis_Numerical=0;CPXPARAM_Feasopt_Mode=0;CPXPARAM_LPMethod=0;CPXPARAM_MIP_Cuts_Cliques=0;CPXPARAM_MIP_Cuts_Covers=0;CPXPARAM_MIP_Cuts_Disjunctive=1;CPXPARAM_MIP_Cuts_FlowCovers=2;CPXPARAM_MIP_Cuts_GUBCovers=1;CPXPARAM_MIP_Cuts_Gomory=2;CPXPARAM_MIP_Cuts_Implied=1;CPXPARAM_MIP_Cuts_MIRCut=1;CPXPARAM_MIP_Cuts_PathCut=1;CPXPARAM_MIP_Limits_AggForCut=3;CPXPARAM_MIP_Limits_CutPasses=0;CPXPARAM_MIP_Limits_CutsFactor=-1;CPXPARAM_MIP_Limits_GomoryCand=400;CPXPARAM_MIP_Limits_GomoryPass=0;CPXPARAM_MIP_Limits_Nodes=9223372036800000000;CPXPARAM_MIP_Limits_ProbeTime=1e+75;CPXPARAM_MIP_Limits_RepairTries=0;CPXPARAM_MIP_Limits_StrongCand=10;CPXPARAM_MIP_Limits_StrongIt=0;CPXPARAM_MIP_OrderType=0;CPXPARAM_MIP_Strategy_BBInterval=7;CPXPARAM_MIP_Strategy_Branch=0;CPXPARAM_MIP_Strategy_Dive=0;CPXPARAM_MIP_Strategy_File=1;CPXPARAM_MIP_Strategy_HeuristicFreq=0;CPXPARAM_MIP_Strategy_LBHeur=0;CPXPARAM_MIP_Strategy_NodeSelect=1;CPXPARAM_MIP_Strategy_Order=1;CPXPARAM_MIP_Strategy_PresolveNode=0;CPXPARAM_MIP_Strategy_Probe=0;CPXPARAM_MIP_Strategy_RINSHeur=0;CPXPARAM_MIP_Strategy_StartAlgorithm=0;CPXPARAM_MIP_Strategy_SubAlgorithm=0;CPXPARAM_MIP_Strategy_VariableSelect=0;CPXPARAM_Network_NetFind=2;CPXPARAM_Network_Pricing=0;CPXPARAM_Parallel=1;CPXPARAM_Preprocessing_Aggregator=-1;CPXPARAM_Preprocessing_BoundStrength=-1;CPXPARAM_Preprocessing_CoeffReduce=-1;CPXPARAM_Preprocessing_Dependency=-1;CPXPARAM_Preprocessing_Dual=0;CPXPARAM_Preprocessing_Fill=10;CPXPARAM_Preprocessing_NumPass=-1;CPXPARAM_Preprocessing_Presolve=1;CPXPARAM_Preprocessing_QPMakePSD=1;CPXPARAM_Preprocessing_Reduce=3;CPXPARAM_Preprocessing_Relax=-1;CPXPARAM_Preprocessing_RepeatPresolve=-1;CPXPARAM_Preprocessing_Symmetry=-1;CPXPARAM_Read_Scale=0;CPXPARAM_Sifting_Algorithm=0;CPXPARAM_Simplex_Crash=1;CPXPARAM_Simplex_DGradient=0;CPXPARAM_Simplex_Limits_Perturbation=0;CPXPARAM_Simplex_Limits_Singularity=10;CPXPARAM_Simplex_PGradient=0;CPXPARAM_Simplex_Pricing=0;CPXPARAM_Simplex_Refactor=0
14157528400630321830,0,CPXPARAM_Advance=1;CPXPARAM_Barrier_Algorithm=0;CPXPARAM_Barrier_ColNonzeros=0;CPXPARAM_Barrier_Crossover=0;CPXPARAM_Barrier_Limits_Corrections=-1;CPXPARAM_Barrier_Ordering=0;CPXPARAM_Barrier_StartAlg=1;CPXPARAM_Emphasis_MIP=0;CPXPARAM_Emphasis_Memory=0;CPXPARAM_Emphasis_Numerical=0;CPXPARAM_Feasopt_Mode=0;CPXPARAM_LPMethod=0;CPXPARAM_MIP_Cuts_Cliques=2;CPXPARAM_MIP_Cuts_Covers=3;CPXPARAM_MIP_Cuts_Disjunctive=0;CPXPARAM_MIP_Cuts_FlowCovers=2;CPXPARAM_MIP_Cuts_GUBCovers=0;CPXPARAM_MIP_Cuts_Gomory=-1;CPXPARAM_MIP_Cuts_Implied=1;CPXPARAM_MIP_Cuts_MIRCut=1;CPXPARAM_MIP_Cuts_PathCut=2;CPXPARAM_MIP_Limits_AggForCut=3;CPXPARAM_MIP_Limits_CutPasses=0;CPXPARAM_MIP_Limits_CutsFactor=-1;CPXPARAM_MIP_Limits_GomoryCand=10;CPXPARAM_MIP_Limits_GomoryPass=0;CPXPARAM_MIP_Limits_Nodes=9223372036800000000;CPXPARAM_MIP_Limits_ProbeTime=1e+75;CPXPARAM_MIP_Limits_RepairTries=0;CPXPARAM_MIP_Limits_StrongCand=10;CPXPARAM_MIP_Limits_StrongIt=0;CPXPARAM_MIP_OrderType=0;CPXPARAM_MIP_Strategy_BBInterval=7;CPXPARAM_MIP_Strategy_Branch=0;CPXPARAM_MIP_Strategy_Dive=0;CPXPARAM_MIP_Strategy_File=1;CPXPARAM_MIP_Strategy_HeuristicFreq=0;CPXPARAM_MIP_Strategy_LBHeur=0;CPXPARAM_MIP_Strategy_NodeSelect=2;CPXPARAM_MIP_Strategy_Order=1;CPXPARAM_MIP_Strategy_PresolveNode=2;CPXPARAM_MIP_Strategy_Probe=0;CPXPARAM_MIP_Strategy_RINSHeur=0;CPXPARAM_MIP_Strategy_StartAlgorithm=0;CPXPARAM_MIP_Strategy_SubAlgorithm=0;CPXPARAM_MIP_Strategy_VariableSelect=0;CPXPARAM_Network_NetFind=2;CPXPARAM_Network_Pricing=0;CPXPARAM_Parallel=1;CPXPARAM_Preprocessing_Aggregator=-1;CPXPARAM_Preprocessing_BoundStrength=-1;CPXPARAM_Preprocessing_CoeffReduce=-1;CPXPARAM_Preprocessing_Dependency=-1;CPXPARAM_Preprocessing_Dual=0;CPXPARAM_Preprocessing_Fill=10;CPXPARAM_Preprocessing_NumPass=-1;CPXPARAM_Preprocessing_Presolve=1;CPXPARAM_Preprocessing_QPMakePSD=1;CPXPARAM_Preprocessing_Reduce=3;CPXPARAM_Preprocessing_Relax=-1;CPXPARAM_Preprocessing_RepeatPresolve=-1;CPXPARAM_Preprocessing_Symmetry=-1;CPXPARAM_Read_Scale=0;CPXPARAM_Sifting_Algorithm=0;CPXPARAM_Simplex_Crash=1;CPXPARAM_Simplex_DGradient=0;CPXPARAM_Simplex_Limits_Perturbation=0;CPXPARAM_Simplex_Limits_Singularity=10;CPXPARAM_Simplex_PGradient=0;CPXPARAM_Simplex_Pricing=0;CPXPARAM_Simplex_Refactor=0
6851487937916803741,0,CPXPARAM_Advance=1;CPXPARAM_Barrier_Algorithm=0;CPXPARAM_Barrier_ColNonzeros=0;CPXPARAM_Barrier_Crossover=0;CPXPARAM_Barrier_Limits_Corrections=-1;CPXPARAM_Barrier_Ordering=0;CPXPARAM_Barrier_StartAlg=1;CPXPARAM_Emphasis_MIP=2;CPXPARAM_Emphasis_Memory=0;CPXPARAM_Emphasis_Numerical=0;CPXPARAM_Feasopt_Mode=0;CPXPARAM_LPMethod=0;CPXPARAM_MIP_Cuts_Cliques=1;CPXPARAM_MIP_Cuts_Covers=0;CPXPARAM_MIP_Cuts_Disjunctive=-1;CPXPARAM_MIP_Cuts_FlowCovers=2;CPXPARAM_MIP_Cuts_GUBCovers=0;CPXPARAM_MIP_Cuts_Gomory=1;CPXPARAM_MIP_Cuts_Implied=2;CPXPARAM_MIP_Cuts_MIRCut=-1;CPXPARAM_MIP_Cuts_PathCut=1;CPXPARAM_MIP_Limits_AggForCut=3;CPXPARAM_MIP_Limits_CutPasses=0;CPXPARAM_MIP_Limits_CutsFactor=-1;CPXPARAM_MIP_Limits_GomoryCand=50;CPXPARAM_MIP_Limits_GomoryPass=0;CPXPARAM_MIP_Limits_Nodes=9223372036800000000;CPXPARAM_MIP_Limits_ProbeTime=1e+75;CPXPARAM_MIP_Limits_RepairTries=0;CPXPARAM_MIP_Limits_StrongCand=10;CPXPARAM_MIP_Limits_StrongIt=0;CPXPARAM_MIP_OrderType=0;CPXPARAM_MIP_Strategy_BBInterval=7;CPXPARAM_MIP_Strategy_Branch=0;CPXPARAM_MIP_Strategy_Dive=0;CPXPARAM_MIP_Strategy_File=1;CPXPARAM_MIP_Strategy_HeuristicFreq=0;CPXPARAM_MIP_Strategy_LBHeur=0;CPXPARAM_MIP_Strategy_NodeSelect=1;CPXPARAM_MIP_Strategy_Order=1;CPXPARAM_MIP_Strategy_PresolveNode=0;CPXPARAM_MIP_Strategy_Probe=0;CPXPARAM_MIP_Strategy_RINSHeur=0;CPXPARAM_MIP_Strategy_StartAlgorithm=0;CPXPARAM_MIP_Strategy_SubAlgorithm=0;CPXPARAM_MIP_Strategy_VariableSelect=0;CPXPARAM_Network_NetFind=2;CPXPARAM_Network_Pricing=0;CPXPARAM_Parallel=1;CPXPARAM_Preprocessing_Aggregator=-1;CPXPARAM_Preprocessing_BoundStrength=-1;CPXPARAM_Preprocessing_CoeffReduce=-1;CPXPARAM_Preprocessing_Dependency=-1;CPXPARAM_Preprocessing_Dual=0;CPXPARAM_Preprocessing_Fill=10;CPXPARAM_Preprocessing_NumPass=-1;CPXPARAM_Preprocessing_Presolve=1;CPXPARAM_Preprocessing_QPMakePSD=1;CPXPARAM_Preprocessing_Reduce=3;CPXPARAM_Preprocessing_Relax=-1;CPXPARAM_Preprocessing_RepeatPresolve=-1;CPXPARAM_Preprocessing_Symmetry=-1;CPXPARAM_Read_Scale=0;CPXPARAM_Sifting_Algorithm=0;CPXPARAM_Simplex_Crash=1;CPXPARAM_Simplex_DGradient=0;CPXPARAM_Simplex_Limits_Perturbation=0;CPXPARAM_Simplex_Limits_Singularity=10;CPXPARAM_Simplex_PGradient=0;CPXPARAM_Simplex_Pricing=0;CPXPARAM_Simplex_Refactor=0
4316260313955154008,0,CPXPARAM_Advance=1;CPXPARAM_Barrier_Algorithm=0;CPXPARAM_Barrier_ColNonzeros=0;CPXPARAM_Barrier_Crossover=0;CPXPARAM_Barrier_Limits_Corrections=-1;CPXPARAM_Barrier_Ordering=0;CPXPARAM_Barrier_StartAlg=1;CPXPARAM_Emphasis_MIP=0;CPXPARAM_Emphasis_Memory=0;CPXPARAM_Emphasis_Numerical=0;CPXPARAM_Feasopt_Mode=0;CPXPARAM_LPMethod=0;CPXPARAM_MIP_Cuts_Cliques=3;CPXPARAM_MIP_Cuts_Covers=3;CPXPARAM_MIP_Cuts_Disjunctive=-1;CPXPARAM_MIP_Cuts_FlowCovers=1;CPXPARAM_MIP_Cuts_GUBCovers=1;CPXPARAM_MIP_Cuts_Gomory=0;CPXPARAM_MIP_Cuts_Implied=-1;CPXPARAM_MIP_Cuts_MIRCut=-1;CPXPARAM_MIP_Cuts_PathCut=0;CPXPARAM_MIP_Limits_AggForCut=2;CPXPARAM_MIP_Limits_CutPasses=0;CPXPARAM_MIP_Limits_CutsFactor=-1;CPXPARAM_MIP_Limits_GomoryCand=200;CPXPARAM_MIP_Limits_GomoryPass=0;CPXPARAM_MIP_Limits_Nodes=9223372036800000000;CPXPARAM_MIP_Limits_ProbeTime=1e+75;CPXPARAM_MIP_Limits_RepairTries=0;CPXPARAM_MIP_Limits_StrongCand=10;CPXPARAM_MIP_Limits_StrongIt=0;CPXPARAM_MIP_OrderType=3;CPXPARAM_MIP_Strategy_BBInterval=7;CPXPARAM_MIP_Strategy_Branch=0;CPXPARAM_MIP_Strategy_Dive=0;CPXPARAM_MIP_Strategy_File=1;CPXPARAM_MIP_Strategy_HeuristicFreq=0;CPXPARAM_MIP_Strategy_LBHeur=0;CPXPARAM_MIP_Strategy_NodeSelect=0;CPXPARAM_MIP_Strategy_Order=1;CPXPARAM_MIP_Strategy_PresolveNode=3;CPXPARAM_MIP_Strategy_Probe=1;CPXPARAM_MIP_Strategy_RINSHeur=0;CPXPARAM_MIP_Strategy_StartAlgorithm=0;CPXPARAM_MIP_Strategy_SubAlgorithm=1;CPXPARAM_MIP_Strategy_VariableSelect=2;CPXPARAM_Network_NetFind=2;CPXPARAM_Network_Pricing=0;CPXPARAM_Parallel=1;CPXPARAM_Preprocessing_Aggregator=-1;CPXPARAM_Preprocessing_BoundStrength=-1;CPXPARAM_Preprocessing_CoeffReduce=-1;CPXPARAM_Preprocessing_Dependency=-1;CPXPARAM_Preprocessing_Dual=0;CPXPARAM_Preprocessing_Fill=5;CPXPARAM_Preprocessing_NumPass=-1;CPXPARAM_Preprocessing_Presolve=1;CPXPARAM_Preprocessing_QPMakePSD=1;CPXPARAM_Preprocessing_Reduce=1;CPXPARAM_Preprocessing_Relax=-1;CPXPARAM_Preprocessing_RepeatPresolve=-1;CPXPARAM_Preprocessing_Symmetry=-1;CPXPARAM_Read_Scale=0;CPXPARAM_Sifting_Algorithm=0;CPXPARAM_Simplex_Crash=1;CPXPARAM_Simplex_DGradient=0;CPXPARAM_Simplex_Limits_Perturbation=0;CPXPARAM_Simplex_Limits_Singularity=10;CPXPARAM_Simplex_PGradient=0;CPXPARAM_Simplex_Pricing=0;CPXPARAM_Simplex_Refactor=0
13363868772329411606,0,CPXPARAM_Advance=1;CPXPARAM_Barrier_Algorithm=0;CPXPARAM_Barrier_ColNonzeros=0;CPXPARAM_Barrier_Crossover=0;CPXPARAM_Barrier_Limits_Corrections=-1;CPXPARAM_Barrier_Ordering=0;CPXPARAM_Barrier_StartAlg=1;CPXPARAM_Emphasis_MIP=2;CPXPARAM_Emphasis_Memory=0;CPXPARAM_Emphasis_Numerical=0;CPXPARAM_Feasopt_Mode=0;CPXPARAM_LPMethod=0;CPXPARAM_MIP_Cuts_Cliques=-1;CPXPARAM_MIP_Cuts_Covers=2;CPXPARAM_MIP_Cuts_Disjunctive=1;CPXPARAM_MIP_Cuts_FlowCovers=2;CPXPARAM_MIP_Cuts_GUBCovers=1;CPXPARAM_MIP_Cuts_Gomory=0;CPXPARAM_MIP_Cuts_Implied=-1;CPXPARAM_MIP_Cuts_MIRCut=-1;CPXPARAM_MIP_Cuts_PathCut=-1;CPXPARAM_MIP_Limits_AggForCut=3;CPXPARAM_MIP_Limits_CutPasses=0;CPXPARAM_MIP_Limits_CutsFactor=-1;CPXPARAM_MIP_Limits_GomoryCand=400;CPXPARAM_MIP_Limits_GomoryPass=0;CPXPARAM_MIP_Limits_Nodes=9223372036800000000;CPXPARAM_MIP_Limits_ProbeTime=30;CPXPARAM_MIP_Limits_RepairTries=0;CPXPARAM_MIP_Limits_StrongCand=10;CPXPARAM_MIP_Limits_StrongIt=0;CPXPARAM_MIP_OrderType=0;CPXPARAM_MIP_Strategy_BBInterval=7;CPXPARAM_MIP_Strategy_Branch=0;CPXPARAM_MIP_Strategy_Dive=0;CPXPARAM_MIP_Strategy_File=1;CPXPARAM_MIP_Strategy_HeuristicFreq=0;CPXPARAM_MIP_Strategy_LBHeur=0;CPXPARAM_MIP_Strategy_NodeSelect=1;CPXPARAM_MIP_Strategy_Order=1;CPXPARAM_MIP_Strategy_PresolveNode=0;CPXPARAM_MIP_Strategy_Probe=0;CPXPARAM_MIP_Strategy_RINSHeur=0;CPXPARAM_MIP_Strategy_StartAlgorithm=0;CPXPARAM_MIP_Strategy_SubAlgorithm=0;CPXPARAM_MIP_Strategy_VariableSelect=0;CPXPARAM_Network_NetFind=2;CPXPARAM_Network_Pricing=0;CPXPARAM_Parallel=1;CPXPARAM_Preprocessing_Aggregator=-1;CPXPARAM_Preprocessing_BoundStrength=-1;CPXPARAM_Preprocessing_CoeffReduce=-1;CPXPARAM_Preprocessing_Dependency=-1;CPXPARAM_Preprocessing_Dual=0;CPXPARAM_Preprocessing_Fill=10;CPXPARAM_Preprocessing_NumPass=-1;CPXPARAM_Preprocessing_Presolve=1;CPXPARAM_Preprocessing_QPMakePSD=1;CPXPARAM_Preprocessing_Reduce=3;CPXPARAM_Preprocessing_Relax=-1;CPXPARAM_Preprocessing_RepeatPresolve=-1;CPXPARAM_Preprocessing_Symmetry=-1;CPXPARAM_Read_Scale=0;CPXPARAM_Sifting_Algorithm=0;CPXPARAM_Simplex_Crash=1;CPXPARAM_Simplex_DGradient=0;CPXPARAM_Simplex_Limits_Perturbation=0;CPXPARAM_Simplex_Limits_Singularity=10;CPXPARAM_Simplex_PGradient=0;CPXPARAM_Simplex_Pricing=0;CPXPARAM_Simplex_Refactor=0
11773814566311411216,0,CPXPARAM_Advance=1;CPXPARAM_Barrier_Algorithm=0;CPXPARAM_Barrier_ColNonzeros=0;CPXPARAM_Barrier_Crossover=0;CPXPARAM_Barrier_Limits_Corrections=-1;CPXPARAM_Barrier_Ordering=0;CPXPARAM_Barrier_StartAlg=1;CPXPARAM_Emphasis_MIP=5;CPXPARAM_Emphasis_Memory=0;CPXPARAM_Emphasis_Numerical=0;CPXPARAM_Feasopt_Mode=0;CPXPARAM_LPMethod=0;CPXPARAM_MIP_Cuts_Cliques=-1;CPXPARAM_MIP_Cuts_Covers=1;CPXPARAM_MIP_Cuts_Disjunctive=-1;CPXPARAM_MIP_Cuts_FlowCovers=-1;CPXPARAM_MIP_Cuts_GUBCovers=0;CPXPARAM_MIP_Cuts_Gomory=0;CPXPARAM_MIP_Cuts_Implied=-1;CPXPARAM_MIP_Cuts_MIRCut=1;CPXPARAM_MIP_Cuts_PathCut=2;CPXPARAM_MIP_Limits_AggForCut=3;CPXPARAM_MIP_Limits_CutPasses=0;CPXPARAM_MIP_Limits_CutsFactor=-1;CPXPARAM_MIP_Limits_GomoryCand=800;CPXPARAM_MIP_Limits_GomoryPass=0;CPXPARAM_MIP_Limits_Nodes=9223372036800000000;CPXPARAM_MIP_Limits_ProbeTime=1e+75;CPXPARAM_MIP_Limits_RepairTries=0;CPXPARAM_MIP_Limits_StrongCand=10;CPXPARAM_MIP_Limits_StrongIt=0;CPXPARAM_MIP_OrderType=0;CPXPARAM_MIP_Strategy_BBInterval=7;CPXPARAM_MIP_Strategy_Branch=0;CPXPARAM_MIP_Strategy_Dive=0;CPXPARAM_MIP_Strategy_File=1;CPXPARAM_MIP_Strategy_HeuristicFreq=0;CPXPARAM_MIP_Strategy_LBHeur=0;CPXPARAM_MIP_Strategy_NodeSelect=2;CPXPARAM_MIP_Strategy_Order=1;CPXPARAM_MIP_Strategy_PresolveNode=1;CPXPARAM_MIP_Strategy_Probe=-1;CPXPARAM_MIP_Strategy_RINSHeur=0;CPXPARAM_MIP_Strategy_StartAlgorithm=0;CPXPARAM_MIP_Strategy_SubAlgorithm=3;CPXPARAM_MIP_Strategy_VariableSelect=-1;CPXPARAM_Network_NetFind=2;CPXPARAM_Network_Pricing=0;CPXPARAM_Parallel=1;CPXPARAM_Preprocessing_Aggregator=-1;CPXPARAM_Preprocessing_BoundStrength=-1;CPXPARAM_Preprocessing_CoeffReduce=-1;CPXPARAM_Preprocessing_Dependency=-1;CPXPARAM_Preprocessing_Dual=0;CPXPARAM_Preprocessing_Fill=5;CPXPARAM_Preprocessing_NumPass=-1;CPXPARAM_Preprocessing_Presolve=1;CPXPARAM_Preprocessing_QPMakePSD=1;CPXPARAM_Preprocessing_Reduce=3;CPXPARAM_Preprocessing_Relax=-1;CPXPARAM_Preprocessing_RepeatPresolve=-1;CPXPARAM_Preprocessing_Symmetry=-1;CPXPARAM_Read_Scale=0;CPXPARAM_Sifting_Algorithm=0;CPXPARAM_Simplex_Crash=1;CPXPARAM_Simplex_DGradient=0;CPXPARAM_Simplex_Limits_Perturbation=0;CPXPARAM_Simplex_Limits_Singularity=10;CPXPARAM_Simplex_PGradient=0;CPXPARAM_Simplex_Pricing=0;CPXPARAM_Simplex_Refactor=0
936095171491540799,0,CPXPARAM_Advance=1;CPXPARAM_Barrier_Algorithm=0;CPXPARAM_Barrier_ColNonzeros=0;CPXPARAM_Barrier_Crossover=0;CPXPARAM_Barrier_Limits_Corrections=-1;CPXPARAM_Barrier_Ordering=0;CPXPARAM_Barrier_StartAlg=1;CPXPARAM_Emphasis_MIP=0;CPXPARAM_Emphasis_Memory=0;CPXPARAM_Emphasis_Numerical=0;CPXPARAM_Feasopt_Mode=0;CPXPARAM_LPMethod=0;CPXPARAM_MIP_Cuts_Cliques=-1;CPXPARAM_MIP_Cuts_Covers=-1;CPXPARAM_MIP_Cuts_Disjunctive=0;CPXPARAM_MIP_Cuts_FlowCovers=-1;CPXPARAM_MIP_Cuts_GUBCovers=1;CPXPARAM_MIP_Cuts_Gomory=0;CPXPARAM_MIP_Cuts_Implied=2;CPXPARAM_MIP_Cuts_MIRCut=-1;CPXPARAM_MIP_Cuts_PathCut=1;CPXPARAM_MIP_Limits_AggForCut=10;CPXPARAM_MIP_Limits_CutPasses=0;CPXPARAM_MIP_Limits_CutsFactor=-1;CPXPARAM_MIP_Limits_GomoryCand=100;CPXPARAM_MIP_Limits_GomoryPass=0;CPXPARAM_MIP_Limits_Nodes=9223372036800000000;CPXPARAM_MIP_Limits_ProbeTime=1e+75;CPXPARAM_MIP_Limits_RepairTries=0;CPXPARAM_MIP_Limits_StrongCand=10;CPXPARAM_MIP_Limits_StrongIt=0;CPXPARAM_MIP_OrderType=1;CPXPARAM_MIP_Strategy_BBInterval=7;CPXPARAM_MIP_Strategy_Branch=0;CPXPARAM_MIP_Strategy_Dive=0;CPXPARAM_MIP_Strategy_File=1;CPXPARAM_MIP_Strategy_HeuristicFreq=0;CPXPARAM_MIP_Strategy_LBHeur=0;CPXPARAM_MIP_Strategy_NodeSelect=0;CPXPARAM_MIP_Strategy_Order=1;CPXPARAM_MIP_Strategy_PresolveNode=-1;CPXPARAM_MIP_Strategy_Probe=3;CPXPARAM_MIP_Strategy_RINSHeur=0;CPXPARAM_MIP_Strategy_StartAlgorithm=0;CPXPARAM_MIP_Strategy_SubAlgorithm=0;CPXPARAM_MIP_Strategy_VariableSelect=2;CPXPARAM_Network_NetFind=2;CPXPARAM_Network_Pricing=0;CPXPARAM_Parallel=1;CPXPARAM_Preprocessing_Aggregator=-1;CPXPARAM_Preprocessing_BoundStrength=-1;CPXPARAM_Preprocessing_CoeffReduce=-1;CPXPARAM_Preprocessing_Dependency=-1;CPXPARAM_Preprocessing_Dual=0;CPXPARAM_Preprocessing_Fill=2;CPXPARAM_Preprocessing_NumPass=-1;CPXPARAM_Preprocessing_Presolve=1;CPXPARAM_Preprocessing_QPMakePSD=1;CPXPARAM_Preprocessing_Reduce=1;CPXPARAM_Preprocessing_Relax=-1;CPXPARAM_Preprocessing_RepeatPresolve=-1;CPXPARAM_Preprocessing_Symmetry=-1;CPXPARAM_Read_Scale=0;CPXPARAM_Sifting_Algorithm=0;CPXPARAM_Simplex_Crash=1;CPXPARAM_Simplex_DGradient=0;CPXPARAM_Simplex_Limits_Perturbation=0;CPXPARAM_Simplex_Limits_Singularity=10;CPXPARAM_Simplex_PGradient=0;CPXPARAM_Simplex_Pricing=0;CPXPARAM_Simplex_Refactor=0
14535057312268180088,0,CPXPARAM_Advance=1;CPXPARAM_Barrier_Algorithm=0;CPXPARAM_Barrier_ColNonzeros=0;CPXPARAM_Barrier_Crossover=0;CPXPARAM_Barrier_Limits_Corrections=-1;CPXPARAM_Barrier_Ordering=0;CPXPARAM_Barrier_StartAlg=1;CPXPARAM_Emphasis_MIP=2;CPXPARAM_Emphasis_Memory=0;CPXPARAM_Emphasis_Numerical=0;CPXPARAM_Feasopt_Mode=0;CPXPARAM_LPMethod=0;CPXPARAM_MIP_Cuts_Cliques=0;CPXPARAM_MIP_Cuts_Covers=2;CPXPARAM_MIP_Cuts_Disjunctive=0;CPXPARAM_MIP_Cuts_FlowCovers=-1;CPXPARAM_MIP_Cuts_GUBCovers=1;CPXPARAM_MIP_Cuts_Gomory=0;CPXPARAM_MIP_Cuts_Implied=1;CPXPARAM_MIP_Cuts_MIRCut=0;CPXPARAM_MIP_Cuts_PathCut=2;CPXPARAM_MIP_Limits_AggForCut=3;CPXPARAM_MIP_Limits_CutPasses=0;CPXPARAM_MIP_Limits_CutsFactor=-1;CPXPARAM_MIP_Limits_GomoryCand=800;CPXPARAM_MIP_Limits_GomoryPass=0;CPXPARAM_MIP_Limits_Nodes=9223372036800000000;CPXPARAM_MIP_Limits_ProbeTime=1e+75;CPXPARAM_MIP_Limits_RepairTries=0;CPXPARAM_MIP_Limits_StrongCand=10;CPXPARAM_MIP_Limits_StrongIt=0;CPXPARAM_MIP_OrderType=0;CPXPARAM_MIP_Strategy_BBInterval=7;CPXPARAM_MIP_Strategy_Branch=0;CPXPARAM_MIP_Strategy_Dive=0;CPXPARAM_MIP_Strategy_File=1;CPXPARAM_MIP_Strategy_HeuristicFreq=0;CPXPARAM_MIP_Strategy_LBHeur=0;CPXPARAM_MIP_Strategy_NodeSelect=1;CPXPARAM_MIP_Strategy_Order=1;CPXPARAM_MIP_Strategy_PresolveNode=0;CPXPARAM_MIP_Strategy_Probe=3;CPXPARAM_MIP_Strategy_RINSHeur=0;CPXPARAM_MIP_Strategy_StartAlgorithm=0;CPXPARAM_MIP_Strategy_SubAlgorithm=0;CPXPARAM_MIP_Strategy_VariableSelect=0;CPXPARAM_Network_NetFind=2;CPXPARAM_Network_Pricing=0;CPXPARAM_Parallel=1;CPXPARAM_Preprocessing_Aggregator=-1;CPXPARAM_Preprocessing_BoundStrength=-1;CPXPARAM_Preprocessing_CoeffReduce=-1;CPXPARAM_Preprocessing_Dependency=-1;CPXPARAM_Preprocessing_Dual=0;CPXPARAM_Preprocessing_Fill=10;CPXPARAM_Preprocessing_NumPass=-1;CPXPARAM_Preprocessing_Presolve=1;CPXPARAM_Preprocessing_QPMakePSD=1;CPXPARAM_Preprocessing_Reduce=3;CPXPARAM_Preprocessing_Relax=-1;CPXPARAM_Preprocessing_RepeatPresolve=-1;CPXPARAM_Preprocessing_Symmetry=-1;CPXPARAM_Read_Scale=0;CPXPARAM_Sifting_Algorithm=0;CPXPARAM_Simplex_Crash=1;CPXPARAM_Simplex_DGradient=0;CPXPARAM_Simplex_Limits_Perturbation=0;CPXPARAM_Simplex_Limits_Singularity=10;CPXPARAM_Simplex_PGradient=0;CPXPARAM_Simplex_Pricing=0;CPXPARAM_Simplex_Refactor=0
9358503454521031059,0,CPXPARAM_Advance=1;CPXPARAM_Barrier_Algorithm=0;CPXPARAM_Barrier_ColNonzeros=0;CPXPARAM_Barrier_Crossover=0;CPXPARAM_Barrier_Limits_Corrections=-1;CPXPARAM_Barrier_Ordering=0;CPXPARAM_Barrier_StartAlg=1;CPXPARAM_Emphasis_MIP=2;CPXPARAM_Emphasis_Memory=0;CPXPARAM_Emphasis_Numerical=0;CPXPARAM_Feasopt_Mode=0;CPXPARAM_LPMethod=0;CPXPARAM_MIP_Cuts_Cliques=3;CPXPARAM_MIP_Cuts_Covers=0;CPXPARAM_MIP_Cuts_Disjunctive=0;CPXPARAM_MIP_Cuts_FlowCovers=1;CPXPARAM_MIP_Cuts_GUBCovers=-1;CPXPARAM_MIP_Cuts_Gomory=1;CPXPARAM_MIP_Cuts_Implied=0;CPXPARAM_MIP_Cuts_MIRCut=2;CPXPARAM_MIP_Cuts_PathCut=0;CPXPARAM_MIP_Limits_AggForCut=3;CPXPARAM_MIP_Limits_CutPasses=0;CPXPARAM_MIP_Limits_CutsFactor=-1;CPXPARAM_MIP_Limits_GomoryCand=200;CPXPARAM_MIP_Limits_GomoryPass=0;CPXPARAM_MIP_Limits_Nodes=9223372036800000000;CPXPARAM_MIP_Limits_ProbeTime=1e+75;CPXPARAM_MIP_Limits_RepairTries=0;CPXPARAM_MIP_Limits_StrongCand=10;CPXPARAM_MIP_Limits_StrongIt=0;CPXPARAM_MIP_OrderType=0;CPXPARAM_MIP_Strategy_BBInterval=7;CPXPARAM_MIP_Strategy_Branch=0;CPXPARAM_MIP_Strategy_Dive=0;CPXPARAM_MIP_Strategy_File=1;CPXPARAM_MIP_Strategy_HeuristicFreq=0;CPXPARAM_MIP_Strategy_LBHeur=0;CPXPARAM_MIP_Strategy_NodeSelect=3;CPXPARAM_MIP_Strategy_Order=1;CPXPARAM_MIP_Strategy_PresolveNode=2;CPXPARAM_MIP_Strategy_Probe=3;CPXPARAM_MIP_Strategy_RINSHeur=0;CPXPARAM_MIP_Strategy_StartAlgorithm=0;CPXPARAM_MIP_Strategy_SubAlgorithm=0;CPXPARAM_MIP_Strategy_VariableSelect=-1;CPXPARAM_Network_NetFind=2;CPXPARAM_Network_Pricing=0;CPXPARAM_Parallel=1;CPXPARAM_Preprocessing_Aggregator=-1;CPXPARAM_Preprocessing_BoundStrength=-1;CPXPARAM_Preprocessing_CoeffReduce=-1;CPXPARAM_Preprocessing_Dependency=-1;CPXPARAM_Preprocessing_Dual=0;CPXPARAM_Preprocessing_Fill=10;CPXPARAM_Preprocessing_NumPass=-1;CPXPARAM_Preprocessing_Presolve=1;CPXPARAM_Preprocessing_QPMakePSD=1;CPXPARAM_Preprocessing_Reduce=3;CPXPARAM_Preprocessing_Relax=-1;CPXPARAM_Preprocessing_RepeatPresolve=-1;CPXPARAM_Preprocessing_Symmetry=-1;CPXPARAM_Read_Scale=0;CPXPARAM_Sifting_Algorithm=0;CPXPARAM_Simplex_Crash=1;CPXPARAM_Simplex_DGradient=0;CPXPARAM_Simplex_Limits_Perturbation=0;CPXPARAM_Simplex_Limits_Singularity=10;CPXPARAM_Simplex_PGradient=0;CPXPARAM_Simplex_Pricing=0;CPXPARAM_Simplex_Refactor=0
13451463144473957856,0,CPXPARAM_Advance=1;CPXPARAM_Barrier_Algorithm=0;CPXPARAM_Barrier_ColNonzeros=0;CPXPARAM_Barrier_Crossover=0;CPXPARAM_Barrier_Limits_Corrections=-1;CPXPARAM_Barrier_Ordering=0;CPXPARAM_Barrier_StartAlg=1;CPXPARAM_Emphasis_MIP=2;CPXPARAM_Emphasis_Memory=0;CPXPARAM_Emphasis_Numerical=0;CPXPARAM_Feasopt_Mode=0;CPXPARAM_LPMethod=0;CPXPARAM_MIP_Cuts_Cliques=-1;CPXPARAM_MIP_Cuts_Covers=2;CPXPARAM_MIP_Cuts_Disjunctive=1;CPXPARAM_MIP_Cuts_FlowCovers=2;CPXPARAM_MIP_Cuts_GUBCovers=1;CPXPARAM_MIP_Cuts_Gomory=0;CPXPARAM_MIP_Cuts_Implied=-1;CPXPARAM_MIP_Cuts_MIRCut=-1;CPXPARAM_MIP_Cuts_PathCut=-1;CPXPARAM_MIP_Limits_AggForCut=3;CPXPARAM_MIP_Limits_CutPasses=0;CPXPARAM_MIP_Limits_CutsFactor=-1;CPXPARAM_MIP_Limits_GomoryCand=400;CPXPARAM_MIP_Limits_GomoryPass=0;CPXPARAM_MIP_Limits_Nodes=9223372036800000000;CPXPARAM_MIP_Limits_ProbeTime=1e+75;CPXPARAM_MIP_Limits_RepairTries=0;CPXPARAM_MIP_Limits_StrongCand=10;CPXPARAM_MIP_Limits_StrongIt=0;CPXPARAM_MIP_OrderType=0;CPXPARAM_MIP_Strategy_BBInterval=7;CPXPARAM_MIP_Strategy_Branch=0;CPXPARAM_MIP_Strategy_Dive=0;CPXPARAM_MIP_Strategy_File=1;CPXPARAM_MIP_Strategy_HeuristicFreq=0;CPXPARAM_MIP_Strategy_LBHeur=0;CPXPARAM_MIP_Strategy_NodeSelect=1;CPXPARAM_MIP_Strategy_Order=1;CPXPARAM_MIP_Strategy_PresolveNode=0;CPXPARAM_MIP_Strategy_Probe=0;CPXPARAM_MIP_Strategy_RINSHeur=0;CPXPARAM_MIP_Strategy_StartAlgorithm=0;CPXPARAM_MIP_Strategy_SubAlgorithm=0;CPXPARAM_MIP_Strategy_VariableSelect=0;CPXPARAM_Network_NetFind=2;CPXPARAM_Network_Pricing=0;CPXPARAM_Parallel=1;CPXPARAM_Preprocessing_Aggregator=-1;CPXPARAM_Preprocessing_BoundStrength=-1;CPXPARAM_Preprocessing_CoeffReduce=-1;CPXPARAM_Preprocessing_Dependency=-1;CPXPARAM_Preprocessing_Dual=0;CPXPARAM_Preprocessing_Fill=10;CPXPARAM_Preprocessing_NumPass=-1;CPXPARAM_Preprocessing_Presolve=1;CPXPARAM_Preprocessing_QPMakePSD=1;CPXPARAM_Preprocessing_Reduce=2;CPXPARAM_Preprocessing_Relax=-1;CPXPARAM_Preprocessing_RepeatPresolve=-1;CPXPARAM_Preprocessing_Symmetry=-1;CPXPARAM_Read_Scale=0;CPXPARAM_Sifting_Algorithm=0;CPXPARAM_Simplex_Crash=1;CPXPARAM_Simplex_DGradient=0;CPXPARAM_Simplex_Limits_Perturbation=0;CPXPARAM_Simplex_Limits_Singularity=10;CPXPARAM_Simplex_PGradient=0;CPXPARAM_Simplex_Pricing=0;CPXPARAM_Simplex_Refactor=0
14840916706767370777,0,CPXPARAM_Advance=1;CPXPARAM_Barrier_Algorithm=0;CPXPARAM_Barrier_ColNonzeros=0;CPXPARAM_Barrier_Crossover=0;CPXPARAM_Barrier_Limits_Corrections=-1;CPXPARAM_Barrier_Ordering=0;CPXPARAM_Barrier_StartAlg=1;CPXPARAM_Emphasis_MIP=5;CPXPARAM_Emphasis_Memory=0;CPXPARAM_Emphasis_Numerical=0;CPXPARAM_Feasopt_Mode=0;CPXPARAM_LPMethod=0;CPXPARAM_MIP_Cuts_Cliques=2;CPXPARAM_MIP_Cuts_Covers=3;CPXPARAM_MIP_Cuts_Disjunctive=-1;CPXPARAM_MIP_Cuts_FlowCovers=2;CPXPARAM_MIP_Cuts_GUBCovers=-1;CPXPARAM_MIP_Cuts_Gomory=0;CPXPARAM_MIP_Cuts_Implied=1;CPXPARAM_MIP_Cuts_MIRCut=0;CPXPARAM_MIP_Cuts_PathCut=2;CPXPARAM_MIP_Limits_AggForCut=3;CPXPARAM_MIP_Limits_CutPasses=0;CPXPARAM_MIP_Limits_CutsFactor=-1;CPXPARAM_MIP_Limits_GomoryCand=200;CPXPARAM_MIP_Limits_GomoryPass=0;CPXPARAM_MIP_Limits_Nodes=9223372036800000000;CPXPARAM_MIP_Limits_ProbeTime=1e+75;CPXPARAM_MIP_Limits_RepairTries=0;CPXPARAM_MIP_Limits_StrongCand=10;CPXPARAM_MIP_Limits_StrongIt=0;CPXPARAM_MIP_OrderType=0;CPXPARAM_MIP_Strategy_BBInterval=7;CPXPARAM_MIP_Strategy_Branch=0;CPXPARAM_MIP_Strategy_Dive=0;CPXPARAM_MIP_Strategy_File=1;CPXPARAM_MIP_Strategy_HeuristicFreq=0;CPXPARAM_MIP_Strategy_LBHeur=0;CPXPARAM_MIP_Strategy_NodeSelect=1;CPXPARAM_MIP_Strategy_Order=1;CPXPARAM_MIP_Strategy_PresolveNode=0;CPXPARAM_MIP_Strategy_Probe=3;CPXPARAM_MIP_Strategy_RINSHeur=0;CPXPARAM_MIP_Strategy_StartAlgorithm=0;CPXPARAM_MIP_Strategy_SubAlgorithm=0;CPXPARAM_MIP_Strategy_VariableSelect=0;CPXPARAM_Network_NetFind=2;CPXPARAM_Network_Pricing=0;CPXPARAM_Parallel=1;CPXPARAM_Preprocessing_Aggregator=-1;CPXPARAM_Preprocessing_BoundStrength=-1;CPXPARAM_Preprocessing_CoeffReduce=-1;CPXPARAM_Preprocessing_Dependency=-1;CPXPARAM_Preprocessing_Dual=0;CPXPARAM_Preprocessing_Fill=10;CPXPARAM_Preprocessing_NumPass=-1;CPXPARAM_Preprocessing_Presolve=1;CPXPARAM_Preprocessing_QPMakePSD=1;CPXPARAM_Preprocessing_Reduce=3;CPXPARAM_Preprocessing_Relax=-1;CPXPARAM_Preprocessing_RepeatPresolve=-1;CPXPARAM_Preprocessing_Symmetry=-1;CPXPARAM_Read_Scale=0;CPXPARAM_Sifting_Algorithm=0;CPXPARAM_Simplex_Crash=1;CPXPARAM_Simplex_DGradient=0;CPXPARAM_Simplex_Limits_Perturbation=0;CPXPARAM_Simplex_Limits_Singularity=10;CPXPARAM_Simplex_PGradient=0;CPXPARAM_Simplex_Pricing=0;CPXPARAM_Simplex_Refactor=0
5682248317429223794,0,CPXPARAM_Advance=1;CPXPARAM_Barrier_Algorithm=0;CPXPARAM_Barrier_ColNonzeros=0;CPXPARAM_Barrier_Crossover=0;CPXPARAM_Barrier_Limits_Corrections=-1;CPXPARAM_Barrier_Ordering=0;CPXPARAM_Barrier_StartAlg=1;CPXPARAM_Emphasis_MIP=2;CPXPARAM_Emphasis_Memory=0;CPXPARAM_Emphasis_Numerical=0;CPXPARAM_Feasopt_Mode=0;CPXPARAM_LPMethod=6;CPXPARAM_MIP_Cuts_Cliques=-1;CPXPARAM_MIP_Cuts_Covers=2;CPXPARAM_MIP_Cuts_Disjunctive=1;CPXPARAM_MIP_Cuts_FlowCovers=2;CPXPARAM_MIP_Cuts_GUBCovers=1;CPXPARAM_MIP_Cuts_Gomory=0;CPXPARAM_MIP_Cuts_Implied=-1;CPXPARAM_MIP_Cuts_MIRCut=-1;CPXPARAM_MIP_Cuts_PathCut=-1;CPXPARAM_MIP_Limits_AggForCut=3;CPXPARAM_MIP_Limits_CutPasses=0;CPXPARAM_MIP_Limits_CutsFactor=-1;CPXPARAM_MIP_Limits_GomoryCand=400;CPXPARAM_MIP_Limits_GomoryPass=0;CPXPARAM_MIP_Limits_Nodes=9223372036800000000;CPXPARAM_MIP_Limits_ProbeTime=1e+75;CPXPARAM_MIP_Limits_RepairTries=0;CPXPARAM_MIP_Limits_StrongCand=10;CPXPARAM_MIP_Limits_StrongIt=0;CPXPARAM_MIP_OrderType=0;CPXPARAM_MIP_Strategy_BBInterval=7;CPXPARAM_MIP_Strategy_Branch=0;CPXPARAM_MIP_Strategy_Dive=0;CPXPARAM_MIP_Strategy_File=1;CPXPARAM_MIP_Strategy_HeuristicFreq=0;CPXPARAM_MIP_Strategy_LBHeur=0;CPXPARAM_MIP_Strategy_NodeSelect=1;CPXPARAM_MIP_Strategy_Order=1;CPXPARAM_MIP_Strategy_PresolveNode=0;CPXPARAM_MIP_Strategy_Probe=0;CPXPARAM_MIP_Strategy_RINSHeur=0;CPXPARAM_MIP_Strategy_StartAlgorithm=0;CPXPARAM_MIP_Strategy_SubAlgorithm=0;CPXPARAM_MIP_Strategy_VariableSelect=0;CPXPARAM_Network_NetFind=2;CPXPARAM_Network_Pricing=0;CPXPARAM_Parallel=1;CPXPARAM_Preprocessing_Aggregator=-1;CPXPARAM_Preprocessing_BoundStrength=-1;CPXPARAM_Preprocessing_CoeffReduce=-1;CPXPARAM_Preprocessing_Dependency=-1;CPXPARAM_Preprocessing_Dual=0;CPXPARAM_Preprocessing_Fill=10;CPXPARAM_Preprocessing_NumPass=-1;CPXPARAM_Preprocessing_Presolve=1;CPXPARAM_Preprocessing_QPMakePSD=1;CPXPARAM_Preprocessing_Reduce=3;CPXPARAM_Preprocessing_Relax=-1;CPXPARAM_Preprocessing_RepeatPresolve=-1;CPXPARAM_Preprocessing_Symmetry=-1;CPXPARAM_Read_Scale=0;CPXPARAM_Sifting_Algorithm=0;CPXPARAM_Simplex_Crash=1;CPXPARAM_Simplex_DGradient=0;CPXPARAM_Simplex_Limits_Perturbation=0;CPXPARAM_Simplex_Limits_Singularity=10;CPXPARAM_Simplex_PGradient=0;CPXPARAM_Simplex_Pricing=0;CPXPARAM_Simplex_Refactor=0
15333495199768323561,0,CPXPARAM_Advance=1;CPXPARAM_Barrier_Algorithm=0;CPXPARAM_Barrier_ColNonzeros=0;CPXPARAM_Barrier_Crossover=0;CPXPARAM_Barrier_Limits_Corrections=-1;CPXPARAM_Barrier_Ordering=0;CPXPARAM_Barrier_StartAlg=1;CPXPARAM_Emphasis_MIP=1;CPXPARAM_Emphasis_Memory=0;CPXPARAM_Emphasis_Numerical=0;CPXPARAM_Feasopt_Mode=0;CPXPARAM_LPMethod=0;CPXPARAM_MIP_Cuts_Cliques=0;CPXPARAM_MIP_Cuts_Covers=0;CPXPARAM_MIP_Cuts_Disjunctive=1;CPXPARAM_MIP_Cuts_FlowCovers=0;CPXPARAM_MIP_Cuts_GUBCovers=2;CPXPARAM_MIP_Cuts_Gomory=0;CPXPARAM_MIP_Cuts_Implied=-1;CPXPARAM_MIP_Cuts_MIRCut=1;CPXPARAM_MIP_Cuts_PathCut=-1;CPXPARAM_MIP_Limits_AggForCut=3;CPXPARAM_MIP_Limits_CutPasses=0;CPXPARAM_MIP_Limits_CutsFactor=-1;CPXPARAM_MIP_Limits_GomoryCand=150;CPXPARAM_MIP_Limits_GomoryPass=0;CPXPARAM_MIP_Limits_Nodes=9223372036800000000;CPXPARAM_MIP_Limits_ProbeTime=1e+75;CPXPARAM_MIP_Limits_RepairTries=0;CPXPARAM_MIP_Limits_StrongCand=10;CPXPARAM_MIP_Limits_StrongIt=0;CPXPARAM_MIP_OrderType=0;CPXPARAM_MIP_Strategy_BBInterval=7;CPXPARAM_MIP_Strategy_Branch=0;CPXPARAM_MIP_Strategy_Dive=0;CPXPARAM_MIP_Strategy_File=1;CPXPARAM_MIP_Strategy_HeuristicFreq=0;CPXPARAM_MIP_Strategy_LBHeur=0;CPXPARAM_MIP_Strategy_NodeSelect=1;CPXPARAM_MIP_Strategy_Order=1;CPXPARAM_MIP_Strategy_PresolveNode=0;CPXPARAM_MIP_Strategy_Probe=0;CPXPARAM_MIP_Strategy_RINSHeur=0;CPXPARAM_MIP_Strategy_StartAlgorithm=0;CPXPARAM_MIP_Strategy_SubAlgorithm=0;CPXPARAM_MIP_Strategy_VariableSelect=0;CPXPARAM_Network_NetFind=2;CPXPARAM_Network_Pricing=0;CPXPARAM_Parallel=1;CPXPARAM_Preprocessing_Aggregator=-1;CPXPARAM_Preprocessing_BoundStrength=-1;CPXPARAM_Preprocessing_CoeffReduce=-1;CPXPARAM_Preprocessing_Dependency=-1;CPXPARAM_Preprocessing_Dual=0;CPXPARAM_Preprocessing_Fill=10;CPXPARAM_Preprocessing_NumPass=-1;CPXPARAM_Preprocessing_Presolve=1;CPXPARAM_Preprocessing_QPMakePSD=1;CPXPARAM_Preprocessing_Reduce=3;CPXPARAM_Preprocessing_Relax=-1;CPXPARAM_Preprocessing_RepeatPresolve=-1;CPXPARAM_Preprocessing_Symmetry=-1;CPXPARAM_Read_Scale=0;CPXPARAM_Sifting_Algorithm=0;CPXPARAM_Simplex_Crash=1;CPXPARAM_Simplex_DGradient=0;CPXPARAM_Simplex_Limits_Perturbation=0;CPXPARAM_Simplex_Limits_Singularity=10;CPXPARAM_Simplex_PGradient=0;CPXPARAM_Simplex_Pricing=0;CPXPARAM_Simplex_Refactor=0
8176430268009830297,0,CPXPARAM_Advance=1;CPXPARAM_Barrier_Algorithm=0;CPXPARAM_Barrier_ColNonzeros=0;CPXPARAM_Barrier_Crossover=0;CPXPARAM_Barrier_Limits_Corrections=-1;CPXPARAM_Barrier_Ordering=0;CPXPARAM_Barrier_StartAlg=1;CPXPARAM_Emphasis_MIP=0;CPXPARAM_Emphasis_Memory=0;CPXPARAM_Emphasis_Numerical=0;CPXPARAM_Feasopt_Mode=0;CPXPARAM_LPMethod=0;CPXPARAM_MIP_Cuts_Cliques=-1;CPXPARAM_MIP_Cuts_Covers=0;CPXPARAM_MIP_Cuts_Disjunctive=1;CPXPARAM_MIP_Cuts_FlowCovers=2;CPXPARAM_MIP_Cuts_GUBCovers=1;CPXPARAM_MIP_Cuts_Gomory=0;CPXPARAM_MIP_Cuts_Implied=-1;CPXPARAM_MIP_Cuts_MIRCut=-1;CPXPARAM_MIP_Cuts_PathCut=-1;CPXPARAM_MIP_Limits_AggForCut=3;CPXPARAM_MIP_Limits_CutPasses=0;CPXPARAM_MIP_Limits_CutsFactor=-1;CPXPARAM_MIP_Limits_GomoryCand=400;CPXPARAM_MIP_Limits_GomoryPass=0;CPXPARAM_MIP_Limits_Nodes=9223372036800000000;CPXPARAM_MIP_Limits_ProbeTime=1e+75;CPXPARAM_MIP_Limits_RepairTries=0;CPXPARAM_MIP_Limits_StrongCand=10;CPXPARAM_MIP_Limits_StrongIt=0;CPXPARAM_MIP_OrderType=0;CPXPARAM_MIP_Strategy_BBInterval=7;CPXPARAM_MIP_Strategy_Branch=0;CPXPARAM_MIP_Strategy_Dive=0;CPXPARAM_MIP_Strategy_File=1;CPXPARAM_MIP_Strategy_HeuristicFreq=0;CPXPARAM_MIP_Strategy_LBHeur=0;CPXPARAM_MIP_Strategy_NodeSelect=1;CPXPARAM_MIP_Strategy_Order=1;CPXPARAM_MIP_Strategy_PresolveNode=0;CPXPARAM_MIP_Strategy_Probe=0;CPXPARAM_MIP_Strategy_RINSHeur=0;CPXPARAM_MIP_Strategy_StartAlgorithm=0;CPXPARAM_MIP_Strategy_SubAlgorithm=0;CPXPARAM_MIP_Strategy_VariableSelect=0;CPXPARAM_Network_NetFind=2;CPXPARAM_Network_Pricing=0;CPXPARAM_Parallel=1;CPXPARAM_Preprocessing_Aggregator=-1;CPXPARAM_Preprocessing_BoundStrength=-1;CPXPARAM_Preprocessing_CoeffReduce=-1;CPXPARAM_Preprocessing_Dependency=-1;CPXPARAM_Preprocessing_Dual=0;CPXPARAM_Preprocessing_Fill=10;CPXPARAM_Preprocessing_NumPass=-1;CPXPARAM_Preprocessing_Presolve=1;CPXPARAM_Preprocessing_QPMakePSD=1;CPXPARAM_Preprocessing_Reduce=3;CPXPARAM_Preprocessing_Relax=-1;CPXPARAM_Preprocessing_RepeatPresolve=-1;CPXPARAM_Preprocessing_Symmetry=-1;CPXPARAM_Read_Scale=0;CPXPARAM_Sifting_Algorithm=0;CPXPARAM_Simplex_Crash=1;CPXPARAM_Simplex_DGradient=0;CPXPARAM_Simplex_Limits_Perturbation=0;CPXPARAM_Simplex_Limits_Singularity=10;CPXPARAM_Simplex_PGradient=0;CPXPARAM_Simplex_Pricing=0;CPXPARAM_Simplex_Refactor=0
7539055167591350918,0,CPXPARAM_Advance=1;CPXPARAM_Barrier_Algorithm=0;CPXPARAM_Barrier_ColNonzeros=0;CPXPARAM_Barrier_Crossover=0;CPXPARAM_Barrier_Limits_Corrections=-1;CPXPARAM_Barrier_Ordering=0;CPXPARAM_Barrier_StartAlg=1;CPXPARAM_Emphasis_MIP=5;CPXPARAM_Emphasis_Memory=0;CPXPARAM_Emphasis_Numerical=0;CPXPARAM_Feasopt_Mode=0;CPXPARAM_LPMethod=0;CPXPARAM_MIP_Cuts_Cliques=2;CPXPARAM_MIP_Cuts_Covers=0;CPXPARAM_MIP_Cuts_Disjunctive=1;CPXPARAM_MIP_Cuts_FlowCovers=-1;CPXPARAM_MIP_Cuts_GUBCovers=-1;CPXPARAM_MIP_Cuts_Gomory=2;CPXPARAM_MIP_Cuts_Implied=2;CPXPARAM_MIP_Cuts_MIRCut=1;CPXPARAM_MIP_Cuts_PathCut=0;CPXPARAM_MIP_Limits_AggForCut=10;CPXPARAM_MIP_Limits_CutPasses=0;CPXPARAM_MIP_Limits_CutsFactor=-1;CPXPARAM_MIP_Limits_GomoryCand=200;CPXPARAM_MIP_Limits_GomoryPass=0;CPXPARAM_MIP_Limits_Nodes=9223372036800000000;CPXPARAM_MIP_Limits_ProbeTime=1e+75;CPXPARAM_MIP_Limits_RepairTries=0;CPXPARAM_MIP_Limits_StrongCand=10;CPXPARAM_MIP_Limits_StrongIt=0;CPXPARAM_MIP_OrderType=2;CPXPARAM_MIP_Strategy_BBInterval=7;CPXPARAM_MIP_Strategy_Branch=1;CPXPARAM_MIP_Strategy_Dive=0;CPXPARAM_MIP_Strategy_File=1;CPXPARAM_MIP_Strategy_HeuristicFreq=0;CPXPARAM_MIP_Strategy_LBHeur=0;CPXPARAM_MIP_Strategy_NodeSelect=3;CPXPARAM_MIP_Strategy_Order=1;CPXPARAM_MIP_Strategy_PresolveNode=1;CPXPARAM_MIP_Strategy_Probe=-1;CPXPARAM_MIP_Strategy_RINSHeur=0;CPXPARAM_MIP_Strategy_StartAlgorithm=0;CPXPARAM_MIP_Strategy_SubAlgorithm=3;CPXPARAM_MIP_Strategy_VariableSelect=4;CPXPARAM_Network_NetFind=2;CPXPARAM_Network_Pricing=0;CPXPARAM_Parallel=1;CPXPARAM_Preprocessing_Aggregator=-1;CPXPARAM_Preprocessing_BoundStrength=-1;CPXPARAM_Preprocessing_CoeffReduce=-1;CPXPARAM_Preprocessing_Dependency=-1;CPXPARAM_Preprocessing_Dual=0;CPXPARAM_Preprocessing_Fill=10;CPXPARAM_Preprocessing_NumPass=-1;CPXPARAM_Preprocessing_Presolve=1;CPXPARAM_Preprocessing_QPMakePSD=1;CPXPARAM_Preprocessing_Reduce=3;CPXPARAM_Preprocessing_Relax=-1;CPXPARAM_Preprocessing_RepeatPresolve=-1;CPXPARAM_Preprocessing_Symmetry=-1;CPXPARAM_Read_Scale=0;CPXPARAM_Sifting_Algorithm=0;CPXPARAM_Simplex_Crash=1;CPXPARAM_Simplex_DGradient=0;CPXPARAM_Simplex_Limits_Perturbation=0;CPXPARAM_Simplex_Limits_Singularity=10;CPXPARAM_Simplex_PGradient=0;CPXPARAM_Simplex_Pricing=0;CPXPARAM_Simplex_Refactor=0
3654105394837268518,0,CPXPARAM_Advance=1;CPXPARAM_Barrier_Algorithm=0;CPXPARAM_Barrier_ColNonzeros=0;CPXPARAM_Barrier_Crossover=0;CPXPARAM_Barrier_Limits_Corrections=-1;CPXPARAM_Barrier_Ordering=0;CPXPARAM_Barrier_StartAlg=1;CPXPARAM_Emphasis_MIP=2;CPXPARAM_Emphasis_Memory=0;CPXPARAM_Emphasis_Numerical=0;CPXPARAM_Feasopt_Mode=0;CPXPARAM_LPMethod=0;CPXPARAM_MIP_Cuts_Cliques=-1;CPXPARAM_MIP_Cuts_Covers=2;CPXPARAM_MIP_Cuts_Disjunctive=1;CPXPARAM_MIP_Cuts_FlowCovers=2;CPXPARAM_MIP_Cuts_GUBCovers=1;CPXPARAM_MIP_Cuts_Gomory=0;CPXPARAM_MIP_Cuts_Implied=-1;CPXPARAM_MIP_Cuts_MIRCut=-1;CPXPARAM_MIP_Cuts_PathCut=-1;CPXPARAM_MIP_Limits_AggForCut=3;CPXPARAM_MIP_Limits_CutPasses=0;CPXPARAM_MIP_Limits_CutsFactor=-1;CPXPARAM_MIP_Limits_GomoryCand=400;CPXPARAM_MIP_Limits_GomoryPass=0;CPXPARAM_MIP_Limits_Nodes=9223372036800000000;CPXPARAM_MIP_Limits_ProbeTime=1e+75;CPXPARAM_MIP_Limits_RepairTries=0;CPXPARAM_MIP_Limits_StrongCand=10;CPXPARAM_MIP_Limits_StrongIt=0;CPXPARAM_MIP_OrderType=0;CPXPARAM_MIP_Strategy_BBInterval=7;CPXPARAM_MIP_Strategy_Branch=0;CPXPARAM_MIP_Strategy_Dive=0;CPXPARAM_MIP_Strategy_File=1;CPXPARAM_MIP_Strategy_HeuristicFreq=0;CPXPARAM_MIP_Strategy_LBHeur=0;CPXPARAM_MIP_Strategy_NodeSelect=1;CPXPARAM_MIP_Strategy_Order=1;CPXPARAM_MIP_Strategy_PresolveNode=0;CPXPARAM_MIP_Strategy_Probe=0;CPXPARAM_MIP_Strategy_RINSHeur=200;CPXPARAM_MIP_Strategy_StartAlgorithm=0;CPXPARAM_MIP_Strategy_SubAlgorithm=0;CPXPARAM_MIP_Strategy_VariableSelect=0;CPXPARAM_Network_NetFind=2;CPXPARAM_Network_Pricing=0;CPXPARAM_Parallel=1;CPXPARAM_Preprocessing_Aggregator=-1;CPXPARAM_Preprocessing_BoundStrength=-1;CPXPARAM_Preprocessing_CoeffReduce=-1;CPXPARAM_Preprocessing_Dependency=-1;CPXPARAM_Preprocessing_Dual=0;CPXPARAM_Preprocessing_Fill=10;CPXPARAM_Preprocessing_NumPass=-1;CPXPARAM_Preprocessing_Presolve=1;CPXPARAM_Preprocessing_QPMakePSD=1;CPXPARAM_Preprocessing_Reduce=3;CPXPARAM_Preprocessing_Relax=-1;CPXPARAM_Preprocessing_RepeatPresolve=-1;CPXPARAM_Preprocessing_Symmetry=-1;CPXPARAM_Read_Scale=0;CPXPARAM_Sifting_Algorithm=0;CPXPARAM_Simplex_Crash=1;CPXPARAM_Simplex_DGradient=0;CPXPARAM_Simplex_Limits_Perturbation=0;CPXPARAM_Simplex_Limits_Singularity=10;CPXPARAM_Simplex_PGradient=0;CPXPARAM_Simplex_Pricing=0;CPXPARAM_Simplex_Refactor=0
8158454929981039429,0,CPXPARAM_Advance=1;CPXPARAM_Barrier_Algorithm=0;CPXPARAM_Barrier_ColNonzeros=0;CPXPARAM_Barrier_Crossover=0;CPXPARAM_Barrier_Limits_Corrections=-1;CPXPARAM_Barrier_Ordering=0;CPXPARAM_Barrier_StartAlg=1;CPXPARAM_Emphasis_MIP=0;CPXPARAM_Emphasis_Memory=0;CPXPARAM_Emphasis_Numerical=0;CPXPARAM_Feasopt_Mode=0;CPXPARAM_LPMethod=0;CPXPARAM_MIP_Cuts_Cliques=2;CPXPARAM_MIP_Cuts_Covers=-1;CPXPARAM_MIP_Cuts_Disjunctive=-1;CPXPARAM_MIP_Cuts_FlowCovers=-1;CPXPARAM_MIP_Cuts_GUBCovers=1;CPXPARAM_MIP_Cuts_Gomory=0;CPXPARAM_MIP_Cuts_Implied=2;CPXPARAM_MIP_Cuts_MIRCut=2;CPXPARAM_MIP_Cuts_PathCut=-1;CPXPARAM_MIP_Limits_AggForCut=3;CPXPARAM_MIP_Limits_CutPasses=0;CPXPARAM_MIP_Limits_CutsFactor=-1;CPXPARAM_MIP_Limits_GomoryCand=100;CPXPARAM_MIP_Limits_GomoryPass=0;CPXPARAM_MIP_Limits_Nodes=9223372036800000000;CPXPARAM_MIP_Limits_ProbeTime=1e+75;CPXPARAM_MIP_Limits_RepairTries=0;CPXPARAM_MIP_Limits_StrongCand=10;CPXPARAM_MIP_Limits_StrongIt=0;CPXPARAM_MIP_OrderType=0;CPXPARAM_MIP_Strategy_BBInterval=7;CPXPARAM_MIP_Strategy_Branch=-1;CPXPARAM_MIP_Strategy_Dive=0;CPXPARAM_MIP_Strategy_File=1;CPXPARAM_MIP_Strategy_HeuristicFreq=0;CPXPARAM_MIP_Strategy_LBHeur=0;CPXPARAM_MIP_Strategy_NodeSelect=0;CPXPARAM_MIP_Strategy_Order=1;CPXPARAM_MIP_Strategy_PresolveNode=1;CPXPARAM_MIP_Strategy_Probe=-1;CPXPARAM_MIP_Strategy_RINSHeur=0;CPXPARAM_MIP_Strategy_StartAlgorithm=0;CPXPARAM_MIP_Strategy_SubAlgorithm=0;CPXPARAM_MIP_Strategy_VariableSelect=4;CPXPARAM_Network_NetFind=2;CPXPARAM_Network_Pricing=0;CPXPARAM_Parallel=1;CPXPARAM_Preprocessing_Aggregator=-1;CPXPARAM_Preprocessing_BoundStrength=-1;CPXPARAM_Preprocessing_CoeffReduce=-1;CPXPARAM_Preprocessing_Dependency=-1;CPXPARAM_Preprocessing_Dual=0;CPXPARAM_Preprocessing_Fill=20;CPXPARAM_Preprocessing_NumPass=-1;CPXPARAM_Preprocessing_Presolve=1;CPXPARAM_Preprocessing_QPMakePSD=1;CPXPARAM_Preprocessing_Reduce=1;CPXPARAM_Preprocessing_Relax=-1;CPXPARAM_Preprocessing_RepeatPresolve=-1;CPXPARAM_Preprocessing_Symmetry=-1;CPXPARAM_Read_Scale=-1;CPXPARAM_Sifting_Algorithm=0;CPXPARAM_Simplex_Crash=1;CPXPARAM_Simplex_DGradient=0;CPXPARAM_Simplex_Limits_Perturbation=0;CPXPARAM_Simplex_Limits_Singularity=10;CPXPARAM_Simplex_PGradient=0;CPXPARAM_Simplex_Pricing=0;CPXPARAM_Simplex_Refactor=0
1487051979071732519,0,CPXPARAM_Advance=1;CPXPARAM_Barrier_Algorithm=0;CPXPARAM_Barrier_ColNonzeros=0;CPXPARAM_Barrier_Crossover=0;CPXPARAM_Barrier_Limits_Corrections=-1;CPXPARAM_Barrier_Ordering=0;CPXPARAM_Barrier_StartAlg=1;CPXPARAM_Emphasis_MIP=2;CPXPARAM_Emphasis_Memory=0;CPXPARAM_Emphasis_Numerical=0;CPXPARAM_Feasopt_Mode=0;CPXPARAM_LPMethod=0;CPXPARAM_MIP_Cuts_Cliques=-1;CPXPARAM_MIP_Cuts_Covers=2;CPXPARAM_MIP_Cuts_Disjunctive=1;CPXPARAM_MIP_Cuts_FlowCovers=2;CPXPARAM_MIP_Cuts_GUBCovers=1;CPXPARAM_MIP_Cuts_Gomory=0;CPXPARAM_MIP_Cuts_Implied=-1;CPXPARAM_MIP_Cuts_MIRCut=-1;CPXPARAM_MIP_Cuts_PathCut=-1;CPXPARAM_MIP_Limits_AggForCut=3;CPXPARAM_MIP_Limits_CutPasses=0;CPXPARAM_MIP_Limits_CutsFactor=-1;CPXPARAM_MIP_Limits_GomoryCand=400;CPXPARAM_MIP_Limits_GomoryPass=0;CPXPARAM_MIP_Limits_Nodes=9223372036800000000;CPXPARAM_MIP_Limits_ProbeTime=240;CPXPARAM_MIP_Limits_RepairTries=0;CPXPARAM_MIP_Limits_StrongCand=10;CPXPARAM_MIP_Limits_StrongIt=0;CPXPARAM_MIP_OrderType=0;CPXPARAM_MIP_Strategy_BBInterval=7;CPXPARAM_MIP_Strategy_Branch=0;CPXPARAM_MIP_Strategy_Dive=0;CPXPARAM_MIP_Strategy_File=1;CPXPARAM_MIP_Strategy_HeuristicFreq=0;CPXPARAM_MIP_Strategy_LBHeur=0;CPXPARAM_MIP_Strategy_NodeSelect=1;CPXPARAM_MIP_Strategy_Order=1;CPXPARAM_MIP_Strategy_PresolveNode=0;CPXPARAM_MIP_Strategy_Probe=0;CPXPARAM_MIP_Strategy_RINSHeur=0;CPXPARAM_MIP_Strategy_StartAlgorithm=0;CPXPARAM_MIP_Strategy_SubAlgorithm=0;CPXPARAM_MIP_Strategy_VariableSelect=0;CPXPARAM_Network_NetFind=2;CPXPARAM_Network_Pricing=0;CPXPARAM_Parallel=1;CPXPARAM_Preprocessing_Aggregator=-1;CPXPARAM_Preprocessing_BoundStrength=-1;CPXPARAM_Preprocessing_CoeffReduce=-1;CPXPARAM_Preprocessing_Dependency=-1;CPXPARAM_Preprocessing_Dual=0;CPXPARAM_Preprocessing_Fill=10;CPXPARAM_Preprocessing_NumPass=-1;CPXPARAM_Preprocessing_Presolve=1;CPXPARAM_Preprocessing_QPMakePSD=1;CPXPARAM_Preprocessing_Reduce=3;CPXPARAM_Preprocessing_Relax=-1;CPXPARAM_Preprocessing_RepeatPresolve=-1;CPXPARAM_Preprocessing_Symmetry=-1;CPXPARAM_Read_Scale=0;CPXPARAM_Sifting_Algorithm=0;CPXPARAM_Simplex_Crash=1;CPXPARAM_Simplex_DGradient=0;CPXPARAM_Simplex_Limits_Perturbation=0;CPXPARAM_Simplex_Limits_Singularity=10;CPXPARAM_Simplex_PGradient=0;CPXPARAM_Simplex_Pricing=0;CPXPARAM_Simplex_Refactor=0
14591794526776596197,0,CPXPARAM_Advance=1;CPXPARAM_Barrier_Algorithm=0;CPXPARAM_Barrier_ColNonzeros=0;CPXPARAM_Barrier_Crossover=0;CPXPARAM_Barrier_Limits_Corrections=-1;CPXPARAM_Barrier_Ordering=0;CPXPARAM_Barrier_StartAlg=1;CPXPARAM_Emphasis_MIP=4;CPXPARAM_Emphasis_Memory=0;CPXPARAM_Emphasis_Numerical=0;CPXPARAM_Feasopt_Mode=0;CPXPARAM_LPMethod=0;CPXPARAM_MIP_Cuts_Cliques=3;CPXPARAM_MIP_Cuts_Covers=-1;CPXPARAM_MIP_Cuts_Disjunctive=-1;CPXPARAM_MIP_Cuts_FlowCovers=2;CPXPARAM_MIP_Cuts_GUBCovers=0;CPXPARAM_MIP_Cuts_Gomory=1;CPXPARAM_MIP_Cuts_Implied=-1;CPXPARAM_MIP_Cuts_MIRCut=2;CPXPARAM_MIP_Cuts_PathCut=-1;CPXPARAM_MIP_Limits_AggForCut=3;CPXPARAM_MIP_Limits_CutPasses=0;CPXPARAM_MIP_Limits_CutsFactor=-1;CPXPARAM_MIP_Limits_GomoryCand=800;CPXPARAM_MIP_Limits_GomoryPass=0;CPXPARAM_MIP_Limits_Nodes=9223372036800000000;CPXPARAM_MIP_Limits_ProbeTime=1e+75;CPXPARAM_MIP_Limits_RepairTries=0;CPXPARAM_MIP_Limits_StrongCand=10;CPXPARAM_MIP_Limits_StrongIt=0;CPXPARAM_MIP_OrderType=0;CPXPARAM_MIP_Strategy_BBInterval=7;CPXPARAM_MIP_Strategy_Branch=0;CPXPARAM_MIP_Strategy_Dive=0;CPXPARAM_MIP_Strategy_File=1;CPXPARAM_MIP_Strategy_HeuristicFreq=0;CPXPARAM_MIP_Strategy_LBHeur=0;CPXPARAM_MIP_Strategy_NodeSelect=1;CPXPARAM_MIP_Strategy_Order=1;CPXPARAM_MIP_Strategy_PresolveNode=0;CPXPARAM_MIP_Strategy_Probe=3;CPXPARAM_MIP_Strategy_RINSHeur=0;CPXPARAM_MIP_Strategy_StartAlgorithm=0;CPXPARAM_MIP_Strategy_SubAlgorithm=0;CPXPARAM_MIP_Strategy_VariableSelect=0;CPXPARAM_Network_NetFind=2;CPXPARAM_Network_Pricing=0;CPXPARAM_Parallel=1;CPXPARAM_Preprocessing_Aggregator=-1;CPXPARAM_Preprocessing_BoundStrength=-1;CPXPARAM_Preprocessing_CoeffReduce=-1;CPXPARAM_Preprocessing_Dependency=-1;CPXPARAM_Preprocessing_Dual=0;CPXPARAM_Preprocessing_Fill=10;CPXPARAM_Preprocessing_NumPass=-1;CPXPARAM_Preprocessing_Presolve=1;CPXPARAM_Preprocessing_QPMakePSD=1;CPXPARAM_Preprocessing_Reduce=3;CPXPARAM_Preprocessing_Relax=-1;CPXPARAM_Preprocessing_RepeatPresolve=-1;CPXPARAM_Preprocessing_Symmetry=-1;CPXPARAM_Read_Scale=0;CPXPARAM_Sifting_Algorithm=0;CPXPARAM_Simplex_Crash=1;CPXPARAM_Simplex_DGradient=0;CPXPARAM_Simplex_Limits_Perturbation=0;CPXPARAM_Simplex_Limits_Singularity=10;CPXPARAM_Simplex_PGradient=0;CPXPARAM_Simplex_Pricing=0;CPXPARAM_Simplex_Refactor=0
3860386524341089200,0,CPXPARAM_Advance=1;CPXPARAM_Barrier_Algorithm=0;CPXPARAM_Barrier_ColNonzeros=0;CPXPARAM_Barrier_Crossover=0;CPXPARAM_Barrier_Limits_Corrections=-1;CPXPARAM_Barrier_Ordering=0;CPXPARAM_Barrier_StartAlg=1;CPXPARAM_Emphasis_MIP=2;CPXPARAM_Emphasis_Memory=0;CPXPARAM_Emphasis_Numerical=0;CPXPARAM_Feasopt_Mode=0;CPXPARAM_LPMethod=0;CPXPARAM_MIP_Cuts_Cliques=-1;CPXPARAM_MIP_Cuts_Covers=2;CPXPARAM_MIP_Cuts_Disjunctive=1;CPXPARAM_MIP_Cuts_FlowCovers=2;CPXPARAM_MIP_Cuts_GUBCovers=1;CPXPARAM_MIP_Cuts_Gomory=0;CPXPARAM_MIP_Cuts_Implied=-1;CPXPARAM_MIP_Cuts_MIRCut=-1;CPXPARAM_MIP_Cuts_PathCut=-1;CPXPARAM_MIP_Limits_AggForCut=1;CPXPARAM_MIP_Limits_CutPasses=0;CPXPARAM_MIP_Limits_CutsFactor=-1;CPXPARAM_MIP_Limits_GomoryCand=400;CPXPARAM_MIP_Limits_GomoryPass=0;CPXPARAM_MIP_Limits_Nodes=9223372036800000000;CPXPARAM_MIP_Limits_ProbeTime=1e+75;CPXPARAM_MIP_Limits_RepairTries=0;CPXPARAM_MIP_Limits_StrongCand=10;CPXPARAM_MIP_Limits_StrongIt=0;CPXPARAM_MIP_OrderType=0;CPXPARAM_MIP_Strategy_BBInterval=7;CPXPARAM_MIP_Strategy_Branch=0;CPXPARAM_MIP_Strategy_Dive=0;CPXPARAM_MIP_Strategy_File=1;CPXPARAM_MIP_Strategy_HeuristicFreq=0;CPXPARAM_MIP_Strategy_LBHeur=0;CPXPARAM_MIP_Strategy_NodeSelect=1;CPXPARAM_MIP_Strategy_Order=1;CPXPARAM_MIP_Strategy_PresolveNode=0;CPXPARAM_MIP_Strategy_Probe=0;CPXPARAM_MIP_Strategy_RINSHeur=0;CPXPARAM_MIP_Strategy_StartAlgorithm=0;CPXPARAM_MIP_Strategy_SubAlgorithm=0;CPXPARAM_MIP_Strategy_VariableSelect=0;CPXPARAM_Network_NetFind=2;CPXPARAM_Network_Pricing=0;CPXPARAM_Parallel=1;CPXPARAM_Preprocessing_Aggregator=-1;CPXPARAM_Preprocessing_BoundStrength=-1;CPXPARAM_Preprocessing_CoeffReduce=-1;CPXPARAM_Preprocessing_Dependency=-1;CPXPARAM_Preprocessing_Dual=0;CPXPARAM_Preprocessing_Fill=10;CPXPARAM_Preprocessing_NumPass=-1;CPXPARAM_Preprocessing_Presolve=1;CPXPARAM_Preprocessing_QPMakePSD=1;CPXPARAM_Preprocessing_Reduce=3;CPXPARAM_Preprocessing_Relax=-1;CPXPARAM_Preprocessing_RepeatPresolve=-1;CPXPARAM_Preprocessing_Symmetry=-1;CPXPARAM_Read_Scale=0;CPXPARAM_Sifting_Algorithm=0;CPXPARAM_Simplex_Crash=1;CPXPARAM_Simplex_DGradient=0;CPXPARAM_Simplex_Limits_Perturbation=0;CPXPARAM_Simplex_Limits_Singularity=10;CPXPARAM_Simplex_PGradient=0;CPXPARAM_Simplex_Pricing=0;CPXPARAM_Simplex_Refactor=0
16919623857376093166,0,CPXPARAM_Advance=1;CPXPARAM_Barrier_Algorithm=0;CPXPARAM_Barrier_ColNonzeros=0;CPXPARAM_Barrier_Crossover=0;CPXPARAM_Barrier_Limits_Corrections=-1;CPXPARAM_Barrier_Ordering=0;CPXPARAM_Barrier_StartAlg=1;CPXPARAM_Emphasis_MIP=5;CPXPARAM_Emphasis_Memory=0;CPXPARAM_Emphasis_Numerical=0;CPXPARAM_Feasopt_Mode=0;CPXPARAM_LPMethod=0;CPXPARAM_MIP_Cuts_Cliques=-1;CPXPARAM_MIP_Cuts_Covers=0;CPXPARAM_MIP_Cuts_Disjunctive=1;CPXPARAM_MIP_Cuts_FlowCovers=1;CPXPARAM_MIP_Cuts_GUBCovers=2;CPXPARAM_MIP_Cuts_Gomory=2;CPXPARAM_MIP_Cuts_Implied=-1;CPXPARAM_MIP_Cuts_MIRCut=1;CPXPARAM_MIP_Cuts_PathCut=-1;CPXPARAM_MIP_Limits_AggForCut=3;CPXPARAM_MIP_Limits_CutPasses=0;CPXPARAM_MIP_Limits_CutsFactor=-1;CPXPARAM_MIP_Limits_GomoryCand=150;CPXPARAM_MIP_Limits_GomoryPass=0;CPXPARAM_MIP_Limits_Nodes=9223372036800000000;CPXPARAM_MIP_Limits_ProbeTime=1e+75;CPXPARAM_MIP_Limits_RepairTries=0;CPXPARAM_MIP_Limits_StrongCand=10;CPXPARAM_MIP_Limits_StrongIt=0;CPXPARAM_MIP_OrderType=0;CPXPARAM_MIP_Strategy_BBInterval=7;CPXPARAM_MIP_Strategy_Branch=0;CPXPARAM_MIP_Strategy_Dive=0;CPXPARAM_MIP_Strategy_File=1;CPXPARAM_MIP_Strategy_HeuristicFreq=0;CPXPARAM_MIP_Strategy_LBHeur=0;CPXPARAM_MIP_Strategy_NodeSelect=1;CPXPARAM_MIP_Strategy_Order=1;CPXPARAM_MIP_Strategy_PresolveNode=0;CPXPARAM_MIP_Strategy_Probe=0;CPXPARAM_MIP_Strategy_RINSHeur=0;CPXPARAM_MIP_Strategy_StartAlgorithm=0;CPXPARAM_MIP_Strategy_SubAlgorithm=0;CPXPARAM_MIP_Strategy_VariableSelect=0;CPXPARAM_Network_NetFind=2;CPXPARAM_Network_Pricing=0;CPXPARAM_Parallel=1;CPXPARAM_Preprocessing_Aggregator=-1;CPXPARAM_Preprocessing_BoundStrength=-1;CPXPARAM_Preprocessing_CoeffReduce=-1;CPXPARAM_Preprocessing_Dependency=-1;CPXPARAM_Preprocessing_Dual=0;CPXPARAM_Preprocessing_Fill=10;CPXPARAM_Preprocessing_NumPass=-1;CPXPARAM_Preprocessing_Presolve=1;CPXPARAM_Preprocessing_QPMakePSD=1;CPXPARAM_Preprocessing_Reduce=3;CPXPARAM_Preprocessing_Relax=-1;CPXPARAM_Preprocessing_RepeatPresolve=-1;CPXPARAM_Preprocessing_Symmetry=-1;CPXPARAM_Read_Scale=0;CPXPARAM_Sifting_Algorithm=0;CPXPARAM_Simplex_Crash=1;CPXPARAM_Simplex_DGradient=0;CPXPARAM_Simplex_Limits_Perturbation=0;CPXPARAM_Simplex_Limits_Singularity=10;CPXPARAM_Simplex_PGradient=0;CPXPARAM_Simplex_Pricing=0;CPXPARAM_Simplex_Refactor=0
18295143312688916037,0,CPXPARAM_Advance=1;CPXPARAM_Barrier_Algorithm=0;CPXPARAM_Barrier_ColNonzeros=0;CPXPARAM_Barrier_Crossover=0;CPXPARAM_Barrier_Limits_Corrections=-1;CPXPARAM_Barrier_Ordering=0;CPXPARAM_Barrier_StartAlg=1;CPXPARAM_Emphasis_MIP=2;CPXPARAM_Emphasis_Memory=0;CPXPARAM_Emphasis_Numerical=0;CPXPARAM_Feasopt_Mode=0;CPXPARAM_LPMethod=0;CPXPARAM_MIP_Cuts_Cliques=-1;CPXPARAM_MIP_Cuts_Covers=2;CPXPARAM_MIP_Cuts_Disjunctive=1;CPXPARAM_MIP_Cuts_FlowCovers=2;CPXPARAM_MIP_Cuts_GUBCovers=1;CPXPARAM_MIP_Cuts_Gomory=0;CPXPARAM_MIP_Cuts_Implied=-1;CPXPARAM_MIP_Cuts_MIRCut=-1;CPXPARAM_MIP_Cuts_PathCut=-1;CPXPARAM_MIP_Limits_AggForCut=3;CPXPARAM_MIP_Limits_CutPasses=0;CPXPARAM_MIP_Limits_CutsFactor=-1;CPXPARAM_MIP_Limits_GomoryCand=400;CPXPARAM_MIP_Limits_GomoryPass=0;CPXPARAM_MIP_Limits_Nodes=9223372036800000000;CPXPARAM_MIP_Limits_ProbeTime=1e+75;CPXPARAM_MIP_Limits_RepairTries=0;CPXPARAM_MIP_Limits_StrongCand=10;CPXPARAM_MIP_Limits_StrongIt=0;CPXPARAM_MIP_OrderType=0;CPXPARAM_MIP_Strategy_BBInterval=7;CPXPARAM_MIP_Strategy_Branch=0;CPXPARAM_MIP_Strategy_Dive=0;CPXPARAM_MIP_Strategy_File=1;CPXPARAM_MIP_Strategy_HeuristicFreq=0;CPXPARAM_MIP_Strategy_LBHeur=0;CPXPARAM_MIP_Strategy_NodeSelect=1;CPXPARAM_MIP_Strategy_Order=1;CPXPARAM_MIP_Strategy_PresolveNode=0;CPXPARAM_MIP_Strategy_Probe=0;CPXPARAM_MIP_Strategy_RINSHeur=0;CPXPARAM_MIP_Strategy_StartAlgorithm=0;CPXPARAM_MIP_Strategy_SubAlgorithm=0;CPXPARAM_MIP_Strategy_VariableSelect=0;CPXPARAM_Network_NetFind=2;CPXPARAM_Network_Pricing=2;CPXPARAM_Parallel=1;CPXPARAM_Preprocessing_Aggregator=-1;CPXPARAM_Preprocessing_BoundStrength=-1;CPXPARAM_Preprocessing_CoeffReduce=-1;CPXPARAM_Preprocessing_Dependency=-1;CPXPARAM_Preprocessing_Dual=0;CPXPARAM_Preprocessing_Fill=10;CPXPARAM_Preprocessing_NumPass=-1;CPXPARAM_Preprocessing_Presolve=1;CPXPARAM_Preprocessing_QPMakePSD=1;CPXPARAM_Preprocessing_Reduce=3;CPXPARAM_Preprocessing_Relax=-1;CPXPARAM_Preprocessing_RepeatPresolve=-1;CPXPARAM_Preprocessing_Symmetry=-1;CPXPARAM_Read_Scale=0;CPXPARAM_Sifting_Algorithm=0;CPXPARAM_Simplex_Crash=1;CPXPARAM_Simplex_DGradient=0;CPXPARAM_Simplex_Limits_Perturbation=0;CPXPARAM_Simplex_Limits_Singularity=10;CPXPARAM_Simplex_PGradient=0;CPXPARAM_Simplex_Pricing=0;CPXPARAM_Simplex_Refactor=0
16299962769894846083,0,CPXPARAM_Advance=1;CPXPARAM_Barrier_Algorithm=0;CPXPARAM_Barrier_ColNonzeros=0;CPXPARAM_Barrier_Crossover=0;CPXPARAM_Barrier_Limits_Corrections=-1;CPXPARAM_Barrier_Ordering=0;CPXPARAM_Barrier_StartAlg=1;CPXPARAM_Emphasis_MIP=5;CPXPARAM_Emphasis_Memory=0;CPXPARAM_Emphasis_Numerical=0;CPXPARAM_Feasopt_Mode=0;CPXPARAM_LPMethod=0;CPXPARAM_MIP_Cuts_Cliques=-1;CPXPARAM_MIP_Cuts_Covers=0;CPXPARAM_MIP_Cuts_Disjunctive=1;CPXPARAM_MIP_Cuts_FlowCovers=0;CPXPARAM_MIP_Cuts_GUBCovers=2;CPXPARAM_MIP_Cuts_Gomory=2;CPXPARAM_MIP_Cuts_Implied=1;CPXPARAM_MIP_Cuts_MIRCut=1;CPXPARAM_MIP_Cuts_PathCut=1;CPXPARAM_MIP_Limits_AggForCut=3;CPXPARAM_MIP_Limits_CutPasses=0;CPXPARAM_MIP_Limits_CutsFactor=-1;CPXPARAM_MIP_Limits_GomoryCand=25;CPXPARAM_MIP_Limits_GomoryPass=0;CPXPARAM_MIP_Limits_Nodes=9223372036800000000;CPXPARAM_MIP_Limits_ProbeTime=1e+75;CPXPARAM_MIP_Limits_RepairTries=0;CPXPARAM_MIP_Limits_StrongCand=10;CPXPARAM_MIP_Limits_StrongIt=0;CPXPARAM_MIP_OrderType=0;CPXPARAM_MIP_Strategy_BBInterval=7;CPXPARAM_MIP_Strategy_Branch=0;CPXPARAM_MIP_Strategy_Dive=0;CPXPARAM_MIP_Strategy_File=1;CPXPARAM_MIP_Strategy_HeuristicFreq=0;CPXPARAM_MIP_Strategy_LBHeur=0;CPXPARAM_MIP_Strategy_NodeSelect=1;CPXPARAM_MIP_Strategy_Order=1;CPXPARAM_MIP_Strategy_PresolveNode=0;CPXPARAM_MIP_Strategy_Probe=0;CPXPARAM_MIP_Strategy_RINSHeur=0;CPXPARAM_MIP_Strategy_StartAlgorithm=0;CPXPARAM_MIP_Strategy_SubAlgorithm=0;CPXPARAM_MIP_Strategy_VariableSelect=0;CPXPARAM_Network_NetFind=2;CPXPARAM_Network_Pricing=0;CPXPARAM_Parallel=1;CPXPARAM_Preprocessing_Aggregator=-1;CPXPARAM_Preprocessing_BoundStrength=-1;CPXPARAM_Preprocessing_CoeffReduce=-1;CPXPARAM_Preprocessing_Dependency=-1;CPXPARAM_Preprocessing_Dual=0;CPXPARAM_Preprocessing_Fill=10;CPXPARAM_Preprocessing_NumPass=-1;CPXPARAM_Preprocessing_Presolve=1;CPXPARAM_Preprocessing_QPMakePSD=1;CPXPARAM_Preprocessing_Reduce=3;CPXPARAM_Preprocessing_Relax=-1;CPXPARAM_Preprocessing_RepeatPresolve=-1;CPXPARAM_Preprocessing_Symmetry=-1;CPXPARAM_Read_Scale=0;CPXPARAM_Sifting_Algorithm=0;CPXPARAM_Simplex_Crash=1;CPXPARAM_Simplex_DGradient=0;CPXPARAM_Simplex_Limits_Perturbation=0;CPXPARAM_Simplex_Limits_Singularity=10;CPXPARAM_Simplex_PGradient=0;CPXPARAM_Simplex_Pricing=0;CPXPARAM_Simplex_Refactor=0
8008955660173532430,0,CPXPARAM_Advance=1;CPXPARAM_Barrier_Algorithm=0;CPXPARAM_Barrier_ColNonzeros=0;CPXPARAM_Barrier_Crossover=0;CPXPARAM_Barrier_Limits_Corrections=-1;CPXPARAM_Barrier_Ordering=0;CPXPARAM_Barrier_StartAlg=1;CPXPARAM_Emphasis_MIP=5;CPXPARAM_Emphasis_Memory=0;CPXPARAM_Emphasis_Numerical=0;CPXPARAM_Feasopt_Mode=0;CPXPARAM_LPMethod=0;CPXPARAM_MIP_Cuts_Cliques=3;CPXPARAM_MIP_Cuts_Covers=0;CPXPARAM_MIP_Cuts_Disjunctive=0;CPXPARAM_MIP_Cuts_FlowCovers=1;CPXPARAM_MIP_Cuts_GUBCovers=-1;CPXPARAM_MIP_Cuts_Gomory=1;CPXPARAM_MIP_Cuts_Implied=0;CPXPARAM_MIP_Cuts_MIRCut=2;CPXPARAM_MIP_Cuts_PathCut=0;CPXPARAM_MIP_Limits_AggForCut=3;CPXPARAM_MIP_Limits_CutPasses=0;CPXPARAM_MIP_Limits_CutsFactor=-1;CPXPARAM_MIP_Limits_GomoryCand=200;CPXPARAM_MIP_Limits_GomoryPass=0;CPXPARAM_MIP_Limits_Nodes=9223372036800000000;CPXPARAM_MIP_Limits_ProbeTime=1e+75;CPXPARAM_MIP_Limits_RepairTries=0;CPXPARAM_MIP_Limits_StrongCand=10;CPXPARAM_MIP_Limits_StrongIt=0;CPXPARAM_MIP_OrderType=0;CPXPARAM_MIP_Strategy_BBInterval=7;CPXPARAM_MIP_Strategy_Branch=0;CPXPARAM_MIP_Strategy_Dive=0;CPXPARAM_MIP_Strategy_File=1;CPXPARAM_MIP_Strategy_HeuristicFreq=0;CPXPARAM_MIP_Strategy_LBHeur=0;CPXPARAM_MIP_Strategy_NodeSelect=2;CPXPARAM_MIP_Strategy_Order=1;CPXPARAM_MIP_Strategy_PresolveNode=2;CPXPARAM_MIP_Strategy_Probe=3;CPXPARAM_MIP_Strategy_RINSHeur=0;CPXPARAM_MIP_Strategy_StartAlgorithm=0;CPXPARAM_MIP_Strategy_SubAlgorithm=0;CPXPARAM_MIP_Strategy_VariableSelect=-1;CPXPARAM_Network_NetFind=2;CPXPARAM_Network_Pricing=0;CPXPARAM_Parallel=1;CPXPARAM_Preprocessing_Aggregator=-1;CPXPARAM_Preprocessing_BoundStrength=-1;CPXPARAM_Preprocessing_CoeffReduce=-1;CPXPARAM_Preprocessing_Dependency=-1;CPXPARAM_Preprocessing_Dual=0;CPXPARAM_Preprocessing_Fill=10;CPXPARAM_Preprocessing_NumPass=-1;CPXPARAM_Preprocessing_Presolve=1;CPXPARAM_Preprocessing_QPMakePSD=1;CPXPARAM_Preprocessing_Reduce=3;CPXPARAM_Preprocessing_Relax=-1;CPXPARAM_Preprocessing_RepeatPresolve=-1;CPXPARAM_Preprocessing_Symmetry=-1;CPXPARAM_Read_Scale=0;CPXPARAM_Sifting_Algorithm=0;CPXPARAM_Simplex_Crash=1;CPXPARAM_Simplex_DGradient=0;CPXPARAM_Simplex_Limits_Perturbation=0;CPXPARAM_Simplex_Limits_Singularity=10;CPXPARAM_Simplex_PGradient=0;CPXPARAM_Simplex_Pricing=0;CPXPARAM_Simplex_Refactor=0
17102666610986869403,0,CPXPARAM_Advance=1;CPXPARAM_Barrier_Algorithm=0;CPXPARAM_Barrier_ColNonzeros=0;CPXPARAM_Barrier_Crossover=0;CPXPARAM_Barrier_Limits_Corrections=-1;CPXPARAM_Barrier_Ordering=0;CPXPARAM_Barrier_StartAlg=1;CPXPARAM_Emphasis_MIP=4;CPXPARAM_Emphasis_Memory=0;CPXPARAM_Emphasis_Numerical=0;CPXPARAM_Feasopt_Mode=0;CPXPARAM_LPMethod=0;CPXPARAM_MIP_Cuts_Cliques=-1;CPXPARAM_MIP_Cuts_Covers=0;CPXPARAM_MIP_Cuts_Disjunctive=1;CPXPARAM_MIP_Cuts_FlowCovers=1;CPXPARAM_MIP_Cuts_GUBCovers=0;CPXPARAM_MIP_Cuts_Gomory=2;CPXPARAM_MIP_Cuts_Implied=0;CPXPARAM_MIP_Cuts_MIRCut=1;CPXPARAM_MIP_Cuts_PathCut=0;CPXPARAM_MIP_Limits_AggForCut=3;CPXPARAM_MIP_Limits_CutPasses=0;CPXPARAM_MIP_Limits_CutsFactor=-1;CPXPARAM_MIP_Limits_GomoryCand=50;CPXPARAM_MIP_Limits_GomoryPass=0;CPXPARAM_MIP_Limits_Nodes=9223372036800000000;CPXPARAM_MIP_Limits_ProbeTime=1e+75;CPXPARAM_MIP_Limits_RepairTries=0;CPXPARAM_MIP_Limits_StrongCand=10;CPXPARAM_MIP_Limits_StrongIt=0;CPXPARAM_MIP_OrderType=0;CPXPARAM_MIP_Strategy_BBInterval=7;CPXPARAM_MIP_Strategy_Branch=0;CPXPARAM_MIP_Strategy_Dive=0;CPXPARAM_MIP_Strategy_File=1;CPXPARAM_MIP_Strategy_HeuristicFreq=0;CPXPARAM_MIP_Strategy_LBHeur=0;CPXPARAM_MIP_Strategy_NodeSelect=1;CPXPARAM_MIP_Strategy_Order=1;CPXPARAM_MIP_Strategy_PresolveNode=0;CPXPARAM_MIP_Strategy_Probe=0;CPXPARAM_MIP_Strategy_RINSHeur=0;CPXPARAM_MIP_Strategy_StartAlgorithm=0;CPXPARAM_MIP_Strategy_SubAlgorithm=0;CPXPARAM_MIP_Strategy_VariableSelect=0;CPXPARAM_Network_NetFind=2;CPXPARAM_Network_Pricing=0;CPXPARAM_Parallel=1;CPXPARAM_Preprocessing_Aggregator=-1;CPXPARAM_Preprocessing_BoundStrength=-1;CPXPARAM_Preprocessing_CoeffReduce=-1;CPXPARAM_Preprocessing_Dependency=-1;CPXPARAM_Preprocessing_Dual=0;CPXPARAM_Preprocessing_Fill=10;CPXPARAM_Preprocessing_NumPass=-1;CPXPARAM_Preprocessing_Presolve=1;CPXPARAM_Preprocessing_QPMakePSD=1;CPXPARAM_Preprocessing_Reduce=3;CPXPARAM_Preprocessing_Relax=-1;CPXPARAM_Preprocessing_RepeatPresolve=-1;CPXPARAM_Preprocessing_Symmetry=-1;CPXPARAM_Read_Scale=0;CPXPARAM_Sifting_Algorithm=0;CPXPARAM_Simplex_Crash=1;CPXPARAM_Simplex_DGradient=0;CPXPARAM_Simplex_Limits_Perturbation=0;CPXPARAM_Simplex_Limits_Singularity=10;CPXPARAM_Simplex_PGradient=0;CPXPARAM_Simplex_Pricing=0;CPXPARAM_Simplex_Refactor=0
3742312924009514670,0,CPXPARAM_Advance=1;CPXPARAM_Barrier_Algorithm=0;CPXPARAM_Barrier_ColNonzeros=0;CPXPARAM_Barrier_Crossover=0;CPXPARAM_Barrier_Limits_Corrections=-1;CPXPARAM_Barrier_Ordering=0;CPXPARAM_Barrier_StartAlg=1;CPXPARAM_Emphasis_MIP=2;CPXPARAM_Emphasis_Memory=0;CPXPARAM_Emphasis_Numerical=0;CPXPARAM_Feasopt_Mode=0;CPXPARAM_LPMethod=0;CPXPARAM_MIP_Cuts_Cliques=-1;CPXPARAM_MIP_Cuts_Covers=0;CPXPARAM_MIP_Cuts_Disjunctive=1;CPXPARAM_MIP_Cuts_FlowCovers=2;CPXPARAM_MIP_Cuts_GUBCovers=1;CPXPARAM_MIP_Cuts_Gomory=0;CPXPARAM_MIP_Cuts_Implied=-1;CPXPARAM_MIP_Cuts_MIRCut=-1;CPXPARAM_MIP_Cuts_PathCut=-1;CPXPARAM_MIP_Limits_AggForCut=3;CPXPARAM_MIP_Limits_CutPasses=0;CPXPARAM_MIP_Limits_CutsFactor=-1;CPXPARAM_MIP_Limits_GomoryCand=25;CPXPARAM_MIP_Limits_GomoryPass=0;CPXPARAM_MIP_Limits_Nodes=9223372036800000000;CPXPARAM_MIP_Limits_ProbeTime=1e+75;CPXPARAM_MIP_Limits_RepairTries=0;CPXPARAM_MIP_Limits_StrongCand=10;CPXPARAM_MIP_Limits_StrongIt=0;CPXPARAM_MIP_OrderType=0;CPXPARAM_MIP_Strategy_BBInterval=7;CPXPARAM_MIP_Strategy_Branch=0;CPXPARAM_MIP_Strategy_Dive=0;CPXPARAM_MIP_Strategy_File=1;CPXPARAM_MIP_Strategy_HeuristicFreq=0;CPXPARAM_MIP_Strategy_LBHeur=0;CPXPARAM_MIP_Strategy_NodeSelect=1;CPXPARAM_MIP_Strategy_Order=1;CPXPARAM_MIP_Strategy_PresolveNode=0;CPXPARAM_MIP_Strategy_Probe=0;CPXPARAM_MIP_Strategy_RINSHeur=0;CPXPARAM_MIP_Strategy_StartAlgorithm=0;CPXPARAM_MIP_Strategy_SubAlgorithm=0;CPXPARAM_MIP_Strategy_VariableSelect=0;CPXPARAM_Network_NetFind=2;CPXPARAM_Network_Pricing=0;CPXPARAM_Parallel=1;CPXPARAM_Preprocessing_Aggregator=-1;CPXPARAM_Preprocessing_BoundStrength=-1;CPXPARAM_Preprocessing_CoeffReduce=-1;CPXPARAM_Preprocessing_Dependency=-1;CPXPARAM_Preprocessing_Dual=0;CPXPARAM_Preprocessing_Fill=10;CPXPARAM_Preprocessing_NumPass=-1;CPXPARAM_Preprocessing_Presolve=1;CPXPARAM_Preprocessing_QPMakePSD=1;CPXPARAM_Preprocessing_Reduce=3;CPXPARAM_Preprocessing_Relax=-1;CPXPARAM_Preprocessing_RepeatPresolve=-1;CPXPARAM_Preprocessing_Symmetry=-1;CPXPARAM_Read_Scale=0;CPXPARAM_Sifting_Algorithm=0;CPXPARAM_Simplex_Crash=1;CPXPARAM_Simplex_DGradient=0;CPXPARAM_Simplex_Limits_Perturbation=0;CPXPARAM_Simplex_Limits_Singularity=10;CPXPARAM_Simplex_PGradient=0;CPXPARAM_Simplex_Pricing=0;CPXPARAM_Simplex_Refactor=0
17172306146378003374,0,CPXPARAM_Advance=1;CPXPARAM_Barrier_Algorithm=0;CPXPARAM_Barrier_ColNonzeros=0;CPXPARAM_Barrier_Crossover=0;CPXPARAM_Barrier_Limits_Corrections=-1;CPXPARAM_Barrier_Ordering=0;CPXPARAM_Barrier_StartAlg=1;CPXPARAM_Emphasis_MIP=0;CPXPARAM_Emphasis_Memory=0;CPXPARAM_Emphasis_Numerical=0;CPXPARAM_Feasopt_Mode=0;CPXPARAM_LPMethod=0;CPXPARAM_MIP_Cuts_Cliques=-1;CPXPARAM_MIP_Cuts_Covers=0;CPXPARAM_MIP_Cuts_Disjunctive=1;CPXPARAM_MIP_Cuts_FlowCovers=0;CPXPARAM_MIP_Cuts_GUBCovers=2;CPXPARAM_MIP_Cuts_Gomory=2;CPXPARAM_MIP_Cuts_Implied=1;CPXPARAM_MIP_Cuts_MIRCut=1;CPXPARAM_MIP_Cuts_PathCut=1;CPXPARAM_MIP_Limits_AggForCut=3;CPXPARAM_MIP_Limits_CutPasses=0;CPXPARAM_MIP_Limits_CutsFactor=-1;CPXPARAM_MIP_Limits_GomoryCand=400;CPXPARAM_MIP_Limits_GomoryPass=0;CPXPARAM_MIP_Limits_Nodes=9223372036800000000;CPXPARAM_MIP_Limits_ProbeTime=1e+75;CPXPARAM_MIP_Limits_RepairTries=0;CPXPARAM_MIP_Limits_StrongCand=10;CPXPARAM_MIP_Limits_StrongIt=0;CPXPARAM_MIP_OrderType=0;CPXPARAM_MIP_Strategy_BBInterval=7;CPXPARAM_MIP_Strategy_Branch=0;CPXPARAM_MIP_Strategy_Dive=0;CPXPARAM_MIP_Strategy_File=1;CPXPARAM_MIP_Strategy_HeuristicFreq=0;CPXPARAM_MIP_Strategy_LBHeur=0;CPXPARAM_MIP_Strategy_NodeSelect=1;CPXPARAM_MIP_Strategy_Order=1;CPXPARAM_MIP_Strategy_PresolveNode=0;CPXPARAM_MIP_Strategy_Probe=0;CPXPARAM_MIP_Strategy_RINSHeur=0;CPXPARAM_MIP_Strategy_StartAlgorithm=0;CPXPARAM_MIP_Strategy_SubAlgorithm=0;CPXPARAM_MIP_Strategy_VariableSelect=0;CPXPARAM_Network_NetFind=2;CPXPARAM_Network_Pricing=0;CPXPARAM_Parallel=1;CPXPARAM_Preprocessing_Aggregator=-1;CPXPARAM_Preprocessing_BoundStrength=-1;CPXPARAM_Preprocessing_CoeffReduce=-1;CPXPARAM_Preprocessing_Dependency=-1;CPXPARAM_Preprocessing_Dual=0;CPXPARAM_Preprocessing_Fill=10;CPXPARAM_Preprocessing_NumPass=-1;CPXPARAM_Preprocessing_Presolve=1;CPXPARAM_Preprocessing_QPMakePSD=1;CPXPARAM_Preprocessing_Reduce=3;CPXPARAM_Preprocessing_Relax=-1;CPXPARAM_Preprocessing_RepeatPresolve=-1;CPXPARAM_Preprocessing_Symmetry=-1;CPXPARAM_Read_Scale=0;CPXPARAM_Sifting_Algorithm=0;CPXPARAM_Simplex_Crash=1;CPXPARAM_Simplex_DGradient=0;CPXPARAM_Simplex_Limits_Perturbation=0;CPXPARAM_Simplex_Limits_Singularity=10;CPXPARAM_Simplex_PGradient=0;CPXPARAM_Simplex_Pricing=0;CPXPARAM_Simplex_Refactor=0
15292436824367933923,0,CPXPARAM_Advance=1;CPXPARAM_Barrier_Algorithm=0;CPXPARAM_Barrier_ColNonzeros=0;CPXPARAM_Barrier_Crossover=0;CPXPARAM_Barrier_Limits_Corrections=-1;CPXPARAM_Barrier_Ordering=0;CPXPARAM_Barrier_StartAlg=1;CPXPARAM_Emphasis_MIP=0;CPXPARAM_Emphasis_Memory=0;CPXPARAM_Emphasis_Numerical=0;CPXPARAM_Feasopt_Mode=0;CPXPARAM_LPMethod=0;CPXPARAM_MIP_Cuts_Cliques=-1;CPXPARAM_MIP_Cuts_Covers=-1;CPXPARAM_MIP_Cuts_Disjunctive=0;CPXPARAM_MIP_Cuts_FlowCovers=2;CPXPARAM_MIP_Cuts_GUBCovers=1;CPXPARAM_MIP_Cuts_Gomory=1;CPXPARAM_MIP_Cuts_Implied=1;CPXPARAM_MIP_Cuts_MIRCut=1;CPXPARAM_MIP_Cuts_PathCut=0;CPXPARAM_MIP_Limits_AggForCut=3;CPXPARAM_MIP_Limits_CutPasses=0;CPXPARAM_MIP_Limits_CutsFactor=-1;CPXPARAM_MIP_Limits_GomoryCand=25;CPXPARAM_MIP_Limits_GomoryPass=0;CPXPARAM_MIP_Limits_Nodes=9223372036800000000;CPXPARAM_MIP_Limits_ProbeTime=1e+75;CPXPARAM_MIP_Limits_RepairTries=0;CPXPARAM_MIP_Limits_StrongCand=10;CPXPARAM_MIP_Limits_StrongIt=0;CPXPARAM_MIP_OrderType=0;CPXPARAM_MIP_Strategy_BBInterval=7;CPXPARAM_MIP_Strategy_Branch=0;CPXPARAM_MIP_Strategy_Dive=0;CPXPARAM_MIP_Strategy_File=1;CPXPARAM_MIP_Strategy_HeuristicFreq=0;CPXPARAM_MIP_Strategy_LBHeur=0;CPXPARAM_MIP_Strategy_NodeSelect=3;CPXPARAM_MIP_Strategy_Order=1;CPXPARAM_MIP_Strategy_PresolveNode=1;CPXPARAM_MIP_Strategy_Probe=1;CPXPARAM_MIP_Strategy_RINSHeur=0;CPXPARAM_MIP_Strategy_StartAlgorithm=0;CPXPARAM_MIP_Strategy_SubAlgorithm=2;CPXPARAM_MIP_Strategy_VariableSelect=2;CPXPARAM_Network_NetFind=2;CPXPARAM_Network_Pricing=0;CPXPARAM_Parallel=1;CPXPARAM_Preprocessing_Aggregator=-1;CPXPARAM_Preprocessing_BoundStrength=-1;CPXPARAM_Preprocessing_CoeffReduce=-1;CPXPARAM_Preprocessing_Dependency=-1;CPXPARAM_Preprocessing_Dual=0;CPXPARAM_Preprocessing_Fill=5;CPXPARAM_Preprocessing_NumPass=-1;CPXPARAM_Preprocessing_Presolve=1;CPXPARAM_Preprocessing_QPMakePSD=1;CPXPARAM_Preprocessing_Reduce=3;CPXPARAM_Preprocessing_Relax=-1;CPXPARAM_Preprocessing_RepeatPresolve=-1;CPXPARAM_Preprocessing_Symmetry=-1;CPXPARAM_Read_Scale=0;CPXPARAM_Sifting_Algorithm=0;CPXPARAM_Simplex_Crash=1;CPXPARAM_Simplex_DGradient=0;CPXPARAM_Simplex_Limits_Perturbation=0;CPXPARAM_Simplex_Limits_Singularity=10;CPXPARAM_Simplex_PGradient=0;CPXPARAM_Simplex_Pricing=0;CPXPARAM_Simplex_Refactor=0
13940282791093059027,0,CPXPARAM_Advance=1;CPXPARAM_Barrier_Algorithm=0;CPXPARAM_Barrier_ColNonzeros=0;CPXPARAM_Barrier_Crossover=0;CPXPARAM_Barrier_Limits_Corrections=-1;CPXPARAM_Barrier_Ordering=0;CPXPARAM_Barrier_StartAlg=1;CPXPARAM_Emphasis_MIP=0;CPXPARAM_Emphasis_Memory=0;CPXPARAM_Emphasis_Numerical=0;CPXPARAM_Feasopt_Mode=0;CPXPARAM_LPMethod=0;CPXPARAM_MIP_Cuts_Cliques=0;CPXPARAM_MIP_Cuts_Covers=0;CPXPARAM_MIP_Cuts_Disjunctive=1;CPXPARAM_MIP_Cuts_FlowCovers=0;CPXPARAM_MIP_Cuts_GUBCovers=2;CPXPARAM_MIP_Cuts_Gomory=2;CPXPARAM_MIP_Cuts_Implied=1;CPXPARAM_MIP_Cuts_MIRCut=1;CPXPARAM_MIP_Cuts_PathCut=1;CPXPARAM_MIP_Limits_AggForCut=3;CPXPARAM_MIP_Limits_CutPasses=0;CPXPARAM_MIP_Limits_CutsFactor=-1;CPXPARAM_MIP_Limits_GomoryCand=200;CPXPARAM_MIP_Limits_GomoryPass=0;CPXPARAM_MIP_Limits_Nodes=9223372036800000000;CPXPARAM_MIP_Limits_ProbeTime=1e+75;CPXPARAM_MIP_Limits_RepairTries=0;CPXPARAM_MIP_Limits_StrongCand=10;CPXPARAM_MIP_Limits_StrongIt=0;CPXPARAM_MIP_OrderType=0;CPXPARAM_MIP_Strategy_BBInterval=7;CPXPARAM_MIP_Strategy_Branch=0;CPXPARAM_MIP_Strategy_Dive=0;CPXPARAM_MIP_Strategy_File=1;CPXPARAM_MIP_Strategy_HeuristicFreq=0;CPXPARAM_MIP_Strategy_LBHeur=0;CPXPARAM_MIP_Strategy_NodeSelect=1;CPXPARAM_MIP_Strategy_Order=1;CPXPARAM_MIP_Strategy_PresolveNode=0;CPXPARAM_MIP_Strategy_Probe=0;CPXPARAM_MIP_Strategy_RINSHeur=0;CPXPARAM_MIP_Strategy_StartAlgorithm=0;CPXPARAM_MIP_Strategy_SubAlgorithm=0;CPXPARAM_MIP_Strategy_VariableSelect=0;CPXPARAM_Network_NetFind=2;CPXPARAM_Network_Pricing=0;CPXPARAM_Parallel=1;CPXPARAM_Preprocessing_Aggregator=-1;CPXPARAM_Preprocessing_BoundStrength=-1;CPXPARAM_Preprocessing_CoeffReduce=-1;CPXPARAM_Preprocessing_Dependency=-1;CPXPARAM_Preprocessing_Dual=0;CPXPARAM_Preprocessing_Fill=10;CPXPARAM_Preprocessing_NumPass=-1;CPXPARAM_Preprocessing_Presolve=1;CPXPARAM_Preprocessing_QPMakePSD=1;CPXPARAM_Preprocessing_Reduce=3;CPXPARAM_Preprocessing_Relax=-1;CPXPARAM_Preprocessing_RepeatPresolve=-1;CPXPARAM_Preprocessing_Symmetry=-1;CPXPARAM_Read_Scale=0;CPXPARAM_Sifting_Algorithm=0;CPXPARAM_Simplex_Crash=1;CPXPARAM_Simplex_DGradient=0;CPXPARAM_Simplex_Limits_Perturbation=0;CPXPARAM_Simplex_Limits_Singularity=10;CPXPARAM_Simplex_PGradient=0;CPXPARAM_Simplex_Pricing=0;CPXPARAM_Simplex_Refactor=0
493970026615820359,0,CPXPARAM_Advance=1;CPXPARAM_Barrier_Algorithm=0;CPXPARAM_Barrier_ColNonzeros=0;CPXPARAM_Barrier_Crossover=0;CPXPARAM_Barrier_Limits_Corrections=-1;CPXPARAM_Barrier_Ordering=0;CPXPARAM_Barrier_StartAlg=1;CPXPARAM_Emphasis_MIP=0;CPXPARAM_Emphasis_Memory=0;CPXPARAM_Emphasis_Numerical=0;CPXPARAM_Feasopt_Mode=0;CPXPARAM_LPMethod=0;CPXPARAM_MIP_Cuts_Cliques=-1;CPXPARAM_MIP_Cuts_Covers=0;CPXPARAM_MIP_Cuts_Disjunctive=1;CPXPARAM_MIP_Cuts_FlowCovers=0;CPXPARAM_MIP_Cuts_GUBCovers=1;CPXPARAM_MIP_Cuts_Gomory=2;CPXPARAM_MIP_Cuts_Implied=1;CPXPARAM_MIP_Cuts_MIRCut=1;CPXPARAM_MIP_Cuts_PathCut=1;CPXPARAM_MIP_Limits_AggForCut=3;CPXPARAM_MIP_Limits_CutPasses=0;CPXPARAM_MIP_Limits_CutsFactor=-1;CPXPARAM_MIP_Limits_GomoryCand=200;CPXPARAM_MIP_Limits_GomoryPass=0;CPXPARAM_MIP_Limits_Nodes=9223372036800000000;CPXPARAM_MIP_Limits_ProbeTime=1e+75;CPXPARAM_MIP_Limits_RepairTries=0;CPXPARAM_MIP_Limits_StrongCand=10;CPXPARAM_MIP_Limits_StrongIt=0;CPXPARAM_MIP_OrderType=0;CPXPARAM_MIP_Strategy_BBInterval=7;CPXPARAM_MIP_Strategy_Branch=0;CPXPARAM_MIP_Strategy_Dive=0;CPXPARAM_MIP_Strategy_File=1;CPXPARAM_MIP_Strategy_HeuristicFreq=0;CPXPARAM_MIP_Strategy_LBHeur=0;CPXPARAM_MIP_Strategy_NodeSelect=1;CPXPARAM_MIP_Strategy_Order=1;CPXPARAM_MIP_Strategy_PresolveNode=0;CPXPARAM_MIP_Strategy_Probe=0;CPXPARAM_MIP_Strategy_RINSHeur=0;CPXPARAM_MIP_Strategy_StartAlgorithm=0;CPXPARAM_MIP_Strategy_SubAlgorithm=0;CPXPARAM_MIP_Strategy_VariableSelect=0;CPXPARAM_Network_NetFind=2;CPXPARAM_Network_Pricing=0;CPXPARAM_Parallel=1;CPXPARAM_Preprocessing_Aggregator=-1;CPXPARAM_Preprocessing_BoundStrength=-1;CPXPARAM_Preprocessing_CoeffReduce=-1;CPXPARAM_Preprocessing_Dependency=-1;CPXPARAM_Preprocessing_Dual=0;CPXPARAM_Preprocessing_Fill=10;CPXPARAM_Preprocessing_NumPass=-1;CPXPARAM_Preprocessing_Presolve=1;CPXPARAM_Preprocessing_QPMakePSD=1;CPXPARAM_Preprocessing_Reduce=3;CPXPARAM_Preprocessing_Relax=-1;CPXPARAM_Preprocessing_RepeatPresolve=-1;CPXPARAM_Preprocessing_Symmetry=-1;CPXPARAM_Read_Scale=0;CPXPARAM_Sifting_Algorithm=0;CPXPARAM_Simplex_Crash=1;CPXPARAM_Simplex_DGradient=0;CPXPARAM_Simplex_Limits_Perturbation=0;CPXPARAM_Simplex_Limits_Singularity=10;CPXPARAM_Simplex_PGradient=0;CPXPARAM_Simplex_Pricing=0;CPXPARAM_Simplex_Refactor=0
8924436836970354295,0,CPXPARAM_Advance=1;CPXPARAM_Barrier_Algorithm=0;CPXPARAM_Barrier_ColNonzeros=0;CPXPARAM_Barrier_Crossover=0;CPXPARAM_Barrier_Limits_Corrections=-1;CPXPARAM_Barrier_Ordering=0;CPXPARAM_Barrier_StartAlg=1;CPXPARAM_Emphasis_MIP=4;CPXPARAM_Emphasis_Memory=0;CPXPARAM_Emphasis_Numerical=0;CPXPARAM_Feasopt_Mode=0;CPXPARAM_LPMethod=0;CPXPARAM_MIP_Cuts_Cliques=0;CPXPARAM_MIP_Cuts_Covers=0;CPXPARAM_MIP_Cuts_Disjunctive=0;CPXPARAM_MIP_Cuts_FlowCovers=-1;CPXPARAM_MIP_Cuts_GUBCovers=2;CPXPARAM_MIP_Cuts_Gomory=0;CPXPARAM_MIP_Cuts_Implied=0;CPXPARAM_MIP_Cuts_MIRCut=-1;CPXPARAM_MIP_Cuts_PathCut=0;CPXPARAM_MIP_Limits_AggForCut=3;CPXPARAM_MIP_Limits_CutPasses=0;CPXPARAM_MIP_Limits_CutsFactor=-1;CPXPARAM_MIP_Limits_GomoryCand=150;CPXPARAM_MIP_Limits_GomoryPass=0;CPXPARAM_MIP_Limits_Nodes=9223372036800000000;CPXPARAM_MIP_Limits_ProbeTime=1e+75;CPXPARAM_MIP_Limits_RepairTries=0;CPXPARAM_MIP_Limits_StrongCand=10;CPXPARAM_MIP_Limits_StrongIt=0;CPXPARAM_MIP_OrderType=0;CPXPARAM_MIP_Strategy_BBInterval=7;CPXPARAM_MIP_Strategy_Branch=0;CPXPARAM_MIP_Strategy_Dive=0;CPXPARAM_MIP_Strategy_File=1;CPXPARAM_MIP_Strategy_HeuristicFreq=0;CPXPARAM_MIP_Strategy_LBHeur=0;CPXPARAM_MIP_Strategy_NodeSelect=1;CPXPARAM_MIP_Strategy_Order=1;CPXPARAM_MIP_Strategy_PresolveNode=0;CPXPARAM_MIP_Strategy_Probe=0;CPXPARAM_MIP_Strategy_RINSHeur=0;CPXPARAM_MIP_Strategy_StartAlgorithm=0;CPXPARAM_MIP_Strategy_SubAlgorithm=0;CPXPARAM_MIP_Strategy_VariableSelect=0;CPXPARAM_Network_NetFind=2;CPXPARAM_Network_Pricing=0;CPXPARAM_Parallel=1;CPXPARAM_Preprocessing_Aggregator=-1;CPXPARAM_Preprocessing_BoundStrength=-1;CPXPARAM_Preprocessing_CoeffReduce=-1;CPXPARAM_Preprocessing_Dependency=-1;CPXPARAM_Preprocessing_Dual=0;CPXPARAM_Preprocessing_Fill=10;CPXPARAM_Preprocessing_NumPass=-1;CPXPARAM_Preprocessing_Presolve=1;CPXPARAM_Preprocessing_QPMakePSD=1;CPXPARAM_Preprocessing_Reduce=3;CPXPARAM_Preprocessing_Relax=-1;CPXPARAM_Preprocessing_RepeatPresolve=-1;CPXPARAM_Preprocessing_Symmetry=-1;CPXPARAM_Read_Scale=0;CPXPARAM_Sifting_Algorithm=0;CPXPARAM_Simplex_Crash=1;CPXPARAM_Simplex_DGradient=0;CPXPARAM_Simplex_Limits_Perturbation=0;CPXPARAM_Simplex_Limits_Singularity=10;CPXPARAM_Simplex_PGradient=0;CPXPARAM_Simplex_Pricing=0;CPXPARAM_Simplex_Refactor=0
10484079329684264324,0,CPXPARAM_Advance=1;CPXPARAM_Barrier_Algorithm=0;CPXPARAM_Barrier_ColNonzeros=0;CPXPARAM_Barrier_Crossover=0;CPXPARAM_Barrier_Limits_Corrections=-1;CPXPARAM_Barrier_Ordering=0;CPXPARAM_Barrier_StartAlg=1;CPXPARAM_Emphasis_MIP=5;CPXPARAM_Emphasis_Memory=0;CPXPARAM_Emphasis_Numerical=0;CPXPARAM_Feasopt_Mode=0;CPXPARAM_LPMethod=0;CPXPARAM_MIP_Cuts_Cliques=2;CPXPARAM_MIP_Cuts_Covers=-1;CPXPARAM_MIP_Cuts_Disjunctive=0;CPXPARAM_MIP_Cuts_FlowCovers=-1;CPXPARAM_MIP_Cuts_GUBCovers=-1;CPXPARAM_MIP_Cuts_Gomory=-1;CPXPARAM_MIP_Cuts_Implied=-1;CPXPARAM_MIP_Cuts_MIRCut=2;CPXPARAM_MIP_Cuts_PathCut=2;CPXPARAM_MIP_Limits_AggForCut=3;CPXPARAM_MIP_Limits_CutPasses=0;CPXPARAM_MIP_Limits_CutsFactor=-1;CPXPARAM_MIP_Limits_GomoryCand=50;CPXPARAM_MIP_Limits_GomoryPass=0;CPXPARAM_MIP_Limits_Nodes=9223372036800000000;CPXPARAM_MIP_Limits_ProbeTime=1e+75;CPXPARAM_MIP_Limits_RepairTries=0;CPXPARAM_MIP_Limits_StrongCand=10;CPXPARAM_MIP_Limits_StrongIt=0;CPXPARAM_MIP_OrderType=0;CPXPARAM_MIP_Strategy_BBInterval=7;CPXPARAM_MIP_Strategy_Branch=0;CPXPARAM_MIP_Strategy_Dive=0;CPXPARAM_MIP_Strategy_File=1;CPXPARAM_MIP_Strategy_HeuristicFreq=0;CPXPARAM_MIP_Strategy_LBHeur=0;CPXPARAM_MIP_Strategy_NodeSelect=1;CPXPARAM_MIP_Strategy_Order=1;CPXPARAM_MIP_Strategy_PresolveNode=0;CPXPARAM_MIP_Strategy_Probe=2;CPXPARAM_MIP_Strategy_RINSHeur=0;CPXPARAM_MIP_Strategy_StartAlgorithm=0;CPXPARAM_MIP_Strategy_SubAlgorithm=0;CPXPARAM_MIP_Strategy_VariableSelect=1;CPXPARAM_Network_NetFind=2;CPXPARAM_Network_Pricing=0;CPXPARAM_Parallel=1;CPXPARAM_Preprocessing_Aggregator=-1;CPXPARAM_Preprocessing_BoundStrength=-1;CPXPARAM_Preprocessing_CoeffReduce=-1;CPXPARAM_Preprocessing_Dependency=-1;CPXPARAM_Preprocessing_Dual=0;CPXPARAM_Preprocessing_Fill=10;CPXPARAM_Preprocessing_NumPass=-1;CPXPARAM_Preprocessing_Presolve=1;CPXPARAM_Preprocessing_QPMakePSD=1;CPXPARAM_Preprocessing_Reduce=3;CPXPARAM_Preprocessing_Relax=-1;CPXPARAM_Preprocessing_RepeatPresolve=-1;CPXPARAM_Preprocessing_Symmetry=-1;CPXPARAM_Read_Scale=0;CPXPARAM_Sifting_Algorithm=0;CPXPARAM_Simplex_Crash=1;CPXPARAM_Simplex_DGradient=0;CPXPARAM_Simplex_Limits_Perturbation=0;CPXPARAM_Simplex_Limits_Singularity=10;CPXPARAM_Simplex_PGradient=0;CPXPARAM_Simplex_Pricing=0;CPXPARAM_Simplex_Refactor=0
5975995184865779833,0,CPXPARAM_Advance=1;CPXPARAM_Barrier_Algorithm=0;CPXPARAM_Barrier_ColNonzeros=0;CPXPARAM_Barrier_Crossover=0;CPXPARAM_Barrier_Limits_Corrections=-1;CPXPARAM_Barrier_Ordering=0;CPXPARAM_Barrier_StartAlg=1;CPXPARAM_Emphasis_MIP=3;CPXPARAM_Emphasis_Memory=0;CPXPARAM_Emphasis_Numerical=0;CPXPARAM_Feasopt_Mode=0;CPXPARAM_LPMethod=0;CPXPARAM_MIP_Cuts_Cliques=2;CPXPARAM_MIP_Cuts_Covers=2;CPXPARAM_MIP_Cuts_Disjunctive=1;CPXPARAM_MIP_Cuts_FlowCovers=-1;CPXPARAM_MIP_Cuts_GUBCovers=2;CPXPARAM_MIP_Cuts_Gomory=-1;CPXPARAM_MIP_Cuts_Implied=-1;CPXPARAM_MIP_Cuts_MIRCut=-1;CPXPARAM_MIP_Cuts_PathCut=2;CPXPARAM_MIP_Limits_AggForCut=3;CPXPARAM_MIP_Limits_CutPasses=0;CPXPARAM_MIP_Limits_CutsFactor=-1;CPXPARAM_MIP_Limits_GomoryCand=10;CPXPARAM_MIP_Limits_GomoryPass=0;CPXPARAM_MIP_Limits_Nodes=9223372036800000000;CPXPARAM_MIP_Limits_ProbeTime=1e+75;CPXPARAM_MIP_Limits_RepairTries=0;CPXPARAM_MIP_Limits_StrongCand=10;CPXPARAM_MIP_Limits_StrongIt=0;CPXPARAM_MIP_OrderType=0;CPXPARAM_MIP_Strategy_BBInterval=7;CPXPARAM_MIP_Strategy_Branch=1;CPXPARAM_MIP_Strategy_Dive=0;CPXPARAM_MIP_Strategy_File=1;CPXPARAM_MIP_Strategy_HeuristicFreq=0;CPXPARAM_MIP_Strategy_LBHeur=0;CPXPARAM_MIP_Strategy_NodeSelect=1;CPXPARAM_MIP_Strategy_Order=1;CPXPARAM_MIP_Strategy_PresolveNode=0;CPXPARAM_MIP_Strategy_Probe=-1;CPXPARAM_MIP_Strategy_RINSHeur=0;CPXPARAM_MIP_Strategy_StartAlgorithm=0;CPXPARAM_MIP_Strategy_SubAlgorithm=0;CPXPARAM_MIP_Strategy_VariableSelect=0;CPXPARAM_Network_NetFind=2;CPXPARAM_Network_Pricing=0;CPXPARAM_Parallel=1;CPXPARAM_Preprocessing_Aggregator=-1;CPXPARAM_Preprocessing_BoundStrength=-1;CPXPARAM_Preprocessing_CoeffReduce=-1;CPXPARAM_Preprocessing_Dependency=-1;CPXPARAM_Preprocessing_Dual=0;CPXPARAM_Preprocessing_Fill=10;CPXPARAM_Preprocessing_NumPass=-1;CPXPARAM_Preprocessing_Presolve=1;CPXPARAM_Preprocessing_QPMakePSD=1;CPXPARAM_Preprocessing_Reduce=3;CPXPARAM_Preprocessing_Relax=-1;CPXPARAM_Preprocessing_RepeatPresolve=-1;CPXPARAM_Preprocessing_Symmetry=-1;CPXPARAM_Read_Scale=0;CPXPARAM_Sifting_Algorithm=0;CPXPARAM_Simplex_Crash=1;CPXPARAM_Simplex_DGradient=0;CPXPARAM_Simplex_Limits_Perturbation=0;CPXPARAM_Simplex_Limits_Singularity=10;CPXPARAM_Simplex_PGradient=0;CPXPARAM_Simplex_Pricing=0;CPXPARAM_Simplex_Refactor=0
15635746803791554806,0,CPXPARAM_Advance=1;CPXPARAM_Barrier_Algorithm=0;CPXPARAM_Barrier_ColNonzeros=0;CPXPARAM_Barrier_Crossover=0;CPXPARAM_Barrier_Limits_Corrections=-1;CPXPARAM_Barrier_Ordering=0;CPXPARAM_Barrier_StartAlg=1;CPXPARAM_Emphasis_MIP=5;CPXPARAM_Emphasis_Memory=0;CPXPARAM_Emphasis_Numerical=0;CPXPARAM_Feasopt_Mode=0;CPXPARAM_LPMethod=0;CPXPARAM_MIP_Cuts_Cliques=-1;CPXPARAM_MIP_Cuts_Covers=1;CPXPARAM_MIP_Cuts_Disjunctive=-1;CPXPARAM_MIP_Cuts_FlowCovers=-1;CPXPARAM_MIP_Cuts_GUBCovers=0;CPXPARAM_MIP_Cuts_Gomory=0;CPXPARAM_MIP_Cuts_Implied=-1;CPXPARAM_MIP_Cuts_MIRCut=1;CPXPARAM_MIP_Cuts_PathCut=2;CPXPARAM_MIP_Limits_AggForCut=3;CPXPARAM_MIP_Limits_CutPasses=0;CPXPARAM_MIP_Limits_CutsFactor=-1;CPXPARAM_MIP_Limits_GomoryCand=800;CPXPARAM_MIP_Limits_GomoryPass=0;CPXPARAM_MIP_Limits_Nodes=9223372036800000000;CPXPARAM_MIP_Limits_ProbeTime=1e+75;CPXPARAM_MIP_Limits_RepairTries=0;CPXPARAM_MIP_Limits_StrongCand=10;CPXPARAM_MIP_Limits_StrongIt=0;CPXPARAM_MIP_OrderType=0;CPXPARAM_MIP_Strategy_BBInterval=7;CPXPARAM_MIP_Strategy_Branch=0;CPXPARAM_MIP_Strategy_Dive=0;CPXPARAM_MIP_Strategy_File=1;CPXPARAM_MIP_Strategy_HeuristicFreq=0;CPXPARAM_MIP_Strategy_LBHeur=0;CPXPARAM_MIP_Strategy_NodeSelect=2;CPXPARAM_MIP_Strategy_Order=1;CPXPARAM_MIP_Strategy_PresolveNode=1;CPXPARAM_MIP_Strategy_Probe=3;CPXPARAM_MIP_Strategy_RINSHeur=0;CPXPARAM_MIP_Strategy_StartAlgorithm=0;CPXPARAM_MIP_Strategy_SubAlgorithm=3;CPXPARAM_MIP_Strategy_VariableSelect=-1;CPXPARAM_Network_NetFind=2;CPXPARAM_Network_Pricing=0;CPXPARAM_Parallel=1;CPXPARAM_Preprocessing_Aggregator=-1;CPXPARAM_Preprocessing_BoundStrength=-1;CPXPARAM_Preprocessing_CoeffReduce=-1;CPXPARAM_Preprocessing_Dependency=-1;CPXPARAM_Preprocessing_Dual=0;CPXPARAM_Preprocessing_Fill=40;CPXPARAM_Preprocessing_NumPass=-1;CPXPARAM_Preprocessing_Presolve=1;CPXPARAM_Preprocessing_QPMakePSD=1;CPXPARAM_Preprocessing_Reduce=3;CPXPARAM_Preprocessing_Relax=-1;CPXPARAM_Preprocessing_RepeatPresolve=-1;CPXPARAM_Preprocessing_Symmetry=-1;CPXPARAM_Read_Scale=0;CPXPARAM_Sifting_Algorithm=0;CPXPARAM_Simplex_Crash=1;CPXPARAM_Simplex_DGradient=0;CPXPARAM_Simplex_Limits_Perturbation=0;CPXPARAM_Simplex_Limits_Singularity=10;CPXPARAM_Simplex_PGradient=0;CPXPARAM_Simplex_Pricing=0;CPXPARAM_Simplex_Refactor=0
3124149032563107447,0,CPXPARAM_Advance=1;CPXPARAM_Barrier_Algorithm=0;CPXPARAM_Barrier_ColNonzeros=0;CPXPARAM_Barrier_Crossover=0;CPXPARAM_Barrier_Limits_Corrections=-1;CPXPARAM_Barrier_Ordering=0;CPXPARAM_Barrier_StartAlg=1;CPXPARAM_Emphasis_MIP=3;CPXPARAM_Emphasis_Memory=0;CPXPARAM_Emphasis_Numerical=0;CPXPARAM_Feasopt_Mode=0;CPXPARAM_LPMethod=0;CPXPARAM_MIP_Cuts_Cliques=3;CPXPARAM_MIP_Cuts_Covers=1;CPXPARAM_MIP_Cuts_Disjunctive=-1;CPXPARAM_MIP_Cuts_FlowCovers=-1;CPXPARAM_MIP_Cuts_GUBCovers=1;CPXPARAM_MIP_Cuts_Gomory=-1;CPXPARAM_MIP_Cuts_Implied=-1;CPXPARAM_MIP_Cuts_MIRCut=-1;CPXPARAM_MIP_Cuts_PathCut=0;CPXPARAM_MIP_Limits_AggForCut=3;CPXPARAM_MIP_Limits_CutPasses=0;CPXPARAM_MIP_Limits_CutsFactor=-1;CPXPARAM_MIP_Limits_GomoryCand=400;CPXPARAM_MIP_Limits_GomoryPass=0;CPXPARAM_MIP_Limits_Nodes=9223372036800000000;CPXPARAM_MIP_Limits_ProbeTime=1e+75;CPXPARAM_MIP_Limits_RepairTries=0;CPXPARAM_MIP_Limits_StrongCand=10;CPXPARAM_MIP_Limits_StrongIt=0;CPXPARAM_MIP_OrderType=0;CPXPARAM_MIP_Strategy_BBInterval=7;CPXPARAM_MIP_Strategy_Branch=1;CPXPARAM_MIP_Strategy_Dive=0;CPXPARAM_MIP_Strategy_File=1;CPXPARAM_MIP_Strategy_HeuristicFreq=0;CPXPARAM_MIP_Strategy_LBHeur=0;CPXPARAM_MIP_Strategy_NodeSelect=2;CPXPARAM_MIP_Strategy_Order=1;CPXPARAM_MIP_Strategy_PresolveNode=1;CPXPARAM_MIP_Strategy_Probe=0;CPXPARAM_MIP_Strategy_RINSHeur=0;CPXPARAM_MIP_Strategy_StartAlgorithm=0;CPXPARAM_MIP_Strategy_SubAlgorithm=0;CPXPARAM_MIP_Strategy_VariableSelect=3;CPXPARAM_Network_NetFind=2;CPXPARAM_Network_Pricing=0;CPXPARAM_Parallel=1;CPXPARAM_Preprocessing_Aggregator=-1;CPXPARAM_Preprocessing_BoundStrength=-1;CPXPARAM_Preprocessing_CoeffReduce=-1;CPXPARAM_Preprocessing_Dependency=-1;CPXPARAM_Preprocessing_Dual=0;CPXPARAM_Preprocessing_Fill=10;CPXPARAM_Preprocessing_NumPass=-1;CPXPARAM_Preprocessing_Presolve=1;CPXPARAM_Preprocessing_QPMakePSD=1;CPXPARAM_Preprocessing_Reduce=3;CPXPARAM_Preprocessing_Relax=-1;CPXPARAM_Preprocessing_RepeatPresolve=-1;CPXPARAM_Preprocessing_Symmetry=-1;CPXPARAM_Read_Scale=0;CPXPARAM_Sifting_Algorithm=0;CPXPARAM_Simplex_Crash=1;CPXPARAM_Simplex_DGradient=0;CPXPARAM_Simplex_Limits_Perturbation=0;CPXPARAM_Simplex_Limits_Singularity=10;CPXPARAM_Simplex_PGradient=0;CPXPARAM_Simplex_Pricing=0;CPXPARAM_Simplex_Refactor=0
14139141844422083464,0,CPXPARAM_Advance=1;CPXPARAM_Barrier_Algorithm=0;CPXPARAM_Barrier_ColNonzeros=0;CPXPARAM_Barrier_Crossover=0;CPXPARAM_Barrier_Limits_Corrections=-1;CPXPARAM_Barrier_Ordering=0;CPXPARAM_Barrier_StartAlg=1;CPXPARAM_Emphasis_MIP=0;CPXPARAM_Emphasis_Memory=0;CPXPARAM_Emphasis_Numerical=0;CPXPARAM_Feasopt_Mode=0;CPXPARAM_LPMethod=0;CPXPARAM_MIP_Cuts_Cliques=3;CPXPARAM_MIP_Cuts_Covers=3;CPXPARAM_MIP_Cuts_Disjunctive=-1;CPXPARAM_MIP_Cuts_FlowCovers=1;CPXPARAM_MIP_Cuts_GUBCovers=1;CPXPARAM_MIP_Cuts_Gomory=1;CPXPARAM_MIP_Cuts_Implied=-1;CPXPARAM_MIP_Cuts_MIRCut=-1;CPXPARAM_MIP_Cuts_PathCut=0;CPXPARAM_MIP_Limits_AggForCut=10;CPXPARAM_MIP_Limits_CutPasses=0;CPXPARAM_MIP_Limits_CutsFactor=-1;CPXPARAM_MIP_Limits_GomoryCand=800;CPXPARAM_MIP_Limits_GomoryPass=0;CPXPARAM_MIP_Limits_Nodes=9223372036800000000;CPXPARAM_MIP_Limits_ProbeTime=1e+75;CPXPARAM_MIP_Limits_RepairTries=0;CPXPARAM_MIP_Limits_StrongCand=10;CPXPARAM_MIP_Limits_StrongIt=0;CPXPARAM_MIP_OrderType=3;CPXPARAM_MIP_Strategy_BBInterval=7;CPXPARAM_MIP_Strategy_Branch=0;CPXPARAM_MIP_Strategy_Dive=0;CPXPARAM_MIP_Strategy_File=1;CPXPARAM_MIP_Strategy_HeuristicFreq=0;CPXPARAM_MIP_Strategy_LBHeur=0;CPXPARAM_MIP_Strategy_NodeSelect=0;CPXPARAM_MIP_Strategy_Order=1;CPXPARAM_MIP_Strategy_PresolveNode=3;CPXPARAM_MIP_Strategy_Probe=1;CPXPARAM_MIP_Strategy_RINSHeur=0;CPXPARAM_MIP_Strategy_StartAlgorithm=0;CPXPARAM_MIP_Strategy_SubAlgorithm=1;CPXPARAM_MIP_Strategy_VariableSelect=2;CPXPARAM_Network_NetFind=2;CPXPARAM_Network_Pricing=0;CPXPARAM_Parallel=1;CPXPARAM_Preprocessing_Aggregator=-1;CPXPARAM_Preprocessing_BoundStrength=-1;CPXPARAM_Preprocessing_CoeffReduce=-1;CPXPARAM_Preprocessing_Dependency=-1;CPXPARAM_Preprocessing_Dual=0;CPXPARAM_Preprocessing_Fill=5;CPXPARAM_Preprocessing_NumPass=-1;CPXPARAM_Preprocessing_Presolve=1;CPXPARAM_Preprocessing_QPMakePSD=1;CPXPARAM_Preprocessing_Reduce=3;CPXPARAM_Preprocessing_Relax=-1;CPXPARAM_Preprocessing_RepeatPresolve=-1;CPXPARAM_Preprocessing_Symmetry=-1;CPXPARAM_Read_Scale=0;CPXPARAM_Sifting_Algorithm=0;CPXPARAM_Simplex_Crash=1;CPXPARAM_Simplex_DGradient=0;CPXPARAM_Simplex_Limits_Perturbation=0;CPXPARAM_Simplex_Limits_Singularity=10;CPXPARAM_Simplex_PGradient=0;CPXPARAM_Simplex_Pricing=0;CPXPARAM_Simplex_Refactor=0
8475366511765180520,0,CPXPARAM_Advance=1;CPXPARAM_Barrier_Algorithm=0;CPXPARAM_Barrier_ColNonzeros=0;CPXPARAM_Barrier_Crossover=0;CPXPARAM_Barrier_Limits_Corrections=-1;CPXPARAM_Barrier_Ordering=0;CPXPARAM_Barrier_StartAlg=1;CPXPARAM_Emphasis_MIP=4;CPXPARAM_Emphasis_Memory=0;CPXPARAM_Emphasis_Numerical=0;CPXPARAM_Feasopt_Mode=0;CPXPARAM_LPMethod=0;CPXPARAM_MIP_Cuts_Cliques=0;CPXPARAM_MIP_Cuts_Covers=1;CPXPARAM_MIP_Cuts_Disjunctive=0;CPXPARAM_MIP_Cuts_FlowCovers=2;CPXPARAM_MIP_Cuts_GUBCovers=2;CPXPARAM_MIP_Cuts_Gomory=0;CPXPARAM_MIP_Cuts_Implied=0;CPXPARAM_MIP_Cuts_MIRCut=-1;CPXPARAM_MIP_Cuts_PathCut=1;CPXPARAM_MIP_Limits_AggForCut=2;CPXPARAM_MIP_Limits_CutPasses=0;CPXPARAM_MIP_Limits_CutsFactor=-1;CPXPARAM_MIP_Limits_GomoryCand=150;CPXPARAM_MIP_Limits_GomoryPass=0;CPXPARAM_MIP_Limits_Nodes=9223372036800000000;CPXPARAM_MIP_Limits_ProbeTime=1e+75;CPXPARAM_MIP_Limits_RepairTries=0;CPXPARAM_MIP_Limits_StrongCand=10;CPXPARAM_MIP_Limits_StrongIt=0;CPXPARAM_MIP_OrderType=0;CPXPARAM_MIP_Strategy_BBInterval=7;CPXPARAM_MIP_Strategy_Branch=0;CPXPARAM_MIP_Strategy_Dive=0;CPXPARAM_MIP_Strategy_File=1;CPXPARAM_MIP_Strategy_HeuristicFreq=0;CPXPARAM_MIP_Strategy_LBHeur=0;CPXPARAM_MIP_Strategy_NodeSelect=1;CPXPARAM_MIP_Strategy_Order=1;CPXPARAM_MIP_Strategy_PresolveNode=0;CPXPARAM_MIP_Strategy_Probe=0;CPXPARAM_MIP_Strategy_RINSHeur=0;CPXPARAM_MIP_Strategy_StartAlgorithm=0;CPXPARAM_MIP_Strategy_SubAlgorithm=0;CPXPARAM_MIP_Strategy_VariableSelect=0;CPXPARAM_Network_NetFind=2;CPXPARAM_Network_Pricing=0;CPXPARAM_Parallel=1;CPXPARAM_Preprocessing_Aggregator=-1;CPXPARAM_Preprocessing_BoundStrength=-1;CPXPARAM_Preprocessing_CoeffReduce=-1;CPXPARAM_Preprocessing_Dependency=-1;CPXPARAM_Preprocessing_Dual=0;CPXPARAM_Preprocessing_Fill=10;CPXPARAM_Preprocessing_NumPass=-1;CPXPARAM_Preprocessing_Presolve=1;CPXPARAM_Preprocessing_QPMakePSD=1;CPXPARAM_Preprocessing_Reduce=3;CPXPARAM_Preprocessing_Relax=-1;CPXPARAM_Preprocessing_RepeatPresolve=-1;CPXPARAM_Preprocessing_Symmetry=-1;CPXPARAM_Read_Scale=0;CPXPARAM_Sifting_Algorithm=0;CPXPARAM_Simplex_Crash=1;CPXPARAM_Simplex_DGradient=0;CPXPARAM_Simplex_Limits_Perturbation=0;CPXPARAM_Simplex_Limits_Singularity=10;CPXPARAM_Simplex_PGradient=0;CPXPARAM_Simplex_Pricing=0;CPXPARAM_Simplex_Refactor=0
4176055054143854135,0,CPXPARAM_Advance=1;CPXPARAM_Barrier_Algorithm=0;CPXPARAM_Barrier_ColNonzeros=0;CPXPARAM_Barrier_Crossover=0;CPXPARAM_Barrier_Limits_Corrections=-1;CPXPARAM_Barrier_Ordering=0;CPXPARAM_Barrier_StartAlg=1;CPXPARAM_Emphasis_MIP=1;CPXPARAM_Emphasis_Memory=0;CPXPARAM_Emphasis_Numerical=0;CPXPARAM_Feasopt_Mode=0;CPXPARAM_LPMethod=0;CPXPARAM_MIP_Cuts_Cliques=2;CPXPARAM_MIP_Cuts_Covers=0;CPXPARAM_MIP_Cuts_Disjunctive=1;CPXPARAM_MIP_Cuts_FlowCovers=1;CPXPARAM_MIP_Cuts_GUBCovers=2;CPXPARAM_MIP_Cuts_Gomory=2;CPXPARAM_MIP_Cuts_Implied=0;CPXPARAM_MIP_Cuts_MIRCut=1;CPXPARAM_MIP_Cuts_PathCut=2;CPXPARAM_MIP_Limits_AggForCut=3;CPXPARAM_MIP_Limits_CutPasses=0;CPXPARAM_MIP_Limits_CutsFactor=-1;CPXPARAM_MIP_Limits_GomoryCand=200;CPXPARAM_MIP_Limits_GomoryPass=0;CPXPARAM_MIP_Limits_Nodes=9223372036800000000;CPXPARAM_MIP_Limits_ProbeTime=1e+75;CPXPARAM_MIP_Limits_RepairTries=0;CPXPARAM_MIP_Limits_StrongCand=10;CPXPARAM_MIP_Limits_StrongIt=0;CPXPARAM_MIP_OrderType=0;CPXPARAM_MIP_Strategy_BBInterval=7;CPXPARAM_MIP_Strategy_Branch=0;CPXPARAM_MIP_Strategy_Dive=0;CPXPARAM_MIP_Strategy_File=1;CPXPARAM_MIP_Strategy_HeuristicFreq=0;CPXPARAM_MIP_Strategy_LBHeur=0;CPXPARAM_MIP_Strategy_NodeSelect=1;CPXPARAM_MIP_Strategy_Order=1;CPXPARAM_MIP_Strategy_PresolveNode=0;CPXPARAM_MIP_Strategy_Probe=0;CPXPARAM_MIP_Strategy_RINSHeur=0;CPXPARAM_MIP_Strategy_StartAlgorithm=0;CPXPARAM_MIP_Strategy_SubAlgorithm=0;CPXPARAM_MIP_Strategy_VariableSelect=0;CPXPARAM_Network_NetFind=2;CPXPARAM_Network_Pricing=0;CPXPARAM_Parallel=1;CPXPARAM_Preprocessing_Aggregator=-1;CPXPARAM_Preprocessing_BoundStrength=-1;CPXPARAM_Preprocessing_CoeffReduce=-1;CPXPARAM_Preprocessing_Dependency=-1;CPXPARAM_Preprocessing_Dual=0;CPXPARAM_Preprocessing_Fill=10;CPXPARAM_Preprocessing_NumPass=-1;CPXPARAM_Preprocessing_Presolve=1;CPXPARAM_Preprocessing_QPMakePSD=1;CPXPARAM_Preprocessing_Reduce=3;CPXPARAM_Preprocessing_Relax=-1;CPXPARAM_Preprocessing_RepeatPresolve=-1;CPXPARAM_Preprocessing_Symmetry=-1;CPXPARAM_Read_Scale=0;CPXPARAM_Sifting_Algorithm=0;CPXPARAM_Simplex_Crash=1;CPXPARAM_Simplex_DGradient=0;CPXPARAM_Simplex_Limits_Perturbation=0;CPXPARAM_Simplex_Limits_Singularity=10;CPXPARAM_Simplex_PGradient=0;CPXPARAM_Simplex_Pricing=0;CPXPARAM_Simplex_Refactor=0
10291770895407434712,0,CPXPARAM_Advance=1;CPXPARAM_Barrier_Algorithm=0;CPXPARAM_Barrier_ColNonzeros=0;CPXPARAM_Barrier_Crossover=0;CPXPARAM_Barrier_Limits_Corrections=-1;CPXPARAM_Barrier_Ordering=0;CPXPARAM_Barrier_StartAlg=1;CPXPARAM_Emphasis_MIP=4;CPXPARAM_Emphasis_Memory=0;CPXPARAM_Emphasis_Numerical=0;CPXPARAM_Feasopt_Mode=0;CPXPARAM_LPMethod=0;CPXPARAM_MIP_Cuts_Cliques=0;CPXPARAM_MIP_Cuts_Covers=0;CPXPARAM_MIP_Cuts_Disjunctive=0;CPXPARAM_MIP_Cuts_FlowCovers=-1;CPXPARAM_MIP_Cuts_GUBCovers=2;CPXPARAM_MIP_Cuts_Gomory=0;CPXPARAM_MIP_Cuts_Implied=0;CPXPARAM_MIP_Cuts_MIRCut=-1;CPXPARAM_MIP_Cuts_PathCut=1;CPXPARAM_MIP_Limits_AggForCut=3;CPXPARAM_MIP_Limits_CutPasses=0;CPXPARAM_MIP_Limits_CutsFactor=-1;CPXPARAM_MIP_Limits_GomoryCand=150;CPXPARAM_MIP_Limits_GomoryPass=0;CPXPARAM_MIP_Limits_Nodes=9223372036800000000;CPXPARAM_MIP_Limits_ProbeTime=1e+75;CPXPARAM_MIP_Limits_RepairTries=0;CPXPARAM_MIP_Limits_StrongCand=10;CPXPARAM_MIP_Limits_StrongIt=0;CPXPARAM_MIP_OrderType=0;CPXPARAM_MIP_Strategy_BBInterval=7;CPXPARAM_MIP_Strategy_Branch=0;CPXPARAM_MIP_Strategy_Dive=0;CPXPARAM_MIP_Strategy_File=1;CPXPARAM_MIP_Strategy_HeuristicFreq=0;CPXPARAM_MIP_Strategy_LBHeur=0;CPXPARAM_MIP_Strategy_NodeSelect=1;CPXPARAM_MIP_Strategy_Order=1;CPXPARAM_MIP_Strategy_PresolveNode=0;CPXPARAM_MIP_Strategy_Probe=0;CPXPARAM_MIP_Strategy_RINSHeur=0;CPXPARAM_MIP_Strategy_StartAlgorithm=0;CPXPARAM_MIP_Strategy_SubAlgorithm=0;CPXPARAM_MIP_Strategy_VariableSelect=0;CPXPARAM_Network_NetFind=2;CPXPARAM_Network_Pricing=0;CPXPARAM_Parallel=1;CPXPARAM_Preprocessing_Aggregator=-1;CPXPARAM_Preprocessing_BoundStrength=-1;CPXPARAM_Preprocessing_CoeffReduce=-1;CPXPARAM_Preprocessing_Dependency=-1;CPXPARAM_Preprocessing_Dual=0;CPXPARAM_Preprocessing_Fill=10;CPXPARAM_Preprocessing_NumPass=-1;CPXPARAM_Preprocessing_Presolve=1;CPXPARAM_Preprocessing_QPMakePSD=1;CPXPARAM_Preprocessing_Reduce=3;CPXPARAM_Preprocessing_Relax=-1;CPXPARAM_Preprocessing_RepeatPresolve=-1;CPXPARAM_Preprocessing_Symmetry=-1;CPXPARAM_Read_Scale=0;CPXPARAM_Sifting_Algorithm=0;CPXPARAM_Simplex_Crash=1;CPXPARAM_Simplex_DGradient=0;CPXPARAM_Simplex_Limits_Perturbation=0;CPXPARAM_Simplex_Limits_Singularity=10;CPXPARAM_Simplex_PGradient=0;CPXPARAM_Simplex_Pricing=0;CPXPARAM_Simplex_Refactor=0
15897843816301975927,0,CPXPARAM_Advance=1;CPXPARAM_Barrier_Algorithm=0;CPXPARAM_Barrier_ColNonzeros=0;CPXPARAM_Barrier_Crossover=0;CPXPARAM_Barrier_Limits_Corrections=-1;CPXPARAM_Barrier_Ordering=0;CPXPARAM_Barrier_StartAlg=1;CPXPARAM_Emphasis_MIP=3;CPXPARAM_Emphasis_Memory=0;CPXPARAM_Emphasis_Numerical=0;CPXPARAM_Feasopt_Mode=0;CPXPARAM_LPMethod=0;CPXPARAM_MIP_Cuts_Cliques=-1;CPXPARAM_MIP_Cuts_Covers=0;CPXPARAM_MIP_Cuts_Disjunctive=1;CPXPARAM_MIP_Cuts_FlowCovers=-1;CPXPARAM_MIP_Cuts_GUBCovers=2;CPXPARAM_MIP_Cuts_Gomory=2;CPXPARAM_MIP_Cuts_Implied=0;CPXPARAM_MIP_Cuts_MIRCut=1;CPXPARAM_MIP_Cuts_PathCut=-1;CPXPARAM_MIP_Limits_AggForCut=3;CPXPARAM_MIP_Limits_CutPasses=0;CPXPARAM_MIP_Limits_CutsFactor=-1;CPXPARAM_MIP_Limits_GomoryCand=800;CPXPARAM_MIP_Limits_GomoryPass=0;CPXPARAM_MIP_Limits_Nodes=9223372036800000000;CPXPARAM_MIP_Limits_ProbeTime=1e+75;CPXPARAM_MIP_Limits_RepairTries=0;CPXPARAM_MIP_Limits_StrongCand=10;CPXPARAM_MIP_Limits_StrongIt=0;CPXPARAM_MIP_OrderType=0;CPXPARAM_MIP_Strategy_BBInterval=7;CPXPARAM_MIP_Strategy_Branch=0;CPXPARAM_MIP_Strategy_Dive=0;CPXPARAM_MIP_Strategy_File=1;CPXPARAM_MIP_Strategy_HeuristicFreq=0;CPXPARAM_MIP_Strategy_LBHeur=0;CPXPARAM_MIP_Strategy_NodeSelect=1;CPXPARAM_MIP_Strategy_Order=1;CPXPARAM_MIP_Strategy_PresolveNode=0;CPXPARAM_MIP_Strategy_Probe=0;CPXPARAM_MIP_Strategy_RINSHeur=0;CPXPARAM_MIP_Strategy_StartAlgorithm=0;CPXPARAM_MIP_Strategy_SubAlgorithm=0;CPXPARAM_MIP_Strategy_VariableSelect=0;CPXPARAM_Network_NetFind=2;CPXPARAM_Network_Pricing=0;CPXPARAM_Parallel=1;CPXPARAM_Preprocessing_Aggregator=-1;CPXPARAM_Preprocessing_BoundStrength=-1;CPXPARAM_Preprocessing_CoeffReduce=-1;CPXPARAM_Preprocessing_Dependency=-1;CPXPARAM_Preprocessing_Dual=0;CPXPARAM_Preprocessing_Fill=10;CPXPARAM_Preprocessing_NumPass=-1;CPXPARAM_Preprocessing_Presolve=1;CPXPARAM_Preprocessing_QPMakePSD=1;CPXPARAM_Preprocessing_Reduce=3;CPXPARAM_Preprocessing_Relax=-1;CPXPARAM_Preprocessing_RepeatPresolve=-1;CPXPARAM_Preprocessing_Symmetry=-1;CPXPARAM_Read_Scale=0;CPXPARAM_Sifting_Algorithm=0;CPXPARAM_Simplex_Crash=1;CPXPARAM_Simplex_DGradient=0;CPXPARAM_Simplex_Limits_Perturbation=0;CPXPARAM_Simplex_Limits_Singularity=10;CPXPARAM_Simplex_PGradient=0;CPXPARAM_Simplex_Pricing=0;CPXPARAM_Simplex_Refactor=0
2441677264187452225,0,CPXPARAM_Advance=1;CPXPARAM_Barrier_Algorithm=0;CPXPARAM_Barrier_ColNonzeros=0;CPXPARAM_Barrier_Crossover=0;CPXPARAM_Barrier_Limits_Corrections=-1;CPXPARAM_Barrier_Ordering=0;CPXPARAM_Barrier_StartAlg=1;CPXPARAM_Emphasis_MIP=0;CPXPARAM_Emphasis_Memory=0;CPXPARAM_Emphasis_Numerical=0;CPXPARAM_Feasopt_Mode=0;CPXPARAM_LPMethod=0;CPXPARAM_MIP_Cuts_Cliques=1;CPXPARAM_MIP_Cuts_Covers=0;CPXPARAM_MIP_Cuts_Disjunctive=1;CPXPARAM_MIP_Cuts_FlowCovers=2;CPXPARAM_MIP_Cuts_GUBCovers=1;CPXPARAM_MIP_Cuts_Gomory=0;CPXPARAM_MIP_Cuts_Implied=2;CPXPARAM_MIP_Cuts_MIRCut=1;CPXPARAM_MIP_Cuts_PathCut=0;CPXPARAM_MIP_Limits_AggForCut=3;CPXPARAM_MIP_Limits_CutPasses=0;CPXPARAM_MIP_Limits_CutsFactor=-1;CPXPARAM_MIP_Limits_GomoryCand=800;CPXPARAM_MIP_Limits_GomoryPass=0;CPXPARAM_MIP_Limits_Nodes=9223372036800000000;CPXPARAM_MIP_Limits_ProbeTime=1e+75;CPXPARAM_MIP_Limits_RepairTries=0;CPXPARAM_MIP_Limits_StrongCand=10;CPXPARAM_MIP_Limits_StrongIt=0;CPXPARAM_MIP_OrderType=0;CPXPARAM_MIP_Strategy_BBInterval=7;CPXPARAM_MIP_Strategy_Branch=1;CPXPARAM_MIP_Strategy_Dive=0;CPXPARAM_MIP_Strategy_File=1;CPXPARAM_MIP_Strategy_HeuristicFreq=0;CPXPARAM_MIP_Strategy_LBHeur=0;CPXPARAM_MIP_Strategy_NodeSelect=1;CPXPARAM_MIP_Strategy_Order=1;CPXPARAM_MIP_Strategy_PresolveNode=2;CPXPARAM_MIP_Strategy_Probe=0;CPXPARAM_MIP_Strategy_RINSHeur=0;CPXPARAM_MIP_Strategy_StartAlgorithm=0;CPXPARAM_MIP_Strategy_SubAlgorithm=0;CPXPARAM_MIP_Strategy_VariableSelect=2;CPXPARAM_Network_NetFind=2;CPXPARAM_Network_Pricing=0;CPXPARAM_Parallel=1;CPXPARAM_Preprocessing_Aggregator=-1;CPXPARAM_Preprocessing_BoundStrength=-1;CPXPARAM_Preprocessing_CoeffReduce=-1;CPXPARAM_Preprocessing_Dependency=-1;CPXPARAM_Preprocessing_Dual=0;CPXPARAM_Preprocessing_Fill=10;CPXPARAM_Preprocessing_NumPass=-1;CPXPARAM_Preprocessing_Presolve=1;CPXPARAM_Preprocessing_QPMakePSD=1;CPXPARAM_Preprocessing_Reduce=3;CPXPARAM_Preprocessing_Relax=-1;CPXPARAM_Preprocessing_RepeatPresolve=-1;CPXPARAM_Preprocessing_Symmetry=-1;CPXPARAM_Read_Scale=0;CPXPARAM_Sifting_Algorithm=0;CPXPARAM_Simplex_Crash=1;CPXPARAM_Simplex_DGradient=0;CPXPARAM_Simplex_Limits_Perturbation=0;CPXPARAM_Simplex_Limits_Singularity=10;CPXPARAM_Simplex_PGradient=0;CPXPARAM_Simplex_Pricing=0;CPXPARAM_Simplex_Refactor=0
13255339482226278152,0,CPXPARAM_Advance=1;CPXPARAM_Barrier_Algorithm=0;CPXPARAM_Barrier_ColNonzeros=0;CPXPARAM_Barrier_Crossover=0;CPXPARAM_Barrier_Limits_Corrections=-1;CPXPARAM_Barrier_Ordering=0;CPXPARAM_Barrier_StartAlg=1;CPXPARAM_Emphasis_MIP=5;CPXPARAM_Emphasis_Memory=0;CPXPARAM_Emphasis_Numerical=0;CPXPARAM_Feasopt_Mode=0;CPXPARAM_LPMethod=0;CPXPARAM_MIP_Cuts_Cliques=2;CPXPARAM_MIP_Cuts_Covers=1;CPXPARAM_MIP_Cuts_Disjunctive=-1;CPXPARAM_MIP_Cuts_FlowCovers=0;CPXPARAM_MIP_Cuts_GUBCovers=0;CPXPARAM_MIP_Cuts_Gomory=2;CPXPARAM_MIP_Cuts_Implied=-1;CPXPARAM_MIP_Cuts_MIRCut=1;CPXPARAM_MIP_Cuts_PathCut=-1;CPXPARAM_MIP_Limits_AggForCut=3;CPXPARAM_MIP_Limits_CutPasses=0;CPXPARAM_MIP_Limits_CutsFactor=-1;CPXPARAM_MIP_Limits_GomoryCand=200;CPXPARAM_MIP_Limits_GomoryPass=0;CPXPARAM_MIP_Limits_Nodes=9223372036800000000;CPXPARAM_MIP_Limits_ProbeTime=1e+75;CPXPARAM_MIP_Limits_RepairTries=0;CPXPARAM_MIP_Limits_StrongCand=10;CPXPARAM_MIP_Limits_StrongIt=0;CPXPARAM_MIP_OrderType=0;CPXPARAM_MIP_Strategy_BBInterval=7;CPXPARAM_MIP_Strategy_Branch=1;CPXPARAM_MIP_Strategy_Dive=0;CPXPARAM_MIP_Strategy_File=1;CPXPARAM_MIP_Strategy_HeuristicFreq=0;CPXPARAM_MIP_Strategy_LBHeur=0;CPXPARAM_MIP_Strategy_NodeSelect=0;CPXPARAM_MIP_Strategy_Order=1;CPXPARAM_MIP_Strategy_PresolveNode=1;CPXPARAM_MIP_Strategy_Probe=3;CPXPARAM_MIP_Strategy_RINSHeur=0;CPXPARAM_MIP_Strategy_StartAlgorithm=0;CPXPARAM_MIP_Strategy_SubAlgorithm=2;CPXPARAM_MIP_Strategy_VariableSelect=2;CPXPARAM_Network_NetFind=2;CPXPARAM_Network_Pricing=0;CPXPARAM_Parallel=1;CPXPARAM_Preprocessing_Aggregator=-1;CPXPARAM_Preprocessing_BoundStrength=-1;CPXPARAM_Preprocessing_CoeffReduce=-1;CPXPARAM_Preprocessing_Dependency=-1;CPXPARAM_Preprocessing_Dual=0;CPXPARAM_Preprocessing_Fill=10;CPXPARAM_Preprocessing_NumPass=-1;CPXPARAM_Preprocessing_Presolve=1;CPXPARAM_Preprocessing_QPMakePSD=1;CPXPARAM_Preprocessing_Reduce=3;CPXPARAM_Preprocessing_Relax=-1;CPXPARAM_Preprocessing_RepeatPresolve=-1;CPXPARAM_Preprocessing_Symmetry=-1;CPXPARAM_Read_Scale=0;CPXPARAM_Sifting_Algorithm=0;CPXPARAM_Simplex_Crash=1;CPXPARAM_Simplex_DGradient=0;CPXPARAM_Simplex_Limits_Perturbation=0;CPXPARAM_Simplex_Limits_Singularity=10;CPXPARAM_Simplex_PGradient=0;CPXPARAM_Simplex_Pricing=0;CPXPARAM_Simplex_Refactor=0
3641949457925980775,0,CPXPARAM_Advance=1;CPXPARAM_Barrier_Algorithm=0;CPXPARAM_Barrier_ColNonzeros=0;CPXPARAM_Barrier_Crossover=0;CPXPARAM_Barrier_Limits_Corrections=-1;CPXPARAM_Barrier_Ordering=0;CPXPARAM_Barrier_StartAlg=1;CPXPARAM_Emphasis_MIP=5;CPXPARAM_Emphasis_Memory=0;CPXPARAM_Emphasis_Numerical=0;CPXPARAM_Feasopt_Mode=0;CPXPARAM_LPMethod=0;CPXPARAM_MIP_Cuts_Cliques=2;CPXPARAM_MIP_Cuts_Covers=-1;CPXPARAM_MIP_Cuts_Disjunctive=1;CPXPARAM_MIP_Cuts_FlowCovers=1;CPXPARAM_MIP_Cuts_GUBCovers=0;CPXPARAM_MIP_Cuts_Gomory=-1;CPXPARAM_MIP_Cuts_Implied=1;CPXPARAM_MIP_Cuts_MIRCut=1;CPXPARAM_MIP_Cuts_PathCut=0;CPXPARAM_MIP_Limits_AggForCut=3;CPXPARAM_MIP_Limits_CutPasses=0;CPXPARAM_MIP_Limits_CutsFactor=-1;CPXPARAM_MIP_Limits_GomoryCand=400;CPXPARAM_MIP_Limits_GomoryPass=0;CPXPARAM_MIP_Limits_Nodes=9223372036800000000;CPXPARAM_MIP_Limits_ProbeTime=1e+75;CPXPARAM_MIP_Limits_RepairTries=0;CPXPARAM_MIP_Limits_StrongCand=10;CPXPARAM_MIP_Limits_StrongIt=0;CPXPARAM_MIP_OrderType=0;CPXPARAM_MIP_Strategy_BBInterval=7;CPXPARAM_MIP_Strategy_Branch=0;CPXPARAM_MIP_Strategy_Dive=0;CPXPARAM_MIP_Strategy_File=1;CPXPARAM_MIP_Strategy_HeuristicFreq=0;CPXPARAM_MIP_Strategy_LBHeur=0;CPXPARAM_MIP_Strategy_NodeSelect=2;CPXPARAM_MIP_Strategy_Order=1;CPXPARAM_MIP_Strategy_PresolveNode=1;CPXPARAM_MIP_Strategy_Probe=1;CPXPARAM_MIP_Strategy_RINSHeur=0;CPXPARAM_MIP_Strategy_StartAlgorithm=0;CPXPARAM_MIP_Strategy_SubAlgorithm=0;CPXPARAM_MIP_Strategy_VariableSelect=2;CPXPARAM_Network_NetFind=2;CPXPARAM_Network_Pricing=0;CPXPARAM_Parallel=1;CPXPARAM_Preprocessing_Aggregator=-1;CPXPARAM_Preprocessing_BoundStrength=-1;CPXPARAM_Preprocessing_CoeffReduce=-1;CPXPARAM_Preprocessing_Dependency=-1;CPXPARAM_Preprocessing_Dual=0;CPXPARAM_Preprocessing_Fill=10;CPXPARAM_Preprocessing_NumPass=-1;CPXPARAM_Preprocessing_Presolve=1;CPXPARAM_Preprocessing_QPMakePSD=1;CPXPARAM_Preprocessing_Reduce=3;CPXPARAM_Preprocessing_Relax=-1;CPXPARAM_Preprocessing_RepeatPresolve=-1;CPXPARAM_Preprocessing_Symmetry=-1;CPXPARAM_Read_Scale=0;CPXPARAM_Sifting_Algorithm=0;CPXPARAM_Simplex_Crash=1;CPXPARAM_Simplex_DGradient=0;CPXPARAM_Simplex_Limits_Perturbation=0;CPXPARAM_Simplex_Limits_Singularity=10;CPXPARAM_Simplex_PGradient=0;CPXPARAM_Simplex_Pricing=0;CPXPARAM_Simplex_Refactor=0
8563605415217921091,0,CPXPARAM_Advance=1;CPXPARAM_Barrier_Algorithm=0;CPXPARAM_Barrier_ColNonzeros=0;CPXPARAM_Barrier_Crossover=0;CPXPARAM_Barrier_Limits_Corrections=-1;CPXPARAM_Barrier_Ordering=0;CPXPARAM_Barrier_StartAlg=1;CPXPARAM_Emphasis_MIP=0;CPXPARAM_Emphasis_Memory=0;CPXPARAM_Emphasis_Numerical=0;CPXPARAM_Feasopt_Mode=0;CPXPARAM_LPMethod=0;CPXPARAM_MIP_Cuts_Cliques=3;CPXPARAM_MIP_Cuts_Covers=2;CPXPARAM_MIP_Cuts_Disjunctive=0;CPXPARAM_MIP_Cuts_FlowCovers=-1;CPXPARAM_MIP_Cuts_GUBCovers=1;CPXPARAM_MIP_Cuts_Gomory=0;CPXPARAM_MIP_Cuts_Implied=1;CPXPARAM_MIP_Cuts_MIRCut=2;CPXPARAM_MIP_Cuts_PathCut=0;CPXPARAM_MIP_Limits_AggForCut=3;CPXPARAM_MIP_Limits_CutPasses=0;CPXPARAM_MIP_Limits_CutsFactor=-1;CPXPARAM_MIP_Limits_GomoryCand=100;CPXPARAM_MIP_Limits_GomoryPass=0;CPXPARAM_MIP_Limits_Nodes=9223372036800000000;CPXPARAM_MIP_Limits_ProbeTime=1e+75;CPXPARAM_MIP_Limits_RepairTries=0;CPXPARAM_MIP_Limits_StrongCand=10;CPXPARAM_MIP_Limits_StrongIt=0;CPXPARAM_MIP_OrderType=0;CPXPARAM_MIP_Strategy_BBInterval=7;CPXPARAM_MIP_Strategy_Branch=0;CPXPARAM_MIP_Strategy_Dive=0;CPXPARAM_MIP_Strategy_File=1;CPXPARAM_MIP_Strategy_HeuristicFreq=0;CPXPARAM_MIP_Strategy_LBHeur=0;CPXPARAM_MIP_Strategy_NodeSelect=3;CPXPARAM_MIP_Strategy_Order=1;CPXPARAM_MIP_Strategy_PresolveNode=1;CPXPARAM_MIP_Strategy_Probe=0;CPXPARAM_MIP_Strategy_RINSHeur=0;CPXPARAM_MIP_Strategy_StartAlgorithm=0;CPXPARAM_MIP_Strategy_SubAlgorithm=0;CPXPARAM_MIP_Strategy_VariableSelect=1;CPXPARAM_Network_NetFind=2;CPXPARAM_Network_Pricing=0;CPXPARAM_Parallel=1;CPXPARAM_Preprocessing_Aggregator=-1;CPXPARAM_Preprocessing_BoundStrength=-1;CPXPARAM_Preprocessing_CoeffReduce=-1;CPXPARAM_Preprocessing_Dependency=-1;CPXPARAM_Preprocessing_Dual=0;CPXPARAM_Preprocessing_Fill=10;CPXPARAM_Preprocessing_NumPass=-1;CPXPARAM_Preprocessing_Presolve=1;CPXPARAM_Preprocessing_QPMakePSD=1;CPXPARAM_Preprocessing_Reduce=3;CPXPARAM_Preprocessing_Relax=-1;CPXPARAM_Preprocessing_RepeatPresolve=-1;CPXPARAM_Preprocessing_Symmetry=-1;CPXPARAM_Read_Scale=0;CPXPARAM_Sifting_Algorithm=0;CPXPARAM_Simplex_Crash=1;CPXPARAM_Simplex_DGradient=0;CPXPARAM_Simplex_Limits_Perturbation=0;CPXPARAM_Simplex_Limits_Singularity=10;CPXPARAM_Simplex_PGradient=0;CPXPARAM_Simplex_Pricing=0;CPXPARAM_Simplex_Refactor=0
10674869443040625368,0,CPXPARAM_Advance=1;CPXPARAM_Barrier_Algorithm=0;CPXPARAM_Barrier_ColNonzeros=0;CPXPARAM_Barrier_Crossover=0;CPXPARAM_Barrier_Limits_Corrections=-1;CPXPARAM_Barrier_Ordering=0;CPXPARAM_Barrier_StartAlg=1;CPXPARAM_Emphasis_MIP=1;CPXPARAM_Emphasis_Memory=0;CPXPARAM_Emphasis_Numerical=0;CPXPARAM_Feasopt_Mode=0;CPXPARAM_LPMethod=0;CPXPARAM_MIP_Cuts_Cliques=1;CPXPARAM_MIP_Cuts_Covers=0;CPXPARAM_MIP_Cuts_Disjunctive=1;CPXPARAM_MIP_Cuts_FlowCovers=1;CPXPARAM_MIP_Cuts_GUBCovers=-1;CPXPARAM_MIP_Cuts_Gomory=2;CPXPARAM_MIP_Cuts_Implied=0;CPXPARAM_MIP_Cuts_MIRCut=1;CPXPARAM_MIP_Cuts_PathCut=2;CPXPARAM_MIP_Limits_AggForCut=3;CPXPARAM_MIP_Limits_CutPasses=0;CPXPARAM_MIP_Limits_CutsFactor=-1;CPXPARAM_MIP_Limits_GomoryCand=25;CPXPARAM_MIP_Limits_GomoryPass=0;CPXPARAM_MIP_Limits_Nodes=9223372036800000000;CPXPARAM_MIP_Limits_ProbeTime=1e+75;CPXPARAM_MIP_Limits_RepairTries=0;CPXPARAM_MIP_Limits_StrongCand=10;CPXPARAM_MIP_Limits_StrongIt=0;CPXPARAM_MIP_OrderType=0;CPXPARAM_MIP_Strategy_BBInterval=7;CPXPARAM_MIP_Strategy_Branch=0;CPXPARAM_MIP_Strategy_Dive=0;CPXPARAM_MIP_Strategy_File=1;CPXPARAM_MIP_Strategy_HeuristicFreq=0;CPXPARAM_MIP_Strategy_LBHeur=0;CPXPARAM_MIP_Strategy_NodeSelect=1;CPXPARAM_MIP_Strategy_Order=1;CPXPARAM_MIP_Strategy_PresolveNode=0;CPXPARAM_MIP_Strategy_Probe=0;CPXPARAM_MIP_Strategy_RINSHeur=0;CPXPARAM_MIP_Strategy_StartAlgorithm=0;CPXPARAM_MIP_Strategy_SubAlgorithm=0;CPXPARAM_MIP_Strategy_VariableSelect=0;CPXPARAM_Network_NetFind=2;CPXPARAM_Network_Pricing=0;CPXPARAM_Parallel=1;CPXPARAM_Preprocessing_Aggregator=-1;CPXPARAM_Preprocessing_BoundStrength=-1;CPXPARAM_Preprocessing_CoeffReduce=-1;CPXPARAM_Preprocessing_Dependency=-1;CPXPARAM_Preprocessing_Dual=0;CPXPARAM_Preprocessing_Fill=10;CPXPARAM_Preprocessing_NumPass=-1;CPXPARAM_Preprocessing_Presolve=1;CPXPARAM_Preprocessing_QPMakePSD=1;CPXPARAM_Preprocessing_Reduce=3;CPXPARAM_Preprocessing_Relax=-1;CPXPARAM_Preprocessing_RepeatPresolve=-1;CPXPARAM_Preprocessing_Symmetry=-1;CPXPARAM_Read_Scale=0;CPXPARAM_Sifting_Algorithm=0;CPXPARAM_Simplex_Crash=1;CPXPARAM_Simplex_DGradient=0;CPXPARAM_Simplex_Limits_Perturbation=0;CPXPARAM_Simplex_Limits_Singularity=10;CPXPARAM_Simplex_PGradient=0;CPXPARAM_Simplex_Pricing=0;CPXPARAM_Simplex_Refactor=0
12965838001982728589,0,CPXPARAM_Advance=1;CPXPARAM_Barrier_Algorithm=0;CPXPARAM_Barrier_ColNonzeros=0;CPXPARAM_Barrier_Crossover=0;CPXPARAM_Barrier_Limits_Corrections=-1;CPXPARAM_Barrier_Ordering=0;CPXPARAM_Barrier_StartAlg=1;CPXPARAM_Emphasis_MIP=3;CPXPARAM_Emphasis_Memory=0;CPXPARAM_Emphasis_Numerical=0;CPXPARAM_Feasopt_Mode=0;CPXPARAM_LPMethod=0;CPXPARAM_MIP_Cuts_Cliques=3;CPXPARAM_MIP_Cuts_Covers=0;CPXPARAM_MIP_Cuts_Disjunctive=0;CPXPARAM_MIP_Cuts_FlowCovers=0;CPXPARAM_MIP_Cuts_GUBCovers=1;CPXPARAM_MIP_Cuts_Gomory=2;CPXPARAM_MIP_Cuts_Implied=0;CPXPARAM_MIP_Cuts_MIRCut=0;CPXPARAM_MIP_Cuts_PathCut=-1;CPXPARAM_MIP_Limits_AggForCut=3;CPXPARAM_MIP_Limits_CutPasses=0;CPXPARAM_MIP_Limits_CutsFactor=-1;CPXPARAM_MIP_Limits_GomoryCand=200;CPXPARAM_MIP_Limits_GomoryPass=0;CPXPARAM_MIP_Limits_Nodes=9223372036800000000;CPXPARAM_MIP_Limits_ProbeTime=1e+75;CPXPARAM_MIP_Limits_RepairTries=0;CPXPARAM_MIP_Limits_StrongCand=10;CPXPARAM_MIP_Limits_StrongIt=0;CPXPARAM_MIP_OrderType=0;CPXPARAM_MIP_Strategy_BBInterval=7;CPXPARAM_MIP_Strategy_Branch=0;CPXPARAM_MIP_Strategy_Dive=0;CPXPARAM_MIP_Strategy_File=1;CPXPARAM_MIP_Strategy_HeuristicFreq=0;CPXPARAM_MIP_Strategy_LBHeur=0;CPXPARAM_MIP_Strategy_NodeSelect=1;CPXPARAM_MIP_Strategy_Order=1;CPXPARAM_MIP_Strategy_PresolveNode=0;CPXPARAM_MIP_Strategy_Probe=0;CPXPARAM_MIP_Strategy_RINSHeur=0;CPXPARAM_MIP_Strategy_StartAlgorithm=0;CPXPARAM_MIP_Strategy_SubAlgorithm=0;CPXPARAM_MIP_Strategy_VariableSelect=0;CPXPARAM_Network_NetFind=2;CPXPARAM_Network_Pricing=0;CPXPARAM_Parallel=1;CPXPARAM_Preprocessing_Aggregator=-1;CPXPARAM_Preprocessing_BoundStrength=-1;CPXPARAM_Preprocessing_CoeffReduce=-1;CPXPARAM_Preprocessing_Dependency=-1;CPXPARAM_Preprocessing_Dual=0;CPXPARAM_Preprocessing_Fill=10;CPXPARAM_Preprocessing_NumPass=-1;CPXPARAM_Preprocessing_Presolve=1;CPXPARAM_Preprocessing_QPMakePSD=1;CPXPARAM_Preprocessing_Reduce=3;CPXPARAM_Preprocessing_Relax=-1;CPXPARAM_Preprocessing_RepeatPresolve=-1;CPXPARAM_Preprocessing_Symmetry=-1;CPXPARAM_Read_Scale=0;CPXPARAM_Sifting_Algorithm=0;CPXPARAM_Simplex_Crash=1;CPXPARAM_Simplex_DGradient=0;CPXPARAM_Simplex_Limits_Perturbation=0;CPXPARAM_Simplex_Limits_Singularity=10;CPXPARAM_Simplex_PGradient=0;CPXPARAM_Simplex_Pricing=0;CPXPARAM_Simplex_Refactor=0
17236842619020533581,0,CPXPARAM_Advance=1;CPXPARAM_Barrier_Algorithm=0;CPXPARAM_Barrier_ColNonzeros=0;CPXPARAM_Barrier_Crossover=0;CPXPARAM_Barrier_Limits_Corrections=-1;CPXPARAM_Barrier_Ordering=0;CPXPARAM_Barrier_StartAlg=1;CPXPARAM_Emphasis_MIP=2;CPXPARAM_Emphasis_Memory=0;CPXPARAM_Emphasis_Numerical=0;CPXPARAM_Feasopt_Mode=0;CPXPARAM_LPMethod=0;CPXPARAM_MIP_Cuts_Cliques=-1;CPXPARAM_MIP_Cuts_Covers=2;CPXPARAM_MIP_Cuts_Disjunctive=1;CPXPARAM_MIP_Cuts_FlowCovers=2;CPXPARAM_MIP_Cuts_GUBCovers=1;CPXPARAM_MIP_Cuts_Gomory=0;CPXPARAM_MIP_Cuts_Implied=-1;CPXPARAM_MIP_Cuts_MIRCut=-1;CPXPARAM_MIP_Cuts_PathCut=-1;CPXPARAM_MIP_Limits_AggForCut=3;CPXPARAM_MIP_Limits_CutPasses=0;CPXPARAM_MIP_Limits_CutsFactor=-1;CPXPARAM_MIP_Limits_GomoryCand=400;CPXPARAM_MIP_Limits_GomoryPass=0;CPXPARAM_MIP_Limits_Nodes=9223372036800000000;CPXPARAM_MIP_Limits_ProbeTime=1e+75;CPXPARAM_MIP_Limits_RepairTries=0;CPXPARAM_MIP_Limits_StrongCand=10;CPXPARAM_MIP_Limits_StrongIt=0;CPXPARAM_MIP_OrderType=0;CPXPARAM_MIP_Strategy_BBInterval=7;CPXPARAM_MIP_Strategy_Branch=0;CPXPARAM_MIP_Strategy_Dive=0;CPXPARAM_MIP_Strategy_File=1;CPXPARAM_MIP_Strategy_HeuristicFreq=0;CPXPARAM_MIP_Strategy_LBHeur=0;CPXPARAM_MIP_Strategy_NodeSelect=1;CPXPARAM_MIP_Strategy_Order=1;CPXPARAM_MIP_Strategy_PresolveNode=0;CPXPARAM_MIP_Strategy_Probe=0;CPXPARAM_MIP_Strategy_RINSHeur=0;CPXPARAM_MIP_Strategy_StartAlgorithm=0;CPXPARAM_MIP_Strategy_SubAlgorithm=1;CPXPARAM_MIP_Strategy_VariableSelect=0;CPXPARAM_Network_NetFind=2;CPXPARAM_Network_Pricing=0;CPXPARAM_Parallel=1;CPXPARAM_Preprocessing_Aggregator=-1;CPXPARAM_Preprocessing_BoundStrength=-1;CPXPARAM_Preprocessing_CoeffReduce=-1;CPXPARAM_Preprocessing_Dependency=-1;CPXPARAM_Preprocessing_Dual=0;CPXPARAM_Preprocessing_Fill=10;CPXPARAM_Preprocessing_NumPass=-1;CPXPARAM_Preprocessing_Presolve=1;CPXPARAM_Preprocessing_QPMakePSD=1;CPXPARAM_Preprocessing_Reduce=3;CPXPARAM_Preprocessing_Relax=-1;CPXPARAM_Preprocessing_RepeatPresolve=-1;CPXPARAM_Preprocessing_Symmetry=-1;CPXPARAM_Read_Scale=0;CPXPARAM_Sifting_Algorithm=0;CPXPARAM_Simplex_Crash=1;CPXPARAM_Simplex_DGradient=0;CPXPARAM_Simplex_Limits_Perturbation=0;CPXPARAM_Simplex_Limits_Singularity=10;CPXPARAM_Simplex_PGradient=0;CPXPARAM_Simplex_Pricing=0;CPXPARAM_Simplex_Refactor=0
2182426193120602818,0,CPXPARAM_Advance=1;CPXPARAM_Barrier_Algorithm=0;CPXPARAM_Barrier_ColNonzeros=0;CPXPARAM_Barrier_Crossover=0;CPXPARAM_Barrier_Limits_Corrections=-1;CPXPARAM_Barrier_Ordering=0;CPXPARAM_Barrier_StartAlg=1;CPXPARAM_Emphasis_MIP=2;CPXPARAM_Emphasis_Memory=0;CPXPARAM_Emphasis_Numerical=0;CPXPARAM_Feasopt_Mode=0;CPXPARAM_LPMethod=0;CPXPARAM_MIP_Cuts_Cliques=1;CPXPARAM_MIP_Cuts_Covers=0;CPXPARAM_MIP_Cuts_Disjunctive=-1;CPXPARAM_MIP_Cuts_FlowCovers=2;CPXPARAM_MIP_Cuts_GUBCovers=0;CPXPARAM_MIP_Cuts_Gomory=-1;CPXPARAM_MIP_Cuts_Implied=2;CPXPARAM_MIP_Cuts_MIRCut=-1;CPXPARAM_MIP_Cuts_PathCut=1;CPXPARAM_MIP_Limits_AggForCut=3;CPXPARAM_MIP_Limits_CutPasses=0;CPXPARAM_MIP_Limits_CutsFactor=-1;CPXPARAM_MIP_Limits_GomoryCand=200;CPXPARAM_MIP_Limits_GomoryPass=0;CPXPARAM_MIP_Limits_Nodes=9223372036800000000;CPXPARAM_MIP_Limits_ProbeTime=1e+75;CPXPARAM_MIP_Limits_RepairTries=0;CPXPARAM_MIP_Limits_StrongCand=10;CPXPARAM_MIP_Limits_StrongIt=0;CPXPARAM_MIP_OrderType=0;CPXPARAM_MIP_Strategy_BBInterval=7;CPXPARAM_MIP_Strategy_Branch=0;CPXPARAM_MIP_Strategy_Dive=0;CPXPARAM_MIP_Strategy_File=1;CPXPARAM_MIP_Strategy_HeuristicFreq=0;CPXPARAM_MIP_Strategy_LBHeur=0;CPXPARAM_MIP_Strategy_NodeSelect=1;CPXPARAM_MIP_Strategy_Order=1;CPXPARAM_MIP_Strategy_PresolveNode=0;CPXPARAM_MIP_Strategy_Probe=0;CPXPARAM_MIP_Strategy_RINSHeur=0;CPXPARAM_MIP_Strategy_StartAlgorithm=0;CPXPARAM_MIP_Strategy_SubAlgorithm=0;CPXPARAM_MIP_Strategy_VariableSelect=0;CPXPARAM_Network_NetFind=2;CPXPARAM_Network_Pricing=0;CPXPARAM_Parallel=1;CPXPARAM_Preprocessing_Aggregator=-1;CPXPARAM_Preprocessing_BoundStrength=-1;CPXPARAM_Preprocessing_CoeffReduce=-1;CPXPARAM_Preprocessing_Dependency=-1;CPXPARAM_Preprocessing_Dual=0;CPXPARAM_Preprocessing_Fill=10;CPXPARAM_Preprocessing_NumPass=-1;CPXPARAM_Preprocessing_Presolve=1;CPXPARAM_Preprocessing_QPMakePSD=1;CPXPARAM_Preprocessing_Reduce=3;CPXPARAM_Preprocessing_Relax=-1;CPXPARAM_Preprocessing_RepeatPresolve=-1;CPXPARAM_Preprocessing_Symmetry=-1;CPXPARAM_Read_Scale=0;CPXPARAM_Sifting_Algorithm=0;CPXPARAM_Simplex_Crash=1;CPXPARAM_Simplex_DGradient=0;CPXPARAM_Simplex_Limits_Perturbation=0;CPXPARAM_Simplex_Limits_Singularity=10;CPXPARAM_Simplex_PGradient=0;CPXPARAM_Simplex_Pricing=0;CPXPARAM_Simplex_Refactor=0
663931055307437045,0,CPXPARAM_Advance=1;CPXPARAM_Barrier_Algorithm=0;CPXPARAM_Barrier_ColNonzeros=0;CPXPARAM_Barrier_Crossover=0;CPXPARAM_Barrier_Limits_Corrections=-1;CPXPARAM_Barrier_Ordering=0;CPXPARAM_Barrier_StartAlg=1;CPXPARAM_Emphasis_MIP=0;CPXPARAM_Emphasis_Memory=0;CPXPARAM_Emphasis_Numerical=0;CPXPARAM_Feasopt_Mode=0;CPXPARAM_LPMethod=0;CPXPARAM_MIP_Cuts_Cliques=3;CPXPARAM_MIP_Cuts_Covers=2;CPXPARAM_MIP_Cuts_Disjunctive=-1;CPXPARAM_MIP_Cuts_FlowCovers=0;CPXPARAM_MIP_Cuts_GUBCovers=1;CPXPARAM_MIP_Cuts_Gomory=-1;CPXPARAM_MIP_Cuts_Implied=0;CPXPARAM_MIP_Cuts_MIRCut=0;CPXPARAM_MIP_Cuts_PathCut=-1;CPXPARAM_MIP_Limits_AggForCut=2;CPXPARAM_MIP_Limits_CutPasses=0;CPXPARAM_MIP_Limits_CutsFactor=-1;CPXPARAM_MIP_Limits_GomoryCand=800;CPXPARAM_MIP_Limits_GomoryPass=0;CPXPARAM_MIP_Limits_Nodes=9223372036800000000;CPXPARAM_MIP_Limits_ProbeTime=1e+75;CPXPARAM_MIP_Limits_RepairTries=0;CPXPARAM_MIP_Limits_StrongCand=10;CPXPARAM_MIP_Limits_StrongIt=0;CPXPARAM_MIP_OrderType=2;CPXPARAM_MIP_Strategy_BBInterval=7;CPXPARAM_MIP_Strategy_Branch=-1;CPXPARAM_MIP_Strategy_Dive=0;CPXPARAM_MIP_Strategy_File=1;CPXPARAM_MIP_Strategy_HeuristicFreq=0;CPXPARAM_MIP_Strategy_LBHeur=0;CPXPARAM_MIP_Strategy_NodeSelect=2;CPXPARAM_MIP_Strategy_Order=1;CPXPARAM_MIP_Strategy_PresolveNode=0;CPXPARAM_MIP_Strategy_Probe=-1;CPXPARAM_MIP_Strategy_RINSHeur=0;CPXPARAM_MIP_Strategy_StartAlgorithm=0;CPXPARAM_MIP_Strategy_SubAlgorithm=0;CPXPARAM_MIP_Strategy_VariableSelect=1;CPXPARAM_Network_NetFind=2;CPXPARAM_Network_Pricing=0;CPXPARAM_Parallel=1;CPXPARAM_Preprocessing_Aggregator=-1;CPXPARAM_Preprocessing_BoundStrength=-1;CPXPARAM_Preprocessing_CoeffReduce=-1;CPXPARAM_Preprocessing_Dependency=-1;CPXPARAM_Preprocessing_Dual=0;CPXPARAM_Preprocessing_Fill=40;CPXPARAM_Preprocessing_NumPass=-1;CPXPARAM_Preprocessing_Presolve=1;CPXPARAM_Preprocessing_QPMakePSD=1;CPXPARAM_Preprocessing_Reduce=0;CPXPARAM_Preprocessing_Relax=-1;CPXPARAM_Preprocessing_RepeatPresolve=-1;CPXPARAM_Preprocessing_Symmetry=-1;CPXPARAM_Read_Scale=0;CPXPARAM_Sifting_Algorithm=0;CPXPARAM_Simplex_Crash=1;CPXPARAM_Simplex_DGradient=0;CPXPARAM_Simplex_Limits_Perturbation=0;CPXPARAM_Simplex_Limits_Singularity=10;CPXPARAM_Simplex_PGradient=0;CPXPARAM_Simplex_Pricing=0;CPXPARAM_Simplex_Refactor=0
15080437602958759632,0,CPXPARAM_Advance=1;CPXPARAM_Barrier_Algorithm=0;CPXPARAM_Barrier_ColNonzeros=0;CPXPARAM_Barrier_Crossover=0;CPXPARAM_Barrier_Limits_Corrections=-1;CPXPARAM_Barrier_Ordering=0;CPXPARAM_Barrier_StartAlg=1;CPXPARAM_Emphasis_MIP=0;CPXPARAM_Emphasis_Memory=0;CPXPARAM_Emphasis_Numerical=0;CPXPARAM_Feasopt_Mode=0;CPXPARAM_LPMethod=0;CPXPARAM_MIP_Cuts_Cliques=3;CPXPARAM_MIP_Cuts_Covers=-1;CPXPARAM_MIP_Cuts_Disjunctive=1;CPXPARAM_MIP_Cuts_FlowCovers=-1;CPXPARAM_MIP_Cuts_GUBCovers=-1;CPXPARAM_MIP_Cuts_Gomory=0;CPXPARAM_MIP_Cuts_Implied=-1;CPXPARAM_MIP_Cuts_MIRCut=2;CPXPARAM_MIP_Cuts_PathCut=-1;CPXPARAM_MIP_Limits_AggForCut=3;CPXPARAM_MIP_Limits_CutPasses=0;CPXPARAM_MIP_Limits_CutsFactor=-1;CPXPARAM_MIP_Limits_GomoryCand=50;CPXPARAM_MIP_Limits_GomoryPass=0;CPXPARAM_MIP_Limits_Nodes=9223372036800000000;CPXPARAM_MIP_Limits_ProbeTime=1e+75;CPXPARAM_MIP_Limits_RepairTries=0;CPXPARAM_MIP_Limits_StrongCand=10;CPXPARAM_MIP_Limits_StrongIt=0;CPXPARAM_MIP_OrderType=0;CPXPARAM_MIP_Strategy_BBInterval=7;CPXPARAM_MIP_Strategy_Branch=0;CPXPARAM_MIP_Strategy_Dive=0;CPXPARAM_MIP_Strategy_File=1;CPXPARAM_MIP_Strategy_HeuristicFreq=0;CPXPARAM_MIP_Strategy_LBHeur=0;CPXPARAM_MIP_Strategy_NodeSelect=1;CPXPARAM_MIP_Strategy_Order=1;CPXPARAM_MIP_Strategy_PresolveNode=0;CPXPARAM_MIP_Strategy_Probe=-1;CPXPARAM_MIP_Strategy_RINSHeur=0;CPXPARAM_MIP_Strategy_StartAlgorithm=0;CPXPARAM_MIP_Strategy_SubAlgorithm=0;CPXPARAM_MIP_Strategy_VariableSelect=0;CPXPARAM_Network_NetFind=2;CPXPARAM_Network_Pricing=0;CPXPARAM_Parallel=1;CPXPARAM_Preprocessing_Aggregator=-1;CPXPARAM_Preprocessing_BoundStrength=-1;CPXPARAM_Preprocessing_CoeffReduce=-1;CPXPARAM_Preprocessing_Dependency=-1;CPXPARAM_Preprocessing_Dual=0;CPXPARAM_Preprocessing_Fill=10;CPXPARAM_Preprocessing_NumPass=-1;CPXPARAM_Preprocessing_Presolve=1;CPXPARAM_Preprocessing_QPMakePSD=1;CPXPARAM_Preprocessing_Reduce=3;CPXPARAM_Preprocessing_Relax=-1;CPXPARAM_Preprocessing_RepeatPresolve=-1;CPXPARAM_Preprocessing_Symmetry=-1;CPXPARAM_Read_Scale=0;CPXPARAM_Sifting_Algorithm=0;CPXPARAM_Simplex_Crash=1;CPXPARAM_Simplex_DGradient=0;CPXPARAM_Simplex_Limits_Perturbation=0;CPXPARAM_Simplex_Limits_Singularity=10;CPXPARAM_Simplex_PGradient=0;CPXPARAM_Simplex_Pricing=0;CPXPARAM_Simplex_Refactor=0
9700811841054877956,0,CPXPARAM_Advance=1;CPXPARAM_Barrier_Algorithm=0;CPXPARAM_Barrier_ColNonzeros=0;CPXPARAM_Barrier_Crossover=0;CPXPARAM_Barrier_Limits_Corrections=-1;CPXPARAM_Barrier_Ordering=0;CPXPARAM_Barrier_StartAlg=1;CPXPARAM_Emphasis_MIP=0;CPXPARAM_Emphasis_Memory=0;CPXPARAM_Emphasis_Numerical=0;CPXPARAM_Feasopt_Mode=0;CPXPARAM_LPMethod=0;CPXPARAM_MIP_Cuts_Cliques=3;CPXPARAM_MIP_Cuts_Covers=0;CPXPARAM_MIP_Cuts_Disjunctive=0;CPXPARAM_MIP_Cuts_FlowCovers=2;CPXPARAM_MIP_Cuts_GUBCovers=1;CPXPARAM_MIP_Cuts_Gomory=0;CPXPARAM_MIP_Cuts_Implied=-1;CPXPARAM_MIP_Cuts_MIRCut=2;CPXPARAM_MIP_Cuts_PathCut=0;CPXPARAM_MIP_Limits_AggForCut=3;CPXPARAM_MIP_Limits_CutPasses=0;CPXPARAM_MIP_Limits_CutsFactor=-1;CPXPARAM_MIP_Limits_GomoryCand=200;CPXPARAM_MIP_Limits_GomoryPass=0;CPXPARAM_MIP_Limits_Nodes=9223372036800000000;CPXPARAM_MIP_Limits_ProbeTime=1e+75;CPXPARAM_MIP_Limits_RepairTries=0;CPXPARAM_MIP_Limits_StrongCand=10;CPXPARAM_MIP_Limits_StrongIt=0;CPXPARAM_MIP_OrderType=0;CPXPARAM_MIP_Strategy_BBInterval=7;CPXPARAM_MIP_Strategy_Branch=-1;CPXPARAM_MIP_Strategy_Dive=0;CPXPARAM_MIP_Strategy_File=1;CPXPARAM_MIP_Strategy_HeuristicFreq=0;CPXPARAM_MIP_Strategy_LBHeur=0;CPXPARAM_MIP_Strategy_NodeSelect=2;CPXPARAM_MIP_Strategy_Order=1;CPXPARAM_MIP_Strategy_PresolveNode=2;CPXPARAM_MIP_Strategy_Probe=3;CPXPARAM_MIP_Strategy_RINSHeur=0;CPXPARAM_MIP_Strategy_StartAlgorithm=0;CPXPARAM_MIP_Strategy_SubAlgorithm=3;CPXPARAM_MIP_Strategy_VariableSelect=-1;CPXPARAM_Network_NetFind=2;CPXPARAM_Network_Pricing=0;CPXPARAM_Parallel=1;CPXPARAM_Preprocessing_Aggregator=-1;CPXPARAM_Preprocessing_BoundStrength=-1;CPXPARAM_Preprocessing_CoeffReduce=-1;CPXPARAM_Preprocessing_Dependency=-1;CPXPARAM_Preprocessing_Dual=0;CPXPARAM_Preprocessing_Fill=10;CPXPARAM_Preprocessing_NumPass=-1;CPXPARAM_Preprocessing_Presolve=1;CPXPARAM_Preprocessing_QPMakePSD=1;CPXPARAM_Preprocessing_Reduce=3;CPXPARAM_Preprocessing_Relax=-1;CPXPARAM_Preprocessing_RepeatPresolve=-1;CPXPARAM_Preprocessing_Symmetry=-1;CPXPARAM_Read_Scale=0;CPXPARAM_Sifting_Algorithm=0;CPXPARAM_Simplex_Crash=1;CPXPARAM_Simplex_DGradient=0;CPXPARAM_Simplex_Limits_Perturbation=0;CPXPARAM_Simplex_Limits_Singularity=10;CPXPARAM_Simplex_PGradient=0;CPXPARAM_Simplex_Pricing=0;CPXPARAM_Simplex_Refactor=0
805474880704790686,0,CPXPARAM_Advance=1;CPXPARAM_Barrier_Algorithm=0;CPXPARAM_Barrier_ColNonzeros=0;CPXPARAM_Barrier_Crossover=0;CPXPARAM_Barrier_Limits_Corrections=-1;CPXPARAM_Barrier_Ordering=0;CPXPARAM_Barrier_StartAlg=1;CPXPARAM_Emphasis_MIP=0;CPXPARAM_Emphasis_Memory=0;CPXPARAM_Emphasis_Numerical=0;CPXPARAM_Feasopt_Mode=0;CPXPARAM_LPMethod=0;CPXPARAM_MIP_Cuts_Cliques=0;CPXPARAM_MIP_Cuts_Covers=-1;CPXPARAM_MIP_Cuts_Disjunctive=0;CPXPARAM_MIP_Cuts_FlowCovers=-1;CPXPARAM_MIP_Cuts_GUBCovers=2;CPXPARAM_MIP_Cuts_Gomory=2;CPXPARAM_MIP_Cuts_Implied=-1;CPXPARAM_MIP_Cuts_MIRCut=2;CPXPARAM_MIP_Cuts_PathCut=-1;CPXPARAM_MIP_Limits_AggForCut=2;CPXPARAM_MIP_Limits_CutPasses=0;CPXPARAM_MIP_Limits_CutsFactor=-1;CPXPARAM_MIP_Limits_GomoryCand=200;CPXPARAM_MIP_Limits_GomoryPass=0;CPXPARAM_MIP_Limits_Nodes=9223372036800000000;CPXPARAM_MIP_Limits_ProbeTime=1e+75;CPXPARAM_MIP_Limits_RepairTries=0;CPXPARAM_MIP_Limits_StrongCand=10;CPXPARAM_MIP_Limits_StrongIt=0;CPXPARAM_MIP_OrderType=0;CPXPARAM_MIP_Strategy_BBInterval=7;CPXPARAM_MIP_Strategy_Branch=-1;CPXPARAM_MIP_Strategy_Dive=0;CPXPARAM_MIP_Strategy_File=1;CPXPARAM_MIP_Strategy_HeuristicFreq=0;CPXPARAM_MIP_Strategy_LBHeur=0;CPXPARAM_MIP_Strategy_NodeSelect=0;CPXPARAM_MIP_Strategy_Order=1;CPXPARAM_MIP_Strategy_PresolveNode=0;CPXPARAM_MIP_Strategy_Probe=2;CPXPARAM_MIP_Strategy_RINSHeur=0;CPXPARAM_MIP_Strategy_StartAlgorithm=0;CPXPARAM_MIP_Strategy_SubAlgorithm=3;CPXPARAM_MIP_Strategy_VariableSelect=1;CPXPARAM_Network_NetFind=2;CPXPARAM_Network_Pricing=0;CPXPARAM_Parallel=1;CPXPARAM_Preprocessing_Aggregator=-1;CPXPARAM_Preprocessing_BoundStrength=-1;CPXPARAM_Preprocessing_CoeffReduce=-1;CPXPARAM_Preprocessing_Dependency=-1;CPXPARAM_Preprocessing_Dual=0;CPXPARAM_Preprocessing_Fill=40;CPXPARAM_Preprocessing_NumPass=-1;CPXPARAM_Preprocessing_Presolve=1;CPXPARAM_Preprocessing_QPMakePSD=1;CPXPARAM_Preprocessing_Reduce=1;CPXPARAM_Preprocessing_Relax=-1;CPXPARAM_Preprocessing_RepeatPresolve=-1;CPXPARAM_Preprocessing_Symmetry=-1;CPXPARAM_Read_Scale=0;CPXPARAM_Sifting_Algorithm=0;CPXPARAM_Simplex_Crash=1;CPXPARAM_Simplex_DGradient=0;CPXPARAM_Simplex_Limits_Perturbation=0;CPXPARAM_Simplex_Limits_Singularity=10;CPXPARAM_Simplex_PGradient=0;CPXPARAM_Simplex_Pricing=0;CPXPARAM_Simplex_Refactor=0
17713990475965584072,0,CPXPARAM_Advance=1;CPXPARAM_Barrier_Algorithm=0;CPXPARAM_Barrier_ColNonzeros=0;CPXPARAM_Barrier_Crossover=0;CPXPARAM_Barrier_Limits_Corrections=-1;CPXPARAM_Barrier_Ordering=0;CPXPARAM_Barrier_StartAlg=1;CPXPARAM_Emphasis_MIP=0;CPXPARAM_Emphasis_Memory=0;CPXPARAM_Emphasis_Numerical=0;CPXPARAM_Feasopt_Mode=0;CPXPARAM_LPMethod=0;CPXPARAM_MIP_Cuts_Cliques=2;CPXPARAM_MIP_Cuts_Covers=0;CPXPARAM_MIP_Cuts_Disjunctive=1;CPXPARAM_MIP_Cuts_FlowCovers=0;CPXPARAM_MIP_Cuts_GUBCovers=1;CPXPARAM_MIP_Cuts_Gomory=0;CPXPARAM_MIP_Cuts_Implied=-1;CPXPARAM_MIP_Cuts_MIRCut=1;CPXPARAM_MIP_Cuts_PathCut=1;CPXPARAM_MIP_Limits_AggForCut=3;CPXPARAM_MIP_Limits_CutPasses=0;CPXPARAM_MIP_Limits_CutsFactor=-1;CPXPARAM_MIP_Limits_GomoryCand=400;CPXPARAM_MIP_Limits_GomoryPass=0;CPXPARAM_MIP_Limits_Nodes=9223372036800000000;CPXPARAM_MIP_Limits_ProbeTime=1e+75;CPXPARAM_MIP_Limits_RepairTries=0;CPXPARAM_MIP_Limits_StrongCand=10;CPXPARAM_MIP_Limits_StrongIt=0;CPXPARAM_MIP_OrderType=0;CPXPARAM_MIP_Strategy_BBInterval=7;CPXPARAM_MIP_Strategy_Branch=-1;CPXPARAM_MIP_Strategy_Dive=0;CPXPARAM_MIP_Strategy_File=1;CPXPARAM_MIP_Strategy_HeuristicFreq=0;CPXPARAM_MIP_Strategy_LBHeur=0;CPXPARAM_MIP_Strategy_NodeSelect=0;CPXPARAM_MIP_Strategy_Order=1;CPXPARAM_MIP_Strategy_PresolveNode=0;CPXPARAM_MIP_Strategy_Probe=0;CPXPARAM_MIP_Strategy_RINSHeur=0;CPXPARAM_MIP_Strategy_StartAlgorithm=0;CPXPARAM_MIP_Strategy_SubAlgorithm=0;CPXPARAM_MIP_Strategy_VariableSelect=1;CPXPARAM_Network_NetFind=2;CPXPARAM_Network_Pricing=0;CPXPARAM_Parallel=1;CPXPARAM_Preprocessing_Aggregator=-1;CPXPARAM_Preprocessing_BoundStrength=-1;CPXPARAM_Preprocessing_CoeffReduce=-1;CPXPARAM_Preprocessing_Dependency=-1;CPXPARAM_Preprocessing_Dual=0;CPXPARAM_Preprocessing_Fill=10;CPXPARAM_Preprocessing_NumPass=-1;CPXPARAM_Preprocessing_Presolve=1;CPXPARAM_Preprocessing_QPMakePSD=1;CPXPARAM_Preprocessing_Reduce=3;CPXPARAM_Preprocessing_Relax=-1;CPXPARAM_Preprocessing_RepeatPresolve=-1;CPXPARAM_Preprocessing_Symmetry=-1;CPXPARAM_Read_Scale=0;CPXPARAM_Sifting_Algorithm=0;CPXPARAM_Simplex_Crash=1;CPXPARAM_Simplex_DGradient=0;CPXPARAM_Simplex_Limits_Perturbation=0;CPXPARAM_Simplex_Limits_Singularity=10;CPXPARAM_Simplex_PGradient=0;CPXPARAM_Simplex_Pricing=0;CPXPARAM_Simplex_Refactor=0
2295202738515177951,0,CPXPARAM_Advance=1;CPXPARAM_Barrier_Algorithm=0;CPXPARAM_Barrier_ColNonzeros=0;CPXPARAM_Barrier_Crossover=0;CPXPARAM_Barrier_Limits_Corrections=-1;CPXPARAM_Barrier_Ordering=0;CPXPARAM_Barrier_StartAlg=1;CPXPARAM_Emphasis_MIP=2;CPXPARAM_Emphasis_Memory=0;CPXPARAM_Emphasis_Numerical=0;CPXPARAM_Feasopt_Mode=0;CPXPARAM_LPMethod=0;CPXPARAM_MIP_Cuts_Cliques=1;CPXPARAM_MIP_Cuts_Covers=0;CPXPARAM_MIP_Cuts_Disjunctive=1;CPXPARAM_MIP_Cuts_FlowCovers=2;CPXPARAM_MIP_Cuts_GUBCovers=1;CPXPARAM_MIP_Cuts_Gomory=0;CPXPARAM_MIP_Cuts_Implied=-1;CPXPARAM_MIP_Cuts_MIRCut=-1;CPXPARAM_MIP_Cuts_PathCut=-1;CPXPARAM_MIP_Limits_AggForCut=3;CPXPARAM_MIP_Limits_CutPasses=0;CPXPARAM_MIP_Limits_CutsFactor=-1;CPXPARAM_MIP_Limits_GomoryCand=25;CPXPARAM_MIP_Limits_GomoryPass=0;CPXPARAM_MIP_Limits_Nodes=9223372036800000000;CPXPARAM_MIP_Limits_ProbeTime=1e+75;CPXPARAM_MIP_Limits_RepairTries=0;CPXPARAM_MIP_Limits_StrongCand=10;CPXPARAM_MIP_Limits_StrongIt=0;CPXPARAM_MIP_OrderType=0;CPXPARAM_MIP_Strategy_BBInterval=7;CPXPARAM_MIP_Strategy_Branch=0;CPXPARAM_MIP_Strategy_Dive=0;CPXPARAM_MIP_Strategy_File=1;CPXPARAM_MIP_Strategy_HeuristicFreq=0;CPXPARAM_MIP_Strategy_LBHeur=0;CPXPARAM_MIP_Strategy_NodeSelect=1;CPXPARAM_MIP_Strategy_Order=1;CPXPARAM_MIP_Strategy_PresolveNode=0;CPXPARAM_MIP_Strategy_Probe=0;CPXPARAM_MIP_Strategy_RINSHeur=0;CPXPARAM_MIP_Strategy_StartAlgorithm=0;CPXPARAM_MIP_Strategy_SubAlgorithm=0;CPXPARAM_MIP_Strategy_VariableSelect=0;CPXPARAM_Network_NetFind=2;CPXPARAM_Network_Pricing=0;CPXPARAM_Parallel=1;CPXPARAM_Preprocessing_Aggregator=-1;CPXPARAM_Preprocessing_BoundStrength=-1;CPXPARAM_Preprocessing_CoeffReduce=-1;CPXPARAM_Preprocessing_Dependency=-1;CPXPARAM_Preprocessing_Dual=0;CPXPARAM_Preprocessing_Fill=10;CPXPARAM_Preprocessing_NumPass=-1;CPXPARAM_Preprocessing_Presolve=1;CPXPARAM_Preprocessing_QPMakePSD=1;CPXPARAM_Preprocessing_Reduce=3;CPXPARAM_Preprocessing_Relax=-1;CPXPARAM_Preprocessing_RepeatPresolve=-1;CPXPARAM_Preprocessing_Symmetry=-1;CPXPARAM_Read_Scale=0;CPXPARAM_Sifting_Algorithm=0;CPXPARAM_Simplex_Crash=1;CPXPARAM_Simplex_DGradient=0;CPXPARAM_Simplex_Limits_Perturbation=0;CPXPARAM_Simplex_Limits_Singularity=10;CPXPARAM_Simplex_PGradient=0;CPXPARAM_Simplex_Pricing=0;CPXPARAM_Simplex_Refactor=0
935975859520431025,0,CPXPARAM_Advance=1;CPXPARAM_Barrier_Algorithm=0;CPXPARAM_Barrier_ColNonzeros=0;CPXPARAM_Barrier_Crossover=0;CPXPARAM_Barrier_Limits_Corrections=-1;CPXPARAM_Barrier_Ordering=0;CPXPARAM_Barrier_StartAlg=1;CPXPARAM_Emphasis_MIP=1;CPXPARAM_Emphasis_Memory=0;CPXPARAM_Emphasis_Numerical=0;CPXPARAM_Feasopt_Mode=0;CPXPARAM_LPMethod=0;CPXPARAM_MIP_Cuts_Cliques=0;CPXPARAM_MIP_Cuts_Covers=0;CPXPARAM_MIP_Cuts_Disjunctive=0;CPXPARAM_MIP_Cuts_FlowCovers=0;CPXPARAM_MIP_Cuts_GUBCovers=-1;CPXPARAM_MIP_Cuts_Gomory=0;CPXPARAM_MIP_Cuts_Implied=-1;CPXPARAM_MIP_Cuts_MIRCut=1;CPXPARAM_MIP_Cuts_PathCut=-1;CPXPARAM_MIP_Limits_AggForCut=3;CPXPARAM_MIP_Limits_CutPasses=0;CPXPARAM_MIP_Limits_CutsFactor=-1;CPXPARAM_MIP_Limits_GomoryCand=200;CPXPARAM_MIP_Limits_GomoryPass=0;CPXPARAM_MIP_Limits_Nodes=9223372036800000000;CPXPARAM_MIP_Limits_ProbeTime=1e+75;CPXPARAM_MIP_Limits_RepairTries=0;CPXPARAM_MIP_Limits_StrongCand=10;CPXPARAM_MIP_Limits_StrongIt=0;CPXPARAM_MIP_OrderType=0;CPXPARAM_MIP_Strategy_BBInterval=7;CPXPARAM_MIP_Strategy_Branch=0;CPXPARAM_MIP_Strategy_Dive=0;CPXPARAM_MIP_Strategy_File=1;CPXPARAM_MIP_Strategy_HeuristicFreq=0;CPXPARAM_MIP_Strategy_LBHeur=0;CPXPARAM_MIP_Strategy_NodeSelect=1;CPXPARAM_MIP_Strategy_Order=1;CPXPARAM_MIP_Strategy_PresolveNode=0;CPXPARAM_MIP_Strategy_Probe=0;CPXPARAM_MIP_Strategy_RINSHeur=0;CPXPARAM_MIP_Strategy_StartAlgorithm=0;CPXPARAM_MIP_Strategy_SubAlgorithm=0;CPXPARAM_MIP_Strategy_VariableSelect=0;CPXPARAM_Network_NetFind=2;CPXPARAM_Network_Pricing=0;CPXPARAM_Parallel=1;CPXPARAM_Preprocessing_Aggregator=-1;CPXPARAM_Preprocessing_BoundStrength=-1;CPXPARAM_Preprocessing_CoeffReduce=-1;CPXPARAM_Preprocessing_Dependency=-1;CPXPARAM_Preprocessing_Dual=0;CPXPARAM_Preprocessing_Fill=10;CPXPARAM_Preprocessing_NumPass=-1;CPXPARAM_Preprocessing_Presolve=1;CPXPARAM_Preprocessing_QPMakePSD=1;CPXPARAM_Preprocessing_Reduce=3;CPXPARAM_Preprocessing_Relax=-1;CPXPARAM_Preprocessing_RepeatPresolve=-1;CPXPARAM_Preprocessing_Symmetry=-1;CPXPARAM_Read_Scale=0;CPXPARAM_Sifting_Algorithm=0;CPXPARAM_Simplex_Crash=1;CPXPARAM_Simplex_DGradient=0;CPXPARAM_Simplex_Limits_Perturbation=0;CPXPARAM_Simplex_Limits_Singularity=10;CPXPARAM_Simplex_PGradient=0;CPXPARAM_Simplex_Pricing=0;CPXPARAM_Simplex_Refactor=0
16724193273424489760,0,CPXPARAM_Advance=1;CPXPARAM_Barrier_Algorithm=0;CPXPARAM_Barrier_ColNonzeros=0;CPXPARAM_Barrier_Crossover=0;CPXPARAM_Barrier_Limits_Corrections=-1;CPXPARAM_Barrier_Ordering=0;CPXPARAM_Barrier_StartAlg=1;CPXPARAM_Emphasis_MIP=0;CPXPARAM_Emphasis_Memory=0;CPXPARAM_Emphasis_Numerical=0;CPXPARAM_Feasopt_Mode=0;CPXPARAM_LPMethod=0;CPXPARAM_MIP_Cuts_Cliques=-1;CPXPARAM_MIP_Cuts_Covers=0;CPXPARAM_MIP_Cuts_Disjunctive=1;CPXPARAM_MIP_Cuts_FlowCovers=-1;CPXPARAM_MIP_Cuts_GUBCovers=2;CPXPARAM_MIP_Cuts_Gomory=2;CPXPARAM_MIP_Cuts_Implied=0;CPXPARAM_MIP_Cuts_MIRCut=1;CPXPARAM_MIP_Cuts_PathCut=-1;CPXPARAM_MIP_Limits_AggForCut=3;CPXPARAM_MIP_Limits_CutPasses=0;CPXPARAM_MIP_Limits_CutsFactor=-1;CPXPARAM_MIP_Limits_GomoryCand=25;CPXPARAM_MIP_Limits_GomoryPass=0;CPXPARAM_MIP_Limits_Nodes=9223372036800000000;CPXPARAM_MIP_Limits_ProbeTime=1e+75;CPXPARAM_MIP_Limits_RepairTries=0;CPXPARAM_MIP_Limits_StrongCand=10;CPXPARAM_MIP_Limits_StrongIt=0;CPXPARAM_MIP_OrderType=0;CPXPARAM_MIP_Strategy_BBInterval=7;CPXPARAM_MIP_Strategy_Branch=0;CPXPARAM_MIP_Strategy_Dive=0;CPXPARAM_MIP_Strategy_File=1;CPXPARAM_MIP_Strategy_HeuristicFreq=0;CPXPARAM_MIP_Strategy_LBHeur=0;CPXPARAM_MIP_Strategy_NodeSelect=1;CPXPARAM_MIP_Strategy_Order=1;CPXPARAM_MIP_Strategy_PresolveNode=0;CPXPARAM_MIP_Strategy_Probe=0;CPXPARAM_MIP_Strategy_RINSHeur=0;CPXPARAM_MIP_Strategy_StartAlgorithm=0;CPXPARAM_MIP_Strategy_SubAlgorithm=0;CPXPARAM_MIP_Strategy_VariableSelect=0;CPXPARAM_Network_NetFind=2;CPXPARAM_Network_Pricing=0;CPXPARAM_Parallel=1;CPXPARAM_Preprocessing_Aggregator=-1;CPXPARAM_Preprocessing_BoundStrength=-1;CPXPARAM_Preprocessing_CoeffReduce=-1;CPXPARAM_Preprocessing_Dependency=-1;CPXPARAM_Preprocessing_Dual=0;CPXPARAM_Preprocessing_Fill=10;CPXPARAM_Preprocessing_NumPass=-1;CPXPARAM_Preprocessing_Presolve=1;CPXPARAM_Preprocessing_QPMakePSD=1;CPXPARAM_Preprocessing_Reduce=3;CPXPARAM_Preprocessing_Relax=-1;CPXPARAM_Preprocessing_RepeatPresolve=-1;CPXPARAM_Preprocessing_Symmetry=-1;CPXPARAM_Read_Scale=0;CPXPARAM_Sifting_Algorithm=0;CPXPARAM_Simplex_Crash=1;CPXPARAM_Simplex_DGradient=0;CPXPARAM_Simplex_Limits_Perturbation=0;CPXPARAM_Simplex_Limits_Singularity=10;CPXPARAM_Simplex_PGradient=0;CPXPARAM_Simplex_Pricing=0;CPXPARAM_Simplex_Refactor=0
3367074821517965246,0,CPXPARAM_Advance=1;CPXPARAM_Barrier_Algorithm=0;CPXPARAM_Barrier_ColNonzeros=0;CPXPARAM_Barrier_Crossover=0;CPXPARAM_Barrier_Limits_Corrections=-1;CPXPARAM_Barrier_Ordering=0;CPXPARAM_Barrier_StartAlg=1;CPXPARAM_Emphasis_MIP=0;CPXPARAM_Emphasis_Memory=0;CPXPARAM_Emphasis_Numerical=0;CPXPARAM_Feasopt_Mode=0;CPXPARAM_LPMethod=0;CPXPARAM_MIP_Cuts_Cliques=-1;CPXPARAM_MIP_Cuts_Covers=-1;CPXPARAM_MIP_Cuts_Disjunctive=1;CPXPARAM_MIP_Cuts_FlowCovers=0;CPXPARAM_MIP_Cuts_GUBCovers=0;CPXPARAM_MIP_Cuts_Gomory=-1;CPXPARAM_MIP_Cuts_Implied=2;CPXPARAM_MIP_Cuts_MIRCut=-1;CPXPARAM_MIP_Cuts_PathCut=0;CPXPARAM_MIP_Limits_AggForCut=3;CPXPARAM_MIP_Limits_CutPasses=0;CPXPARAM_MIP_Limits_CutsFactor=-1;CPXPARAM_MIP_Limits_GomoryCand=400;CPXPARAM_MIP_Limits_GomoryPass=0;CPXPARAM_MIP_Limits_Nodes=9223372036800000000;CPXPARAM_MIP_Limits_ProbeTime=1e+75;CPXPARAM_MIP_Limits_RepairTries=0;CPXPARAM_MIP_Limits_StrongCand=10;CPXPARAM_MIP_Limits_StrongIt=0;CPXPARAM_MIP_OrderType=0;CPXPARAM_MIP_Strategy_BBInterval=7;CPXPARAM_MIP_Strategy_Branch=0;CPXPARAM_MIP_Strategy_Dive=0;CPXPARAM_MIP_Strategy_File=1;CPXPARAM_MIP_Strategy_HeuristicFreq=0;CPXPARAM_MIP_Strategy_LBHeur=0;CPXPARAM_MIP_Strategy_NodeSelect=2;CPXPARAM_MIP_Strategy_Order=1;CPXPARAM_MIP_Strategy_PresolveNode=1;CPXPARAM_MIP_Strategy_Probe=2;CPXPARAM_MIP_Strategy_RINSHeur=0;CPXPARAM_MIP_Strategy_StartAlgorithm=0;CPXPARAM_MIP_Strategy_SubAlgorithm=3;CPXPARAM_MIP_Strategy_VariableSelect=1;CPXPARAM_Network_NetFind=2;CPXPARAM_Network_Pricing=0;CPXPARAM_Parallel=1;CPXPARAM_Preprocessing_Aggregator=-1;CPXPARAM_Preprocessing_BoundStrength=-1;CPXPARAM_Preprocessing_CoeffReduce=-1;CPXPARAM_Preprocessing_Dependency=-1;CPXPARAM_Preprocessing_Dual=0;CPXPARAM_Preprocessing_Fill=10;CPXPARAM_Preprocessing_NumPass=-1;CPXPARAM_Preprocessing_Presolve=1;CPXPARAM_Preprocessing_QPMakePSD=1;CPXPARAM_Preprocessing_Reduce=3;CPXPARAM_Preprocessing_Relax=-1;CPXPARAM_Preprocessing_RepeatPresolve=-1;CPXPARAM_Preprocessing_Symmetry=-1;CPXPARAM_Read_Scale=0;CPXPARAM_Sifting_Algorithm=0;CPXPARAM_Simplex_Crash=1;CPXPARAM_Simplex_DGradient=0;CPXPARAM_Simplex_Limits_Perturbation=0;CPXPARAM_Simplex_Limits_Singularity=10;CPXPARAM_Simplex_PGradient=0;CPXPARAM_Simplex_Pricing=0;CPXPARAM_Simplex_Refactor=0
5989508766056218085,0,CPXPARAM_Advance=1;CPXPARAM_Barrier_Algorithm=0;CPXPARAM_Barrier_ColNonzeros=0;CPXPARAM_Barrier_Crossover=0;CPXPARAM_Barrier_Limits_Corrections=-1;CPXPARAM_Barrier_Ordering=0;CPXPARAM_Barrier_StartAlg=1;CPXPARAM_Emphasis_MIP=3;CPXPARAM_Emphasis_Memory=0;CPXPARAM_Emphasis_Numerical=0;CPXPARAM_Feasopt_Mode=0;CPXPARAM_LPMethod=0;CPXPARAM_MIP_Cuts_Cliques=-1;CPXPARAM_MIP_Cuts_Covers=0;CPXPARAM_MIP_Cuts_Disjunctive=1;CPXPARAM_MIP_Cuts_FlowCovers=-1;CPXPARAM_MIP_Cuts_GUBCovers=2;CPXPARAM_MIP_Cuts_Gomory=2;CPXPARAM_MIP_Cuts_Implied=0;CPXPARAM_MIP_Cuts_MIRCut=1;CPXPARAM_MIP_Cuts_PathCut=-1;CPXPARAM_MIP_Limits_AggForCut=3;CPXPARAM_MIP_Limits_CutPasses=0;CPXPARAM_MIP_Limits_CutsFactor=-1;CPXPARAM_MIP_Limits_GomoryCand=100;CPXPARAM_MIP_Limits_GomoryPass=0;CPXPARAM_MIP_Limits_Nodes=9223372036800000000;CPXPARAM_MIP_Limits_ProbeTime=1e+75;CPXPARAM_MIP_Limits_RepairTries=0;CPXPARAM_MIP_Limits_StrongCand=10;CPXPARAM_MIP_Limits_StrongIt=0;CPXPARAM_MIP_OrderType=0;CPXPARAM_MIP_Strategy_BBInterval=7;CPXPARAM_MIP_Strategy_Branch=0;CPXPARAM_MIP_Strategy_Dive=0;CPXPARAM_MIP_Strategy_File=1;CPXPARAM_MIP_Strategy_HeuristicFreq=0;CPXPARAM_MIP_Strategy_LBHeur=0;CPXPARAM_MIP_Strategy_NodeSelect=1;CPXPARAM_MIP_Strategy_Order=1;CPXPARAM_MIP_Strategy_PresolveNode=0;CPXPARAM_MIP_Strategy_Probe=0;CPXPARAM_MIP_Strategy_RINSHeur=0;CPXPARAM_MIP_Strategy_StartAlgorithm=0;CPXPARAM_MIP_Strategy_SubAlgorithm=0;CPXPARAM_MIP_Strategy_VariableSelect=0;CPXPARAM_Network_NetFind=2;CPXPARAM_Network_Pricing=0;CPXPARAM_Parallel=1;CPXPARAM_Preprocessing_Aggregator=-1;CPXPARAM_Preprocessing_BoundStrength=-1;CPXPARAM_Preprocessing_CoeffReduce=-1;CPXPARAM_Preprocessing_Dependency=-1;CPXPARAM_Preprocessing_Dual=0;CPXPARAM_Preprocessing_Fill=10;CPXPARAM_Preprocessing_NumPass=-1;CPXPARAM_Preprocessing_Presolve=1;CPXPARAM_Preprocessing_QPMakePSD=1;CPXPARAM_Preprocessing_Reduce=3;CPXPARAM_Preprocessing_Relax=-1;CPXPARAM_Preprocessing_RepeatPresolve=-1;CPXPARAM_Preprocessing_Symmetry=-1;CPXPARAM_Read_Scale=0;CPXPARAM_Sifting_Algorithm=0;CPXPARAM_Simplex_Crash=1;CPXPARAM_Simplex_DGradient=0;CPXPARAM_Simplex_Limits_Perturbation=0;CPXPARAM_Simplex_Limits_Singularity=10;CPXPARAM_Simplex_PGradient=0;CPXPARAM_Simplex_Pricing=0;CPXPARAM_Simplex_Refactor=0
3954981875972166742,0,CPXPARAM_Advance=1;CPXPARAM_Barrier_Algorithm=0;CPXPARAM_Barrier_ColNonzeros=0;CPXPARAM_Barrier_Crossover=0;CPXPARAM_Barrier_Limits_Corrections=-1;CPXPARAM_Barrier_Ordering=0;CPXPARAM_Barrier_StartAlg=1;CPXPARAM_Emphasis_MIP=5;CPXPARAM_Emphasis_Memory=0;CPXPARAM_Emphasis_Numerical=0;CPXPARAM_Feasopt_Mode=0;CPXPARAM_LPMethod=0;CPXPARAM_MIP_Cuts_Cliques=0;CPXPARAM_MIP_Cuts_Covers=0;CPXPARAM_MIP_Cuts_Disjunctive=1;CPXPARAM_MIP_Cuts_FlowCovers=1;CPXPARAM_MIP_Cuts_GUBCovers=2;CPXPARAM_MIP_Cuts_Gomory=0;CPXPARAM_MIP_Cuts_Implied=-1;CPXPARAM_MIP_Cuts_MIRCut=1;CPXPARAM_MIP_Cuts_PathCut=-1;CPXPARAM_MIP_Limits_AggForCut=3;CPXPARAM_MIP_Limits_CutPasses=0;CPXPARAM_MIP_Limits_CutsFactor=-1;CPXPARAM_MIP_Limits_GomoryCand=150;CPXPARAM_MIP_Limits_GomoryPass=0;CPXPARAM_MIP_Limits_Nodes=9223372036800000000;CPXPARAM_MIP_Limits_ProbeTime=1e+75;CPXPARAM_MIP_Limits_RepairTries=0;CPXPARAM_MIP_Limits_StrongCand=10;CPXPARAM_MIP_Limits_StrongIt=0;CPXPARAM_MIP_OrderType=0;CPXPARAM_MIP_Strategy_BBInterval=7;CPXPARAM_MIP_Strategy_Branch=0;CPXPARAM_MIP_Strategy_Dive=0;CPXPARAM_MIP_Strategy_File=1;CPXPARAM_MIP_Strategy_HeuristicFreq=0;CPXPARAM_MIP_Strategy_LBHeur=0;CPXPARAM_MIP_Strategy_NodeSelect=1;CPXPARAM_MIP_Strategy_Order=1;CPXPARAM_MIP_Strategy_PresolveNode=0;CPXPARAM_MIP_Strategy_Probe=0;CPXPARAM_MIP_Strategy_RINSHeur=0;CPXPARAM_MIP_Strategy_StartAlgorithm=0;CPXPARAM_MIP_Strategy_SubAlgorithm=0;CPXPARAM_MIP_Strategy_VariableSelect=0;CPXPARAM_Network_NetFind=2;CPXPARAM_Network_Pricing=0;CPXPARAM_Parallel=1;CPXPARAM_Preprocessing_Aggregator=-1;CPXPARAM_Preprocessing_BoundStrength=-1;CPXPARAM_Preprocessing_CoeffReduce=-1;CPXPARAM_Preprocessing_Dependency=-1;CPXPARAM_Preprocessing_Dual=0;CPXPARAM_Preprocessing_Fill=10;CPXPARAM_Preprocessing_NumPass=-1;CPXPARAM_Preprocessing_Presolve=1;CPXPARAM_Preprocessing_QPMakePSD=1;CPXPARAM_Preprocessing_Reduce=3;CPXPARAM_Preprocessing_Relax=-1;CPXPARAM_Preprocessing_RepeatPresolve=-1;CPXPARAM_Preprocessing_Symmetry=-1;CPXPARAM_Read_Scale=0;CPXPARAM_Sifting_Algorithm=0;CPXPARAM_Simplex_Crash=1;CPXPARAM_Simplex_DGradient=0;CPXPARAM_Simplex_Limits_Perturbation=0;CPXPARAM_Simplex_Limits_Singularity=10;CPXPARAM_Simplex_PGradient=0;CPXPARAM_Simplex_Pricing=0;CPXPARAM_Simplex_Refactor=0
5635532489656704661,0,CPXPARAM_Advance=1;CPXPARAM_Barrier_Algorithm=0;CPXPARAM_Barrier_ColNonzeros=0;CPXPARAM_Barrier_Crossover=0;CPXPARAM_Barrier_Limits_Corrections=-1;CPXPARAM_Barrier_Ordering=0;CPXPARAM_Barrier_StartAlg=1;CPXPARAM_Emphasis_MIP=5;CPXPARAM_Emphasis_Memory=0;CPXPARAM_Emphasis_Numerical=0;CPXPARAM_Feasopt_Mode=0;CPXPARAM_LPMethod=0;CPXPARAM_MIP_Cuts_Cliques=1;CPXPARAM_MIP_Cuts_Covers=1;CPXPARAM_MIP_Cuts_Disjunctive=-1;CPXPARAM_MIP_Cuts_FlowCovers=-1;CPXPARAM_MIP_Cuts_GUBCovers=0;CPXPARAM_MIP_Cuts_Gomory=0;CPXPARAM_MIP_Cuts_Implied=-1;CPXPARAM_MIP_Cuts_MIRCut=1;CPXPARAM_MIP_Cuts_PathCut=2;CPXPARAM_MIP_Limits_AggForCut=5;CPXPARAM_MIP_Limits_CutPasses=0;CPXPARAM_MIP_Limits_CutsFactor=-1;CPXPARAM_MIP_Limits_GomoryCand=800;CPXPARAM_MIP_Limits_GomoryPass=0;CPXPARAM_MIP_Limits_Nodes=9223372036800000000;CPXPARAM_MIP_Limits_ProbeTime=1e+75;CPXPARAM_MIP_Limits_RepairTries=0;CPXPARAM_MIP_Limits_StrongCand=10;CPXPARAM_MIP_Limits_StrongIt=0;CPXPARAM_MIP_OrderType=0;CPXPARAM_MIP_Strategy_BBInterval=7;CPXPARAM_MIP_Strategy_Branch=0;CPXPARAM_MIP_Strategy_Dive=0;CPXPARAM_MIP_Strategy_File=1;CPXPARAM_MIP_Strategy_HeuristicFreq=0;CPXPARAM_MIP_Strategy_LBHeur=0;CPXPARAM_MIP_Strategy_NodeSelect=2;CPXPARAM_MIP_Strategy_Order=1;CPXPARAM_MIP_Strategy_PresolveNode=1;CPXPARAM_MIP_Strategy_Probe=3;CPXPARAM_MIP_Strategy_RINSHeur=0;CPXPARAM_MIP_Strategy_StartAlgorithm=0;CPXPARAM_MIP_Strategy_SubAlgorithm=0;CPXPARAM_MIP_Strategy_VariableSelect=-1;CPXPARAM_Network_NetFind=2;CPXPARAM_Network_Pricing=0;CPXPARAM_Parallel=1;CPXPARAM_Preprocessing_Aggregator=-1;CPXPARAM_Preprocessing_BoundStrength=-1;CPXPARAM_Preprocessing_CoeffReduce=-1;CPXPARAM_Preprocessing_Dependency=-1;CPXPARAM_Preprocessing_Dual=0;CPXPARAM_Preprocessing_Fill=5;CPXPARAM_Preprocessing_NumPass=-1;CPXPARAM_Preprocessing_Presolve=1;CPXPARAM_Preprocessing_QPMakePSD=1;CPXPARAM_Preprocessing_Reduce=3;CPXPARAM_Preprocessing_Relax=-1;CPXPARAM_Preprocessing_RepeatPresolve=-1;CPXPARAM_Preprocessing_Symmetry=-1;CPXPARAM_Read_Scale=0;CPXPARAM_Sifting_Algorithm=0;CPXPARAM_Simplex_Crash=1;CPXPARAM_Simplex_DGradient=0;CPXPARAM_Simplex_Limits_Perturbation=0;CPXPARAM_Simplex_Limits_Singularity=10;CPXPARAM_Simplex_PGradient=0;CPXPARAM_Simplex_Pricing=0;CPXPARAM_Simplex_Refactor=0
5953335287510788012,0,CPXPARAM_Advance=1;CPXPARAM_Barrier_Algorithm=0;CPXPARAM_Barrier_ColNonzeros=0;CPXPARAM_Barrier_Crossover=0;CPXPARAM_Barrier_Limits_Corrections=-1;CPXPARAM_Barrier_Ordering=0;CPXPARAM_Barrier_StartAlg=1;CPXPARAM_Emphasis_MIP=0;CPXPARAM_Emphasis_Memory=0;CPXPARAM_Emphasis_Numerical=0;CPXPARAM_Feasopt_Mode=0;CPXPARAM_LPMethod=0;CPXPARAM_MIP_Cuts_Cliques=3;CPXPARAM_MIP_Cuts_Covers=-1;CPXPARAM_MIP_Cuts_Disjunctive=1;CPXPARAM_MIP_Cuts_FlowCovers=2;CPXPARAM_MIP_Cuts_GUBCovers=-1;CPXPARAM_MIP_Cuts_Gomory=0;CPXPARAM_MIP_Cuts_Implied=-1;CPXPARAM_MIP_Cuts_MIRCut=2;CPXPARAM_MIP_Cuts_PathCut=-1;CPXPARAM_MIP_Limits_AggForCut=3;CPXPARAM_MIP_Limits_CutPasses=0;CPXPARAM_MIP_Limits_CutsFactor=-1;CPXPARAM_MIP_Limits_GomoryCand=50;CPXPARAM_MIP_Limits_GomoryPass=0;CPXPARAM_MIP_Limits_Nodes=9223372036800000000;CPXPARAM_MIP_Limits_ProbeTime=1e+75;CPXPARAM_MIP_Limits_RepairTries=0;CPXPARAM_MIP_Limits_StrongCand=10;CPXPARAM_MIP_Limits_StrongIt=0;CPXPARAM_MIP_OrderType=0;CPXPARAM_MIP_Strategy_BBInterval=7;CPXPARAM_MIP_Strategy_Branch=0;CPXPARAM_MIP_Strategy_Dive=0;CPXPARAM_MIP_Strategy_File=1;CPXPARAM_MIP_Strategy_HeuristicFreq=0;CPXPARAM_MIP_Strategy_LBHeur=0;CPXPARAM_MIP_Strategy_NodeSelect=1;CPXPARAM_MIP_Strategy_Order=1;CPXPARAM_MIP_Strategy_PresolveNode=0;CPXPARAM_MIP_Strategy_Probe=-1;CPXPARAM_MIP_Strategy_RINSHeur=0;CPXPARAM_MIP_Strategy_StartAlgorithm=0;CPXPARAM_MIP_Strategy_SubAlgorithm=0;CPXPARAM_MIP_Strategy_VariableSelect=0;CPXPARAM_Network_NetFind=2;CPXPARAM_Network_Pricing=0;CPXPARAM_Parallel=1;CPXPARAM_Preprocessing_Aggregator=-1;CPXPARAM_Preprocessing_BoundStrength=-1;CPXPARAM_Preprocessing_CoeffReduce=-1;CPXPARAM_Preprocessing_Dependency=-1;CPXPARAM_Preprocessing_Dual=0;CPXPARAM_Preprocessing_Fill=10;CPXPARAM_Preprocessing_NumPass=-1;CPXPARAM_Preprocessing_Presolve=1;CPXPARAM_Preprocessing_QPMakePSD=1;CPXPARAM_Preprocessing_Reduce=3;CPXPARAM_Preprocessing_Relax=-1;CPXPARAM_Preprocessing_RepeatPresolve=-1;CPXPARAM_Preprocessing_Symmetry=-1;CPXPARAM_Read_Scale=0;CPXPARAM_Sifting_Algorithm=0;CPXPARAM_Simplex_Crash=1;CPXPARAM_Simplex_DGradient=0;CPXPARAM_Simplex_Limits_Perturbation=0;CPXPARAM_Simplex_Limits_Singularity=10;CPXPARAM_Simplex_PGradient=0;CPXPARAM_Simplex_Pricing=0;CPXPARAM_Simplex_Refactor=0
210487511610488456,0,CPXPARAM_Advance=1;CPXPARAM_Barrier_Algorithm=0;CPXPARAM_Barrier_ColNonzeros=0;CPXPARAM_Barrier_Crossover=0;CPXPARAM_Barrier_Limits_Corrections=-1;CPXPARAM_Barrier_Ordering=0;CPXPARAM_Barrier_StartAlg=1;CPXPARAM_Emphasis_MIP=1;CPXPARAM_Emphasis_Memory=0;CPXPARAM_Emphasis_Numerical=0;CPXPARAM_Feasopt_Mode=0;CPXPARAM_LPMethod=0;CPXPARAM_MIP_Cuts_Cliques=1;CPXPARAM_MIP_Cuts_Covers=0;CPXPARAM_MIP_Cuts_Disjunctive=1;CPXPARAM_MIP_Cuts_FlowCovers=0;CPXPARAM_MIP_Cuts_GUBCovers=1;CPXPARAM_MIP_Cuts_Gomory=2;CPXPARAM_MIP_Cuts_Implied=-1;CPXPARAM_MIP_Cuts_MIRCut=-1;CPXPARAM_MIP_Cuts_PathCut=1;CPXPARAM_MIP_Limits_AggForCut=0;CPXPARAM_MIP_Limits_CutPasses=0;CPXPARAM_MIP_Limits_CutsFactor=-1;CPXPARAM_MIP_Limits_GomoryCand=800;CPXPARAM_MIP_Limits_GomoryPass=0;CPXPARAM_MIP_Limits_Nodes=9223372036800000000;CPXPARAM_MIP_Limits_ProbeTime=1e+75;CPXPARAM_MIP_Limits_RepairTries=0;CPXPARAM_MIP_Limits_StrongCand=10;CPXPARAM_MIP_Limits_StrongIt=0;CPXPARAM_MIP_OrderType=3;CPXPARAM_MIP_Strategy_BBInterval=7;CPXPARAM_MIP_Strategy_Branch=1;CPXPARAM_MIP_Strategy_Dive=0;CPXPARAM_MIP_Strategy_File=1;CPXPARAM_MIP_Strategy_HeuristicFreq=0;CPXPARAM_MIP_Strategy_LBHeur=0;CPXPARAM_MIP_Strategy_NodeSelect=3;CPXPARAM_MIP_Strategy_Order=1;CPXPARAM_MIP_Strategy_PresolveNode=0;CPXPARAM_MIP_Strategy_Probe=2;CPXPARAM_MIP_Strategy_RINSHeur=0;CPXPARAM_MIP_Strategy_StartAlgorithm=0;CPXPARAM_MIP_Strategy_SubAlgorithm=0;CPXPARAM_MIP_Strategy_VariableSelect=1;CPXPARAM_Network_NetFind=2;CPXPARAM_Network_Pricing=0;CPXPARAM_Parallel=1;CPXPARAM_Preprocessing_Aggregator=-1;CPXPARAM_Preprocessing_BoundStrength=-1;CPXPARAM_Preprocessing_CoeffReduce=-1;CPXPARAM_Preprocessing_Dependency=-1;CPXPARAM_Preprocessing_Dual=0;CPXPARAM_Preprocessing_Fill=10;CPXPARAM_Preprocessing_NumPass=-1;CPXPARAM_Preprocessing_Presolve=1;CPXPARAM_Preprocessing_QPMakePSD=1;CPXPARAM_Preprocessing_Reduce=3;CPXPARAM_Preprocessing_Relax=-1;CPXPARAM_Preprocessing_RepeatPresolve=-1;CPXPARAM_Preprocessing_Symmetry=-1;CPXPARAM_Read_Scale=0;CPXPARAM_Sifting_Algorithm=0;CPXPARAM_Simplex_Crash=1;CPXPARAM_Simplex_DGradient=0;CPXPARAM_Simplex_Limits_Perturbation=0;CPXPARAM_Simplex_Limits_Singularity=10;CPXPARAM_Simplex_PGradient=0;CPXPARAM_Simplex_Pricing=0;CPXPARAM_Simplex_Refactor=0
5231616309650976906,0,CPXPARAM_Advance=1;CPXPARAM_Barrier_Algorithm=0;CPXPARAM_Barrier_ColNonzeros=0;CPXPARAM_Barrier_Crossover=0;CPXPARAM_Barrier_Limits_Corrections=-1;CPXPARAM_Barrier_Ordering=0;CPXPARAM_Barrier_StartAlg=1;CPXPARAM_Emphasis_MIP=2;CPXPARAM_Emphasis_Memory=0;CPXPARAM_Emphasis_Numerical=0;CPXPARAM_Feasopt_Mode=0;CPXPARAM_LPMethod=0;CPXPARAM_MIP_Cuts_Cliques=-1;CPXPARAM_MIP_Cuts_Covers=2;CPXPARAM_MIP_Cuts_Disjunctive=1;CPXPARAM_MIP_Cuts_FlowCovers=2;CPXPARAM_MIP_Cuts_GUBCovers=1;CPXPARAM_MIP_Cuts_Gomory=0;CPXPARAM_MIP_Cuts_Implied=-1;CPXPARAM_MIP_Cuts_MIRCut=-1;CPXPARAM_MIP_Cuts_PathCut=-1;CPXPARAM_MIP_Limits_AggForCut=3;CPXPARAM_MIP_Limits_CutPasses=0;CPXPARAM_MIP_Limits_CutsFactor=-1;CPXPARAM_MIP_Limits_GomoryCand=400;CPXPARAM_MIP_Limits_GomoryPass=0;CPXPARAM_MIP_Limits_Nodes=9223372036800000000;CPXPARAM_MIP_Limits_ProbeTime=1e+75;CPXPARAM_MIP_Limits_RepairTries=0;CPXPARAM_MIP_Limits_StrongCand=10;CPXPARAM_MIP_Limits_StrongIt=0;CPXPARAM_MIP_OrderType=0;CPXPARAM_MIP_Strategy_BBInterval=7;CPXPARAM_MIP_Strategy_Branch=0;CPXPARAM_MIP_Strategy_Dive=0;CPXPARAM_MIP_Strategy_File=1;CPXPARAM_MIP_Strategy_HeuristicFreq=0;CPXPARAM_MIP_Strategy_LBHeur=0;CPXPARAM_MIP_Strategy_NodeSelect=1;CPXPARAM_MIP_Strategy_Order=1;CPXPARAM_MIP_Strategy_PresolveNode=0;CPXPARAM_MIP_Strategy_Probe=0;CPXPARAM_MIP_Strategy_RINSHeur=0;CPXPARAM_MIP_Strategy_StartAlgorithm=0;CPXPARAM_MIP_Strategy_SubAlgorithm=0;CPXPARAM_MIP_Strategy_VariableSelect=0;CPXPARAM_Network_NetFind=2;CPXPARAM_Network_Pricing=0;CPXPARAM_Parallel=1;CPXPARAM_Preprocessing_Aggregator=-1;CPXPARAM_Preprocessing_BoundStrength=-1;CPXPARAM_Preprocessing_CoeffReduce=-1;CPXPARAM_Preprocessing_Dependency=-1;CPXPARAM_Preprocessing_Dual=0;CPXPARAM_Preprocessing_Fill=10;CPXPARAM_Preprocessing_NumPass=-1;CPXPARAM_Preprocessing_Presolve=1;CPXPARAM_Preprocessing_QPMakePSD=1;CPXPARAM_Preprocessing_Reduce=3;CPXPARAM_Preprocessing_Relax=-1;CPXPARAM_Preprocessing_RepeatPresolve=-1;CPXPARAM_Preprocessing_Symmetry=-1;CPXPARAM_Read_Scale=0;CPXPARAM_Sifting_Algorithm=0;CPXPARAM_Simplex_Crash=1;CPXPARAM_Simplex_DGradient=0;CPXPARAM_Simplex_Limits_Perturbation=0;CPXPARAM_Simplex_Limits_Singularity=10;CPXPARAM_Simplex_PGradient=2;CPXPARAM_Simplex_Pricing=0;CPXPARAM_Simplex_Refactor=0
6705391242125017116,0,CPXPARAM_Advance=1;CPXPARAM_Barrier_Algorithm=0;CPXPARAM_Barrier_ColNonzeros=0;CPXPARAM_Barrier_Crossover=0;CPXPARAM_Barrier_Limits_Corrections=-1;CPXPARAM_Barrier_Ordering=0;CPXPARAM_Barrier_StartAlg=1;CPXPARAM_Emphasis_MIP=5;CPXPARAM_Emphasis_Memory=0;CPXPARAM_Emphasis_Numerical=0;CPXPARAM_Feasopt_Mode=0;CPXPARAM_LPMethod=0;CPXPARAM_MIP_Cuts_Cliques=2;CPXPARAM_MIP_Cuts_Covers=-1;CPXPARAM_MIP_Cuts_Disjunctive=0;CPXPARAM_MIP_Cuts_FlowCovers=-1;CPXPARAM_MIP_Cuts_GUBCovers=-1;CPXPARAM_MIP_Cuts_Gomory=-1;CPXPARAM_MIP_Cuts_Implied=-1;CPXPARAM_MIP_Cuts_MIRCut=2;CPXPARAM_MIP_Cuts_PathCut=2;CPXPARAM_MIP_Limits_AggForCut=3;CPXPARAM_MIP_Limits_CutPasses=0;CPXPARAM_MIP_Limits_CutsFactor=-1;CPXPARAM_MIP_Limits_GomoryCand=50;CPXPARAM_MIP_Limits_GomoryPass=0;CPXPARAM_MIP_Limits_Nodes=9223372036800000000;CPXPARAM_MIP_Limits_ProbeTime=1e+75;CPXPARAM_MIP_Limits_RepairTries=0;CPXPARAM_MIP_Limits_StrongCand=10;CPXPARAM_MIP_Limits_StrongIt=0;CPXPARAM_MIP_OrderType=0;CPXPARAM_MIP_Strategy_BBInterval=7;CPXPARAM_MIP_Strategy_Branch=0;CPXPARAM_MIP_Strategy_Dive=0;CPXPARAM_MIP_Strategy_File=1;CPXPARAM_MIP_Strategy_HeuristicFreq=0;CPXPARAM_MIP_Strategy_LBHeur=0;CPXPARAM_MIP_Strategy_NodeSelect=1;CPXPARAM_MIP_Strategy_Order=1;CPXPARAM_MIP_Strategy_PresolveNode=2;CPXPARAM_MIP_Strategy_Probe=0;CPXPARAM_MIP_Strategy_RINSHeur=0;CPXPARAM_MIP_Strategy_StartAlgorithm=0;CPXPARAM_MIP_Strategy_SubAlgorithm=0;CPXPARAM_MIP_Strategy_VariableSelect=1;CPXPARAM_Network_NetFind=2;CPXPARAM_Network_Pricing=0;CPXPARAM_Parallel=1;CPXPARAM_Preprocessing_Aggregator=-1;CPXPARAM_Preprocessing_BoundStrength=-1;CPXPARAM_Preprocessing_CoeffReduce=-1;CPXPARAM_Preprocessing_Dependency=-1;CPXPARAM_Preprocessing_Dual=0;CPXPARAM_Preprocessing_Fill=10;CPXPARAM_Preprocessing_NumPass=-1;CPXPARAM_Preprocessing_Presolve=1;CPXPARAM_Preprocessing_QPMakePSD=1;CPXPARAM_Preprocessing_Reduce=3;CPXPARAM_Preprocessing_Relax=-1;CPXPARAM_Preprocessing_RepeatPresolve=-1;CPXPARAM_Preprocessing_Symmetry=-1;CPXPARAM_Read_Scale=0;CPXPARAM_Sifting_Algorithm=0;CPXPARAM_Simplex_Crash=1;CPXPARAM_Simplex_DGradient=0;CPXPARAM_Simplex_Limits_Perturbation=0;CPXPARAM_Simplex_Limits_Singularity=10;CPXPARAM_Simplex_PGradient=0;CPXPARAM_Simplex_Pricing=0;CPXPARAM_Simplex_Refactor=0
120115847189779276,0,CPXPARAM_Advance=1;CPXPARAM_Barrier_Algorithm=0;CPXPARAM_Barrier_ColNonzeros=0;CPXPARAM_Barrier_Crossover=0;CPXPARAM_Barrier_Limits_Corrections=-1;CPXPARAM_Barrier_Ordering=0;CPXPARAM_Barrier_StartAlg=1;CPXPARAM_Emphasis_MIP=0;CPXPARAM_Emphasis_Memory=0;CPXPARAM_Emphasis_Numerical=0;CPXPARAM_Feasopt_Mode=0;CPXPARAM_LPMethod=0;CPXPARAM_MIP_Cuts_Cliques=3;CPXPARAM_MIP_Cuts_Covers=0;CPXPARAM_MIP_Cuts_Disjunctive=0;CPXPARAM_MIP_Cuts_FlowCovers=2;CPXPARAM_MIP_Cuts_GUBCovers=2;CPXPARAM_MIP_Cuts_Gomory=0;CPXPARAM_MIP_Cuts_Implied=-1;CPXPARAM_MIP_Cuts_MIRCut=1;CPXPARAM_MIP_Cuts_PathCut=1;CPXPARAM_MIP_Limits_AggForCut=0;CPXPARAM_MIP_Limits_CutPasses=0;CPXPARAM_MIP_Limits_CutsFactor=-1;CPXPARAM_MIP_Limits_GomoryCand=400;CPXPARAM_MIP_Limits_GomoryPass=0;CPXPARAM_MIP_Limits_Nodes=9223372036800000000;CPXPARAM_MIP_Limits_ProbeTime=1e+75;CPXPARAM_MIP_Limits_RepairTries=0;CPXPARAM_MIP_Limits_StrongCand=10;CPXPARAM_MIP_Limits_StrongIt=0;CPXPARAM_MIP_OrderType=0;CPXPARAM_MIP_Strategy_BBInterval=7;CPXPARAM_MIP_Strategy_Branch=-1;CPXPARAM_MIP_Strategy_Dive=0;CPXPARAM_MIP_Strategy_File=1;CPXPARAM_MIP_Strategy_HeuristicFreq=0;CPXPARAM_MIP_Strategy_LBHeur=0;CPXPARAM_MIP_Strategy_NodeSelect=3;CPXPARAM_MIP_Strategy_Order=1;CPXPARAM_MIP_Strategy_PresolveNode=1;CPXPARAM_MIP_Strategy_Probe=2;CPXPARAM_MIP_Strategy_RINSHeur=0;CPXPARAM_MIP_Strategy_StartAlgorithm=0;CPXPARAM_MIP_Strategy_SubAlgorithm=0;CPXPARAM_MIP_Strategy_VariableSelect=4;CPXPARAM_Network_NetFind=2;CPXPARAM_Network_Pricing=0;CPXPARAM_Parallel=1;CPXPARAM_Preprocessing_Aggregator=-1;CPXPARAM_Preprocessing_BoundStrength=-1;CPXPARAM_Preprocessing_CoeffReduce=-1;CPXPARAM_Preprocessing_Dependency=-1;CPXPARAM_Preprocessing_Dual=0;CPXPARAM_Preprocessing_Fill=5;CPXPARAM_Preprocessing_NumPass=-1;CPXPARAM_Preprocessing_Presolve=1;CPXPARAM_Preprocessing_QPMakePSD=1;CPXPARAM_Preprocessing_Reduce=3;CPXPARAM_Preprocessing_Relax=-1;CPXPARAM_Preprocessing_RepeatPresolve=-1;CPXPARAM_Preprocessing_Symmetry=-1;CPXPARAM_Read_Scale=0;CPXPARAM_Sifting_Algorithm=0;CPXPARAM_Simplex_Crash=1;CPXPARAM_Simplex_DGradient=0;CPXPARAM_Simplex_Limits_Perturbation=0;CPXPARAM_Simplex_Limits_Singularity=10;CPXPARAM_Simplex_PGradient=0;CPXPARAM_Simplex_Pricing=0;CPXPARAM_Simplex_Refactor=0
1652783774043345899,0,CPXPARAM_Advance=1;CPXPARAM_Barrier_Algorithm=0;CPXPARAM_Barrier_ColNonzeros=0;CPXPARAM_Barrier_Crossover=0;CPXPARAM_Barrier_Limits_Corrections=-1;CPXPARAM_Barrier_Ordering=0;CPXPARAM_Barrier_StartAlg=1;CPXPARAM_Emphasis_MIP=2;CPXPARAM_Emphasis_Memory=0;CPXPARAM_Emphasis_Numerical=0;CPXPARAM_Feasopt_Mode=0;CPXPARAM_LPMethod=0;CPXPARAM_MIP_Cuts_Cliques=-1;CPXPARAM_MIP_Cuts_Covers=2;CPXPARAM_MIP_Cuts_Disjunctive=1;CPXPARAM_MIP_Cuts_FlowCovers=2;CPXPARAM_MIP_Cuts_GUBCovers=1;CPXPARAM_MIP_Cuts_Gomory=0;CPXPARAM_MIP_Cuts_Implied=-1;CPXPARAM_MIP_Cuts_MIRCut=-1;CPXPARAM_MIP_Cuts_PathCut=-1;CPXPARAM_MIP_Limits_AggForCut=3;CPXPARAM_MIP_Limits_CutPasses=0;CPXPARAM_MIP_Limits_CutsFactor=-1;CPXPARAM_MIP_Limits_GomoryCand=400;CPXPARAM_MIP_Limits_GomoryPass=0;CPXPARAM_MIP_Limits_Nodes=9223372036800000000;CPXPARAM_MIP_Limits_ProbeTime=1e+75;CPXPARAM_MIP_Limits_RepairTries=0;CPXPARAM_MIP_Limits_StrongCand=10;CPXPARAM_MIP_Limits_StrongIt=0;CPXPARAM_MIP_OrderType=2;CPXPARAM_MIP_Strategy_BBInterval=7;CPXPARAM_MIP_Strategy_Branch=0;CPXPARAM_MIP_Strategy_Dive=0;CPXPARAM_MIP_Strategy_File=1;CPXPARAM_MIP_Strategy_HeuristicFreq=0;CPXPARAM_MIP_Strategy_LBHeur=0;CPXPARAM_MIP_Strategy_NodeSelect=1;CPXPARAM_MIP_Strategy_Order=1;CPXPARAM_MIP_Strategy_PresolveNode=0;CPXPARAM_MIP_Strategy_Probe=0;CPXPARAM_MIP_Strategy_RINSHeur=0;CPXPARAM_MIP_Strategy_StartAlgorithm=0;CPXPARAM_MIP_Strategy_SubAlgorithm=0;CPXPARAM_MIP_Strategy_VariableSelect=0;CPXPARAM_Network_NetFind=2;CPXPARAM_Network_Pricing=0;CPXPARAM_Parallel=1;CPXPARAM_Preprocessing_Aggregator=-1;CPXPARAM_Preprocessing_BoundStrength=-1;CPXPARAM_Preprocessing_CoeffReduce=-1;CPXPARAM_Preprocessing_Dependency=-1;CPXPARAM_Preprocessing_Dual=0;CPXPARAM_Preprocessing_Fill=10;CPXPARAM_Preprocessing_NumPass=-1;CPXPARAM_Preprocessing_Presolve=1;CPXPARAM_Preprocessing_QPMakePSD=1;CPXPARAM_Preprocessing_Reduce=3;CPXPARAM_Preprocessing_Relax=-1;CPXPARAM_Preprocessing_RepeatPresolve=-1;CPXPARAM_Preprocessing_Symmetry=-1;CPXPARAM_Read_Scale=0;CPXPARAM_Sifting_Algorithm=0;CPXPARAM_Simplex_Crash=1;CPXPARAM_Simplex_DGradient=0;CPXPARAM_Simplex_Limits_Perturbation=0;CPXPARAM_Simplex_Limits_Singularity=10;CPXPARAM_Simplex_PGradient=0;CPXPARAM_Simplex_Pricing=0;CPXPARAM_Simplex_Refactor=0
3042446041657089870,0,CPXPARAM_Advance=1;CPXPARAM_Barrier_Algorithm=0;CPXPARAM_Barrier_ColNonzeros=0;CPXPARAM_Barrier_Crossover=0;CPXPARAM_Barrier_Limits_Corrections=-1;CPXPARAM_Barrier_Ordering=0;CPXPARAM_Barrier_StartAlg=1;CPXPARAM_Emphasis_MIP=2;CPXPARAM_Emphasis_Memory=0;CPXPARAM_Emphasis_Numerical=0;CPXPARAM_Feasopt_Mode=0;CPXPARAM_LPMethod=0;CPXPARAM_MIP_Cuts_Cliques=-1;CPXPARAM_MIP_Cuts_Covers=0;CPXPARAM_MIP_Cuts_Disjunctive=1;CPXPARAM_MIP_Cuts_FlowCovers=2;CPXPARAM_MIP_Cuts_GUBCovers=2;CPXPARAM_MIP_Cuts_Gomory=0;CPXPARAM_MIP_Cuts_Implied=-1;CPXPARAM_MIP_Cuts_MIRCut=-1;CPXPARAM_MIP_Cuts_PathCut=-1;CPXPARAM_MIP_Limits_AggForCut=3;CPXPARAM_MIP_Limits_CutPasses=0;CPXPARAM_MIP_Limits_CutsFactor=-1;CPXPARAM_MIP_Limits_GomoryCand=400;CPXPARAM_MIP_Limits_GomoryPass=0;CPXPARAM_MIP_Limits_Nodes=9223372036800000000;CPXPARAM_MIP_Limits_ProbeTime=1e+75;CPXPARAM_MIP_Limits_RepairTries=0;CPXPARAM_MIP_Limits_StrongCand=10;CPXPARAM_MIP_Limits_StrongIt=0;CPXPARAM_MIP_OrderType=0;CPXPARAM_MIP_Strategy_BBInterval=7;CPXPARAM_MIP_Strategy_Branch=0;CPXPARAM_MIP_Strategy_Dive=0;CPXPARAM_MIP_Strategy_File=1;CPXPARAM_MIP_Strategy_HeuristicFreq=0;CPXPARAM_MIP_Strategy_LBHeur=0;CPXPARAM_MIP_Strategy_NodeSelect=1;CPXPARAM_MIP_Strategy_Order=1;CPXPARAM_MIP_Strategy_PresolveNode=0;CPXPARAM_MIP_Strategy_Probe=0;CPXPARAM_MIP_Strategy_RINSHeur=0;CPXPARAM_MIP_Strategy_StartAlgorithm=0;CPXPARAM_MIP_Strategy_SubAlgorithm=0;CPXPARAM_MIP_Strategy_VariableSelect=0;CPXPARAM_Network_NetFind=2;CPXPARAM_Network_Pricing=0;CPXPARAM_Parallel=1;CPXPARAM_Preprocessing_Aggregator=-1;CPXPARAM_Preprocessing_BoundStrength=-1;CPXPARAM_Preprocessing_CoeffReduce=-1;CPXPARAM_Preprocessing_Dependency=-1;CPXPARAM_Preprocessing_Dual=0;CPXPARAM_Preprocessing_Fill=10;CPXPARAM_Preprocessing_NumPass=-1;CPXPARAM_Preprocessing_Presolve=1;CPXPARAM_Preprocessing_QPMakePSD=1;CPXPARAM_Preprocessing_Reduce=3;CPXPARAM_Preprocessing_Relax=-1;CPXPARAM_Preprocessing_RepeatPresolve=-1;CPXPARAM_Preprocessing_Symmetry=-1;CPXPARAM_Read_Scale=0;CPXPARAM_Sifting_Algorithm=0;CPXPARAM_Simplex_Crash=1;CPXPARAM_Simplex_DGradient=0;CPXPARAM_Simplex_Limits_Perturbation=0;CPXPARAM_Simplex_Limits_Singularity=10;CPXPARAM_Simplex_PGradient=0;CPXPARAM_Simplex_Pricing=0;CPXPARAM_Simplex_Refactor=0
8997407328579549668,0,CPXPARAM_Advance=1;CPXPARAM_Barrier_Algorithm=0;CPXPARAM_Barrier_ColNonzeros=0;CPXPARAM_Barrier_Crossover=0;CPXPARAM_Barrier_Limits_Corrections=-1;CPXPARAM_Barrier_Ordering=0;CPXPARAM_Barrier_StartAlg=1;CPXPARAM_Emphasis_MIP=3;CPXPARAM_Emphasis_Memory=0;CPXPARAM_Emphasis_Numerical=0;CPXPARAM_Feasopt_Mode=0;CPXPARAM_LPMethod=0;CPXPARAM_MIP_Cuts_Cliques=2;CPXPARAM_MIP_Cuts_Covers=2;CPXPARAM_MIP_Cuts_Disjunctive=1;CPXPARAM_MIP_Cuts_FlowCovers=-1;CPXPARAM_MIP_Cuts_GUBCovers=0;CPXPARAM_MIP_Cuts_Gomory=-1;CPXPARAM_MIP_Cuts_Implied=-1;CPXPARAM_MIP_Cuts_MIRCut=-1;CPXPARAM_MIP_Cuts_PathCut=2;CPXPARAM_MIP_Limits_AggForCut=3;CPXPARAM_MIP_Limits_CutPasses=0;CPXPARAM_MIP_Limits_CutsFactor=-1;CPXPARAM_MIP_Limits_GomoryCand=10;CPXPARAM_MIP_Limits_GomoryPass=0;CPXPARAM_MIP_Limits_Nodes=9223372036800000000;CPXPARAM_MIP_Limits_ProbeTime=1e+75;CPXPARAM_MIP_Limits_RepairTries=0;CPXPARAM_MIP_Limits_StrongCand=10;CPXPARAM_MIP_Limits_StrongIt=0;CPXPARAM_MIP_OrderType=0;CPXPARAM_MIP_Strategy_BBInterval=7;CPXPARAM_MIP_Strategy_Branch=1;CPXPARAM_MIP_Strategy_Dive=0;CPXPARAM_MIP_Strategy_File=1;CPXPARAM_MIP_Strategy_HeuristicFreq=0;CPXPARAM_MIP_Strategy_LBHeur=0;CPXPARAM_MIP_Strategy_NodeSelect=1;CPXPARAM_MIP_Strategy_Order=1;CPXPARAM_MIP_Strategy_PresolveNode=0;CPXPARAM_MIP_Strategy_Probe=-1;CPXPARAM_MIP_Strategy_RINSHeur=0;CPXPARAM_MIP_Strategy_StartAlgorithm=0;CPXPARAM_MIP_Strategy_SubAlgorithm=0;CPXPARAM_MIP_Strategy_VariableSelect=0;CPXPARAM_Network_NetFind=2;CPXPARAM_Network_Pricing=0;CPXPARAM_Parallel=1;CPXPARAM_Preprocessing_Aggregator=-1;CPXPARAM_Preprocessing_BoundStrength=-1;CPXPARAM_Preprocessing_CoeffReduce=-1;CPXPARAM_Preprocessing_Dependency=-1;CPXPARAM_Preprocessing_Dual=0;CPXPARAM_Preprocessing_Fill=10;CPXPARAM_Preprocessing_NumPass=-1;CPXPARAM_Preprocessing_Presolve=1;CPXPARAM_Preprocessing_QPMakePSD=1;CPXPARAM_Preprocessing_Reduce=3;CPXPARAM_Preprocessing_Relax=-1;CPXPARAM_Preprocessing_RepeatPresolve=-1;CPXPARAM_Preprocessing_Symmetry=-1;CPXPARAM_Read_Scale=0;CPXPARAM_Sifting_Algorithm=0;CPXPARAM_Simplex_Crash=1;CPXPARAM_Simplex_DGradient=0;CPXPARAM_Simplex_Limits_Perturbation=0;CPXPARAM_Simplex_Limits_Singularity=10;CPXPARAM_Simplex_PGradient=0;CPXPARAM_Simplex_Pricing=0;CPXPARAM_Simplex_Refactor=0
17584290485143474166,0,CPXPARAM_Advance=1;CPXPARAM_Barrier_Algorithm=0;CPXPARAM_Barrier_ColNonzeros=0;CPXPARAM_Barrier_Crossover=0;CPXPARAM_Barrier_Limits_Corrections=-1;CPXPARAM_Barrier_Ordering=0;CPXPARAM_Barrier_StartAlg=1;CPXPARAM_Emphasis_MIP=0;CPXPARAM_Emphasis_Memory=0;CPXPARAM_Emphasis_Numerical=0;CPXPARAM_Feasopt_Mode=0;CPXPARAM_LPMethod=0;CPXPARAM_MIP_Cuts_Cliques=-1;CPXPARAM_MIP_Cuts_Covers=0;CPXPARAM_MIP_Cuts_Disjunctive=1;CPXPARAM_MIP_Cuts_FlowCovers=0;CPXPARAM_MIP_Cuts_GUBCovers=2;CPXPARAM_MIP_Cuts_Gomory=2;CPXPARAM_MIP_Cuts_Implied=1;CPXPARAM_MIP_Cuts_MIRCut=1;CPXPARAM_MIP_Cuts_PathCut=-1;CPXPARAM_MIP_Limits_AggForCut=3;CPXPARAM_MIP_Limits_CutPasses=0;CPXPARAM_MIP_Limits_CutsFactor=-1;CPXPARAM_MIP_Limits_GomoryCand=200;CPXPARAM_MIP_Limits_GomoryPass=0;CPXPARAM_MIP_Limits_Nodes=9223372036800000000;CPXPARAM_MIP_Limits_ProbeTime=1e+75;CPXPARAM_MIP_Limits_RepairTries=0;CPXPARAM_MIP_Limits_StrongCand=10;CPXPARAM_MIP_Limits_StrongIt=0;CPXPARAM_MIP_OrderType=0;CPXPARAM_MIP_Strategy_BBInterval=7;CPXPARAM_MIP_Strategy_Branch=0;CPXPARAM_MIP_Strategy_Dive=0;CPXPARAM_MIP_Strategy_File=1;CPXPARAM_MIP_Strategy_HeuristicFreq=0;CPXPARAM_MIP_Strategy_LBHeur=0;CPXPARAM_MIP_Strategy_NodeSelect=1;CPXPARAM_MIP_Strategy_Order=1;CPXPARAM_MIP_Strategy_PresolveNode=0;CPXPARAM_MIP_Strategy_Probe=0;CPXPARAM_MIP_Strategy_RINSHeur=0;CPXPARAM_MIP_Strategy_StartAlgorithm=0;CPXPARAM_MIP_Strategy_SubAlgorithm=0;CPXPARAM_MIP_Strategy_VariableSelect=0;CPXPARAM_Network_NetFind=2;CPXPARAM_Network_Pricing=0;CPXPARAM_Parallel=1;CPXPARAM_Preprocessing_Aggregator=-1;CPXPARAM_Preprocessing_BoundStrength=-1;CPXPARAM_Preprocessing_CoeffReduce=-1;CPXPARAM_Preprocessing_Dependency=-1;CPXPARAM_Preprocessing_Dual=0;CPXPARAM_Preprocessing_Fill=10;CPXPARAM_Preprocessing_NumPass=-1;CPXPARAM_Preprocessing_Presolve=1;CPXPARAM_Preprocessing_QPMakePSD=1;CPXPARAM_Preprocessing_Reduce=3;CPXPARAM_Preprocessing_Relax=-1;CPXPARAM_Preprocessing_RepeatPresolve=-1;CPXPARAM_Preprocessing_Symmetry=-1;CPXPARAM_Read_Scale=0;CPXPARAM_Sifting_Algorithm=0;CPXPARAM_Simplex_Crash=1;CPXPARAM_Simplex_DGradient=0;CPXPARAM_Simplex_Limits_Perturbation=0;CPXPARAM_Simplex_Limits_Singularity=10;CPXPARAM_Simplex_PGradient=0;CPXPARAM_Simplex_Pricing=0;CPXPARAM_Simplex_Refactor=0
15582496083302786472,0,CPXPARAM_Advance=1;CPXPARAM_Barrier_Algorithm=0;CPXPARAM_Barrier_ColNonzeros=0;CPXPARAM_Barrier_Crossover=0;CPXPARAM_Barrier_Limits_Corrections=-1;CPXPARAM_Barrier_Ordering=0;CPXPARAM_Barrier_StartAlg=1;CPXPARAM_Emphasis_MIP=0;CPXPARAM_Emphasis_Memory=0;CPXPARAM_Emphasis_Numerical=0;CPXPARAM_Feasopt_Mode=0;CPXPARAM_LPMethod=0;CPXPARAM_MIP_Cuts_Cliques=1;CPXPARAM_MIP_Cuts_Covers=0;CPXPARAM_MIP_Cuts_Disjunctive=-1;CPXPARAM_MIP_Cuts_FlowCovers=-1;CPXPARAM_MIP_Cuts_GUBCovers=1;CPXPARAM_MIP_Cuts_Gomory=-1;CPXPARAM_MIP_Cuts_Implied=2;CPXPARAM_MIP_Cuts_MIRCut=1;CPXPARAM_MIP_Cuts_PathCut=1;CPXPARAM_MIP_Limits_AggForCut=3;CPXPARAM_MIP_Limits_CutPasses=0;CPXPARAM_MIP_Limits_CutsFactor=-1;CPXPARAM_MIP_Limits_GomoryCand=25;CPXPARAM_MIP_Limits_GomoryPass=0;CPXPARAM_MIP_Limits_Nodes=9223372036800000000;CPXPARAM_MIP_Limits_ProbeTime=1e+75;CPXPARAM_MIP_Limits_RepairTries=0;CPXPARAM_MIP_Limits_StrongCand=10;CPXPARAM_MIP_Limits_StrongIt=0;CPXPARAM_MIP_OrderType=0;CPXPARAM_MIP_Strategy_BBInterval=7;CPXPARAM_MIP_Strategy_Branch=0;CPXPARAM_MIP_Strategy_Dive=0;CPXPARAM_MIP_Strategy_File=1;CPXPARAM_MIP_Strategy_HeuristicFreq=0;CPXPARAM_MIP_Strategy_LBHeur=0;CPXPARAM_MIP_Strategy_NodeSelect=1;CPXPARAM_MIP_Strategy_Order=1;CPXPARAM_MIP_Strategy_PresolveNode=0;CPXPARAM_MIP_Strategy_Probe=0;CPXPARAM_MIP_Strategy_RINSHeur=0;CPXPARAM_MIP_Strategy_StartAlgorithm=0;CPXPARAM_MIP_Strategy_SubAlgorithm=0;CPXPARAM_MIP_Strategy_VariableSelect=0;CPXPARAM_Network_NetFind=2;CPXPARAM_Network_Pricing=0;CPXPARAM_Parallel=1;CPXPARAM_Preprocessing_Aggregator=-1;CPXPARAM_Preprocessing_BoundStrength=-1;CPXPARAM_Preprocessing_CoeffReduce=-1;CPXPARAM_Preprocessing_Dependency=-1;CPXPARAM_Preprocessing_Dual=0;CPXPARAM_Preprocessing_Fill=10;CPXPARAM_Preprocessing_NumPass=-1;CPXPARAM_Preprocessing_Presolve=1;CPXPARAM_Preprocessing_QPMakePSD=1;CPXPARAM_Preprocessing_Reduce=3;CPXPARAM_Preprocessing_Relax=-1;CPXPARAM_Preprocessing_RepeatPresolve=-1;CPXPARAM_Preprocessing_Symmetry=-1;CPXPARAM_Read_Scale=0;CPXPARAM_Sifting_Algorithm=0;CPXPARAM_Simplex_Crash=1;CPXPARAM_Simplex_DGradient=0;CPXPARAM_Simplex_Limits_Perturbation=0;CPXPARAM_Simplex_Limits_Singularity=10;CPXPARAM_Simplex_PGradient=0;CPXPARAM_Simplex_Pricing=0;CPXPARAM_Simplex_Refactor=0
17428563082341868334,0,CPXPARAM_Advance=1;CPXPARAM_Barrier_Algorithm=0;CPXPARAM_Barrier_ColNonzeros=0;CPXPARAM_Barrier_Crossover=0;CPXPARAM_Barrier_Limits_Corrections=-1;CPXPARAM_Barrier_Ordering=0;CPXPARAM_Barrier_StartAlg=1;CPXPARAM_Emphasis_MIP=5;CPXPARAM_Emphasis_Memory=0;CPXPARAM_Emphasis_Numerical=0;CPXPARAM_Feasopt_Mode=0;CPXPARAM_LPMethod=0;CPXPARAM_MIP_Cuts_Cliques=1;CPXPARAM_MIP_Cuts_Covers=-1;CPXPARAM_MIP_Cuts_Disjunctive=0;CPXPARAM_MIP_Cuts_FlowCovers=2;CPXPARAM_MIP_Cuts_GUBCovers=0;CPXPARAM_MIP_Cuts_Gomory=0;CPXPARAM_MIP_Cuts_Implied=2;CPXPARAM_MIP_Cuts_MIRCut=-1;CPXPARAM_MIP_Cuts_PathCut=0;CPXPARAM_MIP_Limits_AggForCut=1;CPXPARAM_MIP_Limits_CutPasses=0;CPXPARAM_MIP_Limits_CutsFactor=-1;CPXPARAM_MIP_Limits_GomoryCand=10;CPXPARAM_MIP_Limits_GomoryPass=0;CPXPARAM_MIP_Limits_Nodes=9223372036800000000;CPXPARAM_MIP_Limits_ProbeTime=1e+75;CPXPARAM_MIP_Limits_RepairTries=0;CPXPARAM_MIP_Limits_StrongCand=10;CPXPARAM_MIP_Limits_StrongIt=0;CPXPARAM_MIP_OrderType=3;CPXPARAM_MIP_Strategy_BBInterval=7;CPXPARAM_MIP_Strategy_Branch=1;CPXPARAM_MIP_Strategy_Dive=0;CPXPARAM_MIP_Strategy_File=1;CPXPARAM_MIP_Strategy_HeuristicFreq=0;CPXPARAM_MIP_Strategy_LBHeur=0;CPXPARAM_MIP_Strategy_NodeSelect=0;CPXPARAM_MIP_Strategy_Order=1;CPXPARAM_MIP_Strategy_PresolveNode=1;CPXPARAM_MIP_Strategy_Probe=2;CPXPARAM_MIP_Strategy_RINSHeur=0;CPXPARAM_MIP_Strategy_StartAlgorithm=0;CPXPARAM_MIP_Strategy_SubAlgorithm=1;CPXPARAM_MIP_Strategy_VariableSelect=-1;CPXPARAM_Network_NetFind=2;CPXPARAM_Network_Pricing=0;CPXPARAM_Parallel=1;CPXPARAM_Preprocessing_Aggregator=-1;CPXPARAM_Preprocessing_BoundStrength=-1;CPXPARAM_Preprocessing_CoeffReduce=-1;CPXPARAM_Preprocessing_Dependency=-1;CPXPARAM_Preprocessing_Dual=0;CPXPARAM_Preprocessing_Fill=2;CPXPARAM_Preprocessing_NumPass=-1;CPXPARAM_Preprocessing_Presolve=1;CPXPARAM_Preprocessing_QPMakePSD=1;CPXPARAM_Preprocessing_Reduce=0;CPXPARAM_Preprocessing_Relax=-1;CPXPARAM_Preprocessing_RepeatPresolve=-1;CPXPARAM_Preprocessing_Symmetry=-1;CPXPARAM_Read_Scale=0;CPXPARAM_Sifting_Algorithm=0;CPXPARAM_Simplex_Crash=1;CPXPARAM_Simplex_DGradient=0;CPXPARAM_Simplex_Limits_Perturbation=0;CPXPARAM_Simplex_Limits_Singularity=10;CPXPARAM_Simplex_PGradient=0;CPXPARAM_Simplex_Pricing=0;CPXPARAM_Simplex_Refactor=0
3519406716242853797,0,CPXPARAM_Advance=1;CPXPARAM_Barrier_Algorithm=0;CPXPARAM_Barrier_ColNonzeros=0;CPXPARAM_Barrier_Crossover=0;CPXPARAM_Barrier_Limits_Corrections=-1;CPXPARAM_Barrier_Ordering=0;CPXPARAM_Barrier_StartAlg=1;CPXPARAM_Emphasis_MIP=4;CPXPARAM_Emphasis_Memory=0;CPXPARAM_Emphasis_Numerical=0;CPXPARAM_Feasopt_Mode=0;CPXPARAM_LPMethod=0;CPXPARAM_MIP_Cuts_Cliques=-1;CPXPARAM_MIP_Cuts_Covers=2;CPXPARAM_MIP_Cuts_Disjunctive=0;CPXPARAM_MIP_Cuts_FlowCovers=1;CPXPARAM_MIP_Cuts_GUBCovers=-1;CPXPARAM_MIP_Cuts_Gomory=0;CPXPARAM_MIP_Cuts_Implied=1;CPXPARAM_MIP_Cuts_MIRCut=1;CPXPARAM_MIP_Cuts_PathCut=2;CPXPARAM_MIP_Limits_AggForCut=0;CPXPARAM_MIP_Limits_CutPasses=0;CPXPARAM_MIP_Limits_CutsFactor=-1;CPXPARAM_MIP_Limits_GomoryCand=100;CPXPARAM_MIP_Limits_GomoryPass=0;CPXPARAM_MIP_Limits_Nodes=9223372036800000000;CPXPARAM_MIP_Limits_ProbeTime=1e+75;CPXPARAM_MIP_Limits_RepairTries=0;CPXPARAM_MIP_Limits_StrongCand=10;CPXPARAM_MIP_Limits_StrongIt=0;CPXPARAM_MIP_OrderType=1;CPXPARAM_MIP_Strategy_BBInterval=7;CPXPARAM_MIP_Strategy_Branch=-1;CPXPARAM_MIP_Strategy_Dive=0;CPXPARAM_MIP_Strategy_File=1;CPXPARAM_MIP_Strategy_HeuristicFreq=0;CPXPARAM_MIP_Strategy_LBHeur=0;CPXPARAM_MIP_Strategy_NodeSelect=3;CPXPARAM_MIP_Strategy_Order=1;CPXPARAM_MIP_Strategy_PresolveNode=-1;CPXPARAM_MIP_Strategy_Probe=3;CPXPARAM_MIP_Strategy_RINSHeur=0;CPXPARAM_MIP_Strategy_StartAlgorithm=0;CPXPARAM_MIP_Strategy_SubAlgorithm=0;CPXPARAM_MIP_Strategy_VariableSelect=2;CPXPARAM_Network_NetFind=2;CPXPARAM_Network_Pricing=0;CPXPARAM_Parallel=1;CPXPARAM_Preprocessing_Aggregator=-1;CPXPARAM_Preprocessing_BoundStrength=-1;CPXPARAM_Preprocessing_CoeffReduce=-1;CPXPARAM_Preprocessing_Dependency=-1;CPXPARAM_Preprocessing_Dual=0;CPXPARAM_Preprocessing_Fill=5;CPXPARAM_Preprocessing_NumPass=-1;CPXPARAM_Preprocessing_Presolve=1;CPXPARAM_Preprocessing_QPMakePSD=1;CPXPARAM_Preprocessing_Reduce=2;CPXPARAM_Preprocessing_Relax=-1;CPXPARAM_Preprocessing_RepeatPresolve=-1;CPXPARAM_Preprocessing_Symmetry=-1;CPXPARAM_Read_Scale=0;CPXPARAM_Sifting_Algorithm=0;CPXPARAM_Simplex_Crash=1;CPXPARAM_Simplex_DGradient=0;CPXPARAM_Simplex_Limits_Perturbation=0;CPXPARAM_Simplex_Limits_Singularity=10;CPXPARAM_Simplex_PGradient=0;CPXPARAM_Simplex_Pricing=0;CPXPARAM_Simplex_Refactor=0
11935512288922560332,0,CPXPARAM_Advance=1;CPXPARAM_Barrier_Algorithm=0;CPXPARAM_Barrier_ColNonzeros=0;CPXPARAM_Barrier_Crossover=0;CPXPARAM_Barrier_Limits_Corrections=-1;CPXPARAM_Barrier_Ordering=0;CPXPARAM_Barrier_StartAlg=1;CPXPARAM_Emphasis_MIP=0;CPXPARAM_Emphasis_Memory=0;CPXPARAM_Emphasis_Numerical=0;CPXPARAM_Feasopt_Mode=0;CPXPARAM_LPMethod=0;CPXPARAM_MIP_Cuts_Cliques=0;CPXPARAM_MIP_Cuts_Covers=0;CPXPARAM_MIP_Cuts_Disjunctive=1;CPXPARAM_MIP_Cuts_FlowCovers=0;CPXPARAM_MIP_Cuts_GUBCovers=1;CPXPARAM_MIP_Cuts_Gomory=0;CPXPARAM_MIP_Cuts_Implied=1;CPXPARAM_MIP_Cuts_MIRCut=1;CPXPARAM_MIP_Cuts_PathCut=0;CPXPARAM_MIP_Limits_AggForCut=3;CPXPARAM_MIP_Limits_CutPasses=0;CPXPARAM_MIP_Limits_CutsFactor=-1;CPXPARAM_MIP_Limits_GomoryCand=800;CPXPARAM_MIP_Limits_GomoryPass=0;CPXPARAM_MIP_Limits_Nodes=9223372036800000000;CPXPARAM_MIP_Limits_ProbeTime=1e+75;CPXPARAM_MIP_Limits_RepairTries=0;CPXPARAM_MIP_Limits_StrongCand=10;CPXPARAM_MIP_Limits_StrongIt=0;CPXPARAM_MIP_OrderType=0;CPXPARAM_MIP_Strategy_BBInterval=7;CPXPARAM_MIP_Strategy_Branch=1;CPXPARAM_MIP_Strategy_Dive=0;CPXPARAM_MIP_Strategy_File=1;CPXPARAM_MIP_Strategy_HeuristicFreq=0;CPXPARAM_MIP_Strategy_LBHeur=0;CPXPARAM_MIP_Strategy_NodeSelect=2;CPXPARAM_MIP_Strategy_Order=1;CPXPARAM_MIP_Strategy_PresolveNode=2;CPXPARAM_MIP_Strategy_Probe=0;CPXPARAM_MIP_Strategy_RINSHeur=0;CPXPARAM_MIP_Strategy_StartAlgorithm=0;CPXPARAM_MIP_Strategy_SubAlgorithm=0;CPXPARAM_MIP_Strategy_VariableSelect=2;CPXPARAM_Network_NetFind=2;CPXPARAM_Network_Pricing=0;CPXPARAM_Parallel=1;CPXPARAM_Preprocessing_Aggregator=-1;CPXPARAM_Preprocessing_BoundStrength=-1;CPXPARAM_Preprocessing_CoeffReduce=-1;CPXPARAM_Preprocessing_Dependency=-1;CPXPARAM_Preprocessing_Dual=0;CPXPARAM_Preprocessing_Fill=10;CPXPARAM_Preprocessing_NumPass=-1;CPXPARAM_Preprocessing_Presolve=1;CPXPARAM_Preprocessing_QPMakePSD=1;CPXPARAM_Preprocessing_Reduce=3;CPXPARAM_Preprocessing_Relax=-1;CPXPARAM_Preprocessing_RepeatPresolve=-1;CPXPARAM_Preprocessing_Symmetry=-1;CPXPARAM_Read_Scale=0;CPXPARAM_Sifting_Algorithm=0;CPXPARAM_Simplex_Crash=1;CPXPARAM_Simplex_DGradient=0;CPXPARAM_Simplex_Limits_Perturbation=0;CPXPARAM_Simplex_Limits_Singularity=10;CPXPARAM_Simplex_PGradient=0;CPXPARAM_Simplex_Pricing=0;CPXPARAM_Simplex_Refactor=0
5307649548305519014,0,CPXPARAM_Advance=1;CPXPARAM_Barrier_Algorithm=0;CPXPARAM_Barrier_ColNonzeros=0;CPXPARAM_Barrier_Crossover=0;CPXPARAM_Barrier_Limits_Corrections=-1;CPXPARAM_Barrier_Ordering=0;CPXPARAM_Barrier_StartAlg=1;CPXPARAM_Emphasis_MIP=2;CPXPARAM_Emphasis_Memory=0;CPXPARAM_Emphasis_Numerical=0;CPXPARAM_Feasopt_Mode=0;CPXPARAM_LPMethod=0;CPXPARAM_MIP_Cuts_Cliques=-1;CPXPARAM_MIP_Cuts_Covers=0;CPXPARAM_MIP_Cuts_Disjunctive=1;CPXPARAM_MIP_Cuts_FlowCovers=2;CPXPARAM_MIP_Cuts_GUBCovers=0;CPXPARAM_MIP_Cuts_Gomory=0;CPXPARAM_MIP_Cuts_Implied=-1;CPXPARAM_MIP_Cuts_MIRCut=-1;CPXPARAM_MIP_Cuts_PathCut=-1;CPXPARAM_MIP_Limits_AggForCut=3;CPXPARAM_MIP_Limits_CutPasses=0;CPXPARAM_MIP_Limits_CutsFactor=-1;CPXPARAM_MIP_Limits_GomoryCand=400;CPXPARAM_MIP_Limits_GomoryPass=0;CPXPARAM_MIP_Limits_Nodes=9223372036800000000;CPXPARAM_MIP_Limits_ProbeTime=1e+75;CPXPARAM_MIP_Limits_RepairTries=0;CPXPARAM_MIP_Limits_StrongCand=10;CPXPARAM_MIP_Limits_StrongIt=0;CPXPARAM_MIP_OrderType=0;CPXPARAM_MIP_Strategy_BBInterval=7;CPXPARAM_MIP_Strategy_Branch=0;CPXPARAM_MIP_Strategy_Dive=0;CPXPARAM_MIP_Strategy_File=1;CPXPARAM_MIP_Strategy_HeuristicFreq=0;CPXPARAM_MIP_Strategy_LBHeur=0;CPXPARAM_MIP_Strategy_NodeSelect=1;CPXPARAM_MIP_Strategy_Order=1;CPXPARAM_MIP_Strategy_PresolveNode=0;CPXPARAM_MIP_Strategy_Probe=0;CPXPARAM_MIP_Strategy_RINSHeur=0;CPXPARAM_MIP_Strategy_StartAlgorithm=0;CPXPARAM_MIP_Strategy_SubAlgorithm=0;CPXPARAM_MIP_Strategy_VariableSelect=0;CPXPARAM_Network_NetFind=2;CPXPARAM_Network_Pricing=0;CPXPARAM_Parallel=1;CPXPARAM_Preprocessing_Aggregator=-1;CPXPARAM_Preprocessing_BoundStrength=-1;CPXPARAM_Preprocessing_CoeffReduce=-1;CPXPARAM_Preprocessing_Dependency=-1;CPXPARAM_Preprocessing_Dual=0;CPXPARAM_Preprocessing_Fill=10;CPXPARAM_Preprocessing_NumPass=-1;CPXPARAM_Preprocessing_Presolve=1;CPXPARAM_Preprocessing_QPMakePSD=1;CPXPARAM_Preprocessing_Reduce=3;CPXPARAM_Preprocessing_Relax=-1;CPXPARAM_Preprocessing_RepeatPresolve=-1;CPXPARAM_Preprocessing_Symmetry=-1;CPXPARAM_Read_Scale=0;CPXPARAM_Sifting_Algorithm=0;CPXPARAM_Simplex_Crash=1;CPXPARAM_Simplex_DGradient=0;CPXPARAM_Simplex_Limits_Perturbation=0;CPXPARAM_Simplex_Limits_Singularity=10;CPXPARAM_Simplex_PGradient=0;CPXPARAM_Simplex_Pricing=0;CPXPARAM_Simplex_Refactor=0
8995359340888718155,0,CPXPARAM_Advance=1;CPXPARAM_Barrier_Algorithm=0;CPXPARAM_Barrier_ColNonzeros=0;CPXPARAM_Barrier_Crossover=0;CPXPARAM_Barrier_Limits_Corrections=-1;CPXPARAM_Barrier_Ordering=0;CPXPARAM_Barrier_StartAlg=1;CPXPARAM_Emphasis_MIP=0;CPXPARAM_Emphasis_Memory=0;CPXPARAM_Emphasis_Numerical=0;CPXPARAM_Feasopt_Mode=0;CPXPARAM_LPMethod=0;CPXPARAM_MIP_Cuts_Cliques=2;CPXPARAM_MIP_Cuts_Covers=0;CPXPARAM_MIP_Cuts_Disjunctive=1;CPXPARAM_MIP_Cuts_FlowCovers=0;CPXPARAM_MIP_Cuts_GUBCovers=1;CPXPARAM_MIP_Cuts_Gomory=0;CPXPARAM_MIP_Cuts_Implied=-1;CPXPARAM_MIP_Cuts_MIRCut=1;CPXPARAM_MIP_Cuts_PathCut=1;CPXPARAM_MIP_Limits_AggForCut=3;CPXPARAM_MIP_Limits_CutPasses=0;CPXPARAM_MIP_Limits_CutsFactor=-1;CPXPARAM_MIP_Limits_GomoryCand=400;CPXPARAM_MIP_Limits_GomoryPass=0;CPXPARAM_MIP_Limits_Nodes=9223372036800000000;CPXPARAM_MIP_Limits_ProbeTime=1e+75;CPXPARAM_MIP_Limits_RepairTries=0;CPXPARAM_MIP_Limits_StrongCand=10;CPXPARAM_MIP_Limits_StrongIt=0;CPXPARAM_MIP_OrderType=0;CPXPARAM_MIP_Strategy_BBInterval=7;CPXPARAM_MIP_Strategy_Branch=-1;CPXPARAM_MIP_Strategy_Dive=0;CPXPARAM_MIP_Strategy_File=1;CPXPARAM_MIP_Strategy_HeuristicFreq=0;CPXPARAM_MIP_Strategy_LBHeur=0;CPXPARAM_MIP_Strategy_NodeSelect=0;CPXPARAM_MIP_Strategy_Order=1;CPXPARAM_MIP_Strategy_PresolveNode=1;CPXPARAM_MIP_Strategy_Probe=0;CPXPARAM_MIP_Strategy_RINSHeur=0;CPXPARAM_MIP_Strategy_StartAlgorithm=0;CPXPARAM_MIP_Strategy_SubAlgorithm=0;CPXPARAM_MIP_Strategy_VariableSelect=1;CPXPARAM_Network_NetFind=2;CPXPARAM_Network_Pricing=0;CPXPARAM_Parallel=1;CPXPARAM_Preprocessing_Aggregator=-1;CPXPARAM_Preprocessing_BoundStrength=-1;CPXPARAM_Preprocessing_CoeffReduce=-1;CPXPARAM_Preprocessing_Dependency=-1;CPXPARAM_Preprocessing_Dual=0;CPXPARAM_Preprocessing_Fill=10;CPXPARAM_Preprocessing_NumPass=-1;CPXPARAM_Preprocessing_Presolve=1;CPXPARAM_Preprocessing_QPMakePSD=1;CPXPARAM_Preprocessing_Reduce=3;CPXPARAM_Preprocessing_Relax=-1;CPXPARAM_Preprocessing_RepeatPresolve=-1;CPXPARAM_Preprocessing_Symmetry=-1;CPXPARAM_Read_Scale=0;CPXPARAM_Sifting_Algorithm=0;CPXPARAM_Simplex_Crash=1;CPXPARAM_Simplex_DGradient=0;CPXPARAM_Simplex_Limits_Perturbation=0;CPXPARAM_Simplex_Limits_Singularity=10;CPXPARAM_Simplex_PGradient=0;CPXPARAM_Simplex_Pricing=0;CPXPARAM_Simplex_Refactor=0
14219508133437737229,0,CPXPARAM_Advance=1;CPXPARAM_Barrier_Algorithm=0;CPXPARAM_Barrier_ColNonzeros=0;CPXPARAM_Barrier_Crossover=0;CPXPARAM_Barrier_Limits_Corrections=-1;CPXPARAM_Barrier_Ordering=0;CPXPARAM_Barrier_StartAlg=1;CPXPARAM_Emphasis_MIP=2;CPXPARAM_Emphasis_Memory=1;CPXPARAM_Emphasis_Numerical=0;CPXPARAM_Feasopt_Mode=0;CPXPARAM_LPMethod=0;CPXPARAM_MIP_Cuts_Cliques=-1;CPXPARAM_MIP_Cuts_Covers=2;CPXPARAM_MIP_Cuts_Disjunctive=1;CPXPARAM_MIP_Cuts_FlowCovers=2;CPXPARAM_MIP_Cuts_GUBCovers=1;CPXPARAM_MIP_Cuts_Gomory=0;CPXPARAM_MIP_Cuts_Implied=-1;CPXPARAM_MIP_Cuts_MIRCut=-1;CPXPARAM_MIP_Cuts_PathCut=-1;CPXPARAM_MIP_Limits_AggForCut=3;CPXPARAM_MIP_Limits_CutPasses=0;CPXPARAM_MIP_Limits_CutsFactor=-1;CPXPARAM_MIP_Limits_GomoryCand=400;CPXPARAM_MIP_Limits_GomoryPass=0;CPXPARAM_MIP_Limits_Nodes=9223372036800000000;CPXPARAM_MIP_Limits_ProbeTime=1e+75;CPXPARAM_MIP_Limits_RepairTries=0;CPXPARAM_MIP_Limits_StrongCand=10;CPXPARAM_MIP_Limits_StrongIt=0;CPXPARAM_MIP_OrderType=0;CPXPARAM_MIP_Strategy_BBInterval=7;CPXPARAM_MIP_Strategy_Branch=0;CPXPARAM_MIP_Strategy_Dive=0;CPXPARAM_MIP_Strategy_File=1;CPXPARAM_MIP_Strategy_HeuristicFreq=0;CPXPARAM_MIP_Strategy_LBHeur=0;CPXPARAM_MIP_Strategy_NodeSelect=1;CPXPARAM_MIP_Strategy_Order=1;CPXPARAM_MIP_Strategy_PresolveNode=0;CPXPARAM_MIP_Strategy_Probe=0;CPXPARAM_MIP_Strategy_RINSHeur=0;CPXPARAM_MIP_Strategy_StartAlgorithm=0;CPXPARAM_MIP_Strategy_SubAlgorithm=0;CPXPARAM_MIP_Strategy_VariableSelect=0;CPXPARAM_Network_NetFind=2;CPXPARAM_Network_Pricing=0;CPXPARAM_Parallel=1;CPXPARAM_Preprocessing_Aggregator=-1;CPXPARAM_Preprocessing_BoundStrength=-1;CPXPARAM_Preprocessing_CoeffReduce=-1;CPXPARAM_Preprocessing_Dependency=-1;CPXPARAM_Preprocessing_Dual=0;CPXPARAM_Preprocessing_Fill=10;CPXPARAM_Preprocessing_NumPass=-1;CPXPARAM_Preprocessing_Presolve=1;CPXPARAM_Preprocessing_QPMakePSD=1;CPXPARAM_Preprocessing_Reduce=3;CPXPARAM_Preprocessing_Relax=-1;CPXPARAM_Preprocessing_RepeatPresolve=-1;CPXPARAM_Preprocessing_Symmetry=-1;CPXPARAM_Read_Scale=0;CPXPARAM_Sifting_Algorithm=0;CPXPARAM_Simplex_Crash=1;CPXPARAM_Simplex_DGradient=0;CPXPARAM_Simplex_Limits_Perturbation=0;CPXPARAM_Simplex_Limits_Singularity=10;CPXPARAM_Simplex_PGradient=0;CPXPARAM_Simplex_Pricing=0;CPXPARAM_Simplex_Refactor=0
10306290445446979927,0,CPXPARAM_Advance=1;CPXPARAM_Barrier_Algorithm=0;CPXPARAM_Barrier_ColNonzeros=0;CPXPARAM_Barrier_Crossover=0;CPXPARAM_Barrier_Limits_Corrections=-1;CPXPARAM_Barrier_Ordering=0;CPXPARAM_Barrier_StartAlg=1;CPXPARAM_Emphasis_MIP=5;CPXPARAM_Emphasis_Memory=0;CPXPARAM_Emphasis_Numerical=0;CPXPARAM_Feasopt_Mode=0;CPXPARAM_LPMethod=0;CPXPARAM_MIP_Cuts_Cliques=-1;CPXPARAM_MIP_Cuts_Covers=3;CPXPARAM_MIP_Cuts_Disjunctive=1;CPXPARAM_MIP_Cuts_FlowCovers=2;CPXPARAM_MIP_Cuts_GUBCovers=1;CPXPARAM_MIP_Cuts_Gomory=0;CPXPARAM_MIP_Cuts_Implied=0;CPXPARAM_MIP_Cuts_MIRCut=-1;CPXPARAM_MIP_Cuts_PathCut=0;CPXPARAM_MIP_Limits_AggForCut=3;CPXPARAM_MIP_Limits_CutPasses=0;CPXPARAM_MIP_Limits_CutsFactor=-1;CPXPARAM_MIP_Limits_GomoryCand=10;CPXPARAM_MIP_Limits_GomoryPass=0;CPXPARAM_MIP_Limits_Nodes=9223372036800000000;CPXPARAM_MIP_Limits_ProbeTime=1e+75;CPXPARAM_MIP_Limits_RepairTries=0;CPXPARAM_MIP_Limits_StrongCand=10;CPXPARAM_MIP_Limits_StrongIt=0;CPXPARAM_MIP_OrderType=0;CPXPARAM_MIP_Strategy_BBInterval=7;CPXPARAM_MIP_Strategy_Branch=1;CPXPARAM_MIP_Strategy_Dive=0;CPXPARAM_MIP_Strategy_File=1;CPXPARAM_MIP_Strategy_HeuristicFreq=0;CPXPARAM_MIP_Strategy_LBHeur=0;CPXPARAM_MIP_Strategy_NodeSelect=1;CPXPARAM_MIP_Strategy_Order=1;CPXPARAM_MIP_Strategy_PresolveNode=3;CPXPARAM_MIP_Strategy_Probe=-1;CPXPARAM_MIP_Strategy_RINSHeur=0;CPXPARAM_MIP_Strategy_StartAlgorithm=0;CPXPARAM_MIP_Strategy_SubAlgorithm=0;CPXPARAM_MIP_Strategy_VariableSelect=-1;CPXPARAM_Network_NetFind=2;CPXPARAM_Network_Pricing=0;CPXPARAM_Parallel=1;CPXPARAM_Preprocessing_Aggregator=-1;CPXPARAM_Preprocessing_BoundStrength=-1;CPXPARAM_Preprocessing_CoeffReduce=-1;CPXPARAM_Preprocessing_Dependency=-1;CPXPARAM_Preprocessing_Dual=0;CPXPARAM_Preprocessing_Fill=10;CPXPARAM_Preprocessing_NumPass=-1;CPXPARAM_Preprocessing_Presolve=1;CPXPARAM_Preprocessing_QPMakePSD=1;CPXPARAM_Preprocessing_Reduce=3;CPXPARAM_Preprocessing_Relax=-1;CPXPARAM_Preprocessing_RepeatPresolve=-1;CPXPARAM_Preprocessing_Symmetry=-1;CPXPARAM_Read_Scale=0;CPXPARAM_Sifting_Algorithm=0;CPXPARAM_Simplex_Crash=1;CPXPARAM_Simplex_DGradient=0;CPXPARAM_Simplex_Limits_Perturbation=0;CPXPARAM_Simplex_Limits_Singularity=10;CPXPARAM_Simplex_PGradient=0;CPXPARAM_Simplex_Pricing=0;CPXPARAM_Simplex_Refactor=0
5198723523891359770,0,CPXPARAM_Advance=1;CPXPARAM_Barrier_Algorithm=0;CPXPARAM_Barrier_ColNonzeros=0;CPXPARAM_Barrier_Crossover=0;CPXPARAM_Barrier_Limits_Corrections=-1;CPXPARAM_Barrier_Ordering=0;CPXPARAM_Barrier_StartAlg=1;CPXPARAM_Emphasis_MIP=2;CPXPARAM_Emphasis_Memory=0;CPXPARAM_Emphasis_Numerical=0;CPXPARAM_Feasopt_Mode=0;CPXPARAM_LPMethod=0;CPXPARAM_MIP_Cuts_Cliques=-1;CPXPARAM_MIP_Cuts_Covers=2;CPXPARAM_MIP_Cuts_Disjunctive=1;CPXPARAM_MIP_Cuts_FlowCovers=2;CPXPARAM_MIP_Cuts_GUBCovers=1;CPXPARAM_MIP_Cuts_Gomory=0;CPXPARAM_MIP_Cuts_Implied=-1;CPXPARAM_MIP_Cuts_MIRCut=-1;CPXPARAM_MIP_Cuts_PathCut=-1;CPXPARAM_MIP_Limits_AggForCut=5;CPXPARAM_MIP_Limits_CutPasses=0;CPXPARAM_MIP_Limits_CutsFactor=-1;CPXPARAM_MIP_Limits_GomoryCand=400;CPXPARAM_MIP_Limits_GomoryPass=0;CPXPARAM_MIP_Limits_Nodes=9223372036800000000;CPXPARAM_MIP_Limits_ProbeTime=1e+75;CPXPARAM_MIP_Limits_RepairTries=0;CPXPARAM_MIP_Limits_StrongCand=10;CPXPARAM_MIP_Limits_StrongIt=0;CPXPARAM_MIP_OrderType=0;CPXPARAM_MIP_Strategy_BBInterval=7;CPXPARAM_MIP_Strategy_Branch=0;CPXPARAM_MIP_Strategy_Dive=0;CPXPARAM_MIP_Strategy_File=1;CPXPARAM_MIP_Strategy_HeuristicFreq=0;CPXPARAM_MIP_Strategy_LBHeur=0;CPXPARAM_MIP_Strategy_NodeSelect=1;CPXPARAM_MIP_Strategy_Order=1;CPXPARAM_MIP_Strategy_PresolveNode=0;CPXPARAM_MIP_Strategy_Probe=0;CPXPARAM_MIP_Strategy_RINSHeur=0;CPXPARAM_MIP_Strategy_StartAlgorithm=0;CPXPARAM_MIP_Strategy_SubAlgorithm=0;CPXPARAM_MIP_Strategy_VariableSelect=0;CPXPARAM_Network_NetFind=2;CPXPARAM_Network_Pricing=0;CPXPARAM_Parallel=1;CPXPARAM_Preprocessing_Aggregator=-1;CPXPARAM_Preprocessing_BoundStrength=-1;CPXPARAM_Preprocessing_CoeffReduce=-1;CPXPARAM_Preprocessing_Dependency=-1;CPXPARAM_Preprocessing_Dual=0;CPXPARAM_Preprocessing_Fill=10;CPXPARAM_Preprocessing_NumPass=-1;CPXPARAM_Preprocessing_Presolve=1;CPXPARAM_Preprocessing_QPMakePSD=1;CPXPARAM_Preprocessing_Reduce=3;CPXPARAM_Preprocessing_Relax=-1;CPXPARAM_Preprocessing_RepeatPresolve=-1;CPXPARAM_Preprocessing_Symmetry=-1;CPXPARAM_Read_Scale=0;CPXPARAM_Sifting_Algorithm=0;CPXPARAM_Simplex_Crash=1;CPXPARAM_Simplex_DGradient=0;CPXPARAM_Simplex_Limits_Perturbation=0;CPXPARAM_Simplex_Limits_Singularity=10;CPXPARAM_Simplex_PGradient=0;CPXPARAM_Simplex_Pricing=0;CPXPARAM_Simplex_Refactor=0
16368901165899340412,0,CPXPARAM_Advance=1;CPXPARAM_Barrier_Algorithm=0;CPXPARAM_Barrier_ColNonzeros=0;CPXPARAM_Barrier_Crossover=0;CPXPARAM_Barrier_Limits_Corrections=-1;CPXPARAM_Barrier_Ordering=0;CPXPARAM_Barrier_StartAlg=1;CPXPARAM_Emphasis_MIP=3;CPXPARAM_Emphasis_Memory=0;CPXPARAM_Emphasis_Numerical=0;CPXPARAM_Feasopt_Mode=0;CPXPARAM_LPMethod=0;CPXPARAM_MIP_Cuts_Cliques=-1;CPXPARAM_MIP_Cuts_Covers=0;CPXPARAM_MIP_Cuts_Disjunctive=-1;CPXPARAM_MIP_Cuts_FlowCovers=-1;CPXPARAM_MIP_Cuts_GUBCovers=0;CPXPARAM_MIP_Cuts_Gomory=0;CPXPARAM_MIP_Cuts_Implied=0;CPXPARAM_MIP_Cuts_MIRCut=2;CPXPARAM_MIP_Cuts_PathCut=1;CPXPARAM_MIP_Limits_AggForCut=3;CPXPARAM_MIP_Limits_CutPasses=0;CPXPARAM_MIP_Limits_CutsFactor=-1;CPXPARAM_MIP_Limits_GomoryCand=10;CPXPARAM_MIP_Limits_GomoryPass=0;CPXPARAM_MIP_Limits_Nodes=9223372036800000000;CPXPARAM_MIP_Limits_ProbeTime=1e+75;CPXPARAM_MIP_Limits_RepairTries=0;CPXPARAM_MIP_Limits_StrongCand=10;CPXPARAM_MIP_Limits_StrongIt=0;CPXPARAM_MIP_OrderType=0;CPXPARAM_MIP_Strategy_BBInterval=7;CPXPARAM_MIP_Strategy_Branch=0;CPXPARAM_MIP_Strategy_Dive=0;CPXPARAM_MIP_Strategy_File=1;CPXPARAM_MIP_Strategy_HeuristicFreq=0;CPXPARAM_MIP_Strategy_LBHeur=0;CPXPARAM_MIP_Strategy_NodeSelect=1;CPXPARAM_MIP_Strategy_Order=1;CPXPARAM_MIP_Strategy_PresolveNode=0;CPXPARAM_MIP_Strategy_Probe=0;CPXPARAM_MIP_Strategy_RINSHeur=0;CPXPARAM_MIP_Strategy_StartAlgorithm=0;CPXPARAM_MIP_Strategy_SubAlgorithm=0;CPXPARAM_MIP_Strategy_VariableSelect=0;CPXPARAM_Network_NetFind=2;CPXPARAM_Network_Pricing=0;CPXPARAM_Parallel=1;CPXPARAM_Preprocessing_Aggregator=-1;CPXPARAM_Preprocessing_BoundStrength=-1;CPXPARAM_Preprocessing_CoeffReduce=-1;CPXPARAM_Preprocessing_Dependency=-1;CPXPARAM_Preprocessing_Dual=0;CPXPARAM_Preprocessing_Fill=10;CPXPARAM_Preprocessing_NumPass=-1;CPXPARAM_Preprocessing_Presolve=1;CPXPARAM_Preprocessing_QPMakePSD=1;CPXPARAM_Preprocessing_Reduce=3;CPXPARAM_Preprocessing_Relax=-1;CPXPARAM_Preprocessing_RepeatPresolve=-1;CPXPARAM_Preprocessing_Symmetry=-1;CPXPARAM_Read_Scale=0;CPXPARAM_Sifting_Algorithm=0;CPXPARAM_Simplex_Crash=1;CPXPARAM_Simplex_DGradient=0;CPXPARAM_Simplex_Limits_Perturbation=0;CPXPARAM_Simplex_Limits_Singularity=10;CPXPARAM_Simplex_PGradient=0;CPXPARAM_Simplex_Pricing=0;CPXPARAM_Simplex_Refactor=0
9422210961753988606,0,CPXPARAM_Advance=1;CPXPARAM_Barrier_Algorithm=0;CPXPARAM_Barrier_ColNonzeros=0;CPXPARAM_Barrier_Crossover=0;CPXPARAM_Barrier_Limits_Corrections=-1;CPXPARAM_Barrier_Ordering=0;CPXPARAM_Barrier_StartAlg=1;CPXPARAM_Emphasis_MIP=1;CPXPARAM_Emphasis_Memory=0;CPXPARAM_Emphasis_Numerical=0;CPXPARAM_Feasopt_Mode=0;CPXPARAM_LPMethod=0;CPXPARAM_MIP_Cuts_Cliques=2;CPXPARAM_MIP_Cuts_Covers=0;CPXPARAM_MIP_Cuts_Disjunctive=1;CPXPARAM_MIP_Cuts_FlowCovers=1;CPXPARAM_MIP_Cuts_GUBCovers=-1;CPXPARAM_MIP_Cuts_Gomory=2;CPXPARAM_MIP_Cuts_Implied=0;CPXPARAM_MIP_Cuts_MIRCut=1;CPXPARAM_MIP_Cuts_PathCut=-1;CPXPARAM_MIP_Limits_AggForCut=3;CPXPARAM_MIP_Limits_CutPasses=0;CPXPARAM_MIP_Limits_CutsFactor=-1;CPXPARAM_MIP_Limits_GomoryCand=200;CPXPARAM_MIP_Limits_GomoryPass=0;CPXPARAM_MIP_Limits_Nodes=9223372036800000000;CPXPARAM_MIP_Limits_ProbeTime=1e+75;CPXPARAM_MIP_Limits_RepairTries=0;CPXPARAM_MIP_Limits_StrongCand=10;CPXPARAM_MIP_Limits_StrongIt=0;CPXPARAM_MIP_OrderType=0;CPXPARAM_MIP_Strategy_BBInterval=7;CPXPARAM_MIP_Strategy_Branch=0;CPXPARAM_MIP_Strategy_Dive=0;CPXPARAM_MIP_Strategy_File=1;CPXPARAM_MIP_Strategy_HeuristicFreq=0;CPXPARAM_MIP_Strategy_LBHeur=0;CPXPARAM_MIP_Strategy_NodeSelect=1;CPXPARAM_MIP_Strategy_Order=1;CPXPARAM_MIP_Strategy_PresolveNode=0;CPXPARAM_MIP_Strategy_Probe=0;CPXPARAM_MIP_Strategy_RINSHeur=0;CPXPARAM_MIP_Strategy_StartAlgorithm=0;CPXPARAM_MIP_Strategy_SubAlgorithm=0;CPXPARAM_MIP_Strategy_VariableSelect=0;CPXPARAM_Network_NetFind=2;CPXPARAM_Network_Pricing=0;CPXPARAM_Parallel=1;CPXPARAM_Preprocessing_Aggregator=-1;CPXPARAM_Preprocessing_BoundStrength=-1;CPXPARAM_Preprocessing_CoeffReduce=-1;CPXPARAM_Preprocessing_Dependency=-1;CPXPARAM_Preprocessing_Dual=0;CPXPARAM_Preprocessing_Fill=10;CPXPARAM_Preprocessing_NumPass=-1;CPXPARAM_Preprocessing_Presolve=1;CPXPARAM_Preprocessing_QPMakePSD=1;CPXPARAM_Preprocessing_Reduce=3;CPXPARAM_Preprocessing_Relax=-1;CPXPARAM_Preprocessing_RepeatPresolve=-1;CPXPARAM_Preprocessing_Symmetry=-1;CPXPARAM_Read_Scale=0;CPXPARAM_Sifting_Algorithm=0;CPXPARAM_Simplex_Crash=1;CPXPARAM_Simplex_DGradient=0;CPXPARAM_Simplex_Limits_Perturbation=0;CPXPARAM_Simplex_Limits_Singularity=10;CPXPARAM_Simplex_PGradient=0;CPXPARAM_Simplex_Pricing=0;CPXPARAM_Simplex_Refactor=0
10278249462770147275,0,CPXPARAM_Advance=1;CPXPARAM_Barrier_Algorithm=0;CPXPARAM_Barrier_ColNonzeros=0;CPXPARAM_Barrier_Crossover=0;CPXPARAM_Barrier_Limits_Corrections=-1;CPXPARAM_Barrier_Ordering=0;CPXPARAM_Barrier_StartAlg=1;CPXPARAM_Emphasis_MIP=0;CPXPARAM_Emphasis_Memory=0;CPXPARAM_Emphasis_Numerical=0;CPXPARAM_Feasopt_Mode=0;CPXPARAM_LPMethod=0;CPXPARAM_MIP_Cuts_Cliques=3;CPXPARAM_MIP_Cuts_Covers=0;CPXPARAM_MIP_Cuts_Disjunctive=0;CPXPARAM_MIP_Cuts_FlowCovers=2;CPXPARAM_MIP_Cuts_GUBCovers=2;CPXPARAM_MIP_Cuts_Gomory=0;CPXPARAM_MIP_Cuts_Implied=-1;CPXPARAM_MIP_Cuts_MIRCut=1;CPXPARAM_MIP_Cuts_PathCut=1;CPXPARAM_MIP_Limits_AggForCut=0;CPXPARAM_MIP_Limits_CutPasses=0;CPXPARAM_MIP_Limits_CutsFactor=-1;CPXPARAM_MIP_Limits_GomoryCand=25;CPXPARAM_MIP_Limits_GomoryPass=0;CPXPARAM_MIP_Limits_Nodes=9223372036800000000;CPXPARAM_MIP_Limits_ProbeTime=1e+75;CPXPARAM_MIP_Limits_RepairTries=0;CPXPARAM_MIP_Limits_StrongCand=10;CPXPARAM_MIP_Limits_StrongIt=0;CPXPARAM_MIP_OrderType=0;CPXPARAM_MIP_Strategy_BBInterval=7;CPXPARAM_MIP_Strategy_Branch=-1;CPXPARAM_MIP_Strategy_Dive=0;CPXPARAM_MIP_Strategy_File=1;CPXPARAM_MIP_Strategy_HeuristicFreq=0;CPXPARAM_MIP_Strategy_LBHeur=0;CPXPARAM_MIP_Strategy_NodeSelect=3;CPXPARAM_MIP_Strategy_Order=1;CPXPARAM_MIP_Strategy_PresolveNode=1;CPXPARAM_MIP_Strategy_Probe=2;CPXPARAM_MIP_Strategy_RINSHeur=0;CPXPARAM_MIP_Strategy_StartAlgorithm=0;CPXPARAM_MIP_Strategy_SubAlgorithm=0;CPXPARAM_MIP_Strategy_VariableSelect=4;CPXPARAM_Network_NetFind=2;CPXPARAM_Network_Pricing=0;CPXPARAM_Parallel=1;CPXPARAM_Preprocessing_Aggregator=-1;CPXPARAM_Preprocessing_BoundStrength=-1;CPXPARAM_Preprocessing_CoeffReduce=-1;CPXPARAM_Preprocessing_Dependency=-1;CPXPARAM_Preprocessing_Dual=0;CPXPARAM_Preprocessing_Fill=10;CPXPARAM_Preprocessing_NumPass=-1;CPXPARAM_Preprocessing_Presolve=1;CPXPARAM_Preprocessing_QPMakePSD=1;CPXPARAM_Preprocessing_Reduce=3;CPXPARAM_Preprocessing_Relax=-1;CPXPARAM_Preprocessing_RepeatPresolve=-1;CPXPARAM_Preprocessing_Symmetry=-1;CPXPARAM_Read_Scale=0;CPXPARAM_Sifting_Algorithm=0;CPXPARAM_Simplex_Crash=1;CPXPARAM_Simplex_DGradient=0;CPXPARAM_Simplex_Limits_Perturbation=0;CPXPARAM_Simplex_Limits_Singularity=10;CPXPARAM_Simplex_PGradient=0;CPXPARAM_Simplex_Pricing=0;CPXPARAM_Simplex_Refactor=0
16563097585214997457,0,CPXPARAM_Advance=1;CPXPARAM_Barrier_Algorithm=0;CPXPARAM_Barrier_ColNonzeros=0;CPXPARAM_Barrier_Crossover=0;CPXPARAM_Barrier_Limits_Corrections=-1;CPXPARAM_Barrier_Ordering=0;CPXPARAM_Barrier_StartAlg=1;CPXPARAM_Emphasis_MIP=2;CPXPARAM_Emphasis_Memory=0;CPXPARAM_Emphasis_Numerical=0;CPXPARAM_Feasopt_Mode=0;CPXPARAM_LPMethod=0;CPXPARAM_MIP_Cuts_Cliques=0;CPXPARAM_MIP_Cuts_Covers=3;CPXPARAM_MIP_Cuts_Disjunctive=-1;CPXPARAM_MIP_Cuts_FlowCovers=2;CPXPARAM_MIP_Cuts_GUBCovers=0;CPXPARAM_MIP_Cuts_Gomory=0;CPXPARAM_MIP_Cuts_Implied=-1;CPXPARAM_MIP_Cuts_MIRCut=0;CPXPARAM_MIP_Cuts_PathCut=0;CPXPARAM_MIP_Limits_AggForCut=3;CPXPARAM_MIP_Limits_CutPasses=0;CPXPARAM_MIP_Limits_CutsFactor=-1;CPXPARAM_MIP_Limits_GomoryCand=150;CPXPARAM_MIP_Limits_GomoryPass=0;CPXPARAM_MIP_Limits_Nodes=9223372036800000000;CPXPARAM_MIP_Limits_ProbeTime=1e+75;CPXPARAM_MIP_Limits_RepairTries=0;CPXPARAM_MIP_Limits_StrongCand=10;CPXPARAM_MIP_Limits_StrongIt=0;CPXPARAM_MIP_OrderType=0;CPXPARAM_MIP_Strategy_BBInterval=7;CPXPARAM_MIP_Strategy_Branch=1;CPXPARAM_MIP_Strategy_Dive=0;CPXPARAM_MIP_Strategy_File=1;CPXPARAM_MIP_Strategy_HeuristicFreq=0;CPXPARAM_MIP_Strategy_LBHeur=0;CPXPARAM_MIP_Strategy_NodeSelect=0;CPXPARAM_MIP_Strategy_Order=1;CPXPARAM_MIP_Strategy_PresolveNode=-1;CPXPARAM_MIP_Strategy_Probe=3;CPXPARAM_MIP_Strategy_RINSHeur=0;CPXPARAM_MIP_Strategy_StartAlgorithm=0;CPXPARAM_MIP_Strategy_SubAlgorithm=4;CPXPARAM_MIP_Strategy_VariableSelect=3;CPXPARAM_Network_NetFind=2;CPXPARAM_Network_Pricing=0;CPXPARAM_Parallel=1;CPXPARAM_Preprocessing_Aggregator=-1;CPXPARAM_Preprocessing_BoundStrength=-1;CPXPARAM_Preprocessing_CoeffReduce=-1;CPXPARAM_Preprocessing_Dependency=-1;CPXPARAM_Preprocessing_Dual=0;CPXPARAM_Preprocessing_Fill=10;CPXPARAM_Preprocessing_NumPass=-1;CPXPARAM_Preprocessing_Presolve=1;CPXPARAM_Preprocessing_QPMakePSD=1;CPXPARAM_Preprocessing_Reduce=3;CPXPARAM_Preprocessing_Relax=-1;CPXPARAM_Preprocessing_RepeatPresolve=-1;CPXPARAM_Preprocessing_Symmetry=-1;CPXPARAM_Read_Scale=0;CPXPARAM_Sifting_Algorithm=0;CPXPARAM_Simplex_Crash=1;CPXPARAM_Simplex_DGradient=0;CPXPARAM_Simplex_Limits_Perturbation=0;CPXPARAM_Simplex_Limits_Singularity=10;CPXPARAM_Simplex_PGradient=0;CPXPARAM_Simplex_Pricing=0;CPXPARAM_Simplex_Refactor=0
4361920449131692844,0,CPXPARAM_Advance=1;CPXPARAM_Barrier_Algorithm=0;CPXPARAM_Barrier_ColNonzeros=0;CPXPARAM_Barrier_Crossover=0;CPXPARAM_Barrier_Limits_Corrections=-1;CPXPARAM_Barrier_Ordering=0;CPXPARAM_Barrier_StartAlg=1;CPXPARAM_Emphasis_MIP=4;CPXPARAM_Emphasis_Memory=0;CPXPARAM_Emphasis_Numerical=0;CPXPARAM_Feasopt_Mode=0;CPXPARAM_LPMethod=0;CPXPARAM_MIP_Cuts_Cliques=0;CPXPARAM_MIP_Cuts_Covers=1;CPXPARAM_MIP_Cuts_Disjunctive=0;CPXPARAM_MIP_Cuts_FlowCovers=2;CPXPARAM_MIP_Cuts_GUBCovers=2;CPXPARAM_MIP_Cuts_Gomory=0;CPXPARAM_MIP_Cuts_Implied=0;CPXPARAM_MIP_Cuts_MIRCut=2;CPXPARAM_MIP_Cuts_PathCut=1;CPXPARAM_MIP_Limits_AggForCut=3;CPXPARAM_MIP_Limits_CutPasses=0;CPXPARAM_MIP_Limits_CutsFactor=-1;CPXPARAM_MIP_Limits_GomoryCand=150;CPXPARAM_MIP_Limits_GomoryPass=0;CPXPARAM_MIP_Limits_Nodes=9223372036800000000;CPXPARAM_MIP_Limits_ProbeTime=1e+75;CPXPARAM_MIP_Limits_RepairTries=0;CPXPARAM_MIP_Limits_StrongCand=10;CPXPARAM_MIP_Limits_StrongIt=0;CPXPARAM_MIP_OrderType=0;CPXPARAM_MIP_Strategy_BBInterval=7;CPXPARAM_MIP_Strategy_Branch=0;CPXPARAM_MIP_Strategy_Dive=0;CPXPARAM_MIP_Strategy_File=1;CPXPARAM_MIP_Strategy_HeuristicFreq=0;CPXPARAM_MIP_Strategy_LBHeur=0;CPXPARAM_MIP_Strategy_NodeSelect=1;CPXPARAM_MIP_Strategy_Order=1;CPXPARAM_MIP_Strategy_PresolveNode=0;CPXPARAM_MIP_Strategy_Probe=0;CPXPARAM_MIP_Strategy_RINSHeur=0;CPXPARAM_MIP_Strategy_StartAlgorithm=0;CPXPARAM_MIP_Strategy_SubAlgorithm=0;CPXPARAM_MIP_Strategy_VariableSelect=0;CPXPARAM_Network_NetFind=2;CPXPARAM_Network_Pricing=0;CPXPARAM_Parallel=1;CPXPARAM_Preprocessing_Aggregator=-1;CPXPARAM_Preprocessing_BoundStrength=-1;CPXPARAM_Preprocessing_CoeffReduce=-1;CPXPARAM_Preprocessing_Dependency=-1;CPXPARAM_Preprocessing_Dual=0;CPXPARAM_Preprocessing_Fill=40;CPXPARAM_Preprocessing_NumPass=-1;CPXPARAM_Preprocessing_Presolve=1;CPXPARAM_Preprocessing_QPMakePSD=1;CPXPARAM_Preprocessing_Reduce=3;CPXPARAM_Preprocessing_Relax=-1;CPXPARAM_Preprocessing_RepeatPresolve=-1;CPXPARAM_Preprocessing_Symmetry=-1;CPXPARAM_Read_Scale=0;CPXPARAM_Sifting_Algorithm=0;CPXPARAM_Simplex_Crash=1;CPXPARAM_Simplex_DGradient=0;CPXPARAM_Simplex_Limits_Perturbation=0;CPXPARAM_Simplex_Limits_Singularity=10;CPXPARAM_Simplex_PGradient=0;CPXPARAM_Simplex_Pricing=0;CPXPARAM_Simplex_Refactor=0
6645985235926576316,0,CPXPARAM_Advance=1;CPXPARAM_Barrier_Algorithm=0;CPXPARAM_Barrier_ColNonzeros=0;CPXPARAM_Barrier_Crossover=0;CPXPARAM_Barrier_Limits_Corrections=-1;CPXPARAM_Barrier_Ordering=0;CPXPARAM_Barrier_StartAlg=1;CPXPARAM_Emphasis_MIP=4;CPXPARAM_Emphasis_Memory=0;CPXPARAM_Emphasis_Numerical=0;CPXPARAM_Feasopt_Mode=0;CPXPARAM_LPMethod=0;CPXPARAM_MIP_Cuts_Cliques=-1;CPXPARAM_MIP_Cuts_Covers=0;CPXPARAM_MIP_Cuts_Disjunctive=-1;CPXPARAM_MIP_Cuts_FlowCovers=2;CPXPARAM_MIP_Cuts_GUBCovers=2;CPXPARAM_MIP_Cuts_Gomory=1;CPXPARAM_MIP_Cuts_Implied=1;CPXPARAM_MIP_Cuts_MIRCut=2;CPXPARAM_MIP_Cuts_PathCut=-1;CPXPARAM_MIP_Limits_AggForCut=3;CPXPARAM_MIP_Limits_CutPasses=0;CPXPARAM_MIP_Limits_CutsFactor=-1;CPXPARAM_MIP_Limits_GomoryCand=50;CPXPARAM_MIP_Limits_GomoryPass=0;CPXPARAM_MIP_Limits_Nodes=9223372036800000000;CPXPARAM_MIP_Limits_ProbeTime=1e+75;CPXPARAM_MIP_Limits_RepairTries=0;CPXPARAM_MIP_Limits_StrongCand=10;CPXPARAM_MIP_Limits_StrongIt=0;CPXPARAM_MIP_OrderType=0;CPXPARAM_MIP_Strategy_BBInterval=7;CPXPARAM_MIP_Strategy_Branch=0;CPXPARAM_MIP_Strategy_Dive=0;CPXPARAM_MIP_Strategy_File=1;CPXPARAM_MIP_Strategy_HeuristicFreq=0;CPXPARAM_MIP_Strategy_LBHeur=0;CPXPARAM_MIP_Strategy_NodeSelect=1;CPXPARAM_MIP_Strategy_Order=1;CPXPARAM_MIP_Strategy_PresolveNode=0;CPXPARAM_MIP_Strategy_Probe=2;CPXPARAM_MIP_Strategy_RINSHeur=0;CPXPARAM_MIP_Strategy_StartAlgorithm=0;CPXPARAM_MIP_Strategy_SubAlgorithm=0;CPXPARAM_MIP_Strategy_VariableSelect=0;CPXPARAM_Network_NetFind=2;CPXPARAM_Network_Pricing=0;CPXPARAM_Parallel=1;CPXPARAM_Preprocessing_Aggregator=-1;CPXPARAM_Preprocessing_BoundStrength=-1;CPXPARAM_Preprocessing_CoeffReduce=-1;CPXPARAM_Preprocessing_Dependency=-1;CPXPARAM_Preprocessing_Dual=0;CPXPARAM_Preprocessing_Fill=10;CPXPARAM_Preprocessing_NumPass=-1;CPXPARAM_Preprocessing_Presolve=1;CPXPARAM_Preprocessing_QPMakePSD=1;CPXPARAM_Preprocessing_Reduce=3;CPXPARAM_Preprocessing_Relax=-1;CPXPARAM_Preprocessing_RepeatPresolve=-1;CPXPARAM_Preprocessing_Symmetry=-1;CPXPARAM_Read_Scale=0;CPXPARAM_Sifting_Algorithm=0;CPXPARAM_Simplex_Crash=1;CPXPARAM_Simplex_DGradient=0;CPXPARAM_Simplex_Limits_Perturbation=0;CPXPARAM_Simplex_Limits_Singularity=10;CPXPARAM_Simplex_PGradient=0;CPXPARAM_Simplex_Pricing=0;CPXPARAM_Simplex_Refactor=0
9459538050483155217,0,CPXPARAM_Advance=1;CPXPARAM_Barrier_Algorithm=0;CPXPARAM_Barrier_ColNonzeros=0;CPXPARAM_Barrier_Crossover=0;CPXPARAM_Barrier_Limits_Corrections=-1;CPXPARAM_Barrier_Ordering=0;CPXPARAM_Barrier_StartAlg=1;CPXPARAM_Emphasis_MIP=2;CPXPARAM_Emphasis_Memory=0;CPXPARAM_Emphasis_Numerical=0;CPXPARAM_Feasopt_Mode=0;CPXPARAM_LPMethod=0;CPXPARAM_MIP_Cuts_Cliques=-1;CPXPARAM_MIP_Cuts_Covers=0;CPXPARAM_MIP_Cuts_Disjunctive=1;CPXPARAM_MIP_Cuts_FlowCovers=2;CPXPARAM_MIP_Cuts_GUBCovers=1;CPXPARAM_MIP_Cuts_Gomory=0;CPXPARAM_MIP_Cuts_Implied=-1;CPXPARAM_MIP_Cuts_MIRCut=0;CPXPARAM_MIP_Cuts_PathCut=-1;CPXPARAM_MIP_Limits_AggForCut=3;CPXPARAM_MIP_Limits_CutPasses=0;CPXPARAM_MIP_Limits_CutsFactor=-1;CPXPARAM_MIP_Limits_GomoryCand=400;CPXPARAM_MIP_Limits_GomoryPass=0;CPXPARAM_MIP_Limits_Nodes=9223372036800000000;CPXPARAM_MIP_Limits_ProbeTime=1e+75;CPXPARAM_MIP_Limits_RepairTries=0;CPXPARAM_MIP_Limits_StrongCand=10;CPXPARAM_MIP_Limits_StrongIt=0;CPXPARAM_MIP_OrderType=0;CPXPARAM_MIP_Strategy_BBInterval=7;CPXPARAM_MIP_Strategy_Branch=0;CPXPARAM_MIP_Strategy_Dive=0;CPXPARAM_MIP_Strategy_File=1;CPXPARAM_MIP_Strategy_HeuristicFreq=0;CPXPARAM_MIP_Strategy_LBHeur=0;CPXPARAM_MIP_Strategy_NodeSelect=1;CPXPARAM_MIP_Strategy_Order=1;CPXPARAM_MIP_Strategy_PresolveNode=0;CPXPARAM_MIP_Strategy_Probe=0;CPXPARAM_MIP_Strategy_RINSHeur=0;CPXPARAM_MIP_Strategy_StartAlgorithm=0;CPXPARAM_MIP_Strategy_SubAlgorithm=0;CPXPARAM_MIP_Strategy_VariableSelect=0;CPXPARAM_Network_NetFind=2;CPXPARAM_Network_Pricing=0;CPXPARAM_Parallel=1;CPXPARAM_Preprocessing_Aggregator=-1;CPXPARAM_Preprocessing_BoundStrength=-1;CPXPARAM_Preprocessing_CoeffReduce=-1;CPXPARAM_Preprocessing_Dependency=-1;CPXPARAM_Preprocessing_Dual=0;CPXPARAM_Preprocessing_Fill=10;CPXPARAM_Preprocessing_NumPass=-1;CPXPARAM_Preprocessing_Presolve=1;CPXPARAM_Preprocessing_QPMakePSD=1;CPXPARAM_Preprocessing_Reduce=3;CPXPARAM_Preprocessing_Relax=-1;CPXPARAM_Preprocessing_RepeatPresolve=-1;CPXPARAM_Preprocessing_Symmetry=-1;CPXPARAM_Read_Scale=0;CPXPARAM_Sifting_Algorithm=0;CPXPARAM_Simplex_Crash=1;CPXPARAM_Simplex_DGradient=0;CPXPARAM_Simplex_Limits_Perturbation=0;CPXPARAM_Simplex_Limits_Singularity=10;CPXPARAM_Simplex_PGradient=0;CPXPARAM_Simplex_Pricing=0;CPXPARAM_Simplex_Refactor=0
12735865377827420446,0,CPXPARAM_Advance=1;CPXPARAM_Barrier_Algorithm=0;CPXPARAM_Barrier_ColNonzeros=0;CPXPARAM_Barrier_Crossover=0;CPXPARAM_Barrier_Limits_Corrections=-1;CPXPARAM_Barrier_Ordering=0;CPXPARAM_Barrier_StartAlg=1;CPXPARAM_Emphasis_MIP=1;CPXPARAM_Emphasis_Memory=0;CPXPARAM_Emphasis_Numerical=0;CPXPARAM_Feasopt_Mode=0;CPXPARAM_LPMethod=0;CPXPARAM_MIP_Cuts_Cliques=1;CPXPARAM_MIP_Cuts_Covers=-1;CPXPARAM_MIP_Cuts_Disjunctive=0;CPXPARAM_MIP_Cuts_FlowCovers=2;CPXPARAM_MIP_Cuts_GUBCovers=1;CPXPARAM_MIP_Cuts_Gomory=2;CPXPARAM_MIP_Cuts_Implied=2;CPXPARAM_MIP_Cuts_MIRCut=-1;CPXPARAM_MIP_Cuts_PathCut=0;CPXPARAM_MIP_Limits_AggForCut=3;CPXPARAM_MIP_Limits_CutPasses=0;CPXPARAM_MIP_Limits_CutsFactor=-1;CPXPARAM_MIP_Limits_GomoryCand=100;CPXPARAM_MIP_Limits_GomoryPass=0;CPXPARAM_MIP_Limits_Nodes=9223372036800000000;CPXPARAM_MIP_Limits_ProbeTime=1e+75;CPXPARAM_MIP_Limits_RepairTries=0;CPXPARAM_MIP_Limits_StrongCand=10;CPXPARAM_MIP_Limits_StrongIt=0;CPXPARAM_MIP_OrderType=0;CPXPARAM_MIP_Strategy_BBInterval=7;CPXPARAM_MIP_Strategy_Branch=1;CPXPARAM_MIP_Strategy_Dive=0;CPXPARAM_MIP_Strategy_File=1;CPXPARAM_MIP_Strategy_HeuristicFreq=0;CPXPARAM_MIP_Strategy_LBHeur=0;CPXPARAM_MIP_Strategy_NodeSelect=2;CPXPARAM_MIP_Strategy_Order=1;CPXPARAM_MIP_Strategy_PresolveNode=3;CPXPARAM_MIP_Strategy_Probe=-1;CPXPARAM_MIP_Strategy_RINSHeur=0;CPXPARAM_MIP_Strategy_StartAlgorithm=0;CPXPARAM_MIP_Strategy_SubAlgorithm=0;CPXPARAM_MIP_Strategy_VariableSelect=-1;CPXPARAM_Network_NetFind=2;CPXPARAM_Network_Pricing=0;CPXPARAM_Parallel=1;CPXPARAM_Preprocessing_Aggregator=-1;CPXPARAM_Preprocessing_BoundStrength=-1;CPXPARAM_Preprocessing_CoeffReduce=-1;CPXPARAM_Preprocessing_Dependency=-1;CPXPARAM_Preprocessing_Dual=0;CPXPARAM_Preprocessing_Fill=10;CPXPARAM_Preprocessing_NumPass=-1;CPXPARAM_Preprocessing_Presolve=1;CPXPARAM_Preprocessing_QPMakePSD=1;CPXPARAM_Preprocessing_Reduce=3;CPXPARAM_Preprocessing_Relax=-1;CPXPARAM_Preprocessing_RepeatPresolve=-1;CPXPARAM_Preprocessing_Symmetry=-1;CPXPARAM_Read_Scale=0;CPXPARAM_Sifting_Algorithm=0;CPXPARAM_Simplex_Crash=1;CPXPARAM_Simplex_DGradient=0;CPXPARAM_Simplex_Limits_Perturbation=0;CPXPARAM_Simplex_Limits_Singularity=10;CPXPARAM_Simplex_PGradient=0;CPXPARAM_Simplex_Pricing=0;CPXPARAM_Simplex_Refactor=0
4775402890280238840,0,CPXPARAM_Advance=1;CPXPARAM_Barrier_Algorithm=0;CPXPARAM_Barrier_ColNonzeros=0;CPXPARAM_Barrier_Crossover=0;CPXPARAM_Barrier_Limits_Corrections=-1;CPXPARAM_Barrier_Ordering=0;CPXPARAM_Barrier_StartAlg=1;CPXPARAM_Emphasis_MIP=0;CPXPARAM_Emphasis_Memory=0;CPXPARAM_Emphasis_Numerical=0;CPXPARAM_Feasopt_Mode=0;CPXPARAM_LPMethod=0;CPXPARAM_MIP_Cuts_Cliques=1;CPXPARAM_MIP_Cuts_Covers=2;CPXPARAM_MIP_Cuts_Disjunctive=0;CPXPARAM_MIP_Cuts_FlowCovers=2;CPXPARAM_MIP_Cuts_GUBCovers=0;CPXPARAM_MIP_Cuts_Gomory=-1;CPXPARAM_MIP_Cuts_Implied=-1;CPXPARAM_MIP_Cuts_MIRCut=2;CPXPARAM_MIP_Cuts_PathCut=-1;CPXPARAM_MIP_Limits_AggForCut=3;CPXPARAM_MIP_Limits_CutPasses=0;CPXPARAM_MIP_Limits_CutsFactor=-1;CPXPARAM_MIP_Limits_GomoryCand=100;CPXPARAM_MIP_Limits_GomoryPass=0;CPXPARAM_MIP_Limits_Nodes=9223372036800000000;CPXPARAM_MIP_Limits_ProbeTime=1e+75;CPXPARAM_MIP_Limits_RepairTries=0;CPXPARAM_MIP_Limits_StrongCand=10;CPXPARAM_MIP_Limits_StrongIt=0;CPXPARAM_MIP_OrderType=0;CPXPARAM_MIP_Strategy_BBInterval=7;CPXPARAM_MIP_Strategy_Branch=1;CPXPARAM_MIP_Strategy_Dive=0;CPXPARAM_MIP_Strategy_File=1;CPXPARAM_MIP_Strategy_HeuristicFreq=0;CPXPARAM_MIP_Strategy_LBHeur=0;CPXPARAM_MIP_Strategy_NodeSelect=2;CPXPARAM_MIP_Strategy_Order=1;CPXPARAM_MIP_Strategy_PresolveNode=3;CPXPARAM_MIP_Strategy_Probe=3;CPXPARAM_MIP_Strategy_RINSHeur=0;CPXPARAM_MIP_Strategy_StartAlgorithm=0;CPXPARAM_MIP_Strategy_SubAlgorithm=0;CPXPARAM_MIP_Strategy_VariableSelect=4;CPXPARAM_Network_NetFind=2;CPXPARAM_Network_Pricing=0;CPXPARAM_Parallel=1;CPXPARAM_Preprocessing_Aggregator=-1;CPXPARAM_Preprocessing_BoundStrength=-1;CPXPARAM_Preprocessing_CoeffReduce=-1;CPXPARAM_Preprocessing_Dependency=-1;CPXPARAM_Preprocessing_Dual=0;CPXPARAM_Preprocessing_Fill=10;CPXPARAM_Preprocessing_NumPass=-1;CPXPARAM_Preprocessing_Presolve=1;CPXPARAM_Preprocessing_QPMakePSD=1;CPXPARAM_Preprocessing_Reduce=3;CPXPARAM_Preprocessing_Relax=-1;CPXPARAM_Preprocessing_RepeatPresolve=-1;CPXPARAM_Preprocessing_Symmetry=-1;CPXPARAM_Read_Scale=0;CPXPARAM_Sifting_Algorithm=0;CPXPARAM_Simplex_Crash=1;CPXPARAM_Simplex_DGradient=0;CPXPARAM_Simplex_Limits_Perturbation=0;CPXPARAM_Simplex_Limits_Singularity=10;CPXPARAM_Simplex_PGradient=0;CPXPARAM_Simplex_Pricing=0;CPXPARAM_Simplex_Refactor=0
14541779643366331044,0,CPXPARAM_Advance=1;CPXPARAM_Barrier_Algorithm=0;CPXPARAM_Barrier_ColNonzeros=0;CPXPARAM_Barrier_Crossover=0;CPXPARAM_Barrier_Limits_Corrections=-1;CPXPARAM_Barrier_Ordering=0;CPXPARAM_Barrier_StartAlg=1;CPXPARAM_Emphasis_MIP=2;CPXPARAM_Emphasis_Memory=0;CPXPARAM_Emphasis_Numerical=0;CPXPARAM_Feasopt_Mode=0;CPXPARAM_LPMethod=0;CPXPARAM_MIP_Cuts_Cliques=3;CPXPARAM_MIP_Cuts_Covers=0;CPXPARAM_MIP_Cuts_Disjunctive=0;CPXPARAM_MIP_Cuts_FlowCovers=1;CPXPARAM_MIP_Cuts_GUBCovers=-1;CPXPARAM_MIP_Cuts_Gomory=1;CPXPARAM_MIP_Cuts_Implied=0;CPXPARAM_MIP_Cuts_MIRCut=2;CPXPARAM_MIP_Cuts_PathCut=0;CPXPARAM_MIP_Limits_AggForCut=3;CPXPARAM_MIP_Limits_CutPasses=0;CPXPARAM_MIP_Limits_CutsFactor=-1;CPXPARAM_MIP_Limits_GomoryCand=200;CPXPARAM_MIP_Limits_GomoryPass=0;CPXPARAM_MIP_Limits_Nodes=9223372036800000000;CPXPARAM_MIP_Limits_ProbeTime=1e+75;CPXPARAM_MIP_Limits_RepairTries=0;CPXPARAM_MIP_Limits_StrongCand=10;CPXPARAM_MIP_Limits_StrongIt=0;CPXPARAM_MIP_OrderType=0;CPXPARAM_MIP_Strategy_BBInterval=7;CPXPARAM_MIP_Strategy_Branch=-1;CPXPARAM_MIP_Strategy_Dive=0;CPXPARAM_MIP_Strategy_File=1;CPXPARAM_MIP_Strategy_HeuristicFreq=0;CPXPARAM_MIP_Strategy_LBHeur=0;CPXPARAM_MIP_Strategy_NodeSelect=2;CPXPARAM_MIP_Strategy_Order=1;CPXPARAM_MIP_Strategy_PresolveNode=1;CPXPARAM_MIP_Strategy_Probe=3;CPXPARAM_MIP_Strategy_RINSHeur=0;CPXPARAM_MIP_Strategy_StartAlgorithm=0;CPXPARAM_MIP_Strategy_SubAlgorithm=0;CPXPARAM_MIP_Strategy_VariableSelect=-1;CPXPARAM_Network_NetFind=2;CPXPARAM_Network_Pricing=0;CPXPARAM_Parallel=1;CPXPARAM_Preprocessing_Aggregator=-1;CPXPARAM_Preprocessing_BoundStrength=-1;CPXPARAM_Preprocessing_CoeffReduce=-1;CPXPARAM_Preprocessing_Dependency=-1;CPXPARAM_Preprocessing_Dual=0;CPXPARAM_Preprocessing_Fill=10;CPXPARAM_Preprocessing_NumPass=-1;CPXPARAM_Preprocessing_Presolve=1;CPXPARAM_Preprocessing_QPMakePSD=1;CPXPARAM_Preprocessing_Reduce=3;CPXPARAM_Preprocessing_Relax=-1;CPXPARAM_Preprocessing_RepeatPresolve=-1;CPXPARAM_Preprocessing_Symmetry=-1;CPXPARAM_Read_Scale=0;CPXPARAM_Sifting_Algorithm=0;CPXPARAM_Simplex_Crash=1;CPXPARAM_Simplex_DGradient=0;CPXPARAM_Simplex_Limits_Perturbation=0;CPXPARAM_Simplex_Limits_Singularity=10;CPXPARAM_Simplex_PGradient=0;CPXPARAM_Simplex_Pricing=0;CPXPARAM_Simplex_Refactor=0
6112331748658161260,0,CPXPARAM_Advance=1;CPXPARAM_Barrier_Algorithm=0;CPXPARAM_Barrier_ColNonzeros=0;CPXPARAM_Barrier_Crossover=0;CPXPARAM_Barrier_Limits_Corrections=-1;CPXPARAM_Barrier_Ordering=0;CPXPARAM_Barrier_StartAlg=1;CPXPARAM_Emphasis_MIP=0;CPXPARAM_Emphasis_Memory=0;CPXPARAM_Emphasis_Numerical=0;CPXPARAM_Feasopt_Mode=0;CPXPARAM_LPMethod=0;CPXPARAM_MIP_Cuts_Cliques=3;CPXPARAM_MIP_Cuts_Covers=2;CPXPARAM_MIP_Cuts_Disjunctive=-1;CPXPARAM_MIP_Cuts_FlowCovers=0;CPXPARAM_MIP_Cuts_GUBCovers=1;CPXPARAM_MIP_Cuts_Gomory=-1;CPXPARAM_MIP_Cuts_Implied=0;CPXPARAM_MIP_Cuts_MIRCut=0;CPXPARAM_MIP_Cuts_PathCut=-1;CPXPARAM_MIP_Limits_AggForCut=2;CPXPARAM_MIP_Limits_CutPasses=0;CPXPARAM_MIP_Limits_CutsFactor=-1;CPXPARAM_MIP_Limits_GomoryCand=800;CPXPARAM_MIP_Limits_GomoryPass=0;CPXPARAM_MIP_Limits_Nodes=9223372036800000000;CPXPARAM_MIP_Limits_ProbeTime=1e+75;CPXPARAM_MIP_Limits_RepairTries=0;CPXPARAM_MIP_Limits_StrongCand=10;CPXPARAM_MIP_Limits_StrongIt=0;CPXPARAM_MIP_OrderType=1;CPXPARAM_MIP_Strategy_BBInterval=7;CPXPARAM_MIP_Strategy_Branch=-1;CPXPARAM_MIP_Strategy_Dive=0;CPXPARAM_MIP_Strategy_File=1;CPXPARAM_MIP_Strategy_HeuristicFreq=0;CPXPARAM_MIP_Strategy_LBHeur=0;CPXPARAM_MIP_Strategy_NodeSelect=2;CPXPARAM_MIP_Strategy_Order=1;CPXPARAM_MIP_Strategy_PresolveNode=0;CPXPARAM_MIP_Strategy_Probe=-1;CPXPARAM_MIP_Strategy_RINSHeur=0;CPXPARAM_MIP_Strategy_StartAlgorithm=0;CPXPARAM_MIP_Strategy_SubAlgorithm=0;CPXPARAM_MIP_Strategy_VariableSelect=1;CPXPARAM_Network_NetFind=2;CPXPARAM_Network_Pricing=0;CPXPARAM_Parallel=1;CPXPARAM_Preprocessing_Aggregator=-1;CPXPARAM_Preprocessing_BoundStrength=-1;CPXPARAM_Preprocessing_CoeffReduce=-1;CPXPARAM_Preprocessing_Dependency=-1;CPXPARAM_Preprocessing_Dual=0;CPXPARAM_Preprocessing_Fill=40;CPXPARAM_Preprocessing_NumPass=-1;CPXPARAM_Preprocessing_Presolve=1;CPXPARAM_Preprocessing_QPMakePSD=1;CPXPARAM_Preprocessing_Reduce=0;CPXPARAM_Preprocessing_Relax=-1;CPXPARAM_Preprocessing_RepeatPresolve=-1;CPXPARAM_Preprocessing_Symmetry=-1;CPXPARAM_Read_Scale=0;CPXPARAM_Sifting_Algorithm=0;CPXPARAM_Simplex_Crash=1;CPXPARAM_Simplex_DGradient=0;CPXPARAM_Simplex_Limits_Perturbation=0;CPXPARAM_Simplex_Limits_Singularity=10;CPXPARAM_Simplex_PGradient=0;CPXPARAM_Simplex_Pricing=0;CPXPARAM_Simplex_Refactor=0
1217930514170857536,0,CPXPARAM_Advance=1;CPXPARAM_Barrier_Algorithm=0;CPXPARAM_Barrier_ColNonzeros=0;CPXPARAM_Barrier_Crossover=0;CPXPARAM_Barrier_Limits_Corrections=-1;CPXPARAM_Barrier_Ordering=0;CPXPARAM_Barrier_StartAlg=1;CPXPARAM_Emphasis_MIP=0;CPXPARAM_Emphasis_Memory=0;CPXPARAM_Emphasis_Numerical=0;CPXPARAM_Feasopt_Mode=0;CPXPARAM_LPMethod=0;CPXPARAM_MIP_Cuts_Cliques=3;CPXPARAM_MIP_Cuts_Covers=3;CPXPARAM_MIP_Cuts_Disjunctive=0;CPXPARAM_MIP_Cuts_FlowCovers=-1;CPXPARAM_MIP_Cuts_GUBCovers=1;CPXPARAM_MIP_Cuts_Gomory=0;CPXPARAM_MIP_Cuts_Implied=1;CPXPARAM_MIP_Cuts_MIRCut=2;CPXPARAM_MIP_Cuts_PathCut=0;CPXPARAM_MIP_Limits_AggForCut=3;CPXPARAM_MIP_Limits_CutPasses=0;CPXPARAM_MIP_Limits_CutsFactor=-1;CPXPARAM_MIP_Limits_GomoryCand=100;CPXPARAM_MIP_Limits_GomoryPass=0;CPXPARAM_MIP_Limits_Nodes=9223372036800000000;CPXPARAM_MIP_Limits_ProbeTime=1e+75;CPXPARAM_MIP_Limits_RepairTries=0;CPXPARAM_MIP_Limits_StrongCand=10;CPXPARAM_MIP_Limits_StrongIt=0;CPXPARAM_MIP_OrderType=0;CPXPARAM_MIP_Strategy_BBInterval=7;CPXPARAM_MIP_Strategy_Branch=0;CPXPARAM_MIP_Strategy_Dive=0;CPXPARAM_MIP_Strategy_File=1;CPXPARAM_MIP_Strategy_HeuristicFreq=0;CPXPARAM_MIP_Strategy_LBHeur=0;CPXPARAM_MIP_Strategy_NodeSelect=3;CPXPARAM_MIP_Strategy_Order=1;CPXPARAM_MIP_Strategy_PresolveNode=1;CPXPARAM_MIP_Strategy_Probe=-1;CPXPARAM_MIP_Strategy_RINSHeur=0;CPXPARAM_MIP_Strategy_StartAlgorithm=0;CPXPARAM_MIP_Strategy_SubAlgorithm=0;CPXPARAM_MIP_Strategy_VariableSelect=1;CPXPARAM_Network_NetFind=2;CPXPARAM_Network_Pricing=0;CPXPARAM_Parallel=1;CPXPARAM_Preprocessing_Aggregator=-1;CPXPARAM_Preprocessing_BoundStrength=-1;CPXPARAM_Preprocessing_CoeffReduce=-1;CPXPARAM_Preprocessing_Dependency=-1;CPXPARAM_Preprocessing_Dual=0;CPXPARAM_Preprocessing_Fill=10;CPXPARAM_Preprocessing_NumPass=-1;CPXPARAM_Preprocessing_Presolve=1;CPXPARAM_Preprocessing_QPMakePSD=1;CPXPARAM_Preprocessing_Reduce=3;CPXPARAM_Preprocessing_Relax=-1;CPXPARAM_Preprocessing_RepeatPresolve=-1;CPXPARAM_Preprocessing_Symmetry=-1;CPXPARAM_Read_Scale=0;CPXPARAM_Sifting_Algorithm=0;CPXPARAM_Simplex_Crash=1;CPXPARAM_Simplex_DGradient=0;CPXPARAM_Simplex_Limits_Perturbation=0;CPXPARAM_Simplex_Limits_Singularity=10;CPXPARAM_Simplex_PGradient=0;CPXPARAM_Simplex_Pricing=0;CPXPARAM_Simplex_Refactor=0
14529624246054721091,0,CPXPARAM_Advance=1;CPXPARAM_Barrier_Algorithm=0;CPXPARAM_Barrier_ColNonzeros=0;CPXPARAM_Barrier_Crossover=0;CPXPARAM_Barrier_Limits_Corrections=-1;CPXPARAM_Barrier_Ordering=0;CPXPARAM_Barrier_StartAlg=1;CPXPARAM_Emphasis_MIP=4;CPXPARAM_Emphasis_Memory=0;CPXPARAM_Emphasis_Numerical=0;CPXPARAM_Feasopt_Mode=0;CPXPARAM_LPMethod=0;CPXPARAM_MIP_Cuts_Cliques=0;CPXPARAM_MIP_Cuts_Covers=0;CPXPARAM_MIP_Cuts_Disjunctive=-1;CPXPARAM_MIP_Cuts_FlowCovers=2;CPXPARAM_MIP_Cuts_GUBCovers=-1;CPXPARAM_MIP_Cuts_Gomory=0;CPXPARAM_MIP_Cuts_Implied=-1;CPXPARAM_MIP_Cuts_MIRCut=0;CPXPARAM_MIP_Cuts_PathCut=2;CPXPARAM_MIP_Limits_AggForCut=3;CPXPARAM_MIP_Limits_CutPasses=0;CPXPARAM_MIP_Limits_CutsFactor=-1;CPXPARAM_MIP_Limits_GomoryCand=150;CPXPARAM_MIP_Limits_GomoryPass=0;CPXPARAM_MIP_Limits_Nodes=9223372036800000000;CPXPARAM_MIP_Limits_ProbeTime=1e+75;CPXPARAM_MIP_Limits_RepairTries=0;CPXPARAM_MIP_Limits_StrongCand=10;CPXPARAM_MIP_Limits_StrongIt=0;CPXPARAM_MIP_OrderType=0;CPXPARAM_MIP_Strategy_BBInterval=7;CPXPARAM_MIP_Strategy_Branch=0;CPXPARAM_MIP_Strategy_Dive=0;CPXPARAM_MIP_Strategy_File=1;CPXPARAM_MIP_Strategy_HeuristicFreq=0;CPXPARAM_MIP_Strategy_LBHeur=0;CPXPARAM_MIP_Strategy_NodeSelect=1;CPXPARAM_MIP_Strategy_Order=1;CPXPARAM_MIP_Strategy_PresolveNode=0;CPXPARAM_MIP_Strategy_Probe=0;CPXPARAM_MIP_Strategy_RINSHeur=0;CPXPARAM_MIP_Strategy_StartAlgorithm=0;CPXPARAM_MIP_Strategy_SubAlgorithm=0;CPXPARAM_MIP_Strategy_VariableSelect=0;CPXPARAM_Network_NetFind=2;CPXPARAM_Network_Pricing=0;CPXPARAM_Parallel=1;CPXPARAM_Preprocessing_Aggregator=-1;CPXPARAM_Preprocessing_BoundStrength=-1;CPXPARAM_Preprocessing_CoeffReduce=-1;CPXPARAM_Preprocessing_Dependency=-1;CPXPARAM_Preprocessing_Dual=0;CPXPARAM_Preprocessing_Fill=10;CPXPARAM_Preprocessing_NumPass=-1;CPXPARAM_Preprocessing_Presolve=1;CPXPARAM_Preprocessing_QPMakePSD=1;CPXPARAM_Preprocessing_Reduce=3;CPXPARAM_Preprocessing_Relax=-1;CPXPARAM_Preprocessing_RepeatPresolve=-1;CPXPARAM_Preprocessing_Symmetry=-1;CPXPARAM_Read_Scale=0;CPXPARAM_Sifting_Algorithm=0;CPXPARAM_Simplex_Crash=1;CPXPARAM_Simplex_DGradient=0;CPXPARAM_Simplex_Limits_Perturbation=0;CPXPARAM_Simplex_Limits_Singularity=10;CPXPARAM_Simplex_PGradient=0;CPXPARAM_Simplex_Pricing=0;CPXPARAM_Simplex_Refactor=0
18367835882839775580,0,CPXPARAM_Advance=1;CPXPARAM_Barrier_Algorithm=0;CPXPARAM_Barrier_ColNonzeros=0;CPXPARAM_Barrier_Crossover=0;CPXPARAM_Barrier_Limits_Corrections=-1;CPXPARAM_Barrier_Ordering=0;CPXPARAM_Barrier_StartAlg=1;CPXPARAM_Emphasis_MIP=0;CPXPARAM_Emphasis_Memory=0;CPXPARAM_Emphasis_Numerical=0;CPXPARAM_Feasopt_Mode=0;CPXPARAM_LPMethod=0;CPXPARAM_MIP_Cuts_Cliques=3;CPXPARAM_MIP_Cuts_Covers=2;CPXPARAM_MIP_Cuts_Disjunctive=0;CPXPARAM_MIP_Cuts_FlowCovers=-1;CPXPARAM_MIP_Cuts_GUBCovers=1;CPXPARAM_MIP_Cuts_Gomory=-1;CPXPARAM_MIP_Cuts_Implied=1;CPXPARAM_MIP_Cuts_MIRCut=2;CPXPARAM_MIP_Cuts_PathCut=0;CPXPARAM_MIP_Limits_AggForCut=3;CPXPARAM_MIP_Limits_CutPasses=0;CPXPARAM_MIP_Limits_CutsFactor=-1;CPXPARAM_MIP_Limits_GomoryCand=50;CPXPARAM_MIP_Limits_GomoryPass=0;CPXPARAM_MIP_Limits_Nodes=9223372036800000000;CPXPARAM_MIP_Limits_ProbeTime=1e+75;CPXPARAM_MIP_Limits_RepairTries=0;CPXPARAM_MIP_Limits_StrongCand=10;CPXPARAM_MIP_Limits_StrongIt=0;CPXPARAM_MIP_OrderType=0;CPXPARAM_MIP_Strategy_BBInterval=7;CPXPARAM_MIP_Strategy_Branch=0;CPXPARAM_MIP_Strategy_Dive=0;CPXPARAM_MIP_Strategy_File=1;CPXPARAM_MIP_Strategy_HeuristicFreq=0;CPXPARAM_MIP_Strategy_LBHeur=0;CPXPARAM_MIP_Strategy_NodeSelect=3;CPXPARAM_MIP_Strategy_Order=1;CPXPARAM_MIP_Strategy_PresolveNode=1;CPXPARAM_MIP_Strategy_Probe=-1;CPXPARAM_MIP_Strategy_RINSHeur=0;CPXPARAM_MIP_Strategy_StartAlgorithm=0;CPXPARAM_MIP_Strategy_SubAlgorithm=0;CPXPARAM_MIP_Strategy_VariableSelect=1;CPXPARAM_Network_NetFind=2;CPXPARAM_Network_Pricing=0;CPXPARAM_Parallel=1;CPXPARAM_Preprocessing_Aggregator=-1;CPXPARAM_Preprocessing_BoundStrength=-1;CPXPARAM_Preprocessing_CoeffReduce=-1;CPXPARAM_Preprocessing_Dependency=-1;CPXPARAM_Preprocessing_Dual=0;CPXPARAM_Preprocessing_Fill=10;CPXPARAM_Preprocessing_NumPass=-1;CPXPARAM_Preprocessing_Presolve=1;CPXPARAM_Preprocessing_QPMakePSD=1;CPXPARAM_Preprocessing_Reduce=3;CPXPARAM_Preprocessing_Relax=-1;CPXPARAM_Preprocessing_RepeatPresolve=-1;CPXPARAM_Preprocessing_Symmetry=-1;CPXPARAM_Read_Scale=0;CPXPARAM_Sifting_Algorithm=0;CPXPARAM_Simplex_Crash=1;CPXPARAM_Simplex_DGradient=0;CPXPARAM_Simplex_Limits_Perturbation=0;CPXPARAM_Simplex_Limits_Singularity=10;CPXPARAM_Simplex_PGradient=0;CPXPARAM_Simplex_Pricing=0;CPXPARAM_Simplex_Refactor=0
6161290180248879897,0,CPXPARAM_Advance=1;CPXPARAM_Barrier_Algorithm=0;CPXPARAM_Barrier_ColNonzeros=0;CPXPARAM_Barrier_Crossover=0;CPXPARAM_Barrier_Limits_Corrections=-1;CPXPARAM_Barrier_Ordering=0;CPXPARAM_Barrier_StartAlg=1;CPXPARAM_Emphasis_MIP=4;CPXPARAM_Emphasis_Memory=0;CPXPARAM_Emphasis_Numerical=0;CPXPARAM_Feasopt_Mode=0;CPXPARAM_LPMethod=0;CPXPARAM_MIP_Cuts_Cliques=0;CPXPARAM_MIP_Cuts_Covers=1;CPXPARAM_MIP_Cuts_Disjunctive=0;CPXPARAM_MIP_Cuts_FlowCovers=2;CPXPARAM_MIP_Cuts_GUBCovers=2;CPXPARAM_MIP_Cuts_Gomory=0;CPXPARAM_MIP_Cuts_Implied=1;CPXPARAM_MIP_Cuts_MIRCut=2;CPXPARAM_MIP_Cuts_PathCut=1;CPXPARAM_MIP_Limits_AggForCut=3;CPXPARAM_MIP_Limits_CutPasses=0;CPXPARAM_MIP_Limits_CutsFactor=-1;CPXPARAM_MIP_Limits_GomoryCand=150;CPXPARAM_MIP_Limits_GomoryPass=0;CPXPARAM_MIP_Limits_Nodes=9223372036800000000;CPXPARAM_MIP_Limits_ProbeTime=1e+75;CPXPARAM_MIP_Limits_RepairTries=0;CPXPARAM_MIP_Limits_StrongCand=10;CPXPARAM_MIP_Limits_StrongIt=0;CPXPARAM_MIP_OrderType=0;CPXPARAM_MIP_Strategy_BBInterval=7;CPXPARAM_MIP_Strategy_Branch=0;CPXPARAM_MIP_Strategy_Dive=0;CPXPARAM_MIP_Strategy_File=1;CPXPARAM_MIP_Strategy_HeuristicFreq=0;CPXPARAM_MIP_Strategy_LBHeur=0;CPXPARAM_MIP_Strategy_NodeSelect=1;CPXPARAM_MIP_Strategy_Order=1;CPXPARAM_MIP_Strategy_PresolveNode=0;CPXPARAM_MIP_Strategy_Probe=0;CPXPARAM_MIP_Strategy_RINSHeur=0;CPXPARAM_MIP_Strategy_StartAlgorithm=0;CPXPARAM_MIP_Strategy_SubAlgorithm=0;CPXPARAM_MIP_Strategy_VariableSelect=0;CPXPARAM_Network_NetFind=2;CPXPARAM_Network_Pricing=0;CPXPARAM_Parallel=1;CPXPARAM_Preprocessing_Aggregator=-1;CPXPARAM_Preprocessing_BoundStrength=-1;CPXPARAM_Preprocessing_CoeffReduce=-1;CPXPARAM_Preprocessing_Dependency=-1;CPXPARAM_Preprocessing_Dual=0;CPXPARAM_Preprocessing_Fill=10;CPXPARAM_Preprocessing_NumPass=-1;CPXPARAM_Preprocessing_Presolve=1;CPXPARAM_Preprocessing_QPMakePSD=1;CPXPARAM_Preprocessing_Reduce=3;CPXPARAM_Preprocessing_Relax=-1;CPXPARAM_Preprocessing_RepeatPresolve=-1;CPXPARAM_Preprocessing_Symmetry=-1;CPXPARAM_Read_Scale=0;CPXPARAM_Sifting_Algorithm=0;CPXPARAM_Simplex_Crash=1;CPXPARAM_Simplex_DGradient=0;CPXPARAM_Simplex_Limits_Perturbation=0;CPXPARAM_Simplex_Limits_Singularity=10;CPXPARAM_Simplex_PGradient=0;CPXPARAM_Simplex_Pricing=0;CPXPARAM_Simplex_Refactor=0
16090212300112379235,0,CPXPARAM_Advance=1;CPXPARAM_Barrier_Algorithm=0;CPXPARAM_Barrier_ColNonzeros=0;CPXPARAM_Barrier_Crossover=0;CPXPARAM_Barrier_Limits_Corrections=-1;CPXPARAM_Barrier_Ordering=0;CPXPARAM_Barrier_StartAlg=1;CPXPARAM_Emphasis_MIP=5;CPXPARAM_Emphasis_Memory=0;CPXPARAM_Emphasis_Numerical=0;CPXPARAM_Feasopt_Mode=0;CPXPARAM_LPMethod=0;CPXPARAM_MIP_Cuts_Cliques=3;CPXPARAM_MIP_Cuts_Covers=0;CPXPARAM_MIP_Cuts_Disjunctive=-1;CPXPARAM_MIP_Cuts_FlowCovers=0;CPXPARAM_MIP_Cuts_GUBCovers=1;CPXPARAM_MIP_Cuts_Gomory=-1;CPXPARAM_MIP_Cuts_Implied=2;CPXPARAM_MIP_Cuts_MIRCut=-1;CPXPARAM_MIP_Cuts_PathCut=-1;CPXPARAM_MIP_Limits_AggForCut=0;CPXPARAM_MIP_Limits_CutPasses=0;CPXPARAM_MIP_Limits_CutsFactor=-1;CPXPARAM_MIP_Limits_GomoryCand=200;CPXPARAM_MIP_Limits_GomoryPass=0;CPXPARAM_MIP_Limits_Nodes=9223372036800000000;CPXPARAM_MIP_Limits_ProbeTime=1e+75;CPXPARAM_MIP_Limits_RepairTries=0;CPXPARAM_MIP_Limits_StrongCand=10;CPXPARAM_MIP_Limits_StrongIt=0;CPXPARAM_MIP_OrderType=0;CPXPARAM_MIP_Strategy_BBInterval=7;CPXPARAM_MIP_Strategy_Branch=-1;CPXPARAM_MIP_Strategy_Dive=0;CPXPARAM_MIP_Strategy_File=1;CPXPARAM_MIP_Strategy_HeuristicFreq=0;CPXPARAM_MIP_Strategy_LBHeur=0;CPXPARAM_MIP_Strategy_NodeSelect=2;CPXPARAM_MIP_Strategy_Order=1;CPXPARAM_MIP_Strategy_PresolveNode=-1;CPXPARAM_MIP_Strategy_Probe=2;CPXPARAM_MIP_Strategy_RINSHeur=0;CPXPARAM_MIP_Strategy_StartAlgorithm=0;CPXPARAM_MIP_Strategy_SubAlgorithm=3;CPXPARAM_MIP_Strategy_VariableSelect=4;CPXPARAM_Network_NetFind=2;CPXPARAM_Network_Pricing=0;CPXPARAM_Parallel=1;CPXPARAM_Preprocessing_Aggregator=-1;CPXPARAM_Preprocessing_BoundStrength=-1;CPXPARAM_Preprocessing_CoeffReduce=-1;CPXPARAM_Preprocessing_Dependency=-1;CPXPARAM_Preprocessing_Dual=0;CPXPARAM_Preprocessing_Fill=20;CPXPARAM_Preprocessing_NumPass=-1;CPXPARAM_Preprocessing_Presolve=1;CPXPARAM_Preprocessing_QPMakePSD=1;CPXPARAM_Preprocessing_Reduce=3;CPXPARAM_Preprocessing_Relax=-1;CPXPARAM_Preprocessing_RepeatPresolve=-1;CPXPARAM_Preprocessing_Symmetry=-1;CPXPARAM_Read_Scale=0;CPXPARAM_Sifting_Algorithm=0;CPXPARAM_Simplex_Crash=1;CPXPARAM_Simplex_DGradient=0;CPXPARAM_Simplex_Limits_Perturbation=0;CPXPARAM_Simplex_Limits_Singularity=10;CPXPARAM_Simplex_PGradient=0;CPXPARAM_Simplex_Pricing=0;CPXPARAM_Simplex_Refactor=0
6053258701798337880,0,CPXPARAM_Advance=1;CPXPARAM_Barrier_Algorithm=0;CPXPARAM_Barrier_ColNonzeros=0;CPXPARAM_Barrier_Crossover=0;CPXPARAM_Barrier_Limits_Corrections=-1;CPXPARAM_Barrier_Ordering=0;CPXPARAM_Barrier_StartAlg=1;CPXPARAM_Emphasis_MIP=2;CPXPARAM_Emphasis_Memory=0;CPXPARAM_Emphasis_Numerical=0;CPXPARAM_Feasopt_Mode=0;CPXPARAM_LPMethod=0;CPXPARAM_MIP_Cuts_Cliques=-1;CPXPARAM_MIP_Cuts_Covers=0;CPXPARAM_MIP_Cuts_Disjunctive=1;CPXPARAM_MIP_Cuts_FlowCovers=2;CPXPARAM_MIP_Cuts_GUBCovers=-1;CPXPARAM_MIP_Cuts_Gomory=0;CPXPARAM_MIP_Cuts_Implied=-1;CPXPARAM_MIP_Cuts_MIRCut=-1;CPXPARAM_MIP_Cuts_PathCut=-1;CPXPARAM_MIP_Limits_AggForCut=3;CPXPARAM_MIP_Limits_CutPasses=0;CPXPARAM_MIP_Limits_CutsFactor=-1;CPXPARAM_MIP_Limits_GomoryCand=400;CPXPARAM_MIP_Limits_GomoryPass=0;CPXPARAM_MIP_Limits_Nodes=9223372036800000000;CPXPARAM_MIP_Limits_ProbeTime=1e+75;CPXPARAM_MIP_Limits_RepairTries=0;CPXPARAM_MIP_Limits_StrongCand=10;CPXPARAM_MIP_Limits_StrongIt=0;CPXPARAM_MIP_OrderType=0;CPXPARAM_MIP_Strategy_BBInterval=7;CPXPARAM_MIP_Strategy_Branch=0;CPXPARAM_MIP_Strategy_Dive=0;CPXPARAM_MIP_Strategy_File=1;CPXPARAM_MIP_Strategy_HeuristicFreq=0;CPXPARAM_MIP_Strategy_LBHeur=0;CPXPARAM_MIP_Strategy_NodeSelect=1;CPXPARAM_MIP_Strategy_Order=1;CPXPARAM_MIP_Strategy_PresolveNode=0;CPXPARAM_MIP_Strategy_Probe=0;CPXPARAM_MIP_Strategy_RINSHeur=0;CPXPARAM_MIP_Strategy_StartAlgorithm=0;CPXPARAM_MIP_Strategy_SubAlgorithm=0;CPXPARAM_MIP_Strategy_VariableSelect=0;CPXPARAM_Network_NetFind=2;CPXPARAM_Network_Pricing=0;CPXPARAM_Parallel=1;CPXPARAM_Preprocessing_Aggregator=-1;CPXPARAM_Preprocessing_BoundStrength=-1;CPXPARAM_Preprocessing_CoeffReduce=-1;CPXPARAM_Preprocessing_Dependency=-1;CPXPARAM_Preprocessing_Dual=0;CPXPARAM_Preprocessing_Fill=10;CPXPARAM_Preprocessing_NumPass=-1;CPXPARAM_Preprocessing_Presolve=1;CPXPARAM_Preprocessing_QPMakePSD=1;CPXPARAM_Preprocessing_Reduce=3;CPXPARAM_Preprocessing_Relax=-1;CPXPARAM_Preprocessing_RepeatPresolve=-1;CPXPARAM_Preprocessing_Symmetry=-1;CPXPARAM_Read_Scale=0;CPXPARAM_Sifting_Algorithm=0;CPXPARAM_Simplex_Crash=1;CPXPARAM_Simplex_DGradient=0;CPXPARAM_Simplex_Limits_Perturbation=0;CPXPARAM_Simplex_Limits_Singularity=10;CPXPARAM_Simplex_PGradient=0;CPXPARAM_Simplex_Pricing=0;CPXPARAM_Simplex_Refactor=0
6045211571471259742,0,CPXPARAM_Advance=1;CPXPARAM_Barrier_Algorithm=0;CPXPARAM_Barrier_ColNonzeros=0;CPXPARAM_Barrier_Crossover=0;CPXPARAM_Barrier_Limits_Corrections=-1;CPXPARAM_Barrier_Ordering=0;CPXPARAM_Barrier_StartAlg=1;CPXPARAM_Emphasis_MIP=0;CPXPARAM_Emphasis_Memory=0;CPXPARAM_Emphasis_Numerical=0;CPXPARAM_Feasopt_Mode=0;CPXPARAM_LPMethod=0;CPXPARAM_MIP_Cuts_Cliques=1;CPXPARAM_MIP_Cuts_Covers=0;CPXPARAM_MIP_Cuts_Disjunctive=1;CPXPARAM_MIP_Cuts_FlowCovers=0;CPXPARAM_MIP_Cuts_GUBCovers=1;CPXPARAM_MIP_Cuts_Gomory=0;CPXPARAM_MIP_Cuts_Implied=2;CPXPARAM_MIP_Cuts_MIRCut=1;CPXPARAM_MIP_Cuts_PathCut=0;CPXPARAM_MIP_Limits_AggForCut=3;CPXPARAM_MIP_Limits_CutPasses=0;CPXPARAM_MIP_Limits_CutsFactor=-1;CPXPARAM_MIP_Limits_GomoryCand=800;CPXPARAM_MIP_Limits_GomoryPass=0;CPXPARAM_MIP_Limits_Nodes=9223372036800000000;CPXPARAM_MIP_Limits_ProbeTime=1e+75;CPXPARAM_MIP_Limits_RepairTries=0;CPXPARAM_MIP_Limits_StrongCand=10;CPXPARAM_MIP_Limits_StrongIt=0;CPXPARAM_MIP_OrderType=0;CPXPARAM_MIP_Strategy_BBInterval=7;CPXPARAM_MIP_Strategy_Branch=1;CPXPARAM_MIP_Strategy_Dive=0;CPXPARAM_MIP_Strategy_File=1;CPXPARAM_MIP_Strategy_HeuristicFreq=0;CPXPARAM_MIP_Strategy_LBHeur=0;CPXPARAM_MIP_Strategy_NodeSelect=1;CPXPARAM_MIP_Strategy_Order=1;CPXPARAM_MIP_Strategy_PresolveNode=2;CPXPARAM_MIP_Strategy_Probe=3;CPXPARAM_MIP_Strategy_RINSHeur=0;CPXPARAM_MIP_Strategy_StartAlgorithm=0;CPXPARAM_MIP_Strategy_SubAlgorithm=0;CPXPARAM_MIP_Strategy_VariableSelect=2;CPXPARAM_Network_NetFind=2;CPXPARAM_Network_Pricing=0;CPXPARAM_Parallel=1;CPXPARAM_Preprocessing_Aggregator=-1;CPXPARAM_Preprocessing_BoundStrength=-1;CPXPARAM_Preprocessing_CoeffReduce=-1;CPXPARAM_Preprocessing_Dependency=-1;CPXPARAM_Preprocessing_Dual=0;CPXPARAM_Preprocessing_Fill=10;CPXPARAM_Preprocessing_NumPass=-1;CPXPARAM_Preprocessing_Presolve=1;CPXPARAM_Preprocessing_QPMakePSD=1;CPXPARAM_Preprocessing_Reduce=3;CPXPARAM_Preprocessing_Relax=-1;CPXPARAM_Preprocessing_RepeatPresolve=-1;CPXPARAM_Preprocessing_Symmetry=-1;CPXPARAM_Read_Scale=0;CPXPARAM_Sifting_Algorithm=0;CPXPARAM_Simplex_Crash=1;CPXPARAM_Simplex_DGradient=0;CPXPARAM_Simplex_Limits_Perturbation=0;CPXPARAM_Simplex_Limits_Singularity=10;CPXPARAM_Simplex_PGradient=0;CPXPARAM_Simplex_Pricing=0;CPXPARAM_Simplex_Refactor=0
11492237365574161130,0,CPXPARAM_Advance=1;CPXPARAM_Barrier_Algorithm=0;CPXPARAM_Barrier_ColNonzeros=0;CPXPARAM_Barrier_Crossover=0;CPXPARAM_Barrier_Limits_Corrections=-1;CPXPARAM_Barrier_Ordering=0;CPXPARAM_Barrier_StartAlg=1;CPXPARAM_Emphasis_MIP=0;CPXPARAM_Emphasis_Memory=0;CPXPARAM_Emphasis_Numerical=0;CPXPARAM_Feasopt_Mode=0;CPXPARAM_LPMethod=0;CPXPARAM_MIP_Cuts_Cliques=1;CPXPARAM_MIP_Cuts_Covers=3;CPXPARAM_MIP_Cuts_Disjunctive=1;CPXPARAM_MIP_Cuts_FlowCovers=0;CPXPARAM_MIP_Cuts_GUBCovers=0;CPXPARAM_MIP_Cuts_Gomory=2;CPXPARAM_MIP_Cuts_Implied=0;CPXPARAM_MIP_Cuts_MIRCut=1;CPXPARAM_MIP_Cuts_PathCut=2;CPXPARAM_MIP_Limits_AggForCut=3;CPXPARAM_MIP_Limits_CutPasses=0;CPXPARAM_MIP_Limits_CutsFactor=-1;CPXPARAM_MIP_Limits_GomoryCand=200;CPXPARAM_MIP_Limits_GomoryPass=0;CPXPARAM_MIP_Limits_Nodes=9223372036800000000;CPXPARAM_MIP_Limits_ProbeTime=1e+75;CPXPARAM_MIP_Limits_RepairTries=0;CPXPARAM_MIP_Limits_StrongCand=10;CPXPARAM_MIP_Limits_StrongIt=0;CPXPARAM_MIP_OrderType=0;CPXPARAM_MIP_Strategy_BBInterval=7;CPXPARAM_MIP_Strategy_Branch=0;CPXPARAM_MIP_Strategy_Dive=0;CPXPARAM_MIP_Strategy_File=1;CPXPARAM_MIP_Strategy_HeuristicFreq=0;CPXPARAM_MIP_Strategy_LBHeur=0;CPXPARAM_MIP_Strategy_NodeSelect=1;CPXPARAM_MIP_Strategy_Order=1;CPXPARAM_MIP_Strategy_PresolveNode=0;CPXPARAM_MIP_Strategy_Probe=2;CPXPARAM_MIP_Strategy_RINSHeur=0;CPXPARAM_MIP_Strategy_StartAlgorithm=0;CPXPARAM_MIP_Strategy_SubAlgorithm=0;CPXPARAM_MIP_Strategy_VariableSelect=0;CPXPARAM_Network_NetFind=2;CPXPARAM_Network_Pricing=0;CPXPARAM_Parallel=1;CPXPARAM_Preprocessing_Aggregator=-1;CPXPARAM_Preprocessing_BoundStrength=-1;CPXPARAM_Preprocessing_CoeffReduce=-1;CPXPARAM_Preprocessing_Dependency=-1;CPXPARAM_Preprocessing_Dual=0;CPXPARAM_Preprocessing_Fill=10;CPXPARAM_Preprocessing_NumPass=-1;CPXPARAM_Preprocessing_Presolve=1;CPXPARAM_Preprocessing_QPMakePSD=1;CPXPARAM_Preprocessing_Reduce=3;CPXPARAM_Preprocessing_Relax=-1;CPXPARAM_Preprocessing_RepeatPresolve=-1;CPXPARAM_Preprocessing_Symmetry=-1;CPXPARAM_Read_Scale=0;CPXPARAM_Sifting_Algorithm=0;CPXPARAM_Simplex_Crash=1;CPXPARAM_Simplex_DGradient=0;CPXPARAM_Simplex_Limits_Perturbation=0;CPXPARAM_Simplex_Limits_Singularity=10;CPXPARAM_Simplex_PGradient=0;CPXPARAM_Simplex_Pricing=0;CPXPARAM_Simplex_Refactor=0
14868793720056996714,0,CPXPARAM_Advance=1;CPXPARAM_Barrier_Algorithm=0;CPXPARAM_Barrier_ColNonzeros=0;CPXPARAM_Barrier_Crossover=0;CPXPARAM_Barrier_Limits_Corrections=-1;CPXPARAM_Barrier_Ordering=0;CPXPARAM_Barrier_StartAlg=1;CPXPARAM_Emphasis_MIP=5;CPXPARAM_Emphasis_Memory=0;CPXPARAM_Emphasis_Numerical=0;CPXPARAM_Feasopt_Mode=0;CPXPARAM_LPMethod=0;CPXPARAM_MIP_Cuts_Cliques=-1;CPXPARAM_MIP_Cuts_Covers=3;CPXPARAM_MIP_Cuts_Disjunctive=-1;CPXPARAM_MIP_Cuts_FlowCovers=-1;CPXPARAM_MIP_Cuts_GUBCovers=0;CPXPARAM_MIP_Cuts_Gomory=1;CPXPARAM_MIP_Cuts_Implied=2;CPXPARAM_MIP_Cuts_MIRCut=-1;CPXPARAM_MIP_Cuts_PathCut=2;CPXPARAM_MIP_Limits_AggForCut=2;CPXPARAM_MIP_Limits_CutPasses=0;CPXPARAM_MIP_Limits_CutsFactor=-1;CPXPARAM_MIP_Limits_GomoryCand=400;CPXPARAM_MIP_Limits_GomoryPass=0;CPXPARAM_MIP_Limits_Nodes=9223372036800000000;CPXPARAM_MIP_Limits_ProbeTime=1e+75;CPXPARAM_MIP_Limits_RepairTries=0;CPXPARAM_MIP_Limits_StrongCand=10;CPXPARAM_MIP_Limits_StrongIt=0;CPXPARAM_MIP_OrderType=1;CPXPARAM_MIP_Strategy_BBInterval=7;CPXPARAM_MIP_Strategy_Branch=1;CPXPARAM_MIP_Strategy_Dive=0;CPXPARAM_MIP_Strategy_File=1;CPXPARAM_MIP_Strategy_HeuristicFreq=0;CPXPARAM_MIP_Strategy_LBHeur=0;CPXPARAM_MIP_Strategy_NodeSelect=1;CPXPARAM_MIP_Strategy_Order=1;CPXPARAM_MIP_Strategy_PresolveNode=0;CPXPARAM_MIP_Strategy_Probe=2;CPXPARAM_MIP_Strategy_RINSHeur=0;CPXPARAM_MIP_Strategy_StartAlgorithm=0;CPXPARAM_MIP_Strategy_SubAlgorithm=1;CPXPARAM_MIP_Strategy_VariableSelect=-1;CPXPARAM_Network_NetFind=2;CPXPARAM_Network_Pricing=0;CPXPARAM_Parallel=1;CPXPARAM_Preprocessing_Aggregator=-1;CPXPARAM_Preprocessing_BoundStrength=-1;CPXPARAM_Preprocessing_CoeffReduce=-1;CPXPARAM_Preprocessing_Dependency=-1;CPXPARAM_Preprocessing_Dual=0;CPXPARAM_Preprocessing_Fill=20;CPXPARAM_Preprocessing_NumPass=-1;CPXPARAM_Preprocessing_Presolve=1;CPXPARAM_Preprocessing_QPMakePSD=1;CPXPARAM_Preprocessing_Reduce=3;CPXPARAM_Preprocessing_Relax=-1;CPXPARAM_Preprocessing_RepeatPresolve=-1;CPXPARAM_Preprocessing_Symmetry=-1;CPXPARAM_Read_Scale=1;CPXPARAM_Sifting_Algorithm=0;CPXPARAM_Simplex_Crash=1;CPXPARAM_Simplex_DGradient=0;CPXPARAM_Simplex_Limits_Perturbation=0;CPXPARAM_Simplex_Limits_Singularity=10;CPXPARAM_Simplex_PGradient=0;CPXPARAM_Simplex_Pricing=0;CPXPARAM_Simplex_Refactor=0
15522598610878350229,0,CPXPARAM_Advance=1;CPXPARAM_Barrier_Algorithm=0;CPXPARAM_Barrier_ColNonzeros=0;CPXPARAM_Barrier_Crossover=0;CPXPARAM_Barrier_Limits_Corrections=-1;CPXPARAM_Barrier_Ordering=0;CPXPARAM_Barrier_StartAlg=1;CPXPARAM_Emphasis_MIP=0;CPXPARAM_Emphasis_Memory=0;CPXPARAM_Emphasis_Numerical=0;CPXPARAM_Feasopt_Mode=0;CPXPARAM_LPMethod=0;CPXPARAM_MIP_Cuts_Cliques=1;CPXPARAM_MIP_Cuts_Covers=0;CPXPARAM_MIP_Cuts_Disjunctive=1;CPXPARAM_MIP_Cuts_FlowCovers=-1;CPXPARAM_MIP_Cuts_GUBCovers=0;CPXPARAM_MIP_Cuts_Gomory=-1;CPXPARAM_MIP_Cuts_Implied=-1;CPXPARAM_MIP_Cuts_MIRCut=-1;CPXPARAM_MIP_Cuts_PathCut=2;CPXPARAM_MIP_Limits_AggForCut=3;CPXPARAM_MIP_Limits_CutPasses=0;CPXPARAM_MIP_Limits_CutsFactor=-1;CPXPARAM_MIP_Limits_GomoryCand=800;CPXPARAM_MIP_Limits_GomoryPass=0;CPXPARAM_MIP_Limits_Nodes=9223372036800000000;CPXPARAM_MIP_Limits_ProbeTime=1e+75;CPXPARAM_MIP_Limits_RepairTries=0;CPXPARAM_MIP_Limits_StrongCand=10;CPXPARAM_MIP_Limits_StrongIt=0;CPXPARAM_MIP_OrderType=0;CPXPARAM_MIP_Strategy_BBInterval=7;CPXPARAM_MIP_Strategy_Branch=0;CPXPARAM_MIP_Strategy_Dive=0;CPXPARAM_MIP_Strategy_File=1;CPXPARAM_MIP_Strategy_HeuristicFreq=0;CPXPARAM_MIP_Strategy_LBHeur=0;CPXPARAM_MIP_Strategy_NodeSelect=2;CPXPARAM_MIP_Strategy_Order=1;CPXPARAM_MIP_Strategy_PresolveNode=1;CPXPARAM_MIP_Strategy_Probe=0;CPXPARAM_MIP_Strategy_RINSHeur=0;CPXPARAM_MIP_Strategy_StartAlgorithm=0;CPXPARAM_MIP_Strategy_SubAlgorithm=0;CPXPARAM_MIP_Strategy_VariableSelect=1;CPXPARAM_Network_NetFind=2;CPXPARAM_Network_Pricing=0;CPXPARAM_Parallel=1;CPXPARAM_Preprocessing_Aggregator=-1;CPXPARAM_Preprocessing_BoundStrength=-1;CPXPARAM_Preprocessing_CoeffReduce=-1;CPXPARAM_Preprocessing_Dependency=-1;CPXPARAM_Preprocessing_Dual=0;CPXPARAM_Preprocessing_Fill=10;CPXPARAM_Preprocessing_NumPass=-1;CPXPARAM_Preprocessing_Presolve=1;CPXPARAM_Preprocessing_QPMakePSD=1;CPXPARAM_Preprocessing_Reduce=3;CPXPARAM_Preprocessing_Relax=-1;CPXPARAM_Preprocessing_RepeatPresolve=-1;CPXPARAM_Preprocessing_Symmetry=-1;CPXPARAM_Read_Scale=0;CPXPARAM_Sifting_Algorithm=0;CPXPARAM_Simplex_Crash=1;CPXPARAM_Simplex_DGradient=0;CPXPARAM_Simplex_Limits_Perturbation=0;CPXPARAM_Simplex_Limits_Singularity=10;CPXPARAM_Simplex_PGradient=0;CPXPARAM_Simplex_Pricing=0;CPXPARAM_Simplex_Refactor=0
14454702165343057482,0,CPXPARAM_Advance=1;CPXPARAM_Barrier_Algorithm=0;CPXPARAM_Barrier_ColNonzeros=0;CPXPARAM_Barrier_Crossover=0;CPXPARAM_Barrier_Limits_Corrections=-1;CPXPARAM_Barrier_Ordering=0;CPXPARAM_Barrier_StartAlg=1;CPXPARAM_Emphasis_MIP=5;CPXPARAM_Emphasis_Memory=0;CPXPARAM_Emphasis_Numerical=0;CPXPARAM_Feasopt_Mode=0;CPXPARAM_LPMethod=0;CPXPARAM_MIP_Cuts_Cliques=3;CPXPARAM_MIP_Cuts_Covers=0;CPXPARAM_MIP_Cuts_Disjunctive=1;CPXPARAM_MIP_Cuts_FlowCovers=0;CPXPARAM_MIP_Cuts_GUBCovers=0;CPXPARAM_MIP_Cuts_Gomory=2;CPXPARAM_MIP_Cuts_Implied=1;CPXPARAM_MIP_Cuts_MIRCut=-1;CPXPARAM_MIP_Cuts_PathCut=1;CPXPARAM_MIP_Limits_AggForCut=5;CPXPARAM_MIP_Limits_CutPasses=0;CPXPARAM_MIP_Limits_CutsFactor=-1;CPXPARAM_MIP_Limits_GomoryCand=150;CPXPARAM_MIP_Limits_GomoryPass=0;CPXPARAM_MIP_Limits_Nodes=9223372036800000000;CPXPARAM_MIP_Limits_ProbeTime=1e+75;CPXPARAM_MIP_Limits_RepairTries=0;CPXPARAM_MIP_Limits_StrongCand=10;CPXPARAM_MIP_Limits_StrongIt=0;CPXPARAM_MIP_OrderType=3;CPXPARAM_MIP_Strategy_BBInterval=7;CPXPARAM_MIP_Strategy_Branch=0;CPXPARAM_MIP_Strategy_Dive=0;CPXPARAM_MIP_Strategy_File=1;CPXPARAM_MIP_Strategy_HeuristicFreq=0;CPXPARAM_MIP_Strategy_LBHeur=0;CPXPARAM_MIP_Strategy_NodeSelect=0;CPXPARAM_MIP_Strategy_Order=1;CPXPARAM_MIP_Strategy_PresolveNode=-1;CPXPARAM_MIP_Strategy_Probe=2;CPXPARAM_MIP_Strategy_RINSHeur=0;CPXPARAM_MIP_Strategy_StartAlgorithm=0;CPXPARAM_MIP_Strategy_SubAlgorithm=5;CPXPARAM_MIP_Strategy_VariableSelect=4;CPXPARAM_Network_NetFind=2;CPXPARAM_Network_Pricing=0;CPXPARAM_Parallel=1;CPXPARAM_Preprocessing_Aggregator=-1;CPXPARAM_Preprocessing_BoundStrength=-1;CPXPARAM_Preprocessing_CoeffReduce=-1;CPXPARAM_Preprocessing_Dependency=-1;CPXPARAM_Preprocessing_Dual=0;CPXPARAM_Preprocessing_Fill=20;CPXPARAM_Preprocessing_NumPass=-1;CPXPARAM_Preprocessing_Presolve=1;CPXPARAM_Preprocessing_QPMakePSD=1;CPXPARAM_Preprocessing_Reduce=1;CPXPARAM_Preprocessing_Relax=-1;CPXPARAM_Preprocessing_RepeatPresolve=-1;CPXPARAM_Preprocessing_Symmetry=-1;CPXPARAM_Read_Scale=0;CPXPARAM_Sifting_Algorithm=0;CPXPARAM_Simplex_Crash=1;CPXPARAM_Simplex_DGradient=0;CPXPARAM_Simplex_Limits_Perturbation=0;CPXPARAM_Simplex_Limits_Singularity=10;CPXPARAM_Simplex_PGradient=0;CPXPARAM_Simplex_Pricing=0;CPXPARAM_Simplex_Refactor=0
4828283501573869800,0,CPXPARAM_Advance=1;CPXPARAM_Barrier_Algorithm=0;CPXPARAM_Barrier_ColNonzeros=0;CPXPARAM_Barrier_Crossover=0;CPXPARAM_Barrier_Limits_Corrections=-1;CPXPARAM_Barrier_Ordering=0;CPXPARAM_Barrier_StartAlg=1;CPXPARAM_Emphasis_MIP=2;CPXPARAM_Emphasis_Memory=0;CPXPARAM_Emphasis_Numerical=0;CPXPARAM_Feasopt_Mode=0;CPXPARAM_LPMethod=0;CPXPARAM_MIP_Cuts_Cliques=3;CPXPARAM_MIP_Cuts_Covers=-1;CPXPARAM_MIP_Cuts_Disjunctive=-1;CPXPARAM_MIP_Cuts_FlowCovers=-1;CPXPARAM_MIP_Cuts_GUBCovers=1;CPXPARAM_MIP_Cuts_Gomory=-1;CPXPARAM_MIP_Cuts_Implied=-1;CPXPARAM_MIP_Cuts_MIRCut=1;CPXPARAM_MIP_Cuts_PathCut=-1;CPXPARAM_MIP_Limits_AggForCut=5;CPXPARAM_MIP_Limits_CutPasses=0;CPXPARAM_MIP_Limits_CutsFactor=-1;CPXPARAM_MIP_Limits_GomoryCand=200;CPXPARAM_MIP_Limits_GomoryPass=0;CPXPARAM_MIP_Limits_Nodes=9223372036800000000;CPXPARAM_MIP_Limits_ProbeTime=1e+75;CPXPARAM_MIP_Limits_RepairTries=0;CPXPARAM_MIP_Limits_StrongCand=10;CPXPARAM_MIP_Limits_StrongIt=0;CPXPARAM_MIP_OrderType=3;CPXPARAM_MIP_Strategy_BBInterval=7;CPXPARAM_MIP_Strategy_Branch=-1;CPXPARAM_MIP_Strategy_Dive=0;CPXPARAM_MIP_Strategy_File=1;CPXPARAM_MIP_Strategy_HeuristicFreq=0;CPXPARAM_MIP_Strategy_LBHeur=0;CPXPARAM_MIP_Strategy_NodeSelect=3;CPXPARAM_MIP_Strategy_Order=1;CPXPARAM_MIP_Strategy_PresolveNode=-1;CPXPARAM_MIP_Strategy_Probe=0;CPXPARAM_MIP_Strategy_RINSHeur=0;CPXPARAM_MIP_Strategy_StartAlgorithm=0;CPXPARAM_MIP_Strategy_SubAlgorithm=0;CPXPARAM_MIP_Strategy_VariableSelect=0;CPXPARAM_Network_NetFind=2;CPXPARAM_Network_Pricing=0;CPXPARAM_Parallel=1;CPXPARAM_Preprocessing_Aggregator=-1;CPXPARAM_Preprocessing_BoundStrength=-1;CPXPARAM_Preprocessing_CoeffReduce=-1;CPXPARAM_Preprocessing_Dependency=-1;CPXPARAM_Preprocessing_Dual=0;CPXPARAM_Preprocessing_Fill=10;CPXPARAM_Preprocessing_NumPass=-1;CPXPARAM_Preprocessing_Presolve=1;CPXPARAM_Preprocessing_QPMakePSD=1;CPXPARAM_Preprocessing_Reduce=2;CPXPARAM_Preprocessing_Relax=-1;CPXPARAM_Preprocessing_RepeatPresolve=-1;CPXPARAM_Preprocessing_Symmetry=-1;CPXPARAM_Read_Scale=0;CPXPARAM_Sifting_Algorithm=0;CPXPARAM_Simplex_Crash=1;CPXPARAM_Simplex_DGradient=0;CPXPARAM_Simplex_Limits_Perturbation=0;CPXPARAM_Simplex_Limits_Singularity=10;CPXPARAM_Simplex_PGradient=0;CPXPARAM_Simplex_Pricing=0;CPXPARAM_Simplex_Refactor=0
13638163336076558933,0,CPXPARAM_Advance=1;CPXPARAM_Barrier_Algorithm=0;CPXPARAM_Barrier_ColNonzeros=0;CPXPARAM_Barrier_Crossover=0;CPXPARAM_Barrier_Limits_Corrections=-1;CPXPARAM_Barrier_Ordering=0;CPXPARAM_Barrier_StartAlg=1;CPXPARAM_Emphasis_MIP=0;CPXPARAM_Emphasis_Memory=0;CPXPARAM_Emphasis_Numerical=0;CPXPARAM_Feasopt_Mode=0;CPXPARAM_LPMethod=0;CPXPARAM_MIP_Cuts_Cliques=2;CPXPARAM_MIP_Cuts_Covers=1;CPXPARAM_MIP_Cuts_Disjunctive=-1;CPXPARAM_MIP_Cuts_FlowCovers=0;CPXPARAM_MIP_Cuts_GUBCovers=1;CPXPARAM_MIP_Cuts_Gomory=0;CPXPARAM_MIP_Cuts_Implied=2;CPXPARAM_MIP_Cuts_MIRCut=-1;CPXPARAM_MIP_Cuts_PathCut=2;CPXPARAM_MIP_Limits_AggForCut=3;CPXPARAM_MIP_Limits_CutPasses=0;CPXPARAM_MIP_Limits_CutsFactor=-1;CPXPARAM_MIP_Limits_GomoryCand=200;CPXPARAM_MIP_Limits_GomoryPass=0;CPXPARAM_MIP_Limits_Nodes=9223372036800000000;CPXPARAM_MIP_Limits_ProbeTime=1e+75;CPXPARAM_MIP_Limits_RepairTries=0;CPXPARAM_MIP_Limits_StrongCand=10;CPXPARAM_MIP_Limits_StrongIt=0;CPXPARAM_MIP_OrderType=0;CPXPARAM_MIP_Strategy_BBInterval=7;CPXPARAM_MIP_Strategy_Branch=-1;CPXPARAM_MIP_Strategy_Dive=0;CPXPARAM_MIP_Strategy_File=1;CPXPARAM_MIP_Strategy_HeuristicFreq=0;CPXPARAM_MIP_Strategy_LBHeur=0;CPXPARAM_MIP_Strategy_NodeSelect=3;CPXPARAM_MIP_Strategy_Order=1;CPXPARAM_MIP_Strategy_PresolveNode=2;CPXPARAM_MIP_Strategy_Probe=0;CPXPARAM_MIP_Strategy_RINSHeur=0;CPXPARAM_MIP_Strategy_StartAlgorithm=0;CPXPARAM_MIP_Strategy_SubAlgorithm=0;CPXPARAM_MIP_Strategy_VariableSelect=1;CPXPARAM_Network_NetFind=2;CPXPARAM_Network_Pricing=0;CPXPARAM_Parallel=1;CPXPARAM_Preprocessing_Aggregator=-1;CPXPARAM_Preprocessing_BoundStrength=-1;CPXPARAM_Preprocessing_CoeffReduce=-1;CPXPARAM_Preprocessing_Dependency=-1;CPXPARAM_Preprocessing_Dual=0;CPXPARAM_Preprocessing_Fill=10;CPXPARAM_Preprocessing_NumPass=-1;CPXPARAM_Preprocessing_Presolve=1;CPXPARAM_Preprocessing_QPMakePSD=1;CPXPARAM_Preprocessing_Reduce=3;CPXPARAM_Preprocessing_Relax=-1;CPXPARAM_Preprocessing_RepeatPresolve=-1;CPXPARAM_Preprocessing_Symmetry=-1;CPXPARAM_Read_Scale=0;CPXPARAM_Sifting_Algorithm=0;CPXPARAM_Simplex_Crash=1;CPXPARAM_Simplex_DGradient=0;CPXPARAM_Simplex_Limits_Perturbation=0;CPXPARAM_Simplex_Limits_Singularity=10;CPXPARAM_Simplex_PGradient=0;CPXPARAM_Simplex_Pricing=0;CPXPARAM_Simplex_Refactor=0
12943160091592275862,0,CPXPARAM_Advance=1;CPXPARAM_Barrier_Algorithm=0;CPXPARAM_Barrier_ColNonzeros=0;CPXPARAM_Barrier_Crossover=0;CPXPARAM_Barrier_Limits_Corrections=-1;CPXPARAM_Barrier_Ordering=0;CPXPARAM_Barrier_StartAlg=1;CPXPARAM_Emphasis_MIP=4;CPXPARAM_Emphasis_Memory=0;CPXPARAM_Emphasis_Numerical=0;CPXPARAM_Feasopt_Mode=0;CPXPARAM_LPMethod=0;CPXPARAM_MIP_Cuts_Cliques=-1;CPXPARAM_MIP_Cuts_Covers=0;CPXPARAM_MIP_Cuts_Disjunctive=-1;CPXPARAM_MIP_Cuts_FlowCovers=1;CPXPARAM_MIP_Cuts_GUBCovers=0;CPXPARAM_MIP_Cuts_Gomory=2;CPXPARAM_MIP_Cuts_Implied=0;CPXPARAM_MIP_Cuts_MIRCut=1;CPXPARAM_MIP_Cuts_PathCut=2;CPXPARAM_MIP_Limits_AggForCut=3;CPXPARAM_MIP_Limits_CutPasses=0;CPXPARAM_MIP_Limits_CutsFactor=-1;CPXPARAM_MIP_Limits_GomoryCand=50;CPXPARAM_MIP_Limits_GomoryPass=0;CPXPARAM_MIP_Limits_Nodes=9223372036800000000;CPXPARAM_MIP_Limits_ProbeTime=1e+75;CPXPARAM_MIP_Limits_RepairTries=0;CPXPARAM_MIP_Limits_StrongCand=10;CPXPARAM_MIP_Limits_StrongIt=0;CPXPARAM_MIP_OrderType=0;CPXPARAM_MIP_Strategy_BBInterval=7;CPXPARAM_MIP_Strategy_Branch=0;CPXPARAM_MIP_Strategy_Dive=0;CPXPARAM_MIP_Strategy_File=1;CPXPARAM_MIP_Strategy_HeuristicFreq=0;CPXPARAM_MIP_Strategy_LBHeur=0;CPXPARAM_MIP_Strategy_NodeSelect=1;CPXPARAM_MIP_Strategy_Order=1;CPXPARAM_MIP_Strategy_PresolveNode=0;CPXPARAM_MIP_Strategy_Probe=0;CPXPARAM_MIP_Strategy_RINSHeur=0;CPXPARAM_MIP_Strategy_StartAlgorithm=0;CPXPARAM_MIP_Strategy_SubAlgorithm=0;CPXPARAM_MIP_Strategy_VariableSelect=0;CPXPARAM_Network_NetFind=2;CPXPARAM_Network_Pricing=0;CPXPARAM_Parallel=1;CPXPARAM_Preprocessing_Aggregator=-1;CPXPARAM_Preprocessing_BoundStrength=-1;CPXPARAM_Preprocessing_CoeffReduce=-1;CPXPARAM_Preprocessing_Dependency=-1;CPXPARAM_Preprocessing_Dual=0;CPXPARAM_Preprocessing_Fill=10;CPXPARAM_Preprocessing_NumPass=-1;CPXPARAM_Preprocessing_Presolve=1;CPXPARAM_Preprocessing_QPMakePSD=1;CPXPARAM_Preprocessing_Reduce=3;CPXPARAM_Preprocessing_Relax=-1;CPXPARAM_Preprocessing_RepeatPresolve=-1;CPXPARAM_Preprocessing_Symmetry=-1;CPXPARAM_Read_Scale=0;CPXPARAM_Sifting_Algorithm=0;CPXPARAM_Simplex_Crash=1;CPXPARAM_Simplex_DGradient=0;CPXPARAM_Simplex_Limits_Perturbation=0;CPXPARAM_Simplex_Limits_Singularity=10;CPXPARAM_Simplex_PGradient=0;CPXPARAM_Simplex_Pricing=0;CPXPARAM_Simplex_Refactor=0
8392780967446872366,0,CPXPARAM_Advance=1;CPXPARAM_Barrier_Algorithm=0;CPXPARAM_Barrier_ColNonzeros=0;CPXPARAM_Barrier_Crossover=0;CPXPARAM_Barrier_Limits_Corrections=-1;CPXPARAM_Barrier_Ordering=0;CPXPARAM_Barrier_StartAlg=1;CPXPARAM_Emphasis_MIP=0;CPXPARAM_Emphasis_Memory=0;CPXPARAM_Emphasis_Numerical=0;CPXPARAM_Feasopt_Mode=0;CPXPARAM_LPMethod=0;CPXPARAM_MIP_Cuts_Cliques=3;CPXPARAM_MIP_Cuts_Covers=-1;CPXPARAM_MIP_Cuts_Disjunctive=1;CPXPARAM_MIP_Cuts_FlowCovers=2;CPXPARAM_MIP_Cuts_GUBCovers=-1;CPXPARAM_MIP_Cuts_Gomory=0;CPXPARAM_MIP_Cuts_Implied=-1;CPXPARAM_MIP_Cuts_MIRCut=2;CPXPARAM_MIP_Cuts_PathCut=0;CPXPARAM_MIP_Limits_AggForCut=3;CPXPARAM_MIP_Limits_CutPasses=0;CPXPARAM_MIP_Limits_CutsFactor=-1;CPXPARAM_MIP_Limits_GomoryCand=50;CPXPARAM_MIP_Limits_GomoryPass=0;CPXPARAM_MIP_Limits_Nodes=9223372036800000000;CPXPARAM_MIP_Limits_ProbeTime=1e+75;CPXPARAM_MIP_Limits_RepairTries=0;CPXPARAM_MIP_Limits_StrongCand=10;CPXPARAM_MIP_Limits_StrongIt=0;CPXPARAM_MIP_OrderType=0;CPXPARAM_MIP_Strategy_BBInterval=7;CPXPARAM_MIP_Strategy_Branch=0;CPXPARAM_MIP_Strategy_Dive=0;CPXPARAM_MIP_Strategy_File=1;CPXPARAM_MIP_Strategy_HeuristicFreq=0;CPXPARAM_MIP_Strategy_LBHeur=0;CPXPARAM_MIP_Strategy_NodeSelect=1;CPXPARAM_MIP_Strategy_Order=1;CPXPARAM_MIP_Strategy_PresolveNode=0;CPXPARAM_MIP_Strategy_Probe=-1;CPXPARAM_MIP_Strategy_RINSHeur=0;CPXPARAM_MIP_Strategy_StartAlgorithm=0;CPXPARAM_MIP_Strategy_SubAlgorithm=0;CPXPARAM_MIP_Strategy_VariableSelect=0;CPXPARAM_Network_NetFind=2;CPXPARAM_Network_Pricing=0;CPXPARAM_Parallel=1;CPXPARAM_Preprocessing_Aggregator=-1;CPXPARAM_Preprocessing_BoundStrength=-1;CPXPARAM_Preprocessing_CoeffReduce=-1;CPXPARAM_Preprocessing_Dependency=-1;CPXPARAM_Preprocessing_Dual=0;CPXPARAM_Preprocessing_Fill=10;CPXPARAM_Preprocessing_NumPass=-1;CPXPARAM_Preprocessing_Presolve=1;CPXPARAM_Preprocessing_QPMakePSD=1;CPXPARAM_Preprocessing_Reduce=3;CPXPARAM_Preprocessing_Relax=-1;CPXPARAM_Preprocessing_RepeatPresolve=-1;CPXPARAM_Preprocessing_Symmetry=-1;CPXPARAM_Read_Scale=0;CPXPARAM_Sifting_Algorithm=0;CPXPARAM_Simplex_Crash=1;CPXPARAM_Simplex_DGradient=0;CPXPARAM_Simplex_Limits_Perturbation=0;CPXPARAM_Simplex_Limits_Singularity=10;CPXPARAM_Simplex_PGradient=0;CPXPARAM_Simplex_Pricing=0;CPXPARAM_Simplex_Refactor=0
2956063177911258743,0,CPXPARAM_Advance=1;CPXPARAM_Barrier_Algorithm=0;CPXPARAM_Barrier_ColNonzeros=0;CPXPARAM_Barrier_Crossover=0;CPXPARAM_Barrier_Limits_Corrections=-1;CPXPARAM_Barrier_Ordering=0;CPXPARAM_Barrier_StartAlg=1;CPXPARAM_Emphasis_MIP=4;CPXPARAM_Emphasis_Memory=0;CPXPARAM_Emphasis_Numerical=0;CPXPARAM_Feasopt_Mode=0;CPXPARAM_LPMethod=0;CPXPARAM_MIP_Cuts_Cliques=-1;CPXPARAM_MIP_Cuts_Covers=2;CPXPARAM_MIP_Cuts_Disjunctive=0;CPXPARAM_MIP_Cuts_FlowCovers=1;CPXPARAM_MIP_Cuts_GUBCovers=-1;CPXPARAM_MIP_Cuts_Gomory=0;CPXPARAM_MIP_Cuts_Implied=1;CPXPARAM_MIP_Cuts_MIRCut=1;CPXPARAM_MIP_Cuts_PathCut=2;CPXPARAM_MIP_Limits_AggForCut=5;CPXPARAM_MIP_Limits_CutPasses=0;CPXPARAM_MIP_Limits_CutsFactor=-1;CPXPARAM_MIP_Limits_GomoryCand=25;CPXPARAM_MIP_Limits_GomoryPass=0;CPXPARAM_MIP_Limits_Nodes=9223372036800000000;CPXPARAM_MIP_Limits_ProbeTime=1e+75;CPXPARAM_MIP_Limits_RepairTries=0;CPXPARAM_MIP_Limits_StrongCand=10;CPXPARAM_MIP_Limits_StrongIt=0;CPXPARAM_MIP_OrderType=1;CPXPARAM_MIP_Strategy_BBInterval=7;CPXPARAM_MIP_Strategy_Branch=-1;CPXPARAM_MIP_Strategy_Dive=0;CPXPARAM_MIP_Strategy_File=1;CPXPARAM_MIP_Strategy_HeuristicFreq=0;CPXPARAM_MIP_Strategy_LBHeur=0;CPXPARAM_MIP_Strategy_NodeSelect=3;CPXPARAM_MIP_Strategy_Order=1;CPXPARAM_MIP_Strategy_PresolveNode=-1;CPXPARAM_MIP_Strategy_Probe=3;CPXPARAM_MIP_Strategy_RINSHeur=0;CPXPARAM_MIP_Strategy_StartAlgorithm=0;CPXPARAM_MIP_Strategy_SubAlgorithm=0;CPXPARAM_MIP_Strategy_VariableSelect=2;CPXPARAM_Network_NetFind=2;CPXPARAM_Network_Pricing=0;CPXPARAM_Parallel=1;CPXPARAM_Preprocessing_Aggregator=-1;CPXPARAM_Preprocessing_BoundStrength=-1;CPXPARAM_Preprocessing_CoeffReduce=-1;CPXPARAM_Preprocessing_Dependency=-1;CPXPARAM_Preprocessing_Dual=0;CPXPARAM_Preprocessing_Fill=5;CPXPARAM_Preprocessing_NumPass=-1;CPXPARAM_Preprocessing_Presolve=1;CPXPARAM_Preprocessing_QPMakePSD=1;CPXPARAM_Preprocessing_Reduce=2;CPXPARAM_Preprocessing_Relax=-1;CPXPARAM_Preprocessing_RepeatPresolve=-1;CPXPARAM_Preprocessing_Symmetry=-1;CPXPARAM_Read_Scale=0;CPXPARAM_Sifting_Algorithm=0;CPXPARAM_Simplex_Crash=1;CPXPARAM_Simplex_DGradient=0;CPXPARAM_Simplex_Limits_Perturbation=0;CPXPARAM_Simplex_Limits_Singularity=10;CPXPARAM_Simplex_PGradient=0;CPXPARAM_Simplex_Pricing=0;CPXPARAM_Simplex_Refactor=0
14603709534157282778,0,CPXPARAM_Advance=1;CPXPARAM_Barrier_Algorithm=0;CPXPARAM_Barrier_ColNonzeros=0;CPXPARAM_Barrier_Crossover=0;CPXPARAM_Barrier_Limits_Corrections=-1;CPXPARAM_Barrier_Ordering=0;CPXPARAM_Barrier_StartAlg=1;CPXPARAM_Emphasis_MIP=2;CPXPARAM_Emphasis_Memory=0;CPXPARAM_Emphasis_Numerical=0;CPXPARAM_Feasopt_Mode=0;CPXPARAM_LPMethod=0;CPXPARAM_MIP_Cuts_Cliques=-1;CPXPARAM_MIP_Cuts_Covers=2;CPXPARAM_MIP_Cuts_Disjunctive=1;CPXPARAM_MIP_Cuts_FlowCovers=2;CPXPARAM_MIP_Cuts_GUBCovers=1;CPXPARAM_MIP_Cuts_Gomory=0;CPXPARAM_MIP_Cuts_Implied=-1;CPXPARAM_MIP_Cuts_MIRCut=-1;CPXPARAM_MIP_Cuts_PathCut=-1;CPXPARAM_MIP_Limits_AggForCut=3;CPXPARAM_MIP_Limits_CutPasses=0;CPXPARAM_MIP_Limits_CutsFactor=-1;CPXPARAM_MIP_Limits_GomoryCand=400;CPXPARAM_MIP_Limits_GomoryPass=0;CPXPARAM_MIP_Limits_Nodes=9223372036800000000;CPXPARAM_MIP_Limits_ProbeTime=1e+75;CPXPARAM_MIP_Limits_RepairTries=0;CPXPARAM_MIP_Limits_StrongCand=10;CPXPARAM_MIP_Limits_StrongIt=0;CPXPARAM_MIP_OrderType=0;CPXPARAM_MIP_Strategy_BBInterval=7;CPXPARAM_MIP_Strategy_Branch=0;CPXPARAM_MIP_Strategy_Dive=0;CPXPARAM_MIP_Strategy_File=1;CPXPARAM_MIP_Strategy_HeuristicFreq=0;CPXPARAM_MIP_Strategy_LBHeur=0;CPXPARAM_MIP_Strategy_NodeSelect=1;CPXPARAM_MIP_Strategy_Order=1;CPXPARAM_MIP_Strategy_PresolveNode=0;CPXPARAM_MIP_Strategy_Probe=0;CPXPARAM_MIP_Strategy_RINSHeur=0;CPXPARAM_MIP_Strategy_StartAlgorithm=0;CPXPARAM_MIP_Strategy_SubAlgorithm=0;CPXPARAM_MIP_Strategy_VariableSelect=-1;CPXPARAM_Network_NetFind=2;CPXPARAM_Network_Pricing=0;CPXPARAM_Parallel=1;CPXPARAM_Preprocessing_Aggregator=-1;CPXPARAM_Preprocessing_BoundStrength=-1;CPXPARAM_Preprocessing_CoeffReduce=-1;CPXPARAM_Preprocessing_Dependency=-1;CPXPARAM_Preprocessing_Dual=0;CPXPARAM_Preprocessing_Fill=10;CPXPARAM_Preprocessing_NumPass=-1;CPXPARAM_Preprocessing_Presolve=1;CPXPARAM_Preprocessing_QPMakePSD=1;CPXPARAM_Preprocessing_Reduce=3;CPXPARAM_Preprocessing_Relax=-1;CPXPARAM_Preprocessing_RepeatPresolve=-1;CPXPARAM_Preprocessing_Symmetry=-1;CPXPARAM_Read_Scale=0;CPXPARAM_Sifting_Algorithm=0;CPXPARAM_Simplex_Crash=1;CPXPARAM_Simplex_DGradient=0;CPXPARAM_Simplex_Limits_Perturbation=0;CPXPARAM_Simplex_Limits_Singularity=10;CPXPARAM_Simplex_PGradient=0;CPXPARAM_Simplex_Pricing=0;CPXPARAM_Simplex_Refactor=0
10581037863502384078,0,CPXPARAM_Advance=1;CPXPARAM_Barrier_Algorithm=0;CPXPARAM_Barrier_ColNonzeros=0;CPXPARAM_Barrier_Crossover=0;CPXPARAM_Barrier_Limits_Corrections=-1;CPXPARAM_Barrier_Ordering=0;CPXPARAM_Barrier_StartAlg=1;CPXPARAM_Emphasis_MIP=5;CPXPARAM_Emphasis_Memory=0;CPXPARAM_Emphasis_Numerical=0;CPXPARAM_Feasopt_Mode=0;CPXPARAM_LPMethod=0;CPXPARAM_MIP_Cuts_Cliques=-1;CPXPARAM_MIP_Cuts_Covers=3;CPXPARAM_MIP_Cuts_Disjunctive=0;CPXPARAM_MIP_Cuts_FlowCovers=-1;CPXPARAM_MIP_Cuts_GUBCovers=0;CPXPARAM_MIP_Cuts_Gomory=1;CPXPARAM_MIP_Cuts_Implied=1;CPXPARAM_MIP_Cuts_MIRCut=-1;CPXPARAM_MIP_Cuts_PathCut=2;CPXPARAM_MIP_Limits_AggForCut=2;CPXPARAM_MIP_Limits_CutPasses=0;CPXPARAM_MIP_Limits_CutsFactor=-1;CPXPARAM_MIP_Limits_GomoryCand=400;CPXPARAM_MIP_Limits_GomoryPass=0;CPXPARAM_MIP_Limits_Nodes=9223372036800000000;CPXPARAM_MIP_Limits_ProbeTime=1e+75;CPXPARAM_MIP_Limits_RepairTries=0;CPXPARAM_MIP_Limits_StrongCand=10;CPXPARAM_MIP_Limits_StrongIt=0;CPXPARAM_MIP_OrderType=1;CPXPARAM_MIP_Strategy_BBInterval=7;CPXPARAM_MIP_Strategy_Branch=1;CPXPARAM_MIP_Strategy_Dive=0;CPXPARAM_MIP_Strategy_File=1;CPXPARAM_MIP_Strategy_HeuristicFreq=0;CPXPARAM_MIP_Strategy_LBHeur=0;CPXPARAM_MIP_Strategy_NodeSelect=1;CPXPARAM_MIP_Strategy_Order=1;CPXPARAM_MIP_Strategy_PresolveNode=0;CPXPARAM_MIP_Strategy_Probe=2;CPXPARAM_MIP_Strategy_RINSHeur=0;CPXPARAM_MIP_Strategy_StartAlgorithm=0;CPXPARAM_MIP_Strategy_SubAlgorithm=1;CPXPARAM_MIP_Strategy_VariableSelect=-1;CPXPARAM_Network_NetFind=2;CPXPARAM_Network_Pricing=0;CPXPARAM_Parallel=1;CPXPARAM_Preprocessing_Aggregator=-1;CPXPARAM_Preprocessing_BoundStrength=-1;CPXPARAM_Preprocessing_CoeffReduce=-1;CPXPARAM_Preprocessing_Dependency=-1;CPXPARAM_Preprocessing_Dual=0;CPXPARAM_Preprocessing_Fill=20;CPXPARAM_Preprocessing_NumPass=-1;CPXPARAM_Preprocessing_Presolve=1;CPXPARAM_Preprocessing_QPMakePSD=1;CPXPARAM_Preprocessing_Reduce=3;CPXPARAM_Preprocessing_Relax=-1;CPXPARAM_Preprocessing_RepeatPresolve=-1;CPXPARAM_Preprocessing_Symmetry=-1;CPXPARAM_Read_Scale=1;CPXPARAM_Sifting_Algorithm=0;CPXPARAM_Simplex_Crash=1;CPXPARAM_Simplex_DGradient=0;CPXPARAM_Simplex_Limits_Perturbation=0;CPXPARAM_Simplex_Limits_Singularity=10;CPXPARAM_Simplex_PGradient=0;CPXPARAM_Simplex_Pricing=0;CPXPARAM_Simplex_Refactor=0
14553632169893802533,0,CPXPARAM_Advance=1;CPXPARAM_Barrier_Algorithm=0;CPXPARAM_Barrier_ColNonzeros=0;CPXPARAM_Barrier_Crossover=0;CPXPARAM_Barrier_Limits_Corrections=-1;CPXPARAM_Barrier_Ordering=0;CPXPARAM_Barrier_StartAlg=1;CPXPARAM_Emphasis_MIP=3;CPXPARAM_Emphasis_Memory=0;CPXPARAM_Emphasis_Numerical=0;CPXPARAM_Feasopt_Mode=0;CPXPARAM_LPMethod=0;CPXPARAM_MIP_Cuts_Cliques=3;CPXPARAM_MIP_Cuts_Covers=0;CPXPARAM_MIP_Cuts_Disjunctive=0;CPXPARAM_MIP_Cuts_FlowCovers=0;CPXPARAM_MIP_Cuts_GUBCovers=1;CPXPARAM_MIP_Cuts_Gomory=2;CPXPARAM_MIP_Cuts_Implied=-1;CPXPARAM_MIP_Cuts_MIRCut=2;CPXPARAM_MIP_Cuts_PathCut=-1;CPXPARAM_MIP_Limits_AggForCut=3;CPXPARAM_MIP_Limits_CutPasses=0;CPXPARAM_MIP_Limits_CutsFactor=-1;CPXPARAM_MIP_Limits_GomoryCand=200;CPXPARAM_MIP_Limits_GomoryPass=0;CPXPARAM_MIP_Limits_Nodes=9223372036800000000;CPXPARAM_MIP_Limits_ProbeTime=1e+75;CPXPARAM_MIP_Limits_RepairTries=0;CPXPARAM_MIP_Limits_StrongCand=10;CPXPARAM_MIP_Limits_StrongIt=0;CPXPARAM_MIP_OrderType=0;CPXPARAM_MIP_Strategy_BBInterval=7;CPXPARAM_MIP_Strategy_Branch=0;CPXPARAM_MIP_Strategy_Dive=0;CPXPARAM_MIP_Strategy_File=1;CPXPARAM_MIP_Strategy_HeuristicFreq=0;CPXPARAM_MIP_Strategy_LBHeur=0;CPXPARAM_MIP_Strategy_NodeSelect=1;CPXPARAM_MIP_Strategy_Order=1;CPXPARAM_MIP_Strategy_PresolveNode=0;CPXPARAM_MIP_Strategy_Probe=0;CPXPARAM_MIP_Strategy_RINSHeur=0;CPXPARAM_MIP_Strategy_StartAlgorithm=0;CPXPARAM_MIP_Strategy_SubAlgorithm=0;CPXPARAM_MIP_Strategy_VariableSelect=0;CPXPARAM_Network_NetFind=2;CPXPARAM_Network_Pricing=0;CPXPARAM_Parallel=1;CPXPARAM_Preprocessing_Aggregator=-1;CPXPARAM_Preprocessing_BoundStrength=-1;CPXPARAM_Preprocessing_CoeffReduce=-1;CPXPARAM_Preprocessing_Dependency=-1;CPXPARAM_Preprocessing_Dual=0;CPXPARAM_Preprocessing_Fill=10;CPXPARAM_Preprocessing_NumPass=-1;CPXPARAM_Preprocessing_Presolve=1;CPXPARAM_Preprocessing_QPMakePSD=1;CPXPARAM_Preprocessing_Reduce=3;CPXPARAM_Preprocessing_Relax=-1;CPXPARAM_Preprocessing_RepeatPresolve=-1;CPXPARAM_Preprocessing_Symmetry=-1;CPXPARAM_Read_Scale=0;CPXPARAM_Sifting_Algorithm=0;CPXPARAM_Simplex_Crash=1;CPXPARAM_Simplex_DGradient=0;CPXPARAM_Simplex_Limits_Perturbation=0;CPXPARAM_Simplex_Limits_Singularity=10;CPXPARAM_Simplex_PGradient=0;CPXPARAM_Simplex_Pricing=0;CPXPARAM_Simplex_Refactor=0
10910653230556437258,0,CPXPARAM_Advance=1;CPXPARAM_Barrier_Algorithm=0;CPXPARAM_Barrier_ColNonzeros=0;CPXPARAM_Barrier_Crossover=0;CPXPARAM_Barrier_Limits_Corrections=-1;CPXPARAM_Barrier_Ordering=0;CPXPARAM_Barrier_StartAlg=1;CPXPARAM_Emphasis_MIP=4;CPXPARAM_Emphasis_Memory=0;CPXPARAM_Emphasis_Numerical=0;CPXPARAM_Feasopt_Mode=0;CPXPARAM_LPMethod=0;CPXPARAM_MIP_Cuts_Cliques=-1;CPXPARAM_MIP_Cuts_Covers=0;CPXPARAM_MIP_Cuts_Disjunctive=-1;CPXPARAM_MIP_Cuts_FlowCovers=1;CPXPARAM_MIP_Cuts_GUBCovers=0;CPXPARAM_MIP_Cuts_Gomory=2;CPXPARAM_MIP_Cuts_Implied=0;CPXPARAM_MIP_Cuts_MIRCut=2;CPXPARAM_MIP_Cuts_PathCut=0;CPXPARAM_MIP_Limits_AggForCut=3;CPXPARAM_MIP_Limits_CutPasses=0;CPXPARAM_MIP_Limits_CutsFactor=-1;CPXPARAM_MIP_Limits_GomoryCand=50;CPXPARAM_MIP_Limits_GomoryPass=0;CPXPARAM_MIP_Limits_Nodes=9223372036800000000;CPXPARAM_MIP_Limits_ProbeTime=1e+75;CPXPARAM_MIP_Limits_RepairTries=0;CPXPARAM_MIP_Limits_StrongCand=10;CPXPARAM_MIP_Limits_StrongIt=0;CPXPARAM_MIP_OrderType=0;CPXPARAM_MIP_Strategy_BBInterval=7;CPXPARAM_MIP_Strategy_Branch=0;CPXPARAM_MIP_Strategy_Dive=0;CPXPARAM_MIP_Strategy_File=1;CPXPARAM_MIP_Strategy_HeuristicFreq=0;CPXPARAM_MIP_Strategy_LBHeur=0;CPXPARAM_MIP_Strategy_NodeSelect=1;CPXPARAM_MIP_Strategy_Order=1;CPXPARAM_MIP_Strategy_PresolveNode=0;CPXPARAM_MIP_Strategy_Probe=0;CPXPARAM_MIP_Strategy_RINSHeur=0;CPXPARAM_MIP_Strategy_StartAlgorithm=0;CPXPARAM_MIP_Strategy_SubAlgorithm=0;CPXPARAM_MIP_Strategy_VariableSelect=0;CPXPARAM_Network_NetFind=2;CPXPARAM_Network_Pricing=0;CPXPARAM_Parallel=1;CPXPARAM_Preprocessing_Aggregator=-1;CPXPARAM_Preprocessing_BoundStrength=-1;CPXPARAM_Preprocessing_CoeffReduce=-1;CPXPARAM_Preprocessing_Dependency=-1;CPXPARAM_Preprocessing_Dual=0;CPXPARAM_Preprocessing_Fill=10;CPXPARAM_Preprocessing_NumPass=-1;CPXPARAM_Preprocessing_Presolve=1;CPXPARAM_Preprocessing_QPMakePSD=1;CPXPARAM_Preprocessing_Reduce=3;CPXPARAM_Preprocessing_Relax=-1;CPXPARAM_Preprocessing_RepeatPresolve=-1;CPXPARAM_Preprocessing_Symmetry=-1;CPXPARAM_Read_Scale=0;CPXPARAM_Sifting_Algorithm=0;CPXPARAM_Simplex_Crash=1;CPXPARAM_Simplex_DGradient=0;CPXPARAM_Simplex_Limits_Perturbation=0;CPXPARAM_Simplex_Limits_Singularity=10;CPXPARAM_Simplex_PGradient=0;CPXPARAM_Simplex_Pricing=0;CPXPARAM_Simplex_Refactor=0
8499874587011713461,0,CPXPARAM_Advance=1;CPXPARAM_Barrier_Algorithm=0;CPXPARAM_Barrier_ColNonzeros=0;CPXPARAM_Barrier_Crossover=0;CPXPARAM_Barrier_Limits_Corrections=-1;CPXPARAM_Barrier_Ordering=0;CPXPARAM_Barrier_StartAlg=1;CPXPARAM_Emphasis_MIP=5;CPXPARAM_Emphasis_Memory=0;CPXPARAM_Emphasis_Numerical=0;CPXPARAM_Feasopt_Mode=0;CPXPARAM_LPMethod=0;CPXPARAM_MIP_Cuts_Cliques=1;CPXPARAM_MIP_Cuts_Covers=0;CPXPARAM_MIP_Cuts_Disjunctive=1;CPXPARAM_MIP_Cuts_FlowCovers=-1;CPXPARAM_MIP_Cuts_GUBCovers=-1;CPXPARAM_MIP_Cuts_Gomory=1;CPXPARAM_MIP_Cuts_Implied=1;CPXPARAM_MIP_Cuts_MIRCut=-1;CPXPARAM_MIP_Cuts_PathCut=1;CPXPARAM_MIP_Limits_AggForCut=3;CPXPARAM_MIP_Limits_CutPasses=0;CPXPARAM_MIP_Limits_CutsFactor=-1;CPXPARAM_MIP_Limits_GomoryCand=800;CPXPARAM_MIP_Limits_GomoryPass=0;CPXPARAM_MIP_Limits_Nodes=9223372036800000000;CPXPARAM_MIP_Limits_ProbeTime=1e+75;CPXPARAM_MIP_Limits_RepairTries=0;CPXPARAM_MIP_Limits_StrongCand=10;CPXPARAM_MIP_Limits_StrongIt=0;CPXPARAM_MIP_OrderType=0;CPXPARAM_MIP_Strategy_BBInterval=7;CPXPARAM_MIP_Strategy_Branch=0;CPXPARAM_MIP_Strategy_Dive=0;CPXPARAM_MIP_Strategy_File=1;CPXPARAM_MIP_Strategy_HeuristicFreq=0;CPXPARAM_MIP_Strategy_LBHeur=0;CPXPARAM_MIP_Strategy_NodeSelect=1;CPXPARAM_MIP_Strategy_Order=1;CPXPARAM_MIP_Strategy_PresolveNode=0;CPXPARAM_MIP_Strategy_Probe=0;CPXPARAM_MIP_Strategy_RINSHeur=0;CPXPARAM_MIP_Strategy_StartAlgorithm=0;CPXPARAM_MIP_Strategy_SubAlgorithm=0;CPXPARAM_MIP_Strategy_VariableSelect=0;CPXPARAM_Network_NetFind=2;CPXPARAM_Network_Pricing=0;CPXPARAM_Parallel=1;CPXPARAM_Preprocessing_Aggregator=-1;CPXPARAM_Preprocessing_BoundStrength=-1;CPXPARAM_Preprocessing_CoeffReduce=-1;CPXPARAM_Preprocessing_Dependency=-1;CPXPARAM_Preprocessing_Dual=0;CPXPARAM_Preprocessing_Fill=10;CPXPARAM_Preprocessing_NumPass=-1;CPXPARAM_Preprocessing_Presolve=1;CPXPARAM_Preprocessing_QPMakePSD=1;CPXPARAM_Preprocessing_Reduce=3;CPXPARAM_Preprocessing_Relax=-1;CPXPARAM_Preprocessing_RepeatPresolve=-1;CPXPARAM_Preprocessing_Symmetry=-1;CPXPARAM_Read_Scale=0;CPXPARAM_Sifting_Algorithm=0;CPXPARAM_Simplex_Crash=1;CPXPARAM_Simplex_DGradient=0;CPXPARAM_Simplex_Limits_Perturbation=0;CPXPARAM_Simplex_Limits_Singularity=10;CPXPARAM_Simplex_PGradient=0;CPXPARAM_Simplex_Pricing=0;CPXPARAM_Simplex_Refactor=0
11920238425792233397,0,CPXPARAM_Advance=1;CPXPARAM_Barrier_Algorithm=0;CPXPARAM_Barrier_ColNonzeros=0;CPXPARAM_Barrier_Crossover=0;CPXPARAM_Barrier_Limits_Corrections=-1;CPXPARAM_Barrier_Ordering=0;CPXPARAM_Barrier_StartAlg=1;CPXPARAM_Emphasis_MIP=5;CPXPARAM_Emphasis_Memory=0;CPXPARAM_Emphasis_Numerical=0;CPXPARAM_Feasopt_Mode=0;CPXPARAM_LPMethod=0;CPXPARAM_MIP_Cuts_Cliques=0;CPXPARAM_MIP_Cuts_Covers=0;CPXPARAM_MIP_Cuts_Disjunctive=1;CPXPARAM_MIP_Cuts_FlowCovers=0;CPXPARAM_MIP_Cuts_GUBCovers=2;CPXPARAM_MIP_Cuts_Gomory=0;CPXPARAM_MIP_Cuts_Implied=-1;CPXPARAM_MIP_Cuts_MIRCut=1;CPXPARAM_MIP_Cuts_PathCut=-1;CPXPARAM_MIP_Limits_AggForCut=3;CPXPARAM_MIP_Limits_CutPasses=0;CPXPARAM_MIP_Limits_CutsFactor=-1;CPXPARAM_MIP_Limits_GomoryCand=150;CPXPARAM_MIP_Limits_GomoryPass=0;CPXPARAM_MIP_Limits_Nodes=9223372036800000000;CPXPARAM_MIP_Limits_ProbeTime=1e+75;CPXPARAM_MIP_Limits_RepairTries=0;CPXPARAM_MIP_Limits_StrongCand=10;CPXPARAM_MIP_Limits_StrongIt=0;CPXPARAM_MIP_OrderType=0;CPXPARAM_MIP_Strategy_BBInterval=7;CPXPARAM_MIP_Strategy_Branch=0;CPXPARAM_MIP_Strategy_Dive=0;CPXPARAM_MIP_Strategy_File=1;CPXPARAM_MIP_Strategy_HeuristicFreq=0;CPXPARAM_MIP_Strategy_LBHeur=0;CPXPARAM_MIP_Strategy_NodeSelect=1;CPXPARAM_MIP_Strategy_Order=1;CPXPARAM_MIP_Strategy_PresolveNode=0;CPXPARAM_MIP_Strategy_Probe=0;CPXPARAM_MIP_Strategy_RINSHeur=0;CPXPARAM_MIP_Strategy_StartAlgorithm=0;CPXPARAM_MIP_Strategy_SubAlgorithm=0;CPXPARAM_MIP_Strategy_VariableSelect=0;CPXPARAM_Network_NetFind=2;CPXPARAM_Network_Pricing=0;CPXPARAM_Parallel=1;CPXPARAM_Preprocessing_Aggregator=-1;CPXPARAM_Preprocessing_BoundStrength=-1;CPXPARAM_Preprocessing_CoeffReduce=-1;CPXPARAM_Preprocessing_Dependency=-1;CPXPARAM_Preprocessing_Dual=0;CPXPARAM_Preprocessing_Fill=10;CPXPARAM_Preprocessing_NumPass=-1;CPXPARAM_Preprocessing_Presolve=1;CPXPARAM_Preprocessing_QPMakePSD=1;CPXPARAM_Preprocessing_Reduce=3;CPXPARAM_Preprocessing_Relax=-1;CPXPARAM_Preprocessing_RepeatPresolve=-1;CPXPARAM_Preprocessing_Symmetry=-1;CPXPARAM_Read_Scale=0;CPXPARAM_Sifting_Algorithm=0;CPXPARAM_Simplex_Crash=1;CPXPARAM_Simplex_DGradient=0;CPXPARAM_Simplex_Limits_Perturbation=0;CPXPARAM_Simplex_Limits_Singularity=10;CPXPARAM_Simplex_PGradient=0;CPXPARAM_Simplex_Pricing=0;CPXPARAM_Simplex_Refactor=0
9587221764397415849,0,CPXPARAM_Advance=1;CPXPARAM_Barrier_Algorithm=0;CPXPARAM_Barrier_ColNonzeros=0;CPXPARAM_Barrier_Crossover=0;CPXPARAM_Barrier_Limits_Corrections=-1;CPXPARAM_Barrier_Ordering=0;CPXPARAM_Barrier_StartAlg=1;CPXPARAM_Emphasis_MIP=5;CPXPARAM_Emphasis_Memory=0;CPXPARAM_Emphasis_Numerical=0;CPXPARAM_Feasopt_Mode=0;CPXPARAM_LPMethod=0;CPXPARAM_MIP_Cuts_Cliques=1;CPXPARAM_MIP_Cuts_Covers=0;CPXPARAM_MIP_Cuts_Disjunctive=1;CPXPARAM_MIP_Cuts_FlowCovers=0;CPXPARAM_MIP_Cuts_GUBCovers=2;CPXPARAM_MIP_Cuts_Gomory=0;CPXPARAM_MIP_Cuts_Implied=-1;CPXPARAM_MIP_Cuts_MIRCut=1;CPXPARAM_MIP_Cuts_PathCut=-1;CPXPARAM_MIP_Limits_AggForCut=3;CPXPARAM_MIP_Limits_CutPasses=0;CPXPARAM_MIP_Limits_CutsFactor=-1;CPXPARAM_MIP_Limits_GomoryCand=150;CPXPARAM_MIP_Limits_GomoryPass=0;CPXPARAM_MIP_Limits_Nodes=9223372036800000000;CPXPARAM_MIP_Limits_ProbeTime=1e+75;CPXPARAM_MIP_Limits_RepairTries=0;CPXPARAM_MIP_Limits_StrongCand=10;CPXPARAM_MIP_Limits_StrongIt=0;CPXPARAM_MIP_OrderType=0;CPXPARAM_MIP_Strategy_BBInterval=7;CPXPARAM_MIP_Strategy_Branch=0;CPXPARAM_MIP_Strategy_Dive=0;CPXPARAM_MIP_Strategy_File=1;CPXPARAM_MIP_Strategy_HeuristicFreq=0;CPXPARAM_MIP_Strategy_LBHeur=0;CPXPARAM_MIP_Strategy_NodeSelect=1;CPXPARAM_MIP_Strategy_Order=1;CPXPARAM_MIP_Strategy_PresolveNode=0;CPXPARAM_MIP_Strategy_Probe=0;CPXPARAM_MIP_Strategy_RINSHeur=0;CPXPARAM_MIP_Strategy_StartAlgorithm=0;CPXPARAM_MIP_Strategy_SubAlgorithm=0;CPXPARAM_MIP_Strategy_VariableSelect=0;CPXPARAM_Network_NetFind=2;CPXPARAM_Network_Pricing=0;CPXPARAM_Parallel=1;CPXPARAM_Preprocessing_Aggregator=-1;CPXPARAM_Preprocessing_BoundStrength=-1;CPXPARAM_Preprocessing_CoeffReduce=-1;CPXPARAM_Preprocessing_Dependency=-1;CPXPARAM_Preprocessing_Dual=0;CPXPARAM_Preprocessing_Fill=10;CPXPARAM_Preprocessing_NumPass=-1;CPXPARAM_Preprocessing_Presolve=1;CPXPARAM_Preprocessing_QPMakePSD=1;CPXPARAM_Preprocessing_Reduce=3;CPXPARAM_Preprocessing_Relax=-1;CPXPARAM_Preprocessing_RepeatPresolve=-1;CPXPARAM_Preprocessing_Symmetry=-1;CPXPARAM_Read_Scale=0;CPXPARAM_Sifting_Algorithm=0;CPXPARAM_Simplex_Crash=1;CPXPARAM_Simplex_DGradient=0;CPXPARAM_Simplex_Limits_Perturbation=0;CPXPARAM_Simplex_Limits_Singularity=10;CPXPARAM_Simplex_PGradient=0;CPXPARAM_Simplex_Pricing=0;CPXPARAM_Simplex_Refactor=0
2635472181753012305,0,CPXPARAM_Advance=1;CPXPARAM_Barrier_Algorithm=0;CPXPARAM_Barrier_ColNonzeros=0;CPXPARAM_Barrier_Crossover=0;CPXPARAM_Barrier_Limits_Corrections=-1;CPXPARAM_Barrier_Ordering=0;CPXPARAM_Barrier_StartAlg=1;CPXPARAM_Emphasis_MIP=2;CPXPARAM_Emphasis_Memory=0;CPXPARAM_Emphasis_Numerical=0;CPXPARAM_Feasopt_Mode=0;CPXPARAM_LPMethod=0;CPXPARAM_MIP_Cuts_Cliques=3;CPXPARAM_MIP_Cuts_Covers=0;CPXPARAM_MIP_Cuts_Disjunctive=0;CPXPARAM_MIP_Cuts_FlowCovers=1;CPXPARAM_MIP_Cuts_GUBCovers=-1;CPXPARAM_MIP_Cuts_Gomory=1;CPXPARAM_MIP_Cuts_Implied=0;CPXPARAM_MIP_Cuts_MIRCut=2;CPXPARAM_MIP_Cuts_PathCut=0;CPXPARAM_MIP_Limits_AggForCut=3;CPXPARAM_MIP_Limits_CutPasses=0;CPXPARAM_MIP_Limits_CutsFactor=-1;CPXPARAM_MIP_Limits_GomoryCand=200;CPXPARAM_MIP_Limits_GomoryPass=0;CPXPARAM_MIP_Limits_Nodes=9223372036800000000;CPXPARAM_MIP_Limits_ProbeTime=1e+75;CPXPARAM_MIP_Limits_RepairTries=0;CPXPARAM_MIP_Limits_StrongCand=10;CPXPARAM_MIP_Limits_StrongIt=0;CPXPARAM_MIP_OrderType=0;CPXPARAM_MIP_Strategy_BBInterval=7;CPXPARAM_MIP_Strategy_Branch=0;CPXPARAM_MIP_Strategy_Dive=0;CPXPARAM_MIP_Strategy_File=1;CPXPARAM_MIP_Strategy_HeuristicFreq=0;CPXPARAM_MIP_Strategy_LBHeur=0;CPXPARAM_MIP_Strategy_NodeSelect=2;CPXPARAM_MIP_Strategy_Order=1;CPXPARAM_MIP_Strategy_PresolveNode=2;CPXPARAM_MIP_Strategy_Probe=3;CPXPARAM_MIP_Strategy_RINSHeur=0;CPXPARAM_MIP_Strategy_StartAlgorithm=0;CPXPARAM_MIP_Strategy_SubAlgorithm=0;CPXPARAM_MIP_Strategy_VariableSelect=0;CPXPARAM_Network_NetFind=2;CPXPARAM_Network_Pricing=0;CPXPARAM_Parallel=1;CPXPARAM_Preprocessing_Aggregator=-1;CPXPARAM_Preprocessing_BoundStrength=-1;CPXPARAM_Preprocessing_CoeffReduce=-1;CPXPARAM_Preprocessing_Dependency=-1;CPXPARAM_Preprocessing_Dual=0;CPXPARAM_Preprocessing_Fill=10;CPXPARAM_Preprocessing_NumPass=-1;CPXPARAM_Preprocessing_Presolve=1;CPXPARAM_Preprocessing_QPMakePSD=1;CPXPARAM_Preprocessing_Reduce=3;CPXPARAM_Preprocessing_Relax=-1;CPXPARAM_Preprocessing_RepeatPresolve=-1;CPXPARAM_Preprocessing_Symmetry=-1;CPXPARAM_Read_Scale=0;CPXPARAM_Sifting_Algorithm=0;CPXPARAM_Simplex_Crash=1;CPXPARAM_Simplex_DGradient=0;CPXPARAM_Simplex_Limits_Perturbation=0;CPXPARAM_Simplex_Limits_Singularity=10;CPXPARAM_Simplex_PGradient=0;CPXPARAM_Simplex_Pricing=0;CPXPARAM_Simplex_Refactor=0
7471907946565332805,0,CPXPARAM_Advance=1;CPXPARAM_Barrier_Algorithm=0;CPXPARAM_Barrier_ColNonzeros=0;CPXPARAM_Barrier_Crossover=0;CPXPARAM_Barrier_Limits_Corrections=-1;CPXPARAM_Barrier_Ordering=0;CPXPARAM_Barrier_StartAlg=1;CPXPARAM_Emphasis_MIP=5;CPXPARAM_Emphasis_Memory=0;CPXPARAM_Emphasis_Numerical=0;CPXPARAM_Feasopt_Mode=0;CPXPARAM_LPMethod=0;CPXPARAM_MIP_Cuts_Cliques=0;CPXPARAM_MIP_Cuts_Covers=0;CPXPARAM_MIP_Cuts_Disjunctive=0;CPXPARAM_MIP_Cuts_FlowCovers=0;CPXPARAM_MIP_Cuts_GUBCovers=2;CPXPARAM_MIP_Cuts_Gomory=0;CPXPARAM_MIP_Cuts_Implied=-1;CPXPARAM_MIP_Cuts_MIRCut=1;CPXPARAM_MIP_Cuts_PathCut=-1;CPXPARAM_MIP_Limits_AggForCut=3;CPXPARAM_MIP_Limits_CutPasses=0;CPXPARAM_MIP_Limits_CutsFactor=-1;CPXPARAM_MIP_Limits_GomoryCand=150;CPXPARAM_MIP_Limits_GomoryPass=0;CPXPARAM_MIP_Limits_Nodes=9223372036800000000;CPXPARAM_MIP_Limits_ProbeTime=1e+75;CPXPARAM_MIP_Limits_RepairTries=0;CPXPARAM_MIP_Limits_StrongCand=10;CPXPARAM_MIP_Limits_StrongIt=0;CPXPARAM_MIP_OrderType=0;CPXPARAM_MIP_Strategy_BBInterval=7;CPXPARAM_MIP_Strategy_Branch=0;CPXPARAM_MIP_Strategy_Dive=0;CPXPARAM_MIP_Strategy_File=1;CPXPARAM_MIP_Strategy_HeuristicFreq=0;CPXPARAM_MIP_Strategy_LBHeur=0;CPXPARAM_MIP_Strategy_NodeSelect=1;CPXPARAM_MIP_Strategy_Order=1;CPXPARAM_MIP_Strategy_PresolveNode=0;CPXPARAM_MIP_Strategy_Probe=0;CPXPARAM_MIP_Strategy_RINSHeur=0;CPXPARAM_MIP_Strategy_StartAlgorithm=0;CPXPARAM_MIP_Strategy_SubAlgorithm=0;CPXPARAM_MIP_Strategy_VariableSelect=0;CPXPARAM_Network_NetFind=2;CPXPARAM_Network_Pricing=0;CPXPARAM_Parallel=1;CPXPARAM_Preprocessing_Aggregator=-1;CPXPARAM_Preprocessing_BoundStrength=-1;CPXPARAM_Preprocessing_CoeffReduce=-1;CPXPARAM_Preprocessing_Dependency=-1;CPXPARAM_Preprocessing_Dual=0;CPXPARAM_Preprocessing_Fill=10;CPXPARAM_Preprocessing_NumPass=-1;CPXPARAM_Preprocessing_Presolve=1;CPXPARAM_Preprocessing_QPMakePSD=1;CPXPARAM_Preprocessing_Reduce=3;CPXPARAM_Preprocessing_Relax=-1;CPXPARAM_Preprocessing_RepeatPresolve=-1;CPXPARAM_Preprocessing_Symmetry=-1;CPXPARAM_Read_Scale=0;CPXPARAM_Sifting_Algorithm=0;CPXPARAM_Simplex_Crash=1;CPXPARAM_Simplex_DGradient=0;CPXPARAM_Simplex_Limits_Perturbation=0;CPXPARAM_Simplex_Limits_Singularity=10;CPXPARAM_Simplex_PGradient=0;CPXPARAM_Simplex_Pricing=0;CPXPARAM_Simplex_Refactor=0
894618345986792187,0,CPXPARAM_Advance=1;CPXPARAM_Barrier_Algorithm=0;CPXPARAM_Barrier_ColNonzeros=0;CPXPARAM_Barrier_Crossover=0;CPXPARAM_Barrier_Limits_Corrections=-1;CPXPARAM_Barrier_Ordering=0;CPXPARAM_Barrier_StartAlg=1;CPXPARAM_Emphasis_MIP=0;CPXPARAM_Emphasis_Memory=0;CPXPARAM_Emphasis_Numerical=0;CPXPARAM_Feasopt_Mode=0;CPXPARAM_LPMethod=0;CPXPARAM_MIP_Cuts_Cliques=1;CPXPARAM_MIP_Cuts_Covers=0;CPXPARAM_MIP_Cuts_Disjunctive=1;CPXPARAM_MIP_Cuts_FlowCovers=0;CPXPARAM_MIP_Cuts_GUBCovers=1;CPXPARAM_MIP_Cuts_Gomory=0;CPXPARAM_MIP_Cuts_Implied=2;CPXPARAM_MIP_Cuts_MIRCut=1;CPXPARAM_MIP_Cuts_PathCut=0;CPXPARAM_MIP_Limits_AggForCut=3;CPXPARAM_MIP_Limits_CutPasses=0;CPXPARAM_MIP_Limits_CutsFactor=-1;CPXPARAM_MIP_Limits_GomoryCand=800;CPXPARAM_MIP_Limits_GomoryPass=0;CPXPARAM_MIP_Limits_Nodes=9223372036800000000;CPXPARAM_MIP_Limits_ProbeTime=1e+75;CPXPARAM_MIP_Limits_RepairTries=0;CPXPARAM_MIP_Limits_StrongCand=10;CPXPARAM_MIP_Limits_StrongIt=0;CPXPARAM_MIP_OrderType=0;CPXPARAM_MIP_Strategy_BBInterval=7;CPXPARAM_MIP_Strategy_Branch=1;CPXPARAM_MIP_Strategy_Dive=0;CPXPARAM_MIP_Strategy_File=1;CPXPARAM_MIP_Strategy_HeuristicFreq=0;CPXPARAM_MIP_Strategy_LBHeur=0;CPXPARAM_MIP_Strategy_NodeSelect=1;CPXPARAM_MIP_Strategy_Order=1;CPXPARAM_MIP_Strategy_PresolveNode=1;CPXPARAM_MIP_Strategy_Probe=0;CPXPARAM_MIP_Strategy_RINSHeur=0;CPXPARAM_MIP_Strategy_StartAlgorithm=0;CPXPARAM_MIP_Strategy_SubAlgorithm=0;CPXPARAM_MIP_Strategy_VariableSelect=2;CPXPARAM_Network_NetFind=2;CPXPARAM_Network_Pricing=0;CPXPARAM_Parallel=1;CPXPARAM_Preprocessing_Aggregator=-1;CPXPARAM_Preprocessing_BoundStrength=-1;CPXPARAM_Preprocessing_CoeffReduce=-1;CPXPARAM_Preprocessing_Dependency=-1;CPXPARAM_Preprocessing_Dual=0;CPXPARAM_Preprocessing_Fill=10;CPXPARAM_Preprocessing_NumPass=-1;CPXPARAM_Preprocessing_Presolve=1;CPXPARAM_Preprocessing_QPMakePSD=1;CPXPARAM_Preprocessing_Reduce=3;CPXPARAM_Preprocessing_Relax=-1;CPXPARAM_Preprocessing_RepeatPresolve=-1;CPXPARAM_Preprocessing_Symmetry=-1;CPXPARAM_Read_Scale=0;CPXPARAM_Sifting_Algorithm=0;CPXPARAM_Simplex_Crash=1;CPXPARAM_Simplex_DGradient=0;CPXPARAM_Simplex_Limits_Perturbation=0;CPXPARAM_Simplex_Limits_Singularity=10;CPXPARAM_Simplex_PGradient=0;CPXPARAM_Simplex_Pricing=0;CPXPARAM_Simplex_Refactor=0
10646419551439237266,0,CPXPARAM_Advance=1;CPXPARAM_Barrier_Algorithm=0;CPXPARAM_Barrier_ColNonzeros=0;CPXPARAM_Barrier_Crossover=0;CPXPARAM_Barrier_Limits_Corrections=-1;CPXPARAM_Barrier_Ordering=0;CPXPARAM_Barrier_StartAlg=1;CPXPARAM_Emphasis_MIP=5;CPXPARAM_Emphasis_Memory=0;CPXPARAM_Emphasis_Numerical=0;CPXPARAM_Feasopt_Mode=0;CPXPARAM_LPMethod=0;CPXPARAM_MIP_Cuts_Cliques=0;CPXPARAM_MIP_Cuts_Covers=0;CPXPARAM_MIP_Cuts_Disjunctive=1;CPXPARAM_MIP_Cuts_FlowCovers=1;CPXPARAM_MIP_Cuts_GUBCovers=2;CPXPARAM_MIP_Cuts_Gomory=-1;CPXPARAM_MIP_Cuts_Implied=-1;CPXPARAM_MIP_Cuts_MIRCut=1;CPXPARAM_MIP_Cuts_PathCut=-1;CPXPARAM_MIP_Limits_AggForCut=3;CPXPARAM_MIP_Limits_CutPasses=0;CPXPARAM_MIP_Limits_CutsFactor=-1;CPXPARAM_MIP_Limits_GomoryCand=400;CPXPARAM_MIP_Limits_GomoryPass=0;CPXPARAM_MIP_Limits_Nodes=9223372036800000000;CPXPARAM_MIP_Limits_ProbeTime=1e+75;CPXPARAM_MIP_Limits_RepairTries=0;CPXPARAM_MIP_Limits_StrongCand=10;CPXPARAM_MIP_Limits_StrongIt=0;CPXPARAM_MIP_OrderType=0;CPXPARAM_MIP_Strategy_BBInterval=7;CPXPARAM_MIP_Strategy_Branch=0;CPXPARAM_MIP_Strategy_Dive=0;CPXPARAM_MIP_Strategy_File=1;CPXPARAM_MIP_Strategy_HeuristicFreq=0;CPXPARAM_MIP_Strategy_LBHeur=0;CPXPARAM_MIP_Strategy_NodeSelect=1;CPXPARAM_MIP_Strategy_Order=1;CPXPARAM_MIP_Strategy_PresolveNode=0;CPXPARAM_MIP_Strategy_Probe=0;CPXPARAM_MIP_Strategy_RINSHeur=0;CPXPARAM_MIP_Strategy_StartAlgorithm=0;CPXPARAM_MIP_Strategy_SubAlgorithm=0;CPXPARAM_MIP_Strategy_VariableSelect=0;CPXPARAM_Network_NetFind=2;CPXPARAM_Network_Pricing=0;CPXPARAM_Parallel=1;CPXPARAM_Preprocessing_Aggregator=-1;CPXPARAM_Preprocessing_BoundStrength=-1;CPXPARAM_Preprocessing_CoeffReduce=-1;CPXPARAM_Preprocessing_Dependency=-1;CPXPARAM_Preprocessing_Dual=0;CPXPARAM_Preprocessing_Fill=10;CPXPARAM_Preprocessing_NumPass=-1;CPXPARAM_Preprocessing_Presolve=1;CPXPARAM_Preprocessing_QPMakePSD=1;CPXPARAM_Preprocessing_Reduce=3;CPXPARAM_Preprocessing_Relax=-1;CPXPARAM_Preprocessing_RepeatPresolve=-1;CPXPARAM_Preprocessing_Symmetry=-1;CPXPARAM_Read_Scale=0;CPXPARAM_Sifting_Algorithm=0;CPXPARAM_Simplex_Crash=1;CPXPARAM_Simplex_DGradient=0;CPXPARAM_Simplex_Limits_Perturbation=0;CPXPARAM_Simplex_Limits_Singularity=10;CPXPARAM_Simplex_PGradient=0;CPXPARAM_Simplex_Pricing=0;CPXPARAM_Simplex_Refactor=0
554003711163554897,0,CPXPARAM_Advance=1;CPXPARAM_Barrier_Algorithm=0;CPXPARAM_Barrier_ColNonzeros=0;CPXPARAM_Barrier_Crossover=0;CPXPARAM_Barrier_Limits_Corrections=-1;CPXPARAM_Barrier_Ordering=0;CPXPARAM_Barrier_StartAlg=1;CPXPARAM_Emphasis_MIP=2;CPXPARAM_Emphasis_Memory=0;CPXPARAM_Emphasis_Numerical=0;CPXPARAM_Feasopt_Mode=0;CPXPARAM_LPMethod=0;CPXPARAM_MIP_Cuts_Cliques=-1;CPXPARAM_MIP_Cuts_Covers=2;CPXPARAM_MIP_Cuts_Disjunctive=1;CPXPARAM_MIP_Cuts_FlowCovers=2;CPXPARAM_MIP_Cuts_GUBCovers=1;CPXPARAM_MIP_Cuts_Gomory=0;CPXPARAM_MIP_Cuts_Implied=-1;CPXPARAM_MIP_Cuts_MIRCut=-1;CPXPARAM_MIP_Cuts_PathCut=-1;CPXPARAM_MIP_Limits_AggForCut=3;CPXPARAM_MIP_Limits_CutPasses=0;CPXPARAM_MIP_Limits_CutsFactor=-1;CPXPARAM_MIP_Limits_GomoryCand=400;CPXPARAM_MIP_Limits_GomoryPass=0;CPXPARAM_MIP_Limits_Nodes=9223372036800000000;CPXPARAM_MIP_Limits_ProbeTime=1e+75;CPXPARAM_MIP_Limits_RepairTries=0;CPXPARAM_MIP_Limits_StrongCand=10;CPXPARAM_MIP_Limits_StrongIt=0;CPXPARAM_MIP_OrderType=0;CPXPARAM_MIP_Strategy_BBInterval=7;CPXPARAM_MIP_Strategy_Branch=0;CPXPARAM_MIP_Strategy_Dive=0;CPXPARAM_MIP_Strategy_File=1;CPXPARAM_MIP_Strategy_HeuristicFreq=0;CPXPARAM_MIP_Strategy_LBHeur=0;CPXPARAM_MIP_Strategy_NodeSelect=1;CPXPARAM_MIP_Strategy_Order=1;CPXPARAM_MIP_Strategy_PresolveNode=0;CPXPARAM_MIP_Strategy_Probe=0;CPXPARAM_MIP_Strategy_RINSHeur=0;CPXPARAM_MIP_Strategy_StartAlgorithm=0;CPXPARAM_MIP_Strategy_SubAlgorithm=0;CPXPARAM_MIP_Strategy_VariableSelect=0;CPXPARAM_Network_NetFind=2;CPXPARAM_Network_Pricing=0;CPXPARAM_Parallel=1;CPXPARAM_Preprocessing_Aggregator=-1;CPXPARAM_Preprocessing_BoundStrength=-1;CPXPARAM_Preprocessing_CoeffReduce=-1;CPXPARAM_Preprocessing_Dependency=-1;CPXPARAM_Preprocessing_Dual=0;CPXPARAM_Preprocessing_Fill=10;CPXPARAM_Preprocessing_NumPass=-1;CPXPARAM_Preprocessing_Presolve=1;CPXPARAM_Preprocessing_QPMakePSD=1;CPXPARAM_Preprocessing_Reduce=3;CPXPARAM_Preprocessing_Relax=-1;CPXPARAM_Preprocessing_RepeatPresolve=0;CPXPARAM_Preprocessing_Symmetry=-1;CPXPARAM_Read_Scale=0;CPXPARAM_Sifting_Algorithm=0;CPXPARAM_Simplex_Crash=1;CPXPARAM_Simplex_DGradient=0;CPXPARAM_Simplex_Limits_Perturbation=0;CPXPARAM_Simplex_Limits_Singularity=10;CPXPARAM_Simplex_PGradient=0;CPXPARAM_Simplex_Pricing=0;CPXPARAM_Simplex_Refactor=0
5084386193267794143,0,CPXPARAM_Advance=1;CPXPARAM_Barrier_Algorithm=0;CPXPARAM_Barrier_ColNonzeros=0;CPXPARAM_Barrier_Crossover=0;CPXPARAM_Barrier_Limits_Corrections=-1;CPXPARAM_Barrier_Ordering=0;CPXPARAM_Barrier_StartAlg=1;CPXPARAM_Emphasis_MIP=3;CPXPARAM_Emphasis_Memory=0;CPXPARAM_Emphasis_Numerical=0;CPXPARAM_Feasopt_Mode=0;CPXPARAM_LPMethod=0;CPXPARAM_MIP_Cuts_Cliques=0;CPXPARAM_MIP_Cuts_Covers=0;CPXPARAM_MIP_Cuts_Disjunctive=-1;CPXPARAM_MIP_Cuts_FlowCovers=2;CPXPARAM_MIP_Cuts_GUBCovers=-1;CPXPARAM_MIP_Cuts_Gomory=2;CPXPARAM_MIP_Cuts_Implied=-1;CPXPARAM_MIP_Cuts_MIRCut=2;CPXPARAM_MIP_Cuts_PathCut=2;CPXPARAM_MIP_Limits_AggForCut=3;CPXPARAM_MIP_Limits_CutPasses=0;CPXPARAM_MIP_Limits_CutsFactor=-1;CPXPARAM_MIP_Limits_GomoryCand=150;CPXPARAM_MIP_Limits_GomoryPass=0;CPXPARAM_MIP_Limits_Nodes=9223372036800000000;CPXPARAM_MIP_Limits_ProbeTime=1e+75;CPXPARAM_MIP_Limits_RepairTries=0;CPXPARAM_MIP_Limits_StrongCand=10;CPXPARAM_MIP_Limits_StrongIt=0;CPXPARAM_MIP_OrderType=0;CPXPARAM_MIP_Strategy_BBInterval=7;CPXPARAM_MIP_Strategy_Branch=0;CPXPARAM_MIP_Strategy_Dive=0;CPXPARAM_MIP_Strategy_File=1;CPXPARAM_MIP_Strategy_HeuristicFreq=0;CPXPARAM_MIP_Strategy_LBHeur=0;CPXPARAM_MIP_Strategy_NodeSelect=1;CPXPARAM_MIP_Strategy_Order=1;CPXPARAM_MIP_Strategy_PresolveNode=0;CPXPARAM_MIP_Strategy_Probe=2;CPXPARAM_MIP_Strategy_RINSHeur=0;CPXPARAM_MIP_Strategy_StartAlgorithm=0;CPXPARAM_MIP_Strategy_SubAlgorithm=0;CPXPARAM_MIP_Strategy_VariableSelect=0;CPXPARAM_Network_NetFind=2;CPXPARAM_Network_Pricing=0;CPXPARAM_Parallel=1;CPXPARAM_Preprocessing_Aggregator=-1;CPXPARAM_Preprocessing_BoundStrength=-1;CPXPARAM_Preprocessing_CoeffReduce=-1;CPXPARAM_Preprocessing_Dependency=-1;CPXPARAM_Preprocessing_Dual=0;CPXPARAM_Preprocessing_Fill=10;CPXPARAM_Preprocessing_NumPass=-1;CPXPARAM_Preprocessing_Presolve=1;CPXPARAM_Preprocessing_QPMakePSD=1;CPXPARAM_Preprocessing_Reduce=3;CPXPARAM_Preprocessing_Relax=-1;CPXPARAM_Preprocessing_RepeatPresolve=-1;CPXPARAM_Preprocessing_Symmetry=-1;CPXPARAM_Read_Scale=0;CPXPARAM_Sifting_Algorithm=0;CPXPARAM_Simplex_Crash=1;CPXPARAM_Simplex_DGradient=0;CPXPARAM_Simplex_Limits_Perturbation=0;CPXPARAM_Simplex_Limits_Singularity=10;CPXPARAM_Simplex_PGradient=0;CPXPARAM_Simplex_Pricing=0;CPXPARAM_Simplex_Refactor=0
17806080876944712309,0,CPXPARAM_Advance=1;CPXPARAM_Barrier_Algorithm=0;CPXPARAM_Barrier_ColNonzeros=0;CPXPARAM_Barrier_Crossover=0;CPXPARAM_Barrier_Limits_Corrections=-1;CPXPARAM_Barrier_Ordering=0;CPXPARAM_Barrier_StartAlg=1;CPXPARAM_Emphasis_MIP=2;CPXPARAM_Emphasis_Memory=0;CPXPARAM_Emphasis_Numerical=0;CPXPARAM_Feasopt_Mode=0;CPXPARAM_LPMethod=0;CPXPARAM_MIP_Cuts_Cliques=-1;CPXPARAM_MIP_Cuts_Covers=2;CPXPARAM_MIP_Cuts_Disjunctive=1;CPXPARAM_MIP_Cuts_FlowCovers=2;CPXPARAM_MIP_Cuts_GUBCovers=1;CPXPARAM_MIP_Cuts_Gomory=0;CPXPARAM_MIP_Cuts_Implied=-1;CPXPARAM_MIP_Cuts_MIRCut=-1;CPXPARAM_MIP_Cuts_PathCut=-1;CPXPARAM_MIP_Limits_AggForCut=3;CPXPARAM_MIP_Limits_CutPasses=0;CPXPARAM_MIP_Limits_CutsFactor=-1;CPXPARAM_MIP_Limits_GomoryCand=400;CPXPARAM_MIP_Limits_GomoryPass=0;CPXPARAM_MIP_Limits_Nodes=9223372036800000000;CPXPARAM_MIP_Limits_ProbeTime=1e+75;CPXPARAM_MIP_Limits_RepairTries=0;CPXPARAM_MIP_Limits_StrongCand=10;CPXPARAM_MIP_Limits_StrongIt=0;CPXPARAM_MIP_OrderType=0;CPXPARAM_MIP_Strategy_BBInterval=7;CPXPARAM_MIP_Strategy_Branch=0;CPXPARAM_MIP_Strategy_Dive=0;CPXPARAM_MIP_Strategy_File=1;CPXPARAM_MIP_Strategy_HeuristicFreq=0;CPXPARAM_MIP_Strategy_LBHeur=0;CPXPARAM_MIP_Strategy_NodeSelect=1;CPXPARAM_MIP_Strategy_Order=1;CPXPARAM_MIP_Strategy_PresolveNode=0;CPXPARAM_MIP_Strategy_Probe=0;CPXPARAM_MIP_Strategy_RINSHeur=0;CPXPARAM_MIP_Strategy_StartAlgorithm=2;CPXPARAM_MIP_Strategy_SubAlgorithm=0;CPXPARAM_MIP_Strategy_VariableSelect=0;CPXPARAM_Network_NetFind=2;CPXPARAM_Network_Pricing=0;CPXPARAM_Parallel=1;CPXPARAM_Preprocessing_Aggregator=-1;CPXPARAM_Preprocessing_BoundStrength=-1;CPXPARAM_Preprocessing_CoeffReduce=-1;CPXPARAM_Preprocessing_Dependency=-1;CPXPARAM_Preprocessing_Dual=0;CPXPARAM_Preprocessing_Fill=10;CPXPARAM_Preprocessing_NumPass=-1;CPXPARAM_Preprocessing_Presolve=1;CPXPARAM_Preprocessing_QPMakePSD=1;CPXPARAM_Preprocessing_Reduce=3;CPXPARAM_Preprocessing_Relax=-1;CPXPARAM_Preprocessing_RepeatPresolve=-1;CPXPARAM_Preprocessing_Symmetry=-1;CPXPARAM_Read_Scale=0;CPXPARAM_Sifting_Algorithm=0;CPXPARAM_Simplex_Crash=1;CPXPARAM_Simplex_DGradient=0;CPXPARAM_Simplex_Limits_Perturbation=0;CPXPARAM_Simplex_Limits_Singularity=10;CPXPARAM_Simplex_PGradient=0;CPXPARAM_Simplex_Pricing=0;CPXPARAM_Simplex_Refactor=0
10401535132143880140,0,CPXPARAM_Advance=1;CPXPARAM_Barrier_Algorithm=0;CPXPARAM_Barrier_ColNonzeros=0;CPXPARAM_Barrier_Crossover=0;CPXPARAM_Barrier_Limits_Corrections=-1;CPXPARAM_Barrier_Ordering=0;CPXPARAM_Barrier_StartAlg=1;CPXPARAM_Emphasis_MIP=0;CPXPARAM_Emphasis_Memory=0;CPXPARAM_Emphasis_Numerical=0;CPXPARAM_Feasopt_Mode=0;CPXPARAM_LPMethod=0;CPXPARAM_MIP_Cuts_Cliques=3;CPXPARAM_MIP_Cuts_Covers=0;CPXPARAM_MIP_Cuts_Disjunctive=0;CPXPARAM_MIP_Cuts_FlowCovers=2;CPXPARAM_MIP_Cuts_GUBCovers=2;CPXPARAM_MIP_Cuts_Gomory=0;CPXPARAM_MIP_Cuts_Implied=-1;CPXPARAM_MIP_Cuts_MIRCut=1;CPXPARAM_MIP_Cuts_PathCut=1;CPXPARAM_MIP_Limits_AggForCut=0;CPXPARAM_MIP_Limits_CutPasses=0;CPXPARAM_MIP_Limits_CutsFactor=-1;CPXPARAM_MIP_Limits_GomoryCand=800;CPXPARAM_MIP_Limits_GomoryPass=0;CPXPARAM_MIP_Limits_Nodes=9223372036800000000;CPXPARAM_MIP_Limits_ProbeTime=1e+75;CPXPARAM_MIP_Limits_RepairTries=0;CPXPARAM_MIP_Limits_StrongCand=10;CPXPARAM_MIP_Limits_StrongIt=0;CPXPARAM_MIP_OrderType=0;CPXPARAM_MIP_Strategy_BBInterval=7;CPXPARAM_MIP_Strategy_Branch=-1;CPXPARAM_MIP_Strategy_Dive=0;CPXPARAM_MIP_Strategy_File=1;CPXPARAM_MIP_Strategy_HeuristicFreq=0;CPXPARAM_MIP_Strategy_LBHeur=0;CPXPARAM_MIP_Strategy_NodeSelect=3;CPXPARAM_MIP_Strategy_Order=1;CPXPARAM_MIP_Strategy_PresolveNode=1;CPXPARAM_MIP_Strategy_Probe=2;CPXPARAM_MIP_Strategy_RINSHeur=0;CPXPARAM_MIP_Strategy_StartAlgorithm=0;CPXPARAM_MIP_Strategy_SubAlgorithm=0;CPXPARAM_MIP_Strategy_VariableSelect=4;CPXPARAM_Network_NetFind=2;CPXPARAM_Network_Pricing=0;CPXPARAM_Parallel=1;CPXPARAM_Preprocessing_Aggregator=-1;CPXPARAM_Preprocessing_BoundStrength=-1;CPXPARAM_Preprocessing_CoeffReduce=-1;CPXPARAM_Preprocessing_Dependency=-1;CPXPARAM_Preprocessing_Dual=0;CPXPARAM_Preprocessing_Fill=5;CPXPARAM_Preprocessing_NumPass=-1;CPXPARAM_Preprocessing_Presolve=1;CPXPARAM_Preprocessing_QPMakePSD=1;CPXPARAM_Preprocessing_Reduce=3;CPXPARAM_Preprocessing_Relax=-1;CPXPARAM_Preprocessing_RepeatPresolve=-1;CPXPARAM_Preprocessing_Symmetry=-1;CPXPARAM_Read_Scale=0;CPXPARAM_Sifting_Algorithm=0;CPXPARAM_Simplex_Crash=1;CPXPARAM_Simplex_DGradient=0;CPXPARAM_Simplex_Limits_Perturbation=0;CPXPARAM_Simplex_Limits_Singularity=10;CPXPARAM_Simplex_PGradient=0;CPXPARAM_Simplex_Pricing=0;CPXPARAM_Simplex_Refactor=0
14730172919090911463,0,CPXPARAM_Advance=1;CPXPARAM_Barrier_Algorithm=0;CPXPARAM_Barrier_ColNonzeros=0;CPXPARAM_Barrier_Crossover=0;CPXPARAM_Barrier_Limits_Corrections=-1;CPXPARAM_Barrier_Ordering=0;CPXPARAM_Barrier_StartAlg=1;CPXPARAM_Emphasis_MIP=5;CPXPARAM_Emphasis_Memory=0;CPXPARAM_Emphasis_Numerical=0;CPXPARAM_Feasopt_Mode=0;CPXPARAM_LPMethod=0;CPXPARAM_MIP_Cuts_Cliques=0;CPXPARAM_MIP_Cuts_Covers=0;CPXPARAM_MIP_Cuts_Disjunctive=1;CPXPARAM_MIP_Cuts_FlowCovers=1;CPXPARAM_MIP_Cuts_GUBCovers=2;CPXPARAM_MIP_Cuts_Gomory=2;CPXPARAM_MIP_Cuts_Implied=-1;CPXPARAM_MIP_Cuts_MIRCut=1;CPXPARAM_MIP_Cuts_PathCut=-1;CPXPARAM_MIP_Limits_AggForCut=3;CPXPARAM_MIP_Limits_CutPasses=0;CPXPARAM_MIP_Limits_CutsFactor=-1;CPXPARAM_MIP_Limits_GomoryCand=150;CPXPARAM_MIP_Limits_GomoryPass=0;CPXPARAM_MIP_Limits_Nodes=9223372036800000000;CPXPARAM_MIP_Limits_ProbeTime=1e+75;CPXPARAM_MIP_Limits_RepairTries=0;CPXPARAM_MIP_Limits_StrongCand=10;CPXPARAM_MIP_Limits_StrongIt=0;CPXPARAM_MIP_OrderType=0;CPXPARAM_MIP_Strategy_BBInterval=7;CPXPARAM_MIP_Strategy_Branch=0;CPXPARAM_MIP_Strategy_Dive=0;CPXPARAM_MIP_Strategy_File=1;CPXPARAM_MIP_Strategy_HeuristicFreq=0;CPXPARAM_MIP_Strategy_LBHeur=0;CPXPARAM_MIP_Strategy_NodeSelect=1;CPXPARAM_MIP_Strategy_Order=1;CPXPARAM_MIP_Strategy_PresolveNode=0;CPXPARAM_MIP_Strategy_Probe=0;CPXPARAM_MIP_Strategy_RINSHeur=0;CPXPARAM_MIP_Strategy_StartAlgorithm=0;CPXPARAM_MIP_Strategy_SubAlgorithm=0;CPXPARAM_MIP_Strategy_VariableSelect=0;CPXPARAM_Network_NetFind=2;CPXPARAM_Network_Pricing=0;CPXPARAM_Parallel=1;CPXPARAM_Preprocessing_Aggregator=-1;CPXPARAM_Preprocessing_BoundStrength=-1;CPXPARAM_Preprocessing_CoeffReduce=-1;CPXPARAM_Preprocessing_Dependency=-1;CPXPARAM_Preprocessing_Dual=0;CPXPARAM_Preprocessing_Fill=10;CPXPARAM_Preprocessing_NumPass=-1;CPXPARAM_Preprocessing_Presolve=1;CPXPARAM_Preprocessing_QPMakePSD=1;CPXPARAM_Preprocessing_Reduce=3;CPXPARAM_Preprocessing_Relax=-1;CPXPARAM_Preprocessing_RepeatPresolve=-1;CPXPARAM_Preprocessing_Symmetry=-1;CPXPARAM_Read_Scale=0;CPXPARAM_Sifting_Algorithm=0;CPXPARAM_Simplex_Crash=1;CPXPARAM_Simplex_DGradient=0;CPXPARAM_Simplex_Limits_Perturbation=0;CPXPARAM_Simplex_Limits_Singularity=10;CPXPARAM_Simplex_PGradient=0;CPXPARAM_Simplex_Pricing=0;CPXPARAM_Simplex_Refactor=0
9865138312616456975,0,CPXPARAM_Advance=1;CPXPARAM_Barrier_Algorithm=0;CPXPARAM_Barrier_ColNonzeros=0;CPXPARAM_Barrier_Crossover=0;CPXPARAM_Barrier_Limits_Corrections=-1;CPXPARAM_Barrier_Ordering=0;CPXPARAM_Barrier_StartAlg=1;CPXPARAM_Emphasis_MIP=5;CPXPARAM_Emphasis_Memory=0;CPXPARAM_Emphasis_Numerical=0;CPXPARAM_Feasopt_Mode=0;CPXPARAM_LPMethod=0;CPXPARAM_MIP_Cuts_Cliques=3;CPXPARAM_MIP_Cuts_Covers=0;CPXPARAM_MIP_Cuts_Disjunctive=1;CPXPARAM_MIP_Cuts_FlowCovers=2;CPXPARAM_MIP_Cuts_GUBCovers=1;CPXPARAM_MIP_Cuts_Gomory=0;CPXPARAM_MIP_Cuts_Implied=2;CPXPARAM_MIP_Cuts_MIRCut=-1;CPXPARAM_MIP_Cuts_PathCut=-1;CPXPARAM_MIP_Limits_AggForCut=3;CPXPARAM_MIP_Limits_CutPasses=0;CPXPARAM_MIP_Limits_CutsFactor=-1;CPXPARAM_MIP_Limits_GomoryCand=150;CPXPARAM_MIP_Limits_GomoryPass=0;CPXPARAM_MIP_Limits_Nodes=9223372036800000000;CPXPARAM_MIP_Limits_ProbeTime=1e+75;CPXPARAM_MIP_Limits_RepairTries=0;CPXPARAM_MIP_Limits_StrongCand=10;CPXPARAM_MIP_Limits_StrongIt=0;CPXPARAM_MIP_OrderType=0;CPXPARAM_MIP_Strategy_BBInterval=7;CPXPARAM_MIP_Strategy_Branch=0;CPXPARAM_MIP_Strategy_Dive=0;CPXPARAM_MIP_Strategy_File=1;CPXPARAM_MIP_Strategy_HeuristicFreq=0;CPXPARAM_MIP_Strategy_LBHeur=0;CPXPARAM_MIP_Strategy_NodeSelect=3;CPXPARAM_MIP_Strategy_Order=1;CPXPARAM_MIP_Strategy_PresolveNode=3;CPXPARAM_MIP_Strategy_Probe=2;CPXPARAM_MIP_Strategy_RINSHeur=0;CPXPARAM_MIP_Strategy_StartAlgorithm=0;CPXPARAM_MIP_Strategy_SubAlgorithm=0;CPXPARAM_MIP_Strategy_VariableSelect=3;CPXPARAM_Network_NetFind=2;CPXPARAM_Network_Pricing=0;CPXPARAM_Parallel=1;CPXPARAM_Preprocessing_Aggregator=-1;CPXPARAM_Preprocessing_BoundStrength=-1;CPXPARAM_Preprocessing_CoeffReduce=-1;CPXPARAM_Preprocessing_Dependency=-1;CPXPARAM_Preprocessing_Dual=0;CPXPARAM_Preprocessing_Fill=10;CPXPARAM_Preprocessing_NumPass=-1;CPXPARAM_Preprocessing_Presolve=1;CPXPARAM_Preprocessing_QPMakePSD=1;CPXPARAM_Preprocessing_Reduce=3;CPXPARAM_Preprocessing_Relax=-1;CPXPARAM_Preprocessing_RepeatPresolve=-1;CPXPARAM_Preprocessing_Symmetry=-1;CPXPARAM_Read_Scale=0;CPXPARAM_Sifting_Algorithm=0;CPXPARAM_Simplex_Crash=1;CPXPARAM_Simplex_DGradient=0;CPXPARAM_Simplex_Limits_Perturbation=0;CPXPARAM_Simplex_Limits_Singularity=10;CPXPARAM_Simplex_PGradient=0;CPXPARAM_Simplex_Pricing=0;CPXPARAM_Simplex_Refactor=0
14061357875693352756,0,CPXPARAM_Advance=1;CPXPARAM_Barrier_Algorithm=0;CPXPARAM_Barrier_ColNonzeros=0;CPXPARAM_Barrier_Crossover=0;CPXPARAM_Barrier_Limits_Corrections=-1;CPXPARAM_Barrier_Ordering=0;CPXPARAM_Barrier_StartAlg=1;CPXPARAM_Emphasis_MIP=5;CPXPARAM_Emphasis_Memory=0;CPXPARAM_Emphasis_Numerical=0;CPXPARAM_Feasopt_Mode=0;CPXPARAM_LPMethod=0;CPXPARAM_MIP_Cuts_Cliques=0;CPXPARAM_MIP_Cuts_Covers=0;CPXPARAM_MIP_Cuts_Disjunctive=-1;CPXPARAM_MIP_Cuts_FlowCovers=-1;CPXPARAM_MIP_Cuts_GUBCovers=1;CPXPARAM_MIP_Cuts_Gomory=-1;CPXPARAM_MIP_Cuts_Implied=1;CPXPARAM_MIP_Cuts_MIRCut=2;CPXPARAM_MIP_Cuts_PathCut=-1;CPXPARAM_MIP_Limits_AggForCut=3;CPXPARAM_MIP_Limits_CutPasses=0;CPXPARAM_MIP_Limits_CutsFactor=-1;CPXPARAM_MIP_Limits_GomoryCand=400;CPXPARAM_MIP_Limits_GomoryPass=0;CPXPARAM_MIP_Limits_Nodes=9223372036800000000;CPXPARAM_MIP_Limits_ProbeTime=1e+75;CPXPARAM_MIP_Limits_RepairTries=0;CPXPARAM_MIP_Limits_StrongCand=10;CPXPARAM_MIP_Limits_StrongIt=0;CPXPARAM_MIP_OrderType=3;CPXPARAM_MIP_Strategy_BBInterval=7;CPXPARAM_MIP_Strategy_Branch=-1;CPXPARAM_MIP_Strategy_Dive=0;CPXPARAM_MIP_Strategy_File=1;CPXPARAM_MIP_Strategy_HeuristicFreq=0;CPXPARAM_MIP_Strategy_LBHeur=0;CPXPARAM_MIP_Strategy_NodeSelect=0;CPXPARAM_MIP_Strategy_Order=1;CPXPARAM_MIP_Strategy_PresolveNode=1;CPXPARAM_MIP_Strategy_Probe=1;CPXPARAM_MIP_Strategy_RINSHeur=0;CPXPARAM_MIP_Strategy_StartAlgorithm=0;CPXPARAM_MIP_Strategy_SubAlgorithm=0;CPXPARAM_MIP_Strategy_VariableSelect=4;CPXPARAM_Network_NetFind=2;CPXPARAM_Network_Pricing=0;CPXPARAM_Parallel=1;CPXPARAM_Preprocessing_Aggregator=-1;CPXPARAM_Preprocessing_BoundStrength=-1;CPXPARAM_Preprocessing_CoeffReduce=-1;CPXPARAM_Preprocessing_Dependency=-1;CPXPARAM_Preprocessing_Dual=0;CPXPARAM_Preprocessing_Fill=40;CPXPARAM_Preprocessing_NumPass=-1;CPXPARAM_Preprocessing_Presolve=1;CPXPARAM_Preprocessing_QPMakePSD=1;CPXPARAM_Preprocessing_Reduce=0;CPXPARAM_Preprocessing_Relax=-1;CPXPARAM_Preprocessing_RepeatPresolve=-1;CPXPARAM_Preprocessing_Symmetry=-1;CPXPARAM_Read_Scale=0;CPXPARAM_Sifting_Algorithm=0;CPXPARAM_Simplex_Crash=1;CPXPARAM_Simplex_DGradient=0;CPXPARAM_Simplex_Limits_Perturbation=0;CPXPARAM_Simplex_Limits_Singularity=10;CPXPARAM_Simplex_PGradient=0;CPXPARAM_Simplex_Pricing=0;CPXPARAM_Simplex_Refactor=0
13551642220041503553,0,CPXPARAM_Advance=1;CPXPARAM_Barrier_Algorithm=0;CPXPARAM_Barrier_ColNonzeros=0;CPXPARAM_Barrier_Crossover=0;CPXPARAM_Barrier_Limits_Corrections=-1;CPXPARAM_Barrier_Ordering=0;CPXPARAM_Barrier_StartAlg=1;CPXPARAM_Emphasis_MIP=0;CPXPARAM_Emphasis_Memory=0;CPXPARAM_Emphasis_Numerical=0;CPXPARAM_Feasopt_Mode=0;CPXPARAM_LPMethod=0;CPXPARAM_MIP_Cuts_Cliques=3;CPXPARAM_MIP_Cuts_Covers=-1;CPXPARAM_MIP_Cuts_Disjunctive=0;CPXPARAM_MIP_Cuts_FlowCovers=2;CPXPARAM_MIP_Cuts_GUBCovers=-1;CPXPARAM_MIP_Cuts_Gomory=0;CPXPARAM_MIP_Cuts_Implied=-1;CPXPARAM_MIP_Cuts_MIRCut=2;CPXPARAM_MIP_Cuts_PathCut=-1;CPXPARAM_MIP_Limits_AggForCut=3;CPXPARAM_MIP_Limits_CutPasses=0;CPXPARAM_MIP_Limits_CutsFactor=-1;CPXPARAM_MIP_Limits_GomoryCand=50;CPXPARAM_MIP_Limits_GomoryPass=0;CPXPARAM_MIP_Limits_Nodes=9223372036800000000;CPXPARAM_MIP_Limits_ProbeTime=1e+75;CPXPARAM_MIP_Limits_RepairTries=0;CPXPARAM_MIP_Limits_StrongCand=10;CPXPARAM_MIP_Limits_StrongIt=0;CPXPARAM_MIP_OrderType=0;CPXPARAM_MIP_Strategy_BBInterval=7;CPXPARAM_MIP_Strategy_Branch=0;CPXPARAM_MIP_Strategy_Dive=0;CPXPARAM_MIP_Strategy_File=1;CPXPARAM_MIP_Strategy_HeuristicFreq=0;CPXPARAM_MIP_Strategy_LBHeur=0;CPXPARAM_MIP_Strategy_NodeSelect=1;CPXPARAM_MIP_Strategy_Order=1;CPXPARAM_MIP_Strategy_PresolveNode=0;CPXPARAM_MIP_Strategy_Probe=-1;CPXPARAM_MIP_Strategy_RINSHeur=0;CPXPARAM_MIP_Strategy_StartAlgorithm=0;CPXPARAM_MIP_Strategy_SubAlgorithm=0;CPXPARAM_MIP_Strategy_VariableSelect=0;CPXPARAM_Network_NetFind=2;CPXPARAM_Network_Pricing=0;CPXPARAM_Parallel=1;CPXPARAM_Preprocessing_Aggregator=-1;CPXPARAM_Preprocessing_BoundStrength=-1;CPXPARAM_Preprocessing_CoeffReduce=-1;CPXPARAM_Preprocessing_Dependency=-1;CPXPARAM_Preprocessing_Dual=0;CPXPARAM_Preprocessing_Fill=10;CPXPARAM_Preprocessing_NumPass=-1;CPXPARAM_Preprocessing_Presolve=1;CPXPARAM_Preprocessing_QPMakePSD=1;CPXPARAM_Preprocessing_Reduce=3;CPXPARAM_Preprocessing_Relax=-1;CPXPARAM_Preprocessing_RepeatPresolve=-1;CPXPARAM_Preprocessing_Symmetry=-1;CPXPARAM_Read_Scale=0;CPXPARAM_Sifting_Algorithm=0;CPXPARAM_Simplex_Crash=1;CPXPARAM_Simplex_DGradient=0;CPXPARAM_Simplex_Limits_Perturbation=0;CPXPARAM_Simplex_Limits_Singularity=10;CPXPARAM_Simplex_PGradient=0;CPXPARAM_Simplex_Pricing=0;CPXPARAM_Simplex_Refactor=0
13150311458889111241,0,CPXPARAM_Advance=1;CPXPARAM_Barrier_Algorithm=0;CPXPARAM_Barrier_ColNonzeros=0;CPXPARAM_Barrier_Crossover=0;CPXPARAM_Barrier_Limits_Corrections=-1;CPXPARAM_Barrier_Ordering=0;CPXPARAM_Barrier_StartAlg=1;CPXPARAM_Emphasis_MIP=2;CPXPARAM_Emphasis_Memory=0;CPXPARAM_Emphasis_Numerical=0;CPXPARAM_Feasopt_Mode=0;CPXPARAM_LPMethod=0;CPXPARAM_MIP_Cuts_Cliques=0;CPXPARAM_MIP_Cuts_Covers=0;CPXPARAM_MIP_Cuts_Disjunctive=-1;CPXPARAM_MIP_Cuts_FlowCovers=-1;CPXPARAM_MIP_Cuts_GUBCovers=0;CPXPARAM_MIP_Cuts_Gomory=0;CPXPARAM_MIP_Cuts_Implied=0;CPXPARAM_MIP_Cuts_MIRCut=2;CPXPARAM_MIP_Cuts_PathCut=1;CPXPARAM_MIP_Limits_AggForCut=3;CPXPARAM_MIP_Limits_CutPasses=0;CPXPARAM_MIP_Limits_CutsFactor=-1;CPXPARAM_MIP_Limits_GomoryCand=10;CPXPARAM_MIP_Limits_GomoryPass=0;CPXPARAM_MIP_Limits_Nodes=9223372036800000000;CPXPARAM_MIP_Limits_ProbeTime=1e+75;CPXPARAM_MIP_Limits_RepairTries=0;CPXPARAM_MIP_Limits_StrongCand=10;CPXPARAM_MIP_Limits_StrongIt=0;CPXPARAM_MIP_OrderType=0;CPXPARAM_MIP_Strategy_BBInterval=7;CPXPARAM_MIP_Strategy_Branch=0;CPXPARAM_MIP_Strategy_Dive=0;CPXPARAM_MIP_Strategy_File=1;CPXPARAM_MIP_Strategy_HeuristicFreq=0;CPXPARAM_MIP_Strategy_LBHeur=0;CPXPARAM_MIP_Strategy_NodeSelect=1;CPXPARAM_MIP_Strategy_Order=1;CPXPARAM_MIP_Strategy_PresolveNode=0;CPXPARAM_MIP_Strategy_Probe=0;CPXPARAM_MIP_Strategy_RINSHeur=0;CPXPARAM_MIP_Strategy_StartAlgorithm=0;CPXPARAM_MIP_Strategy_SubAlgorithm=0;CPXPARAM_MIP_Strategy_VariableSelect=0;CPXPARAM_Network_NetFind=2;CPXPARAM_Network_Pricing=0;CPXPARAM_Parallel=1;CPXPARAM_Preprocessing_Aggregator=-1;CPXPARAM_Preprocessing_BoundStrength=-1;CPXPARAM_Preprocessing_CoeffReduce=-1;CPXPARAM_Preprocessing_Dependency=-1;CPXPARAM_Preprocessing_Dual=0;CPXPARAM_Preprocessing_Fill=10;CPXPARAM_Preprocessing_NumPass=-1;CPXPARAM_Preprocessing_Presolve=1;CPXPARAM_Preprocessing_QPMakePSD=1;CPXPARAM_Preprocessing_Reduce=3;CPXPARAM_Preprocessing_Relax=-1;CPXPARAM_Preprocessing_RepeatPresolve=-1;CPXPARAM_Preprocessing_Symmetry=-1;CPXPARAM_Read_Scale=0;CPXPARAM_Sifting_Algorithm=0;CPXPARAM_Simplex_Crash=1;CPXPARAM_Simplex_DGradient=0;CPXPARAM_Simplex_Limits_Perturbation=0;CPXPARAM_Simplex_Limits_Singularity=10;CPXPARAM_Simplex_PGradient=0;CPXPARAM_Simplex_Pricing=0;CPXPARAM_Simplex_Refactor=0
10635485033392775909,0,CPXPARAM_Advance=1;CPXPARAM_Barrier_Algorithm=0;CPXPARAM_Barrier_ColNonzeros=0;CPXPARAM_Barrier_Crossover=0;CPXPARAM_Barrier_Limits_Corrections=-1;CPXPARAM_Barrier_Ordering=0;CPXPARAM_Barrier_StartAlg=1;CPXPARAM_Emphasis_MIP=5;CPXPARAM_Emphasis_Memory=0;CPXPARAM_Emphasis_Numerical=0;CPXPARAM_Feasopt_Mode=0;CPXPARAM_LPMethod=0;CPXPARAM_MIP_Cuts_Cliques=2;CPXPARAM_MIP_Cuts_Covers=0;CPXPARAM_MIP_Cuts_Disjunctive=1;CPXPARAM_MIP_Cuts_FlowCovers=1;CPXPARAM_MIP_Cuts_GUBCovers=2;CPXPARAM_MIP_Cuts_Gomory=2;CPXPARAM_MIP_Cuts_Implied=-1;CPXPARAM_MIP_Cuts_MIRCut=1;CPXPARAM_MIP_Cuts_PathCut=-1;CPXPARAM_MIP_Limits_AggForCut=3;CPXPARAM_MIP_Limits_CutPasses=0;CPXPARAM_MIP_Limits_CutsFactor=-1;CPXPARAM_MIP_Limits_GomoryCand=150;CPXPARAM_MIP_Limits_GomoryPass=0;CPXPARAM_MIP_Limits_Nodes=9223372036800000000;CPXPARAM_MIP_Limits_ProbeTime=1e+75;CPXPARAM_MIP_Limits_RepairTries=0;CPXPARAM_MIP_Limits_StrongCand=10;CPXPARAM_MIP_Limits_StrongIt=0;CPXPARAM_MIP_OrderType=0;CPXPARAM_MIP_Strategy_BBInterval=7;CPXPARAM_MIP_Strategy_Branch=0;CPXPARAM_MIP_Strategy_Dive=0;CPXPARAM_MIP_Strategy_File=1;CPXPARAM_MIP_Strategy_HeuristicFreq=0;CPXPARAM_MIP_Strategy_LBHeur=0;CPXPARAM_MIP_Strategy_NodeSelect=1;CPXPARAM_MIP_Strategy_Order=1;CPXPARAM_MIP_Strategy_PresolveNode=0;CPXPARAM_MIP_Strategy_Probe=0;CPXPARAM_MIP_Strategy_RINSHeur=0;CPXPARAM_MIP_Strategy_StartAlgorithm=0;CPXPARAM_MIP_Strategy_SubAlgorithm=0;CPXPARAM_MIP_Strategy_VariableSelect=0;CPXPARAM_Network_NetFind=2;CPXPARAM_Network_Pricing=0;CPXPARAM_Parallel=1;CPXPARAM_Preprocessing_Aggregator=-1;CPXPARAM_Preprocessing_BoundStrength=-1;CPXPARAM_Preprocessing_CoeffReduce=-1;CPXPARAM_Preprocessing_Dependency=-1;CPXPARAM_Preprocessing_Dual=0;CPXPARAM_Preprocessing_Fill=10;CPXPARAM_Preprocessing_NumPass=-1;CPXPARAM_Preprocessing_Presolve=1;CPXPARAM_Preprocessing_QPMakePSD=1;CPXPARAM_Preprocessing_Reduce=3;CPXPARAM_Preprocessing_Relax=-1;CPXPARAM_Preprocessing_RepeatPresolve=-1;CPXPARAM_Preprocessing_Symmetry=-1;CPXPARAM_Read_Scale=0;CPXPARAM_Sifting_Algorithm=0;CPXPARAM_Simplex_Crash=1;CPXPARAM_Simplex_DGradient=0;CPXPARAM_Simplex_Limits_Perturbation=0;CPXPARAM_Simplex_Limits_Singularity=10;CPXPARAM_Simplex_PGradient=0;CPXPARAM_Simplex_Pricing=0;CPXPARAM_Simplex_Refactor=0
1922729762051417857,0,CPXPARAM_Advance=1;CPXPARAM_Barrier_Algorithm=0;CPXPARAM_Barrier_ColNonzeros=0;CPXPARAM_Barrier_Crossover=0;CPXPARAM_Barrier_Limits_Corrections=-1;CPXPARAM_Barrier_Ordering=0;CPXPARAM_Barrier_StartAlg=1;CPXPARAM_Emphasis_MIP=1;CPXPARAM_Emphasis_Memory=0;CPXPARAM_Emphasis_Numerical=0;CPXPARAM_Feasopt_Mode=0;CPXPARAM_LPMethod=0;CPXPARAM_MIP_Cuts_Cliques=2;CPXPARAM_MIP_Cuts_Covers=0;CPXPARAM_MIP_Cuts_Disjunctive=1;CPXPARAM_MIP_Cuts_FlowCovers=1;CPXPARAM_MIP_Cuts_GUBCovers=-1;CPXPARAM_MIP_Cuts_Gomory=2;CPXPARAM_MIP_Cuts_Implied=0;CPXPARAM_MIP_Cuts_MIRCut=1;CPXPARAM_MIP_Cuts_PathCut=2;CPXPARAM_MIP_Limits_AggForCut=3;CPXPARAM_MIP_Limits_CutPasses=0;CPXPARAM_MIP_Limits_CutsFactor=-1;CPXPARAM_MIP_Limits_GomoryCand=10;CPXPARAM_MIP_Limits_GomoryPass=0;CPXPARAM_MIP_Limits_Nodes=9223372036800000000;CPXPARAM_MIP_Limits_ProbeTime=1e+75;CPXPARAM_MIP_Limits_RepairTries=0;CPXPARAM_MIP_Limits_StrongCand=10;CPXPARAM_MIP_Limits_StrongIt=0;CPXPARAM_MIP_OrderType=0;CPXPARAM_MIP_Strategy_BBInterval=7;CPXPARAM_MIP_Strategy_Branch=0;CPXPARAM_MIP_Strategy_Dive=0;CPXPARAM_MIP_Strategy_File=1;CPXPARAM_MIP_Strategy_HeuristicFreq=0;CPXPARAM_MIP_Strategy_LBHeur=0;CPXPARAM_MIP_Strategy_NodeSelect=1;CPXPARAM_MIP_Strategy_Order=1;CPXPARAM_MIP_Strategy_PresolveNode=0;CPXPARAM_MIP_Strategy_Probe=0;CPXPARAM_MIP_Strategy_RINSHeur=0;CPXPARAM_MIP_Strategy_StartAlgorithm=0;CPXPARAM_MIP_Strategy_SubAlgorithm=0;CPXPARAM_MIP_Strategy_VariableSelect=0;CPXPARAM_Network_NetFind=2;CPXPARAM_Network_Pricing=0;CPXPARAM_Parallel=1;CPXPARAM_Preprocessing_Aggregator=-1;CPXPARAM_Preprocessing_BoundStrength=-1;CPXPARAM_Preprocessing_CoeffReduce=-1;CPXPARAM_Preprocessing_Dependency=-1;CPXPARAM_Preprocessing_Dual=0;CPXPARAM_Preprocessing_Fill=10;CPXPARAM_Preprocessing_NumPass=-1;CPXPARAM_Preprocessing_Presolve=1;CPXPARAM_Preprocessing_QPMakePSD=1;CPXPARAM_Preprocessing_Reduce=3;CPXPARAM_Preprocessing_Relax=-1;CPXPARAM_Preprocessing_RepeatPresolve=-1;CPXPARAM_Preprocessing_Symmetry=-1;CPXPARAM_Read_Scale=0;CPXPARAM_Sifting_Algorithm=0;CPXPARAM_Simplex_Crash=1;CPXPARAM_Simplex_DGradient=0;CPXPARAM_Simplex_Limits_Perturbation=0;CPXPARAM_Simplex_Limits_Singularity=10;CPXPARAM_Simplex_PGradient=0;CPXPARAM_Simplex_Pricing=0;CPXPARAM_Simplex_Refactor=0
12534835294768816070,0,CPXPARAM_Advance=1;CPXPARAM_Barrier_Algorithm=0;CPXPARAM_Barrier_ColNonzeros=0;CPXPARAM_Barrier_Crossover=0;CPXPARAM_Barrier_Limits_Corrections=-1;CPXPARAM_Barrier_Ordering=0;CPXPARAM_Barrier_StartAlg=1;CPXPARAM_Emphasis_MIP=2;CPXPARAM_Emphasis_Memory=0;CPXPARAM_Emphasis_Numerical=0;CPXPARAM_Feasopt_Mode=0;CPXPARAM_LPMethod=0;CPXPARAM_MIP_Cuts_Cliques=-1;CPXPARAM_MIP_Cuts_Covers=2;CPXPARAM_MIP_Cuts_Disjunctive=1;CPXPARAM_MIP_Cuts_FlowCovers=2;CPXPARAM_MIP_Cuts_GUBCovers=1;CPXPARAM_MIP_Cuts_Gomory=0;CPXPARAM_MIP_Cuts_Implied=-1;CPXPARAM_MIP_Cuts_MIRCut=-1;CPXPARAM_MIP_Cuts_PathCut=-1;CPXPARAM_MIP_Limits_AggForCut=3;CPXPARAM_MIP_Limits_CutPasses=0;CPXPARAM_MIP_Limits_CutsFactor=-1;CPXPARAM_MIP_Limits_GomoryCand=400;CPXPARAM_MIP_Limits_GomoryPass=0;CPXPARAM_MIP_Limits_Nodes=9223372036800000000;CPXPARAM_MIP_Limits_ProbeTime=50;CPXPARAM_MIP_Limits_RepairTries=0;CPXPARAM_MIP_Limits_StrongCand=10;CPXPARAM_MIP_Limits_StrongIt=0;CPXPARAM_MIP_OrderType=0;CPXPARAM_MIP_Strategy_BBInterval=7;CPXPARAM_MIP_Strategy_Branch=0;CPXPARAM_MIP_Strategy_Dive=0;CPXPARAM_MIP_Strategy_File=1;CPXPARAM_MIP_Strategy_HeuristicFreq=0;CPXPARAM_MIP_Strategy_LBHeur=0;CPXPARAM_MIP_Strategy_NodeSelect=1;CPXPARAM_MIP_Strategy_Order=1;CPXPARAM_MIP_Strategy_PresolveNode=0;CPXPARAM_MIP_Strategy_Probe=0;CPXPARAM_MIP_Strategy_RINSHeur=0;CPXPARAM_MIP_Strategy_StartAlgorithm=0;CPXPARAM_MIP_Strategy_SubAlgorithm=0;CPXPARAM_MIP_Strategy_VariableSelect=0;CPXPARAM_Network_NetFind=2;CPXPARAM_Network_Pricing=0;CPXPARAM_Parallel=1;CPXPARAM_Preprocessing_Aggregator=-1;CPXPARAM_Preprocessing_BoundStrength=-1;CPXPARAM_Preprocessing_CoeffReduce=-1;CPXPARAM_Preprocessing_Dependency=-1;CPXPARAM_Preprocessing_Dual=0;CPXPARAM_Preprocessing_Fill=10;CPXPARAM_Preprocessing_NumPass=-1;CPXPARAM_Preprocessing_Presolve=1;CPXPARAM_Preprocessing_QPMakePSD=1;CPXPARAM_Preprocessing_Reduce=3;CPXPARAM_Preprocessing_Relax=-1;CPXPARAM_Preprocessing_RepeatPresolve=-1;CPXPARAM_Preprocessing_Symmetry=-1;CPXPARAM_Read_Scale=0;CPXPARAM_Sifting_Algorithm=0;CPXPARAM_Simplex_Crash=1;CPXPARAM_Simplex_DGradient=0;CPXPARAM_Simplex_Limits_Perturbation=0;CPXPARAM_Simplex_Limits_Singularity=10;CPXPARAM_Simplex_PGradient=0;CPXPARAM_Simplex_Pricing=0;CPXPARAM_Simplex_Refactor=0
15074864741216278052,0,CPXPARAM_Advance=1;CPXPARAM_Barrier_Algorithm=0;CPXPARAM_Barrier_ColNonzeros=0;CPXPARAM_Barrier_Crossover=0;CPXPARAM_Barrier_Limits_Corrections=-1;CPXPARAM_Barrier_Ordering=0;CPXPARAM_Barrier_StartAlg=1;CPXPARAM_Emphasis_MIP=3;CPXPARAM_Emphasis_Memory=0;CPXPARAM_Emphasis_Numerical=0;CPXPARAM_Feasopt_Mode=0;CPXPARAM_LPMethod=0;CPXPARAM_MIP_Cuts_Cliques=0;CPXPARAM_MIP_Cuts_Covers=-1;CPXPARAM_MIP_Cuts_Disjunctive=1;CPXPARAM_MIP_Cuts_FlowCovers=2;CPXPARAM_MIP_Cuts_GUBCovers=1;CPXPARAM_MIP_Cuts_Gomory=2;CPXPARAM_MIP_Cuts_Implied=0;CPXPARAM_MIP_Cuts_MIRCut=2;CPXPARAM_MIP_Cuts_PathCut=2;CPXPARAM_MIP_Limits_AggForCut=3;CPXPARAM_MIP_Limits_CutPasses=0;CPXPARAM_MIP_Limits_CutsFactor=-1;CPXPARAM_MIP_Limits_GomoryCand=50;CPXPARAM_MIP_Limits_GomoryPass=0;CPXPARAM_MIP_Limits_Nodes=9223372036800000000;CPXPARAM_MIP_Limits_ProbeTime=1e+75;CPXPARAM_MIP_Limits_RepairTries=0;CPXPARAM_MIP_Limits_StrongCand=10;CPXPARAM_MIP_Limits_StrongIt=0;CPXPARAM_MIP_OrderType=0;CPXPARAM_MIP_Strategy_BBInterval=7;CPXPARAM_MIP_Strategy_Branch=0;CPXPARAM_MIP_Strategy_Dive=0;CPXPARAM_MIP_Strategy_File=1;CPXPARAM_MIP_Strategy_HeuristicFreq=0;CPXPARAM_MIP_Strategy_LBHeur=0;CPXPARAM_MIP_Strategy_NodeSelect=1;CPXPARAM_MIP_Strategy_Order=1;CPXPARAM_MIP_Strategy_PresolveNode=0;CPXPARAM_MIP_Strategy_Probe=-1;CPXPARAM_MIP_Strategy_RINSHeur=0;CPXPARAM_MIP_Strategy_StartAlgorithm=0;CPXPARAM_MIP_Strategy_SubAlgorithm=0;CPXPARAM_MIP_Strategy_VariableSelect=0;CPXPARAM_Network_NetFind=2;CPXPARAM_Network_Pricing=0;CPXPARAM_Parallel=1;CPXPARAM_Preprocessing_Aggregator=-1;CPXPARAM_Preprocessing_BoundStrength=-1;CPXPARAM_Preprocessing_CoeffReduce=-1;CPXPARAM_Preprocessing_Dependency=-1;CPXPARAM_Preprocessing_Dual=0;CPXPARAM_Preprocessing_Fill=10;CPXPARAM_Preprocessing_NumPass=-1;CPXPARAM_Preprocessing_Presolve=1;CPXPARAM_Preprocessing_QPMakePSD=1;CPXPARAM_Preprocessing_Reduce=3;CPXPARAM_Preprocessing_Relax=-1;CPXPARAM_Preprocessing_RepeatPresolve=-1;CPXPARAM_Preprocessing_Symmetry=-1;CPXPARAM_Read_Scale=0;CPXPARAM_Sifting_Algorithm=0;CPXPARAM_Simplex_Crash=1;CPXPARAM_Simplex_DGradient=0;CPXPARAM_Simplex_Limits_Perturbation=0;CPXPARAM_Simplex_Limits_Singularity=10;CPXPARAM_Simplex_PGradient=0;CPXPARAM_Simplex_Pricing=0;CPXPARAM_Simplex_Refactor=0
246712397498374143,0,CPXPARAM_Advance=1;CPXPARAM_Barrier_Algorithm=0;CPXPARAM_Barrier_ColNonzeros=0;CPXPARAM_Barrier_Crossover=0;CPXPARAM_Barrier_Limits_Corrections=-1;CPXPARAM_Barrier_Ordering=0;CPXPARAM_Barrier_StartAlg=1;CPXPARAM_Emphasis_MIP=2;CPXPARAM_Emphasis_Memory=0;CPXPARAM_Emphasis_Numerical=0;CPXPARAM_Feasopt_Mode=0;CPXPARAM_LPMethod=0;CPXPARAM_MIP_Cuts_Cliques=1;CPXPARAM_MIP_Cuts_Covers=0;CPXPARAM_MIP_Cuts_Disjunctive=-1;CPXPARAM_MIP_Cuts_FlowCovers=2;CPXPARAM_MIP_Cuts_GUBCovers=2;CPXPARAM_MIP_Cuts_Gomory=1;CPXPARAM_MIP_Cuts_Implied=2;CPXPARAM_MIP_Cuts_MIRCut=-1;CPXPARAM_MIP_Cuts_PathCut=1;CPXPARAM_MIP_Limits_AggForCut=3;CPXPARAM_MIP_Limits_CutPasses=0;CPXPARAM_MIP_Limits_CutsFactor=-1;CPXPARAM_MIP_Limits_GomoryCand=200;CPXPARAM_MIP_Limits_GomoryPass=0;CPXPARAM_MIP_Limits_Nodes=9223372036800000000;CPXPARAM_MIP_Limits_ProbeTime=1e+75;CPXPARAM_MIP_Limits_RepairTries=0;CPXPARAM_MIP_Limits_StrongCand=10;CPXPARAM_MIP_Limits_StrongIt=0;CPXPARAM_MIP_OrderType=0;CPXPARAM_MIP_Strategy_BBInterval=7;CPXPARAM_MIP_Strategy_Branch=0;CPXPARAM_MIP_Strategy_Dive=0;CPXPARAM_MIP_Strategy_File=1;CPXPARAM_MIP_Strategy_HeuristicFreq=0;CPXPARAM_MIP_Strategy_LBHeur=0;CPXPARAM_MIP_Strategy_NodeSelect=1;CPXPARAM_MIP_Strategy_Order=1;CPXPARAM_MIP_Strategy_PresolveNode=0;CPXPARAM_MIP_Strategy_Probe=0;CPXPARAM_MIP_Strategy_RINSHeur=0;CPXPARAM_MIP_Strategy_StartAlgorithm=0;CPXPARAM_MIP_Strategy_SubAlgorithm=0;CPXPARAM_MIP_Strategy_VariableSelect=0;CPXPARAM_Network_NetFind=2;CPXPARAM_Network_Pricing=0;CPXPARAM_Parallel=1;CPXPARAM_Preprocessing_Aggregator=-1;CPXPARAM_Preprocessing_BoundStrength=-1;CPXPARAM_Preprocessing_CoeffReduce=-1;CPXPARAM_Preprocessing_Dependency=-1;CPXPARAM_Preprocessing_Dual=0;CPXPARAM_Preprocessing_Fill=10;CPXPARAM_Preprocessing_NumPass=-1;CPXPARAM_Preprocessing_Presolve=1;CPXPARAM_Preprocessing_QPMakePSD=1;CPXPARAM_Preprocessing_Reduce=3;CPXPARAM_Preprocessing_Relax=-1;CPXPARAM_Preprocessing_RepeatPresolve=-1;CPXPARAM_Preprocessing_Symmetry=-1;CPXPARAM_Read_Scale=0;CPXPARAM_Sifting_Algorithm=0;CPXPARAM_Simplex_Crash=1;CPXPARAM_Simplex_DGradient=0;CPXPARAM_Simplex_Limits_Perturbation=0;CPXPARAM_Simplex_Limits_Singularity=10;CPXPARAM_Simplex_PGradient=0;CPXPARAM_Simplex_Pricing=0;CPXPARAM_Simplex_Refactor=0
13514442205415401765,0,CPXPARAM_Advance=1;CPXPARAM_Barrier_Algorithm=0;CPXPARAM_Barrier_ColNonzeros=0;CPXPARAM_Barrier_Crossover=0;CPXPARAM_Barrier_Limits_Corrections=-1;CPXPARAM_Barrier_Ordering=0;CPXPARAM_Barrier_StartAlg=1;CPXPARAM_Emphasis_MIP=2;CPXPARAM_Emphasis_Memory=0;CPXPARAM_Emphasis_Numerical=0;CPXPARAM_Feasopt_Mode=0;CPXPARAM_LPMethod=0;CPXPARAM_MIP_Cuts_Cliques=-1;CPXPARAM_MIP_Cuts_Covers=0;CPXPARAM_MIP_Cuts_Disjunctive=-1;CPXPARAM_MIP_Cuts_FlowCovers=1;CPXPARAM_MIP_Cuts_GUBCovers=2;CPXPARAM_MIP_Cuts_Gomory=-1;CPXPARAM_MIP_Cuts_Implied=-1;CPXPARAM_MIP_Cuts_MIRCut=2;CPXPARAM_MIP_Cuts_PathCut=1;CPXPARAM_MIP_Limits_AggForCut=3;CPXPARAM_MIP_Limits_CutPasses=0;CPXPARAM_MIP_Limits_CutsFactor=-1;CPXPARAM_MIP_Limits_GomoryCand=10;CPXPARAM_MIP_Limits_GomoryPass=0;CPXPARAM_MIP_Limits_Nodes=9223372036800000000;CPXPARAM_MIP_Limits_ProbeTime=1e+75;CPXPARAM_MIP_Limits_RepairTries=0;CPXPARAM_MIP_Limits_StrongCand=10;CPXPARAM_MIP_Limits_StrongIt=0;CPXPARAM_MIP_OrderType=0;CPXPARAM_MIP_Strategy_BBInterval=7;CPXPARAM_MIP_Strategy_Branch=0;CPXPARAM_MIP_Strategy_Dive=0;CPXPARAM_MIP_Strategy_File=1;CPXPARAM_MIP_Strategy_HeuristicFreq=0;CPXPARAM_MIP_Strategy_LBHeur=0;CPXPARAM_MIP_Strategy_NodeSelect=1;CPXPARAM_MIP_Strategy_Order=1;CPXPARAM_MIP_Strategy_PresolveNode=0;CPXPARAM_MIP_Strategy_Probe=0;CPXPARAM_MIP_Strategy_RINSHeur=0;CPXPARAM_MIP_Strategy_StartAlgorithm=0;CPXPARAM_MIP_Strategy_SubAlgorithm=0;CPXPARAM_MIP_Strategy_VariableSelect=0;CPXPARAM_Network_NetFind=2;CPXPARAM_Network_Pricing=0;CPXPARAM_Parallel=1;CPXPARAM_Preprocessing_Aggregator=-1;CPXPARAM_Preprocessing_BoundStrength=-1;CPXPARAM_Preprocessing_CoeffReduce=-1;CPXPARAM_Preprocessing_Dependency=-1;CPXPARAM_Preprocessing_Dual=0;CPXPARAM_Preprocessing_Fill=10;CPXPARAM_Preprocessing_NumPass=-1;CPXPARAM_Preprocessing_Presolve=1;CPXPARAM_Preprocessing_QPMakePSD=1;CPXPARAM_Preprocessing_Reduce=3;CPXPARAM_Preprocessing_Relax=-1;CPXPARAM_Preprocessing_RepeatPresolve=-1;CPXPARAM_Preprocessing_Symmetry=-1;CPXPARAM_Read_Scale=0;CPXPARAM_Sifting_Algorithm=0;CPXPARAM_Simplex_Crash=1;CPXPARAM_Simplex_DGradient=0;CPXPARAM_Simplex_Limits_Perturbation=0;CPXPARAM_Simplex_Limits_Singularity=10;CPXPARAM_Simplex_PGradient=0;CPXPARAM_Simplex_Pricing=0;CPXPARAM_Simplex_Refactor=0
12932804653327585325,0,CPXPARAM_Advance=1;CPXPARAM_Barrier_Algorithm=0;CPXPARAM_Barrier_ColNonzeros=0;CPXPARAM_Barrier_Crossover=0;CPXPARAM_Barrier_Limits_Corrections=-1;CPXPARAM_Barrier_Ordering=0;CPXPARAM_Barrier_StartAlg=1;CPXPARAM_Emphasis_MIP=1;CPXPARAM_Emphasis_Memory=0;CPXPARAM_Emphasis_Numerical=0;CPXPARAM_Feasopt_Mode=0;CPXPARAM_LPMethod=0;CPXPARAM_MIP_Cuts_Cliques=0;CPXPARAM_MIP_Cuts_Covers=0;CPXPARAM_MIP_Cuts_Disjunctive=1;CPXPARAM_MIP_Cuts_FlowCovers=1;CPXPARAM_MIP_Cuts_GUBCovers=-1;CPXPARAM_MIP_Cuts_Gomory=2;CPXPARAM_MIP_Cuts_Implied=0;CPXPARAM_MIP_Cuts_MIRCut=1;CPXPARAM_MIP_Cuts_PathCut=2;CPXPARAM_MIP_Limits_AggForCut=3;CPXPARAM_MIP_Limits_CutPasses=0;CPXPARAM_MIP_Limits_CutsFactor=-1;CPXPARAM_MIP_Limits_GomoryCand=10;CPXPARAM_MIP_Limits_GomoryPass=0;CPXPARAM_MIP_Limits_Nodes=9223372036800000000;CPXPARAM_MIP_Limits_ProbeTime=1e+75;CPXPARAM_MIP_Limits_RepairTries=0;CPXPARAM_MIP_Limits_StrongCand=10;CPXPARAM_MIP_Limits_StrongIt=0;CPXPARAM_MIP_OrderType=0;CPXPARAM_MIP_Strategy_BBInterval=7;CPXPARAM_MIP_Strategy_Branch=0;CPXPARAM_MIP_Strategy_Dive=0;CPXPARAM_MIP_Strategy_File=1;CPXPARAM_MIP_Strategy_HeuristicFreq=0;CPXPARAM_MIP_Strategy_LBHeur=0;CPXPARAM_MIP_Strategy_NodeSelect=1;CPXPARAM_MIP_Strategy_Order=1;CPXPARAM_MIP_Strategy_PresolveNode=0;CPXPARAM_MIP_Strategy_Probe=0;CPXPARAM_MIP_Strategy_RINSHeur=0;CPXPARAM_MIP_Strategy_StartAlgorithm=0;CPXPARAM_MIP_Strategy_SubAlgorithm=0;CPXPARAM_MIP_Strategy_VariableSelect=0;CPXPARAM_Network_NetFind=2;CPXPARAM_Network_Pricing=0;CPXPARAM_Parallel=1;CPXPARAM_Preprocessing_Aggregator=-1;CPXPARAM_Preprocessing_BoundStrength=-1;CPXPARAM_Preprocessing_CoeffReduce=-1;CPXPARAM_Preprocessing_Dependency=-1;CPXPARAM_Preprocessing_Dual=0;CPXPARAM_Preprocessing_Fill=10;CPXPARAM_Preprocessing_NumPass=-1;CPXPARAM_Preprocessing_Presolve=1;CPXPARAM_Preprocessing_QPMakePSD=1;CPXPARAM_Preprocessing_Reduce=3;CPXPARAM_Preprocessing_Relax=-1;CPXPARAM_Preprocessing_RepeatPresolve=-1;CPXPARAM_Preprocessing_Symmetry=-1;CPXPARAM_Read_Scale=0;CPXPARAM_Sifting_Algorithm=0;CPXPARAM_Simplex_Crash=1;CPXPARAM_Simplex_DGradient=0;CPXPARAM_Simplex_Limits_Perturbation=0;CPXPARAM_Simplex_Limits_Singularity=10;CPXPARAM_Simplex_PGradient=0;CPXPARAM_Simplex_Pricing=0;CPXPARAM_Simplex_Refactor=0
6508088347565018882,0,CPXPARAM_Advance=1;CPXPARAM_Barrier_Algorithm=0;CPXPARAM_Barrier_ColNonzeros=0;CPXPARAM_Barrier_Crossover=0;CPXPARAM_Barrier_Limits_Corrections=-1;CPXPARAM_Barrier_Ordering=0;CPXPARAM_Barrier_StartAlg=1;CPXPARAM_Emphasis_MIP=0;CPXPARAM_Emphasis_Memory=0;CPXPARAM_Emphasis_Numerical=0;CPXPARAM_Feasopt_Mode=0;CPXPARAM_LPMethod=0;CPXPARAM_MIP_Cuts_Cliques=2;CPXPARAM_MIP_Cuts_Covers=1;CPXPARAM_MIP_Cuts_Disjunctive=-1;CPXPARAM_MIP_Cuts_FlowCovers=0;CPXPARAM_MIP_Cuts_GUBCovers=1;CPXPARAM_MIP_Cuts_Gomory=0;CPXPARAM_MIP_Cuts_Implied=2;CPXPARAM_MIP_Cuts_MIRCut=1;CPXPARAM_MIP_Cuts_PathCut=1;CPXPARAM_MIP_Limits_AggForCut=3;CPXPARAM_MIP_Limits_CutPasses=0;CPXPARAM_MIP_Limits_CutsFactor=-1;CPXPARAM_MIP_Limits_GomoryCand=200;CPXPARAM_MIP_Limits_GomoryPass=0;CPXPARAM_MIP_Limits_Nodes=9223372036800000000;CPXPARAM_MIP_Limits_ProbeTime=1e+75;CPXPARAM_MIP_Limits_RepairTries=0;CPXPARAM_MIP_Limits_StrongCand=10;CPXPARAM_MIP_Limits_StrongIt=0;CPXPARAM_MIP_OrderType=0;CPXPARAM_MIP_Strategy_BBInterval=7;CPXPARAM_MIP_Strategy_Branch=-1;CPXPARAM_MIP_Strategy_Dive=0;CPXPARAM_MIP_Strategy_File=1;CPXPARAM_MIP_Strategy_HeuristicFreq=0;CPXPARAM_MIP_Strategy_LBHeur=0;CPXPARAM_MIP_Strategy_NodeSelect=3;CPXPARAM_MIP_Strategy_Order=1;CPXPARAM_MIP_Strategy_PresolveNode=2;CPXPARAM_MIP_Strategy_Probe=0;CPXPARAM_MIP_Strategy_RINSHeur=0;CPXPARAM_MIP_Strategy_StartAlgorithm=0;CPXPARAM_MIP_Strategy_SubAlgorithm=0;CPXPARAM_MIP_Strategy_VariableSelect=1;CPXPARAM_Network_NetFind=2;CPXPARAM_Network_Pricing=0;CPXPARAM_Parallel=1;CPXPARAM_Preprocessing_Aggregator=-1;CPXPARAM_Preprocessing_BoundStrength=-1;CPXPARAM_Preprocessing_CoeffReduce=-1;CPXPARAM_Preprocessing_Dependency=-1;CPXPARAM_Preprocessing_Dual=0;CPXPARAM_Preprocessing_Fill=10;CPXPARAM_Preprocessing_NumPass=-1;CPXPARAM_Preprocessing_Presolve=1;CPXPARAM_Preprocessing_QPMakePSD=1;CPXPARAM_Preprocessing_Reduce=3;CPXPARAM_Preprocessing_Relax=-1;CPXPARAM_Preprocessing_RepeatPresolve=-1;CPXPARAM_Preprocessing_Symmetry=-1;CPXPARAM_Read_Scale=0;CPXPARAM_Sifting_Algorithm=0;CPXPARAM_Simplex_Crash=1;CPXPARAM_Simplex_DGradient=0;CPXPARAM_Simplex_Limits_Perturbation=0;CPXPARAM_Simplex_Limits_Singularity=10;CPXPARAM_Simplex_PGradient=0;CPXPARAM_Simplex_Pricing=0;CPXPARAM_Simplex_Refactor=0
4964013014465762406,0,CPXPARAM_Advance=1;CPXPARAM_Barrier_Algorithm=0;CPXPARAM_Barrier_ColNonzeros=0;CPXPARAM_Barrier_Crossover=0;CPXPARAM_Barrier_Limits_Corrections=-1;CPXPARAM_Barrier_Ordering=0;CPXPARAM_Barrier_StartAlg=1;CPXPARAM_Emphasis_MIP=3;CPXPARAM_Emphasis_Memory=0;CPXPARAM_Emphasis_Numerical=0;CPXPARAM_Feasopt_Mode=0;CPXPARAM_LPMethod=0;CPXPARAM_MIP_Cuts_Cliques=-1;CPXPARAM_MIP_Cuts_Covers=0;CPXPARAM_MIP_Cuts_Disjunctive=1;CPXPARAM_MIP_Cuts_FlowCovers=0;CPXPARAM_MIP_Cuts_GUBCovers=-1;CPXPARAM_MIP_Cuts_Gomory=2;CPXPARAM_MIP_Cuts_Implied=-1;CPXPARAM_MIP_Cuts_MIRCut=1;CPXPARAM_MIP_Cuts_PathCut=2;CPXPARAM_MIP_Limits_AggForCut=10;CPXPARAM_MIP_Limits_CutPasses=0;CPXPARAM_MIP_Limits_CutsFactor=-1;CPXPARAM_MIP_Limits_GomoryCand=200;CPXPARAM_MIP_Limits_GomoryPass=0;CPXPARAM_MIP_Limits_Nodes=9223372036800000000;CPXPARAM_MIP_Limits_ProbeTime=1e+75;CPXPARAM_MIP_Limits_RepairTries=0;CPXPARAM_MIP_Limits_StrongCand=10;CPXPARAM_MIP_Limits_StrongIt=0;CPXPARAM_MIP_OrderType=0;CPXPARAM_MIP_Strategy_BBInterval=7;CPXPARAM_MIP_Strategy_Branch=0;CPXPARAM_MIP_Strategy_Dive=0;CPXPARAM_MIP_Strategy_File=1;CPXPARAM_MIP_Strategy_HeuristicFreq=0;CPXPARAM_MIP_Strategy_LBHeur=0;CPXPARAM_MIP_Strategy_NodeSelect=2;CPXPARAM_MIP_Strategy_Order=1;CPXPARAM_MIP_Strategy_PresolveNode=0;CPXPARAM_MIP_Strategy_Probe=2;CPXPARAM_MIP_Strategy_RINSHeur=0;CPXPARAM_MIP_Strategy_StartAlgorithm=0;CPXPARAM_MIP_Strategy_SubAlgorithm=0;CPXPARAM_MIP_Strategy_VariableSelect=1;CPXPARAM_Network_NetFind=2;CPXPARAM_Network_Pricing=0;CPXPARAM_Parallel=1;CPXPARAM_Preprocessing_Aggregator=-1;CPXPARAM_Preprocessing_BoundStrength=-1;CPXPARAM_Preprocessing_CoeffReduce=-1;CPXPARAM_Preprocessing_Dependency=-1;CPXPARAM_Preprocessing_Dual=0;CPXPARAM_Preprocessing_Fill=5;CPXPARAM_Preprocessing_NumPass=-1;CPXPARAM_Preprocessing_Presolve=1;CPXPARAM_Preprocessing_QPMakePSD=1;CPXPARAM_Preprocessing_Reduce=3;CPXPARAM_Preprocessing_Relax=-1;CPXPARAM_Preprocessing_RepeatPresolve=-1;CPXPARAM_Preprocessing_Symmetry=-1;CPXPARAM_Read_Scale=0;CPXPARAM_Sifting_Algorithm=0;CPXPARAM_Simplex_Crash=1;CPXPARAM_Simplex_DGradient=0;CPXPARAM_Simplex_Limits_Perturbation=0;CPXPARAM_Simplex_Limits_Singularity=10;CPXPARAM_Simplex_PGradient=0;CPXPARAM_Simplex_Pricing=0;CPXPARAM_Simplex_Refactor=0
12953371364679643990,0,CPXPARAM_Advance=1;CPXPARAM_Barrier_Algorithm=0;CPXPARAM_Barrier_ColNonzeros=0;CPXPARAM_Barrier_Crossover=0;CPXPARAM_Barrier_Limits_Corrections=-1;CPXPARAM_Barrier_Ordering=0;CPXPARAM_Barrier_StartAlg=1;CPXPARAM_Emphasis_MIP=4;CPXPARAM_Emphasis_Memory=0;CPXPARAM_Emphasis_Numerical=0;CPXPARAM_Feasopt_Mode=0;CPXPARAM_LPMethod=0;CPXPARAM_MIP_Cuts_Cliques=0;CPXPARAM_MIP_Cuts_Covers=1;CPXPARAM_MIP_Cuts_Disjunctive=0;CPXPARAM_MIP_Cuts_FlowCovers=-1;CPXPARAM_MIP_Cuts_GUBCovers=2;CPXPARAM_MIP_Cuts_Gomory=0;CPXPARAM_MIP_Cuts_Implied=0;CPXPARAM_MIP_Cuts_MIRCut=0;CPXPARAM_MIP_Cuts_PathCut=1;CPXPARAM_MIP_Limits_AggForCut=3;CPXPARAM_MIP_Limits_CutPasses=0;CPXPARAM_MIP_Limits_CutsFactor=-1;CPXPARAM_MIP_Limits_GomoryCand=150;CPXPARAM_MIP_Limits_GomoryPass=0;CPXPARAM_MIP_Limits_Nodes=9223372036800000000;CPXPARAM_MIP_Limits_ProbeTime=1e+75;CPXPARAM_MIP_Limits_RepairTries=0;CPXPARAM_MIP_Limits_StrongCand=10;CPXPARAM_MIP_Limits_StrongIt=0;CPXPARAM_MIP_OrderType=0;CPXPARAM_MIP_Strategy_BBInterval=7;CPXPARAM_MIP_Strategy_Branch=0;CPXPARAM_MIP_Strategy_Dive=0;CPXPARAM_MIP_Strategy_File=1;CPXPARAM_MIP_Strategy_HeuristicFreq=0;CPXPARAM_MIP_Strategy_LBHeur=0;CPXPARAM_MIP_Strategy_NodeSelect=1;CPXPARAM_MIP_Strategy_Order=1;CPXPARAM_MIP_Strategy_PresolveNode=0;CPXPARAM_MIP_Strategy_Probe=0;CPXPARAM_MIP_Strategy_RINSHeur=0;CPXPARAM_MIP_Strategy_StartAlgorithm=0;CPXPARAM_MIP_Strategy_SubAlgorithm=0;CPXPARAM_MIP_Strategy_VariableSelect=0;CPXPARAM_Network_NetFind=2;CPXPARAM_Network_Pricing=0;CPXPARAM_Parallel=1;CPXPARAM_Preprocessing_Aggregator=-1;CPXPARAM_Preprocessing_BoundStrength=-1;CPXPARAM_Preprocessing_CoeffReduce=-1;CPXPARAM_Preprocessing_Dependency=-1;CPXPARAM_Preprocessing_Dual=0;CPXPARAM_Preprocessing_Fill=10;CPXPARAM_Preprocessing_NumPass=-1;CPXPARAM_Preprocessing_Presolve=1;CPXPARAM_Preprocessing_QPMakePSD=1;CPXPARAM_Preprocessing_Reduce=3;CPXPARAM_Preprocessing_Relax=-1;CPXPARAM_Preprocessing_RepeatPresolve=-1;CPXPARAM_Preprocessing_Symmetry=-1;CPXPARAM_Read_Scale=0;CPXPARAM_Sifting_Algorithm=0;CPXPARAM_Simplex_Crash=1;CPXPARAM_Simplex_DGradient=0;CPXPARAM_Simplex_Limits_Perturbation=0;CPXPARAM_Simplex_Limits_Singularity=10;CPXPARAM_Simplex_PGradient=0;CPXPARAM_Simplex_Pricing=0;CPXPARAM_Simplex_Refactor=0
15241962071428330579,0,CPXPARAM_Advance=1;CPXPARAM_Barrier_Algorithm=0;CPXPARAM_Barrier_ColNonzeros=0;CPXPARAM_Barrier_Crossover=0;CPXPARAM_Barrier_Limits_Corrections=-1;CPXPARAM_Barrier_Ordering=0;CPXPARAM_Barrier_StartAlg=1;CPXPARAM_Emphasis_MIP=0;CPXPARAM_Emphasis_Memory=0;CPXPARAM_Emphasis_Numerical=0;CPXPARAM_Feasopt_Mode=0;CPXPARAM_LPMethod=0;CPXPARAM_MIP_Cuts_Cliques=-1;CPXPARAM_MIP_Cuts_Covers=3;CPXPARAM_MIP_Cuts_Disjunctive=1;CPXPARAM_MIP_Cuts_FlowCovers=0;CPXPARAM_MIP_Cuts_GUBCovers=0;CPXPARAM_MIP_Cuts_Gomory=-1;CPXPARAM_MIP_Cuts_Implied=1;CPXPARAM_MIP_Cuts_MIRCut=2;CPXPARAM_MIP_Cuts_PathCut=2;CPXPARAM_MIP_Limits_AggForCut=3;CPXPARAM_MIP_Limits_CutPasses=0;CPXPARAM_MIP_Limits_CutsFactor=-1;CPXPARAM_MIP_Limits_GomoryCand=200;CPXPARAM_MIP_Limits_GomoryPass=0;CPXPARAM_MIP_Limits_Nodes=9223372036800000000;CPXPARAM_MIP_Limits_ProbeTime=1e+75;CPXPARAM_MIP_Limits_RepairTries=0;CPXPARAM_MIP_Limits_StrongCand=10;CPXPARAM_MIP_Limits_StrongIt=0;CPXPARAM_MIP_OrderType=0;CPXPARAM_MIP_Strategy_BBInterval=7;CPXPARAM_MIP_Strategy_Branch=0;CPXPARAM_MIP_Strategy_Dive=0;CPXPARAM_MIP_Strategy_File=1;CPXPARAM_MIP_Strategy_HeuristicFreq=0;CPXPARAM_MIP_Strategy_LBHeur=0;CPXPARAM_MIP_Strategy_NodeSelect=2;CPXPARAM_MIP_Strategy_Order=1;CPXPARAM_MIP_Strategy_PresolveNode=2;CPXPARAM_MIP_Strategy_Probe=1;CPXPARAM_MIP_Strategy_RINSHeur=0;CPXPARAM_MIP_Strategy_StartAlgorithm=0;CPXPARAM_MIP_Strategy_SubAlgorithm=0;CPXPARAM_MIP_Strategy_VariableSelect=3;CPXPARAM_Network_NetFind=2;CPXPARAM_Network_Pricing=0;CPXPARAM_Parallel=1;CPXPARAM_Preprocessing_Aggregator=-1;CPXPARAM_Preprocessing_BoundStrength=-1;CPXPARAM_Preprocessing_CoeffReduce=-1;CPXPARAM_Preprocessing_Dependency=-1;CPXPARAM_Preprocessing_Dual=0;CPXPARAM_Preprocessing_Fill=10;CPXPARAM_Preprocessing_NumPass=-1;CPXPARAM_Preprocessing_Presolve=1;CPXPARAM_Preprocessing_QPMakePSD=1;CPXPARAM_Preprocessing_Reduce=3;CPXPARAM_Preprocessing_Relax=-1;CPXPARAM_Preprocessing_RepeatPresolve=-1;CPXPARAM_Preprocessing_Symmetry=-1;CPXPARAM_Read_Scale=0;CPXPARAM_Sifting_Algorithm=0;CPXPARAM_Simplex_Crash=1;CPXPARAM_Simplex_DGradient=0;CPXPARAM_Simplex_Limits_Perturbation=0;CPXPARAM_Simplex_Limits_Singularity=10;CPXPARAM_Simplex_PGradient=0;CPXPARAM_Simplex_Pricing=0;CPXPARAM_Simplex_Refactor=0
16819151646002409664,0,CPXPARAM_Advance=1;CPXPARAM_Barrier_Algorithm=0;CPXPARAM_Barrier_ColNonzeros=0;CPXPARAM_Barrier_Crossover=0;CPXPARAM_Barrier_Limits_Corrections=-1;CPXPARAM_Barrier_Ordering=0;CPXPARAM_Barrier_StartAlg=1;CPXPARAM_Emphasis_MIP=2;CPXPARAM_Emphasis_Memory=0;CPXPARAM_Emphasis_Numerical=0;CPXPARAM_Feasopt_Mode=0;CPXPARAM_LPMethod=0;CPXPARAM_MIP_Cuts_Cliques=1;CPXPARAM_MIP_Cuts_Covers=0;CPXPARAM_MIP_Cuts_Disjunctive=-1;CPXPARAM_MIP_Cuts_FlowCovers=2;CPXPARAM_MIP_Cuts_GUBCovers=0;CPXPARAM_MIP_Cuts_Gomory=1;CPXPARAM_MIP_Cuts_Implied=2;CPXPARAM_MIP_Cuts_MIRCut=-1;CPXPARAM_MIP_Cuts_PathCut=1;CPXPARAM_MIP_Limits_AggForCut=3;CPXPARAM_MIP_Limits_CutPasses=0;CPXPARAM_MIP_Limits_CutsFactor=-1;CPXPARAM_MIP_Limits_GomoryCand=25;CPXPARAM_MIP_Limits_GomoryPass=0;CPXPARAM_MIP_Limits_Nodes=9223372036800000000;CPXPARAM_MIP_Limits_ProbeTime=1e+75;CPXPARAM_MIP_Limits_RepairTries=0;CPXPARAM_MIP_Limits_StrongCand=10;CPXPARAM_MIP_Limits_StrongIt=0;CPXPARAM_MIP_OrderType=0;CPXPARAM_MIP_Strategy_BBInterval=7;CPXPARAM_MIP_Strategy_Branch=0;CPXPARAM_MIP_Strategy_Dive=0;CPXPARAM_MIP_Strategy_File=1;CPXPARAM_MIP_Strategy_HeuristicFreq=0;CPXPARAM_MIP_Strategy_LBHeur=0;CPXPARAM_MIP_Strategy_NodeSelect=1;CPXPARAM_MIP_Strategy_Order=1;CPXPARAM_MIP_Strategy_PresolveNode=0;CPXPARAM_MIP_Strategy_Probe=0;CPXPARAM_MIP_Strategy_RINSHeur=0;CPXPARAM_MIP_Strategy_StartAlgorithm=0;CPXPARAM_MIP_Strategy_SubAlgorithm=0;CPXPARAM_MIP_Strategy_VariableSelect=0;CPXPARAM_Network_NetFind=2;CPXPARAM_Network_Pricing=0;CPXPARAM_Parallel=1;CPXPARAM_Preprocessing_Aggregator=-1;CPXPARAM_Preprocessing_BoundStrength=-1;CPXPARAM_Preprocessing_CoeffReduce=-1;CPXPARAM_Preprocessing_Dependency=-1;CPXPARAM_Preprocessing_Dual=0;CPXPARAM_Preprocessing_Fill=10;CPXPARAM_Preprocessing_NumPass=-1;CPXPARAM_Preprocessing_Presolve=1;CPXPARAM_Preprocessing_QPMakePSD=1;CPXPARAM_Preprocessing_Reduce=3;CPXPARAM_Preprocessing_Relax=-1;CPXPARAM_Preprocessing_RepeatPresolve=-1;CPXPARAM_Preprocessing_Symmetry=-1;CPXPARAM_Read_Scale=0;CPXPARAM_Sifting_Algorithm=0;CPXPARAM_Simplex_Crash=1;CPXPARAM_Simplex_DGradient=0;CPXPARAM_Simplex_Limits_Perturbation=0;CPXPARAM_Simplex_Limits_Singularity=10;CPXPARAM_Simplex_PGradient=0;CPXPARAM_Simplex_Pricing=0;CPXPARAM_Simplex_Refactor=0
17752380311243611586,0,CPXPARAM_Advance=1;CPXPARAM_Barrier_Algorithm=0;CPXPARAM_Barrier_ColNonzeros=0;CPXPARAM_Barrier_Crossover=0;CPXPARAM_Barrier_Limits_Corrections=-1;CPXPARAM_Barrier_Ordering=0;CPXPARAM_Barrier_StartAlg=1;CPXPARAM_Emphasis_MIP=5;CPXPARAM_Emphasis_Memory=0;CPXPARAM_Emphasis_Numerical=0;CPXPARAM_Feasopt_Mode=0;CPXPARAM_LPMethod=0;CPXPARAM_MIP_Cuts_Cliques=0;CPXPARAM_MIP_Cuts_Covers=3;CPXPARAM_MIP_Cuts_Disjunctive=-1;CPXPARAM_MIP_Cuts_FlowCovers=-1;CPXPARAM_MIP_Cuts_GUBCovers=-1;CPXPARAM_MIP_Cuts_Gomory=0;CPXPARAM_MIP_Cuts_Implied=1;CPXPARAM_MIP_Cuts_MIRCut=1;CPXPARAM_MIP_Cuts_PathCut=1;CPXPARAM_MIP_Limits_AggForCut=3;CPXPARAM_MIP_Limits_CutPasses=0;CPXPARAM_MIP_Limits_CutsFactor=-1;CPXPARAM_MIP_Limits_GomoryCand=800;CPXPARAM_MIP_Limits_GomoryPass=0;CPXPARAM_MIP_Limits_Nodes=9223372036800000000;CPXPARAM_MIP_Limits_ProbeTime=1e+75;CPXPARAM_MIP_Limits_RepairTries=0;CPXPARAM_MIP_Limits_StrongCand=10;CPXPARAM_MIP_Limits_StrongIt=0;CPXPARAM_MIP_OrderType=0;CPXPARAM_MIP_Strategy_BBInterval=7;CPXPARAM_MIP_Strategy_Branch=1;CPXPARAM_MIP_Strategy_Dive=0;CPXPARAM_MIP_Strategy_File=1;CPXPARAM_MIP_Strategy_HeuristicFreq=0;CPXPARAM_MIP_Strategy_LBHeur=0;CPXPARAM_MIP_Strategy_NodeSelect=1;CPXPARAM_MIP_Strategy_Order=1;CPXPARAM_MIP_Strategy_PresolveNode=1;CPXPARAM_MIP_Strategy_Probe=-1;CPXPARAM_MIP_Strategy_RINSHeur=0;CPXPARAM_MIP_Strategy_StartAlgorithm=0;CPXPARAM_MIP_Strategy_SubAlgorithm=0;CPXPARAM_MIP_Strategy_VariableSelect=1;CPXPARAM_Network_NetFind=2;CPXPARAM_Network_Pricing=0;CPXPARAM_Parallel=1;CPXPARAM_Preprocessing_Aggregator=-1;CPXPARAM_Preprocessing_BoundStrength=-1;CPXPARAM_Preprocessing_CoeffReduce=-1;CPXPARAM_Preprocessing_Dependency=-1;CPXPARAM_Preprocessing_Dual=0;CPXPARAM_Preprocessing_Fill=10;CPXPARAM_Preprocessing_NumPass=-1;CPXPARAM_Preprocessing_Presolve=1;CPXPARAM_Preprocessing_QPMakePSD=1;CPXPARAM_Preprocessing_Reduce=3;CPXPARAM_Preprocessing_Relax=-1;CPXPARAM_Preprocessing_RepeatPresolve=-1;CPXPARAM_Preprocessing_Symmetry=-1;CPXPARAM_Read_Scale=0;CPXPARAM_Sifting_Algorithm=0;CPXPARAM_Simplex_Crash=1;CPXPARAM_Simplex_DGradient=0;CPXPARAM_Simplex_Limits_Perturbation=0;CPXPARAM_Simplex_Limits_Singularity=10;CPXPARAM_Simplex_PGradient=0;CPXPARAM_Simplex_Pricing=0;CPXPARAM_Simplex_Refactor=0
12977654473418993053,0,CPXPARAM_Advance=1;CPXPARAM_Barrier_Algorithm=0;CPXPARAM_Barrier_ColNonzeros=0;CPXPARAM_Barrier_Crossover=0;CPXPARAM_Barrier_Limits_Corrections=-1;CPXPARAM_Barrier_Ordering=0;CPXPARAM_Barrier_StartAlg=1;CPXPARAM_Emphasis_MIP=0;CPXPARAM_Emphasis_Memory=0;CPXPARAM_Emphasis_Numerical=0;CPXPARAM_Feasopt_Mode=0;CPXPARAM_LPMethod=0;CPXPARAM_MIP_Cuts_Cliques=3;CPXPARAM_MIP_Cuts_Covers=2;CPXPARAM_MIP_Cuts_Disjunctive=0;CPXPARAM_MIP_Cuts_FlowCovers=-1;CPXPARAM_MIP_Cuts_GUBCovers=1;CPXPARAM_MIP_Cuts_Gomory=0;CPXPARAM_MIP_Cuts_Implied=1;CPXPARAM_MIP_Cuts_MIRCut=2;CPXPARAM_MIP_Cuts_PathCut=0;CPXPARAM_MIP_Limits_AggForCut=3;CPXPARAM_MIP_Limits_CutPasses=0;CPXPARAM_MIP_Limits_CutsFactor=-1;CPXPARAM_MIP_Limits_GomoryCand=10;CPXPARAM_MIP_Limits_GomoryPass=0;CPXPARAM_MIP_Limits_Nodes=9223372036800000000;CPXPARAM_MIP_Limits_ProbeTime=1e+75;CPXPARAM_MIP_Limits_RepairTries=0;CPXPARAM_MIP_Limits_StrongCand=10;CPXPARAM_MIP_Limits_StrongIt=0;CPXPARAM_MIP_OrderType=0;CPXPARAM_MIP_Strategy_BBInterval=7;CPXPARAM_MIP_Strategy_Branch=0;CPXPARAM_MIP_Strategy_Dive=0;CPXPARAM_MIP_Strategy_File=1;CPXPARAM_MIP_Strategy_HeuristicFreq=0;CPXPARAM_MIP_Strategy_LBHeur=0;CPXPARAM_MIP_Strategy_NodeSelect=3;CPXPARAM_MIP_Strategy_Order=1;CPXPARAM_MIP_Strategy_PresolveNode=1;CPXPARAM_MIP_Strategy_Probe=1;CPXPARAM_MIP_Strategy_RINSHeur=0;CPXPARAM_MIP_Strategy_StartAlgorithm=0;CPXPARAM_MIP_Strategy_SubAlgorithm=0;CPXPARAM_MIP_Strategy_VariableSelect=3;CPXPARAM_Network_NetFind=2;CPXPARAM_Network_Pricing=0;CPXPARAM_Parallel=1;CPXPARAM_Preprocessing_Aggregator=-1;CPXPARAM_Preprocessing_BoundStrength=-1;CPXPARAM_Preprocessing_CoeffReduce=-1;CPXPARAM_Preprocessing_Dependency=-1;CPXPARAM_Preprocessing_Dual=0;CPXPARAM_Preprocessing_Fill=10;CPXPARAM_Preprocessing_NumPass=-1;CPXPARAM_Preprocessing_Presolve=1;CPXPARAM_Preprocessing_QPMakePSD=1;CPXPARAM_Preprocessing_Reduce=3;CPXPARAM_Preprocessing_Relax=-1;CPXPARAM_Preprocessing_RepeatPresolve=-1;CPXPARAM_Preprocessing_Symmetry=-1;CPXPARAM_Read_Scale=0;CPXPARAM_Sifting_Algorithm=0;CPXPARAM_Simplex_Crash=1;CPXPARAM_Simplex_DGradient=0;CPXPARAM_Simplex_Limits_Perturbation=0;CPXPARAM_Simplex_Limits_Singularity=10;CPXPARAM_Simplex_PGradient=0;CPXPARAM_Simplex_Pricing=0;CPXPARAM_Simplex_Refactor=0
13174356142798102603,0,CPXPARAM_Advance=1;CPXPARAM_Barrier_Algorithm=0;CPXPARAM_Barrier_ColNonzeros=0;CPXPARAM_Barrier_Crossover=0;CPXPARAM_Barrier_Limits_Corrections=-1;CPXPARAM_Barrier_Ordering=0;CPXPARAM_Barrier_StartAlg=1;CPXPARAM_Emphasis_MIP=1;CPXPARAM_Emphasis_Memory=0;CPXPARAM_Emphasis_Numerical=0;CPXPARAM_Feasopt_Mode=0;CPXPARAM_LPMethod=0;CPXPARAM_MIP_Cuts_Cliques=1;CPXPARAM_MIP_Cuts_Covers=2;CPXPARAM_MIP_Cuts_Disjunctive=0;CPXPARAM_MIP_Cuts_FlowCovers=2;CPXPARAM_MIP_Cuts_GUBCovers=1;CPXPARAM_MIP_Cuts_Gomory=2;CPXPARAM_MIP_Cuts_Implied=2;CPXPARAM_MIP_Cuts_MIRCut=1;CPXPARAM_MIP_Cuts_PathCut=0;CPXPARAM_MIP_Limits_AggForCut=3;CPXPARAM_MIP_Limits_CutPasses=0;CPXPARAM_MIP_Limits_CutsFactor=-1;CPXPARAM_MIP_Limits_GomoryCand=100;CPXPARAM_MIP_Limits_GomoryPass=0;CPXPARAM_MIP_Limits_Nodes=9223372036800000000;CPXPARAM_MIP_Limits_ProbeTime=1e+75;CPXPARAM_MIP_Limits_RepairTries=0;CPXPARAM_MIP_Limits_StrongCand=10;CPXPARAM_MIP_Limits_StrongIt=0;CPXPARAM_MIP_OrderType=0;CPXPARAM_MIP_Strategy_BBInterval=7;CPXPARAM_MIP_Strategy_Branch=0;CPXPARAM_MIP_Strategy_Dive=0;CPXPARAM_MIP_Strategy_File=1;CPXPARAM_MIP_Strategy_HeuristicFreq=0;CPXPARAM_MIP_Strategy_LBHeur=0;CPXPARAM_MIP_Strategy_NodeSelect=2;CPXPARAM_MIP_Strategy_Order=1;CPXPARAM_MIP_Strategy_PresolveNode=2;CPXPARAM_MIP_Strategy_Probe=-1;CPXPARAM_MIP_Strategy_RINSHeur=0;CPXPARAM_MIP_Strategy_StartAlgorithm=0;CPXPARAM_MIP_Strategy_SubAlgorithm=0;CPXPARAM_MIP_Strategy_VariableSelect=-1;CPXPARAM_Network_NetFind=2;CPXPARAM_Network_Pricing=0;CPXPARAM_Parallel=1;CPXPARAM_Preprocessing_Aggregator=-1;CPXPARAM_Preprocessing_BoundStrength=-1;CPXPARAM_Preprocessing_CoeffReduce=-1;CPXPARAM_Preprocessing_Dependency=-1;CPXPARAM_Preprocessing_Dual=0;CPXPARAM_Preprocessing_Fill=10;CPXPARAM_Preprocessing_NumPass=-1;CPXPARAM_Preprocessing_Presolve=1;CPXPARAM_Preprocessing_QPMakePSD=1;CPXPARAM_Preprocessing_Reduce=3;CPXPARAM_Preprocessing_Relax=-1;CPXPARAM_Preprocessing_RepeatPresolve=-1;CPXPARAM_Preprocessing_Symmetry=-1;CPXPARAM_Read_Scale=0;CPXPARAM_Sifting_Algorithm=0;CPXPARAM_Simplex_Crash=1;CPXPARAM_Simplex_DGradient=0;CPXPARAM_Simplex_Limits_Perturbation=0;CPXPARAM_Simplex_Limits_Singularity=10;CPXPARAM_Simplex_PGradient=0;CPXPARAM_Simplex_Pricing=0;CPXPARAM_Simplex_Refactor=0
7829444968598273357,0,CPXPARAM_Advance=1;CPXPARAM_Barrier_Algorithm=0;CPXPARAM_Barrier_ColNonzeros=0;CPXPARAM_Barrier_Crossover=0;CPXPARAM_Barrier_Limits_Corrections=-1;CPXPARAM_Barrier_Ordering=0;CPXPARAM_Barrier_StartAlg=1;CPXPARAM_Emphasis_MIP=1;CPXPARAM_Emphasis_Memory=0;CPXPARAM_Emphasis_Numerical=0;CPXPARAM_Feasopt_Mode=0;CPXPARAM_LPMethod=0;CPXPARAM_MIP_Cuts_Cliques=2;CPXPARAM_MIP_Cuts_Covers=0;CPXPARAM_MIP_Cuts_Disjunctive=1;CPXPARAM_MIP_Cuts_FlowCovers=1;CPXPARAM_MIP_Cuts_GUBCovers=-1;CPXPARAM_MIP_Cuts_Gomory=2;CPXPARAM_MIP_Cuts_Implied=0;CPXPARAM_MIP_Cuts_MIRCut=1;CPXPARAM_MIP_Cuts_PathCut=2;CPXPARAM_MIP_Limits_AggForCut=3;CPXPARAM_MIP_Limits_CutPasses=0;CPXPARAM_MIP_Limits_CutsFactor=-1;CPXPARAM_MIP_Limits_GomoryCand=25;CPXPARAM_MIP_Limits_GomoryPass=0;CPXPARAM_MIP_Limits_Nodes=9223372036800000000;CPXPARAM_MIP_Limits_ProbeTime=1e+75;CPXPARAM_MIP_Limits_RepairTries=0;CPXPARAM_MIP_Limits_StrongCand=10;CPXPARAM_MIP_Limits_StrongIt=0;CPXPARAM_MIP_OrderType=0;CPXPARAM_MIP_Strategy_BBInterval=7;CPXPARAM_MIP_Strategy_Branch=0;CPXPARAM_MIP_Strategy_Dive=0;CPXPARAM_MIP_Strategy_File=1;CPXPARAM_MIP_Strategy_HeuristicFreq=0;CPXPARAM_MIP_Strategy_LBHeur=0;CPXPARAM_MIP_Strategy_NodeSelect=1;CPXPARAM_MIP_Strategy_Order=1;CPXPARAM_MIP_Strategy_PresolveNode=0;CPXPARAM_MIP_Strategy_Probe=0;CPXPARAM_MIP_Strategy_RINSHeur=0;CPXPARAM_MIP_Strategy_StartAlgorithm=0;CPXPARAM_MIP_Strategy_SubAlgorithm=0;CPXPARAM_MIP_Strategy_VariableSelect=0;CPXPARAM_Network_NetFind=2;CPXPARAM_Network_Pricing=0;CPXPARAM_Parallel=1;CPXPARAM_Preprocessing_Aggregator=-1;CPXPARAM_Preprocessing_BoundStrength=-1;CPXPARAM_Preprocessing_CoeffReduce=-1;CPXPARAM_Preprocessing_Dependency=-1;CPXPARAM_Preprocessing_Dual=0;CPXPARAM_Preprocessing_Fill=10;CPXPARAM_Preprocessing_NumPass=-1;CPXPARAM_Preprocessing_Presolve=1;CPXPARAM_Preprocessing_QPMakePSD=1;CPXPARAM_Preprocessing_Reduce=3;CPXPARAM_Preprocessing_Relax=-1;CPXPARAM_Preprocessing_RepeatPresolve=-1;CPXPARAM_Preprocessing_Symmetry=-1;CPXPARAM_Read_Scale=0;CPXPARAM_Sifting_Algorithm=0;CPXPARAM_Simplex_Crash=1;CPXPARAM_Simplex_DGradient=0;CPXPARAM_Simplex_Limits_Perturbation=0;CPXPARAM_Simplex_Limits_Singularity=10;CPXPARAM_Simplex_PGradient=0;CPXPARAM_Simplex_Pricing=0;CPXPARAM_Simplex_Refactor=0
3568555599217435750,0,CPXPARAM_Advance=1;CPXPARAM_Barrier_Algorithm=0;CPXPARAM_Barrier_ColNonzeros=0;CPXPARAM_Barrier_Crossover=0;CPXPARAM_Barrier_Limits_Corrections=-1;CPXPARAM_Barrier_Ordering=0;CPXPARAM_Barrier_StartAlg=1;CPXPARAM_Emphasis_MIP=2;CPXPARAM_Emphasis_Memory=0;CPXPARAM_Emphasis_Numerical=0;CPXPARAM_Feasopt_Mode=0;CPXPARAM_LPMethod=0;CPXPARAM_MIP_Cuts_Cliques=1;CPXPARAM_MIP_Cuts_Covers=-1;CPXPARAM_MIP_Cuts_Disjunctive=1;CPXPARAM_MIP_Cuts_FlowCovers=1;CPXPARAM_MIP_Cuts_GUBCovers=-1;CPXPARAM_MIP_Cuts_Gomory=2;CPXPARAM_MIP_Cuts_Implied=-1;CPXPARAM_MIP_Cuts_MIRCut=2;CPXPARAM_MIP_Cuts_PathCut=1;CPXPARAM_MIP_Limits_AggForCut=5;CPXPARAM_MIP_Limits_CutPasses=0;CPXPARAM_MIP_Limits_CutsFactor=-1;CPXPARAM_MIP_Limits_GomoryCand=25;CPXPARAM_MIP_Limits_GomoryPass=0;CPXPARAM_MIP_Limits_Nodes=9223372036800000000;CPXPARAM_MIP_Limits_ProbeTime=1e+75;CPXPARAM_MIP_Limits_RepairTries=0;CPXPARAM_MIP_Limits_StrongCand=10;CPXPARAM_MIP_Limits_StrongIt=0;CPXPARAM_MIP_OrderType=0;CPXPARAM_MIP_Strategy_BBInterval=7;CPXPARAM_MIP_Strategy_Branch=-1;CPXPARAM_MIP_Strategy_Dive=0;CPXPARAM_MIP_Strategy_File=1;CPXPARAM_MIP_Strategy_HeuristicFreq=0;CPXPARAM_MIP_Strategy_LBHeur=0;CPXPARAM_MIP_Strategy_NodeSelect=0;CPXPARAM_MIP_Strategy_Order=1;CPXPARAM_MIP_Strategy_PresolveNode=0;CPXPARAM_MIP_Strategy_Probe=1;CPXPARAM_MIP_Strategy_RINSHeur=0;CPXPARAM_MIP_Strategy_StartAlgorithm=0;CPXPARAM_MIP_Strategy_SubAlgorithm=0;CPXPARAM_MIP_Strategy_VariableSelect=4;CPXPARAM_Network_NetFind=2;CPXPARAM_Network_Pricing=0;CPXPARAM_Parallel=1;CPXPARAM_Preprocessing_Aggregator=-1;CPXPARAM_Preprocessing_BoundStrength=-1;CPXPARAM_Preprocessing_CoeffReduce=-1;CPXPARAM_Preprocessing_Dependency=-1;CPXPARAM_Preprocessing_Dual=0;CPXPARAM_Preprocessing_Fill=2;CPXPARAM_Preprocessing_NumPass=-1;CPXPARAM_Preprocessing_Presolve=1;CPXPARAM_Preprocessing_QPMakePSD=1;CPXPARAM_Preprocessing_Reduce=3;CPXPARAM_Preprocessing_Relax=-1;CPXPARAM_Preprocessing_RepeatPresolve=-1;CPXPARAM_Preprocessing_Symmetry=-1;CPXPARAM_Read_Scale=0;CPXPARAM_Sifting_Algorithm=0;CPXPARAM_Simplex_Crash=1;CPXPARAM_Simplex_DGradient=0;CPXPARAM_Simplex_Limits_Perturbation=0;CPXPARAM_Simplex_Limits_Singularity=10;CPXPARAM_Simplex_PGradient=0;CPXPARAM_Simplex_Pricing=0;CPXPARAM_Simplex_Refactor=0
9929818117710053059,0,CPXPARAM_Advance=1;CPXPARAM_Barrier_Algorithm=0;CPXPARAM_Barrier_ColNonzeros=0;CPXPARAM_Barrier_Crossover=0;CPXPARAM_Barrier_Limits_Corrections=-1;CPXPARAM_Barrier_Ordering=0;CPXPARAM_Barrier_StartAlg=1;CPXPARAM_Emphasis_MIP=1;CPXPARAM_Emphasis_Memory=0;CPXPARAM_Emphasis_Numerical=0;CPXPARAM_Feasopt_Mode=0;CPXPARAM_LPMethod=0;CPXPARAM_MIP_Cuts_Cliques=2;CPXPARAM_MIP_Cuts_Covers=0;CPXPARAM_MIP_Cuts_Disjunctive=1;CPXPARAM_MIP_Cuts_FlowCovers=1;CPXPARAM_MIP_Cuts_GUBCovers=0;CPXPARAM_MIP_Cuts_Gomory=2;CPXPARAM_MIP_Cuts_Implied=0;CPXPARAM_MIP_Cuts_MIRCut=1;CPXPARAM_MIP_Cuts_PathCut=2;CPXPARAM_MIP_Limits_AggForCut=3;CPXPARAM_MIP_Limits_CutPasses=0;CPXPARAM_MIP_Limits_CutsFactor=-1;CPXPARAM_MIP_Limits_GomoryCand=25;CPXPARAM_MIP_Limits_GomoryPass=0;CPXPARAM_MIP_Limits_Nodes=9223372036800000000;CPXPARAM_MIP_Limits_ProbeTime=1e+75;CPXPARAM_MIP_Limits_RepairTries=0;CPXPARAM_MIP_Limits_StrongCand=10;CPXPARAM_MIP_Limits_StrongIt=0;CPXPARAM_MIP_OrderType=0;CPXPARAM_MIP_Strategy_BBInterval=7;CPXPARAM_MIP_Strategy_Branch=0;CPXPARAM_MIP_Strategy_Dive=0;CPXPARAM_MIP_Strategy_File=1;CPXPARAM_MIP_Strategy_HeuristicFreq=0;CPXPARAM_MIP_Strategy_LBHeur=0;CPXPARAM_MIP_Strategy_NodeSelect=1;CPXPARAM_MIP_Strategy_Order=1;CPXPARAM_MIP_Strategy_PresolveNode=0;CPXPARAM_MIP_Strategy_Probe=0;CPXPARAM_MIP_Strategy_RINSHeur=0;CPXPARAM_MIP_Strategy_StartAlgorithm=0;CPXPARAM_MIP_Strategy_SubAlgorithm=0;CPXPARAM_MIP_Strategy_VariableSelect=0;CPXPARAM_Network_NetFind=2;CPXPARAM_Network_Pricing=0;CPXPARAM_Parallel=1;CPXPARAM_Preprocessing_Aggregator=-1;CPXPARAM_Preprocessing_BoundStrength=-1;CPXPARAM_Preprocessing_CoeffReduce=-1;CPXPARAM_Preprocessing_Dependency=-1;CPXPARAM_Preprocessing_Dual=0;CPXPARAM_Preprocessing_Fill=10;CPXPARAM_Preprocessing_NumPass=-1;CPXPARAM_Preprocessing_Presolve=1;CPXPARAM_Preprocessing_QPMakePSD=1;CPXPARAM_Preprocessing_Reduce=3;CPXPARAM_Preprocessing_Relax=-1;CPXPARAM_Preprocessing_RepeatPresolve=-1;CPXPARAM_Preprocessing_Symmetry=-1;CPXPARAM_Read_Scale=0;CPXPARAM_Sifting_Algorithm=0;CPXPARAM_Simplex_Crash=1;CPXPARAM_Simplex_DGradient=0;CPXPARAM_Simplex_Limits_Perturbation=0;CPXPARAM_Simplex_Limits_Singularity=10;CPXPARAM_Simplex_PGradient=0;CPXPARAM_Simplex_Pricing=0;CPXPARAM_Simplex_Refactor=0
6981165430479127812,0,CPXPARAM_Advance=1;CPXPARAM_Barrier_Algorithm=0;CPXPARAM_Barrier_ColNonzeros=0;CPXPARAM_Barrier_Crossover=0;CPXPARAM_Barrier_Limits_Corrections=-1;CPXPARAM_Barrier_Ordering=0;CPXPARAM_Barrier_StartAlg=1;CPXPARAM_Emphasis_MIP=0;CPXPARAM_Emphasis_Memory=0;CPXPARAM_Emphasis_Numerical=0;CPXPARAM_Feasopt_Mode=0;CPXPARAM_LPMethod=0;CPXPARAM_MIP_Cuts_Cliques=3;CPXPARAM_MIP_Cuts_Covers=2;CPXPARAM_MIP_Cuts_Disjunctive=0;CPXPARAM_MIP_Cuts_FlowCovers=-1;CPXPARAM_MIP_Cuts_GUBCovers=1;CPXPARAM_MIP_Cuts_Gomory=0;CPXPARAM_MIP_Cuts_Implied=1;CPXPARAM_MIP_Cuts_MIRCut=2;CPXPARAM_MIP_Cuts_PathCut=0;CPXPARAM_MIP_Limits_AggForCut=3;CPXPARAM_MIP_Limits_CutPasses=0;CPXPARAM_MIP_Limits_CutsFactor=-1;CPXPARAM_MIP_Limits_GomoryCand=100;CPXPARAM_MIP_Limits_GomoryPass=0;CPXPARAM_MIP_Limits_Nodes=9223372036800000000;CPXPARAM_MIP_Limits_ProbeTime=1e+75;CPXPARAM_MIP_Limits_RepairTries=0;CPXPARAM_MIP_Limits_StrongCand=10;CPXPARAM_MIP_Limits_StrongIt=0;CPXPARAM_MIP_OrderType=0;CPXPARAM_MIP_Strategy_BBInterval=7;CPXPARAM_MIP_Strategy_Branch=0;CPXPARAM_MIP_Strategy_Dive=0;CPXPARAM_MIP_Strategy_File=1;CPXPARAM_MIP_Strategy_HeuristicFreq=0;CPXPARAM_MIP_Strategy_LBHeur=0;CPXPARAM_MIP_Strategy_NodeSelect=3;CPXPARAM_MIP_Strategy_Order=1;CPXPARAM_MIP_Strategy_PresolveNode=1;CPXPARAM_MIP_Strategy_Probe=-1;CPXPARAM_MIP_Strategy_RINSHeur=0;CPXPARAM_MIP_Strategy_StartAlgorithm=0;CPXPARAM_MIP_Strategy_SubAlgorithm=0;CPXPARAM_MIP_Strategy_VariableSelect=3;CPXPARAM_Network_NetFind=2;CPXPARAM_Network_Pricing=0;CPXPARAM_Parallel=1;CPXPARAM_Preprocessing_Aggregator=-1;CPXPARAM_Preprocessing_BoundStrength=-1;CPXPARAM_Preprocessing_CoeffReduce=-1;CPXPARAM_Preprocessing_Dependency=-1;CPXPARAM_Preprocessing_Dual=0;CPXPARAM_Preprocessing_Fill=10;CPXPARAM_Preprocessing_NumPass=-1;CPXPARAM_Preprocessing_Presolve=1;CPXPARAM_Preprocessing_QPMakePSD=1;CPXPARAM_Preprocessing_Reduce=3;CPXPARAM_Preprocessing_Relax=-1;CPXPARAM_Preprocessing_RepeatPresolve=-1;CPXPARAM_Preprocessing_Symmetry=-1;CPXPARAM_Read_Scale=0;CPXPARAM_Sifting_Algorithm=0;CPXPARAM_Simplex_Crash=1;CPXPARAM_Simplex_DGradient=0;CPXPARAM_Simplex_Limits_Perturbation=0;CPXPARAM_Simplex_Limits_Singularity=10;CPXPARAM_Simplex_PGradient=0;CPXPARAM_Simplex_Pricing=0;CPXPARAM_Simplex_Refactor=0
10424526428062430647,0,CPXPARAM_Advance=1;CPXPARAM_Barrier_Algorithm=0;CPXPARAM_Barrier_ColNonzeros=0;CPXPARAM_Barrier_Crossover=0;CPXPARAM_Barrier_Limits_Corrections=-1;CPXPARAM_Barrier_Ordering=0;CPXPARAM_Barrier_StartAlg=1;CPXPARAM_Emphasis_MIP=0;CPXPARAM_Emphasis_Memory=0;CPXPARAM_Emphasis_Numerical=0;CPXPARAM_Feasopt_Mode=0;CPXPARAM_LPMethod=0;CPXPARAM_MIP_Cuts_Cliques=-1;CPXPARAM_MIP_Cuts_Covers=0;CPXPARAM_MIP_Cuts_Disjunctive=-1;CPXPARAM_MIP_Cuts_FlowCovers=1;CPXPARAM_MIP_Cuts_GUBCovers=0;CPXPARAM_MIP_Cuts_Gomory=-1;CPXPARAM_MIP_Cuts_Implied=-1;CPXPARAM_MIP_Cuts_MIRCut=2;CPXPARAM_MIP_Cuts_PathCut=1;CPXPARAM_MIP_Limits_AggForCut=3;CPXPARAM_MIP_Limits_CutPasses=0;CPXPARAM_MIP_Limits_CutsFactor=-1;CPXPARAM_MIP_Limits_GomoryCand=10;CPXPARAM_MIP_Limits_GomoryPass=0;CPXPARAM_MIP_Limits_Nodes=9223372036800000000;CPXPARAM_MIP_Limits_ProbeTime=1e+75;CPXPARAM_MIP_Limits_RepairTries=0;CPXPARAM_MIP_Limits_StrongCand=10;CPXPARAM_MIP_Limits_StrongIt=0;CPXPARAM_MIP_OrderType=0;CPXPARAM_MIP_Strategy_BBInterval=7;CPXPARAM_MIP_Strategy_Branch=0;CPXPARAM_MIP_Strategy_Dive=0;CPXPARAM_MIP_Strategy_File=1;CPXPARAM_MIP_Strategy_HeuristicFreq=0;CPXPARAM_MIP_Strategy_LBHeur=0;CPXPARAM_MIP_Strategy_NodeSelect=1;CPXPARAM_MIP_Strategy_Order=1;CPXPARAM_MIP_Strategy_PresolveNode=0;CPXPARAM_MIP_Strategy_Probe=0;CPXPARAM_MIP_Strategy_RINSHeur=0;CPXPARAM_MIP_Strategy_StartAlgorithm=0;CPXPARAM_MIP_Strategy_SubAlgorithm=0;CPXPARAM_MIP_Strategy_VariableSelect=0;CPXPARAM_Network_NetFind=2;CPXPARAM_Network_Pricing=0;CPXPARAM_Parallel=1;CPXPARAM_Preprocessing_Aggregator=-1;CPXPARAM_Preprocessing_BoundStrength=-1;CPXPARAM_Preprocessing_CoeffReduce=-1;CPXPARAM_Preprocessing_Dependency=-1;CPXPARAM_Preprocessing_Dual=0;CPXPARAM_Preprocessing_Fill=10;CPXPARAM_Preprocessing_NumPass=-1;CPXPARAM_Preprocessing_Presolve=1;CPXPARAM_Preprocessing_QPMakePSD=1;CPXPARAM_Preprocessing_Reduce=3;CPXPARAM_Preprocessing_Relax=-1;CPXPARAM_Preprocessing_RepeatPresolve=-1;CPXPARAM_Preprocessing_Symmetry=-1;CPXPARAM_Read_Scale=0;CPXPARAM_Sifting_Algorithm=0;CPXPARAM_Simplex_Crash=1;CPXPARAM_Simplex_DGradient=0;CPXPARAM_Simplex_Limits_Perturbation=0;CPXPARAM_Simplex_Limits_Singularity=10;CPXPARAM_Simplex_PGradient=0;CPXPARAM_Simplex_Pricing=0;CPXPARAM_Simplex_Refactor=0
1999800062458928288,0,CPXPARAM_Advance=1;CPXPARAM_Barrier_Algorithm=0;CPXPARAM_Barrier_ColNonzeros=0;CPXPARAM_Barrier_Crossover=0;CPXPARAM_Barrier_Limits_Corrections=-1;CPXPARAM_Barrier_Ordering=0;CPXPARAM_Barrier_StartAlg=1;CPXPARAM_Emphasis_MIP=5;CPXPARAM_Emphasis_Memory=0;CPXPARAM_Emphasis_Numerical=0;CPXPARAM_Feasopt_Mode=0;CPXPARAM_LPMethod=0;CPXPARAM_MIP_Cuts_Cliques=0;CPXPARAM_MIP_Cuts_Covers=0;CPXPARAM_MIP_Cuts_Disjunctive=1;CPXPARAM_MIP_Cuts_FlowCovers=1;CPXPARAM_MIP_Cuts_GUBCovers=-1;CPXPARAM_MIP_Cuts_Gomory=2;CPXPARAM_MIP_Cuts_Implied=-1;CPXPARAM_MIP_Cuts_MIRCut=1;CPXPARAM_MIP_Cuts_PathCut=-1;CPXPARAM_MIP_Limits_AggForCut=3;CPXPARAM_MIP_Limits_CutPasses=0;CPXPARAM_MIP_Limits_CutsFactor=-1;CPXPARAM_MIP_Limits_GomoryCand=150;CPXPARAM_MIP_Limits_GomoryPass=0;CPXPARAM_MIP_Limits_Nodes=9223372036800000000;CPXPARAM_MIP_Limits_ProbeTime=1e+75;CPXPARAM_MIP_Limits_RepairTries=0;CPXPARAM_MIP_Limits_StrongCand=10;CPXPARAM_MIP_Limits_StrongIt=0;CPXPARAM_MIP_OrderType=0;CPXPARAM_MIP_Strategy_BBInterval=7;CPXPARAM_MIP_Strategy_Branch=0;CPXPARAM_MIP_Strategy_Dive=0;CPXPARAM_MIP_Strategy_File=1;CPXPARAM_MIP_Strategy_HeuristicFreq=0;CPXPARAM_MIP_Strategy_LBHeur=0;CPXPARAM_MIP_Strategy_NodeSelect=1;CPXPARAM_MIP_Strategy_Order=1;CPXPARAM_MIP_Strategy_PresolveNode=0;CPXPARAM_MIP_Strategy_Probe=0;CPXPARAM_MIP_Strategy_RINSHeur=0;CPXPARAM_MIP_Strategy_StartAlgorithm=0;CPXPARAM_MIP_Strategy_SubAlgorithm=0;CPXPARAM_MIP_Strategy_VariableSelect=0;CPXPARAM_Network_NetFind=2;CPXPARAM_Network_Pricing=0;CPXPARAM_Parallel=1;CPXPARAM_Preprocessing_Aggregator=-1;CPXPARAM_Preprocessing_BoundStrength=-1;CPXPARAM_Preprocessing_CoeffReduce=-1;CPXPARAM_Preprocessing_Dependency=-1;CPXPARAM_Preprocessing_Dual=0;CPXPARAM_Preprocessing_Fill=10;CPXPARAM_Preprocessing_NumPass=-1;CPXPARAM_Preprocessing_Presolve=1;CPXPARAM_Preprocessing_QPMakePSD=1;CPXPARAM_Preprocessing_Reduce=3;CPXPARAM_Preprocessing_Relax=-1;CPXPARAM_Preprocessing_RepeatPresolve=-1;CPXPARAM_Preprocessing_Symmetry=-1;CPXPARAM_Read_Scale=0;CPXPARAM_Sifting_Algorithm=0;CPXPARAM_Simplex_Crash=1;CPXPARAM_Simplex_DGradient=0;CPXPARAM_Simplex_Limits_Perturbation=0;CPXPARAM_Simplex_Limits_Singularity=10;CPXPARAM_Simplex_PGradient=0;CPXPARAM_Simplex_Pricing=0;CPXPARAM_Simplex_Refactor=0
13065767991403093313,0,CPXPARAM_Advance=1;CPXPARAM_Barrier_Algorithm=0;CPXPARAM_Barrier_ColNonzeros=0;CPXPARAM_Barrier_Crossover=0;CPXPARAM_Barrier_Limits_Corrections=-1;CPXPARAM_Barrier_Ordering=0;CPXPARAM_Barrier_StartAlg=1;CPXPARAM_Emphasis_MIP=4;CPXPARAM_Emphasis_Memory=0;CPXPARAM_Emphasis_Numerical=0;CPXPARAM_Feasopt_Mode=0;CPXPARAM_LPMethod=0;CPXPARAM_MIP_Cuts_Cliques=1;CPXPARAM_MIP_Cuts_Covers=0;CPXPARAM_MIP_Cuts_Disjunctive=-1;CPXPARAM_MIP_Cuts_FlowCovers=2;CPXPARAM_MIP_Cuts_GUBCovers=-1;CPXPARAM_MIP_Cuts_Gomory=0;CPXPARAM_MIP_Cuts_Implied=-1;CPXPARAM_MIP_Cuts_MIRCut=0;CPXPARAM_MIP_Cuts_PathCut=2;CPXPARAM_MIP_Limits_AggForCut=3;CPXPARAM_MIP_Limits_CutPasses=0;CPXPARAM_MIP_Limits_CutsFactor=-1;CPXPARAM_MIP_Limits_GomoryCand=10;CPXPARAM_MIP_Limits_GomoryPass=0;CPXPARAM_MIP_Limits_Nodes=9223372036800000000;CPXPARAM_MIP_Limits_ProbeTime=1e+75;CPXPARAM_MIP_Limits_RepairTries=0;CPXPARAM_MIP_Limits_StrongCand=10;CPXPARAM_MIP_Limits_StrongIt=0;CPXPARAM_MIP_OrderType=0;CPXPARAM_MIP_Strategy_BBInterval=7;CPXPARAM_MIP_Strategy_Branch=0;CPXPARAM_MIP_Strategy_Dive=0;CPXPARAM_MIP_Strategy_File=1;CPXPARAM_MIP_Strategy_HeuristicFreq=0;CPXPARAM_MIP_Strategy_LBHeur=0;CPXPARAM_MIP_Strategy_NodeSelect=1;CPXPARAM_MIP_Strategy_Order=1;CPXPARAM_MIP_Strategy_PresolveNode=0;CPXPARAM_MIP_Strategy_Probe=0;CPXPARAM_MIP_Strategy_RINSHeur=0;CPXPARAM_MIP_Strategy_StartAlgorithm=0;CPXPARAM_MIP_Strategy_SubAlgorithm=0;CPXPARAM_MIP_Strategy_VariableSelect=0;CPXPARAM_Network_NetFind=2;CPXPARAM_Network_Pricing=0;CPXPARAM_Parallel=1;CPXPARAM_Preprocessing_Aggregator=-1;CPXPARAM_Preprocessing_BoundStrength=-1;CPXPARAM_Preprocessing_CoeffReduce=-1;CPXPARAM_Preprocessing_Dependency=-1;CPXPARAM_Preprocessing_Dual=0;CPXPARAM_Preprocessing_Fill=10;CPXPARAM_Preprocessing_NumPass=-1;CPXPARAM_Preprocessing_Presolve=1;CPXPARAM_Preprocessing_QPMakePSD=1;CPXPARAM_Preprocessing_Reduce=3;CPXPARAM_Preprocessing_Relax=-1;CPXPARAM_Preprocessing_RepeatPresolve=-1;CPXPARAM_Preprocessing_Symmetry=-1;CPXPARAM_Read_Scale=0;CPXPARAM_Sifting_Algorithm=0;CPXPARAM_Simplex_Crash=1;CPXPARAM_Simplex_DGradient=0;CPXPARAM_Simplex_Limits_Perturbation=0;CPXPARAM_Simplex_Limits_Singularity=10;CPXPARAM_Simplex_PGradient=0;CPXPARAM_Simplex_Pricing=0;CPXPARAM_Simplex_Refactor=0
5085699194278772892,0,CPXPARAM_Advance=1;CPXPARAM_Barrier_Algorithm=0;CPXPARAM_Barrier_ColNonzeros=0;CPXPARAM_Barrier_Crossover=0;CPXPARAM_Barrier_Limits_Corrections=-1;CPXPARAM_Barrier_Ordering=0;CPXPARAM_Barrier_StartAlg=1;CPXPARAM_Emphasis_MIP=1;CPXPARAM_Emphasis_Memory=0;CPXPARAM_Emphasis_Numerical=0;CPXPARAM_Feasopt_Mode=0;CPXPARAM_LPMethod=0;CPXPARAM_MIP_Cuts_Cliques=2;CPXPARAM_MIP_Cuts_Covers=0;CPXPARAM_MIP_Cuts_Disjunctive=1;CPXPARAM_MIP_Cuts_FlowCovers=0;CPXPARAM_MIP_Cuts_GUBCovers=-1;CPXPARAM_MIP_Cuts_Gomory=2;CPXPARAM_MIP_Cuts_Implied=0;CPXPARAM_MIP_Cuts_MIRCut=1;CPXPARAM_MIP_Cuts_PathCut=2;CPXPARAM_MIP_Limits_AggForCut=3;CPXPARAM_MIP_Limits_CutPasses=0;CPXPARAM_MIP_Limits_CutsFactor=-1;CPXPARAM_MIP_Limits_GomoryCand=25;CPXPARAM_MIP_Limits_GomoryPass=0;CPXPARAM_MIP_Limits_Nodes=9223372036800000000;CPXPARAM_MIP_Limits_ProbeTime=1e+75;CPXPARAM_MIP_Limits_RepairTries=0;CPXPARAM_MIP_Limits_StrongCand=10;CPXPARAM_MIP_Limits_StrongIt=0;CPXPARAM_MIP_OrderType=0;CPXPARAM_MIP_Strategy_BBInterval=7;CPXPARAM_MIP_Strategy_Branch=0;CPXPARAM_MIP_Strategy_Dive=0;CPXPARAM_MIP_Strategy_File=1;CPXPARAM_MIP_Strategy_HeuristicFreq=0;CPXPARAM_MIP_Strategy_LBHeur=0;CPXPARAM_MIP_Strategy_NodeSelect=1;CPXPARAM_MIP_Strategy_Order=1;CPXPARAM_MIP_Strategy_PresolveNode=0;CPXPARAM_MIP_Strategy_Probe=0;CPXPARAM_MIP_Strategy_RINSHeur=0;CPXPARAM_MIP_Strategy_StartAlgorithm=0;CPXPARAM_MIP_Strategy_SubAlgorithm=0;CPXPARAM_MIP_Strategy_VariableSelect=0;CPXPARAM_Network_NetFind=2;CPXPARAM_Network_Pricing=0;CPXPARAM_Parallel=1;CPXPARAM_Preprocessing_Aggregator=-1;CPXPARAM_Preprocessing_BoundStrength=-1;CPXPARAM_Preprocessing_CoeffReduce=-1;CPXPARAM_Preprocessing_Dependency=-1;CPXPARAM_Preprocessing_Dual=0;CPXPARAM_Preprocessing_Fill=10;CPXPARAM_Preprocessing_NumPass=-1;CPXPARAM_Preprocessing_Presolve=1;CPXPARAM_Preprocessing_QPMakePSD=1;CPXPARAM_Preprocessing_Reduce=3;CPXPARAM_Preprocessing_Relax=-1;CPXPARAM_Preprocessing_RepeatPresolve=-1;CPXPARAM_Preprocessing_Symmetry=-1;CPXPARAM_Read_Scale=0;CPXPARAM_Sifting_Algorithm=0;CPXPARAM_Simplex_Crash=1;CPXPARAM_Simplex_DGradient=0;CPXPARAM_Simplex_Limits_Perturbation=0;CPXPARAM_Simplex_Limits_Singularity=10;CPXPARAM_Simplex_PGradient=0;CPXPARAM_Simplex_Pricing=0;CPXPARAM_Simplex_Refactor=0
5094022419939585376,0,CPXPARAM_Advance=1;CPXPARAM_Barrier_Algorithm=0;CPXPARAM_Barrier_ColNonzeros=0;CPXPARAM_Barrier_Crossover=0;CPXPARAM_Barrier_Limits_Corrections=-1;CPXPARAM_Barrier_Ordering=0;CPXPARAM_Barrier_StartAlg=1;CPXPARAM_Emphasis_MIP=5;CPXPARAM_Emphasis_Memory=0;CPXPARAM_Emphasis_Numerical=0;CPXPARAM_Feasopt_Mode=0;CPXPARAM_LPMethod=0;CPXPARAM_MIP_Cuts_Cliques=0;CPXPARAM_MIP_Cuts_Covers=2;CPXPARAM_MIP_Cuts_Disjunctive=-1;CPXPARAM_MIP_Cuts_FlowCovers=2;CPXPARAM_MIP_Cuts_GUBCovers=-1;CPXPARAM_MIP_Cuts_Gomory=-1;CPXPARAM_MIP_Cuts_Implied=2;CPXPARAM_MIP_Cuts_MIRCut=1;CPXPARAM_MIP_Cuts_PathCut=2;CPXPARAM_MIP_Limits_AggForCut=3;CPXPARAM_MIP_Limits_CutPasses=0;CPXPARAM_MIP_Limits_CutsFactor=-1;CPXPARAM_MIP_Limits_GomoryCand=150;CPXPARAM_MIP_Limits_GomoryPass=0;CPXPARAM_MIP_Limits_Nodes=9223372036800000000;CPXPARAM_MIP_Limits_ProbeTime=1e+75;CPXPARAM_MIP_Limits_RepairTries=0;CPXPARAM_MIP_Limits_StrongCand=10;CPXPARAM_MIP_Limits_StrongIt=0;CPXPARAM_MIP_OrderType=0;CPXPARAM_MIP_Strategy_BBInterval=7;CPXPARAM_MIP_Strategy_Branch=0;CPXPARAM_MIP_Strategy_Dive=0;CPXPARAM_MIP_Strategy_File=1;CPXPARAM_MIP_Strategy_HeuristicFreq=0;CPXPARAM_MIP_Strategy_LBHeur=0;CPXPARAM_MIP_Strategy_NodeSelect=1;CPXPARAM_MIP_Strategy_Order=1;CPXPARAM_MIP_Strategy_PresolveNode=0;CPXPARAM_MIP_Strategy_Probe=3;CPXPARAM_MIP_Strategy_RINSHeur=0;CPXPARAM_MIP_Strategy_StartAlgorithm=0;CPXPARAM_MIP_Strategy_SubAlgorithm=0;CPXPARAM_MIP_Strategy_VariableSelect=0;CPXPARAM_Network_NetFind=2;CPXPARAM_Network_Pricing=0;CPXPARAM_Parallel=1;CPXPARAM_Preprocessing_Aggregator=-1;CPXPARAM_Preprocessing_BoundStrength=-1;CPXPARAM_Preprocessing_CoeffReduce=-1;CPXPARAM_Preprocessing_Dependency=-1;CPXPARAM_Preprocessing_Dual=0;CPXPARAM_Preprocessing_Fill=10;CPXPARAM_Preprocessing_NumPass=-1;CPXPARAM_Preprocessing_Presolve=1;CPXPARAM_Preprocessing_QPMakePSD=1;CPXPARAM_Preprocessing_Reduce=3;CPXPARAM_Preprocessing_Relax=-1;CPXPARAM_Preprocessing_RepeatPresolve=-1;CPXPARAM_Preprocessing_Symmetry=-1;CPXPARAM_Read_Scale=0;CPXPARAM_Sifting_Algorithm=0;CPXPARAM_Simplex_Crash=1;CPXPARAM_Simplex_DGradient=0;CPXPARAM_Simplex_Limits_Perturbation=0;CPXPARAM_Simplex_Limits_Singularity=10;CPXPARAM_Simplex_PGradient=0;CPXPARAM_Simplex_Pricing=0;CPXPARAM_Simplex_Refactor=0
3444055507010571587,0,CPXPARAM_Advance=1;CPXPARAM_Barrier_Algorithm=0;CPXPARAM_Barrier_ColNonzeros=0;CPXPARAM_Barrier_Crossover=0;CPXPARAM_Barrier_Limits_Corrections=-1;CPXPARAM_Barrier_Ordering=0;CPXPARAM_Barrier_StartAlg=1;CPXPARAM_Emphasis_MIP=4;CPXPARAM_Emphasis_Memory=0;CPXPARAM_Emphasis_Numerical=0;CPXPARAM_Feasopt_Mode=0;CPXPARAM_LPMethod=0;CPXPARAM_MIP_Cuts_Cliques=0;CPXPARAM_MIP_Cuts_Covers=1;CPXPARAM_MIP_Cuts_Disjunctive=0;CPXPARAM_MIP_Cuts_FlowCovers=2;CPXPARAM_MIP_Cuts_GUBCovers=2;CPXPARAM_MIP_Cuts_Gomory=0;CPXPARAM_MIP_Cuts_Implied=0;CPXPARAM_MIP_Cuts_MIRCut=-1;CPXPARAM_MIP_Cuts_PathCut=1;CPXPARAM_MIP_Limits_AggForCut=3;CPXPARAM_MIP_Limits_CutPasses=0;CPXPARAM_MIP_Limits_CutsFactor=-1;CPXPARAM_MIP_Limits_GomoryCand=150;CPXPARAM_MIP_Limits_GomoryPass=0;CPXPARAM_MIP_Limits_Nodes=9223372036800000000;CPXPARAM_MIP_Limits_ProbeTime=1e+75;CPXPARAM_MIP_Limits_RepairTries=0;CPXPARAM_MIP_Limits_StrongCand=10;CPXPARAM_MIP_Limits_StrongIt=0;CPXPARAM_MIP_OrderType=0;CPXPARAM_MIP_Strategy_BBInterval=7;CPXPARAM_MIP_Strategy_Branch=0;CPXPARAM_MIP_Strategy_Dive=0;CPXPARAM_MIP_Strategy_File=1;CPXPARAM_MIP_Strategy_HeuristicFreq=0;CPXPARAM_MIP_Strategy_LBHeur=0;CPXPARAM_MIP_Strategy_NodeSelect=1;CPXPARAM_MIP_Strategy_Order=1;CPXPARAM_MIP_Strategy_PresolveNode=0;CPXPARAM_MIP_Strategy_Probe=0;CPXPARAM_MIP_Strategy_RINSHeur=0;CPXPARAM_MIP_Strategy_StartAlgorithm=0;CPXPARAM_MIP_Strategy_SubAlgorithm=0;CPXPARAM_MIP_Strategy_VariableSelect=1;CPXPARAM_Network_NetFind=2;CPXPARAM_Network_Pricing=0;CPXPARAM_Parallel=1;CPXPARAM_Preprocessing_Aggregator=-1;CPXPARAM_Preprocessing_BoundStrength=-1;CPXPARAM_Preprocessing_CoeffReduce=-1;CPXPARAM_Preprocessing_Dependency=-1;CPXPARAM_Preprocessing_Dual=0;CPXPARAM_Preprocessing_Fill=10;CPXPARAM_Preprocessing_NumPass=-1;CPXPARAM_Preprocessing_Presolve=1;CPXPARAM_Preprocessing_QPMakePSD=1;CPXPARAM_Preprocessing_Reduce=3;CPXPARAM_Preprocessing_Relax=-1;CPXPARAM_Preprocessing_RepeatPresolve=-1;CPXPARAM_Preprocessing_Symmetry=-1;CPXPARAM_Read_Scale=0;CPXPARAM_Sifting_Algorithm=0;CPXPARAM_Simplex_Crash=1;CPXPARAM_Simplex_DGradient=0;CPXPARAM_Simplex_Limits_Perturbation=0;CPXPARAM_Simplex_Limits_Singularity=10;CPXPARAM_Simplex_PGradient=0;CPXPARAM_Simplex_Pricing=0;CPXPARAM_Simplex_Refactor=0
13170406239876856861,0,CPXPARAM_Advance=1;CPXPARAM_Barrier_Algorithm=0;CPXPARAM_Barrier_ColNonzeros=0;CPXPARAM_Barrier_Crossover=0;CPXPARAM_Barrier_Limits_Corrections=-1;CPXPARAM_Barrier_Ordering=0;CPXPARAM_Barrier_StartAlg=1;CPXPARAM_Emphasis_MIP=1;CPXPARAM_Emphasis_Memory=0;CPXPARAM_Emphasis_Numerical=0;CPXPARAM_Feasopt_Mode=0;CPXPARAM_LPMethod=0;CPXPARAM_MIP_Cuts_Cliques=2;CPXPARAM_MIP_Cuts_Covers=0;CPXPARAM_MIP_Cuts_Disjunctive=1;CPXPARAM_MIP_Cuts_FlowCovers=1;CPXPARAM_MIP_Cuts_GUBCovers=-1;CPXPARAM_MIP_Cuts_Gomory=2;CPXPARAM_MIP_Cuts_Implied=0;CPXPARAM_MIP_Cuts_MIRCut=0;CPXPARAM_MIP_Cuts_PathCut=2;CPXPARAM_MIP_Limits_AggForCut=3;CPXPARAM_MIP_Limits_CutPasses=0;CPXPARAM_MIP_Limits_CutsFactor=-1;CPXPARAM_MIP_Limits_GomoryCand=25;CPXPARAM_MIP_Limits_GomoryPass=0;CPXPARAM_MIP_Limits_Nodes=9223372036800000000;CPXPARAM_MIP_Limits_ProbeTime=1e+75;CPXPARAM_MIP_Limits_RepairTries=0;CPXPARAM_MIP_Limits_StrongCand=10;CPXPARAM_MIP_Limits_StrongIt=0;CPXPARAM_MIP_OrderType=0;CPXPARAM_MIP_Strategy_BBInterval=7;CPXPARAM_MIP_Strategy_Branch=0;CPXPARAM_MIP_Strategy_Dive=0;CPXPARAM_MIP_Strategy_File=1;CPXPARAM_MIP_Strategy_HeuristicFreq=0;CPXPARAM_MIP_Strategy_LBHeur=0;CPXPARAM_MIP_Strategy_NodeSelect=1;CPXPARAM_MIP_Strategy_Order=1;CPXPARAM_MIP_Strategy_PresolveNode=0;CPXPARAM_MIP_Strategy_Probe=0;CPXPARAM_MIP_Strategy_RINSHeur=0;CPXPARAM_MIP_Strategy_StartAlgorithm=0;CPXPARAM_MIP_Strategy_SubAlgorithm=0;CPXPARAM_MIP_Strategy_VariableSelect=0;CPXPARAM_Network_NetFind=2;CPXPARAM_Network_Pricing=0;CPXPARAM_Parallel=1;CPXPARAM_Preprocessing_Aggregator=-1;CPXPARAM_Preprocessing_BoundStrength=-1;CPXPARAM_Preprocessing_CoeffReduce=-1;CPXPARAM_Preprocessing_Dependency=-1;CPXPARAM_Preprocessing_Dual=0;CPXPARAM_Preprocessing_Fill=10;CPXPARAM_Preprocessing_NumPass=-1;CPXPARAM_Preprocessing_Presolve=1;CPXPARAM_Preprocessing_QPMakePSD=1;CPXPARAM_Preprocessing_Reduce=3;CPXPARAM_Preprocessing_Relax=-1;CPXPARAM_Preprocessing_RepeatPresolve=-1;CPXPARAM_Preprocessing_Symmetry=-1;CPXPARAM_Read_Scale=0;CPXPARAM_Sifting_Algorithm=0;CPXPARAM_Simplex_Crash=1;CPXPARAM_Simplex_DGradient=0;CPXPARAM_Simplex_Limits_Perturbation=0;CPXPARAM_Simplex_Limits_Singularity=10;CPXPARAM_Simplex_PGradient=0;CPXPARAM_Simplex_Pricing=0;CPXPARAM_Simplex_Refactor=0
9080063915121950019,0,CPXPARAM_Advance=1;CPXPARAM_Barrier_Algorithm=0;CPXPARAM_Barrier_ColNonzeros=0;CPXPARAM_Barrier_Crossover=0;CPXPARAM_Barrier_Limits_Corrections=-1;CPXPARAM_Barrier_Ordering=0;CPXPARAM_Barrier_StartAlg=1;CPXPARAM_Emphasis_MIP=0;CPXPARAM_Emphasis_Memory=0;CPXPARAM_Emphasis_Numerical=0;CPXPARAM_Feasopt_Mode=0;CPXPARAM_LPMethod=0;CPXPARAM_MIP_Cuts_Cliques=2;CPXPARAM_MIP_Cuts_Covers=2;CPXPARAM_MIP_Cuts_Disjunctive=0;CPXPARAM_MIP_Cuts_FlowCovers=1;CPXPARAM_MIP_Cuts_GUBCovers=0;CPXPARAM_MIP_Cuts_Gomory=0;CPXPARAM_MIP_Cuts_Implied=-1;CPXPARAM_MIP_Cuts_MIRCut=1;CPXPARAM_MIP_Cuts_PathCut=-1;CPXPARAM_MIP_Limits_AggForCut=3;CPXPARAM_MIP_Limits_CutPasses=0;CPXPARAM_MIP_Limits_CutsFactor=-1;CPXPARAM_MIP_Limits_GomoryCand=150;CPXPARAM_MIP_Limits_GomoryPass=0;CPXPARAM_MIP_Limits_Nodes=9223372036800000000;CPXPARAM_MIP_Limits_ProbeTime=1e+75;CPXPARAM_MIP_Limits_RepairTries=0;CPXPARAM_MIP_Limits_StrongCand=10;CPXPARAM_MIP_Limits_StrongIt=0;CPXPARAM_MIP_OrderType=0;CPXPARAM_MIP_Strategy_BBInterval=7;CPXPARAM_MIP_Strategy_Branch=0;CPXPARAM_MIP_Strategy_Dive=0;CPXPARAM_MIP_Strategy_File=1;CPXPARAM_MIP_Strategy_HeuristicFreq=0;CPXPARAM_MIP_Strategy_LBHeur=0;CPXPARAM_MIP_Strategy_NodeSelect=1;CPXPARAM_MIP_Strategy_Order=1;CPXPARAM_MIP_Strategy_PresolveNode=0;CPXPARAM_MIP_Strategy_Probe=1;CPXPARAM_MIP_Strategy_RINSHeur=0;CPXPARAM_MIP_Strategy_StartAlgorithm=0;CPXPARAM_MIP_Strategy_SubAlgorithm=0;CPXPARAM_MIP_Strategy_VariableSelect=0;CPXPARAM_Network_NetFind=2;CPXPARAM_Network_Pricing=0;CPXPARAM_Parallel=1;CPXPARAM_Preprocessing_Aggregator=-1;CPXPARAM_Preprocessing_BoundStrength=-1;CPXPARAM_Preprocessing_CoeffReduce=-1;CPXPARAM_Preprocessing_Dependency=-1;CPXPARAM_Preprocessing_Dual=0;CPXPARAM_Preprocessing_Fill=10;CPXPARAM_Preprocessing_NumPass=-1;CPXPARAM_Preprocessing_Presolve=1;CPXPARAM_Preprocessing_QPMakePSD=1;CPXPARAM_Preprocessing_Reduce=3;CPXPARAM_Preprocessing_Relax=-1;CPXPARAM_Preprocessing_RepeatPresolve=-1;CPXPARAM_Preprocessing_Symmetry=-1;CPXPARAM_Read_Scale=0;CPXPARAM_Sifting_Algorithm=0;CPXPARAM_Simplex_Crash=1;CPXPARAM_Simplex_DGradient=0;CPXPARAM_Simplex_Limits_Perturbation=0;CPXPARAM_Simplex_Limits_Singularity=10;CPXPARAM_Simplex_PGradient=0;CPXPARAM_Simplex_Pricing=0;CPXPARAM_Simplex_Refactor=0
3201159683509310950,0,CPXPARAM_Advance=1;CPXPARAM_Barrier_Algorithm=0;CPXPARAM_Barrier_ColNonzeros=0;CPXPARAM_Barrier_Crossover=0;CPXPARAM_Barrier_Limits_Corrections=-1;CPXPARAM_Barrier_Ordering=0;CPXPARAM_Barrier_StartAlg=1;CPXPARAM_Emphasis_MIP=2;CPXPARAM_Emphasis_Memory=0;CPXPARAM_Emphasis_Numerical=0;CPXPARAM_Feasopt_Mode=0;CPXPARAM_LPMethod=0;CPXPARAM_MIP_Cuts_Cliques=-1;CPXPARAM_MIP_Cuts_Covers=1;CPXPARAM_MIP_Cuts_Disjunctive=1;CPXPARAM_MIP_Cuts_FlowCovers=2;CPXPARAM_MIP_Cuts_GUBCovers=1;CPXPARAM_MIP_Cuts_Gomory=0;CPXPARAM_MIP_Cuts_Implied=-1;CPXPARAM_MIP_Cuts_MIRCut=-1;CPXPARAM_MIP_Cuts_PathCut=-1;CPXPARAM_MIP_Limits_AggForCut=3;CPXPARAM_MIP_Limits_CutPasses=0;CPXPARAM_MIP_Limits_CutsFactor=-1;CPXPARAM_MIP_Limits_GomoryCand=400;CPXPARAM_MIP_Limits_GomoryPass=0;CPXPARAM_MIP_Limits_Nodes=9223372036800000000;CPXPARAM_MIP_Limits_ProbeTime=1e+75;CPXPARAM_MIP_Limits_RepairTries=0;CPXPARAM_MIP_Limits_StrongCand=10;CPXPARAM_MIP_Limits_StrongIt=0;CPXPARAM_MIP_OrderType=0;CPXPARAM_MIP_Strategy_BBInterval=7;CPXPARAM_MIP_Strategy_Branch=0;CPXPARAM_MIP_Strategy_Dive=0;CPXPARAM_MIP_Strategy_File=1;CPXPARAM_MIP_Strategy_HeuristicFreq=0;CPXPARAM_MIP_Strategy_LBHeur=0;CPXPARAM_MIP_Strategy_NodeSelect=1;CPXPARAM_MIP_Strategy_Order=1;CPXPARAM_MIP_Strategy_PresolveNode=0;CPXPARAM_MIP_Strategy_Probe=0;CPXPARAM_MIP_Strategy_RINSHeur=0;CPXPARAM_MIP_Strategy_StartAlgorithm=0;CPXPARAM_MIP_Strategy_SubAlgorithm=0;CPXPARAM_MIP_Strategy_VariableSelect=0;CPXPARAM_Network_NetFind=2;CPXPARAM_Network_Pricing=0;CPXPARAM_Parallel=1;CPXPARAM_Preprocessing_Aggregator=-1;CPXPARAM_Preprocessing_BoundStrength=-1;CPXPARAM_Preprocessing_CoeffReduce=-1;CPXPARAM_Preprocessing_Dependency=-1;CPXPARAM_Preprocessing_Dual=0;CPXPARAM_Preprocessing_Fill=10;CPXPARAM_Preprocessing_NumPass=-1;CPXPARAM_Preprocessing_Presolve=1;CPXPARAM_Preprocessing_QPMakePSD=1;CPXPARAM_Preprocessing_Reduce=3;CPXPARAM_Preprocessing_Relax=-1;CPXPARAM_Preprocessing_RepeatPresolve=-1;CPXPARAM_Preprocessing_Symmetry=-1;CPXPARAM_Read_Scale=0;CPXPARAM_Sifting_Algorithm=0;CPXPARAM_Simplex_Crash=1;CPXPARAM_Simplex_DGradient=0;CPXPARAM_Simplex_Limits_Perturbation=0;CPXPARAM_Simplex_Limits_Singularity=10;CPXPARAM_Simplex_PGradient=0;CPXPARAM_Simplex_Pricing=0;CPXPARAM_Simplex_Refactor=0
8222764852622262235,0,CPXPARAM_Advance=1;CPXPARAM_Barrier_Algorithm=0;CPXPARAM_Barrier_ColNonzeros=0;CPXPARAM_Barrier_Crossover=0;CPXPARAM_Barrier_Limits_Corrections=-1;CPXPARAM_Barrier_Ordering=0;CPXPARAM_Barrier_StartAlg=1;CPXPARAM_Emphasis_MIP=1;CPXPARAM_Emphasis_Memory=0;CPXPARAM_Emphasis_Numerical=0;CPXPARAM_Feasopt_Mode=0;CPXPARAM_LPMethod=0;CPXPARAM_MIP_Cuts_Cliques=2;CPXPARAM_MIP_Cuts_Covers=0;CPXPARAM_MIP_Cuts_Disjunctive=1;CPXPARAM_MIP_Cuts_FlowCovers=1;CPXPARAM_MIP_Cuts_GUBCovers=-1;CPXPARAM_MIP_Cuts_Gomory=2;CPXPARAM_MIP_Cuts_Implied=0;CPXPARAM_MIP_Cuts_MIRCut=1;CPXPARAM_MIP_Cuts_PathCut=2;CPXPARAM_MIP_Limits_AggForCut=3;CPXPARAM_MIP_Limits_CutPasses=0;CPXPARAM_MIP_Limits_CutsFactor=-1;CPXPARAM_MIP_Limits_GomoryCand=100;CPXPARAM_MIP_Limits_GomoryPass=0;CPXPARAM_MIP_Limits_Nodes=9223372036800000000;CPXPARAM_MIP_Limits_ProbeTime=1e+75;CPXPARAM_MIP_Limits_RepairTries=0;CPXPARAM_MIP_Limits_StrongCand=10;CPXPARAM_MIP_Limits_StrongIt=0;CPXPARAM_MIP_OrderType=0;CPXPARAM_MIP_Strategy_BBInterval=7;CPXPARAM_MIP_Strategy_Branch=0;CPXPARAM_MIP_Strategy_Dive=0;CPXPARAM_MIP_Strategy_File=1;CPXPARAM_MIP_Strategy_HeuristicFreq=0;CPXPARAM_MIP_Strategy_LBHeur=0;CPXPARAM_MIP_Strategy_NodeSelect=1;CPXPARAM_MIP_Strategy_Order=1;CPXPARAM_MIP_Strategy_PresolveNode=0;CPXPARAM_MIP_Strategy_Probe=0;CPXPARAM_MIP_Strategy_RINSHeur=0;CPXPARAM_MIP_Strategy_StartAlgorithm=0;CPXPARAM_MIP_Strategy_SubAlgorithm=0;CPXPARAM_MIP_Strategy_VariableSelect=0;CPXPARAM_Network_NetFind=2;CPXPARAM_Network_Pricing=0;CPXPARAM_Parallel=1;CPXPARAM_Preprocessing_Aggregator=-1;CPXPARAM_Preprocessing_BoundStrength=-1;CPXPARAM_Preprocessing_CoeffReduce=-1;CPXPARAM_Preprocessing_Dependency=-1;CPXPARAM_Preprocessing_Dual=0;CPXPARAM_Preprocessing_Fill=10;CPXPARAM_Preprocessing_NumPass=-1;CPXPARAM_Preprocessing_Presolve=1;CPXPARAM_Preprocessing_QPMakePSD=1;CPXPARAM_Preprocessing_Reduce=3;CPXPARAM_Preprocessing_Relax=-1;CPXPARAM_Preprocessing_RepeatPresolve=-1;CPXPARAM_Preprocessing_Symmetry=-1;CPXPARAM_Read_Scale=0;CPXPARAM_Sifting_Algorithm=0;CPXPARAM_Simplex_Crash=1;CPXPARAM_Simplex_DGradient=0;CPXPARAM_Simplex_Limits_Perturbation=0;CPXPARAM_Simplex_Limits_Singularity=10;CPXPARAM_Simplex_PGradient=0;CPXPARAM_Simplex_Pricing=0;CPXPARAM_Simplex_Refactor=0
2925095010941462805,0,CPXPARAM_Advance=1;CPXPARAM_Barrier_Algorithm=0;CPXPARAM_Barrier_ColNonzeros=0;CPXPARAM_Barrier_Crossover=0;CPXPARAM_Barrier_Limits_Corrections=-1;CPXPARAM_Barrier_Ordering=0;CPXPARAM_Barrier_StartAlg=1;CPXPARAM_Emphasis_MIP=0;CPXPARAM_Emphasis_Memory=0;CPXPARAM_Emphasis_Numerical=0;CPXPARAM_Feasopt_Mode=0;CPXPARAM_LPMethod=0;CPXPARAM_MIP_Cuts_Cliques=2;CPXPARAM_MIP_Cuts_Covers=0;CPXPARAM_MIP_Cuts_Disjunctive=1;CPXPARAM_MIP_Cuts_FlowCovers=1;CPXPARAM_MIP_Cuts_GUBCovers=-1;CPXPARAM_MIP_Cuts_Gomory=2;CPXPARAM_MIP_Cuts_Implied=0;CPXPARAM_MIP_Cuts_MIRCut=1;CPXPARAM_MIP_Cuts_PathCut=2;CPXPARAM_MIP_Limits_AggForCut=3;CPXPARAM_MIP_Limits_CutPasses=0;CPXPARAM_MIP_Limits_CutsFactor=-1;CPXPARAM_MIP_Limits_GomoryCand=25;CPXPARAM_MIP_Limits_GomoryPass=0;CPXPARAM_MIP_Limits_Nodes=9223372036800000000;CPXPARAM_MIP_Limits_ProbeTime=1e+75;CPXPARAM_MIP_Limits_RepairTries=0;CPXPARAM_MIP_Limits_StrongCand=10;CPXPARAM_MIP_Limits_StrongIt=0;CPXPARAM_MIP_OrderType=0;CPXPARAM_MIP_Strategy_BBInterval=7;CPXPARAM_MIP_Strategy_Branch=0;CPXPARAM_MIP_Strategy_Dive=0;CPXPARAM_MIP_Strategy_File=1;CPXPARAM_MIP_Strategy_HeuristicFreq=0;CPXPARAM_MIP_Strategy_LBHeur=0;CPXPARAM_MIP_Strategy_NodeSelect=1;CPXPARAM_MIP_Strategy_Order=1;CPXPARAM_MIP_Strategy_PresolveNode=0;CPXPARAM_MIP_Strategy_Probe=0;CPXPARAM_MIP_Strategy_RINSHeur=0;CPXPARAM_MIP_Strategy_StartAlgorithm=0;CPXPARAM_MIP_Strategy_SubAlgorithm=0;CPXPARAM_MIP_Strategy_VariableSelect=0;CPXPARAM_Network_NetFind=2;CPXPARAM_Network_Pricing=0;CPXPARAM_Parallel=1;CPXPARAM_Preprocessing_Aggregator=-1;CPXPARAM_Preprocessing_BoundStrength=-1;CPXPARAM_Preprocessing_CoeffReduce=-1;CPXPARAM_Preprocessing_Dependency=-1;CPXPARAM_Preprocessing_Dual=0;CPXPARAM_Preprocessing_Fill=10;CPXPARAM_Preprocessing_NumPass=-1;CPXPARAM_Preprocessing_Presolve=1;CPXPARAM_Preprocessing_QPMakePSD=1;CPXPARAM_Preprocessing_Reduce=3;CPXPARAM_Preprocessing_Relax=-1;CPXPARAM_Preprocessing_RepeatPresolve=-1;CPXPARAM_Preprocessing_Symmetry=-1;CPXPARAM_Read_Scale=0;CPXPARAM_Sifting_Algorithm=0;CPXPARAM_Simplex_Crash=1;CPXPARAM_Simplex_DGradient=0;CPXPARAM_Simplex_Limits_Perturbation=0;CPXPARAM_Simplex_Limits_Singularity=10;CPXPARAM_Simplex_PGradient=0;CPXPARAM_Simplex_Pricing=0;CPXPARAM_Simplex_Refactor=0
16693155076231255575,0,CPXPARAM_Advance=1;CPXPARAM_Barrier_Algorithm=0;CPXPARAM_Barrier_ColNonzeros=0;CPXPARAM_Barrier_Crossover=0;CPXPARAM_Barrier_Limits_Corrections=-1;CPXPARAM_Barrier_Ordering=0;CPXPARAM_Barrier_StartAlg=1;CPXPARAM_Emphasis_MIP=4;CPXPARAM_Emphasis_Memory=0;CPXPARAM_Emphasis_Numerical=0;CPXPARAM_Feasopt_Mode=0;CPXPARAM_LPMethod=0;CPXPARAM_MIP_Cuts_Cliques=-1;CPXPARAM_MIP_Cuts_Covers=0;CPXPARAM_MIP_Cuts_Disjunctive=-1;CPXPARAM_MIP_Cuts_FlowCovers=-1;CPXPARAM_MIP_Cuts_GUBCovers=0;CPXPARAM_MIP_Cuts_Gomory=2;CPXPARAM_MIP_Cuts_Implied=0;CPXPARAM_MIP_Cuts_MIRCut=1;CPXPARAM_MIP_Cuts_PathCut=0;CPXPARAM_MIP_Limits_AggForCut=3;CPXPARAM_MIP_Limits_CutPasses=0;CPXPARAM_MIP_Limits_CutsFactor=-1;CPXPARAM_MIP_Limits_GomoryCand=50;CPXPARAM_MIP_Limits_GomoryPass=0;CPXPARAM_MIP_Limits_Nodes=9223372036800000000;CPXPARAM_MIP_Limits_ProbeTime=1e+75;CPXPARAM_MIP_Limits_RepairTries=0;CPXPARAM_MIP_Limits_StrongCand=10;CPXPARAM_MIP_Limits_StrongIt=0;CPXPARAM_MIP_OrderType=0;CPXPARAM_MIP_Strategy_BBInterval=7;CPXPARAM_MIP_Strategy_Branch=0;CPXPARAM_MIP_Strategy_Dive=0;CPXPARAM_MIP_Strategy_File=1;CPXPARAM_MIP_Strategy_HeuristicFreq=0;CPXPARAM_MIP_Strategy_LBHeur=0;CPXPARAM_MIP_Strategy_NodeSelect=1;CPXPARAM_MIP_Strategy_Order=1;CPXPARAM_MIP_Strategy_PresolveNode=0;CPXPARAM_MIP_Strategy_Probe=0;CPXPARAM_MIP_Strategy_RINSHeur=0;CPXPARAM_MIP_Strategy_StartAlgorithm=0;CPXPARAM_MIP_Strategy_SubAlgorithm=0;CPXPARAM_MIP_Strategy_VariableSelect=0;CPXPARAM_Network_NetFind=2;CPXPARAM_Network_Pricing=0;CPXPARAM_Parallel=1;CPXPARAM_Preprocessing_Aggregator=-1;CPXPARAM_Preprocessing_BoundStrength=-1;CPXPARAM_Preprocessing_CoeffReduce=-1;CPXPARAM_Preprocessing_Dependency=-1;CPXPARAM_Preprocessing_Dual=0;CPXPARAM_Preprocessing_Fill=10;CPXPARAM_Preprocessing_NumPass=-1;CPXPARAM_Preprocessing_Presolve=1;CPXPARAM_Preprocessing_QPMakePSD=1;CPXPARAM_Preprocessing_Reduce=3;CPXPARAM_Preprocessing_Relax=-1;CPXPARAM_Preprocessing_RepeatPresolve=-1;CPXPARAM_Preprocessing_Symmetry=-1;CPXPARAM_Read_Scale=0;CPXPARAM_Sifting_Algorithm=0;CPXPARAM_Simplex_Crash=1;CPXPARAM_Simplex_DGradient=0;CPXPARAM_Simplex_Limits_Perturbation=0;CPXPARAM_Simplex_Limits_Singularity=10;CPXPARAM_Simplex_PGradient=0;CPXPARAM_Simplex_Pricing=0;CPXPARAM_Simplex_Refactor=0
13848524742474036247,0,CPXPARAM_Advance=1;CPXPARAM_Barrier_Algorithm=0;CPXPARAM_Barrier_ColNonzeros=0;CPXPARAM_Barrier_Crossover=0;CPXPARAM_Barrier_Limits_Corrections=-1;CPXPARAM_Barrier_Ordering=0;CPXPARAM_Barrier_StartAlg=1;CPXPARAM_Emphasis_MIP=2;CPXPARAM_Emphasis_Memory=0;CPXPARAM_Emphasis_Numerical=0;CPXPARAM_Feasopt_Mode=0;CPXPARAM_LPMethod=0;CPXPARAM_MIP_Cuts_Cliques=3;CPXPARAM_MIP_Cuts_Covers=0;CPXPARAM_MIP_Cuts_Disjunctive=0;CPXPARAM_MIP_Cuts_FlowCovers=1;CPXPARAM_MIP_Cuts_GUBCovers=-1;CPXPARAM_MIP_Cuts_Gomory=1;CPXPARAM_MIP_Cuts_Implied=0;CPXPARAM_MIP_Cuts_MIRCut=2;CPXPARAM_MIP_Cuts_PathCut=0;CPXPARAM_MIP_Limits_AggForCut=3;CPXPARAM_MIP_Limits_CutPasses=0;CPXPARAM_MIP_Limits_CutsFactor=-1;CPXPARAM_MIP_Limits_GomoryCand=200;CPXPARAM_MIP_Limits_GomoryPass=0;CPXPARAM_MIP_Limits_Nodes=9223372036800000000;CPXPARAM_MIP_Limits_ProbeTime=1e+75;CPXPARAM_MIP_Limits_RepairTries=0;CPXPARAM_MIP_Limits_StrongCand=10;CPXPARAM_MIP_Limits_StrongIt=0;CPXPARAM_MIP_OrderType=0;CPXPARAM_MIP_Strategy_BBInterval=7;CPXPARAM_MIP_Strategy_Branch=-1;CPXPARAM_MIP_Strategy_Dive=0;CPXPARAM_MIP_Strategy_File=1;CPXPARAM_MIP_Strategy_HeuristicFreq=0;CPXPARAM_MIP_Strategy_LBHeur=0;CPXPARAM_MIP_Strategy_NodeSelect=2;CPXPARAM_MIP_Strategy_Order=1;CPXPARAM_MIP_Strategy_PresolveNode=2;CPXPARAM_MIP_Strategy_Probe=3;CPXPARAM_MIP_Strategy_RINSHeur=0;CPXPARAM_MIP_Strategy_StartAlgorithm=0;CPXPARAM_MIP_Strategy_SubAlgorithm=0;CPXPARAM_MIP_Strategy_VariableSelect=-1;CPXPARAM_Network_NetFind=2;CPXPARAM_Network_Pricing=0;CPXPARAM_Parallel=1;CPXPARAM_Preprocessing_Aggregator=-1;CPXPARAM_Preprocessing_BoundStrength=-1;CPXPARAM_Preprocessing_CoeffReduce=-1;CPXPARAM_Preprocessing_Dependency=-1;CPXPARAM_Preprocessing_Dual=0;CPXPARAM_Preprocessing_Fill=10;CPXPARAM_Preprocessing_NumPass=-1;CPXPARAM_Preprocessing_Presolve=1;CPXPARAM_Preprocessing_QPMakePSD=1;CPXPARAM_Preprocessing_Reduce=3;CPXPARAM_Preprocessing_Relax=-1;CPXPARAM_Preprocessing_RepeatPresolve=-1;CPXPARAM_Preprocessing_Symmetry=-1;CPXPARAM_Read_Scale=0;CPXPARAM_Sifting_Algorithm=0;CPXPARAM_Simplex_Crash=1;CPXPARAM_Simplex_DGradient=0;CPXPARAM_Simplex_Limits_Perturbation=0;CPXPARAM_Simplex_Limits_Singularity=10;CPXPARAM_Simplex_PGradient=0;CPXPARAM_Simplex_Pricing=0;CPXPARAM_Simplex_Refactor=0
13140273651721684300,0,CPXPARAM_Advance=1;CPXPARAM_Barrier_Algorithm=0;CPXPARAM_Barrier_ColNonzeros=0;CPXPARAM_Barrier_Crossover=0;CPXPARAM_Barrier_Limits_Corrections=-1;CPXPARAM_Barrier_Ordering=0;CPXPARAM_Barrier_StartAlg=1;CPXPARAM_Emphasis_MIP=0;CPXPARAM_Emphasis_Memory=0;CPXPARAM_Emphasis_Numerical=0;CPXPARAM_Feasopt_Mode=0;CPXPARAM_LPMethod=0;CPXPARAM_MIP_Cuts_Cliques=-1;CPXPARAM_MIP_Cuts_Covers=2;CPXPARAM_MIP_Cuts_Disjunctive=0;CPXPARAM_MIP_Cuts_FlowCovers=-1;CPXPARAM_MIP_Cuts_GUBCovers=1;CPXPARAM_MIP_Cuts_Gomory=0;CPXPARAM_MIP_Cuts_Implied=2;CPXPARAM_MIP_Cuts_MIRCut=-1;CPXPARAM_MIP_Cuts_PathCut=1;CPXPARAM_MIP_Limits_AggForCut=10;CPXPARAM_MIP_Limits_CutPasses=0;CPXPARAM_MIP_Limits_CutsFactor=-1;CPXPARAM_MIP_Limits_GomoryCand=100;CPXPARAM_MIP_Limits_GomoryPass=0;CPXPARAM_MIP_Limits_Nodes=9223372036800000000;CPXPARAM_MIP_Limits_ProbeTime=1e+75;CPXPARAM_MIP_Limits_RepairTries=0;CPXPARAM_MIP_Limits_StrongCand=10;CPXPARAM_MIP_Limits_StrongIt=0;CPXPARAM_MIP_OrderType=1;CPXPARAM_MIP_Strategy_BBInterval=7;CPXPARAM_MIP_Strategy_Branch=0;CPXPARAM_MIP_Strategy_Dive=0;CPXPARAM_MIP_Strategy_File=1;CPXPARAM_MIP_Strategy_HeuristicFreq=0;CPXPARAM_MIP_Strategy_LBHeur=0;CPXPARAM_MIP_Strategy_NodeSelect=0;CPXPARAM_MIP_Strategy_Order=1;CPXPARAM_MIP_Strategy_PresolveNode=-1;CPXPARAM_MIP_Strategy_Probe=3;CPXPARAM_MIP_Strategy_RINSHeur=0;CPXPARAM_MIP_Strategy_StartAlgorithm=0;CPXPARAM_MIP_Strategy_SubAlgorithm=0;CPXPARAM_MIP_Strategy_VariableSelect=2;CPXPARAM_Network_NetFind=2;CPXPARAM_Network_Pricing=0;CPXPARAM_Parallel=1;CPXPARAM_Preprocessing_Aggregator=-1;CPXPARAM_Preprocessing_BoundStrength=-1;CPXPARAM_Preprocessing_CoeffReduce=-1;CPXPARAM_Preprocessing_Dependency=-1;CPXPARAM_Preprocessing_Dual=0;CPXPARAM_Preprocessing_Fill=2;CPXPARAM_Preprocessing_NumPass=-1;CPXPARAM_Preprocessing_Presolve=1;CPXPARAM_Preprocessing_QPMakePSD=1;CPXPARAM_Preprocessing_Reduce=1;CPXPARAM_Preprocessing_Relax=-1;CPXPARAM_Preprocessing_RepeatPresolve=-1;CPXPARAM_Preprocessing_Symmetry=-1;CPXPARAM_Read_Scale=0;CPXPARAM_Sifting_Algorithm=0;CPXPARAM_Simplex_Crash=1;CPXPARAM_Simplex_DGradient=0;CPXPARAM_Simplex_Limits_Perturbation=0;CPXPARAM_Simplex_Limits_Singularity=10;CPXPARAM_Simplex_PGradient=0;CPXPARAM_Simplex_Pricing=0;CPXPARAM_Simplex_Refactor=0
2278165157542931430,0,CPXPARAM_Advance=1;CPXPARAM_Barrier_Algorithm=0;CPXPARAM_Barrier_ColNonzeros=0;CPXPARAM_Barrier_Crossover=0;CPXPARAM_Barrier_Limits_Corrections=-1;CPXPARAM_Barrier_Ordering=0;CPXPARAM_Barrier_StartAlg=1;CPXPARAM_Emphasis_MIP=4;CPXPARAM_Emphasis_Memory=0;CPXPARAM_Emphasis_Numerical=0;CPXPARAM_Feasopt_Mode=0;CPXPARAM_LPMethod=0;CPXPARAM_MIP_Cuts_Cliques=-1;CPXPARAM_MIP_Cuts_Covers=0;CPXPARAM_MIP_Cuts_Disjunctive=-1;CPXPARAM_MIP_Cuts_FlowCovers=1;CPXPARAM_MIP_Cuts_GUBCovers=0;CPXPARAM_MIP_Cuts_Gomory=2;CPXPARAM_MIP_Cuts_Implied=0;CPXPARAM_MIP_Cuts_MIRCut=1;CPXPARAM_MIP_Cuts_PathCut=0;CPXPARAM_MIP_Limits_AggForCut=3;CPXPARAM_MIP_Limits_CutPasses=0;CPXPARAM_MIP_Limits_CutsFactor=-1;CPXPARAM_MIP_Limits_GomoryCand=50;CPXPARAM_MIP_Limits_GomoryPass=0;CPXPARAM_MIP_Limits_Nodes=9223372036800000000;CPXPARAM_MIP_Limits_ProbeTime=1e+75;CPXPARAM_MIP_Limits_RepairTries=0;CPXPARAM_MIP_Limits_StrongCand=10;CPXPARAM_MIP_Limits_StrongIt=0;CPXPARAM_MIP_OrderType=0;CPXPARAM_MIP_Strategy_BBInterval=7;CPXPARAM_MIP_Strategy_Branch=0;CPXPARAM_MIP_Strategy_Dive=0;CPXPARAM_MIP_Strategy_File=1;CPXPARAM_MIP_Strategy_HeuristicFreq=0;CPXPARAM_MIP_Strategy_LBHeur=0;CPXPARAM_MIP_Strategy_NodeSelect=1;CPXPARAM_MIP_Strategy_Order=1;CPXPARAM_MIP_Strategy_PresolveNode=0;CPXPARAM_MIP_Strategy_Probe=0;CPXPARAM_MIP_Strategy_RINSHeur=0;CPXPARAM_MIP_Strategy_StartAlgorithm=0;CPXPARAM_MIP_Strategy_SubAlgorithm=0;CPXPARAM_MIP_Strategy_VariableSelect=0;CPXPARAM_Network_NetFind=2;CPXPARAM_Network_Pricing=0;CPXPARAM_Parallel=1;CPXPARAM_Preprocessing_Aggregator=-1;CPXPARAM_Preprocessing_BoundStrength=-1;CPXPARAM_Preprocessing_CoeffReduce=-1;CPXPARAM_Preprocessing_Dependency=-1;CPXPARAM_Preprocessing_Dual=0;CPXPARAM_Preprocessing_Fill=10;CPXPARAM_Preprocessing_NumPass=-1;CPXPARAM_Preprocessing_Presolve=1;CPXPARAM_Preprocessing_QPMakePSD=1;CPXPARAM_Preprocessing_Reduce=3;CPXPARAM_Preprocessing_Relax=-1;CPXPARAM_Preprocessing_RepeatPresolve=-1;CPXPARAM_Preprocessing_Symmetry=-1;CPXPARAM_Read_Scale=0;CPXPARAM_Sifting_Algorithm=0;CPXPARAM_Simplex_Crash=1;CPXPARAM_Simplex_DGradient=0;CPXPARAM_Simplex_Limits_Perturbation=0;CPXPARAM_Simplex_Limits_Singularity=10;CPXPARAM_Simplex_PGradient=0;CPXPARAM_Simplex_Pricing=0;CPXPARAM_Simplex_Refactor=0
1771908738412306636,0,CPXPARAM_Advance=1;CPXPARAM_Barrier_Algorithm=0;CPXPARAM_Barrier_ColNonzeros=0;CPXPARAM_Barrier_Crossover=0;CPXPARAM_Barrier_Limits_Corrections=-1;CPXPARAM_Barrier_Ordering=0;CPXPARAM_Barrier_StartAlg=1;CPXPARAM_Emphasis_MIP=4;CPXPARAM_Emphasis_Memory=0;CPXPARAM_Emphasis_Numerical=0;CPXPARAM_Feasopt_Mode=0;CPXPARAM_LPMethod=0;CPXPARAM_MIP_Cuts_Cliques=-1;CPXPARAM_MIP_Cuts_Covers=0;CPXPARAM_MIP_Cuts_Disjunctive=-1;CPXPARAM_MIP_Cuts_FlowCovers=-1;CPXPARAM_MIP_Cuts_GUBCovers=0;CPXPARAM_MIP_Cuts_Gomory=2;CPXPARAM_MIP_Cuts_Implied=2;CPXPARAM_MIP_Cuts_MIRCut=1;CPXPARAM_MIP_Cuts_PathCut=0;CPXPARAM_MIP_Limits_AggForCut=3;CPXPARAM_MIP_Limits_CutPasses=0;CPXPARAM_MIP_Limits_CutsFactor=-1;CPXPARAM_MIP_Limits_GomoryCand=50;CPXPARAM_MIP_Limits_GomoryPass=0;CPXPARAM_MIP_Limits_Nodes=9223372036800000000;CPXPARAM_MIP_Limits_ProbeTime=1e+75;CPXPARAM_MIP_Limits_RepairTries=0;CPXPARAM_MIP_Limits_StrongCand=10;CPXPARAM_MIP_Limits_StrongIt=0;CPXPARAM_MIP_OrderType=0;CPXPARAM_MIP_Strategy_BBInterval=7;CPXPARAM_MIP_Strategy_Branch=0;CPXPARAM_MIP_Strategy_Dive=0;CPXPARAM_MIP_Strategy_File=1;CPXPARAM_MIP_Strategy_HeuristicFreq=0;CPXPARAM_MIP_Strategy_LBHeur=0;CPXPARAM_MIP_Strategy_NodeSelect=1;CPXPARAM_MIP_Strategy_Order=1;CPXPARAM_MIP_Strategy_PresolveNode=0;CPXPARAM_MIP_Strategy_Probe=0;CPXPARAM_MIP_Strategy_RINSHeur=0;CPXPARAM_MIP_Strategy_StartAlgorithm=0;CPXPARAM_MIP_Strategy_SubAlgorithm=0;CPXPARAM_MIP_Strategy_VariableSelect=0;CPXPARAM_Network_NetFind=2;CPXPARAM_Network_Pricing=0;CPXPARAM_Parallel=1;CPXPARAM_Preprocessing_Aggregator=-1;CPXPARAM_Preprocessing_BoundStrength=-1;CPXPARAM_Preprocessing_CoeffReduce=-1;CPXPARAM_Preprocessing_Dependency=-1;CPXPARAM_Preprocessing_Dual=0;CPXPARAM_Preprocessing_Fill=10;CPXPARAM_Preprocessing_NumPass=-1;CPXPARAM_Preprocessing_Presolve=1;CPXPARAM_Preprocessing_QPMakePSD=1;CPXPARAM_Preprocessing_Reduce=3;CPXPARAM_Preprocessing_Relax=-1;CPXPARAM_Preprocessing_RepeatPresolve=-1;CPXPARAM_Preprocessing_Symmetry=-1;CPXPARAM_Read_Scale=0;CPXPARAM_Sifting_Algorithm=0;CPXPARAM_Simplex_Crash=1;CPXPARAM_Simplex_DGradient=0;CPXPARAM_Simplex_Limits_Perturbation=0;CPXPARAM_Simplex_Limits_Singularity=10;CPXPARAM_Simplex_PGradient=0;CPXPARAM_Simplex_Pricing=0;CPXPARAM_Simplex_Refactor=0
12609787833178905456,0,CPXPARAM_Advance=1;CPXPARAM_Barrier_Algorithm=0;CPXPARAM_Barrier_ColNonzeros=0;CPXPARAM_Barrier_Crossover=0;CPXPARAM_Barrier_Limits_Corrections=-1;CPXPARAM_Barrier_Ordering=0;CPXPARAM_Barrier_StartAlg=1;CPXPARAM_Emphasis_MIP=0;CPXPARAM_Emphasis_Memory=0;CPXPARAM_Emphasis_Numerical=0;CPXPARAM_Feasopt_Mode=0;CPXPARAM_LPMethod=0;CPXPARAM_MIP_Cuts_Cliques=3;CPXPARAM_MIP_Cuts_Covers=3;CPXPARAM_MIP_Cuts_Disjunctive=1;CPXPARAM_MIP_Cuts_FlowCovers=0;CPXPARAM_MIP_Cuts_GUBCovers=0;CPXPARAM_MIP_Cuts_Gomory=-1;CPXPARAM_MIP_Cuts_Implied=1;CPXPARAM_MIP_Cuts_MIRCut=2;CPXPARAM_MIP_Cuts_PathCut=2;CPXPARAM_MIP_Limits_AggForCut=3;CPXPARAM_MIP_Limits_CutPasses=0;CPXPARAM_MIP_Limits_CutsFactor=-1;CPXPARAM_MIP_Limits_GomoryCand=200;CPXPARAM_MIP_Limits_GomoryPass=0;CPXPARAM_MIP_Limits_Nodes=9223372036800000000;CPXPARAM_MIP_Limits_ProbeTime=1e+75;CPXPARAM_MIP_Limits_RepairTries=0;CPXPARAM_MIP_Limits_StrongCand=10;CPXPARAM_MIP_Limits_StrongIt=0;CPXPARAM_MIP_OrderType=0;CPXPARAM_MIP_Strategy_BBInterval=7;CPXPARAM_MIP_Strategy_Branch=0;CPXPARAM_MIP_Strategy_Dive=0;CPXPARAM_MIP_Strategy_File=1;CPXPARAM_MIP_Strategy_HeuristicFreq=0;CPXPARAM_MIP_Strategy_LBHeur=0;CPXPARAM_MIP_Strategy_NodeSelect=2;CPXPARAM_MIP_Strategy_Order=1;CPXPARAM_MIP_Strategy_PresolveNode=-1;CPXPARAM_MIP_Strategy_Probe=1;CPXPARAM_MIP_Strategy_RINSHeur=0;CPXPARAM_MIP_Strategy_StartAlgorithm=0;CPXPARAM_MIP_Strategy_SubAlgorithm=0;CPXPARAM_MIP_Strategy_VariableSelect=3;CPXPARAM_Network_NetFind=2;CPXPARAM_Network_Pricing=0;CPXPARAM_Parallel=1;CPXPARAM_Preprocessing_Aggregator=-1;CPXPARAM_Preprocessing_BoundStrength=-1;CPXPARAM_Preprocessing_CoeffReduce=-1;CPXPARAM_Preprocessing_Dependency=-1;CPXPARAM_Preprocessing_Dual=0;CPXPARAM_Preprocessing_Fill=10;CPXPARAM_Preprocessing_NumPass=-1;CPXPARAM_Preprocessing_Presolve=1;CPXPARAM_Preprocessing_QPMakePSD=1;CPXPARAM_Preprocessing_Reduce=3;CPXPARAM_Preprocessing_Relax=-1;CPXPARAM_Preprocessing_RepeatPresolve=-1;CPXPARAM_Preprocessing_Symmetry=-1;CPXPARAM_Read_Scale=0;CPXPARAM_Sifting_Algorithm=0;CPXPARAM_Simplex_Crash=1;CPXPARAM_Simplex_DGradient=0;CPXPARAM_Simplex_Limits_Perturbation=0;CPXPARAM_Simplex_Limits_Singularity=10;CPXPARAM_Simplex_PGradient=0;CPXPARAM_Simplex_Pricing=0;CPXPARAM_Simplex_Refactor=0
8196577535787779361,0,CPXPARAM_Advance=1;CPXPARAM_Barrier_Algorithm=0;CPXPARAM_Barrier_ColNonzeros=0;CPXPARAM_Barrier_Crossover=0;CPXPARAM_Barrier_Limits_Corrections=-1;CPXPARAM_Barrier_Ordering=0;CPXPARAM_Barrier_StartAlg=1;CPXPARAM_Emphasis_MIP=0;CPXPARAM_Emphasis_Memory=0;CPXPARAM_Emphasis_Numerical=0;CPXPARAM_Feasopt_Mode=0;CPXPARAM_LPMethod=0;CPXPARAM_MIP_Cuts_Cliques=0;CPXPARAM_MIP_Cuts_Covers=3;CPXPARAM_MIP_Cuts_Disjunctive=1;CPXPARAM_MIP_Cuts_FlowCovers=1;CPXPARAM_MIP_Cuts_GUBCovers=1;CPXPARAM_MIP_Cuts_Gomory=1;CPXPARAM_MIP_Cuts_Implied=1;CPXPARAM_MIP_Cuts_MIRCut=0;CPXPARAM_MIP_Cuts_PathCut=-1;CPXPARAM_MIP_Limits_AggForCut=1;CPXPARAM_MIP_Limits_CutPasses=0;CPXPARAM_MIP_Limits_CutsFactor=-1;CPXPARAM_MIP_Limits_GomoryCand=400;CPXPARAM_MIP_Limits_GomoryPass=0;CPXPARAM_MIP_Limits_Nodes=9223372036800000000;CPXPARAM_MIP_Limits_ProbeTime=1e+75;CPXPARAM_MIP_Limits_RepairTries=0;CPXPARAM_MIP_Limits_StrongCand=10;CPXPARAM_MIP_Limits_StrongIt=0;CPXPARAM_MIP_OrderType=0;CPXPARAM_MIP_Strategy_BBInterval=7;CPXPARAM_MIP_Strategy_Branch=0;CPXPARAM_MIP_Strategy_Dive=0;CPXPARAM_MIP_Strategy_File=1;CPXPARAM_MIP_Strategy_HeuristicFreq=0;CPXPARAM_MIP_Strategy_LBHeur=0;CPXPARAM_MIP_Strategy_NodeSelect=0;CPXPARAM_MIP_Strategy_Order=1;CPXPARAM_MIP_Strategy_PresolveNode=3;CPXPARAM_MIP_Strategy_Probe=-1;CPXPARAM_MIP_Strategy_RINSHeur=0;CPXPARAM_MIP_Strategy_StartAlgorithm=0;CPXPARAM_MIP_Strategy_SubAlgorithm=0;CPXPARAM_MIP_Strategy_VariableSelect=1;CPXPARAM_Network_NetFind=2;CPXPARAM_Network_Pricing=0;CPXPARAM_Parallel=1;CPXPARAM_Preprocessing_Aggregator=-1;CPXPARAM_Preprocessing_BoundStrength=-1;CPXPARAM_Preprocessing_CoeffReduce=-1;CPXPARAM_Preprocessing_Dependency=-1;CPXPARAM_Preprocessing_Dual=0;CPXPARAM_Preprocessing_Fill=40;CPXPARAM_Preprocessing_NumPass=-1;CPXPARAM_Preprocessing_Presolve=1;CPXPARAM_Preprocessing_QPMakePSD=1;CPXPARAM_Preprocessing_Reduce=1;CPXPARAM_Preprocessing_Relax=-1;CPXPARAM_Preprocessing_RepeatPresolve=-1;CPXPARAM_Preprocessing_Symmetry=-1;CPXPARAM_Read_Scale=1;CPXPARAM_Sifting_Algorithm=0;CPXPARAM_Simplex_Crash=1;CPXPARAM_Simplex_DGradient=0;CPXPARAM_Simplex_Limits_Perturbation=0;CPXPARAM_Simplex_Limits_Singularity=10;CPXPARAM_Simplex_PGradient=0;CPXPARAM_Simplex_Pricing=0;CPXPARAM_Simplex_Refactor=0
7136523654763115165,0,CPXPARAM_Advance=1;CPXPARAM_Barrier_Algorithm=0;CPXPARAM_Barrier_ColNonzeros=0;CPXPARAM_Barrier_Crossover=0;CPXPARAM_Barrier_Limits_Corrections=-1;CPXPARAM_Barrier_Ordering=0;CPXPARAM_Barrier_StartAlg=1;CPXPARAM_Emphasis_MIP=0;CPXPARAM_Emphasis_Memory=0;CPXPARAM_Emphasis_Numerical=0;CPXPARAM_Feasopt_Mode=0;CPXPARAM_LPMethod=0;CPXPARAM_MIP_Cuts_Cliques=-1;CPXPARAM_MIP_Cuts_Covers=-1;CPXPARAM_MIP_Cuts_Disjunctive=1;CPXPARAM_MIP_Cuts_FlowCovers=0;CPXPARAM_MIP_Cuts_GUBCovers=0;CPXPARAM_MIP_Cuts_Gomory=-1;CPXPARAM_MIP_Cuts_Implied=2;CPXPARAM_MIP_Cuts_MIRCut=-1;CPXPARAM_MIP_Cuts_PathCut=-1;CPXPARAM_MIP_Limits_AggForCut=3;CPXPARAM_MIP_Limits_CutPasses=0;CPXPARAM_MIP_Limits_CutsFactor=-1;CPXPARAM_MIP_Limits_GomoryCand=400;CPXPARAM_MIP_Limits_GomoryPass=0;CPXPARAM_MIP_Limits_Nodes=9223372036800000000;CPXPARAM_MIP_Limits_ProbeTime=1e+75;CPXPARAM_MIP_Limits_RepairTries=0;CPXPARAM_MIP_Limits_StrongCand=10;CPXPARAM_MIP_Limits_StrongIt=0;CPXPARAM_MIP_OrderType=0;CPXPARAM_MIP_Strategy_BBInterval=7;CPXPARAM_MIP_Strategy_Branch=0;CPXPARAM_MIP_Strategy_Dive=0;CPXPARAM_MIP_Strategy_File=1;CPXPARAM_MIP_Strategy_HeuristicFreq=0;CPXPARAM_MIP_Strategy_LBHeur=0;CPXPARAM_MIP_Strategy_NodeSelect=2;CPXPARAM_MIP_Strategy_Order=1;CPXPARAM_MIP_Strategy_PresolveNode=1;CPXPARAM_MIP_Strategy_Probe=2;CPXPARAM_MIP_Strategy_RINSHeur=0;CPXPARAM_MIP_Strategy_StartAlgorithm=0;CPXPARAM_MIP_Strategy_SubAlgorithm=3;CPXPARAM_MIP_Strategy_VariableSelect=1;CPXPARAM_Network_NetFind=2;CPXPARAM_Network_Pricing=0;CPXPARAM_Parallel=1;CPXPARAM_Preprocessing_Aggregator=-1;CPXPARAM_Preprocessing_BoundStrength=-1;CPXPARAM_Preprocessing_CoeffReduce=-1;CPXPARAM_Preprocessing_Dependency=-1;CPXPARAM_Preprocessing_Dual=0;CPXPARAM_Preprocessing_Fill=10;CPXPARAM_Preprocessing_NumPass=-1;CPXPARAM_Preprocessing_Presolve=1;CPXPARAM_Preprocessing_QPMakePSD=1;CPXPARAM_Preprocessing_Reduce=3;CPXPARAM_Preprocessing_Relax=-1;CPXPARAM_Preprocessing_RepeatPresolve=-1;CPXPARAM_Preprocessing_Symmetry=-1;CPXPARAM_Read_Scale=0;CPXPARAM_Sifting_Algorithm=0;CPXPARAM_Simplex_Crash=1;CPXPARAM_Simplex_DGradient=0;CPXPARAM_Simplex_Limits_Perturbation=0;CPXPARAM_Simplex_Limits_Singularity=10;CPXPARAM_Simplex_PGradient=0;CPXPARAM_Simplex_Pricing=0;CPXPARAM_Simplex_Refactor=0
602678871313443697,0,CPXPARAM_Advance=1;CPXPARAM_Barrier_Algorithm=0;CPXPARAM_Barrier_ColNonzeros=0;CPXPARAM_Barrier_Crossover=0;CPXPARAM_Barrier_Limits_Corrections=-1;CPXPARAM_Barrier_Ordering=0;CPXPARAM_Barrier_StartAlg=1;CPXPARAM_Emphasis_MIP=4;CPXPARAM_Emphasis_Memory=0;CPXPARAM_Emphasis_Numerical=0;CPXPARAM_Feasopt_Mode=0;CPXPARAM_LPMethod=0;CPXPARAM_MIP_Cuts_Cliques=-1;CPXPARAM_MIP_Cuts_Covers=0;CPXPARAM_MIP_Cuts_Disjunctive=-1;CPXPARAM_MIP_Cuts_FlowCovers=1;CPXPARAM_MIP_Cuts_GUBCovers=0;CPXPARAM_MIP_Cuts_Gomory=2;CPXPARAM_MIP_Cuts_Implied=0;CPXPARAM_MIP_Cuts_MIRCut=1;CPXPARAM_MIP_Cuts_PathCut=0;CPXPARAM_MIP_Limits_AggForCut=3;CPXPARAM_MIP_Limits_CutPasses=0;CPXPARAM_MIP_Limits_CutsFactor=-1;CPXPARAM_MIP_Limits_GomoryCand=150;CPXPARAM_MIP_Limits_GomoryPass=0;CPXPARAM_MIP_Limits_Nodes=9223372036800000000;CPXPARAM_MIP_Limits_ProbeTime=1e+75;CPXPARAM_MIP_Limits_RepairTries=0;CPXPARAM_MIP_Limits_StrongCand=10;CPXPARAM_MIP_Limits_StrongIt=0;CPXPARAM_MIP_OrderType=0;CPXPARAM_MIP_Strategy_BBInterval=7;CPXPARAM_MIP_Strategy_Branch=0;CPXPARAM_MIP_Strategy_Dive=0;CPXPARAM_MIP_Strategy_File=1;CPXPARAM_MIP_Strategy_HeuristicFreq=0;CPXPARAM_MIP_Strategy_LBHeur=0;CPXPARAM_MIP_Strategy_NodeSelect=1;CPXPARAM_MIP_Strategy_Order=1;CPXPARAM_MIP_Strategy_PresolveNode=0;CPXPARAM_MIP_Strategy_Probe=0;CPXPARAM_MIP_Strategy_RINSHeur=0;CPXPARAM_MIP_Strategy_StartAlgorithm=0;CPXPARAM_MIP_Strategy_SubAlgorithm=0;CPXPARAM_MIP_Strategy_VariableSelect=0;CPXPARAM_Network_NetFind=2;CPXPARAM_Network_Pricing=0;CPXPARAM_Parallel=1;CPXPARAM_Preprocessing_Aggregator=-1;CPXPARAM_Preprocessing_BoundStrength=-1;CPXPARAM_Preprocessing_CoeffReduce=-1;CPXPARAM_Preprocessing_Dependency=-1;CPXPARAM_Preprocessing_Dual=0;CPXPARAM_Preprocessing_Fill=10;CPXPARAM_Preprocessing_NumPass=-1;CPXPARAM_Preprocessing_Presolve=1;CPXPARAM_Preprocessing_QPMakePSD=1;CPXPARAM_Preprocessing_Reduce=3;CPXPARAM_Preprocessing_Relax=-1;CPXPARAM_Preprocessing_RepeatPresolve=-1;CPXPARAM_Preprocessing_Symmetry=-1;CPXPARAM_Read_Scale=0;CPXPARAM_Sifting_Algorithm=0;CPXPARAM_Simplex_Crash=1;CPXPARAM_Simplex_DGradient=0;CPXPARAM_Simplex_Limits_Perturbation=0;CPXPARAM_Simplex_Limits_Singularity=10;CPXPARAM_Simplex_PGradient=0;CPXPARAM_Simplex_Pricing=0;CPXPARAM_Simplex_Refactor=0
8470812550229973990,0,CPXPARAM_Advance=1;CPXPARAM_Barrier_Algorithm=0;CPXPARAM_Barrier_ColNonzeros=0;CPXPARAM_Barrier_Crossover=0;CPXPARAM_Barrier_Limits_Corrections=-1;CPXPARAM_Barrier_Ordering=0;CPXPARAM_Barrier_StartAlg=1;CPXPARAM_Emphasis_MIP=3;CPXPARAM_Emphasis_Memory=0;CPXPARAM_Emphasis_Numerical=0;CPXPARAM_Feasopt_Mode=0;CPXPARAM_LPMethod=0;CPXPARAM_MIP_Cuts_Cliques=-1;CPXPARAM_MIP_Cuts_Covers=0;CPXPARAM_MIP_Cuts_Disjunctive=-1;CPXPARAM_MIP_Cuts_FlowCovers=-1;CPXPARAM_MIP_Cuts_GUBCovers=2;CPXPARAM_MIP_Cuts_Gomory=2;CPXPARAM_MIP_Cuts_Implied=0;CPXPARAM_MIP_Cuts_MIRCut=1;CPXPARAM_MIP_Cuts_PathCut=-1;CPXPARAM_MIP_Limits_AggForCut=3;CPXPARAM_MIP_Limits_CutPasses=0;CPXPARAM_MIP_Limits_CutsFactor=-1;CPXPARAM_MIP_Limits_GomoryCand=25;CPXPARAM_MIP_Limits_GomoryPass=0;CPXPARAM_MIP_Limits_Nodes=9223372036800000000;CPXPARAM_MIP_Limits_ProbeTime=1e+75;CPXPARAM_MIP_Limits_RepairTries=0;CPXPARAM_MIP_Limits_StrongCand=10;CPXPARAM_MIP_Limits_StrongIt=0;CPXPARAM_MIP_OrderType=0;CPXPARAM_MIP_Strategy_BBInterval=7;CPXPARAM_MIP_Strategy_Branch=0;CPXPARAM_MIP_Strategy_Dive=0;CPXPARAM_MIP_Strategy_File=1;CPXPARAM_MIP_Strategy_HeuristicFreq=0;CPXPARAM_MIP_Strategy_LBHeur=0;CPXPARAM_MIP_Strategy_NodeSelect=1;CPXPARAM_MIP_Strategy_Order=1;CPXPARAM_MIP_Strategy_PresolveNode=0;CPXPARAM_MIP_Strategy_Probe=0;CPXPARAM_MIP_Strategy_RINSHeur=0;CPXPARAM_MIP_Strategy_StartAlgorithm=0;CPXPARAM_MIP_Strategy_SubAlgorithm=0;CPXPARAM_MIP_Strategy_VariableSelect=0;CPXPARAM_Network_NetFind=2;CPXPARAM_Network_Pricing=0;CPXPARAM_Parallel=1;CPXPARAM_Preprocessing_Aggregator=-1;CPXPARAM_Preprocessing_BoundStrength=-1;CPXPARAM_Preprocessing_CoeffReduce=-1;CPXPARAM_Preprocessing_Dependency=-1;CPXPARAM_Preprocessing_Dual=0;CPXPARAM_Preprocessing_Fill=10;CPXPARAM_Preprocessing_NumPass=-1;CPXPARAM_Preprocessing_Presolve=1;CPXPARAM_Preprocessing_QPMakePSD=1;CPXPARAM_Preprocessing_Reduce=3;CPXPARAM_Preprocessing_Relax=-1;CPXPARAM_Preprocessing_RepeatPresolve=-1;CPXPARAM_Preprocessing_Symmetry=-1;CPXPARAM_Read_Scale=0;CPXPARAM_Sifting_Algorithm=0;CPXPARAM_Simplex_Crash=1;CPXPARAM_Simplex_DGradient=0;CPXPARAM_Simplex_Limits_Perturbation=0;CPXPARAM_Simplex_Limits_Singularity=10;CPXPARAM_Simplex_PGradient=0;CPXPARAM_Simplex_Pricing=0;CPXPARAM_Simplex_Refactor=0
13529026802212699359,0,CPXPARAM_Advance=1;CPXPARAM_Barrier_Algorithm=0;CPXPARAM_Barrier_ColNonzeros=0;CPXPARAM_Barrier_Crossover=0;CPXPARAM_Barrier_Limits_Corrections=-1;CPXPARAM_Barrier_Ordering=0;CPXPARAM_Barrier_StartAlg=1;CPXPARAM_Emphasis_MIP=3;CPXPARAM_Emphasis_Memory=0;CPXPARAM_Emphasis_Numerical=0;CPXPARAM_Feasopt_Mode=0;CPXPARAM_LPMethod=0;CPXPARAM_MIP_Cuts_Cliques=1;CPXPARAM_MIP_Cuts_Covers=0;CPXPARAM_MIP_Cuts_Disjunctive=1;CPXPARAM_MIP_Cuts_FlowCovers=-1;CPXPARAM_MIP_Cuts_GUBCovers=0;CPXPARAM_MIP_Cuts_Gomory=-1;CPXPARAM_MIP_Cuts_Implied=-1;CPXPARAM_MIP_Cuts_MIRCut=-1;CPXPARAM_MIP_Cuts_PathCut=-1;CPXPARAM_MIP_Limits_AggForCut=3;CPXPARAM_MIP_Limits_CutPasses=0;CPXPARAM_MIP_Limits_CutsFactor=-1;CPXPARAM_MIP_Limits_GomoryCand=200;CPXPARAM_MIP_Limits_GomoryPass=0;CPXPARAM_MIP_Limits_Nodes=9223372036800000000;CPXPARAM_MIP_Limits_ProbeTime=1e+75;CPXPARAM_MIP_Limits_RepairTries=0;CPXPARAM_MIP_Limits_StrongCand=10;CPXPARAM_MIP_Limits_StrongIt=0;CPXPARAM_MIP_OrderType=0;CPXPARAM_MIP_Strategy_BBInterval=7;CPXPARAM_MIP_Strategy_Branch=0;CPXPARAM_MIP_Strategy_Dive=0;CPXPARAM_MIP_Strategy_File=1;CPXPARAM_MIP_Strategy_HeuristicFreq=0;CPXPARAM_MIP_Strategy_LBHeur=0;CPXPARAM_MIP_Strategy_NodeSelect=1;CPXPARAM_MIP_Strategy_Order=1;CPXPARAM_MIP_Strategy_PresolveNode=0;CPXPARAM_MIP_Strategy_Probe=0;CPXPARAM_MIP_Strategy_RINSHeur=0;CPXPARAM_MIP_Strategy_StartAlgorithm=0;CPXPARAM_MIP_Strategy_SubAlgorithm=0;CPXPARAM_MIP_Strategy_VariableSelect=0;CPXPARAM_Network_NetFind=2;CPXPARAM_Network_Pricing=0;CPXPARAM_Parallel=1;CPXPARAM_Preprocessing_Aggregator=-1;CPXPARAM_Preprocessing_BoundStrength=-1;CPXPARAM_Preprocessing_CoeffReduce=-1;CPXPARAM_Preprocessing_Dependency=-1;CPXPARAM_Preprocessing_Dual=0;CPXPARAM_Preprocessing_Fill=10;CPXPARAM_Preprocessing_NumPass=-1;CPXPARAM_Preprocessing_Presolve=1;CPXPARAM_Preprocessing_QPMakePSD=1;CPXPARAM_Preprocessing_Reduce=3;CPXPARAM_Preprocessing_Relax=-1;CPXPARAM_Preprocessing_RepeatPresolve=-1;CPXPARAM_Preprocessing_Symmetry=-1;CPXPARAM_Read_Scale=0;CPXPARAM_Sifting_Algorithm=0;CPXPARAM_Simplex_Crash=1;CPXPARAM_Simplex_DGradient=0;CPXPARAM_Simplex_Limits_Perturbation=0;CPXPARAM_Simplex_Limits_Singularity=10;CPXPARAM_Simplex_PGradient=0;CPXPARAM_Simplex_Pricing=0;CPXPARAM_Simplex_Refactor=0
14793418094280085276,0,CPXPARAM_Advance=1;CPXPARAM_Barrier_Algorithm=0;CPXPARAM_Barrier_ColNonzeros=0;CPXPARAM_Barrier_Crossover=0;CPXPARAM_Barrier_Limits_Corrections=-1;CPXPARAM_Barrier_Ordering=0;CPXPARAM_Barrier_StartAlg=1;CPXPARAM_Emphasis_MIP=0;CPXPARAM_Emphasis_Memory=0;CPXPARAM_Emphasis_Numerical=0;CPXPARAM_Feasopt_Mode=0;CPXPARAM_LPMethod=0;CPXPARAM_MIP_Cuts_Cliques=2;CPXPARAM_MIP_Cuts_Covers=-1;CPXPARAM_MIP_Cuts_Disjunctive=-1;CPXPARAM_MIP_Cuts_FlowCovers=-1;CPXPARAM_MIP_Cuts_GUBCovers=0;CPXPARAM_MIP_Cuts_Gomory=0;CPXPARAM_MIP_Cuts_Implied=2;CPXPARAM_MIP_Cuts_MIRCut=2;CPXPARAM_MIP_Cuts_PathCut=-1;CPXPARAM_MIP_Limits_AggForCut=3;CPXPARAM_MIP_Limits_CutPasses=0;CPXPARAM_MIP_Limits_CutsFactor=-1;CPXPARAM_MIP_Limits_GomoryCand=100;CPXPARAM_MIP_Limits_GomoryPass=0;CPXPARAM_MIP_Limits_Nodes=9223372036800000000;CPXPARAM_MIP_Limits_ProbeTime=1e+75;CPXPARAM_MIP_Limits_RepairTries=0;CPXPARAM_MIP_Limits_StrongCand=10;CPXPARAM_MIP_Limits_StrongIt=0;CPXPARAM_MIP_OrderType=0;CPXPARAM_MIP_Strategy_BBInterval=7;CPXPARAM_MIP_Strategy_Branch=-1;CPXPARAM_MIP_Strategy_Dive=0;CPXPARAM_MIP_Strategy_File=1;CPXPARAM_MIP_Strategy_HeuristicFreq=0;CPXPARAM_MIP_Strategy_LBHeur=0;CPXPARAM_MIP_Strategy_NodeSelect=0;CPXPARAM_MIP_Strategy_Order=1;CPXPARAM_MIP_Strategy_PresolveNode=1;CPXPARAM_MIP_Strategy_Probe=-1;CPXPARAM_MIP_Strategy_RINSHeur=0;CPXPARAM_MIP_Strategy_StartAlgorithm=0;CPXPARAM_MIP_Strategy_SubAlgorithm=0;CPXPARAM_MIP_Strategy_VariableSelect=4;CPXPARAM_Network_NetFind=2;CPXPARAM_Network_Pricing=0;CPXPARAM_Parallel=1;CPXPARAM_Preprocessing_Aggregator=-1;CPXPARAM_Preprocessing_BoundStrength=-1;CPXPARAM_Preprocessing_CoeffReduce=-1;CPXPARAM_Preprocessing_Dependency=-1;CPXPARAM_Preprocessing_Dual=0;CPXPARAM_Preprocessing_Fill=20;CPXPARAM_Preprocessing_NumPass=-1;CPXPARAM_Preprocessing_Presolve=1;CPXPARAM_Preprocessing_QPMakePSD=1;CPXPARAM_Preprocessing_Reduce=2;CPXPARAM_Preprocessing_Relax=-1;CPXPARAM_Preprocessing_RepeatPresolve=-1;CPXPARAM_Preprocessing_Symmetry=-1;CPXPARAM_Read_Scale=-1;CPXPARAM_Sifting_Algorithm=0;CPXPARAM_Simplex_Crash=1;CPXPARAM_Simplex_DGradient=0;CPXPARAM_Simplex_Limits_Perturbation=0;CPXPARAM_Simplex_Limits_Singularity=10;CPXPARAM_Simplex_PGradient=0;CPXPARAM_Simplex_Pricing=0;CPXPARAM_Simplex_Refactor=0
1862954107204429403,0,CPXPARAM_Advance=1;CPXPARAM_Barrier_Algorithm=0;CPXPARAM_Barrier_ColNonzeros=0;CPXPARAM_Barrier_Crossover=0;CPXPARAM_Barrier_Limits_Corrections=-1;CPXPARAM_Barrier_Ordering=0;CPXPARAM_Barrier_StartAlg=1;CPXPARAM_Emphasis_MIP=5;CPXPARAM_Emphasis_Memory=0;CPXPARAM_Emphasis_Numerical=0;CPXPARAM_Feasopt_Mode=0;CPXPARAM_LPMethod=0;CPXPARAM_MIP_Cuts_Cliques=0;CPXPARAM_MIP_Cuts_Covers=0;CPXPARAM_MIP_Cuts_Disjunctive=-1;CPXPARAM_MIP_Cuts_FlowCovers=-1;CPXPARAM_MIP_Cuts_GUBCovers=1;CPXPARAM_MIP_Cuts_Gomory=-1;CPXPARAM_MIP_Cuts_Implied=1;CPXPARAM_MIP_Cuts_MIRCut=2;CPXPARAM_MIP_Cuts_PathCut=0;CPXPARAM_MIP_Limits_AggForCut=3;CPXPARAM_MIP_Limits_CutPasses=0;CPXPARAM_MIP_Limits_CutsFactor=-1;CPXPARAM_MIP_Limits_GomoryCand=400;CPXPARAM_MIP_Limits_GomoryPass=0;CPXPARAM_MIP_Limits_Nodes=9223372036800000000;CPXPARAM_MIP_Limits_ProbeTime=1e+75;CPXPARAM_MIP_Limits_RepairTries=0;CPXPARAM_MIP_Limits_StrongCand=10;CPXPARAM_MIP_Limits_StrongIt=0;CPXPARAM_MIP_OrderType=3;CPXPARAM_MIP_Strategy_BBInterval=7;CPXPARAM_MIP_Strategy_Branch=-1;CPXPARAM_MIP_Strategy_Dive=0;CPXPARAM_MIP_Strategy_File=1;CPXPARAM_MIP_Strategy_HeuristicFreq=0;CPXPARAM_MIP_Strategy_LBHeur=0;CPXPARAM_MIP_Strategy_NodeSelect=0;CPXPARAM_MIP_Strategy_Order=1;CPXPARAM_MIP_Strategy_PresolveNode=1;CPXPARAM_MIP_Strategy_Probe=1;CPXPARAM_MIP_Strategy_RINSHeur=0;CPXPARAM_MIP_Strategy_StartAlgorithm=0;CPXPARAM_MIP_Strategy_SubAlgorithm=0;CPXPARAM_MIP_Strategy_VariableSelect=-1;CPXPARAM_Network_NetFind=2;CPXPARAM_Network_Pricing=0;CPXPARAM_Parallel=1;CPXPARAM_Preprocessing_Aggregator=-1;CPXPARAM_Preprocessing_BoundStrength=-1;CPXPARAM_Preprocessing_CoeffReduce=-1;CPXPARAM_Preprocessing_Dependency=-1;CPXPARAM_Preprocessing_Dual=0;CPXPARAM_Preprocessing_Fill=10;CPXPARAM_Preprocessing_NumPass=-1;CPXPARAM_Preprocessing_Presolve=1;CPXPARAM_Preprocessing_QPMakePSD=1;CPXPARAM_Preprocessing_Reduce=0;CPXPARAM_Preprocessing_Relax=-1;CPXPARAM_Preprocessing_RepeatPresolve=-1;CPXPARAM_Preprocessing_Symmetry=-1;CPXPARAM_Read_Scale=0;CPXPARAM_Sifting_Algorithm=0;CPXPARAM_Simplex_Crash=1;CPXPARAM_Simplex_DGradient=0;CPXPARAM_Simplex_Limits_Perturbation=0;CPXPARAM_Simplex_Limits_Singularity=10;CPXPARAM_Simplex_PGradient=0;CPXPARAM_Simplex_Pricing=0;CPXPARAM_Simplex_Refactor=0
6873673590488896539,0,CPXPARAM_Advance=1;CPXPARAM_Barrier_Algorithm=0;CPXPARAM_Barrier_ColNonzeros=0;CPXPARAM_Barrier_Crossover=0;CPXPARAM_Barrier_Limits_Corrections=-1;CPXPARAM_Barrier_Ordering=0;CPXPARAM_Barrier_StartAlg=1;CPXPARAM_Emphasis_MIP=0;CPXPARAM_Emphasis_Memory=0;CPXPARAM_Emphasis_Numerical=0;CPXPARAM_Feasopt_Mode=0;CPXPARAM_LPMethod=0;CPXPARAM_MIP_Cuts_Cliques=2;CPXPARAM_MIP_Cuts_Covers=1;CPXPARAM_MIP_Cuts_Disjunctive=-1;CPXPARAM_MIP_Cuts_FlowCovers=0;CPXPARAM_MIP_Cuts_GUBCovers=1;CPXPARAM_MIP_Cuts_Gomory=0;CPXPARAM_MIP_Cuts_Implied=2;CPXPARAM_MIP_Cuts_MIRCut=-1;CPXPARAM_MIP_Cuts_PathCut=1;CPXPARAM_MIP_Limits_AggForCut=3;CPXPARAM_MIP_Limits_CutPasses=0;CPXPARAM_MIP_Limits_CutsFactor=-1;CPXPARAM_MIP_Limits_GomoryCand=50;CPXPARAM_MIP_Limits_GomoryPass=0;CPXPARAM_MIP_Limits_Nodes=9223372036800000000;CPXPARAM_MIP_Limits_ProbeTime=1e+75;CPXPARAM_MIP_Limits_RepairTries=0;CPXPARAM_MIP_Limits_StrongCand=10;CPXPARAM_MIP_Limits_StrongIt=0;CPXPARAM_MIP_OrderType=0;CPXPARAM_MIP_Strategy_BBInterval=7;CPXPARAM_MIP_Strategy_Branch=-1;CPXPARAM_MIP_Strategy_Dive=0;CPXPARAM_MIP_Strategy_File=1;CPXPARAM_MIP_Strategy_HeuristicFreq=0;CPXPARAM_MIP_Strategy_LBHeur=0;CPXPARAM_MIP_Strategy_NodeSelect=3;CPXPARAM_MIP_Strategy_Order=1;CPXPARAM_MIP_Strategy_PresolveNode=2;CPXPARAM_MIP_Strategy_Probe=0;CPXPARAM_MIP_Strategy_RINSHeur=0;CPXPARAM_MIP_Strategy_StartAlgorithm=0;CPXPARAM_MIP_Strategy_SubAlgorithm=0;CPXPARAM_MIP_Strategy_VariableSelect=1;CPXPARAM_Network_NetFind=2;CPXPARAM_Network_Pricing=0;CPXPARAM_Parallel=1;CPXPARAM_Preprocessing_Aggregator=-1;CPXPARAM_Preprocessing_BoundStrength=-1;CPXPARAM_Preprocessing_CoeffReduce=-1;CPXPARAM_Preprocessing_Dependency=-1;CPXPARAM_Preprocessing_Dual=0;CPXPARAM_Preprocessing_Fill=10;CPXPARAM_Preprocessing_NumPass=-1;CPXPARAM_Preprocessing_Presolve=1;CPXPARAM_Preprocessing_QPMakePSD=1;CPXPARAM_Preprocessing_Reduce=3;CPXPARAM_Preprocessing_Relax=-1;CPXPARAM_Preprocessing_RepeatPresolve=-1;CPXPARAM_Preprocessing_Symmetry=-1;CPXPARAM_Read_Scale=0;CPXPARAM_Sifting_Algorithm=0;CPXPARAM_Simplex_Crash=1;CPXPARAM_Simplex_DGradient=0;CPXPARAM_Simplex_Limits_Perturbation=0;CPXPARAM_Simplex_Limits_Singularity=10;CPXPARAM_Simplex_PGradient=0;CPXPARAM_Simplex_Pricing=0;CPXPARAM_Simplex_Refactor=0
4088171097450788240,0,CPXPARAM_Advance=1;CPXPARAM_Barrier_Algorithm=0;CPXPARAM_Barrier_ColNonzeros=0;CPXPARAM_Barrier_Crossover=0;CPXPARAM_Barrier_Limits_Corrections=-1;CPXPARAM_Barrier_Ordering=0;CPXPARAM_Barrier_StartAlg=1;CPXPARAM_Emphasis_MIP=3;CPXPARAM_Emphasis_Memory=0;CPXPARAM_Emphasis_Numerical=0;CPXPARAM_Feasopt_Mode=0;CPXPARAM_LPMethod=0;CPXPARAM_MIP_Cuts_Cliques=0;CPXPARAM_MIP_Cuts_Covers=3;CPXPARAM_MIP_Cuts_Disjunctive=-1;CPXPARAM_MIP_Cuts_FlowCovers=-1;CPXPARAM_MIP_Cuts_GUBCovers=0;CPXPARAM_MIP_Cuts_Gomory=0;CPXPARAM_MIP_Cuts_Implied=1;CPXPARAM_MIP_Cuts_MIRCut=0;CPXPARAM_MIP_Cuts_PathCut=2;CPXPARAM_MIP_Limits_AggForCut=1;CPXPARAM_MIP_Limits_CutPasses=0;CPXPARAM_MIP_Limits_CutsFactor=-1;CPXPARAM_MIP_Limits_GomoryCand=50;CPXPARAM_MIP_Limits_GomoryPass=0;CPXPARAM_MIP_Limits_Nodes=9223372036800000000;CPXPARAM_MIP_Limits_ProbeTime=1e+75;CPXPARAM_MIP_Limits_RepairTries=0;CPXPARAM_MIP_Limits_StrongCand=10;CPXPARAM_MIP_Limits_StrongIt=0;CPXPARAM_MIP_OrderType=0;CPXPARAM_MIP_Strategy_BBInterval=7;CPXPARAM_MIP_Strategy_Branch=1;CPXPARAM_MIP_Strategy_Dive=0;CPXPARAM_MIP_Strategy_File=1;CPXPARAM_MIP_Strategy_HeuristicFreq=0;CPXPARAM_MIP_Strategy_LBHeur=0;CPXPARAM_MIP_Strategy_NodeSelect=0;CPXPARAM_MIP_Strategy_Order=1;CPXPARAM_MIP_Strategy_PresolveNode=3;CPXPARAM_MIP_Strategy_Probe=3;CPXPARAM_MIP_Strategy_RINSHeur=0;CPXPARAM_MIP_Strategy_StartAlgorithm=0;CPXPARAM_MIP_Strategy_SubAlgorithm=0;CPXPARAM_MIP_Strategy_VariableSelect=2;CPXPARAM_Network_NetFind=2;CPXPARAM_Network_Pricing=0;CPXPARAM_Parallel=1;CPXPARAM_Preprocessing_Aggregator=-1;CPXPARAM_Preprocessing_BoundStrength=-1;CPXPARAM_Preprocessing_CoeffReduce=-1;CPXPARAM_Preprocessing_Dependency=-1;CPXPARAM_Preprocessing_Dual=0;CPXPARAM_Preprocessing_Fill=5;CPXPARAM_Preprocessing_NumPass=-1;CPXPARAM_Preprocessing_Presolve=1;CPXPARAM_Preprocessing_QPMakePSD=1;CPXPARAM_Preprocessing_Reduce=3;CPXPARAM_Preprocessing_Relax=-1;CPXPARAM_Preprocessing_RepeatPresolve=-1;CPXPARAM_Preprocessing_Symmetry=-1;CPXPARAM_Read_Scale=0;CPXPARAM_Sifting_Algorithm=0;CPXPARAM_Simplex_Crash=1;CPXPARAM_Simplex_DGradient=0;CPXPARAM_Simplex_Limits_Perturbation=0;CPXPARAM_Simplex_Limits_Singularity=10;CPXPARAM_Simplex_PGradient=0;CPXPARAM_Simplex_Pricing=0;CPXPARAM_Simplex_Refactor=0
4913247082137872681,0,CPXPARAM_Advance=1;CPXPARAM_Barrier_Algorithm=0;CPXPARAM_Barrier_ColNonzeros=0;CPXPARAM_Barrier_Crossover=0;CPXPARAM_Barrier_Limits_Corrections=-1;CPXPARAM_Barrier_Ordering=0;CPXPARAM_Barrier_StartAlg=1;CPXPARAM_Emphasis_MIP=5;CPXPARAM_Emphasis_Memory=0;CPXPARAM_Emphasis_Numerical=0;CPXPARAM_Feasopt_Mode=0;CPXPARAM_LPMethod=0;CPXPARAM_MIP_Cuts_Cliques=1;CPXPARAM_MIP_Cuts_Covers=3;CPXPARAM_MIP_Cuts_Disjunctive=1;CPXPARAM_MIP_Cuts_FlowCovers=2;CPXPARAM_MIP_Cuts_GUBCovers=-1;CPXPARAM_MIP_Cuts_Gomory=-1;CPXPARAM_MIP_Cuts_Implied=2;CPXPARAM_MIP_Cuts_MIRCut=-1;CPXPARAM_MIP_Cuts_PathCut=-1;CPXPARAM_MIP_Limits_AggForCut=3;CPXPARAM_MIP_Limits_CutPasses=0;CPXPARAM_MIP_Limits_CutsFactor=-1;CPXPARAM_MIP_Limits_GomoryCand=50;CPXPARAM_MIP_Limits_GomoryPass=0;CPXPARAM_MIP_Limits_Nodes=9223372036800000000;CPXPARAM_MIP_Limits_ProbeTime=1e+75;CPXPARAM_MIP_Limits_RepairTries=0;CPXPARAM_MIP_Limits_StrongCand=10;CPXPARAM_MIP_Limits_StrongIt=0;CPXPARAM_MIP_OrderType=0;CPXPARAM_MIP_Strategy_BBInterval=7;CPXPARAM_MIP_Strategy_Branch=1;CPXPARAM_MIP_Strategy_Dive=0;CPXPARAM_MIP_Strategy_File=1;CPXPARAM_MIP_Strategy_HeuristicFreq=0;CPXPARAM_MIP_Strategy_LBHeur=0;CPXPARAM_MIP_Strategy_NodeSelect=0;CPXPARAM_MIP_Strategy_Order=1;CPXPARAM_MIP_Strategy_PresolveNode=3;CPXPARAM_MIP_Strategy_Probe=3;CPXPARAM_MIP_Strategy_RINSHeur=0;CPXPARAM_MIP_Strategy_StartAlgorithm=0;CPXPARAM_MIP_Strategy_SubAlgorithm=0;CPXPARAM_MIP_Strategy_VariableSelect=2;CPXPARAM_Network_NetFind=2;CPXPARAM_Network_Pricing=0;CPXPARAM_Parallel=1;CPXPARAM_Preprocessing_Aggregator=-1;CPXPARAM_Preprocessing_BoundStrength=-1;CPXPARAM_Preprocessing_CoeffReduce=-1;CPXPARAM_Preprocessing_Dependency=-1;CPXPARAM_Preprocessing_Dual=0;CPXPARAM_Preprocessing_Fill=10;CPXPARAM_Preprocessing_NumPass=-1;CPXPARAM_Preprocessing_Presolve=1;CPXPARAM_Preprocessing_QPMakePSD=1;CPXPARAM_Preprocessing_Reduce=3;CPXPARAM_Preprocessing_Relax=-1;CPXPARAM_Preprocessing_RepeatPresolve=-1;CPXPARAM_Preprocessing_Symmetry=-1;CPXPARAM_Read_Scale=0;CPXPARAM_Sifting_Algorithm=0;CPXPARAM_Simplex_Crash=1;CPXPARAM_Simplex_DGradient=0;CPXPARAM_Simplex_Limits_Perturbation=0;CPXPARAM_Simplex_Limits_Singularity=10;CPXPARAM_Simplex_PGradient=0;CPXPARAM_Simplex_Pricing=0;CPXPARAM_Simplex_Refactor=0
10775638154916941353,0,CPXPARAM_Advance=1;CPXPARAM_Barrier_Algorithm=0;CPXPARAM_Barrier_ColNonzeros=0;CPXPARAM_Barrier_Crossover=0;CPXPARAM_Barrier_Limits_Corrections=-1;CPXPARAM_Barrier_Ordering=0;CPXPARAM_Barrier_StartAlg=1;CPXPARAM_Emphasis_MIP=2;CPXPARAM_Emphasis_Memory=0;CPXPARAM_Emphasis_Numerical=0;CPXPARAM_Feasopt_Mode=0;CPXPARAM_LPMethod=0;CPXPARAM_MIP_Cuts_Cliques=-1;CPXPARAM_MIP_Cuts_Covers=0;CPXPARAM_MIP_Cuts_Disjunctive=-1;CPXPARAM_MIP_Cuts_FlowCovers=2;CPXPARAM_MIP_Cuts_GUBCovers=0;CPXPARAM_MIP_Cuts_Gomory=1;CPXPARAM_MIP_Cuts_Implied=2;CPXPARAM_MIP_Cuts_MIRCut=-1;CPXPARAM_MIP_Cuts_PathCut=1;CPXPARAM_MIP_Limits_AggForCut=3;CPXPARAM_MIP_Limits_CutPasses=0;CPXPARAM_MIP_Limits_CutsFactor=-1;CPXPARAM_MIP_Limits_GomoryCand=200;CPXPARAM_MIP_Limits_GomoryPass=0;CPXPARAM_MIP_Limits_Nodes=9223372036800000000;CPXPARAM_MIP_Limits_ProbeTime=1e+75;CPXPARAM_MIP_Limits_RepairTries=0;CPXPARAM_MIP_Limits_StrongCand=10;CPXPARAM_MIP_Limits_StrongIt=0;CPXPARAM_MIP_OrderType=0;CPXPARAM_MIP_Strategy_BBInterval=7;CPXPARAM_MIP_Strategy_Branch=0;CPXPARAM_MIP_Strategy_Dive=0;CPXPARAM_MIP_Strategy_File=1;CPXPARAM_MIP_Strategy_HeuristicFreq=0;CPXPARAM_MIP_Strategy_LBHeur=0;CPXPARAM_MIP_Strategy_NodeSelect=1;CPXPARAM_MIP_Strategy_Order=1;CPXPARAM_MIP_Strategy_PresolveNode=0;CPXPARAM_MIP_Strategy_Probe=0;CPXPARAM_MIP_Strategy_RINSHeur=0;CPXPARAM_MIP_Strategy_StartAlgorithm=0;CPXPARAM_MIP_Strategy_SubAlgorithm=0;CPXPARAM_MIP_Strategy_VariableSelect=0;CPXPARAM_Network_NetFind=2;CPXPARAM_Network_Pricing=0;CPXPARAM_Parallel=1;CPXPARAM_Preprocessing_Aggregator=-1;CPXPARAM_Preprocessing_BoundStrength=-1;CPXPARAM_Preprocessing_CoeffReduce=-1;CPXPARAM_Preprocessing_Dependency=-1;CPXPARAM_Preprocessing_Dual=0;CPXPARAM_Preprocessing_Fill=10;CPXPARAM_Preprocessing_NumPass=-1;CPXPARAM_Preprocessing_Presolve=1;CPXPARAM_Preprocessing_QPMakePSD=1;CPXPARAM_Preprocessing_Reduce=3;CPXPARAM_Preprocessing_Relax=-1;CPXPARAM_Preprocessing_RepeatPresolve=-1;CPXPARAM_Preprocessing_Symmetry=-1;CPXPARAM_Read_Scale=0;CPXPARAM_Sifting_Algorithm=0;CPXPARAM_Simplex_Crash=1;CPXPARAM_Simplex_DGradient=0;CPXPARAM_Simplex_Limits_Perturbation=0;CPXPARAM_Simplex_Limits_Singularity=10;CPXPARAM_Simplex_PGradient=0;CPXPARAM_Simplex_Pricing=0;CPXPARAM_Simplex_Refactor=0
13057916840415629190,0,CPXPARAM_Advance=1;CPXPARAM_Barrier_Algorithm=0;CPXPARAM_Barrier_ColNonzeros=0;CPXPARAM_Barrier_Crossover=0;CPXPARAM_Barrier_Limits_Corrections=-1;CPXPARAM_Barrier_Ordering=0;CPXPARAM_Barrier_StartAlg=1;CPXPARAM_Emphasis_MIP=2;CPXPARAM_Emphasis_Memory=0;CPXPARAM_Emphasis_Numerical=0;CPXPARAM_Feasopt_Mode=0;CPXPARAM_LPMethod=0;CPXPARAM_MIP_Cuts_Cliques=-1;CPXPARAM_MIP_Cuts_Covers=-1;CPXPARAM_MIP_Cuts_Disjunctive=1;CPXPARAM_MIP_Cuts_FlowCovers=2;CPXPARAM_MIP_Cuts_GUBCovers=1;CPXPARAM_MIP_Cuts_Gomory=0;CPXPARAM_MIP_Cuts_Implied=-1;CPXPARAM_MIP_Cuts_MIRCut=-1;CPXPARAM_MIP_Cuts_PathCut=-1;CPXPARAM_MIP_Limits_AggForCut=3;CPXPARAM_MIP_Limits_CutPasses=0;CPXPARAM_MIP_Limits_CutsFactor=-1;CPXPARAM_MIP_Limits_GomoryCand=400;CPXPARAM_MIP_Limits_GomoryPass=0;CPXPARAM_MIP_Limits_Nodes=9223372036800000000;CPXPARAM_MIP_Limits_ProbeTime=1e+75;CPXPARAM_MIP_Limits_RepairTries=0;CPXPARAM_MIP_Limits_StrongCand=10;CPXPARAM_MIP_Limits_StrongIt=0;CPXPARAM_MIP_OrderType=0;CPXPARAM_MIP_Strategy_BBInterval=7;CPXPARAM_MIP_Strategy_Branch=0;CPXPARAM_MIP_Strategy_Dive=0;CPXPARAM_MIP_Strategy_File=1;CPXPARAM_MIP_Strategy_HeuristicFreq=0;CPXPARAM_MIP_Strategy_LBHeur=0;CPXPARAM_MIP_Strategy_NodeSelect=1;CPXPARAM_MIP_Strategy_Order=1;CPXPARAM_MIP_Strategy_PresolveNode=0;CPXPARAM_MIP_Strategy_Probe=0;CPXPARAM_MIP_Strategy_RINSHeur=0;CPXPARAM_MIP_Strategy_StartAlgorithm=0;CPXPARAM_MIP_Strategy_SubAlgorithm=0;CPXPARAM_MIP_Strategy_VariableSelect=0;CPXPARAM_Network_NetFind=2;CPXPARAM_Network_Pricing=0;CPXPARAM_Parallel=1;CPXPARAM_Preprocessing_Aggregator=-1;CPXPARAM_Preprocessing_BoundStrength=-1;CPXPARAM_Preprocessing_CoeffReduce=-1;CPXPARAM_Preprocessing_Dependency=-1;CPXPARAM_Preprocessing_Dual=0;CPXPARAM_Preprocessing_Fill=10;CPXPARAM_Preprocessing_NumPass=-1;CPXPARAM_Preprocessing_Presolve=1;CPXPARAM_Preprocessing_QPMakePSD=1;CPXPARAM_Preprocessing_Reduce=3;CPXPARAM_Preprocessing_Relax=-1;CPXPARAM_Preprocessing_RepeatPresolve=-1;CPXPARAM_Preprocessing_Symmetry=-1;CPXPARAM_Read_Scale=0;CPXPARAM_Sifting_Algorithm=0;CPXPARAM_Simplex_Crash=1;CPXPARAM_Simplex_DGradient=0;CPXPARAM_Simplex_Limits_Perturbation=0;CPXPARAM_Simplex_Limits_Singularity=10;CPXPARAM_Simplex_PGradient=0;CPXPARAM_Simplex_Pricing=0;CPXPARAM_Simplex_Refactor=0
11612858818395092698,0,CPXPARAM_Advance=1;CPXPARAM_Barrier_Algorithm=0;CPXPARAM_Barrier_ColNonzeros=0;CPXPARAM_Barrier_Crossover=0;CPXPARAM_Barrier_Limits_Corrections=-1;CPXPARAM_Barrier_Ordering=0;CPXPARAM_Barrier_StartAlg=1;CPXPARAM_Emphasis_MIP=0;CPXPARAM_Emphasis_Memory=0;CPXPARAM_Emphasis_Numerical=0;CPXPARAM_Feasopt_Mode=0;CPXPARAM_LPMethod=0;CPXPARAM_MIP_Cuts_Cliques=2;CPXPARAM_MIP_Cuts_Covers=0;CPXPARAM_MIP_Cuts_Disjunctive=1;CPXPARAM_MIP_Cuts_FlowCovers=0;CPXPARAM_MIP_Cuts_GUBCovers=1;CPXPARAM_MIP_Cuts_Gomory=0;CPXPARAM_MIP_Cuts_Implied=-1;CPXPARAM_MIP_Cuts_MIRCut=1;CPXPARAM_MIP_Cuts_PathCut=1;CPXPARAM_MIP_Limits_AggForCut=3;CPXPARAM_MIP_Limits_CutPasses=0;CPXPARAM_MIP_Limits_CutsFactor=-1;CPXPARAM_MIP_Limits_GomoryCand=400;CPXPARAM_MIP_Limits_GomoryPass=0;CPXPARAM_MIP_Limits_Nodes=9223372036800000000;CPXPARAM_MIP_Limits_ProbeTime=1e+75;CPXPARAM_MIP_Limits_RepairTries=0;CPXPARAM_MIP_Limits_StrongCand=10;CPXPARAM_MIP_Limits_StrongIt=0;CPXPARAM_MIP_OrderType=0;CPXPARAM_MIP_Strategy_BBInterval=7;CPXPARAM_MIP_Strategy_Branch=-1;CPXPARAM_MIP_Strategy_Dive=0;CPXPARAM_MIP_Strategy_File=1;CPXPARAM_MIP_Strategy_HeuristicFreq=0;CPXPARAM_MIP_Strategy_LBHeur=0;CPXPARAM_MIP_Strategy_NodeSelect=0;CPXPARAM_MIP_Strategy_Order=1;CPXPARAM_MIP_Strategy_PresolveNode=2;CPXPARAM_MIP_Strategy_Probe=0;CPXPARAM_MIP_Strategy_RINSHeur=0;CPXPARAM_MIP_Strategy_StartAlgorithm=0;CPXPARAM_MIP_Strategy_SubAlgorithm=0;CPXPARAM_MIP_Strategy_VariableSelect=1;CPXPARAM_Network_NetFind=2;CPXPARAM_Network_Pricing=0;CPXPARAM_Parallel=1;CPXPARAM_Preprocessing_Aggregator=-1;CPXPARAM_Preprocessing_BoundStrength=-1;CPXPARAM_Preprocessing_CoeffReduce=-1;CPXPARAM_Preprocessing_Dependency=-1;CPXPARAM_Preprocessing_Dual=0;CPXPARAM_Preprocessing_Fill=10;CPXPARAM_Preprocessing_NumPass=-1;CPXPARAM_Preprocessing_Presolve=1;CPXPARAM_Preprocessing_QPMakePSD=1;CPXPARAM_Preprocessing_Reduce=3;CPXPARAM_Preprocessing_Relax=-1;CPXPARAM_Preprocessing_RepeatPresolve=-1;CPXPARAM_Preprocessing_Symmetry=-1;CPXPARAM_Read_Scale=0;CPXPARAM_Sifting_Algorithm=0;CPXPARAM_Simplex_Crash=1;CPXPARAM_Simplex_DGradient=0;CPXPARAM_Simplex_Limits_Perturbation=0;CPXPARAM_Simplex_Limits_Singularity=10;CPXPARAM_Simplex_PGradient=0;CPXPARAM_Simplex_Pricing=0;CPXPARAM_Simplex_Refactor=0
8968643388374047648,0,CPXPARAM_Advance=1;CPXPARAM_Barrier_Algorithm=0;CPXPARAM_Barrier_ColNonzeros=0;CPXPARAM_Barrier_Crossover=0;CPXPARAM_Barrier_Limits_Corrections=-1;CPXPARAM_Barrier_Ordering=0;CPXPARAM_Barrier_StartAlg=1;CPXPARAM_Emphasis_MIP=4;CPXPARAM_Emphasis_Memory=0;CPXPARAM_Emphasis_Numerical=0;CPXPARAM_Feasopt_Mode=0;CPXPARAM_LPMethod=0;CPXPARAM_MIP_Cuts_Cliques=-1;CPXPARAM_MIP_Cuts_Covers=0;CPXPARAM_MIP_Cuts_Disjunctive=-1;CPXPARAM_MIP_Cuts_FlowCovers=1;CPXPARAM_MIP_Cuts_GUBCovers=0;CPXPARAM_MIP_Cuts_Gomory=-1;CPXPARAM_MIP_Cuts_Implied=0;CPXPARAM_MIP_Cuts_MIRCut=1;CPXPARAM_MIP_Cuts_PathCut=0;CPXPARAM_MIP_Limits_AggForCut=3;CPXPARAM_MIP_Limits_CutPasses=0;CPXPARAM_MIP_Limits_CutsFactor=-1;CPXPARAM_MIP_Limits_GomoryCand=10;CPXPARAM_MIP_Limits_GomoryPass=0;CPXPARAM_MIP_Limits_Nodes=9223372036800000000;CPXPARAM_MIP_Limits_ProbeTime=1e+75;CPXPARAM_MIP_Limits_RepairTries=0;CPXPARAM_MIP_Limits_StrongCand=10;CPXPARAM_MIP_Limits_StrongIt=0;CPXPARAM_MIP_OrderType=0;CPXPARAM_MIP_Strategy_BBInterval=7;CPXPARAM_MIP_Strategy_Branch=0;CPXPARAM_MIP_Strategy_Dive=0;CPXPARAM_MIP_Strategy_File=1;CPXPARAM_MIP_Strategy_HeuristicFreq=0;CPXPARAM_MIP_Strategy_LBHeur=0;CPXPARAM_MIP_Strategy_NodeSelect=1;CPXPARAM_MIP_Strategy_Order=1;CPXPARAM_MIP_Strategy_PresolveNode=0;CPXPARAM_MIP_Strategy_Probe=0;CPXPARAM_MIP_Strategy_RINSHeur=0;CPXPARAM_MIP_Strategy_StartAlgorithm=0;CPXPARAM_MIP_Strategy_SubAlgorithm=0;CPXPARAM_MIP_Strategy_VariableSelect=0;CPXPARAM_Network_NetFind=2;CPXPARAM_Network_Pricing=0;CPXPARAM_Parallel=1;CPXPARAM_Preprocessing_Aggregator=-1;CPXPARAM_Preprocessing_BoundStrength=-1;CPXPARAM_Preprocessing_CoeffReduce=-1;CPXPARAM_Preprocessing_Dependency=-1;CPXPARAM_Preprocessing_Dual=0;CPXPARAM_Preprocessing_Fill=10;CPXPARAM_Preprocessing_NumPass=-1;CPXPARAM_Preprocessing_Presolve=1;CPXPARAM_Preprocessing_QPMakePSD=1;CPXPARAM_Preprocessing_Reduce=3;CPXPARAM_Preprocessing_Relax=-1;CPXPARAM_Preprocessing_RepeatPresolve=-1;CPXPARAM_Preprocessing_Symmetry=-1;CPXPARAM_Read_Scale=0;CPXPARAM_Sifting_Algorithm=0;CPXPARAM_Simplex_Crash=1;CPXPARAM_Simplex_DGradient=0;CPXPARAM_Simplex_Limits_Perturbation=0;CPXPARAM_Simplex_Limits_Singularity=10;CPXPARAM_Simplex_PGradient=0;CPXPARAM_Simplex_Pricing=0;CPXPARAM_Simplex_Refactor=0
3225086368937085880,0,CPXPARAM_Advance=1;CPXPARAM_Barrier_Algorithm=0;CPXPARAM_Barrier_ColNonzeros=0;CPXPARAM_Barrier_Crossover=0;CPXPARAM_Barrier_Limits_Corrections=-1;CPXPARAM_Barrier_Ordering=0;CPXPARAM_Barrier_StartAlg=1;CPXPARAM_Emphasis_MIP=2;CPXPARAM_Emphasis_Memory=0;CPXPARAM_Emphasis_Numerical=0;CPXPARAM_Feasopt_Mode=0;CPXPARAM_LPMethod=0;CPXPARAM_MIP_Cuts_Cliques=1;CPXPARAM_MIP_Cuts_Covers=0;CPXPARAM_MIP_Cuts_Disjunctive=-1;CPXPARAM_MIP_Cuts_FlowCovers=2;CPXPARAM_MIP_Cuts_GUBCovers=0;CPXPARAM_MIP_Cuts_Gomory=1;CPXPARAM_MIP_Cuts_Implied=2;CPXPARAM_MIP_Cuts_MIRCut=-1;CPXPARAM_MIP_Cuts_PathCut=1;CPXPARAM_MIP_Limits_AggForCut=3;CPXPARAM_MIP_Limits_CutPasses=0;CPXPARAM_MIP_Limits_CutsFactor=-1;CPXPARAM_MIP_Limits_GomoryCand=10;CPXPARAM_MIP_Limits_GomoryPass=0;CPXPARAM_MIP_Limits_Nodes=9223372036800000000;CPXPARAM_MIP_Limits_ProbeTime=1e+75;CPXPARAM_MIP_Limits_RepairTries=0;CPXPARAM_MIP_Limits_StrongCand=10;CPXPARAM_MIP_Limits_StrongIt=0;CPXPARAM_MIP_OrderType=0;CPXPARAM_MIP_Strategy_BBInterval=7;CPXPARAM_MIP_Strategy_Branch=0;CPXPARAM_MIP_Strategy_Dive=0;CPXPARAM_MIP_Strategy_File=1;CPXPARAM_MIP_Strategy_HeuristicFreq=0;CPXPARAM_MIP_Strategy_LBHeur=0;CPXPARAM_MIP_Strategy_NodeSelect=1;CPXPARAM_MIP_Strategy_Order=1;CPXPARAM_MIP_Strategy_PresolveNode=0;CPXPARAM_MIP_Strategy_Probe=0;CPXPARAM_MIP_Strategy_RINSHeur=0;CPXPARAM_MIP_Strategy_StartAlgorithm=0;CPXPARAM_MIP_Strategy_SubAlgorithm=0;CPXPARAM_MIP_Strategy_VariableSelect=0;CPXPARAM_Network_NetFind=2;CPXPARAM_Network_Pricing=0;CPXPARAM_Parallel=1;CPXPARAM_Preprocessing_Aggregator=-1;CPXPARAM_Preprocessing_BoundStrength=-1;CPXPARAM_Preprocessing_CoeffReduce=-1;CPXPARAM_Preprocessing_Dependency=-1;CPXPARAM_Preprocessing_Dual=0;CPXPARAM_Preprocessing_Fill=10;CPXPARAM_Preprocessing_NumPass=-1;CPXPARAM_Preprocessing_Presolve=1;CPXPARAM_Preprocessing_QPMakePSD=1;CPXPARAM_Preprocessing_Reduce=3;CPXPARAM_Preprocessing_Relax=-1;CPXPARAM_Preprocessing_RepeatPresolve=-1;CPXPARAM_Preprocessing_Symmetry=-1;CPXPARAM_Read_Scale=0;CPXPARAM_Sifting_Algorithm=0;CPXPARAM_Simplex_Crash=1;CPXPARAM_Simplex_DGradient=0;CPXPARAM_Simplex_Limits_Perturbation=0;CPXPARAM_Simplex_Limits_Singularity=10;CPXPARAM_Simplex_PGradient=0;CPXPARAM_Simplex_Pricing=0;CPXPARAM_Simplex_Refactor=0
15100189088130396401,0,CPXPARAM_Advance=1;CPXPARAM_Barrier_Algorithm=0;CPXPARAM_Barrier_ColNonzeros=0;CPXPARAM_Barrier_Crossover=0;CPXPARAM_Barrier_Limits_Corrections=-1;CPXPARAM_Barrier_Ordering=0;CPXPARAM_Barrier_StartAlg=1;CPXPARAM_Emphasis_MIP=4;CPXPARAM_Emphasis_Memory=0;CPXPARAM_Emphasis_Numerical=0;CPXPARAM_Feasopt_Mode=0;CPXPARAM_LPMethod=0;CPXPARAM_MIP_Cuts_Cliques=-1;CPXPARAM_MIP_Cuts_Covers=0;CPXPARAM_MIP_Cuts_Disjunctive=-1;CPXPARAM_MIP_Cuts_FlowCovers=1;CPXPARAM_MIP_Cuts_GUBCovers=0;CPXPARAM_MIP_Cuts_Gomory=2;CPXPARAM_MIP_Cuts_Implied=0;CPXPARAM_MIP_Cuts_MIRCut=1;CPXPARAM_MIP_Cuts_PathCut=0;CPXPARAM_MIP_Limits_AggForCut=3;CPXPARAM_MIP_Limits_CutPasses=0;CPXPARAM_MIP_Limits_CutsFactor=-1;CPXPARAM_MIP_Limits_GomoryCand=10;CPXPARAM_MIP_Limits_GomoryPass=0;CPXPARAM_MIP_Limits_Nodes=9223372036800000000;CPXPARAM_MIP_Limits_ProbeTime=1e+75;CPXPARAM_MIP_Limits_RepairTries=0;CPXPARAM_MIP_Limits_StrongCand=10;CPXPARAM_MIP_Limits_StrongIt=0;CPXPARAM_MIP_OrderType=0;CPXPARAM_MIP_Strategy_BBInterval=7;CPXPARAM_MIP_Strategy_Branch=0;CPXPARAM_MIP_Strategy_Dive=0;CPXPARAM_MIP_Strategy_File=1;CPXPARAM_MIP_Strategy_HeuristicFreq=0;CPXPARAM_MIP_Strategy_LBHeur=0;CPXPARAM_MIP_Strategy_NodeSelect=1;CPXPARAM_MIP_Strategy_Order=1;CPXPARAM_MIP_Strategy_PresolveNode=0;CPXPARAM_MIP_Strategy_Probe=0;CPXPARAM_MIP_Strategy_RINSHeur=0;CPXPARAM_MIP_Strategy_StartAlgorithm=0;CPXPARAM_MIP_Strategy_SubAlgorithm=0;CPXPARAM_MIP_Strategy_VariableSelect=0;CPXPARAM_Network_NetFind=2;CPXPARAM_Network_Pricing=0;CPXPARAM_Parallel=1;CPXPARAM_Preprocessing_Aggregator=-1;CPXPARAM_Preprocessing_BoundStrength=-1;CPXPARAM_Preprocessing_CoeffReduce=-1;CPXPARAM_Preprocessing_Dependency=-1;CPXPARAM_Preprocessing_Dual=0;CPXPARAM_Preprocessing_Fill=10;CPXPARAM_Preprocessing_NumPass=-1;CPXPARAM_Preprocessing_Presolve=1;CPXPARAM_Preprocessing_QPMakePSD=1;CPXPARAM_Preprocessing_Reduce=3;CPXPARAM_Preprocessing_Relax=-1;CPXPARAM_Preprocessing_RepeatPresolve=-1;CPXPARAM_Preprocessing_Symmetry=-1;CPXPARAM_Read_Scale=0;CPXPARAM_Sifting_Algorithm=0;CPXPARAM_Simplex_Crash=1;CPXPARAM_Simplex_DGradient=0;CPXPARAM_Simplex_Limits_Perturbation=0;CPXPARAM_Simplex_Limits_Singularity=10;CPXPARAM_Simplex_PGradient=0;CPXPARAM_Simplex_Pricing=0;CPXPARAM_Simplex_Refactor=0
13377789852652355052,0,CPXPARAM_Advance=1;CPXPARAM_Barrier_Algorithm=0;CPXPARAM_Barrier_ColNonzeros=0;CPXPARAM_Barrier_Crossover=0;CPXPARAM_Barrier_Limits_Corrections=-1;CPXPARAM_Barrier_Ordering=0;CPXPARAM_Barrier_StartAlg=1;CPXPARAM_Emphasis_MIP=2;CPXPARAM_Emphasis_Memory=0;CPXPARAM_Emphasis_Numerical=0;CPXPARAM_Feasopt_Mode=0;CPXPARAM_LPMethod=0;CPXPARAM_MIP_Cuts_Cliques=-1;CPXPARAM_MIP_Cuts_Covers=0;CPXPARAM_MIP_Cuts_Disjunctive=-1;CPXPARAM_MIP_Cuts_FlowCovers=-1;CPXPARAM_MIP_Cuts_GUBCovers=0;CPXPARAM_MIP_Cuts_Gomory=0;CPXPARAM_MIP_Cuts_Implied=-1;CPXPARAM_MIP_Cuts_MIRCut=2;CPXPARAM_MIP_Cuts_PathCut=-1;CPXPARAM_MIP_Limits_AggForCut=3;CPXPARAM_MIP_Limits_CutPasses=0;CPXPARAM_MIP_Limits_CutsFactor=-1;CPXPARAM_MIP_Limits_GomoryCand=10;CPXPARAM_MIP_Limits_GomoryPass=0;CPXPARAM_MIP_Limits_Nodes=9223372036800000000;CPXPARAM_MIP_Limits_ProbeTime=1e+75;CPXPARAM_MIP_Limits_RepairTries=0;CPXPARAM_MIP_Limits_StrongCand=10;CPXPARAM_MIP_Limits_StrongIt=0;CPXPARAM_MIP_OrderType=0;CPXPARAM_MIP_Strategy_BBInterval=7;CPXPARAM_MIP_Strategy_Branch=0;CPXPARAM_MIP_Strategy_Dive=0;CPXPARAM_MIP_Strategy_File=1;CPXPARAM_MIP_Strategy_HeuristicFreq=0;CPXPARAM_MIP_Strategy_LBHeur=0;CPXPARAM_MIP_Strategy_NodeSelect=1;CPXPARAM_MIP_Strategy_Order=1;CPXPARAM_MIP_Strategy_PresolveNode=0;CPXPARAM_MIP_Strategy_Probe=0;CPXPARAM_MIP_Strategy_RINSHeur=0;CPXPARAM_MIP_Strategy_StartAlgorithm=0;CPXPARAM_MIP_Strategy_SubAlgorithm=0;CPXPARAM_MIP_Strategy_VariableSelect=0;CPXPARAM_Network_NetFind=2;CPXPARAM_Network_Pricing=0;CPXPARAM_Parallel=1;CPXPARAM_Preprocessing_Aggregator=-1;CPXPARAM_Preprocessing_BoundStrength=-1;CPXPARAM_Preprocessing_CoeffReduce=-1;CPXPARAM_Preprocessing_Dependency=-1;CPXPARAM_Preprocessing_Dual=0;CPXPARAM_Preprocessing_Fill=10;CPXPARAM_Preprocessing_NumPass=-1;CPXPARAM_Preprocessing_Presolve=1;CPXPARAM_Preprocessing_QPMakePSD=1;CPXPARAM_Preprocessing_Reduce=3;CPXPARAM_Preprocessing_Relax=-1;CPXPARAM_Preprocessing_RepeatPresolve=-1;CPXPARAM_Preprocessing_Symmetry=-1;CPXPARAM_Read_Scale=0;CPXPARAM_Sifting_Algorithm=0;CPXPARAM_Simplex_Crash=1;CPXPARAM_Simplex_DGradient=0;CPXPARAM_Simplex_Limits_Perturbation=0;CPXPARAM_Simplex_Limits_Singularity=10;CPXPARAM_Simplex_PGradient=0;CPXPARAM_Simplex_Pricing=0;CPXPARAM_Simplex_Refactor=0
7623838177560759522,0,CPXPARAM_Advance=1;CPXPARAM_Barrier_Algorithm=0;CPXPARAM_Barrier_ColNonzeros=0;CPXPARAM_Barrier_Crossover=0;CPXPARAM_Barrier_Limits_Corrections=-1;CPXPARAM_Barrier_Ordering=0;CPXPARAM_Barrier_StartAlg=1;CPXPARAM_Emphasis_MIP=1;CPXPARAM_Emphasis_Memory=0;CPXPARAM_Emphasis_Numerical=0;CPXPARAM_Feasopt_Mode=0;CPXPARAM_LPMethod=0;CPXPARAM_MIP_Cuts_Cliques=1;CPXPARAM_MIP_Cuts_Covers=-1;CPXPARAM_MIP_Cuts_Disjunctive=0;CPXPARAM_MIP_Cuts_FlowCovers=2;CPXPARAM_MIP_Cuts_GUBCovers=1;CPXPARAM_MIP_Cuts_Gomory=2;CPXPARAM_MIP_Cuts_Implied=2;CPXPARAM_MIP_Cuts_MIRCut=1;CPXPARAM_MIP_Cuts_PathCut=0;CPXPARAM_MIP_Limits_AggForCut=3;CPXPARAM_MIP_Limits_CutPasses=0;CPXPARAM_MIP_Limits_CutsFactor=-1;CPXPARAM_MIP_Limits_GomoryCand=100;CPXPARAM_MIP_Limits_GomoryPass=0;CPXPARAM_MIP_Limits_Nodes=9223372036800000000;CPXPARAM_MIP_Limits_ProbeTime=1e+75;CPXPARAM_MIP_Limits_RepairTries=0;CPXPARAM_MIP_Limits_StrongCand=10;CPXPARAM_MIP_Limits_StrongIt=0;CPXPARAM_MIP_OrderType=0;CPXPARAM_MIP_Strategy_BBInterval=7;CPXPARAM_MIP_Strategy_Branch=1;CPXPARAM_MIP_Strategy_Dive=0;CPXPARAM_MIP_Strategy_File=1;CPXPARAM_MIP_Strategy_HeuristicFreq=0;CPXPARAM_MIP_Strategy_LBHeur=0;CPXPARAM_MIP_Strategy_NodeSelect=2;CPXPARAM_MIP_Strategy_Order=1;CPXPARAM_MIP_Strategy_PresolveNode=3;CPXPARAM_MIP_Strategy_Probe=-1;CPXPARAM_MIP_Strategy_RINSHeur=0;CPXPARAM_MIP_Strategy_StartAlgorithm=0;CPXPARAM_MIP_Strategy_SubAlgorithm=0;CPXPARAM_MIP_Strategy_VariableSelect=-1;CPXPARAM_Network_NetFind=2;CPXPARAM_Network_Pricing=0;CPXPARAM_Parallel=1;CPXPARAM_Preprocessing_Aggregator=-1;CPXPARAM_Preprocessing_BoundStrength=-1;CPXPARAM_Preprocessing_CoeffReduce=-1;CPXPARAM_Preprocessing_Dependency=-1;CPXPARAM_Preprocessing_Dual=0;CPXPARAM_Preprocessing_Fill=10;CPXPARAM_Preprocessing_NumPass=-1;CPXPARAM_Preprocessing_Presolve=1;CPXPARAM_Preprocessing_QPMakePSD=1;CPXPARAM_Preprocessing_Reduce=3;CPXPARAM_Preprocessing_Relax=-1;CPXPARAM_Preprocessing_RepeatPresolve=-1;CPXPARAM_Preprocessing_Symmetry=-1;CPXPARAM_Read_Scale=0;CPXPARAM_Sifting_Algorithm=0;CPXPARAM_Simplex_Crash=1;CPXPARAM_Simplex_DGradient=0;CPXPARAM_Simplex_Limits_Perturbation=0;CPXPARAM_Simplex_Limits_Singularity=10;CPXPARAM_Simplex_PGradient=0;CPXPARAM_Simplex_Pricing=0;CPXPARAM_Simplex_Refactor=0
18204944824752984559,0,CPXPARAM_Advance=1;CPXPARAM_Barrier_Algorithm=0;CPXPARAM_Barrier_ColNonzeros=0;CPXPARAM_Barrier_Crossover=0;CPXPARAM_Barrier_Limits_Corrections=-1;CPXPARAM_Barrier_Ordering=0;CPXPARAM_Barrier_StartAlg=1;CPXPARAM_Emphasis_MIP=1;CPXPARAM_Emphasis_Memory=0;CPXPARAM_Emphasis_Numerical=0;CPXPARAM_Feasopt_Mode=0;CPXPARAM_LPMethod=0;CPXPARAM_MIP_Cuts_Cliques=-1;CPXPARAM_MIP_Cuts_Covers=0;CPXPARAM_MIP_Cuts_Disjunctive=-1;CPXPARAM_MIP_Cuts_FlowCovers=1;CPXPARAM_MIP_Cuts_GUBCovers=0;CPXPARAM_MIP_Cuts_Gomory=2;CPXPARAM_MIP_Cuts_Implied=0;CPXPARAM_MIP_Cuts_MIRCut=1;CPXPARAM_MIP_Cuts_PathCut=0;CPXPARAM_MIP_Limits_AggForCut=3;CPXPARAM_MIP_Limits_CutPasses=0;CPXPARAM_MIP_Limits_CutsFactor=-1;CPXPARAM_MIP_Limits_GomoryCand=50;CPXPARAM_MIP_Limits_GomoryPass=0;CPXPARAM_MIP_Limits_Nodes=9223372036800000000;CPXPARAM_MIP_Limits_ProbeTime=1e+75;CPXPARAM_MIP_Limits_RepairTries=0;CPXPARAM_MIP_Limits_StrongCand=10;CPXPARAM_MIP_Limits_StrongIt=0;CPXPARAM_MIP_OrderType=0;CPXPARAM_MIP_Strategy_BBInterval=7;CPXPARAM_MIP_Strategy_Branch=0;CPXPARAM_MIP_Strategy_Dive=0;CPXPARAM_MIP_Strategy_File=1;CPXPARAM_MIP_Strategy_HeuristicFreq=0;CPXPARAM_MIP_Strategy_LBHeur=0;CPXPARAM_MIP_Strategy_NodeSelect=1;CPXPARAM_MIP_Strategy_Order=1;CPXPARAM_MIP_Strategy_PresolveNode=0;CPXPARAM_MIP_Strategy_Probe=0;CPXPARAM_MIP_Strategy_RINSHeur=0;CPXPARAM_MIP_Strategy_StartAlgorithm=0;CPXPARAM_MIP_Strategy_SubAlgorithm=0;CPXPARAM_MIP_Strategy_VariableSelect=0;CPXPARAM_Network_NetFind=2;CPXPARAM_Network_Pricing=0;CPXPARAM_Parallel=1;CPXPARAM_Preprocessing_Aggregator=-1;CPXPARAM_Preprocessing_BoundStrength=-1;CPXPARAM_Preprocessing_CoeffReduce=-1;CPXPARAM_Preprocessing_Dependency=-1;CPXPARAM_Preprocessing_Dual=0;CPXPARAM_Preprocessing_Fill=10;CPXPARAM_Preprocessing_NumPass=-1;CPXPARAM_Preprocessing_Presolve=1;CPXPARAM_Preprocessing_QPMakePSD=1;CPXPARAM_Preprocessing_Reduce=3;CPXPARAM_Preprocessing_Relax=-1;CPXPARAM_Preprocessing_RepeatPresolve=-1;CPXPARAM_Preprocessing_Symmetry=-1;CPXPARAM_Read_Scale=0;CPXPARAM_Sifting_Algorithm=0;CPXPARAM_Simplex_Crash=1;CPXPARAM_Simplex_DGradient=0;CPXPARAM_Simplex_Limits_Perturbation=0;CPXPARAM_Simplex_Limits_Singularity=10;CPXPARAM_Simplex_PGradient=0;CPXPARAM_Simplex_Pricing=0;CPXPARAM_Simplex_Refactor=0
7383907423607720188,0,CPXPARAM_Advance=1;CPXPARAM_Barrier_Algorithm=0;CPXPARAM_Barrier_ColNonzeros=0;CPXPARAM_Barrier_Crossover=0;CPXPARAM_Barrier_Limits_Corrections=-1;CPXPARAM_Barrier_Ordering=0;CPXPARAM_Barrier_StartAlg=1;CPXPARAM_Emphasis_MIP=0;CPXPARAM_Emphasis_Memory=0;CPXPARAM_Emphasis_Numerical=0;CPXPARAM_Feasopt_Mode=0;CPXPARAM_LPMethod=0;CPXPARAM_MIP_Cuts_Cliques=3;CPXPARAM_MIP_Cuts_Covers=-1;CPXPARAM_MIP_Cuts_Disjunctive=0;CPXPARAM_MIP_Cuts_FlowCovers=2;CPXPARAM_MIP_Cuts_GUBCovers=-1;CPXPARAM_MIP_Cuts_Gomory=0;CPXPARAM_MIP_Cuts_Implied=1;CPXPARAM_MIP_Cuts_MIRCut=-1;CPXPARAM_MIP_Cuts_PathCut=-1;CPXPARAM_MIP_Limits_AggForCut=3;CPXPARAM_MIP_Limits_CutPasses=0;CPXPARAM_MIP_Limits_CutsFactor=-1;CPXPARAM_MIP_Limits_GomoryCand=50;CPXPARAM_MIP_Limits_GomoryPass=0;CPXPARAM_MIP_Limits_Nodes=9223372036800000000;CPXPARAM_MIP_Limits_ProbeTime=1e+75;CPXPARAM_MIP_Limits_RepairTries=0;CPXPARAM_MIP_Limits_StrongCand=10;CPXPARAM_MIP_Limits_StrongIt=0;CPXPARAM_MIP_OrderType=0;CPXPARAM_MIP_Strategy_BBInterval=7;CPXPARAM_MIP_Strategy_Branch=-1;CPXPARAM_MIP_Strategy_Dive=0;CPXPARAM_MIP_Strategy_File=1;CPXPARAM_MIP_Strategy_HeuristicFreq=0;CPXPARAM_MIP_Strategy_LBHeur=0;CPXPARAM_MIP_Strategy_NodeSelect=0;CPXPARAM_MIP_Strategy_Order=1;CPXPARAM_MIP_Strategy_PresolveNode=-1;CPXPARAM_MIP_Strategy_Probe=2;CPXPARAM_MIP_Strategy_RINSHeur=0;CPXPARAM_MIP_Strategy_StartAlgorithm=0;CPXPARAM_MIP_Strategy_SubAlgorithm=0;CPXPARAM_MIP_Strategy_VariableSelect=1;CPXPARAM_Network_NetFind=2;CPXPARAM_Network_Pricing=0;CPXPARAM_Parallel=1;CPXPARAM_Preprocessing_Aggregator=-1;CPXPARAM_Preprocessing_BoundStrength=-1;CPXPARAM_Preprocessing_CoeffReduce=-1;CPXPARAM_Preprocessing_Dependency=-1;CPXPARAM_Preprocessing_Dual=0;CPXPARAM_Preprocessing_Fill=40;CPXPARAM_Preprocessing_NumPass=-1;CPXPARAM_Preprocessing_Presolve=1;CPXPARAM_Preprocessing_QPMakePSD=1;CPXPARAM_Preprocessing_Reduce=3;CPXPARAM_Preprocessing_Relax=-1;CPXPARAM_Preprocessing_RepeatPresolve=-1;CPXPARAM_Preprocessing_Symmetry=-1;CPXPARAM_Read_Scale=0;CPXPARAM_Sifting_Algorithm=0;CPXPARAM_Simplex_Crash=1;CPXPARAM_Simplex_DGradient=0;CPXPARAM_Simplex_Limits_Perturbation=0;CPXPARAM_Simplex_Limits_Singularity=10;CPXPARAM_Simplex_PGradient=0;CPXPARAM_Simplex_Pricing=0;CPXPARAM_Simplex_Refactor=0
9507164842078904996,0,CPXPARAM_Advance=1;CPXPARAM_Barrier_Algorithm=0;CPXPARAM_Barrier_ColNonzeros=0;CPXPARAM_Barrier_Crossover=0;CPXPARAM_Barrier_Limits_Corrections=-1;CPXPARAM_Barrier_Ordering=0;CPXPARAM_Barrier_StartAlg=1;CPXPARAM_Emphasis_MIP=4;CPXPARAM_Emphasis_Memory=0;CPXPARAM_Emphasis_Numerical=0;CPXPARAM_Feasopt_Mode=0;CPXPARAM_LPMethod=0;CPXPARAM_MIP_Cuts_Cliques=0;CPXPARAM_MIP_Cuts_Covers=0;CPXPARAM_MIP_Cuts_Disjunctive=0;CPXPARAM_MIP_Cuts_FlowCovers=-1;CPXPARAM_MIP_Cuts_GUBCovers=2;CPXPARAM_MIP_Cuts_Gomory=0;CPXPARAM_MIP_Cuts_Implied=0;CPXPARAM_MIP_Cuts_MIRCut=0;CPXPARAM_MIP_Cuts_PathCut=0;CPXPARAM_MIP_Limits_AggForCut=3;CPXPARAM_MIP_Limits_CutPasses=0;CPXPARAM_MIP_Limits_CutsFactor=-1;CPXPARAM_MIP_Limits_GomoryCand=150;CPXPARAM_MIP_Limits_GomoryPass=0;CPXPARAM_MIP_Limits_Nodes=9223372036800000000;CPXPARAM_MIP_Limits_ProbeTime=1e+75;CPXPARAM_MIP_Limits_RepairTries=0;CPXPARAM_MIP_Limits_StrongCand=10;CPXPARAM_MIP_Limits_StrongIt=0;CPXPARAM_MIP_OrderType=0;CPXPARAM_MIP_Strategy_BBInterval=7;CPXPARAM_MIP_Strategy_Branch=0;CPXPARAM_MIP_Strategy_Dive=0;CPXPARAM_MIP_Strategy_File=1;CPXPARAM_MIP_Strategy_HeuristicFreq=0;CPXPARAM_MIP_Strategy_LBHeur=0;CPXPARAM_MIP_Strategy_NodeSelect=1;CPXPARAM_MIP_Strategy_Order=1;CPXPARAM_MIP_Strategy_PresolveNode=0;CPXPARAM_MIP_Strategy_Probe=0;CPXPARAM_MIP_Strategy_RINSHeur=0;CPXPARAM_MIP_Strategy_StartAlgorithm=0;CPXPARAM_MIP_Strategy_SubAlgorithm=0;CPXPARAM_MIP_Strategy_VariableSelect=0;CPXPARAM_Network_NetFind=2;CPXPARAM_Network_Pricing=0;CPXPARAM_Parallel=1;CPXPARAM_Preprocessing_Aggregator=-1;CPXPARAM_Preprocessing_BoundStrength=-1;CPXPARAM_Preprocessing_CoeffReduce=-1;CPXPARAM_Preprocessing_Dependency=-1;CPXPARAM_Preprocessing_Dual=0;CPXPARAM_Preprocessing_Fill=10;CPXPARAM_Preprocessing_NumPass=-1;CPXPARAM_Preprocessing_Presolve=1;CPXPARAM_Preprocessing_QPMakePSD=1;CPXPARAM_Preprocessing_Reduce=3;CPXPARAM_Preprocessing_Relax=-1;CPXPARAM_Preprocessing_RepeatPresolve=-1;CPXPARAM_Preprocessing_Symmetry=-1;CPXPARAM_Read_Scale=0;CPXPARAM_Sifting_Algorithm=0;CPXPARAM_Simplex_Crash=1;CPXPARAM_Simplex_DGradient=0;CPXPARAM_Simplex_Limits_Perturbation=0;CPXPARAM_Simplex_Limits_Singularity=10;CPXPARAM_Simplex_PGradient=0;CPXPARAM_Simplex_Pricing=0;CPXPARAM_Simplex_Refactor=0
5167204145030399280,0,CPXPARAM_Advance=1;CPXPARAM_Barrier_Algorithm=0;CPXPARAM_Barrier_ColNonzeros=0;CPXPARAM_Barrier_Crossover=0;CPXPARAM_Barrier_Limits_Corrections=-1;CPXPARAM_Barrier_Ordering=0;CPXPARAM_Barrier_StartAlg=1;CPXPARAM_Emphasis_MIP=2;CPXPARAM_Emphasis_Memory=0;CPXPARAM_Emphasis_Numerical=0;CPXPARAM_Feasopt_Mode=0;CPXPARAM_LPMethod=0;CPXPARAM_MIP_Cuts_Cliques=-1;CPXPARAM_MIP_Cuts_Covers=2;CPXPARAM_MIP_Cuts_Disjunctive=1;CPXPARAM_MIP_Cuts_FlowCovers=2;CPXPARAM_MIP_Cuts_GUBCovers=1;CPXPARAM_MIP_Cuts_Gomory=0;CPXPARAM_MIP_Cuts_Implied=-1;CPXPARAM_MIP_Cuts_MIRCut=-1;CPXPARAM_MIP_Cuts_PathCut=-1;CPXPARAM_MIP_Limits_AggForCut=3;CPXPARAM_MIP_Limits_CutPasses=0;CPXPARAM_MIP_Limits_CutsFactor=-1;CPXPARAM_MIP_Limits_GomoryCand=400;CPXPARAM_MIP_Limits_GomoryPass=0;CPXPARAM_MIP_Limits_Nodes=9223372036800000000;CPXPARAM_MIP_Limits_ProbeTime=1e+75;CPXPARAM_MIP_Limits_RepairTries=0;CPXPARAM_MIP_Limits_StrongCand=10;CPXPARAM_MIP_Limits_StrongIt=0;CPXPARAM_MIP_OrderType=0;CPXPARAM_MIP_Strategy_BBInterval=7;CPXPARAM_MIP_Strategy_Branch=0;CPXPARAM_MIP_Strategy_Dive=0;CPXPARAM_MIP_Strategy_File=1;CPXPARAM_MIP_Strategy_HeuristicFreq=0;CPXPARAM_MIP_Strategy_LBHeur=0;CPXPARAM_MIP_Strategy_NodeSelect=1;CPXPARAM_MIP_Strategy_Order=1;CPXPARAM_MIP_Strategy_PresolveNode=0;CPXPARAM_MIP_Strategy_Probe=0;CPXPARAM_MIP_Strategy_RINSHeur=0;CPXPARAM_MIP_Strategy_StartAlgorithm=0;CPXPARAM_MIP_Strategy_SubAlgorithm=0;CPXPARAM_MIP_Strategy_VariableSelect=0;CPXPARAM_Network_NetFind=2;CPXPARAM_Network_Pricing=0;CPXPARAM_Parallel=1;CPXPARAM_Preprocessing_Aggregator=-1;CPXPARAM_Preprocessing_BoundStrength=-1;CPXPARAM_Preprocessing_CoeffReduce=-1;CPXPARAM_Preprocessing_Dependency=-1;CPXPARAM_Preprocessing_Dual=0;CPXPARAM_Preprocessing_Fill=10;CPXPARAM_Preprocessing_NumPass=-1;CPXPARAM_Preprocessing_Presolve=1;CPXPARAM_Preprocessing_QPMakePSD=1;CPXPARAM_Preprocessing_Reduce=3;CPXPARAM_Preprocessing_Relax=-1;CPXPARAM_Preprocessing_RepeatPresolve=1;CPXPARAM_Preprocessing_Symmetry=-1;CPXPARAM_Read_Scale=0;CPXPARAM_Sifting_Algorithm=0;CPXPARAM_Simplex_Crash=1;CPXPARAM_Simplex_DGradient=0;CPXPARAM_Simplex_Limits_Perturbation=0;CPXPARAM_Simplex_Limits_Singularity=10;CPXPARAM_Simplex_PGradient=0;CPXPARAM_Simplex_Pricing=0;CPXPARAM_Simplex_Refactor=0
15364542550000584156,0,CPXPARAM_Advance=1;CPXPARAM_Barrier_Algorithm=0;CPXPARAM_Barrier_ColNonzeros=0;CPXPARAM_Barrier_Crossover=0;CPXPARAM_Barrier_Limits_Corrections=-1;CPXPARAM_Barrier_Ordering=0;CPXPARAM_Barrier_StartAlg=1;CPXPARAM_Emphasis_MIP=3;CPXPARAM_Emphasis_Memory=0;CPXPARAM_Emphasis_Numerical=0;CPXPARAM_Feasopt_Mode=0;CPXPARAM_LPMethod=0;CPXPARAM_MIP_Cuts_Cliques=-1;CPXPARAM_MIP_Cuts_Covers=2;CPXPARAM_MIP_Cuts_Disjunctive=0;CPXPARAM_MIP_Cuts_FlowCovers=-1;CPXPARAM_MIP_Cuts_GUBCovers=1;CPXPARAM_MIP_Cuts_Gomory=0;CPXPARAM_MIP_Cuts_Implied=1;CPXPARAM_MIP_Cuts_MIRCut=1;CPXPARAM_MIP_Cuts_PathCut=-1;CPXPARAM_MIP_Limits_AggForCut=5;CPXPARAM_MIP_Limits_CutPasses=0;CPXPARAM_MIP_Limits_CutsFactor=-1;CPXPARAM_MIP_Limits_GomoryCand=200;CPXPARAM_MIP_Limits_GomoryPass=0;CPXPARAM_MIP_Limits_Nodes=9223372036800000000;CPXPARAM_MIP_Limits_ProbeTime=1e+75;CPXPARAM_MIP_Limits_RepairTries=0;CPXPARAM_MIP_Limits_StrongCand=10;CPXPARAM_MIP_Limits_StrongIt=0;CPXPARAM_MIP_OrderType=1;CPXPARAM_MIP_Strategy_BBInterval=7;CPXPARAM_MIP_Strategy_Branch=-1;CPXPARAM_MIP_Strategy_Dive=0;CPXPARAM_MIP_Strategy_File=1;CPXPARAM_MIP_Strategy_HeuristicFreq=0;CPXPARAM_MIP_Strategy_LBHeur=0;CPXPARAM_MIP_Strategy_NodeSelect=1;CPXPARAM_MIP_Strategy_Order=1;CPXPARAM_MIP_Strategy_PresolveNode=1;CPXPARAM_MIP_Strategy_Probe=0;CPXPARAM_MIP_Strategy_RINSHeur=0;CPXPARAM_MIP_Strategy_StartAlgorithm=0;CPXPARAM_MIP_Strategy_SubAlgorithm=5;CPXPARAM_MIP_Strategy_VariableSelect=1;CPXPARAM_Network_NetFind=2;CPXPARAM_Network_Pricing=0;CPXPARAM_Parallel=1;CPXPARAM_Preprocessing_Aggregator=-1;CPXPARAM_Preprocessing_BoundStrength=-1;CPXPARAM_Preprocessing_CoeffReduce=-1;CPXPARAM_Preprocessing_Dependency=-1;CPXPARAM_Preprocessing_Dual=0;CPXPARAM_Preprocessing_Fill=40;CPXPARAM_Preprocessing_NumPass=-1;CPXPARAM_Preprocessing_Presolve=1;CPXPARAM_Preprocessing_QPMakePSD=1;CPXPARAM_Preprocessing_Reduce=0;CPXPARAM_Preprocessing_Relax=-1;CPXPARAM_Preprocessing_RepeatPresolve=-1;CPXPARAM_Preprocessing_Symmetry=-1;CPXPARAM_Read_Scale=0;CPXPARAM_Sifting_Algorithm=0;CPXPARAM_Simplex_Crash=1;CPXPARAM_Simplex_DGradient=0;CPXPARAM_Simplex_Limits_Perturbation=0;CPXPARAM_Simplex_Limits_Singularity=10;CPXPARAM_Simplex_PGradient=0;CPXPARAM_Simplex_Pricing=0;CPXPARAM_Simplex_Refactor=0
13531876794613326984,0,CPXPARAM_Advance=1;CPXPARAM_Barrier_Algorithm=0;CPXPARAM_Barrier_ColNonzeros=0;CPXPARAM_Barrier_Crossover=0;CPXPARAM_Barrier_Limits_Corrections=-1;CPXPARAM_Barrier_Ordering=0;CPXPARAM_Barrier_StartAlg=1;CPXPARAM_Emphasis_MIP=3;CPXPARAM_Emphasis_Memory=0;CPXPARAM_Emphasis_Numerical=0;CPXPARAM_Feasopt_Mode=0;CPXPARAM_LPMethod=0;CPXPARAM_MIP_Cuts_Cliques=2;CPXPARAM_MIP_Cuts_Covers=0;CPXPARAM_MIP_Cuts_Disjunctive=-1;CPXPARAM_MIP_Cuts_FlowCovers=-1;CPXPARAM_MIP_Cuts_GUBCovers=2;CPXPARAM_MIP_Cuts_Gomory=1;CPXPARAM_MIP_Cuts_Implied=2;CPXPARAM_MIP_Cuts_MIRCut=2;CPXPARAM_MIP_Cuts_PathCut=1;CPXPARAM_MIP_Limits_AggForCut=10;CPXPARAM_MIP_Limits_CutPasses=0;CPXPARAM_MIP_Limits_CutsFactor=-1;CPXPARAM_MIP_Limits_GomoryCand=400;CPXPARAM_MIP_Limits_GomoryPass=0;CPXPARAM_MIP_Limits_Nodes=9223372036800000000;CPXPARAM_MIP_Limits_ProbeTime=1e+75;CPXPARAM_MIP_Limits_RepairTries=0;CPXPARAM_MIP_Limits_StrongCand=10;CPXPARAM_MIP_Limits_StrongIt=0;CPXPARAM_MIP_OrderType=0;CPXPARAM_MIP_Strategy_BBInterval=7;CPXPARAM_MIP_Strategy_Branch=-1;CPXPARAM_MIP_Strategy_Dive=0;CPXPARAM_MIP_Strategy_File=1;CPXPARAM_MIP_Strategy_HeuristicFreq=0;CPXPARAM_MIP_Strategy_LBHeur=0;CPXPARAM_MIP_Strategy_NodeSelect=2;CPXPARAM_MIP_Strategy_Order=1;CPXPARAM_MIP_Strategy_PresolveNode=-1;CPXPARAM_MIP_Strategy_Probe=1;CPXPARAM_MIP_Strategy_RINSHeur=0;CPXPARAM_MIP_Strategy_StartAlgorithm=0;CPXPARAM_MIP_Strategy_SubAlgorithm=1;CPXPARAM_MIP_Strategy_VariableSelect=1;CPXPARAM_Network_NetFind=2;CPXPARAM_Network_Pricing=0;CPXPARAM_Parallel=1;CPXPARAM_Preprocessing_Aggregator=-1;CPXPARAM_Preprocessing_BoundStrength=-1;CPXPARAM_Preprocessing_CoeffReduce=-1;CPXPARAM_Preprocessing_Dependency=-1;CPXPARAM_Preprocessing_Dual=0;CPXPARAM_Preprocessing_Fill=5;CPXPARAM_Preprocessing_NumPass=-1;CPXPARAM_Preprocessing_Presolve=1;CPXPARAM_Preprocessing_QPMakePSD=1;CPXPARAM_Preprocessing_Reduce=3;CPXPARAM_Preprocessing_Relax=-1;CPXPARAM_Preprocessing_RepeatPresolve=-1;CPXPARAM_Preprocessing_Symmetry=-1;CPXPARAM_Read_Scale=0;CPXPARAM_Sifting_Algorithm=0;CPXPARAM_Simplex_Crash=1;CPXPARAM_Simplex_DGradient=0;CPXPARAM_Simplex_Limits_Perturbation=0;CPXPARAM_Simplex_Limits_Singularity=10;CPXPARAM_Simplex_PGradient=0;CPXPARAM_Simplex_Pricing=0;CPXPARAM_Simplex_Refactor=0
10583577509044284985,0,CPXPARAM_Advance=1;CPXPARAM_Barrier_Algorithm=0;CPXPARAM_Barrier_ColNonzeros=0;CPXPARAM_Barrier_Crossover=0;CPXPARAM_Barrier_Limits_Corrections=-1;CPXPARAM_Barrier_Ordering=0;CPXPARAM_Barrier_StartAlg=1;CPXPARAM_Emphasis_MIP=5;CPXPARAM_Emphasis_Memory=0;CPXPARAM_Emphasis_Numerical=0;CPXPARAM_Feasopt_Mode=0;CPXPARAM_LPMethod=0;CPXPARAM_MIP_Cuts_Cliques=2;CPXPARAM_MIP_Cuts_Covers=1;CPXPARAM_MIP_Cuts_Disjunctive=-1;CPXPARAM_MIP_Cuts_FlowCovers=0;CPXPARAM_MIP_Cuts_GUBCovers=1;CPXPARAM_MIP_Cuts_Gomory=0;CPXPARAM_MIP_Cuts_Implied=2;CPXPARAM_MIP_Cuts_MIRCut=-1;CPXPARAM_MIP_Cuts_PathCut=1;CPXPARAM_MIP_Limits_AggForCut=3;CPXPARAM_MIP_Limits_CutPasses=0;CPXPARAM_MIP_Limits_CutsFactor=-1;CPXPARAM_MIP_Limits_GomoryCand=200;CPXPARAM_MIP_Limits_GomoryPass=0;CPXPARAM_MIP_Limits_Nodes=9223372036800000000;CPXPARAM_MIP_Limits_ProbeTime=1e+75;CPXPARAM_MIP_Limits_RepairTries=0;CPXPARAM_MIP_Limits_StrongCand=10;CPXPARAM_MIP_Limits_StrongIt=0;CPXPARAM_MIP_OrderType=0;CPXPARAM_MIP_Strategy_BBInterval=7;CPXPARAM_MIP_Strategy_Branch=-1;CPXPARAM_MIP_Strategy_Dive=0;CPXPARAM_MIP_Strategy_File=1;CPXPARAM_MIP_Strategy_HeuristicFreq=0;CPXPARAM_MIP_Strategy_LBHeur=0;CPXPARAM_MIP_Strategy_NodeSelect=3;CPXPARAM_MIP_Strategy_Order=1;CPXPARAM_MIP_Strategy_PresolveNode=2;CPXPARAM_MIP_Strategy_Probe=0;CPXPARAM_MIP_Strategy_RINSHeur=0;CPXPARAM_MIP_Strategy_StartAlgorithm=0;CPXPARAM_MIP_Strategy_SubAlgorithm=0;CPXPARAM_MIP_Strategy_VariableSelect=1;CPXPARAM_Network_NetFind=2;CPXPARAM_Network_Pricing=0;CPXPARAM_Parallel=1;CPXPARAM_Preprocessing_Aggregator=-1;CPXPARAM_Preprocessing_BoundStrength=-1;CPXPARAM_Preprocessing_CoeffReduce=-1;CPXPARAM_Preprocessing_Dependency=-1;CPXPARAM_Preprocessing_Dual=0;CPXPARAM_Preprocessing_Fill=10;CPXPARAM_Preprocessing_NumPass=-1;CPXPARAM_Preprocessing_Presolve=1;CPXPARAM_Preprocessing_QPMakePSD=1;CPXPARAM_Preprocessing_Reduce=3;CPXPARAM_Preprocessing_Relax=-1;CPXPARAM_Preprocessing_RepeatPresolve=-1;CPXPARAM_Preprocessing_Symmetry=-1;CPXPARAM_Read_Scale=0;CPXPARAM_Sifting_Algorithm=0;CPXPARAM_Simplex_Crash=1;CPXPARAM_Simplex_DGradient=0;CPXPARAM_Simplex_Limits_Perturbation=0;CPXPARAM_Simplex_Limits_Singularity=10;CPXPARAM_Simplex_PGradient=0;CPXPARAM_Simplex_Pricing=0;CPXPARAM_Simplex_Refactor=0
8940678952848765599,0,CPXPARAM_Advance=1;CPXPARAM_Barrier_Algorithm=0;CPXPARAM_Barrier_ColNonzeros=0;CPXPARAM_Barrier_Crossover=0;CPXPARAM_Barrier_Limits_Corrections=-1;CPXPARAM_Barrier_Ordering=0;CPXPARAM_Barrier_StartAlg=1;CPXPARAM_Emphasis_MIP=4;CPXPARAM_Emphasis_Memory=0;CPXPARAM_Emphasis_Numerical=0;CPXPARAM_Feasopt_Mode=0;CPXPARAM_LPMethod=0;CPXPARAM_MIP_Cuts_Cliques=0;CPXPARAM_MIP_Cuts_Covers=0;CPXPARAM_MIP_Cuts_Disjunctive=0;CPXPARAM_MIP_Cuts_FlowCovers=-1;CPXPARAM_MIP_Cuts_GUBCovers=2;CPXPARAM_MIP_Cuts_Gomory=0;CPXPARAM_MIP_Cuts_Implied=0;CPXPARAM_MIP_Cuts_MIRCut=0;CPXPARAM_MIP_Cuts_PathCut=1;CPXPARAM_MIP_Limits_AggForCut=3;CPXPARAM_MIP_Limits_CutPasses=0;CPXPARAM_MIP_Limits_CutsFactor=-1;CPXPARAM_MIP_Limits_GomoryCand=150;CPXPARAM_MIP_Limits_GomoryPass=0;CPXPARAM_MIP_Limits_Nodes=9223372036800000000;CPXPARAM_MIP_Limits_ProbeTime=1e+75;CPXPARAM_MIP_Limits_RepairTries=0;CPXPARAM_MIP_Limits_StrongCand=10;CPXPARAM_MIP_Limits_StrongIt=0;CPXPARAM_MIP_OrderType=0;CPXPARAM_MIP_Strategy_BBInterval=7;CPXPARAM_MIP_Strategy_Branch=0;CPXPARAM_MIP_Strategy_Dive=0;CPXPARAM_MIP_Strategy_File=1;CPXPARAM_MIP_Strategy_HeuristicFreq=0;CPXPARAM_MIP_Strategy_LBHeur=0;CPXPARAM_MIP_Strategy_NodeSelect=1;CPXPARAM_MIP_Strategy_Order=1;CPXPARAM_MIP_Strategy_PresolveNode=0;CPXPARAM_MIP_Strategy_Probe=0;CPXPARAM_MIP_Strategy_RINSHeur=0;CPXPARAM_MIP_Strategy_StartAlgorithm=0;CPXPARAM_MIP_Strategy_SubAlgorithm=0;CPXPARAM_MIP_Strategy_VariableSelect=0;CPXPARAM_Network_NetFind=2;CPXPARAM_Network_Pricing=0;CPXPARAM_Parallel=1;CPXPARAM_Preprocessing_Aggregator=-1;CPXPARAM_Preprocessing_BoundStrength=-1;CPXPARAM_Preprocessing_CoeffReduce=-1;CPXPARAM_Preprocessing_Dependency=-1;CPXPARAM_Preprocessing_Dual=0;CPXPARAM_Preprocessing_Fill=10;CPXPARAM_Preprocessing_NumPass=-1;CPXPARAM_Preprocessing_Presolve=1;CPXPARAM_Preprocessing_QPMakePSD=1;CPXPARAM_Preprocessing_Reduce=3;CPXPARAM_Preprocessing_Relax=-1;CPXPARAM_Preprocessing_RepeatPresolve=-1;CPXPARAM_Preprocessing_Symmetry=-1;CPXPARAM_Read_Scale=0;CPXPARAM_Sifting_Algorithm=0;CPXPARAM_Simplex_Crash=1;CPXPARAM_Simplex_DGradient=0;CPXPARAM_Simplex_Limits_Perturbation=0;CPXPARAM_Simplex_Limits_Singularity=10;CPXPARAM_Simplex_PGradient=0;CPXPARAM_Simplex_Pricing=0;CPXPARAM_Simplex_Refactor=0
17527818445725137848,0,CPXPARAM_Advance=1;CPXPARAM_Barrier_Algorithm=0;CPXPARAM_Barrier_ColNonzeros=0;CPXPARAM_Barrier_Crossover=0;CPXPARAM_Barrier_Limits_Corrections=-1;CPXPARAM_Barrier_Ordering=0;CPXPARAM_Barrier_StartAlg=1;CPXPARAM_Emphasis_MIP=5;CPXPARAM_Emphasis_Memory=0;CPXPARAM_Emphasis_Numerical=0;CPXPARAM_Feasopt_Mode=0;CPXPARAM_LPMethod=0;CPXPARAM_MIP_Cuts_Cliques=0;CPXPARAM_MIP_Cuts_Covers=0;CPXPARAM_MIP_Cuts_Disjunctive=0;CPXPARAM_MIP_Cuts_FlowCovers=2;CPXPARAM_MIP_Cuts_GUBCovers=2;CPXPARAM_MIP_Cuts_Gomory=1;CPXPARAM_MIP_Cuts_Implied=2;CPXPARAM_MIP_Cuts_MIRCut=2;CPXPARAM_MIP_Cuts_PathCut=1;CPXPARAM_MIP_Limits_AggForCut=3;CPXPARAM_MIP_Limits_CutPasses=0;CPXPARAM_MIP_Limits_CutsFactor=-1;CPXPARAM_MIP_Limits_GomoryCand=800;CPXPARAM_MIP_Limits_GomoryPass=0;CPXPARAM_MIP_Limits_Nodes=9223372036800000000;CPXPARAM_MIP_Limits_ProbeTime=1e+75;CPXPARAM_MIP_Limits_RepairTries=0;CPXPARAM_MIP_Limits_StrongCand=10;CPXPARAM_MIP_Limits_StrongIt=0;CPXPARAM_MIP_OrderType=0;CPXPARAM_MIP_Strategy_BBInterval=7;CPXPARAM_MIP_Strategy_Branch=0;CPXPARAM_MIP_Strategy_Dive=0;CPXPARAM_MIP_Strategy_File=1;CPXPARAM_MIP_Strategy_HeuristicFreq=0;CPXPARAM_MIP_Strategy_LBHeur=0;CPXPARAM_MIP_Strategy_NodeSelect=1;CPXPARAM_MIP_Strategy_Order=1;CPXPARAM_MIP_Strategy_PresolveNode=0;CPXPARAM_MIP_Strategy_Probe=0;CPXPARAM_MIP_Strategy_RINSHeur=0;CPXPARAM_MIP_Strategy_StartAlgorithm=0;CPXPARAM_MIP_Strategy_SubAlgorithm=0;CPXPARAM_MIP_Strategy_VariableSelect=0;CPXPARAM_Network_NetFind=2;CPXPARAM_Network_Pricing=0;CPXPARAM_Parallel=1;CPXPARAM_Preprocessing_Aggregator=-1;CPXPARAM_Preprocessing_BoundStrength=-1;CPXPARAM_Preprocessing_CoeffReduce=-1;CPXPARAM_Preprocessing_Dependency=-1;CPXPARAM_Preprocessing_Dual=0;CPXPARAM_Preprocessing_Fill=10;CPXPARAM_Preprocessing_NumPass=-1;CPXPARAM_Preprocessing_Presolve=1;CPXPARAM_Preprocessing_QPMakePSD=1;CPXPARAM_Preprocessing_Reduce=3;CPXPARAM_Preprocessing_Relax=-1;CPXPARAM_Preprocessing_RepeatPresolve=-1;CPXPARAM_Preprocessing_Symmetry=-1;CPXPARAM_Read_Scale=0;CPXPARAM_Sifting_Algorithm=0;CPXPARAM_Simplex_Crash=1;CPXPARAM_Simplex_DGradient=0;CPXPARAM_Simplex_Limits_Perturbation=0;CPXPARAM_Simplex_Limits_Singularity=10;CPXPARAM_Simplex_PGradient=0;CPXPARAM_Simplex_Pricing=0;CPXPARAM_Simplex_Refactor=0
937604865175608215,0,CPXPARAM_Advance=1;CPXPARAM_Barrier_Algorithm=0;CPXPARAM_Barrier_ColNonzeros=0;CPXPARAM_Barrier_Crossover=0;CPXPARAM_Barrier_Limits_Corrections=-1;CPXPARAM_Barrier_Ordering=0;CPXPARAM_Barrier_StartAlg=1;CPXPARAM_Emphasis_MIP=2;CPXPARAM_Emphasis_Memory=0;CPXPARAM_Emphasis_Numerical=0;CPXPARAM_Feasopt_Mode=0;CPXPARAM_LPMethod=0;CPXPARAM_MIP_Cuts_Cliques=-1;CPXPARAM_MIP_Cuts_Covers=2;CPXPARAM_MIP_Cuts_Disjunctive=1;CPXPARAM_MIP_Cuts_FlowCovers=2;CPXPARAM_MIP_Cuts_GUBCovers=1;CPXPARAM_MIP_Cuts_Gomory=0;CPXPARAM_MIP_Cuts_Implied=-1;CPXPARAM_MIP_Cuts_MIRCut=-1;CPXPARAM_MIP_Cuts_PathCut=-1;CPXPARAM_MIP_Limits_AggForCut=3;CPXPARAM_MIP_Limits_CutPasses=0;CPXPARAM_MIP_Limits_CutsFactor=-1;CPXPARAM_MIP_Limits_GomoryCand=400;CPXPARAM_MIP_Limits_GomoryPass=0;CPXPARAM_MIP_Limits_Nodes=9223372036800000000;CPXPARAM_MIP_Limits_ProbeTime=1e+75;CPXPARAM_MIP_Limits_RepairTries=0;CPXPARAM_MIP_Limits_StrongCand=10;CPXPARAM_MIP_Limits_StrongIt=0;CPXPARAM_MIP_OrderType=0;CPXPARAM_MIP_Strategy_BBInterval=7;CPXPARAM_MIP_Strategy_Branch=0;CPXPARAM_MIP_Strategy_Dive=1;CPXPARAM_MIP_Strategy_File=1;CPXPARAM_MIP_Strategy_HeuristicFreq=0;CPXPARAM_MIP_Strategy_LBHeur=0;CPXPARAM_MIP_Strategy_NodeSelect=1;CPXPARAM_MIP_Strategy_Order=1;CPXPARAM_MIP_Strategy_PresolveNode=0;CPXPARAM_MIP_Strategy_Probe=0;CPXPARAM_MIP_Strategy_RINSHeur=0;CPXPARAM_MIP_Strategy_StartAlgorithm=0;CPXPARAM_MIP_Strategy_SubAlgorithm=0;CPXPARAM_MIP_Strategy_VariableSelect=0;CPXPARAM_Network_NetFind=2;CPXPARAM_Network_Pricing=0;CPXPARAM_Parallel=1;CPXPARAM_Preprocessing_Aggregator=-1;CPXPARAM_Preprocessing_BoundStrength=-1;CPXPARAM_Preprocessing_CoeffReduce=-1;CPXPARAM_Preprocessing_Dependency=-1;CPXPARAM_Preprocessing_Dual=0;CPXPARAM_Preprocessing_Fill=10;CPXPARAM_Preprocessing_NumPass=-1;CPXPARAM_Preprocessing_Presolve=1;CPXPARAM_Preprocessing_QPMakePSD=1;CPXPARAM_Preprocessing_Reduce=3;CPXPARAM_Preprocessing_Relax=-1;CPXPARAM_Preprocessing_RepeatPresolve=-1;CPXPARAM_Preprocessing_Symmetry=-1;CPXPARAM_Read_Scale=0;CPXPARAM_Sifting_Algorithm=0;CPXPARAM_Simplex_Crash=1;CPXPARAM_Simplex_DGradient=0;CPXPARAM_Simplex_Limits_Perturbation=0;CPXPARAM_Simplex_Limits_Singularity=10;CPXPARAM_Simplex_PGradient=0;CPXPARAM_Simplex_Pricing=0;CPXPARAM_Simplex_Refactor=0
9215795136085648912,0,CPXPARAM_Advance=1;CPXPARAM_Barrier_Algorithm=0;CPXPARAM_Barrier_ColNonzeros=0;CPXPARAM_Barrier_Crossover=0;CPXPARAM_Barrier_Limits_Corrections=-1;CPXPARAM_Barrier_Ordering=0;CPXPARAM_Barrier_StartAlg=1;CPXPARAM_Emphasis_MIP=4;CPXPARAM_Emphasis_Memory=0;CPXPARAM_Emphasis_Numerical=0;CPXPARAM_Feasopt_Mode=0;CPXPARAM_LPMethod=0;CPXPARAM_MIP_Cuts_Cliques=0;CPXPARAM_MIP_Cuts_Covers=0;CPXPARAM_MIP_Cuts_Disjunctive=-1;CPXPARAM_MIP_Cuts_FlowCovers=2;CPXPARAM_MIP_Cuts_GUBCovers=-1;CPXPARAM_MIP_Cuts_Gomory=0;CPXPARAM_MIP_Cuts_Implied=-1;CPXPARAM_MIP_Cuts_MIRCut=0;CPXPARAM_MIP_Cuts_PathCut=2;CPXPARAM_MIP_Limits_AggForCut=3;CPXPARAM_MIP_Limits_CutPasses=0;CPXPARAM_MIP_Limits_CutsFactor=-1;CPXPARAM_MIP_Limits_GomoryCand=200;CPXPARAM_MIP_Limits_GomoryPass=0;CPXPARAM_MIP_Limits_Nodes=9223372036800000000;CPXPARAM_MIP_Limits_ProbeTime=1e+75;CPXPARAM_MIP_Limits_RepairTries=0;CPXPARAM_MIP_Limits_StrongCand=10;CPXPARAM_MIP_Limits_StrongIt=0;CPXPARAM_MIP_OrderType=0;CPXPARAM_MIP_Strategy_BBInterval=7;CPXPARAM_MIP_Strategy_Branch=0;CPXPARAM_MIP_Strategy_Dive=0;CPXPARAM_MIP_Strategy_File=1;CPXPARAM_MIP_Strategy_HeuristicFreq=0;CPXPARAM_MIP_Strategy_LBHeur=0;CPXPARAM_MIP_Strategy_NodeSelect=1;CPXPARAM_MIP_Strategy_Order=1;CPXPARAM_MIP_Strategy_PresolveNode=0;CPXPARAM_MIP_Strategy_Probe=0;CPXPARAM_MIP_Strategy_RINSHeur=0;CPXPARAM_MIP_Strategy_StartAlgorithm=0;CPXPARAM_MIP_Strategy_SubAlgorithm=0;CPXPARAM_MIP_Strategy_VariableSelect=0;CPXPARAM_Network_NetFind=2;CPXPARAM_Network_Pricing=0;CPXPARAM_Parallel=1;CPXPARAM_Preprocessing_Aggregator=-1;CPXPARAM_Preprocessing_BoundStrength=-1;CPXPARAM_Preprocessing_CoeffReduce=-1;CPXPARAM_Preprocessing_Dependency=-1;CPXPARAM_Preprocessing_Dual=0;CPXPARAM_Preprocessing_Fill=10;CPXPARAM_Preprocessing_NumPass=-1;CPXPARAM_Preprocessing_Presolve=1;CPXPARAM_Preprocessing_QPMakePSD=1;CPXPARAM_Preprocessing_Reduce=3;CPXPARAM_Preprocessing_Relax=-1;CPXPARAM_Preprocessing_RepeatPresolve=-1;CPXPARAM_Preprocessing_Symmetry=-1;CPXPARAM_Read_Scale=0;CPXPARAM_Sifting_Algorithm=0;CPXPARAM_Simplex_Crash=1;CPXPARAM_Simplex_DGradient=0;CPXPARAM_Simplex_Limits_Perturbation=0;CPXPARAM_Simplex_Limits_Singularity=10;CPXPARAM_Simplex_PGradient=0;CPXPARAM_Simplex_Pricing=0;CPXPARAM_Simplex_Refactor=0
5143575819809590935,0,CPXPARAM_Advance=1;CPXPARAM_Barrier_Algorithm=0;CPXPARAM_Barrier_ColNonzeros=0;CPXPARAM_Barrier_Crossover=0;CPXPARAM_Barrier_Limits_Corrections=-1;CPXPARAM_Barrier_Ordering=0;CPXPARAM_Barrier_StartAlg=1;CPXPARAM_Emphasis_MIP=0;CPXPARAM_Emphasis_Memory=0;CPXPARAM_Emphasis_Numerical=0;CPXPARAM_Feasopt_Mode=0;CPXPARAM_LPMethod=0;CPXPARAM_MIP_Cuts_Cliques=1;CPXPARAM_MIP_Cuts_Covers=-1;CPXPARAM_MIP_Cuts_Disjunctive=-1;CPXPARAM_MIP_Cuts_FlowCovers=-1;CPXPARAM_MIP_Cuts_GUBCovers=2;CPXPARAM_MIP_Cuts_Gomory=0;CPXPARAM_MIP_Cuts_Implied=1;CPXPARAM_MIP_Cuts_MIRCut=-1;CPXPARAM_MIP_Cuts_PathCut=1;CPXPARAM_MIP_Limits_AggForCut=0;CPXPARAM_MIP_Limits_CutPasses=0;CPXPARAM_MIP_Limits_CutsFactor=-1;CPXPARAM_MIP_Limits_GomoryCand=200;CPXPARAM_MIP_Limits_GomoryPass=0;CPXPARAM_MIP_Limits_Nodes=9223372036800000000;CPXPARAM_MIP_Limits_ProbeTime=1e+75;CPXPARAM_MIP_Limits_RepairTries=0;CPXPARAM_MIP_Limits_StrongCand=10;CPXPARAM_MIP_Limits_StrongIt=0;CPXPARAM_MIP_OrderType=3;CPXPARAM_MIP_Strategy_BBInterval=7;CPXPARAM_MIP_Strategy_Branch=0;CPXPARAM_MIP_Strategy_Dive=0;CPXPARAM_MIP_Strategy_File=1;CPXPARAM_MIP_Strategy_HeuristicFreq=0;CPXPARAM_MIP_Strategy_LBHeur=0;CPXPARAM_MIP_Strategy_NodeSelect=0;CPXPARAM_MIP_Strategy_Order=1;CPXPARAM_MIP_Strategy_PresolveNode=2;CPXPARAM_MIP_Strategy_Probe=3;CPXPARAM_MIP_Strategy_RINSHeur=0;CPXPARAM_MIP_Strategy_StartAlgorithm=0;CPXPARAM_MIP_Strategy_SubAlgorithm=0;CPXPARAM_MIP_Strategy_VariableSelect=0;CPXPARAM_Network_NetFind=2;CPXPARAM_Network_Pricing=0;CPXPARAM_Parallel=1;CPXPARAM_Preprocessing_Aggregator=-1;CPXPARAM_Preprocessing_BoundStrength=-1;CPXPARAM_Preprocessing_CoeffReduce=-1;CPXPARAM_Preprocessing_Dependency=-1;CPXPARAM_Preprocessing_Dual=0;CPXPARAM_Preprocessing_Fill=2;CPXPARAM_Preprocessing_NumPass=-1;CPXPARAM_Preprocessing_Presolve=1;CPXPARAM_Preprocessing_QPMakePSD=1;CPXPARAM_Preprocessing_Reduce=0;CPXPARAM_Preprocessing_Relax=-1;CPXPARAM_Preprocessing_RepeatPresolve=-1;CPXPARAM_Preprocessing_Symmetry=-1;CPXPARAM_Read_Scale=1;CPXPARAM_Sifting_Algorithm=0;CPXPARAM_Simplex_Crash=1;CPXPARAM_Simplex_DGradient=0;CPXPARAM_Simplex_Limits_Perturbation=0;CPXPARAM_Simplex_Limits_Singularity=10;CPXPARAM_Simplex_PGradient=0;CPXPARAM_Simplex_Pricing=0;CPXPARAM_Simplex_Refactor=0
11312300741408984963,0,CPXPARAM_Advance=1;CPXPARAM_Barrier_Algorithm=0;CPXPARAM_Barrier_ColNonzeros=0;CPXPARAM_Barrier_Crossover=0;CPXPARAM_Barrier_Limits_Corrections=-1;CPXPARAM_Barrier_Ordering=3;CPXPARAM_Barrier_StartAlg=1;CPXPARAM_Emphasis_MIP=2;CPXPARAM_Emphasis_Memory=0;CPXPARAM_Emphasis_Numerical=0;CPXPARAM_Feasopt_Mode=0;CPXPARAM_LPMethod=0;CPXPARAM_MIP_Cuts_Cliques=-1;CPXPARAM_MIP_Cuts_Covers=2;CPXPARAM_MIP_Cuts_Disjunctive=1;CPXPARAM_MIP_Cuts_FlowCovers=2;CPXPARAM_MIP_Cuts_GUBCovers=1;CPXPARAM_MIP_Cuts_Gomory=0;CPXPARAM_MIP_Cuts_Implied=-1;CPXPARAM_MIP_Cuts_MIRCut=-1;CPXPARAM_MIP_Cuts_PathCut=-1;CPXPARAM_MIP_Limits_AggForCut=3;CPXPARAM_MIP_Limits_CutPasses=0;CPXPARAM_MIP_Limits_CutsFactor=-1;CPXPARAM_MIP_Limits_GomoryCand=400;CPXPARAM_MIP_Limits_GomoryPass=0;CPXPARAM_MIP_Limits_Nodes=9223372036800000000;CPXPARAM_MIP_Limits_ProbeTime=1e+75;CPXPARAM_MIP_Limits_RepairTries=0;CPXPARAM_MIP_Limits_StrongCand=10;CPXPARAM_MIP_Limits_StrongIt=0;CPXPARAM_MIP_OrderType=0;CPXPARAM_MIP_Strategy_BBInterval=7;CPXPARAM_MIP_Strategy_Branch=0;CPXPARAM_MIP_Strategy_Dive=0;CPXPARAM_MIP_Strategy_File=1;CPXPARAM_MIP_Strategy_HeuristicFreq=0;CPXPARAM_MIP_Strategy_LBHeur=0;CPXPARAM_MIP_Strategy_NodeSelect=1;CPXPARAM_MIP_Strategy_Order=1;CPXPARAM_MIP_Strategy_PresolveNode=0;CPXPARAM_MIP_Strategy_Probe=0;CPXPARAM_MIP_Strategy_RINSHeur=0;CPXPARAM_MIP_Strategy_StartAlgorithm=0;CPXPARAM_MIP_Strategy_SubAlgorithm=0;CPXPARAM_MIP_Strategy_VariableSelect=0;CPXPARAM_Network_NetFind=2;CPXPARAM_Network_Pricing=0;CPXPARAM_Parallel=1;CPXPARAM_Preprocessing_Aggregator=-1;CPXPARAM_Preprocessing_BoundStrength=-1;CPXPARAM_Preprocessing_CoeffReduce=-1;CPXPARAM_Preprocessing_Dependency=-1;CPXPARAM_Preprocessing_Dual=0;CPXPARAM_Preprocessing_Fill=10;CPXPARAM_Preprocessing_NumPass=-1;CPXPARAM_Preprocessing_Presolve=1;CPXPARAM_Preprocessing_QPMakePSD=1;CPXPARAM_Preprocessing_Reduce=3;CPXPARAM_Preprocessing_Relax=-1;CPXPARAM_Preprocessing_RepeatPresolve=-1;CPXPARAM_Preprocessing_Symmetry=-1;CPXPARAM_Read_Scale=0;CPXPARAM_Sifting_Algorithm=0;CPXPARAM_Simplex_Crash=1;CPXPARAM_Simplex_DGradient=0;CPXPARAM_Simplex_Limits_Perturbation=0;CPXPARAM_Simplex_Limits_Singularity=10;CPXPARAM_Simplex_PGradient=0;CPXPARAM_Simplex_Pricing=0;CPXPARAM_Simplex_Refactor=0
13025460324078104500,0,CPXPARAM_Advance=1;CPXPARAM_Barrier_Algorithm=0;CPXPARAM_Barrier_ColNonzeros=0;CPXPARAM_Barrier_Crossover=0;CPXPARAM_Barrier_Limits_Corrections=-1;CPXPARAM_Barrier_Ordering=0;CPXPARAM_Barrier_StartAlg=1;CPXPARAM_Emphasis_MIP=2;CPXPARAM_Emphasis_Memory=0;CPXPARAM_Emphasis_Numerical=0;CPXPARAM_Feasopt_Mode=0;CPXPARAM_LPMethod=0;CPXPARAM_MIP_Cuts_Cliques=-1;CPXPARAM_MIP_Cuts_Covers=2;CPXPARAM_MIP_Cuts_Disjunctive=1;CPXPARAM_MIP_Cuts_FlowCovers=2;CPXPARAM_MIP_Cuts_GUBCovers=1;CPXPARAM_MIP_Cuts_Gomory=0;CPXPARAM_MIP_Cuts_Implied=-1;CPXPARAM_MIP_Cuts_MIRCut=-1;CPXPARAM_MIP_Cuts_PathCut=-1;CPXPARAM_MIP_Limits_AggForCut=3;CPXPARAM_MIP_Limits_CutPasses=0;CPXPARAM_MIP_Limits_CutsFactor=-1;CPXPARAM_MIP_Limits_GomoryCand=400;CPXPARAM_MIP_Limits_GomoryPass=0;CPXPARAM_MIP_Limits_Nodes=9223372036800000000;CPXPARAM_MIP_Limits_ProbeTime=1e+75;CPXPARAM_MIP_Limits_RepairTries=0;CPXPARAM_MIP_Limits_StrongCand=10;CPXPARAM_MIP_Limits_StrongIt=0;CPXPARAM_MIP_OrderType=0;CPXPARAM_MIP_Strategy_BBInterval=7;CPXPARAM_MIP_Strategy_Branch=0;CPXPARAM_MIP_Strategy_Dive=0;CPXPARAM_MIP_Strategy_File=1;CPXPARAM_MIP_Strategy_HeuristicFreq=0;CPXPARAM_MIP_Strategy_LBHeur=0;CPXPARAM_MIP_Strategy_NodeSelect=1;CPXPARAM_MIP_Strategy_Order=1;CPXPARAM_MIP_Strategy_PresolveNode=0;CPXPARAM_MIP_Strategy_Probe=0;CPXPARAM_MIP_Strategy_RINSHeur=0;CPXPARAM_MIP_Strategy_StartAlgorithm=0;CPXPARAM_MIP_Strategy_SubAlgorithm=0;CPXPARAM_MIP_Strategy_VariableSelect=0;CPXPARAM_Network_NetFind=2;CPXPARAM_Network_Pricing=0;CPXPARAM_Parallel=1;CPXPARAM_Preprocessing_Aggregator=-1;CPXPARAM_Preprocessing_BoundStrength=-1;CPXPARAM_Preprocessing_CoeffReduce=-1;CPXPARAM_Preprocessing_Dependency=-1;CPXPARAM_Preprocessing_Dual=0;CPXPARAM_Preprocessing_Fill=10;CPXPARAM_Preprocessing_NumPass=-1;CPXPARAM_Preprocessing_Presolve=1;CPXPARAM_Preprocessing_QPMakePSD=1;CPXPARAM_Preprocessing_Reduce=3;CPXPARAM_Preprocessing_Relax=0;CPXPARAM_Preprocessing_RepeatPresolve=-1;CPXPARAM_Preprocessing_Symmetry=-1;CPXPARAM_Read_Scale=0;CPXPARAM_Sifting_Algorithm=0;CPXPARAM_Simplex_Crash=1;CPXPARAM_Simplex_DGradient=0;CPXPARAM_Simplex_Limits_Perturbation=0;CPXPARAM_Simplex_Limits_Singularity=10;CPXPARAM_Simplex_PGradient=0;CPXPARAM_Simplex_Pricing=0;CPXPARAM_Simplex_Refactor=0
4670097604237111336,0,CPXPARAM_Advance=1;CPXPARAM_Barrier_Algorithm=0;CPXPARAM_Barrier_ColNonzeros=0;CPXPARAM_Barrier_Crossover=0;CPXPARAM_Barrier_Limits_Corrections=-1;CPXPARAM_Barrier_Ordering=0;CPXPARAM_Barrier_StartAlg=1;CPXPARAM_Emphasis_MIP=4;CPXPARAM_Emphasis_Memory=0;CPXPARAM_Emphasis_Numerical=0;CPXPARAM_Feasopt_Mode=0;CPXPARAM_LPMethod=0;CPXPARAM_MIP_Cuts_Cliques=-1;CPXPARAM_MIP_Cuts_Covers=0;CPXPARAM_MIP_Cuts_Disjunctive=-1;CPXPARAM_MIP_Cuts_FlowCovers=1;CPXPARAM_MIP_Cuts_GUBCovers=0;CPXPARAM_MIP_Cuts_Gomory=0;CPXPARAM_MIP_Cuts_Implied=0;CPXPARAM_MIP_Cuts_MIRCut=1;CPXPARAM_MIP_Cuts_PathCut=0;CPXPARAM_MIP_Limits_AggForCut=3;CPXPARAM_MIP_Limits_CutPasses=0;CPXPARAM_MIP_Limits_CutsFactor=-1;CPXPARAM_MIP_Limits_GomoryCand=50;CPXPARAM_MIP_Limits_GomoryPass=0;CPXPARAM_MIP_Limits_Nodes=9223372036800000000;CPXPARAM_MIP_Limits_ProbeTime=1e+75;CPXPARAM_MIP_Limits_RepairTries=0;CPXPARAM_MIP_Limits_StrongCand=10;CPXPARAM_MIP_Limits_StrongIt=0;CPXPARAM_MIP_OrderType=0;CPXPARAM_MIP_Strategy_BBInterval=7;CPXPARAM_MIP_Strategy_Branch=0;CPXPARAM_MIP_Strategy_Dive=0;CPXPARAM_MIP_Strategy_File=1;CPXPARAM_MIP_Strategy_HeuristicFreq=0;CPXPARAM_MIP_Strategy_LBHeur=0;CPXPARAM_MIP_Strategy_NodeSelect=1;CPXPARAM_MIP_Strategy_Order=1;CPXPARAM_MIP_Strategy_PresolveNode=0;CPXPARAM_MIP_Strategy_Probe=0;CPXPARAM_MIP_Strategy_RINSHeur=0;CPXPARAM_MIP_Strategy_StartAlgorithm=0;CPXPARAM_MIP_Strategy_SubAlgorithm=0;CPXPARAM_MIP_Strategy_VariableSelect=0;CPXPARAM_Network_NetFind=2;CPXPARAM_Network_Pricing=0;CPXPARAM_Parallel=1;CPXPARAM_Preprocessing_Aggregator=-1;CPXPARAM_Preprocessing_BoundStrength=-1;CPXPARAM_Preprocessing_CoeffReduce=-1;CPXPARAM_Preprocessing_Dependency=-1;CPXPARAM_Preprocessing_Dual=0;CPXPARAM_Preprocessing_Fill=10;CPXPARAM_Preprocessing_NumPass=-1;CPXPARAM_Preprocessing_Presolve=1;CPXPARAM_Preprocessing_QPMakePSD=1;CPXPARAM_Preprocessing_Reduce=3;CPXPARAM_Preprocessing_Relax=-1;CPXPARAM_Preprocessing_RepeatPresolve=-1;CPXPARAM_Preprocessing_Symmetry=-1;CPXPARAM_Read_Scale=0;CPXPARAM_Sifting_Algorithm=0;CPXPARAM_Simplex_Crash=1;CPXPARAM_Simplex_DGradient=0;CPXPARAM_Simplex_Limits_Perturbation=0;CPXPARAM_Simplex_Limits_Singularity=10;CPXPARAM_Simplex_PGradient=0;CPXPARAM_Simplex_Pricing=0;CPXPARAM_Simplex_Refactor=0
12528735152148838734,0,CPXPARAM_Advance=1;CPXPARAM_Barrier_Algorithm=0;CPXPARAM_Barrier_ColNonzeros=0;CPXPARAM_Barrier_Crossover=0;CPXPARAM_Barrier_Limits_Corrections=-1;CPXPARAM_Barrier_Ordering=0;CPXPARAM_Barrier_StartAlg=1;CPXPARAM_Emphasis_MIP=2;CPXPARAM_Emphasis_Memory=0;CPXPARAM_Emphasis_Numerical=0;CPXPARAM_Feasopt_Mode=0;CPXPARAM_LPMethod=0;CPXPARAM_MIP_Cuts_Cliques=-1;CPXPARAM_MIP_Cuts_Covers=2;CPXPARAM_MIP_Cuts_Disjunctive=1;CPXPARAM_MIP_Cuts_FlowCovers=2;CPXPARAM_MIP_Cuts_GUBCovers=1;CPXPARAM_MIP_Cuts_Gomory=0;CPXPARAM_MIP_Cuts_Implied=-1;CPXPARAM_MIP_Cuts_MIRCut=-1;CPXPARAM_MIP_Cuts_PathCut=-1;CPXPARAM_MIP_Limits_AggForCut=3;CPXPARAM_MIP_Limits_CutPasses=0;CPXPARAM_MIP_Limits_CutsFactor=-1;CPXPARAM_MIP_Limits_GomoryCand=400;CPXPARAM_MIP_Limits_GomoryPass=0;CPXPARAM_MIP_Limits_Nodes=9223372036800000000;CPXPARAM_MIP_Limits_ProbeTime=1e+75;CPXPARAM_MIP_Limits_RepairTries=0;CPXPARAM_MIP_Limits_StrongCand=10;CPXPARAM_MIP_Limits_StrongIt=0;CPXPARAM_MIP_OrderType=0;CPXPARAM_MIP_Strategy_BBInterval=7;CPXPARAM_MIP_Strategy_Branch=0;CPXPARAM_MIP_Strategy_Dive=0;CPXPARAM_MIP_Strategy_File=1;CPXPARAM_MIP_Strategy_HeuristicFreq=0;CPXPARAM_MIP_Strategy_LBHeur=0;CPXPARAM_MIP_Strategy_NodeSelect=1;CPXPARAM_MIP_Strategy_Order=1;CPXPARAM_MIP_Strategy_PresolveNode=0;CPXPARAM_MIP_Strategy_Probe=0;CPXPARAM_MIP_Strategy_RINSHeur=0;CPXPARAM_MIP_Strategy_StartAlgorithm=0;CPXPARAM_MIP_Strategy_SubAlgorithm=0;CPXPARAM_MIP_Strategy_VariableSelect=0;CPXPARAM_Network_NetFind=2;CPXPARAM_Network_Pricing=0;CPXPARAM_Parallel=1;CPXPARAM_Preprocessing_Aggregator=-1;CPXPARAM_Preprocessing_BoundStrength=-1;CPXPARAM_Preprocessing_CoeffReduce=-1;CPXPARAM_Preprocessing_Dependency=-1;CPXPARAM_Preprocessing_Dual=0;CPXPARAM_Preprocessing_Fill=10;CPXPARAM_Preprocessing_NumPass=-1;CPXPARAM_Preprocessing_Presolve=1;CPXPARAM_Preprocessing_QPMakePSD=1;CPXPARAM_Preprocessing_Reduce=3;CPXPARAM_Preprocessing_Relax=-1;CPXPARAM_Preprocessing_RepeatPresolve=-1;CPXPARAM_Preprocessing_Symmetry=-1;CPXPARAM_Read_Scale=0;CPXPARAM_Sifting_Algorithm=1;CPXPARAM_Simplex_Crash=1;CPXPARAM_Simplex_DGradient=0;CPXPARAM_Simplex_Limits_Perturbation=0;CPXPARAM_Simplex_Limits_Singularity=10;CPXPARAM_Simplex_PGradient=0;CPXPARAM_Simplex_Pricing=0;CPXPARAM_Simplex_Refactor=0
11528040146790301144,0,CPXPARAM_Advance=1;CPXPARAM_Barrier_Algorithm=0;CPXPARAM_Barrier_ColNonzeros=0;CPXPARAM_Barrier_Crossover=0;CPXPARAM_Barrier_Limits_Corrections=-1;CPXPARAM_Barrier_Ordering=0;CPXPARAM_Barrier_StartAlg=1;CPXPARAM_Emphasis_MIP=0;CPXPARAM_Emphasis_Memory=0;CPXPARAM_Emphasis_Numerical=0;CPXPARAM_Feasopt_Mode=0;CPXPARAM_LPMethod=0;CPXPARAM_MIP_Cuts_Cliques=3;CPXPARAM_MIP_Cuts_Covers=-1;CPXPARAM_MIP_Cuts_Disjunctive=-1;CPXPARAM_MIP_Cuts_FlowCovers=-1;CPXPARAM_MIP_Cuts_GUBCovers=0;CPXPARAM_MIP_Cuts_Gomory=0;CPXPARAM_MIP_Cuts_Implied=2;CPXPARAM_MIP_Cuts_MIRCut=-1;CPXPARAM_MIP_Cuts_PathCut=-1;CPXPARAM_MIP_Limits_AggForCut=2;CPXPARAM_MIP_Limits_CutPasses=0;CPXPARAM_MIP_Limits_CutsFactor=-1;CPXPARAM_MIP_Limits_GomoryCand=50;CPXPARAM_MIP_Limits_GomoryPass=0;CPXPARAM_MIP_Limits_Nodes=9223372036800000000;CPXPARAM_MIP_Limits_ProbeTime=1e+75;CPXPARAM_MIP_Limits_RepairTries=0;CPXPARAM_MIP_Limits_StrongCand=10;CPXPARAM_MIP_Limits_StrongIt=0;CPXPARAM_MIP_OrderType=0;CPXPARAM_MIP_Strategy_BBInterval=7;CPXPARAM_MIP_Strategy_Branch=0;CPXPARAM_MIP_Strategy_Dive=0;CPXPARAM_MIP_Strategy_File=1;CPXPARAM_MIP_Strategy_HeuristicFreq=0;CPXPARAM_MIP_Strategy_LBHeur=0;CPXPARAM_MIP_Strategy_NodeSelect=0;CPXPARAM_MIP_Strategy_Order=1;CPXPARAM_MIP_Strategy_PresolveNode=3;CPXPARAM_MIP_Strategy_Probe=0;CPXPARAM_MIP_Strategy_RINSHeur=0;CPXPARAM_MIP_Strategy_StartAlgorithm=0;CPXPARAM_MIP_Strategy_SubAlgorithm=0;CPXPARAM_MIP_Strategy_VariableSelect=2;CPXPARAM_Network_NetFind=2;CPXPARAM_Network_Pricing=0;CPXPARAM_Parallel=1;CPXPARAM_Preprocessing_Aggregator=-1;CPXPARAM_Preprocessing_BoundStrength=-1;CPXPARAM_Preprocessing_CoeffReduce=-1;CPXPARAM_Preprocessing_Dependency=-1;CPXPARAM_Preprocessing_Dual=0;CPXPARAM_Preprocessing_Fill=40;CPXPARAM_Preprocessing_NumPass=-1;CPXPARAM_Preprocessing_Presolve=1;CPXPARAM_Preprocessing_QPMakePSD=1;CPXPARAM_Preprocessing_Reduce=3;CPXPARAM_Preprocessing_Relax=-1;CPXPARAM_Preprocessing_RepeatPresolve=-1;CPXPARAM_Preprocessing_Symmetry=-1;CPXPARAM_Read_Scale=0;CPXPARAM_Sifting_Algorithm=0;CPXPARAM_Simplex_Crash=1;CPXPARAM_Simplex_DGradient=0;CPXPARAM_Simplex_Limits_Perturbation=0;CPXPARAM_Simplex_Limits_Singularity=10;CPXPARAM_Simplex_PGradient=0;CPXPARAM_Simplex_Pricing=0;CPXPARAM_Simplex_Refactor=0
5997343343886935315,0,CPXPARAM_Advance=1;CPXPARAM_Barrier_Algorithm=0;CPXPARAM_Barrier_ColNonzeros=0;CPXPARAM_Barrier_Crossover=0;CPXPARAM_Barrier_Limits_Corrections=-1;CPXPARAM_Barrier_Ordering=0;CPXPARAM_Barrier_StartAlg=1;CPXPARAM_Emphasis_MIP=0;CPXPARAM_Emphasis_Memory=0;CPXPARAM_Emphasis_Numerical=0;CPXPARAM_Feasopt_Mode=0;CPXPARAM_LPMethod=0;CPXPARAM_MIP_Cuts_Cliques=3;CPXPARAM_MIP_Cuts_Covers=3;CPXPARAM_MIP_Cuts_Disjunctive=0;CPXPARAM_MIP_Cuts_FlowCovers=-1;CPXPARAM_MIP_Cuts_GUBCovers=1;CPXPARAM_MIP_Cuts_Gomory=0;CPXPARAM_MIP_Cuts_Implied=1;CPXPARAM_MIP_Cuts_MIRCut=2;CPXPARAM_MIP_Cuts_PathCut=0;CPXPARAM_MIP_Limits_AggForCut=3;CPXPARAM_MIP_Limits_CutPasses=0;CPXPARAM_MIP_Limits_CutsFactor=-1;CPXPARAM_MIP_Limits_GomoryCand=100;CPXPARAM_MIP_Limits_GomoryPass=0;CPXPARAM_MIP_Limits_Nodes=9223372036800000000;CPXPARAM_MIP_Limits_ProbeTime=1e+75;CPXPARAM_MIP_Limits_RepairTries=0;CPXPARAM_MIP_Limits_StrongCand=10;CPXPARAM_MIP_Limits_StrongIt=0;CPXPARAM_MIP_OrderType=0;CPXPARAM_MIP_Strategy_BBInterval=7;CPXPARAM_MIP_Strategy_Branch=0;CPXPARAM_MIP_Strategy_Dive=0;CPXPARAM_MIP_Strategy_File=1;CPXPARAM_MIP_Strategy_HeuristicFreq=0;CPXPARAM_MIP_Strategy_LBHeur=0;CPXPARAM_MIP_Strategy_NodeSelect=3;CPXPARAM_MIP_Strategy_Order=1;CPXPARAM_MIP_Strategy_PresolveNode=1;CPXPARAM_MIP_Strategy_Probe=1;CPXPARAM_MIP_Strategy_RINSHeur=0;CPXPARAM_MIP_Strategy_StartAlgorithm=0;CPXPARAM_MIP_Strategy_SubAlgorithm=0;CPXPARAM_MIP_Strategy_VariableSelect=1;CPXPARAM_Network_NetFind=2;CPXPARAM_Network_Pricing=0;CPXPARAM_Parallel=1;CPXPARAM_Preprocessing_Aggregator=-1;CPXPARAM_Preprocessing_BoundStrength=-1;CPXPARAM_Preprocessing_CoeffReduce=-1;CPXPARAM_Preprocessing_Dependency=-1;CPXPARAM_Preprocessing_Dual=0;CPXPARAM_Preprocessing_Fill=10;CPXPARAM_Preprocessing_NumPass=-1;CPXPARAM_Preprocessing_Presolve=1;CPXPARAM_Preprocessing_QPMakePSD=1;CPXPARAM_Preprocessing_Reduce=3;CPXPARAM_Preprocessing_Relax=-1;CPXPARAM_Preprocessing_RepeatPresolve=-1;CPXPARAM_Preprocessing_Symmetry=-1;CPXPARAM_Read_Scale=0;CPXPARAM_Sifting_Algorithm=0;CPXPARAM_Simplex_Crash=1;CPXPARAM_Simplex_DGradient=0;CPXPARAM_Simplex_Limits_Perturbation=0;CPXPARAM_Simplex_Limits_Singularity=10;CPXPARAM_Simplex_PGradient=0;CPXPARAM_Simplex_Pricing=0;CPXPARAM_Simplex_Refactor=0
8915429760485573170,0,CPXPARAM_Advance=1;CPXPARAM_Barrier_Algorithm=0;CPXPARAM_Barrier_ColNonzeros=0;CPXPARAM_Barrier_Crossover=0;CPXPARAM_Barrier_Limits_Corrections=-1;CPXPARAM_Barrier_Ordering=0;CPXPARAM_Barrier_StartAlg=1;CPXPARAM_Emphasis_MIP=2;CPXPARAM_Emphasis_Memory=0;CPXPARAM_Emphasis_Numerical=0;CPXPARAM_Feasopt_Mode=0;CPXPARAM_LPMethod=0;CPXPARAM_MIP_Cuts_Cliques=-1;CPXPARAM_MIP_Cuts_Covers=2;CPXPARAM_MIP_Cuts_Disjunctive=1;CPXPARAM_MIP_Cuts_FlowCovers=2;CPXPARAM_MIP_Cuts_GUBCovers=1;CPXPARAM_MIP_Cuts_Gomory=0;CPXPARAM_MIP_Cuts_Implied=-1;CPXPARAM_MIP_Cuts_MIRCut=-1;CPXPARAM_MIP_Cuts_PathCut=-1;CPXPARAM_MIP_Limits_AggForCut=3;CPXPARAM_MIP_Limits_CutPasses=0;CPXPARAM_MIP_Limits_CutsFactor=-1;CPXPARAM_MIP_Limits_GomoryCand=400;CPXPARAM_MIP_Limits_GomoryPass=0;CPXPARAM_MIP_Limits_Nodes=9223372036800000000;CPXPARAM_MIP_Limits_ProbeTime=1e+75;CPXPARAM_MIP_Limits_RepairTries=0;CPXPARAM_MIP_Limits_StrongCand=10;CPXPARAM_MIP_Limits_StrongIt=0;CPXPARAM_MIP_OrderType=0;CPXPARAM_MIP_Strategy_BBInterval=7;CPXPARAM_MIP_Strategy_Branch=0;CPXPARAM_MIP_Strategy_Dive=0;CPXPARAM_MIP_Strategy_File=1;CPXPARAM_MIP_Strategy_HeuristicFreq=0;CPXPARAM_MIP_Strategy_LBHeur=0;CPXPARAM_MIP_Strategy_NodeSelect=1;CPXPARAM_MIP_Strategy_Order=1;CPXPARAM_MIP_Strategy_PresolveNode=0;CPXPARAM_MIP_Strategy_Probe=0;CPXPARAM_MIP_Strategy_RINSHeur=0;CPXPARAM_MIP_Strategy_StartAlgorithm=0;CPXPARAM_MIP_Strategy_SubAlgorithm=0;CPXPARAM_MIP_Strategy_VariableSelect=0;CPXPARAM_Network_NetFind=2;CPXPARAM_Network_Pricing=0;CPXPARAM_Parallel=1;CPXPARAM_Preprocessing_Aggregator=-1;CPXPARAM_Preprocessing_BoundStrength=-1;CPXPARAM_Preprocessing_CoeffReduce=-1;CPXPARAM_Preprocessing_Dependency=-1;CPXPARAM_Preprocessing_Dual=0;CPXPARAM_Preprocessing_Fill=10;CPXPARAM_Preprocessing_NumPass=-1;CPXPARAM_Preprocessing_Presolve=1;CPXPARAM_Preprocessing_QPMakePSD=1;CPXPARAM_Preprocessing_Reduce=3;CPXPARAM_Preprocessing_Relax=-1;CPXPARAM_Preprocessing_RepeatPresolve=-1;CPXPARAM_Preprocessing_Symmetry=-1;CPXPARAM_Read_Scale=0;CPXPARAM_Sifting_Algorithm=0;CPXPARAM_Simplex_Crash=0;CPXPARAM_Simplex_DGradient=0;CPXPARAM_Simplex_Limits_Perturbation=0;CPXPARAM_Simplex_Limits_Singularity=10;CPXPARAM_Simplex_PGradient=0;CPXPARAM_Simplex_Pricing=0;CPXPARAM_Simplex_Refactor=0
12535488197775519772,0,CPXPARAM_Advance=1;CPXPARAM_Barrier_Algorithm=0;CPXPARAM_Barrier_ColNonzeros=0;CPXPARAM_Barrier_Crossover=0;CPXPARAM_Barrier_Limits_Corrections=-1;CPXPARAM_Barrier_Ordering=0;CPXPARAM_Barrier_StartAlg=1;CPXPARAM_Emphasis_MIP=2;CPXPARAM_Emphasis_Memory=0;CPXPARAM_Emphasis_Numerical=0;CPXPARAM_Feasopt_Mode=0;CPXPARAM_LPMethod=0;CPXPARAM_MIP_Cuts_Cliques=1;CPXPARAM_MIP_Cuts_Covers=-1;CPXPARAM_MIP_Cuts_Disjunctive=1;CPXPARAM_MIP_Cuts_FlowCovers=1;CPXPARAM_MIP_Cuts_GUBCovers=1;CPXPARAM_MIP_Cuts_Gomory=0;CPXPARAM_MIP_Cuts_Implied=2;CPXPARAM_MIP_Cuts_MIRCut=1;CPXPARAM_MIP_Cuts_PathCut=2;CPXPARAM_MIP_Limits_AggForCut=5;CPXPARAM_MIP_Limits_CutPasses=0;CPXPARAM_MIP_Limits_CutsFactor=-1;CPXPARAM_MIP_Limits_GomoryCand=50;CPXPARAM_MIP_Limits_GomoryPass=0;CPXPARAM_MIP_Limits_Nodes=9223372036800000000;CPXPARAM_MIP_Limits_ProbeTime=1e+75;CPXPARAM_MIP_Limits_RepairTries=0;CPXPARAM_MIP_Limits_StrongCand=10;CPXPARAM_MIP_Limits_StrongIt=0;CPXPARAM_MIP_OrderType=1;CPXPARAM_MIP_Strategy_BBInterval=7;CPXPARAM_MIP_Strategy_Branch=0;CPXPARAM_MIP_Strategy_Dive=0;CPXPARAM_MIP_Strategy_File=1;CPXPARAM_MIP_Strategy_HeuristicFreq=0;CPXPARAM_MIP_Strategy_LBHeur=0;CPXPARAM_MIP_Strategy_NodeSelect=0;CPXPARAM_MIP_Strategy_Order=1;CPXPARAM_MIP_Strategy_PresolveNode=-1;CPXPARAM_MIP_Strategy_Probe=-1;CPXPARAM_MIP_Strategy_RINSHeur=0;CPXPARAM_MIP_Strategy_StartAlgorithm=0;CPXPARAM_MIP_Strategy_SubAlgorithm=0;CPXPARAM_MIP_Strategy_VariableSelect=1;CPXPARAM_Network_NetFind=2;CPXPARAM_Network_Pricing=0;CPXPARAM_Parallel=1;CPXPARAM_Preprocessing_Aggregator=-1;CPXPARAM_Preprocessing_BoundStrength=-1;CPXPARAM_Preprocessing_CoeffReduce=-1;CPXPARAM_Preprocessing_Dependency=-1;CPXPARAM_Preprocessing_Dual=0;CPXPARAM_Preprocessing_Fill=40;CPXPARAM_Preprocessing_NumPass=-1;CPXPARAM_Preprocessing_Presolve=1;CPXPARAM_Preprocessing_QPMakePSD=1;CPXPARAM_Preprocessing_Reduce=1;CPXPARAM_Preprocessing_Relax=-1;CPXPARAM_Preprocessing_RepeatPresolve=-1;CPXPARAM_Preprocessing_Symmetry=-1;CPXPARAM_Read_Scale=-1;CPXPARAM_Sifting_Algorithm=0;CPXPARAM_Simplex_Crash=1;CPXPARAM_Simplex_DGradient=0;CPXPARAM_Simplex_Limits_Perturbation=0;CPXPARAM_Simplex_Limits_Singularity=10;CPXPARAM_Simplex_PGradient=0;CPXPARAM_Simplex_Pricing=0;CPXPARAM_Simplex_Refactor=0
13037099802164863196,0,CPXPARAM_Advance=1;CPXPARAM_Barrier_Algorithm=0;CPXPARAM_Barrier_ColNonzeros=0;CPXPARAM_Barrier_Crossover=0;CPXPARAM_Barrier_Limits_Corrections=-1;CPXPARAM_Barrier_Ordering=0;CPXPARAM_Barrier_StartAlg=1;CPXPARAM_Emphasis_MIP=5;CPXPARAM_Emphasis_Memory=0;CPXPARAM_Emphasis_Numerical=0;CPXPARAM_Feasopt_Mode=0;CPXPARAM_LPMethod=0;CPXPARAM_MIP_Cuts_Cliques=0;CPXPARAM_MIP_Cuts_Covers=0;CPXPARAM_MIP_Cuts_Disjunctive=0;CPXPARAM_MIP_Cuts_FlowCovers=1;CPXPARAM_MIP_Cuts_GUBCovers=1;CPXPARAM_MIP_Cuts_Gomory=-1;CPXPARAM_MIP_Cuts_Implied=2;CPXPARAM_MIP_Cuts_MIRCut=1;CPXPARAM_MIP_Cuts_PathCut=0;CPXPARAM_MIP_Limits_AggForCut=3;CPXPARAM_MIP_Limits_CutPasses=0;CPXPARAM_MIP_Limits_CutsFactor=-1;CPXPARAM_MIP_Limits_GomoryCand=800;CPXPARAM_MIP_Limits_GomoryPass=0;CPXPARAM_MIP_Limits_Nodes=9223372036800000000;CPXPARAM_MIP_Limits_ProbeTime=1e+75;CPXPARAM_MIP_Limits_RepairTries=0;CPXPARAM_MIP_Limits_StrongCand=10;CPXPARAM_MIP_Limits_StrongIt=0;CPXPARAM_MIP_OrderType=0;CPXPARAM_MIP_Strategy_BBInterval=7;CPXPARAM_MIP_Strategy_Branch=-1;CPXPARAM_MIP_Strategy_Dive=0;CPXPARAM_MIP_Strategy_File=1;CPXPARAM_MIP_Strategy_HeuristicFreq=0;CPXPARAM_MIP_Strategy_LBHeur=0;CPXPARAM_MIP_Strategy_NodeSelect=2;CPXPARAM_MIP_Strategy_Order=1;CPXPARAM_MIP_Strategy_PresolveNode=-1;CPXPARAM_MIP_Strategy_Probe=3;CPXPARAM_MIP_Strategy_RINSHeur=0;CPXPARAM_MIP_Strategy_StartAlgorithm=0;CPXPARAM_MIP_Strategy_SubAlgorithm=0;CPXPARAM_MIP_Strategy_VariableSelect=1;CPXPARAM_Network_NetFind=2;CPXPARAM_Network_Pricing=0;CPXPARAM_Parallel=1;CPXPARAM_Preprocessing_Aggregator=-1;CPXPARAM_Preprocessing_BoundStrength=-1;CPXPARAM_Preprocessing_CoeffReduce=-1;CPXPARAM_Preprocessing_Dependency=-1;CPXPARAM_Preprocessing_Dual=0;CPXPARAM_Preprocessing_Fill=40;CPXPARAM_Preprocessing_NumPass=-1;CPXPARAM_Preprocessing_Presolve=1;CPXPARAM_Preprocessing_QPMakePSD=1;CPXPARAM_Preprocessing_Reduce=3;CPXPARAM_Preprocessing_Relax=-1;CPXPARAM_Preprocessing_RepeatPresolve=-1;CPXPARAM_Preprocessing_Symmetry=-1;CPXPARAM_Read_Scale=0;CPXPARAM_Sifting_Algorithm=0;CPXPARAM_Simplex_Crash=1;CPXPARAM_Simplex_DGradient=0;CPXPARAM_Simplex_Limits_Perturbation=0;CPXPARAM_Simplex_Limits_Singularity=10;CPXPARAM_Simplex_PGradient=0;CPXPARAM_Simplex_Pricing=0;CPXPARAM_Simplex_Refactor=0
988501879630425842,0,CPXPARAM_Advance=1;CPXPARAM_Barrier_Algorithm=0;CPXPARAM_Barrier_ColNonzeros=0;CPXPARAM_Barrier_Crossover=0;CPXPARAM_Barrier_Limits_Corrections=-1;CPXPARAM_Barrier_Ordering=0;CPXPARAM_Barrier_StartAlg=1;CPXPARAM_Emphasis_MIP=3;CPXPARAM_Emphasis_Memory=0;CPXPARAM_Emphasis_Numerical=0;CPXPARAM_Feasopt_Mode=0;CPXPARAM_LPMethod=0;CPXPARAM_MIP_Cuts_Cliques=3;CPXPARAM_MIP_Cuts_Covers=0;CPXPARAM_MIP_Cuts_Disjunctive=0;CPXPARAM_MIP_Cuts_FlowCovers=0;CPXPARAM_MIP_Cuts_GUBCovers=-1;CPXPARAM_MIP_Cuts_Gomory=2;CPXPARAM_MIP_Cuts_Implied=-1;CPXPARAM_MIP_Cuts_MIRCut=0;CPXPARAM_MIP_Cuts_PathCut=-1;CPXPARAM_MIP_Limits_AggForCut=3;CPXPARAM_MIP_Limits_CutPasses=0;CPXPARAM_MIP_Limits_CutsFactor=-1;CPXPARAM_MIP_Limits_GomoryCand=200;CPXPARAM_MIP_Limits_GomoryPass=0;CPXPARAM_MIP_Limits_Nodes=9223372036800000000;CPXPARAM_MIP_Limits_ProbeTime=1e+75;CPXPARAM_MIP_Limits_RepairTries=0;CPXPARAM_MIP_Limits_StrongCand=10;CPXPARAM_MIP_Limits_StrongIt=0;CPXPARAM_MIP_OrderType=0;CPXPARAM_MIP_Strategy_BBInterval=7;CPXPARAM_MIP_Strategy_Branch=0;CPXPARAM_MIP_Strategy_Dive=0;CPXPARAM_MIP_Strategy_File=1;CPXPARAM_MIP_Strategy_HeuristicFreq=0;CPXPARAM_MIP_Strategy_LBHeur=0;CPXPARAM_MIP_Strategy_NodeSelect=1;CPXPARAM_MIP_Strategy_Order=1;CPXPARAM_MIP_Strategy_PresolveNode=0;CPXPARAM_MIP_Strategy_Probe=0;CPXPARAM_MIP_Strategy_RINSHeur=0;CPXPARAM_MIP_Strategy_StartAlgorithm=0;CPXPARAM_MIP_Strategy_SubAlgorithm=0;CPXPARAM_MIP_Strategy_VariableSelect=0;CPXPARAM_Network_NetFind=2;CPXPARAM_Network_Pricing=0;CPXPARAM_Parallel=1;CPXPARAM_Preprocessing_Aggregator=-1;CPXPARAM_Preprocessing_BoundStrength=-1;CPXPARAM_Preprocessing_CoeffReduce=-1;CPXPARAM_Preprocessing_Dependency=-1;CPXPARAM_Preprocessing_Dual=0;CPXPARAM_Preprocessing_Fill=10;CPXPARAM_Preprocessing_NumPass=-1;CPXPARAM_Preprocessing_Presolve=1;CPXPARAM_Preprocessing_QPMakePSD=1;CPXPARAM_Preprocessing_Reduce=3;CPXPARAM_Preprocessing_Relax=-1;CPXPARAM_Preprocessing_RepeatPresolve=-1;CPXPARAM_Preprocessing_Symmetry=-1;CPXPARAM_Read_Scale=0;CPXPARAM_Sifting_Algorithm=0;CPXPARAM_Simplex_Crash=1;CPXPARAM_Simplex_DGradient=0;CPXPARAM_Simplex_Limits_Perturbation=0;CPXPARAM_Simplex_Limits_Singularity=10;CPXPARAM_Simplex_PGradient=0;CPXPARAM_Simplex_Pricing=0;CPXPARAM_Simplex_Refactor=0
14837416345348524111,0,CPXPARAM_Advance=1;CPXPARAM_Barrier_Algorithm=0;CPXPARAM_Barrier_ColNonzeros=0;CPXPARAM_Barrier_Crossover=0;CPXPARAM_Barrier_Limits_Corrections=-1;CPXPARAM_Barrier_Ordering=0;CPXPARAM_Barrier_StartAlg=1;CPXPARAM_Emphasis_MIP=2;CPXPARAM_Emphasis_Memory=0;CPXPARAM_Emphasis_Numerical=0;CPXPARAM_Feasopt_Mode=0;CPXPARAM_LPMethod=0;CPXPARAM_MIP_Cuts_Cliques=3;CPXPARAM_MIP_Cuts_Covers=0;CPXPARAM_MIP_Cuts_Disjunctive=0;CPXPARAM_MIP_Cuts_FlowCovers=1;CPXPARAM_MIP_Cuts_GUBCovers=-1;CPXPARAM_MIP_Cuts_Gomory=1;CPXPARAM_MIP_Cuts_Implied=0;CPXPARAM_MIP_Cuts_MIRCut=1;CPXPARAM_MIP_Cuts_PathCut=0;CPXPARAM_MIP_Limits_AggForCut=3;CPXPARAM_MIP_Limits_CutPasses=0;CPXPARAM_MIP_Limits_CutsFactor=-1;CPXPARAM_MIP_Limits_GomoryCand=200;CPXPARAM_MIP_Limits_GomoryPass=0;CPXPARAM_MIP_Limits_Nodes=9223372036800000000;CPXPARAM_MIP_Limits_ProbeTime=1e+75;CPXPARAM_MIP_Limits_RepairTries=0;CPXPARAM_MIP_Limits_StrongCand=10;CPXPARAM_MIP_Limits_StrongIt=0;CPXPARAM_MIP_OrderType=0;CPXPARAM_MIP_Strategy_BBInterval=7;CPXPARAM_MIP_Strategy_Branch=0;CPXPARAM_MIP_Strategy_Dive=0;CPXPARAM_MIP_Strategy_File=1;CPXPARAM_MIP_Strategy_HeuristicFreq=0;CPXPARAM_MIP_Strategy_LBHeur=0;CPXPARAM_MIP_Strategy_NodeSelect=2;CPXPARAM_MIP_Strategy_Order=1;CPXPARAM_MIP_Strategy_PresolveNode=2;CPXPARAM_MIP_Strategy_Probe=3;CPXPARAM_MIP_Strategy_RINSHeur=0;CPXPARAM_MIP_Strategy_StartAlgorithm=0;CPXPARAM_MIP_Strategy_SubAlgorithm=0;CPXPARAM_MIP_Strategy_VariableSelect=-1;CPXPARAM_Network_NetFind=2;CPXPARAM_Network_Pricing=0;CPXPARAM_Parallel=1;CPXPARAM_Preprocessing_Aggregator=-1;CPXPARAM_Preprocessing_BoundStrength=-1;CPXPARAM_Preprocessing_CoeffReduce=-1;CPXPARAM_Preprocessing_Dependency=-1;CPXPARAM_Preprocessing_Dual=0;CPXPARAM_Preprocessing_Fill=10;CPXPARAM_Preprocessing_NumPass=-1;CPXPARAM_Preprocessing_Presolve=1;CPXPARAM_Preprocessing_QPMakePSD=1;CPXPARAM_Preprocessing_Reduce=3;CPXPARAM_Preprocessing_Relax=-1;CPXPARAM_Preprocessing_RepeatPresolve=-1;CPXPARAM_Preprocessing_Symmetry=-1;CPXPARAM_Read_Scale=0;CPXPARAM_Sifting_Algorithm=0;CPXPARAM_Simplex_Crash=1;CPXPARAM_Simplex_DGradient=0;CPXPARAM_Simplex_Limits_Perturbation=0;CPXPARAM_Simplex_Limits_Singularity=10;CPXPARAM_Simplex_PGradient=0;CPXPARAM_Simplex_Pricing=0;CPXPARAM_Simplex_Refactor=0
17460703577508714075,0,CPXPARAM_Advance=1;CPXPARAM_Barrier_Algorithm=0;CPXPARAM_Barrier_ColNonzeros=0;CPXPARAM_Barrier_Crossover=0;CPXPARAM_Barrier_Limits_Corrections=-1;CPXPARAM_Barrier_Ordering=0;CPXPARAM_Barrier_StartAlg=1;CPXPARAM_Emphasis_MIP=3;CPXPARAM_Emphasis_Memory=0;CPXPARAM_Emphasis_Numerical=0;CPXPARAM_Feasopt_Mode=0;CPXPARAM_LPMethod=0;CPXPARAM_MIP_Cuts_Cliques=-1;CPXPARAM_MIP_Cuts_Covers=0;CPXPARAM_MIP_Cuts_Disjunctive=1;CPXPARAM_MIP_Cuts_FlowCovers=-1;CPXPARAM_MIP_Cuts_GUBCovers=2;CPXPARAM_MIP_Cuts_Gomory=2;CPXPARAM_MIP_Cuts_Implied=0;CPXPARAM_MIP_Cuts_MIRCut=2;CPXPARAM_MIP_Cuts_PathCut=-1;CPXPARAM_MIP_Limits_AggForCut=3;CPXPARAM_MIP_Limits_CutPasses=0;CPXPARAM_MIP_Limits_CutsFactor=-1;CPXPARAM_MIP_Limits_GomoryCand=25;CPXPARAM_MIP_Limits_GomoryPass=0;CPXPARAM_MIP_Limits_Nodes=9223372036800000000;CPXPARAM_MIP_Limits_ProbeTime=1e+75;CPXPARAM_MIP_Limits_RepairTries=0;CPXPARAM_MIP_Limits_StrongCand=10;CPXPARAM_MIP_Limits_StrongIt=0;CPXPARAM_MIP_OrderType=0;CPXPARAM_MIP_Strategy_BBInterval=7;CPXPARAM_MIP_Strategy_Branch=0;CPXPARAM_MIP_Strategy_Dive=0;CPXPARAM_MIP_Strategy_File=1;CPXPARAM_MIP_Strategy_HeuristicFreq=0;CPXPARAM_MIP_Strategy_LBHeur=0;CPXPARAM_MIP_Strategy_NodeSelect=1;CPXPARAM_MIP_Strategy_Order=1;CPXPARAM_MIP_Strategy_PresolveNode=0;CPXPARAM_MIP_Strategy_Probe=0;CPXPARAM_MIP_Strategy_RINSHeur=0;CPXPARAM_MIP_Strategy_StartAlgorithm=0;CPXPARAM_MIP_Strategy_SubAlgorithm=0;CPXPARAM_MIP_Strategy_VariableSelect=0;CPXPARAM_Network_NetFind=2;CPXPARAM_Network_Pricing=0;CPXPARAM_Parallel=1;CPXPARAM_Preprocessing_Aggregator=-1;CPXPARAM_Preprocessing_BoundStrength=-1;CPXPARAM_Preprocessing_CoeffReduce=-1;CPXPARAM_Preprocessing_Dependency=-1;CPXPARAM_Preprocessing_Dual=0;CPXPARAM_Preprocessing_Fill=10;CPXPARAM_Preprocessing_NumPass=-1;CPXPARAM_Preprocessing_Presolve=1;CPXPARAM_Preprocessing_QPMakePSD=1;CPXPARAM_Preprocessing_Reduce=3;CPXPARAM_Preprocessing_Relax=-1;CPXPARAM_Preprocessing_RepeatPresolve=-1;CPXPARAM_Preprocessing_Symmetry=-1;CPXPARAM_Read_Scale=0;CPXPARAM_Sifting_Algorithm=0;CPXPARAM_Simplex_Crash=1;CPXPARAM_Simplex_DGradient=0;CPXPARAM_Simplex_Limits_Perturbation=0;CPXPARAM_Simplex_Limits_Singularity=10;CPXPARAM_Simplex_PGradient=0;CPXPARAM_Simplex_Pricing=0;CPXPARAM_Simplex_Refactor=0
4780913547922149367,0,CPXPARAM_Advance=1;CPXPARAM_Barrier_Algorithm=0;CPXPARAM_Barrier_ColNonzeros=0;CPXPARAM_Barrier_Crossover=0;CPXPARAM_Barrier_Limits_Corrections=-1;CPXPARAM_Barrier_Ordering=0;CPXPARAM_Barrier_StartAlg=1;CPXPARAM_Emphasis_MIP=5;CPXPARAM_Emphasis_Memory=0;CPXPARAM_Emphasis_Numerical=0;CPXPARAM_Feasopt_Mode=0;CPXPARAM_LPMethod=0;CPXPARAM_MIP_Cuts_Cliques=2;CPXPARAM_MIP_Cuts_Covers=-1;CPXPARAM_MIP_Cuts_Disjunctive=0;CPXPARAM_MIP_Cuts_FlowCovers=-1;CPXPARAM_MIP_Cuts_GUBCovers=-1;CPXPARAM_MIP_Cuts_Gomory=-1;CPXPARAM_MIP_Cuts_Implied=-1;CPXPARAM_MIP_Cuts_MIRCut=2;CPXPARAM_MIP_Cuts_PathCut=2;CPXPARAM_MIP_Limits_AggForCut=3;CPXPARAM_MIP_Limits_CutPasses=0;CPXPARAM_MIP_Limits_CutsFactor=-1;CPXPARAM_MIP_Limits_GomoryCand=50;CPXPARAM_MIP_Limits_GomoryPass=0;CPXPARAM_MIP_Limits_Nodes=9223372036800000000;CPXPARAM_MIP_Limits_ProbeTime=1e+75;CPXPARAM_MIP_Limits_RepairTries=0;CPXPARAM_MIP_Limits_StrongCand=10;CPXPARAM_MIP_Limits_StrongIt=0;CPXPARAM_MIP_OrderType=0;CPXPARAM_MIP_Strategy_BBInterval=7;CPXPARAM_MIP_Strategy_Branch=0;CPXPARAM_MIP_Strategy_Dive=0;CPXPARAM_MIP_Strategy_File=1;CPXPARAM_MIP_Strategy_HeuristicFreq=0;CPXPARAM_MIP_Strategy_LBHeur=0;CPXPARAM_MIP_Strategy_NodeSelect=1;CPXPARAM_MIP_Strategy_Order=1;CPXPARAM_MIP_Strategy_PresolveNode=0;CPXPARAM_MIP_Strategy_Probe=0;CPXPARAM_MIP_Strategy_RINSHeur=0;CPXPARAM_MIP_Strategy_StartAlgorithm=0;CPXPARAM_MIP_Strategy_SubAlgorithm=0;CPXPARAM_MIP_Strategy_VariableSelect=4;CPXPARAM_Network_NetFind=2;CPXPARAM_Network_Pricing=0;CPXPARAM_Parallel=1;CPXPARAM_Preprocessing_Aggregator=-1;CPXPARAM_Preprocessing_BoundStrength=-1;CPXPARAM_Preprocessing_CoeffReduce=-1;CPXPARAM_Preprocessing_Dependency=-1;CPXPARAM_Preprocessing_Dual=0;CPXPARAM_Preprocessing_Fill=10;CPXPARAM_Preprocessing_NumPass=-1;CPXPARAM_Preprocessing_Presolve=1;CPXPARAM_Preprocessing_QPMakePSD=1;CPXPARAM_Preprocessing_Reduce=3;CPXPARAM_Preprocessing_Relax=-1;CPXPARAM_Preprocessing_RepeatPresolve=-1;CPXPARAM_Preprocessing_Symmetry=-1;CPXPARAM_Read_Scale=0;CPXPARAM_Sifting_Algorithm=0;CPXPARAM_Simplex_Crash=1;CPXPARAM_Simplex_DGradient=0;CPXPARAM_Simplex_Limits_Perturbation=0;CPXPARAM_Simplex_Limits_Singularity=10;CPXPARAM_Simplex_PGradient=0;CPXPARAM_Simplex_Pricing=0;CPXPARAM_Simplex_Refactor=0
14515265662807891537,0,CPXPARAM_Advance=1;CPXPARAM_Barrier_Algorithm=0;CPXPARAM_Barrier_ColNonzeros=0;CPXPARAM_Barrier_Crossover=0;CPXPARAM_Barrier_Limits_Corrections=-1;CPXPARAM_Barrier_Ordering=0;CPXPARAM_Barrier_StartAlg=1;CPXPARAM_Emphasis_MIP=0;CPXPARAM_Emphasis_Memory=0;CPXPARAM_Emphasis_Numerical=0;CPXPARAM_Feasopt_Mode=0;CPXPARAM_LPMethod=0;CPXPARAM_MIP_Cuts_Cliques=-1;CPXPARAM_MIP_Cuts_Covers=2;CPXPARAM_MIP_Cuts_Disjunctive=1;CPXPARAM_MIP_Cuts_FlowCovers=-1;CPXPARAM_MIP_Cuts_GUBCovers=-1;CPXPARAM_MIP_Cuts_Gomory=1;CPXPARAM_MIP_Cuts_Implied=-1;CPXPARAM_MIP_Cuts_MIRCut=2;CPXPARAM_MIP_Cuts_PathCut=-1;CPXPARAM_MIP_Limits_AggForCut=1;CPXPARAM_MIP_Limits_CutPasses=0;CPXPARAM_MIP_Limits_CutsFactor=-1;CPXPARAM_MIP_Limits_GomoryCand=200;CPXPARAM_MIP_Limits_GomoryPass=0;CPXPARAM_MIP_Limits_Nodes=9223372036800000000;CPXPARAM_MIP_Limits_ProbeTime=1e+75;CPXPARAM_MIP_Limits_RepairTries=0;CPXPARAM_MIP_Limits_StrongCand=10;CPXPARAM_MIP_Limits_StrongIt=0;CPXPARAM_MIP_OrderType=0;CPXPARAM_MIP_Strategy_BBInterval=7;CPXPARAM_MIP_Strategy_Branch=1;CPXPARAM_MIP_Strategy_Dive=0;CPXPARAM_MIP_Strategy_File=1;CPXPARAM_MIP_Strategy_HeuristicFreq=0;CPXPARAM_MIP_Strategy_LBHeur=0;CPXPARAM_MIP_Strategy_NodeSelect=0;CPXPARAM_MIP_Strategy_Order=1;CPXPARAM_MIP_Strategy_PresolveNode=1;CPXPARAM_MIP_Strategy_Probe=2;CPXPARAM_MIP_Strategy_RINSHeur=0;CPXPARAM_MIP_Strategy_StartAlgorithm=0;CPXPARAM_MIP_Strategy_SubAlgorithm=0;CPXPARAM_MIP_Strategy_VariableSelect=2;CPXPARAM_Network_NetFind=2;CPXPARAM_Network_Pricing=0;CPXPARAM_Parallel=1;CPXPARAM_Preprocessing_Aggregator=-1;CPXPARAM_Preprocessing_BoundStrength=-1;CPXPARAM_Preprocessing_CoeffReduce=-1;CPXPARAM_Preprocessing_Dependency=-1;CPXPARAM_Preprocessing_Dual=0;CPXPARAM_Preprocessing_Fill=5;CPXPARAM_Preprocessing_NumPass=-1;CPXPARAM_Preprocessing_Presolve=1;CPXPARAM_Preprocessing_QPMakePSD=1;CPXPARAM_Preprocessing_Reduce=1;CPXPARAM_Preprocessing_Relax=-1;CPXPARAM_Preprocessing_RepeatPresolve=-1;CPXPARAM_Preprocessing_Symmetry=-1;CPXPARAM_Read_Scale=-1;CPXPARAM_Sifting_Algorithm=0;CPXPARAM_Simplex_Crash=1;CPXPARAM_Simplex_DGradient=0;CPXPARAM_Simplex_Limits_Perturbation=0;CPXPARAM_Simplex_Limits_Singularity=10;CPXPARAM_Simplex_PGradient=0;CPXPARAM_Simplex_Pricing=0;CPXPARAM_Simplex_Refactor=0
4631397453814647480,0,CPXPARAM_Advance=1;CPXPARAM_Barrier_Algorithm=0;CPXPARAM_Barrier_ColNonzeros=0;CPXPARAM_Barrier_Crossover=0;CPXPARAM_Barrier_Limits_Corrections=-1;CPXPARAM_Barrier_Ordering=0;CPXPARAM_Barrier_StartAlg=1;CPXPARAM_Emphasis_MIP=5;CPXPARAM_Emphasis_Memory=0;CPXPARAM_Emphasis_Numerical=0;CPXPARAM_Feasopt_Mode=0;CPXPARAM_LPMethod=0;CPXPARAM_MIP_Cuts_Cliques=0;CPXPARAM_MIP_Cuts_Covers=0;CPXPARAM_MIP_Cuts_Disjunctive=1;CPXPARAM_MIP_Cuts_FlowCovers=0;CPXPARAM_MIP_Cuts_GUBCovers=0;CPXPARAM_MIP_Cuts_Gomory=0;CPXPARAM_MIP_Cuts_Implied=-1;CPXPARAM_MIP_Cuts_MIRCut=1;CPXPARAM_MIP_Cuts_PathCut=-1;CPXPARAM_MIP_Limits_AggForCut=3;CPXPARAM_MIP_Limits_CutPasses=0;CPXPARAM_MIP_Limits_CutsFactor=-1;CPXPARAM_MIP_Limits_GomoryCand=150;CPXPARAM_MIP_Limits_GomoryPass=0;CPXPARAM_MIP_Limits_Nodes=9223372036800000000;CPXPARAM_MIP_Limits_ProbeTime=1e+75;CPXPARAM_MIP_Limits_RepairTries=0;CPXPARAM_MIP_Limits_StrongCand=10;CPXPARAM_MIP_Limits_StrongIt=0;CPXPARAM_MIP_OrderType=0;CPXPARAM_MIP_Strategy_BBInterval=7;CPXPARAM_MIP_Strategy_Branch=0;CPXPARAM_MIP_Strategy_Dive=0;CPXPARAM_MIP_Strategy_File=1;CPXPARAM_MIP_Strategy_HeuristicFreq=0;CPXPARAM_MIP_Strategy_LBHeur=0;CPXPARAM_MIP_Strategy_NodeSelect=1;CPXPARAM_MIP_Strategy_Order=1;CPXPARAM_MIP_Strategy_PresolveNode=0;CPXPARAM_MIP_Strategy_Probe=0;CPXPARAM_MIP_Strategy_RINSHeur=0;CPXPARAM_MIP_Strategy_StartAlgorithm=0;CPXPARAM_MIP_Strategy_SubAlgorithm=0;CPXPARAM_MIP_Strategy_VariableSelect=0;CPXPARAM_Network_NetFind=2;CPXPARAM_Network_Pricing=0;CPXPARAM_Parallel=1;CPXPARAM_Preprocessing_Aggregator=-1;CPXPARAM_Preprocessing_BoundStrength=-1;CPXPARAM_Preprocessing_CoeffReduce=-1;CPXPARAM_Preprocessing_Dependency=-1;CPXPARAM_Preprocessing_Dual=0;CPXPARAM_Preprocessing_Fill=10;CPXPARAM_Preprocessing_NumPass=-1;CPXPARAM_Preprocessing_Presolve=1;CPXPARAM_Preprocessing_QPMakePSD=1;CPXPARAM_Preprocessing_Reduce=3;CPXPARAM_Preprocessing_Relax=-1;CPXPARAM_Preprocessing_RepeatPresolve=-1;CPXPARAM_Preprocessing_Symmetry=-1;CPXPARAM_Read_Scale=0;CPXPARAM_Sifting_Algorithm=0;CPXPARAM_Simplex_Crash=1;CPXPARAM_Simplex_DGradient=0;CPXPARAM_Simplex_Limits_Perturbation=0;CPXPARAM_Simplex_Limits_Singularity=10;CPXPARAM_Simplex_PGradient=0;CPXPARAM_Simplex_Pricing=0;CPXPARAM_Simplex_Refactor=0
1256248812711877413,0,CPXPARAM_Advance=1;CPXPARAM_Barrier_Algorithm=0;CPXPARAM_Barrier_ColNonzeros=0;CPXPARAM_Barrier_Crossover=0;CPXPARAM_Barrier_Limits_Corrections=-1;CPXPARAM_Barrier_Ordering=0;CPXPARAM_Barrier_StartAlg=1;CPXPARAM_Emphasis_MIP=0;CPXPARAM_Emphasis_Memory=0;CPXPARAM_Emphasis_Numerical=0;CPXPARAM_Feasopt_Mode=0;CPXPARAM_LPMethod=0;CPXPARAM_MIP_Cuts_Cliques=3;CPXPARAM_MIP_Cuts_Covers=0;CPXPARAM_MIP_Cuts_Disjunctive=0;CPXPARAM_MIP_Cuts_FlowCovers=0;CPXPARAM_MIP_Cuts_GUBCovers=-1;CPXPARAM_MIP_Cuts_Gomory=0;CPXPARAM_MIP_Cuts_Implied=1;CPXPARAM_MIP_Cuts_MIRCut=-1;CPXPARAM_MIP_Cuts_PathCut=-1;CPXPARAM_MIP_Limits_AggForCut=3;CPXPARAM_MIP_Limits_CutPasses=0;CPXPARAM_MIP_Limits_CutsFactor=-1;CPXPARAM_MIP_Limits_GomoryCand=50;CPXPARAM_MIP_Limits_GomoryPass=0;CPXPARAM_MIP_Limits_Nodes=9223372036800000000;CPXPARAM_MIP_Limits_ProbeTime=1e+75;CPXPARAM_MIP_Limits_RepairTries=0;CPXPARAM_MIP_Limits_StrongCand=10;CPXPARAM_MIP_Limits_StrongIt=0;CPXPARAM_MIP_OrderType=0;CPXPARAM_MIP_Strategy_BBInterval=7;CPXPARAM_MIP_Strategy_Branch=-1;CPXPARAM_MIP_Strategy_Dive=0;CPXPARAM_MIP_Strategy_File=1;CPXPARAM_MIP_Strategy_HeuristicFreq=0;CPXPARAM_MIP_Strategy_LBHeur=0;CPXPARAM_MIP_Strategy_NodeSelect=0;CPXPARAM_MIP_Strategy_Order=1;CPXPARAM_MIP_Strategy_PresolveNode=-1;CPXPARAM_MIP_Strategy_Probe=2;CPXPARAM_MIP_Strategy_RINSHeur=0;CPXPARAM_MIP_Strategy_StartAlgorithm=0;CPXPARAM_MIP_Strategy_SubAlgorithm=0;CPXPARAM_MIP_Strategy_VariableSelect=4;CPXPARAM_Network_NetFind=2;CPXPARAM_Network_Pricing=0;CPXPARAM_Parallel=1;CPXPARAM_Preprocessing_Aggregator=-1;CPXPARAM_Preprocessing_BoundStrength=-1;CPXPARAM_Preprocessing_CoeffReduce=-1;CPXPARAM_Preprocessing_Dependency=-1;CPXPARAM_Preprocessing_Dual=0;CPXPARAM_Preprocessing_Fill=40;CPXPARAM_Preprocessing_NumPass=-1;CPXPARAM_Preprocessing_Presolve=1;CPXPARAM_Preprocessing_QPMakePSD=1;CPXPARAM_Preprocessing_Reduce=3;CPXPARAM_Preprocessing_Relax=-1;CPXPARAM_Preprocessing_RepeatPresolve=-1;CPXPARAM_Preprocessing_Symmetry=-1;CPXPARAM_Read_Scale=0;CPXPARAM_Sifting_Algorithm=0;CPXPARAM_Simplex_Crash=1;CPXPARAM_Simplex_DGradient=0;CPXPARAM_Simplex_Limits_Perturbation=0;CPXPARAM_Simplex_Limits_Singularity=10;CPXPARAM_Simplex_PGradient=0;CPXPARAM_Simplex_Pricing=0;CPXPARAM_Simplex_Refactor=0
11825702951437632595,0,CPXPARAM_Advance=1;CPXPARAM_Barrier_Algorithm=0;CPXPARAM_Barrier_ColNonzeros=0;CPXPARAM_Barrier_Crossover=0;CPXPARAM_Barrier_Limits_Corrections=-1;CPXPARAM_Barrier_Ordering=0;CPXPARAM_Barrier_StartAlg=1;CPXPARAM_Emphasis_MIP=0;CPXPARAM_Emphasis_Memory=0;CPXPARAM_Emphasis_Numerical=0;CPXPARAM_Feasopt_Mode=0;CPXPARAM_LPMethod=0;CPXPARAM_MIP_Cuts_Cliques=3;CPXPARAM_MIP_Cuts_Covers=-1;CPXPARAM_MIP_Cuts_Disjunctive=0;CPXPARAM_MIP_Cuts_FlowCovers=0;CPXPARAM_MIP_Cuts_GUBCovers=-1;CPXPARAM_MIP_Cuts_Gomory=0;CPXPARAM_MIP_Cuts_Implied=-1;CPXPARAM_MIP_Cuts_MIRCut=-1;CPXPARAM_MIP_Cuts_PathCut=-1;CPXPARAM_MIP_Limits_AggForCut=3;CPXPARAM_MIP_Limits_CutPasses=0;CPXPARAM_MIP_Limits_CutsFactor=-1;CPXPARAM_MIP_Limits_GomoryCand=200;CPXPARAM_MIP_Limits_GomoryPass=0;CPXPARAM_MIP_Limits_Nodes=9223372036800000000;CPXPARAM_MIP_Limits_ProbeTime=1e+75;CPXPARAM_MIP_Limits_RepairTries=0;CPXPARAM_MIP_Limits_StrongCand=10;CPXPARAM_MIP_Limits_StrongIt=0;CPXPARAM_MIP_OrderType=0;CPXPARAM_MIP_Strategy_BBInterval=7;CPXPARAM_MIP_Strategy_Branch=-1;CPXPARAM_MIP_Strategy_Dive=0;CPXPARAM_MIP_Strategy_File=1;CPXPARAM_MIP_Strategy_HeuristicFreq=0;CPXPARAM_MIP_Strategy_LBHeur=0;CPXPARAM_MIP_Strategy_NodeSelect=3;CPXPARAM_MIP_Strategy_Order=1;CPXPARAM_MIP_Strategy_PresolveNode=-1;CPXPARAM_MIP_Strategy_Probe=2;CPXPARAM_MIP_Strategy_RINSHeur=0;CPXPARAM_MIP_Strategy_StartAlgorithm=0;CPXPARAM_MIP_Strategy_SubAlgorithm=0;CPXPARAM_MIP_Strategy_VariableSelect=1;CPXPARAM_Network_NetFind=2;CPXPARAM_Network_Pricing=0;CPXPARAM_Parallel=1;CPXPARAM_Preprocessing_Aggregator=-1;CPXPARAM_Preprocessing_BoundStrength=-1;CPXPARAM_Preprocessing_CoeffReduce=-1;CPXPARAM_Preprocessing_Dependency=-1;CPXPARAM_Preprocessing_Dual=0;CPXPARAM_Preprocessing_Fill=40;CPXPARAM_Preprocessing_NumPass=-1;CPXPARAM_Preprocessing_Presolve=1;CPXPARAM_Preprocessing_QPMakePSD=1;CPXPARAM_Preprocessing_Reduce=3;CPXPARAM_Preprocessing_Relax=-1;CPXPARAM_Preprocessing_RepeatPresolve=-1;CPXPARAM_Preprocessing_Symmetry=-1;CPXPARAM_Read_Scale=0;CPXPARAM_Sifting_Algorithm=0;CPXPARAM_Simplex_Crash=1;CPXPARAM_Simplex_DGradient=0;CPXPARAM_Simplex_Limits_Perturbation=0;CPXPARAM_Simplex_Limits_Singularity=10;CPXPARAM_Simplex_PGradient=0;CPXPARAM_Simplex_Pricing=0;CPXPARAM_Simplex_Refactor=0
17483625443185664159,0,CPXPARAM_Advance=1;CPXPARAM_Barrier_Algorithm=0;CPXPARAM_Barrier_ColNonzeros=0;CPXPARAM_Barrier_Crossover=0;CPXPARAM_Barrier_Limits_Corrections=-1;CPXPARAM_Barrier_Ordering=0;CPXPARAM_Barrier_StartAlg=1;CPXPARAM_Emphasis_MIP=2;CPXPARAM_Emphasis_Memory=0;CPXPARAM_Emphasis_Numerical=0;CPXPARAM_Feasopt_Mode=0;CPXPARAM_LPMethod=0;CPXPARAM_MIP_Cuts_Cliques=-1;CPXPARAM_MIP_Cuts_Covers=2;CPXPARAM_MIP_Cuts_Disjunctive=1;CPXPARAM_MIP_Cuts_FlowCovers=2;CPXPARAM_MIP_Cuts_GUBCovers=1;CPXPARAM_MIP_Cuts_Gomory=0;CPXPARAM_MIP_Cuts_Implied=-1;CPXPARAM_MIP_Cuts_MIRCut=-1;CPXPARAM_MIP_Cuts_PathCut=-1;CPXPARAM_MIP_Limits_AggForCut=3;CPXPARAM_MIP_Limits_CutPasses=0;CPXPARAM_MIP_Limits_CutsFactor=-1;CPXPARAM_MIP_Limits_GomoryCand=400;CPXPARAM_MIP_Limits_GomoryPass=0;CPXPARAM_MIP_Limits_Nodes=9223372036800000000;CPXPARAM_MIP_Limits_ProbeTime=1e+75;CPXPARAM_MIP_Limits_RepairTries=0;CPXPARAM_MIP_Limits_StrongCand=10;CPXPARAM_MIP_Limits_StrongIt=0;CPXPARAM_MIP_OrderType=0;CPXPARAM_MIP_Strategy_BBInterval=7;CPXPARAM_MIP_Strategy_Branch=0;CPXPARAM_MIP_Strategy_Dive=0;CPXPARAM_MIP_Strategy_File=1;CPXPARAM_MIP_Strategy_HeuristicFreq=0;CPXPARAM_MIP_Strategy_LBHeur=0;CPXPARAM_MIP_Strategy_NodeSelect=3;CPXPARAM_MIP_Strategy_Order=1;CPXPARAM_MIP_Strategy_PresolveNode=0;CPXPARAM_MIP_Strategy_Probe=0;CPXPARAM_MIP_Strategy_RINSHeur=0;CPXPARAM_MIP_Strategy_StartAlgorithm=0;CPXPARAM_MIP_Strategy_SubAlgorithm=0;CPXPARAM_MIP_Strategy_VariableSelect=0;CPXPARAM_Network_NetFind=2;CPXPARAM_Network_Pricing=0;CPXPARAM_Parallel=1;CPXPARAM_Preprocessing_Aggregator=-1;CPXPARAM_Preprocessing_BoundStrength=-1;CPXPARAM_Preprocessing_CoeffReduce=-1;CPXPARAM_Preprocessing_Dependency=-1;CPXPARAM_Preprocessing_Dual=0;CPXPARAM_Preprocessing_Fill=10;CPXPARAM_Preprocessing_NumPass=-1;CPXPARAM_Preprocessing_Presolve=1;CPXPARAM_Preprocessing_QPMakePSD=1;CPXPARAM_Preprocessing_Reduce=3;CPXPARAM_Preprocessing_Relax=-1;CPXPARAM_Preprocessing_RepeatPresolve=-1;CPXPARAM_Preprocessing_Symmetry=-1;CPXPARAM_Read_Scale=0;CPXPARAM_Sifting_Algorithm=0;CPXPARAM_Simplex_Crash=1;CPXPARAM_Simplex_DGradient=0;CPXPARAM_Simplex_Limits_Perturbation=0;CPXPARAM_Simplex_Limits_Singularity=10;CPXPARAM_Simplex_PGradient=0;CPXPARAM_Simplex_Pricing=0;CPXPARAM_Simplex_Refactor=0
6153143519614618701,0,CPXPARAM_Advance=1;CPXPARAM_Barrier_Algorithm=0;CPXPARAM_Barrier_ColNonzeros=0;CPXPARAM_Barrier_Crossover=0;CPXPARAM_Barrier_Limits_Corrections=-1;CPXPARAM_Barrier_Ordering=0;CPXPARAM_Barrier_StartAlg=1;CPXPARAM_Emphasis_MIP=3;CPXPARAM_Emphasis_Memory=0;CPXPARAM_Emphasis_Numerical=0;CPXPARAM_Feasopt_Mode=0;CPXPARAM_LPMethod=0;CPXPARAM_MIP_Cuts_Cliques=-1;CPXPARAM_MIP_Cuts_Covers=0;CPXPARAM_MIP_Cuts_Disjunctive=1;CPXPARAM_MIP_Cuts_FlowCovers=0;CPXPARAM_MIP_Cuts_GUBCovers=-1;CPXPARAM_MIP_Cuts_Gomory=2;CPXPARAM_MIP_Cuts_Implied=-1;CPXPARAM_MIP_Cuts_MIRCut=1;CPXPARAM_MIP_Cuts_PathCut=2;CPXPARAM_MIP_Limits_AggForCut=0;CPXPARAM_MIP_Limits_CutPasses=0;CPXPARAM_MIP_Limits_CutsFactor=-1;CPXPARAM_MIP_Limits_GomoryCand=200;CPXPARAM_MIP_Limits_GomoryPass=0;CPXPARAM_MIP_Limits_Nodes=9223372036800000000;CPXPARAM_MIP_Limits_ProbeTime=1e+75;CPXPARAM_MIP_Limits_RepairTries=0;CPXPARAM_MIP_Limits_StrongCand=10;CPXPARAM_MIP_Limits_StrongIt=0;CPXPARAM_MIP_OrderType=0;CPXPARAM_MIP_Strategy_BBInterval=7;CPXPARAM_MIP_Strategy_Branch=-1;CPXPARAM_MIP_Strategy_Dive=0;CPXPARAM_MIP_Strategy_File=1;CPXPARAM_MIP_Strategy_HeuristicFreq=0;CPXPARAM_MIP_Strategy_LBHeur=0;CPXPARAM_MIP_Strategy_NodeSelect=2;CPXPARAM_MIP_Strategy_Order=1;CPXPARAM_MIP_Strategy_PresolveNode=0;CPXPARAM_MIP_Strategy_Probe=2;CPXPARAM_MIP_Strategy_RINSHeur=0;CPXPARAM_MIP_Strategy_StartAlgorithm=0;CPXPARAM_MIP_Strategy_SubAlgorithm=0;CPXPARAM_MIP_Strategy_VariableSelect=-1;CPXPARAM_Network_NetFind=2;CPXPARAM_Network_Pricing=0;CPXPARAM_Parallel=1;CPXPARAM_Preprocessing_Aggregator=-1;CPXPARAM_Preprocessing_BoundStrength=-1;CPXPARAM_Preprocessing_CoeffReduce=-1;CPXPARAM_Preprocessing_Dependency=-1;CPXPARAM_Preprocessing_Dual=0;CPXPARAM_Preprocessing_Fill=2;CPXPARAM_Preprocessing_NumPass=-1;CPXPARAM_Preprocessing_Presolve=1;CPXPARAM_Preprocessing_QPMakePSD=1;CPXPARAM_Preprocessing_Reduce=3;CPXPARAM_Preprocessing_Relax=-1;CPXPARAM_Preprocessing_RepeatPresolve=-1;CPXPARAM_Preprocessing_Symmetry=-1;CPXPARAM_Read_Scale=0;CPXPARAM_Sifting_Algorithm=0;CPXPARAM_Simplex_Crash=1;CPXPARAM_Simplex_DGradient=0;CPXPARAM_Simplex_Limits_Perturbation=0;CPXPARAM_Simplex_Limits_Singularity=10;CPXPARAM_Simplex_PGradient=0;CPXPARAM_Simplex_Pricing=0;CPXPARAM_Simplex_Refactor=0
14150439413774778730,0,CPXPARAM_Advance=1;CPXPARAM_Barrier_Algorithm=0;CPXPARAM_Barrier_ColNonzeros=0;CPXPARAM_Barrier_Crossover=0;CPXPARAM_Barrier_Limits_Corrections=-1;CPXPARAM_Barrier_Ordering=0;CPXPARAM_Barrier_StartAlg=1;CPXPARAM_Emphasis_MIP=1;CPXPARAM_Emphasis_Memory=0;CPXPARAM_Emphasis_Numerical=0;CPXPARAM_Feasopt_Mode=0;CPXPARAM_LPMethod=0;CPXPARAM_MIP_Cuts_Cliques=0;CPXPARAM_MIP_Cuts_Covers=2;CPXPARAM_MIP_Cuts_Disjunctive=-1;CPXPARAM_MIP_Cuts_FlowCovers=0;CPXPARAM_MIP_Cuts_GUBCovers=2;CPXPARAM_MIP_Cuts_Gomory=2;CPXPARAM_MIP_Cuts_Implied=2;CPXPARAM_MIP_Cuts_MIRCut=-1;CPXPARAM_MIP_Cuts_PathCut=1;CPXPARAM_MIP_Limits_AggForCut=3;CPXPARAM_MIP_Limits_CutPasses=0;CPXPARAM_MIP_Limits_CutsFactor=-1;CPXPARAM_MIP_Limits_GomoryCand=800;CPXPARAM_MIP_Limits_GomoryPass=0;CPXPARAM_MIP_Limits_Nodes=9223372036800000000;CPXPARAM_MIP_Limits_ProbeTime=1e+75;CPXPARAM_MIP_Limits_RepairTries=0;CPXPARAM_MIP_Limits_StrongCand=10;CPXPARAM_MIP_Limits_StrongIt=0;CPXPARAM_MIP_OrderType=0;CPXPARAM_MIP_Strategy_BBInterval=7;CPXPARAM_MIP_Strategy_Branch=0;CPXPARAM_MIP_Strategy_Dive=0;CPXPARAM_MIP_Strategy_File=1;CPXPARAM_MIP_Strategy_HeuristicFreq=0;CPXPARAM_MIP_Strategy_LBHeur=0;CPXPARAM_MIP_Strategy_NodeSelect=1;CPXPARAM_MIP_Strategy_Order=1;CPXPARAM_MIP_Strategy_PresolveNode=0;CPXPARAM_MIP_Strategy_Probe=1;CPXPARAM_MIP_Strategy_RINSHeur=0;CPXPARAM_MIP_Strategy_StartAlgorithm=0;CPXPARAM_MIP_Strategy_SubAlgorithm=0;CPXPARAM_MIP_Strategy_VariableSelect=0;CPXPARAM_Network_NetFind=2;CPXPARAM_Network_Pricing=0;CPXPARAM_Parallel=1;CPXPARAM_Preprocessing_Aggregator=-1;CPXPARAM_Preprocessing_BoundStrength=-1;CPXPARAM_Preprocessing_CoeffReduce=-1;CPXPARAM_Preprocessing_Dependency=-1;CPXPARAM_Preprocessing_Dual=0;CPXPARAM_Preprocessing_Fill=10;CPXPARAM_Preprocessing_NumPass=-1;CPXPARAM_Preprocessing_Presolve=1;CPXPARAM_Preprocessing_QPMakePSD=1;CPXPARAM_Preprocessing_Reduce=3;CPXPARAM_Preprocessing_Relax=-1;CPXPARAM_Preprocessing_RepeatPresolve=-1;CPXPARAM_Preprocessing_Symmetry=-1;CPXPARAM_Read_Scale=0;CPXPARAM_Sifting_Algorithm=0;CPXPARAM_Simplex_Crash=1;CPXPARAM_Simplex_DGradient=0;CPXPARAM_Simplex_Limits_Perturbation=0;CPXPARAM_Simplex_Limits_Singularity=10;CPXPARAM_Simplex_PGradient=0;CPXPARAM_Simplex_Pricing=0;CPXPARAM_Simplex_Refactor=0
2819740467985021487,0,CPXPARAM_Advance=1;CPXPARAM_Barrier_Algorithm=0;CPXPARAM_Barrier_ColNonzeros=0;CPXPARAM_Barrier_Crossover=0;CPXPARAM_Barrier_Limits_Corrections=-1;CPXPARAM_Barrier_Ordering=0;CPXPARAM_Barrier_StartAlg=1;CPXPARAM_Emphasis_MIP=3;CPXPARAM_Emphasis_Memory=0;CPXPARAM_Emphasis_Numerical=0;CPXPARAM_Feasopt_Mode=0;CPXPARAM_LPMethod=0;CPXPARAM_MIP_Cuts_Cliques=3;CPXPARAM_MIP_Cuts_Covers=0;CPXPARAM_MIP_Cuts_Disjunctive=1;CPXPARAM_MIP_Cuts_FlowCovers=-1;CPXPARAM_MIP_Cuts_GUBCovers=0;CPXPARAM_MIP_Cuts_Gomory=-1;CPXPARAM_MIP_Cuts_Implied=-1;CPXPARAM_MIP_Cuts_MIRCut=-1;CPXPARAM_MIP_Cuts_PathCut=-1;CPXPARAM_MIP_Limits_AggForCut=3;CPXPARAM_MIP_Limits_CutPasses=0;CPXPARAM_MIP_Limits_CutsFactor=-1;CPXPARAM_MIP_Limits_GomoryCand=200;CPXPARAM_MIP_Limits_GomoryPass=0;CPXPARAM_MIP_Limits_Nodes=9223372036800000000;CPXPARAM_MIP_Limits_ProbeTime=1e+75;CPXPARAM_MIP_Limits_RepairTries=0;CPXPARAM_MIP_Limits_StrongCand=10;CPXPARAM_MIP_Limits_StrongIt=0;CPXPARAM_MIP_OrderType=0;CPXPARAM_MIP_Strategy_BBInterval=7;CPXPARAM_MIP_Strategy_Branch=0;CPXPARAM_MIP_Strategy_Dive=0;CPXPARAM_MIP_Strategy_File=1;CPXPARAM_MIP_Strategy_HeuristicFreq=0;CPXPARAM_MIP_Strategy_LBHeur=0;CPXPARAM_MIP_Strategy_NodeSelect=1;CPXPARAM_MIP_Strategy_Order=1;CPXPARAM_MIP_Strategy_PresolveNode=0;CPXPARAM_MIP_Strategy_Probe=0;CPXPARAM_MIP_Strategy_RINSHeur=0;CPXPARAM_MIP_Strategy_StartAlgorithm=0;CPXPARAM_MIP_Strategy_SubAlgorithm=0;CPXPARAM_MIP_Strategy_VariableSelect=0;CPXPARAM_Network_NetFind=2;CPXPARAM_Network_Pricing=0;CPXPARAM_Parallel=1;CPXPARAM_Preprocessing_Aggregator=-1;CPXPARAM_Preprocessing_BoundStrength=-1;CPXPARAM_Preprocessing_CoeffReduce=-1;CPXPARAM_Preprocessing_Dependency=-1;CPXPARAM_Preprocessing_Dual=0;CPXPARAM_Preprocessing_Fill=10;CPXPARAM_Preprocessing_NumPass=-1;CPXPARAM_Preprocessing_Presolve=1;CPXPARAM_Preprocessing_QPMakePSD=1;CPXPARAM_Preprocessing_Reduce=3;CPXPARAM_Preprocessing_Relax=-1;CPXPARAM_Preprocessing_RepeatPresolve=-1;CPXPARAM_Preprocessing_Symmetry=-1;CPXPARAM_Read_Scale=0;CPXPARAM_Sifting_Algorithm=0;CPXPARAM_Simplex_Crash=1;CPXPARAM_Simplex_DGradient=0;CPXPARAM_Simplex_Limits_Perturbation=0;CPXPARAM_Simplex_Limits_Singularity=10;CPXPARAM_Simplex_PGradient=0;CPXPARAM_Simplex_Pricing=0;CPXPARAM_Simplex_Refactor=0
16468553861741061889,0,CPXPARAM_Advance=1;CPXPARAM_Barrier_Algorithm=0;CPXPARAM_Barrier_ColNonzeros=0;CPXPARAM_Barrier_Crossover=0;CPXPARAM_Barrier_Limits_Corrections=-1;CPXPARAM_Barrier_Ordering=0;CPXPARAM_Barrier_StartAlg=1;CPXPARAM_Emphasis_MIP=4;CPXPARAM_Emphasis_Memory=0;CPXPARAM_Emphasis_Numerical=0;CPXPARAM_Feasopt_Mode=0;CPXPARAM_LPMethod=0;CPXPARAM_MIP_Cuts_Cliques=0;CPXPARAM_MIP_Cuts_Covers=0;CPXPARAM_MIP_Cuts_Disjunctive=0;CPXPARAM_MIP_Cuts_FlowCovers=-1;CPXPARAM_MIP_Cuts_GUBCovers=2;CPXPARAM_MIP_Cuts_Gomory=0;CPXPARAM_MIP_Cuts_Implied=0;CPXPARAM_MIP_Cuts_MIRCut=2;CPXPARAM_MIP_Cuts_PathCut=1;CPXPARAM_MIP_Limits_AggForCut=3;CPXPARAM_MIP_Limits_CutPasses=0;CPXPARAM_MIP_Limits_CutsFactor=-1;CPXPARAM_MIP_Limits_GomoryCand=150;CPXPARAM_MIP_Limits_GomoryPass=0;CPXPARAM_MIP_Limits_Nodes=9223372036800000000;CPXPARAM_MIP_Limits_ProbeTime=1e+75;CPXPARAM_MIP_Limits_RepairTries=0;CPXPARAM_MIP_Limits_StrongCand=10;CPXPARAM_MIP_Limits_StrongIt=0;CPXPARAM_MIP_OrderType=0;CPXPARAM_MIP_Strategy_BBInterval=7;CPXPARAM_MIP_Strategy_Branch=0;CPXPARAM_MIP_Strategy_Dive=0;CPXPARAM_MIP_Strategy_File=1;CPXPARAM_MIP_Strategy_HeuristicFreq=0;CPXPARAM_MIP_Strategy_LBHeur=0;CPXPARAM_MIP_Strategy_NodeSelect=1;CPXPARAM_MIP_Strategy_Order=1;CPXPARAM_MIP_Strategy_PresolveNode=0;CPXPARAM_MIP_Strategy_Probe=0;CPXPARAM_MIP_Strategy_RINSHeur=0;CPXPARAM_MIP_Strategy_StartAlgorithm=0;CPXPARAM_MIP_Strategy_SubAlgorithm=0;CPXPARAM_MIP_Strategy_VariableSelect=0;CPXPARAM_Network_NetFind=2;CPXPARAM_Network_Pricing=0;CPXPARAM_Parallel=1;CPXPARAM_Preprocessing_Aggregator=-1;CPXPARAM_Preprocessing_BoundStrength=-1;CPXPARAM_Preprocessing_CoeffReduce=-1;CPXPARAM_Preprocessing_Dependency=-1;CPXPARAM_Preprocessing_Dual=0;CPXPARAM_Preprocessing_Fill=10;CPXPARAM_Preprocessing_NumPass=-1;CPXPARAM_Preprocessing_Presolve=1;CPXPARAM_Preprocessing_QPMakePSD=1;CPXPARAM_Preprocessing_Reduce=3;CPXPARAM_Preprocessing_Relax=-1;CPXPARAM_Preprocessing_RepeatPresolve=-1;CPXPARAM_Preprocessing_Symmetry=-1;CPXPARAM_Read_Scale=0;CPXPARAM_Sifting_Algorithm=0;CPXPARAM_Simplex_Crash=1;CPXPARAM_Simplex_DGradient=0;CPXPARAM_Simplex_Limits_Perturbation=0;CPXPARAM_Simplex_Limits_Singularity=10;CPXPARAM_Simplex_PGradient=0;CPXPARAM_Simplex_Pricing=0;CPXPARAM_Simplex_Refactor=0
17396454583842457719,0,CPXPARAM_Advance=1;CPXPARAM_Barrier_Algorithm=0;CPXPARAM_Barrier_ColNonzeros=0;CPXPARAM_Barrier_Crossover=0;CPXPARAM_Barrier_Limits_Corrections=-1;CPXPARAM_Barrier_Ordering=0;CPXPARAM_Barrier_StartAlg=1;CPXPARAM_Emphasis_MIP=4;CPXPARAM_Emphasis_Memory=0;CPXPARAM_Emphasis_Numerical=0;CPXPARAM_Feasopt_Mode=0;CPXPARAM_LPMethod=0;CPXPARAM_MIP_Cuts_Cliques=0;CPXPARAM_MIP_Cuts_Covers=1;CPXPARAM_MIP_Cuts_Disjunctive=0;CPXPARAM_MIP_Cuts_FlowCovers=-1;CPXPARAM_MIP_Cuts_GUBCovers=2;CPXPARAM_MIP_Cuts_Gomory=0;CPXPARAM_MIP_Cuts_Implied=0;CPXPARAM_MIP_Cuts_MIRCut=2;CPXPARAM_MIP_Cuts_PathCut=1;CPXPARAM_MIP_Limits_AggForCut=3;CPXPARAM_MIP_Limits_CutPasses=0;CPXPARAM_MIP_Limits_CutsFactor=-1;CPXPARAM_MIP_Limits_GomoryCand=150;CPXPARAM_MIP_Limits_GomoryPass=0;CPXPARAM_MIP_Limits_Nodes=9223372036800000000;CPXPARAM_MIP_Limits_ProbeTime=1e+75;CPXPARAM_MIP_Limits_RepairTries=0;CPXPARAM_MIP_Limits_StrongCand=10;CPXPARAM_MIP_Limits_StrongIt=0;CPXPARAM_MIP_OrderType=0;CPXPARAM_MIP_Strategy_BBInterval=7;CPXPARAM_MIP_Strategy_Branch=0;CPXPARAM_MIP_Strategy_Dive=0;CPXPARAM_MIP_Strategy_File=1;CPXPARAM_MIP_Strategy_HeuristicFreq=0;CPXPARAM_MIP_Strategy_LBHeur=0;CPXPARAM_MIP_Strategy_NodeSelect=1;CPXPARAM_MIP_Strategy_Order=1;CPXPARAM_MIP_Strategy_PresolveNode=0;CPXPARAM_MIP_Strategy_Probe=0;CPXPARAM_MIP_Strategy_RINSHeur=0;CPXPARAM_MIP_Strategy_StartAlgorithm=0;CPXPARAM_MIP_Strategy_SubAlgorithm=0;CPXPARAM_MIP_Strategy_VariableSelect=0;CPXPARAM_Network_NetFind=2;CPXPARAM_Network_Pricing=0;CPXPARAM_Parallel=1;CPXPARAM_Preprocessing_Aggregator=-1;CPXPARAM_Preprocessing_BoundStrength=-1;CPXPARAM_Preprocessing_CoeffReduce=-1;CPXPARAM_Preprocessing_Dependency=-1;CPXPARAM_Preprocessing_Dual=0;CPXPARAM_Preprocessing_Fill=10;CPXPARAM_Preprocessing_NumPass=-1;CPXPARAM_Preprocessing_Presolve=1;CPXPARAM_Preprocessing_QPMakePSD=1;CPXPARAM_Preprocessing_Reduce=3;CPXPARAM_Preprocessing_Relax=-1;CPXPARAM_Preprocessing_RepeatPresolve=-1;CPXPARAM_Preprocessing_Symmetry=-1;CPXPARAM_Read_Scale=0;CPXPARAM_Sifting_Algorithm=0;CPXPARAM_Simplex_Crash=1;CPXPARAM_Simplex_DGradient=0;CPXPARAM_Simplex_Limits_Perturbation=0;CPXPARAM_Simplex_Limits_Singularity=10;CPXPARAM_Simplex_PGradient=0;CPXPARAM_Simplex_Pricing=0;CPXPARAM_Simplex_Refactor=0
10117149317763229668,0,CPXPARAM_Advance=1;CPXPARAM_Barrier_Algorithm=0;CPXPARAM_Barrier_ColNonzeros=0;CPXPARAM_Barrier_Crossover=0;CPXPARAM_Barrier_Limits_Corrections=-1;CPXPARAM_Barrier_Ordering=0;CPXPARAM_Barrier_StartAlg=1;CPXPARAM_Emphasis_MIP=2;CPXPARAM_Emphasis_Memory=0;CPXPARAM_Emphasis_Numerical=0;CPXPARAM_Feasopt_Mode=0;CPXPARAM_LPMethod=0;CPXPARAM_MIP_Cuts_Cliques=-1;CPXPARAM_MIP_Cuts_Covers=2;CPXPARAM_MIP_Cuts_Disjunctive=1;CPXPARAM_MIP_Cuts_FlowCovers=2;CPXPARAM_MIP_Cuts_GUBCovers=1;CPXPARAM_MIP_Cuts_Gomory=0;CPXPARAM_MIP_Cuts_Implied=-1;CPXPARAM_MIP_Cuts_MIRCut=-1;CPXPARAM_MIP_Cuts_PathCut=-1;CPXPARAM_MIP_Limits_AggForCut=3;CPXPARAM_MIP_Limits_CutPasses=0;CPXPARAM_MIP_Limits_CutsFactor=-1;CPXPARAM_MIP_Limits_GomoryCand=400;CPXPARAM_MIP_Limits_GomoryPass=0;CPXPARAM_MIP_Limits_Nodes=9223372036800000000;CPXPARAM_MIP_Limits_ProbeTime=1e+75;CPXPARAM_MIP_Limits_RepairTries=0;CPXPARAM_MIP_Limits_StrongCand=10;CPXPARAM_MIP_Limits_StrongIt=0;CPXPARAM_MIP_OrderType=0;CPXPARAM_MIP_Strategy_BBInterval=7;CPXPARAM_MIP_Strategy_Branch=0;CPXPARAM_MIP_Strategy_Dive=0;CPXPARAM_MIP_Strategy_File=1;CPXPARAM_MIP_Strategy_HeuristicFreq=0;CPXPARAM_MIP_Strategy_LBHeur=0;CPXPARAM_MIP_Strategy_NodeSelect=1;CPXPARAM_MIP_Strategy_Order=1;CPXPARAM_MIP_Strategy_PresolveNode=0;CPXPARAM_MIP_Strategy_Probe=0;CPXPARAM_MIP_Strategy_RINSHeur=40;CPXPARAM_MIP_Strategy_StartAlgorithm=0;CPXPARAM_MIP_Strategy_SubAlgorithm=0;CPXPARAM_MIP_Strategy_VariableSelect=0;CPXPARAM_Network_NetFind=2;CPXPARAM_Network_Pricing=0;CPXPARAM_Parallel=1;CPXPARAM_Preprocessing_Aggregator=-1;CPXPARAM_Preprocessing_BoundStrength=-1;CPXPARAM_Preprocessing_CoeffReduce=-1;CPXPARAM_Preprocessing_Dependency=-1;CPXPARAM_Preprocessing_Dual=0;CPXPARAM_Preprocessing_Fill=10;CPXPARAM_Preprocessing_NumPass=-1;CPXPARAM_Preprocessing_Presolve=1;CPXPARAM_Preprocessing_QPMakePSD=1;CPXPARAM_Preprocessing_Reduce=3;CPXPARAM_Preprocessing_Relax=-1;CPXPARAM_Preprocessing_RepeatPresolve=-1;CPXPARAM_Preprocessing_Symmetry=-1;CPXPARAM_Read_Scale=0;CPXPARAM_Sifting_Algorithm=0;CPXPARAM_Simplex_Crash=1;CPXPARAM_Simplex_DGradient=0;CPXPARAM_Simplex_Limits_Perturbation=0;CPXPARAM_Simplex_Limits_Singularity=10;CPXPARAM_Simplex_PGradient=0;CPXPARAM_Simplex_Pricing=0;CPXPARAM_Simplex_Refactor=0
4634242579242724048,0,CPXPARAM_Advance=1;CPXPARAM_Barrier_Algorithm=0;CPXPARAM_Barrier_ColNonzeros=0;CPXPARAM_Barrier_Crossover=0;CPXPARAM_Barrier_Limits_Corrections=-1;CPXPARAM_Barrier_Ordering=0;CPXPARAM_Barrier_StartAlg=1;CPXPARAM_Emphasis_MIP=3;CPXPARAM_Emphasis_Memory=0;CPXPARAM_Emphasis_Numerical=0;CPXPARAM_Feasopt_Mode=0;CPXPARAM_LPMethod=0;CPXPARAM_MIP_Cuts_Cliques=3;CPXPARAM_MIP_Cuts_Covers=0;CPXPARAM_MIP_Cuts_Disjunctive=0;CPXPARAM_MIP_Cuts_FlowCovers=0;CPXPARAM_MIP_Cuts_GUBCovers=1;CPXPARAM_MIP_Cuts_Gomory=2;CPXPARAM_MIP_Cuts_Implied=-1;CPXPARAM_MIP_Cuts_MIRCut=0;CPXPARAM_MIP_Cuts_PathCut=-1;CPXPARAM_MIP_Limits_AggForCut=3;CPXPARAM_MIP_Limits_CutPasses=0;CPXPARAM_MIP_Limits_CutsFactor=-1;CPXPARAM_MIP_Limits_GomoryCand=25;CPXPARAM_MIP_Limits_GomoryPass=0;CPXPARAM_MIP_Limits_Nodes=9223372036800000000;CPXPARAM_MIP_Limits_ProbeTime=1e+75;CPXPARAM_MIP_Limits_RepairTries=0;CPXPARAM_MIP_Limits_StrongCand=10;CPXPARAM_MIP_Limits_StrongIt=0;CPXPARAM_MIP_OrderType=0;CPXPARAM_MIP_Strategy_BBInterval=7;CPXPARAM_MIP_Strategy_Branch=0;CPXPARAM_MIP_Strategy_Dive=0;CPXPARAM_MIP_Strategy_File=1;CPXPARAM_MIP_Strategy_HeuristicFreq=0;CPXPARAM_MIP_Strategy_LBHeur=0;CPXPARAM_MIP_Strategy_NodeSelect=1;CPXPARAM_MIP_Strategy_Order=1;CPXPARAM_MIP_Strategy_PresolveNode=0;CPXPARAM_MIP_Strategy_Probe=0;CPXPARAM_MIP_Strategy_RINSHeur=0;CPXPARAM_MIP_Strategy_StartAlgorithm=0;CPXPARAM_MIP_Strategy_SubAlgorithm=0;CPXPARAM_MIP_Strategy_VariableSelect=0;CPXPARAM_Network_NetFind=2;CPXPARAM_Network_Pricing=0;CPXPARAM_Parallel=1;CPXPARAM_Preprocessing_Aggregator=-1;CPXPARAM_Preprocessing_BoundStrength=-1;CPXPARAM_Preprocessing_CoeffReduce=-1;CPXPARAM_Preprocessing_Dependency=-1;CPXPARAM_Preprocessing_Dual=0;CPXPARAM_Preprocessing_Fill=10;CPXPARAM_Preprocessing_NumPass=-1;CPXPARAM_Preprocessing_Presolve=1;CPXPARAM_Preprocessing_QPMakePSD=1;CPXPARAM_Preprocessing_Reduce=3;CPXPARAM_Preprocessing_Relax=-1;CPXPARAM_Preprocessing_RepeatPresolve=-1;CPXPARAM_Preprocessing_Symmetry=-1;CPXPARAM_Read_Scale=0;CPXPARAM_Sifting_Algorithm=0;CPXPARAM_Simplex_Crash=1;CPXPARAM_Simplex_DGradient=0;CPXPARAM_Simplex_Limits_Perturbation=0;CPXPARAM_Simplex_Limits_Singularity=10;CPXPARAM_Simplex_PGradient=0;CPXPARAM_Simplex_Pricing=0;CPXPARAM_Simplex_Refactor=0
3948573816299165794,0,CPXPARAM_Advance=1;CPXPARAM_Barrier_Algorithm=0;CPXPARAM_Barrier_ColNonzeros=0;CPXPARAM_Barrier_Crossover=0;CPXPARAM_Barrier_Limits_Corrections=-1;CPXPARAM_Barrier_Ordering=0;CPXPARAM_Barrier_StartAlg=1;CPXPARAM_Emphasis_MIP=2;CPXPARAM_Emphasis_Memory=0;CPXPARAM_Emphasis_Numerical=0;CPXPARAM_Feasopt_Mode=5;CPXPARAM_LPMethod=0;CPXPARAM_MIP_Cuts_Cliques=-1;CPXPARAM_MIP_Cuts_Covers=2;CPXPARAM_MIP_Cuts_Disjunctive=1;CPXPARAM_MIP_Cuts_FlowCovers=2;CPXPARAM_MIP_Cuts_GUBCovers=1;CPXPARAM_MIP_Cuts_Gomory=0;CPXPARAM_MIP_Cuts_Implied=-1;CPXPARAM_MIP_Cuts_MIRCut=-1;CPXPARAM_MIP_Cuts_PathCut=-1;CPXPARAM_MIP_Limits_AggForCut=3;CPXPARAM_MIP_Limits_CutPasses=0;CPXPARAM_MIP_Limits_CutsFactor=-1;CPXPARAM_MIP_Limits_GomoryCand=400;CPXPARAM_MIP_Limits_GomoryPass=0;CPXPARAM_MIP_Limits_Nodes=9223372036800000000;CPXPARAM_MIP_Limits_ProbeTime=1e+75;CPXPARAM_MIP_Limits_RepairTries=0;CPXPARAM_MIP_Limits_StrongCand=10;CPXPARAM_MIP_Limits_StrongIt=0;CPXPARAM_MIP_OrderType=0;CPXPARAM_MIP_Strategy_BBInterval=7;CPXPARAM_MIP_Strategy_Branch=0;CPXPARAM_MIP_Strategy_Dive=0;CPXPARAM_MIP_Strategy_File=1;CPXPARAM_MIP_Strategy_HeuristicFreq=0;CPXPARAM_MIP_Strategy_LBHeur=0;CPXPARAM_MIP_Strategy_NodeSelect=1;CPXPARAM_MIP_Strategy_Order=1;CPXPARAM_MIP_Strategy_PresolveNode=0;CPXPARAM_MIP_Strategy_Probe=0;CPXPARAM_MIP_Strategy_RINSHeur=0;CPXPARAM_MIP_Strategy_StartAlgorithm=0;CPXPARAM_MIP_Strategy_SubAlgorithm=0;CPXPARAM_MIP_Strategy_VariableSelect=0;CPXPARAM_Network_NetFind=2;CPXPARAM_Network_Pricing=0;CPXPARAM_Parallel=1;CPXPARAM_Preprocessing_Aggregator=-1;CPXPARAM_Preprocessing_BoundStrength=-1;CPXPARAM_Preprocessing_CoeffReduce=-1;CPXPARAM_Preprocessing_Dependency=-1;CPXPARAM_Preprocessing_Dual=0;CPXPARAM_Preprocessing_Fill=10;CPXPARAM_Preprocessing_NumPass=-1;CPXPARAM_Preprocessing_Presolve=1;CPXPARAM_Preprocessing_QPMakePSD=1;CPXPARAM_Preprocessing_Reduce=3;CPXPARAM_Preprocessing_Relax=-1;CPXPARAM_Preprocessing_RepeatPresolve=-1;CPXPARAM_Preprocessing_Symmetry=-1;CPXPARAM_Read_Scale=0;CPXPARAM_Sifting_Algorithm=0;CPXPARAM_Simplex_Crash=1;CPXPARAM_Simplex_DGradient=0;CPXPARAM_Simplex_Limits_Perturbation=0;CPXPARAM_Simplex_Limits_Singularity=10;CPXPARAM_Simplex_PGradient=0;CPXPARAM_Simplex_Pricing=0;CPXPARAM_Simplex_Refactor=0
4827858328113015701,0,CPXPARAM_Advance=1;CPXPARAM_Barrier_Algorithm=0;CPXPARAM_Barrier_ColNonzeros=0;CPXPARAM_Barrier_Crossover=0;CPXPARAM_Barrier_Limits_Corrections=-1;CPXPARAM_Barrier_Ordering=0;CPXPARAM_Barrier_StartAlg=1;CPXPARAM_Emphasis_MIP=3;CPXPARAM_Emphasis_Memory=0;CPXPARAM_Emphasis_Numerical=0;CPXPARAM_Feasopt_Mode=0;CPXPARAM_LPMethod=0;CPXPARAM_MIP_Cuts_Cliques=3;CPXPARAM_MIP_Cuts_Covers=0;CPXPARAM_MIP_Cuts_Disjunctive=0;CPXPARAM_MIP_Cuts_FlowCovers=0;CPXPARAM_MIP_Cuts_GUBCovers=1;CPXPARAM_MIP_Cuts_Gomory=2;CPXPARAM_MIP_Cuts_Implied=-1;CPXPARAM_MIP_Cuts_MIRCut=0;CPXPARAM_MIP_Cuts_PathCut=-1;CPXPARAM_MIP_Limits_AggForCut=3;CPXPARAM_MIP_Limits_CutPasses=0;CPXPARAM_MIP_Limits_CutsFactor=-1;CPXPARAM_MIP_Limits_GomoryCand=50;CPXPARAM_MIP_Limits_GomoryPass=0;CPXPARAM_MIP_Limits_Nodes=9223372036800000000;CPXPARAM_MIP_Limits_ProbeTime=1e+75;CPXPARAM_MIP_Limits_RepairTries=0;CPXPARAM_MIP_Limits_StrongCand=10;CPXPARAM_MIP_Limits_StrongIt=0;CPXPARAM_MIP_OrderType=0;CPXPARAM_MIP_Strategy_BBInterval=7;CPXPARAM_MIP_Strategy_Branch=0;CPXPARAM_MIP_Strategy_Dive=0;CPXPARAM_MIP_Strategy_File=1;CPXPARAM_MIP_Strategy_HeuristicFreq=0;CPXPARAM_MIP_Strategy_LBHeur=0;CPXPARAM_MIP_Strategy_NodeSelect=1;CPXPARAM_MIP_Strategy_Order=1;CPXPARAM_MIP_Strategy_PresolveNode=0;CPXPARAM_MIP_Strategy_Probe=0;CPXPARAM_MIP_Strategy_RINSHeur=0;CPXPARAM_MIP_Strategy_StartAlgorithm=0;CPXPARAM_MIP_Strategy_SubAlgorithm=0;CPXPARAM_MIP_Strategy_VariableSelect=0;CPXPARAM_Network_NetFind=2;CPXPARAM_Network_Pricing=0;CPXPARAM_Parallel=1;CPXPARAM_Preprocessing_Aggregator=-1;CPXPARAM_Preprocessing_BoundStrength=-1;CPXPARAM_Preprocessing_CoeffReduce=-1;CPXPARAM_Preprocessing_Dependency=-1;CPXPARAM_Preprocessing_Dual=0;CPXPARAM_Preprocessing_Fill=10;CPXPARAM_Preprocessing_NumPass=-1;CPXPARAM_Preprocessing_Presolve=1;CPXPARAM_Preprocessing_QPMakePSD=1;CPXPARAM_Preprocessing_Reduce=3;CPXPARAM_Preprocessing_Relax=-1;CPXPARAM_Preprocessing_RepeatPresolve=-1;CPXPARAM_Preprocessing_Symmetry=-1;CPXPARAM_Read_Scale=0;CPXPARAM_Sifting_Algorithm=0;CPXPARAM_Simplex_Crash=1;CPXPARAM_Simplex_DGradient=0;CPXPARAM_Simplex_Limits_Perturbation=0;CPXPARAM_Simplex_Limits_Singularity=10;CPXPARAM_Simplex_PGradient=0;CPXPARAM_Simplex_Pricing=0;CPXPARAM_Simplex_Refactor=0
9401147400384249486,0,CPXPARAM_Advance=1;CPXPARAM_Barrier_Algorithm=0;CPXPARAM_Barrier_ColNonzeros=0;CPXPARAM_Barrier_Crossover=0;CPXPARAM_Barrier_Limits_Corrections=-1;CPXPARAM_Barrier_Ordering=0;CPXPARAM_Barrier_StartAlg=1;CPXPARAM_Emphasis_MIP=3;CPXPARAM_Emphasis_Memory=0;CPXPARAM_Emphasis_Numerical=0;CPXPARAM_Feasopt_Mode=0;CPXPARAM_LPMethod=0;CPXPARAM_MIP_Cuts_Cliques=-1;CPXPARAM_MIP_Cuts_Covers=0;CPXPARAM_MIP_Cuts_Disjunctive=1;CPXPARAM_MIP_Cuts_FlowCovers=2;CPXPARAM_MIP_Cuts_GUBCovers=0;CPXPARAM_MIP_Cuts_Gomory=-1;CPXPARAM_MIP_Cuts_Implied=-1;CPXPARAM_MIP_Cuts_MIRCut=-1;CPXPARAM_MIP_Cuts_PathCut=-1;CPXPARAM_MIP_Limits_AggForCut=3;CPXPARAM_MIP_Limits_CutPasses=0;CPXPARAM_MIP_Limits_CutsFactor=-1;CPXPARAM_MIP_Limits_GomoryCand=200;CPXPARAM_MIP_Limits_GomoryPass=0;CPXPARAM_MIP_Limits_Nodes=9223372036800000000;CPXPARAM_MIP_Limits_ProbeTime=1e+75;CPXPARAM_MIP_Limits_RepairTries=0;CPXPARAM_MIP_Limits_StrongCand=10;CPXPARAM_MIP_Limits_StrongIt=0;CPXPARAM_MIP_OrderType=0;CPXPARAM_MIP_Strategy_BBInterval=7;CPXPARAM_MIP_Strategy_Branch=0;CPXPARAM_MIP_Strategy_Dive=0;CPXPARAM_MIP_Strategy_File=1;CPXPARAM_MIP_Strategy_HeuristicFreq=0;CPXPARAM_MIP_Strategy_LBHeur=0;CPXPARAM_MIP_Strategy_NodeSelect=1;CPXPARAM_MIP_Strategy_Order=1;CPXPARAM_MIP_Strategy_PresolveNode=0;CPXPARAM_MIP_Strategy_Probe=0;CPXPARAM_MIP_Strategy_RINSHeur=0;CPXPARAM_MIP_Strategy_StartAlgorithm=0;CPXPARAM_MIP_Strategy_SubAlgorithm=0;CPXPARAM_MIP_Strategy_VariableSelect=0;CPXPARAM_Network_NetFind=2;CPXPARAM_Network_Pricing=0;CPXPARAM_Parallel=1;CPXPARAM_Preprocessing_Aggregator=-1;CPXPARAM_Preprocessing_BoundStrength=-1;CPXPARAM_Preprocessing_CoeffReduce=-1;CPXPARAM_Preprocessing_Dependency=-1;CPXPARAM_Preprocessing_Dual=0;CPXPARAM_Preprocessing_Fill=10;CPXPARAM_Preprocessing_NumPass=-1;CPXPARAM_Preprocessing_Presolve=1;CPXPARAM_Preprocessing_QPMakePSD=1;CPXPARAM_Preprocessing_Reduce=3;CPXPARAM_Preprocessing_Relax=-1;CPXPARAM_Preprocessing_RepeatPresolve=-1;CPXPARAM_Preprocessing_Symmetry=-1;CPXPARAM_Read_Scale=0;CPXPARAM_Sifting_Algorithm=0;CPXPARAM_Simplex_Crash=1;CPXPARAM_Simplex_DGradient=0;CPXPARAM_Simplex_Limits_Perturbation=0;CPXPARAM_Simplex_Limits_Singularity=10;CPXPARAM_Simplex_PGradient=0;CPXPARAM_Simplex_Pricing=0;CPXPARAM_Simplex_Refactor=0
8029560823817820337,0,CPXPARAM_Advance=1;CPXPARAM_Barrier_Algorithm=0;CPXPARAM_Barrier_ColNonzeros=0;CPXPARAM_Barrier_Crossover=0;CPXPARAM_Barrier_Limits_Corrections=-1;CPXPARAM_Barrier_Ordering=0;CPXPARAM_Barrier_StartAlg=1;CPXPARAM_Emphasis_MIP=4;CPXPARAM_Emphasis_Memory=0;CPXPARAM_Emphasis_Numerical=0;CPXPARAM_Feasopt_Mode=0;CPXPARAM_LPMethod=0;CPXPARAM_MIP_Cuts_Cliques=-1;CPXPARAM_MIP_Cuts_Covers=2;CPXPARAM_MIP_Cuts_Disjunctive=0;CPXPARAM_MIP_Cuts_FlowCovers=1;CPXPARAM_MIP_Cuts_GUBCovers=2;CPXPARAM_MIP_Cuts_Gomory=0;CPXPARAM_MIP_Cuts_Implied=1;CPXPARAM_MIP_Cuts_MIRCut=1;CPXPARAM_MIP_Cuts_PathCut=2;CPXPARAM_MIP_Limits_AggForCut=5;CPXPARAM_MIP_Limits_CutPasses=0;CPXPARAM_MIP_Limits_CutsFactor=-1;CPXPARAM_MIP_Limits_GomoryCand=100;CPXPARAM_MIP_Limits_GomoryPass=0;CPXPARAM_MIP_Limits_Nodes=9223372036800000000;CPXPARAM_MIP_Limits_ProbeTime=1e+75;CPXPARAM_MIP_Limits_RepairTries=0;CPXPARAM_MIP_Limits_StrongCand=10;CPXPARAM_MIP_Limits_StrongIt=0;CPXPARAM_MIP_OrderType=1;CPXPARAM_MIP_Strategy_BBInterval=7;CPXPARAM_MIP_Strategy_Branch=-1;CPXPARAM_MIP_Strategy_Dive=0;CPXPARAM_MIP_Strategy_File=1;CPXPARAM_MIP_Strategy_HeuristicFreq=0;CPXPARAM_MIP_Strategy_LBHeur=0;CPXPARAM_MIP_Strategy_NodeSelect=3;CPXPARAM_MIP_Strategy_Order=1;CPXPARAM_MIP_Strategy_PresolveNode=-1;CPXPARAM_MIP_Strategy_Probe=3;CPXPARAM_MIP_Strategy_RINSHeur=0;CPXPARAM_MIP_Strategy_StartAlgorithm=0;CPXPARAM_MIP_Strategy_SubAlgorithm=0;CPXPARAM_MIP_Strategy_VariableSelect=2;CPXPARAM_Network_NetFind=2;CPXPARAM_Network_Pricing=0;CPXPARAM_Parallel=1;CPXPARAM_Preprocessing_Aggregator=-1;CPXPARAM_Preprocessing_BoundStrength=-1;CPXPARAM_Preprocessing_CoeffReduce=-1;CPXPARAM_Preprocessing_Dependency=-1;CPXPARAM_Preprocessing_Dual=0;CPXPARAM_Preprocessing_Fill=5;CPXPARAM_Preprocessing_NumPass=-1;CPXPARAM_Preprocessing_Presolve=1;CPXPARAM_Preprocessing_QPMakePSD=1;CPXPARAM_Preprocessing_Reduce=2;CPXPARAM_Preprocessing_Relax=-1;CPXPARAM_Preprocessing_RepeatPresolve=-1;CPXPARAM_Preprocessing_Symmetry=-1;CPXPARAM_Read_Scale=0;CPXPARAM_Sifting_Algorithm=0;CPXPARAM_Simplex_Crash=1;CPXPARAM_Simplex_DGradient=0;CPXPARAM_Simplex_Limits_Perturbation=0;CPXPARAM_Simplex_Limits_Singularity=10;CPXPARAM_Simplex_PGradient=0;CPXPARAM_Simplex_Pricing=0;CPXPARAM_Simplex_Refactor=0
4257630661865672185,0,CPXPARAM_Advance=1;CPXPARAM_Barrier_Algorithm=0;CPXPARAM_Barrier_ColNonzeros=0;CPXPARAM_Barrier_Crossover=0;CPXPARAM_Barrier_Limits_Corrections=-1;CPXPARAM_Barrier_Ordering=0;CPXPARAM_Barrier_StartAlg=1;CPXPARAM_Emphasis_MIP=3;CPXPARAM_Emphasis_Memory=0;CPXPARAM_Emphasis_Numerical=0;CPXPARAM_Feasopt_Mode=0;CPXPARAM_LPMethod=0;CPXPARAM_MIP_Cuts_Cliques=3;CPXPARAM_MIP_Cuts_Covers=0;CPXPARAM_MIP_Cuts_Disjunctive=0;CPXPARAM_MIP_Cuts_FlowCovers=0;CPXPARAM_MIP_Cuts_GUBCovers=1;CPXPARAM_MIP_Cuts_Gomory=2;CPXPARAM_MIP_Cuts_Implied=-1;CPXPARAM_MIP_Cuts_MIRCut=0;CPXPARAM_MIP_Cuts_PathCut=-1;CPXPARAM_MIP_Limits_AggForCut=3;CPXPARAM_MIP_Limits_CutPasses=0;CPXPARAM_MIP_Limits_CutsFactor=-1;CPXPARAM_MIP_Limits_GomoryCand=400;CPXPARAM_MIP_Limits_GomoryPass=0;CPXPARAM_MIP_Limits_Nodes=9223372036800000000;CPXPARAM_MIP_Limits_ProbeTime=1e+75;CPXPARAM_MIP_Limits_RepairTries=0;CPXPARAM_MIP_Limits_StrongCand=10;CPXPARAM_MIP_Limits_StrongIt=0;CPXPARAM_MIP_OrderType=0;CPXPARAM_MIP_Strategy_BBInterval=7;CPXPARAM_MIP_Strategy_Branch=0;CPXPARAM_MIP_Strategy_Dive=0;CPXPARAM_MIP_Strategy_File=1;CPXPARAM_MIP_Strategy_HeuristicFreq=0;CPXPARAM_MIP_Strategy_LBHeur=0;CPXPARAM_MIP_Strategy_NodeSelect=1;CPXPARAM_MIP_Strategy_Order=1;CPXPARAM_MIP_Strategy_PresolveNode=0;CPXPARAM_MIP_Strategy_Probe=0;CPXPARAM_MIP_Strategy_RINSHeur=0;CPXPARAM_MIP_Strategy_StartAlgorithm=0;CPXPARAM_MIP_Strategy_SubAlgorithm=0;CPXPARAM_MIP_Strategy_VariableSelect=0;CPXPARAM_Network_NetFind=2;CPXPARAM_Network_Pricing=0;CPXPARAM_Parallel=1;CPXPARAM_Preprocessing_Aggregator=-1;CPXPARAM_Preprocessing_BoundStrength=-1;CPXPARAM_Preprocessing_CoeffReduce=-1;CPXPARAM_Preprocessing_Dependency=-1;CPXPARAM_Preprocessing_Dual=0;CPXPARAM_Preprocessing_Fill=10;CPXPARAM_Preprocessing_NumPass=-1;CPXPARAM_Preprocessing_Presolve=1;CPXPARAM_Preprocessing_QPMakePSD=1;CPXPARAM_Preprocessing_Reduce=3;CPXPARAM_Preprocessing_Relax=-1;CPXPARAM_Preprocessing_RepeatPresolve=-1;CPXPARAM_Preprocessing_Symmetry=-1;CPXPARAM_Read_Scale=0;CPXPARAM_Sifting_Algorithm=0;CPXPARAM_Simplex_Crash=1;CPXPARAM_Simplex_DGradient=0;CPXPARAM_Simplex_Limits_Perturbation=0;CPXPARAM_Simplex_Limits_Singularity=10;CPXPARAM_Simplex_PGradient=0;CPXPARAM_Simplex_Pricing=0;CPXPARAM_Simplex_Refactor=0
17571837133763878590,0,CPXPARAM_Advance=1;CPXPARAM_Barrier_Algorithm=0;CPXPARAM_Barrier_ColNonzeros=0;CPXPARAM_Barrier_Crossover=0;CPXPARAM_Barrier_Limits_Corrections=-1;CPXPARAM_Barrier_Ordering=0;CPXPARAM_Barrier_StartAlg=1;CPXPARAM_Emphasis_MIP=1;CPXPARAM_Emphasis_Memory=0;CPXPARAM_Emphasis_Numerical=0;CPXPARAM_Feasopt_Mode=0;CPXPARAM_LPMethod=0;CPXPARAM_MIP_Cuts_Cliques=1;CPXPARAM_MIP_Cuts_Covers=-1;CPXPARAM_MIP_Cuts_Disjunctive=0;CPXPARAM_MIP_Cuts_FlowCovers=2;CPXPARAM_MIP_Cuts_GUBCovers=1;CPXPARAM_MIP_Cuts_Gomory=2;CPXPARAM_MIP_Cuts_Implied=2;CPXPARAM_MIP_Cuts_MIRCut=1;CPXPARAM_MIP_Cuts_PathCut=0;CPXPARAM_MIP_Limits_AggForCut=3;CPXPARAM_MIP_Limits_CutPasses=0;CPXPARAM_MIP_Limits_CutsFactor=-1;CPXPARAM_MIP_Limits_GomoryCand=100;CPXPARAM_MIP_Limits_GomoryPass=0;CPXPARAM_MIP_Limits_Nodes=9223372036800000000;CPXPARAM_MIP_Limits_ProbeTime=1e+75;CPXPARAM_MIP_Limits_RepairTries=0;CPXPARAM_MIP_Limits_StrongCand=10;CPXPARAM_MIP_Limits_StrongIt=0;CPXPARAM_MIP_OrderType=0;CPXPARAM_MIP_Strategy_BBInterval=7;CPXPARAM_MIP_Strategy_Branch=1;CPXPARAM_MIP_Strategy_Dive=0;CPXPARAM_MIP_Strategy_File=1;CPXPARAM_MIP_Strategy_HeuristicFreq=0;CPXPARAM_MIP_Strategy_LBHeur=0;CPXPARAM_MIP_Strategy_NodeSelect=2;CPXPARAM_MIP_Strategy_Order=1;CPXPARAM_MIP_Strategy_PresolveNode=0;CPXPARAM_MIP_Strategy_Probe=-1;CPXPARAM_MIP_Strategy_RINSHeur=0;CPXPARAM_MIP_Strategy_StartAlgorithm=0;CPXPARAM_MIP_Strategy_SubAlgorithm=0;CPXPARAM_MIP_Strategy_VariableSelect=-1;CPXPARAM_Network_NetFind=2;CPXPARAM_Network_Pricing=0;CPXPARAM_Parallel=1;CPXPARAM_Preprocessing_Aggregator=-1;CPXPARAM_Preprocessing_BoundStrength=-1;CPXPARAM_Preprocessing_CoeffReduce=-1;CPXPARAM_Preprocessing_Dependency=-1;CPXPARAM_Preprocessing_Dual=0;CPXPARAM_Preprocessing_Fill=10;CPXPARAM_Preprocessing_NumPass=-1;CPXPARAM_Preprocessing_Presolve=1;CPXPARAM_Preprocessing_QPMakePSD=1;CPXPARAM_Preprocessing_Reduce=3;CPXPARAM_Preprocessing_Relax=-1;CPXPARAM_Preprocessing_RepeatPresolve=-1;CPXPARAM_Preprocessing_Symmetry=-1;CPXPARAM_Read_Scale=0;CPXPARAM_Sifting_Algorithm=0;CPXPARAM_Simplex_Crash=1;CPXPARAM_Simplex_DGradient=0;CPXPARAM_Simplex_Limits_Perturbation=0;CPXPARAM_Simplex_Limits_Singularity=10;CPXPARAM_Simplex_PGradient=0;CPXPARAM_Simplex_Pricing=0;CPXPARAM_Simplex_Refactor=0
12923953481523363440,0,CPXPARAM_Advance=1;CPXPARAM_Barrier_Algorithm=0;CPXPARAM_Barrier_ColNonzeros=0;CPXPARAM_Barrier_Crossover=0;CPXPARAM_Barrier_Limits_Corrections=-1;CPXPARAM_Barrier_Ordering=0;CPXPARAM_Barrier_StartAlg=1;CPXPARAM_Emphasis_MIP=3;CPXPARAM_Emphasis_Memory=0;CPXPARAM_Emphasis_Numerical=0;CPXPARAM_Feasopt_Mode=0;CPXPARAM_LPMethod=0;CPXPARAM_MIP_Cuts_Cliques=0;CPXPARAM_MIP_Cuts_Covers=0;CPXPARAM_MIP_Cuts_Disjunctive=0;CPXPARAM_MIP_Cuts_FlowCovers=-1;CPXPARAM_MIP_Cuts_GUBCovers=2;CPXPARAM_MIP_Cuts_Gomory=0;CPXPARAM_MIP_Cuts_Implied=0;CPXPARAM_MIP_Cuts_MIRCut=-1;CPXPARAM_MIP_Cuts_PathCut=1;CPXPARAM_MIP_Limits_AggForCut=3;CPXPARAM_MIP_Limits_CutPasses=0;CPXPARAM_MIP_Limits_CutsFactor=-1;CPXPARAM_MIP_Limits_GomoryCand=150;CPXPARAM_MIP_Limits_GomoryPass=0;CPXPARAM_MIP_Limits_Nodes=9223372036800000000;CPXPARAM_MIP_Limits_ProbeTime=1e+75;CPXPARAM_MIP_Limits_RepairTries=0;CPXPARAM_MIP_Limits_StrongCand=10;CPXPARAM_MIP_Limits_StrongIt=0;CPXPARAM_MIP_OrderType=0;CPXPARAM_MIP_Strategy_BBInterval=7;CPXPARAM_MIP_Strategy_Branch=0;CPXPARAM_MIP_Strategy_Dive=0;CPXPARAM_MIP_Strategy_File=1;CPXPARAM_MIP_Strategy_HeuristicFreq=0;CPXPARAM_MIP_Strategy_LBHeur=0;CPXPARAM_MIP_Strategy_NodeSelect=1;CPXPARAM_MIP_Strategy_Order=1;CPXPARAM_MIP_Strategy_PresolveNode=0;CPXPARAM_MIP_Strategy_Probe=0;CPXPARAM_MIP_Strategy_RINSHeur=0;CPXPARAM_MIP_Strategy_StartAlgorithm=0;CPXPARAM_MIP_Strategy_SubAlgorithm=0;CPXPARAM_MIP_Strategy_VariableSelect=0;CPXPARAM_Network_NetFind=2;CPXPARAM_Network_Pricing=0;CPXPARAM_Parallel=1;CPXPARAM_Preprocessing_Aggregator=-1;CPXPARAM_Preprocessing_BoundStrength=-1;CPXPARAM_Preprocessing_CoeffReduce=-1;CPXPARAM_Preprocessing_Dependency=-1;CPXPARAM_Preprocessing_Dual=0;CPXPARAM_Preprocessing_Fill=10;CPXPARAM_Preprocessing_NumPass=-1;CPXPARAM_Preprocessing_Presolve=1;CPXPARAM_Preprocessing_QPMakePSD=1;CPXPARAM_Preprocessing_Reduce=3;CPXPARAM_Preprocessing_Relax=-1;CPXPARAM_Preprocessing_RepeatPresolve=-1;CPXPARAM_Preprocessing_Symmetry=-1;CPXPARAM_Read_Scale=0;CPXPARAM_Sifting_Algorithm=0;CPXPARAM_Simplex_Crash=1;CPXPARAM_Simplex_DGradient=0;CPXPARAM_Simplex_Limits_Perturbation=0;CPXPARAM_Simplex_Limits_Singularity=10;CPXPARAM_Simplex_PGradient=0;CPXPARAM_Simplex_Pricing=0;CPXPARAM_Simplex_Refactor=0
13529290070401629221,0,CPXPARAM_Advance=1;CPXPARAM_Barrier_Algorithm=0;CPXPARAM_Barrier_ColNonzeros=0;CPXPARAM_Barrier_Crossover=0;CPXPARAM_Barrier_Limits_Corrections=-1;CPXPARAM_Barrier_Ordering=0;CPXPARAM_Barrier_StartAlg=1;CPXPARAM_Emphasis_MIP=3;CPXPARAM_Emphasis_Memory=0;CPXPARAM_Emphasis_Numerical=0;CPXPARAM_Feasopt_Mode=0;CPXPARAM_LPMethod=0;CPXPARAM_MIP_Cuts_Cliques=3;CPXPARAM_MIP_Cuts_Covers=0;CPXPARAM_MIP_Cuts_Disjunctive=0;CPXPARAM_MIP_Cuts_FlowCovers=0;CPXPARAM_MIP_Cuts_GUBCovers=1;CPXPARAM_MIP_Cuts_Gomory=2;CPXPARAM_MIP_Cuts_Implied=-1;CPXPARAM_MIP_Cuts_MIRCut=0;CPXPARAM_MIP_Cuts_PathCut=2;CPXPARAM_MIP_Limits_AggForCut=3;CPXPARAM_MIP_Limits_CutPasses=0;CPXPARAM_MIP_Limits_CutsFactor=-1;CPXPARAM_MIP_Limits_GomoryCand=200;CPXPARAM_MIP_Limits_GomoryPass=0;CPXPARAM_MIP_Limits_Nodes=9223372036800000000;CPXPARAM_MIP_Limits_ProbeTime=1e+75;CPXPARAM_MIP_Limits_RepairTries=0;CPXPARAM_MIP_Limits_StrongCand=10;CPXPARAM_MIP_Limits_StrongIt=0;CPXPARAM_MIP_OrderType=0;CPXPARAM_MIP_Strategy_BBInterval=7;CPXPARAM_MIP_Strategy_Branch=0;CPXPARAM_MIP_Strategy_Dive=0;CPXPARAM_MIP_Strategy_File=1;CPXPARAM_MIP_Strategy_HeuristicFreq=0;CPXPARAM_MIP_Strategy_LBHeur=0;CPXPARAM_MIP_Strategy_NodeSelect=1;CPXPARAM_MIP_Strategy_Order=1;CPXPARAM_MIP_Strategy_PresolveNode=0;CPXPARAM_MIP_Strategy_Probe=0;CPXPARAM_MIP_Strategy_RINSHeur=0;CPXPARAM_MIP_Strategy_StartAlgorithm=0;CPXPARAM_MIP_Strategy_SubAlgorithm=0;CPXPARAM_MIP_Strategy_VariableSelect=0;CPXPARAM_Network_NetFind=2;CPXPARAM_Network_Pricing=0;CPXPARAM_Parallel=1;CPXPARAM_Preprocessing_Aggregator=-1;CPXPARAM_Preprocessing_BoundStrength=-1;CPXPARAM_Preprocessing_CoeffReduce=-1;CPXPARAM_Preprocessing_Dependency=-1;CPXPARAM_Preprocessing_Dual=0;CPXPARAM_Preprocessing_Fill=10;CPXPARAM_Preprocessing_NumPass=-1;CPXPARAM_Preprocessing_Presolve=1;CPXPARAM_Preprocessing_QPMakePSD=1;CPXPARAM_Preprocessing_Reduce=3;CPXPARAM_Preprocessing_Relax=-1;CPXPARAM_Preprocessing_RepeatPresolve=-1;CPXPARAM_Preprocessing_Symmetry=-1;CPXPARAM_Read_Scale=0;CPXPARAM_Sifting_Algorithm=0;CPXPARAM_Simplex_Crash=1;CPXPARAM_Simplex_DGradient=0;CPXPARAM_Simplex_Limits_Perturbation=0;CPXPARAM_Simplex_Limits_Singularity=10;CPXPARAM_Simplex_PGradient=0;CPXPARAM_Simplex_Pricing=0;CPXPARAM_Simplex_Refactor=0
15209603501834531931,0,CPXPARAM_Advance=1;CPXPARAM_Barrier_Algorithm=0;CPXPARAM_Barrier_ColNonzeros=0;CPXPARAM_Barrier_Crossover=0;CPXPARAM_Barrier_Limits_Corrections=-1;CPXPARAM_Barrier_Ordering=0;CPXPARAM_Barrier_StartAlg=1;CPXPARAM_Emphasis_MIP=2;CPXPARAM_Emphasis_Memory=0;CPXPARAM_Emphasis_Numerical=0;CPXPARAM_Feasopt_Mode=0;CPXPARAM_LPMethod=3;CPXPARAM_MIP_Cuts_Cliques=-1;CPXPARAM_MIP_Cuts_Covers=2;CPXPARAM_MIP_Cuts_Disjunctive=1;CPXPARAM_MIP_Cuts_FlowCovers=2;CPXPARAM_MIP_Cuts_GUBCovers=1;CPXPARAM_MIP_Cuts_Gomory=0;CPXPARAM_MIP_Cuts_Implied=-1;CPXPARAM_MIP_Cuts_MIRCut=-1;CPXPARAM_MIP_Cuts_PathCut=-1;CPXPARAM_MIP_Limits_AggForCut=3;CPXPARAM_MIP_Limits_CutPasses=0;CPXPARAM_MIP_Limits_CutsFactor=-1;CPXPARAM_MIP_Limits_GomoryCand=400;CPXPARAM_MIP_Limits_GomoryPass=0;CPXPARAM_MIP_Limits_Nodes=9223372036800000000;CPXPARAM_MIP_Limits_ProbeTime=1e+75;CPXPARAM_MIP_Limits_RepairTries=0;CPXPARAM_MIP_Limits_StrongCand=10;CPXPARAM_MIP_Limits_StrongIt=0;CPXPARAM_MIP_OrderType=0;CPXPARAM_MIP_Strategy_BBInterval=7;CPXPARAM_MIP_Strategy_Branch=0;CPXPARAM_MIP_Strategy_Dive=0;CPXPARAM_MIP_Strategy_File=1;CPXPARAM_MIP_Strategy_HeuristicFreq=0;CPXPARAM_MIP_Strategy_LBHeur=0;CPXPARAM_MIP_Strategy_NodeSelect=1;CPXPARAM_MIP_Strategy_Order=1;CPXPARAM_MIP_Strategy_PresolveNode=0;CPXPARAM_MIP_Strategy_Probe=0;CPXPARAM_MIP_Strategy_RINSHeur=0;CPXPARAM_MIP_Strategy_StartAlgorithm=0;CPXPARAM_MIP_Strategy_SubAlgorithm=0;CPXPARAM_MIP_Strategy_VariableSelect=0;CPXPARAM_Network_NetFind=2;CPXPARAM_Network_Pricing=0;CPXPARAM_Parallel=1;CPXPARAM_Preprocessing_Aggregator=-1;CPXPARAM_Preprocessing_BoundStrength=-1;CPXPARAM_Preprocessing_CoeffReduce=-1;CPXPARAM_Preprocessing_Dependency=-1;CPXPARAM_Preprocessing_Dual=0;CPXPARAM_Preprocessing_Fill=10;CPXPARAM_Preprocessing_NumPass=-1;CPXPARAM_Preprocessing_Presolve=1;CPXPARAM_Preprocessing_QPMakePSD=1;CPXPARAM_Preprocessing_Reduce=3;CPXPARAM_Preprocessing_Relax=-1;CPXPARAM_Preprocessing_RepeatPresolve=-1;CPXPARAM_Preprocessing_Symmetry=-1;CPXPARAM_Read_Scale=0;CPXPARAM_Sifting_Algorithm=0;CPXPARAM_Simplex_Crash=1;CPXPARAM_Simplex_DGradient=0;CPXPARAM_Simplex_Limits_Perturbation=0;CPXPARAM_Simplex_Limits_Singularity=10;CPXPARAM_Simplex_PGradient=0;CPXPARAM_Simplex_Pricing=0;CPXPARAM_Simplex_Refactor=0
7339613234556532924,0,CPXPARAM_Advance=1;CPXPARAM_Barrier_Algorithm=0;CPXPARAM_Barrier_ColNonzeros=0;CPXPARAM_Barrier_Crossover=0;CPXPARAM_Barrier_Limits_Corrections=-1;CPXPARAM_Barrier_Ordering=0;CPXPARAM_Barrier_StartAlg=1;CPXPARAM_Emphasis_MIP=1;CPXPARAM_Emphasis_Memory=0;CPXPARAM_Emphasis_Numerical=0;CPXPARAM_Feasopt_Mode=0;CPXPARAM_LPMethod=0;CPXPARAM_MIP_Cuts_Cliques=1;CPXPARAM_MIP_Cuts_Covers=-1;CPXPARAM_MIP_Cuts_Disjunctive=0;CPXPARAM_MIP_Cuts_FlowCovers=2;CPXPARAM_MIP_Cuts_GUBCovers=1;CPXPARAM_MIP_Cuts_Gomory=2;CPXPARAM_MIP_Cuts_Implied=2;CPXPARAM_MIP_Cuts_MIRCut=1;CPXPARAM_MIP_Cuts_PathCut=0;CPXPARAM_MIP_Limits_AggForCut=3;CPXPARAM_MIP_Limits_CutPasses=0;CPXPARAM_MIP_Limits_CutsFactor=-1;CPXPARAM_MIP_Limits_GomoryCand=100;CPXPARAM_MIP_Limits_GomoryPass=0;CPXPARAM_MIP_Limits_Nodes=9223372036800000000;CPXPARAM_MIP_Limits_ProbeTime=1e+75;CPXPARAM_MIP_Limits_RepairTries=0;CPXPARAM_MIP_Limits_StrongCand=10;CPXPARAM_MIP_Limits_StrongIt=0;CPXPARAM_MIP_OrderType=0;CPXPARAM_MIP_Strategy_BBInterval=7;CPXPARAM_MIP_Strategy_Branch=1;CPXPARAM_MIP_Strategy_Dive=0;CPXPARAM_MIP_Strategy_File=1;CPXPARAM_MIP_Strategy_HeuristicFreq=0;CPXPARAM_MIP_Strategy_LBHeur=0;CPXPARAM_MIP_Strategy_NodeSelect=2;CPXPARAM_MIP_Strategy_Order=1;CPXPARAM_MIP_Strategy_PresolveNode=2;CPXPARAM_MIP_Strategy_Probe=-1;CPXPARAM_MIP_Strategy_RINSHeur=0;CPXPARAM_MIP_Strategy_StartAlgorithm=0;CPXPARAM_MIP_Strategy_SubAlgorithm=0;CPXPARAM_MIP_Strategy_VariableSelect=0;CPXPARAM_Network_NetFind=2;CPXPARAM_Network_Pricing=0;CPXPARAM_Parallel=1;CPXPARAM_Preprocessing_Aggregator=-1;CPXPARAM_Preprocessing_BoundStrength=-1;CPXPARAM_Preprocessing_CoeffReduce=-1;CPXPARAM_Preprocessing_Dependency=-1;CPXPARAM_Preprocessing_Dual=0;CPXPARAM_Preprocessing_Fill=10;CPXPARAM_Preprocessing_NumPass=-1;CPXPARAM_Preprocessing_Presolve=1;CPXPARAM_Preprocessing_QPMakePSD=1;CPXPARAM_Preprocessing_Reduce=3;CPXPARAM_Preprocessing_Relax=-1;CPXPARAM_Preprocessing_RepeatPresolve=-1;CPXPARAM_Preprocessing_Symmetry=-1;CPXPARAM_Read_Scale=0;CPXPARAM_Sifting_Algorithm=0;CPXPARAM_Simplex_Crash=1;CPXPARAM_Simplex_DGradient=0;CPXPARAM_Simplex_Limits_Perturbation=0;CPXPARAM_Simplex_Limits_Singularity=10;CPXPARAM_Simplex_PGradient=0;CPXPARAM_Simplex_Pricing=0;CPXPARAM_Simplex_Refactor=0
5132978263825370909,0,CPXPARAM_Advance=1;CPXPARAM_Barrier_Algorithm=0;CPXPARAM_Barrier_ColNonzeros=0;CPXPARAM_Barrier_Crossover=0;CPXPARAM_Barrier_Limits_Corrections=-1;CPXPARAM_Barrier_Ordering=0;CPXPARAM_Barrier_StartAlg=1;CPXPARAM_Emphasis_MIP=5;CPXPARAM_Emphasis_Memory=0;CPXPARAM_Emphasis_Numerical=0;CPXPARAM_Feasopt_Mode=0;CPXPARAM_LPMethod=0;CPXPARAM_MIP_Cuts_Cliques=3;CPXPARAM_MIP_Cuts_Covers=2;CPXPARAM_MIP_Cuts_Disjunctive=-1;CPXPARAM_MIP_Cuts_FlowCovers=1;CPXPARAM_MIP_Cuts_GUBCovers=1;CPXPARAM_MIP_Cuts_Gomory=2;CPXPARAM_MIP_Cuts_Implied=1;CPXPARAM_MIP_Cuts_MIRCut=2;CPXPARAM_MIP_Cuts_PathCut=1;CPXPARAM_MIP_Limits_AggForCut=5;CPXPARAM_MIP_Limits_CutPasses=0;CPXPARAM_MIP_Limits_CutsFactor=-1;CPXPARAM_MIP_Limits_GomoryCand=800;CPXPARAM_MIP_Limits_GomoryPass=0;CPXPARAM_MIP_Limits_Nodes=9223372036800000000;CPXPARAM_MIP_Limits_ProbeTime=1e+75;CPXPARAM_MIP_Limits_RepairTries=0;CPXPARAM_MIP_Limits_StrongCand=10;CPXPARAM_MIP_Limits_StrongIt=0;CPXPARAM_MIP_OrderType=3;CPXPARAM_MIP_Strategy_BBInterval=7;CPXPARAM_MIP_Strategy_Branch=-1;CPXPARAM_MIP_Strategy_Dive=0;CPXPARAM_MIP_Strategy_File=1;CPXPARAM_MIP_Strategy_HeuristicFreq=0;CPXPARAM_MIP_Strategy_LBHeur=0;CPXPARAM_MIP_Strategy_NodeSelect=2;CPXPARAM_MIP_Strategy_Order=1;CPXPARAM_MIP_Strategy_PresolveNode=0;CPXPARAM_MIP_Strategy_Probe=3;CPXPARAM_MIP_Strategy_RINSHeur=0;CPXPARAM_MIP_Strategy_StartAlgorithm=0;CPXPARAM_MIP_Strategy_SubAlgorithm=2;CPXPARAM_MIP_Strategy_VariableSelect=1;CPXPARAM_Network_NetFind=2;CPXPARAM_Network_Pricing=0;CPXPARAM_Parallel=1;CPXPARAM_Preprocessing_Aggregator=-1;CPXPARAM_Preprocessing_BoundStrength=-1;CPXPARAM_Preprocessing_CoeffReduce=-1;CPXPARAM_Preprocessing_Dependency=-1;CPXPARAM_Preprocessing_Dual=0;CPXPARAM_Preprocessing_Fill=5;CPXPARAM_Preprocessing_NumPass=-1;CPXPARAM_Preprocessing_Presolve=1;CPXPARAM_Preprocessing_QPMakePSD=1;CPXPARAM_Preprocessing_Reduce=1;CPXPARAM_Preprocessing_Relax=-1;CPXPARAM_Preprocessing_RepeatPresolve=-1;CPXPARAM_Preprocessing_Symmetry=-1;CPXPARAM_Read_Scale=-1;CPXPARAM_Sifting_Algorithm=0;CPXPARAM_Simplex_Crash=1;CPXPARAM_Simplex_DGradient=0;CPXPARAM_Simplex_Limits_Perturbation=0;CPXPARAM_Simplex_Limits_Singularity=10;CPXPARAM_Simplex_PGradient=0;CPXPARAM_Simplex_Pricing=0;CPXPARAM_Simplex_Refactor=0
6865866392228665881,0,CPXPARAM_Advance=1;CPXPARAM_Barrier_Algorithm=0;CPXPARAM_Barrier_ColNonzeros=0;CPXPARAM_Barrier_Crossover=0;CPXPARAM_Barrier_Limits_Corrections=-1;CPXPARAM_Barrier_Ordering=0;CPXPARAM_Barrier_StartAlg=1;CPXPARAM_Emphasis_MIP=2;CPXPARAM_Emphasis_Memory=0;CPXPARAM_Emphasis_Numerical=0;CPXPARAM_Feasopt_Mode=0;CPXPARAM_LPMethod=0;CPXPARAM_MIP_Cuts_Cliques=1;CPXPARAM_MIP_Cuts_Covers=0;CPXPARAM_MIP_Cuts_Disjunctive=-1;CPXPARAM_MIP_Cuts_FlowCovers=1;CPXPARAM_MIP_Cuts_GUBCovers=0;CPXPARAM_MIP_Cuts_Gomory=1;CPXPARAM_MIP_Cuts_Implied=2;CPXPARAM_MIP_Cuts_MIRCut=-1;CPXPARAM_MIP_Cuts_PathCut=1;CPXPARAM_MIP_Limits_AggForCut=3;CPXPARAM_MIP_Limits_CutPasses=0;CPXPARAM_MIP_Limits_CutsFactor=-1;CPXPARAM_MIP_Limits_GomoryCand=200;CPXPARAM_MIP_Limits_GomoryPass=0;CPXPARAM_MIP_Limits_Nodes=9223372036800000000;CPXPARAM_MIP_Limits_ProbeTime=1e+75;CPXPARAM_MIP_Limits_RepairTries=0;CPXPARAM_MIP_Limits_StrongCand=10;CPXPARAM_MIP_Limits_StrongIt=0;CPXPARAM_MIP_OrderType=0;CPXPARAM_MIP_Strategy_BBInterval=7;CPXPARAM_MIP_Strategy_Branch=0;CPXPARAM_MIP_Strategy_Dive=0;CPXPARAM_MIP_Strategy_File=1;CPXPARAM_MIP_Strategy_HeuristicFreq=0;CPXPARAM_MIP_Strategy_LBHeur=0;CPXPARAM_MIP_Strategy_NodeSelect=1;CPXPARAM_MIP_Strategy_Order=1;CPXPARAM_MIP_Strategy_PresolveNode=0;CPXPARAM_MIP_Strategy_Probe=0;CPXPARAM_MIP_Strategy_RINSHeur=0;CPXPARAM_MIP_Strategy_StartAlgorithm=0;CPXPARAM_MIP_Strategy_SubAlgorithm=0;CPXPARAM_MIP_Strategy_VariableSelect=0;CPXPARAM_Network_NetFind=2;CPXPARAM_Network_Pricing=0;CPXPARAM_Parallel=1;CPXPARAM_Preprocessing_Aggregator=-1;CPXPARAM_Preprocessing_BoundStrength=-1;CPXPARAM_Preprocessing_CoeffReduce=-1;CPXPARAM_Preprocessing_Dependency=-1;CPXPARAM_Preprocessing_Dual=0;CPXPARAM_Preprocessing_Fill=10;CPXPARAM_Preprocessing_NumPass=-1;CPXPARAM_Preprocessing_Presolve=1;CPXPARAM_Preprocessing_QPMakePSD=1;CPXPARAM_Preprocessing_Reduce=3;CPXPARAM_Preprocessing_Relax=-1;CPXPARAM_Preprocessing_RepeatPresolve=-1;CPXPARAM_Preprocessing_Symmetry=-1;CPXPARAM_Read_Scale=0;CPXPARAM_Sifting_Algorithm=0;CPXPARAM_Simplex_Crash=1;CPXPARAM_Simplex_DGradient=0;CPXPARAM_Simplex_Limits_Perturbation=0;CPXPARAM_Simplex_Limits_Singularity=10;CPXPARAM_Simplex_PGradient=0;CPXPARAM_Simplex_Pricing=0;CPXPARAM_Simplex_Refactor=0
5015133338272287137,0,CPXPARAM_Advance=1;CPXPARAM_Barrier_Algorithm=0;CPXPARAM_Barrier_ColNonzeros=0;CPXPARAM_Barrier_Crossover=0;CPXPARAM_Barrier_Limits_Corrections=-1;CPXPARAM_Barrier_Ordering=0;CPXPARAM_Barrier_StartAlg=1;CPXPARAM_Emphasis_MIP=0;CPXPARAM_Emphasis_Memory=0;CPXPARAM_Emphasis_Numerical=0;CPXPARAM_Feasopt_Mode=0;CPXPARAM_LPMethod=0;CPXPARAM_MIP_Cuts_Cliques=2;CPXPARAM_MIP_Cuts_Covers=1;CPXPARAM_MIP_Cuts_Disjunctive=-1;CPXPARAM_MIP_Cuts_FlowCovers=0;CPXPARAM_MIP_Cuts_GUBCovers=1;CPXPARAM_MIP_Cuts_Gomory=0;CPXPARAM_MIP_Cuts_Implied=2;CPXPARAM_MIP_Cuts_MIRCut=-1;CPXPARAM_MIP_Cuts_PathCut=1;CPXPARAM_MIP_Limits_AggForCut=3;CPXPARAM_MIP_Limits_CutPasses=0;CPXPARAM_MIP_Limits_CutsFactor=-1;CPXPARAM_MIP_Limits_GomoryCand=200;CPXPARAM_MIP_Limits_GomoryPass=0;CPXPARAM_MIP_Limits_Nodes=9223372036800000000;CPXPARAM_MIP_Limits_ProbeTime=1e+75;CPXPARAM_MIP_Limits_RepairTries=0;CPXPARAM_MIP_Limits_StrongCand=10;CPXPARAM_MIP_Limits_StrongIt=0;CPXPARAM_MIP_OrderType=0;CPXPARAM_MIP_Strategy_BBInterval=7;CPXPARAM_MIP_Strategy_Branch=-1;CPXPARAM_MIP_Strategy_Dive=0;CPXPARAM_MIP_Strategy_File=1;CPXPARAM_MIP_Strategy_HeuristicFreq=0;CPXPARAM_MIP_Strategy_LBHeur=0;CPXPARAM_MIP_Strategy_NodeSelect=3;CPXPARAM_MIP_Strategy_Order=1;CPXPARAM_MIP_Strategy_PresolveNode=2;CPXPARAM_MIP_Strategy_Probe=0;CPXPARAM_MIP_Strategy_RINSHeur=0;CPXPARAM_MIP_Strategy_StartAlgorithm=0;CPXPARAM_MIP_Strategy_SubAlgorithm=0;CPXPARAM_MIP_Strategy_VariableSelect=1;CPXPARAM_Network_NetFind=2;CPXPARAM_Network_Pricing=0;CPXPARAM_Parallel=1;CPXPARAM_Preprocessing_Aggregator=-1;CPXPARAM_Preprocessing_BoundStrength=-1;CPXPARAM_Preprocessing_CoeffReduce=-1;CPXPARAM_Preprocessing_Dependency=-1;CPXPARAM_Preprocessing_Dual=0;CPXPARAM_Preprocessing_Fill=10;CPXPARAM_Preprocessing_NumPass=-1;CPXPARAM_Preprocessing_Presolve=1;CPXPARAM_Preprocessing_QPMakePSD=1;CPXPARAM_Preprocessing_Reduce=3;CPXPARAM_Preprocessing_Relax=-1;CPXPARAM_Preprocessing_RepeatPresolve=-1;CPXPARAM_Preprocessing_Symmetry=-1;CPXPARAM_Read_Scale=0;CPXPARAM_Sifting_Algorithm=0;CPXPARAM_Simplex_Crash=1;CPXPARAM_Simplex_DGradient=0;CPXPARAM_Simplex_Limits_Perturbation=0;CPXPARAM_Simplex_Limits_Singularity=10;CPXPARAM_Simplex_PGradient=0;CPXPARAM_Simplex_Pricing=0;CPXPARAM_Simplex_Refactor=0
7734433372381190472,0,CPXPARAM_Advance=1;CPXPARAM_Barrier_Algorithm=0;CPXPARAM_Barrier_ColNonzeros=0;CPXPARAM_Barrier_Crossover=0;CPXPARAM_Barrier_Limits_Corrections=-1;CPXPARAM_Barrier_Ordering=0;CPXPARAM_Barrier_StartAlg=1;CPXPARAM_Emphasis_MIP=5;CPXPARAM_Emphasis_Memory=0;CPXPARAM_Emphasis_Numerical=0;CPXPARAM_Feasopt_Mode=0;CPXPARAM_LPMethod=0;CPXPARAM_MIP_Cuts_Cliques=0;CPXPARAM_MIP_Cuts_Covers=0;CPXPARAM_MIP_Cuts_Disjunctive=0;CPXPARAM_MIP_Cuts_FlowCovers=-1;CPXPARAM_MIP_Cuts_GUBCovers=2;CPXPARAM_MIP_Cuts_Gomory=0;CPXPARAM_MIP_Cuts_Implied=0;CPXPARAM_MIP_Cuts_MIRCut=0;CPXPARAM_MIP_Cuts_PathCut=1;CPXPARAM_MIP_Limits_AggForCut=3;CPXPARAM_MIP_Limits_CutPasses=0;CPXPARAM_MIP_Limits_CutsFactor=-1;CPXPARAM_MIP_Limits_GomoryCand=150;CPXPARAM_MIP_Limits_GomoryPass=0;CPXPARAM_MIP_Limits_Nodes=9223372036800000000;CPXPARAM_MIP_Limits_ProbeTime=1e+75;CPXPARAM_MIP_Limits_RepairTries=0;CPXPARAM_MIP_Limits_StrongCand=10;CPXPARAM_MIP_Limits_StrongIt=0;CPXPARAM_MIP_OrderType=0;CPXPARAM_MIP_Strategy_BBInterval=7;CPXPARAM_MIP_Strategy_Branch=0;CPXPARAM_MIP_Strategy_Dive=0;CPXPARAM_MIP_Strategy_File=1;CPXPARAM_MIP_Strategy_HeuristicFreq=0;CPXPARAM_MIP_Strategy_LBHeur=0;CPXPARAM_MIP_Strategy_NodeSelect=1;CPXPARAM_MIP_Strategy_Order=1;CPXPARAM_MIP_Strategy_PresolveNode=0;CPXPARAM_MIP_Strategy_Probe=0;CPXPARAM_MIP_Strategy_RINSHeur=0;CPXPARAM_MIP_Strategy_StartAlgorithm=0;CPXPARAM_MIP_Strategy_SubAlgorithm=0;CPXPARAM_MIP_Strategy_VariableSelect=0;CPXPARAM_Network_NetFind=2;CPXPARAM_Network_Pricing=0;CPXPARAM_Parallel=1;CPXPARAM_Preprocessing_Aggregator=-1;CPXPARAM_Preprocessing_BoundStrength=-1;CPXPARAM_Preprocessing_CoeffReduce=-1;CPXPARAM_Preprocessing_Dependency=-1;CPXPARAM_Preprocessing_Dual=0;CPXPARAM_Preprocessing_Fill=10;CPXPARAM_Preprocessing_NumPass=-1;CPXPARAM_Preprocessing_Presolve=1;CPXPARAM_Preprocessing_QPMakePSD=1;CPXPARAM_Preprocessing_Reduce=3;CPXPARAM_Preprocessing_Relax=-1;CPXPARAM_Preprocessing_RepeatPresolve=-1;CPXPARAM_Preprocessing_Symmetry=-1;CPXPARAM_Read_Scale=0;CPXPARAM_Sifting_Algorithm=0;CPXPARAM_Simplex_Crash=1;CPXPARAM_Simplex_DGradient=0;CPXPARAM_Simplex_Limits_Perturbation=0;CPXPARAM_Simplex_Limits_Singularity=10;CPXPARAM_Simplex_PGradient=0;CPXPARAM_Simplex_Pricing=0;CPXPARAM_Simplex_Refactor=0
16451141585413183526,0,CPXPARAM_Advance=1;CPXPARAM_Barrier_Algorithm=0;CPXPARAM_Barrier_ColNonzeros=0;CPXPARAM_Barrier_Crossover=0;CPXPARAM_Barrier_Limits_Corrections=-1;CPXPARAM_Barrier_Ordering=0;CPXPARAM_Barrier_StartAlg=1;CPXPARAM_Emphasis_MIP=4;CPXPARAM_Emphasis_Memory=0;CPXPARAM_Emphasis_Numerical=0;CPXPARAM_Feasopt_Mode=0;CPXPARAM_LPMethod=0;CPXPARAM_MIP_Cuts_Cliques=-1;CPXPARAM_MIP_Cuts_Covers=2;CPXPARAM_MIP_Cuts_Disjunctive=0;CPXPARAM_MIP_Cuts_FlowCovers=1;CPXPARAM_MIP_Cuts_GUBCovers=-1;CPXPARAM_MIP_Cuts_Gomory=0;CPXPARAM_MIP_Cuts_Implied=1;CPXPARAM_MIP_Cuts_MIRCut=1;CPXPARAM_MIP_Cuts_PathCut=2;CPXPARAM_MIP_Limits_AggForCut=0;CPXPARAM_MIP_Limits_CutPasses=0;CPXPARAM_MIP_Limits_CutsFactor=-1;CPXPARAM_MIP_Limits_GomoryCand=25;CPXPARAM_MIP_Limits_GomoryPass=0;CPXPARAM_MIP_Limits_Nodes=9223372036800000000;CPXPARAM_MIP_Limits_ProbeTime=1e+75;CPXPARAM_MIP_Limits_RepairTries=0;CPXPARAM_MIP_Limits_StrongCand=10;CPXPARAM_MIP_Limits_StrongIt=0;CPXPARAM_MIP_OrderType=1;CPXPARAM_MIP_Strategy_BBInterval=7;CPXPARAM_MIP_Strategy_Branch=-1;CPXPARAM_MIP_Strategy_Dive=0;CPXPARAM_MIP_Strategy_File=1;CPXPARAM_MIP_Strategy_HeuristicFreq=0;CPXPARAM_MIP_Strategy_LBHeur=0;CPXPARAM_MIP_Strategy_NodeSelect=3;CPXPARAM_MIP_Strategy_Order=1;CPXPARAM_MIP_Strategy_PresolveNode=-1;CPXPARAM_MIP_Strategy_Probe=3;CPXPARAM_MIP_Strategy_RINSHeur=0;CPXPARAM_MIP_Strategy_StartAlgorithm=0;CPXPARAM_MIP_Strategy_SubAlgorithm=0;CPXPARAM_MIP_Strategy_VariableSelect=2;CPXPARAM_Network_NetFind=2;CPXPARAM_Network_Pricing=0;CPXPARAM_Parallel=1;CPXPARAM_Preprocessing_Aggregator=-1;CPXPARAM_Preprocessing_BoundStrength=-1;CPXPARAM_Preprocessing_CoeffReduce=-1;CPXPARAM_Preprocessing_Dependency=-1;CPXPARAM_Preprocessing_Dual=0;CPXPARAM_Preprocessing_Fill=5;CPXPARAM_Preprocessing_NumPass=-1;CPXPARAM_Preprocessing_Presolve=1;CPXPARAM_Preprocessing_QPMakePSD=1;CPXPARAM_Preprocessing_Reduce=2;CPXPARAM_Preprocessing_Relax=-1;CPXPARAM_Preprocessing_RepeatPresolve=-1;CPXPARAM_Preprocessing_Symmetry=-1;CPXPARAM_Read_Scale=0;CPXPARAM_Sifting_Algorithm=0;CPXPARAM_Simplex_Crash=1;CPXPARAM_Simplex_DGradient=0;CPXPARAM_Simplex_Limits_Perturbation=0;CPXPARAM_Simplex_Limits_Singularity=10;CPXPARAM_Simplex_PGradient=0;CPXPARAM_Simplex_Pricing=0;CPXPARAM_Simplex_Refactor=0
557480660818479366,0,CPXPARAM_Advance=1;CPXPARAM_Barrier_Algorithm=0;CPXPARAM_Barrier_ColNonzeros=0;CPXPARAM_Barrier_Crossover=0;CPXPARAM_Barrier_Limits_Corrections=-1;CPXPARAM_Barrier_Ordering=0;CPXPARAM_Barrier_StartAlg=1;CPXPARAM_Emphasis_MIP=3;CPXPARAM_Emphasis_Memory=0;CPXPARAM_Emphasis_Numerical=0;CPXPARAM_Feasopt_Mode=0;CPXPARAM_LPMethod=0;CPXPARAM_MIP_Cuts_Cliques=-1;CPXPARAM_MIP_Cuts_Covers=0;CPXPARAM_MIP_Cuts_Disjunctive=1;CPXPARAM_MIP_Cuts_FlowCovers=-1;CPXPARAM_MIP_Cuts_GUBCovers=0;CPXPARAM_MIP_Cuts_Gomory=-1;CPXPARAM_MIP_Cuts_Implied=-1;CPXPARAM_MIP_Cuts_MIRCut=2;CPXPARAM_MIP_Cuts_PathCut=-1;CPXPARAM_MIP_Limits_AggForCut=3;CPXPARAM_MIP_Limits_CutPasses=0;CPXPARAM_MIP_Limits_CutsFactor=-1;CPXPARAM_MIP_Limits_GomoryCand=200;CPXPARAM_MIP_Limits_GomoryPass=0;CPXPARAM_MIP_Limits_Nodes=9223372036800000000;CPXPARAM_MIP_Limits_ProbeTime=1e+75;CPXPARAM_MIP_Limits_RepairTries=0;CPXPARAM_MIP_Limits_StrongCand=10;CPXPARAM_MIP_Limits_StrongIt=0;CPXPARAM_MIP_OrderType=0;CPXPARAM_MIP_Strategy_BBInterval=7;CPXPARAM_MIP_Strategy_Branch=0;CPXPARAM_MIP_Strategy_Dive=0;CPXPARAM_MIP_Strategy_File=1;CPXPARAM_MIP_Strategy_HeuristicFreq=0;CPXPARAM_MIP_Strategy_LBHeur=0;CPXPARAM_MIP_Strategy_NodeSelect=1;CPXPARAM_MIP_Strategy_Order=1;CPXPARAM_MIP_Strategy_PresolveNode=0;CPXPARAM_MIP_Strategy_Probe=0;CPXPARAM_MIP_Strategy_RINSHeur=0;CPXPARAM_MIP_Strategy_StartAlgorithm=0;CPXPARAM_MIP_Strategy_SubAlgorithm=0;CPXPARAM_MIP_Strategy_VariableSelect=0;CPXPARAM_Network_NetFind=2;CPXPARAM_Network_Pricing=0;CPXPARAM_Parallel=1;CPXPARAM_Preprocessing_Aggregator=-1;CPXPARAM_Preprocessing_BoundStrength=-1;CPXPARAM_Preprocessing_CoeffReduce=-1;CPXPARAM_Preprocessing_Dependency=-1;CPXPARAM_Preprocessing_Dual=0;CPXPARAM_Preprocessing_Fill=10;CPXPARAM_Preprocessing_NumPass=-1;CPXPARAM_Preprocessing_Presolve=1;CPXPARAM_Preprocessing_QPMakePSD=1;CPXPARAM_Preprocessing_Reduce=3;CPXPARAM_Preprocessing_Relax=-1;CPXPARAM_Preprocessing_RepeatPresolve=-1;CPXPARAM_Preprocessing_Symmetry=-1;CPXPARAM_Read_Scale=0;CPXPARAM_Sifting_Algorithm=0;CPXPARAM_Simplex_Crash=1;CPXPARAM_Simplex_DGradient=0;CPXPARAM_Simplex_Limits_Perturbation=0;CPXPARAM_Simplex_Limits_Singularity=10;CPXPARAM_Simplex_PGradient=0;CPXPARAM_Simplex_Pricing=0;CPXPARAM_Simplex_Refactor=0
12320795683301381685,0,CPXPARAM_Advance=1;CPXPARAM_Barrier_Algorithm=0;CPXPARAM_Barrier_ColNonzeros=0;CPXPARAM_Barrier_Crossover=0;CPXPARAM_Barrier_Limits_Corrections=-1;CPXPARAM_Barrier_Ordering=0;CPXPARAM_Barrier_StartAlg=1;CPXPARAM_Emphasis_MIP=2;CPXPARAM_Emphasis_Memory=0;CPXPARAM_Emphasis_Numerical=0;CPXPARAM_Feasopt_Mode=0;CPXPARAM_LPMethod=0;CPXPARAM_MIP_Cuts_Cliques=1;CPXPARAM_MIP_Cuts_Covers=0;CPXPARAM_MIP_Cuts_Disjunctive=-1;CPXPARAM_MIP_Cuts_FlowCovers=2;CPXPARAM_MIP_Cuts_GUBCovers=0;CPXPARAM_MIP_Cuts_Gomory=1;CPXPARAM_MIP_Cuts_Implied=2;CPXPARAM_MIP_Cuts_MIRCut=-1;CPXPARAM_MIP_Cuts_PathCut=1;CPXPARAM_MIP_Limits_AggForCut=3;CPXPARAM_MIP_Limits_CutPasses=0;CPXPARAM_MIP_Limits_CutsFactor=-1;CPXPARAM_MIP_Limits_GomoryCand=100;CPXPARAM_MIP_Limits_GomoryPass=0;CPXPARAM_MIP_Limits_Nodes=9223372036800000000;CPXPARAM_MIP_Limits_ProbeTime=1e+75;CPXPARAM_MIP_Limits_RepairTries=0;CPXPARAM_MIP_Limits_StrongCand=10;CPXPARAM_MIP_Limits_StrongIt=0;CPXPARAM_MIP_OrderType=0;CPXPARAM_MIP_Strategy_BBInterval=7;CPXPARAM_MIP_Strategy_Branch=0;CPXPARAM_MIP_Strategy_Dive=0;CPXPARAM_MIP_Strategy_File=1;CPXPARAM_MIP_Strategy_HeuristicFreq=0;CPXPARAM_MIP_Strategy_LBHeur=0;CPXPARAM_MIP_Strategy_NodeSelect=1;CPXPARAM_MIP_Strategy_Order=1;CPXPARAM_MIP_Strategy_PresolveNode=0;CPXPARAM_MIP_Strategy_Probe=0;CPXPARAM_MIP_Strategy_RINSHeur=0;CPXPARAM_MIP_Strategy_StartAlgorithm=0;CPXPARAM_MIP_Strategy_SubAlgorithm=0;CPXPARAM_MIP_Strategy_VariableSelect=0;CPXPARAM_Network_NetFind=2;CPXPARAM_Network_Pricing=0;CPXPARAM_Parallel=1;CPXPARAM_Preprocessing_Aggregator=-1;CPXPARAM_Preprocessing_BoundStrength=-1;CPXPARAM_Preprocessing_CoeffReduce=-1;CPXPARAM_Preprocessing_Dependency=-1;CPXPARAM_Preprocessing_Dual=0;CPXPARAM_Preprocessing_Fill=10;CPXPARAM_Preprocessing_NumPass=-1;CPXPARAM_Preprocessing_Presolve=1;CPXPARAM_Preprocessing_QPMakePSD=1;CPXPARAM_Preprocessing_Reduce=3;CPXPARAM_Preprocessing_Relax=-1;CPXPARAM_Preprocessing_RepeatPresolve=-1;CPXPARAM_Preprocessing_Symmetry=-1;CPXPARAM_Read_Scale=0;CPXPARAM_Sifting_Algorithm=0;CPXPARAM_Simplex_Crash=1;CPXPARAM_Simplex_DGradient=0;CPXPARAM_Simplex_Limits_Perturbation=0;CPXPARAM_Simplex_Limits_Singularity=10;CPXPARAM_Simplex_PGradient=0;CPXPARAM_Simplex_Pricing=0;CPXPARAM_Simplex_Refactor=0
17816966944984285660,0,CPXPARAM_Advance=1;CPXPARAM_Barrier_Algorithm=0;CPXPARAM_Barrier_ColNonzeros=0;CPXPARAM_Barrier_Crossover=0;CPXPARAM_Barrier_Limits_Corrections=-1;CPXPARAM_Barrier_Ordering=0;CPXPARAM_Barrier_StartAlg=1;CPXPARAM_Emphasis_MIP=4;CPXPARAM_Emphasis_Memory=0;CPXPARAM_Emphasis_Numerical=0;CPXPARAM_Feasopt_Mode=0;CPXPARAM_LPMethod=0;CPXPARAM_MIP_Cuts_Cliques=-1;CPXPARAM_MIP_Cuts_Covers=0;CPXPARAM_MIP_Cuts_Disjunctive=-1;CPXPARAM_MIP_Cuts_FlowCovers=2;CPXPARAM_MIP_Cuts_GUBCovers=0;CPXPARAM_MIP_Cuts_Gomory=2;CPXPARAM_MIP_Cuts_Implied=0;CPXPARAM_MIP_Cuts_MIRCut=1;CPXPARAM_MIP_Cuts_PathCut=0;CPXPARAM_MIP_Limits_AggForCut=3;CPXPARAM_MIP_Limits_CutPasses=0;CPXPARAM_MIP_Limits_CutsFactor=-1;CPXPARAM_MIP_Limits_GomoryCand=50;CPXPARAM_MIP_Limits_GomoryPass=0;CPXPARAM_MIP_Limits_Nodes=9223372036800000000;CPXPARAM_MIP_Limits_ProbeTime=1e+75;CPXPARAM_MIP_Limits_RepairTries=0;CPXPARAM_MIP_Limits_StrongCand=10;CPXPARAM_MIP_Limits_StrongIt=0;CPXPARAM_MIP_OrderType=0;CPXPARAM_MIP_Strategy_BBInterval=7;CPXPARAM_MIP_Strategy_Branch=0;CPXPARAM_MIP_Strategy_Dive=0;CPXPARAM_MIP_Strategy_File=1;CPXPARAM_MIP_Strategy_HeuristicFreq=0;CPXPARAM_MIP_Strategy_LBHeur=0;CPXPARAM_MIP_Strategy_NodeSelect=1;CPXPARAM_MIP_Strategy_Order=1;CPXPARAM_MIP_Strategy_PresolveNode=0;CPXPARAM_MIP_Strategy_Probe=0;CPXPARAM_MIP_Strategy_RINSHeur=0;CPXPARAM_MIP_Strategy_StartAlgorithm=0;CPXPARAM_MIP_Strategy_SubAlgorithm=0;CPXPARAM_MIP_Strategy_VariableSelect=0;CPXPARAM_Network_NetFind=2;CPXPARAM_Network_Pricing=0;CPXPARAM_Parallel=1;CPXPARAM_Preprocessing_Aggregator=-1;CPXPARAM_Preprocessing_BoundStrength=-1;CPXPARAM_Preprocessing_CoeffReduce=-1;CPXPARAM_Preprocessing_Dependency=-1;CPXPARAM_Preprocessing_Dual=0;CPXPARAM_Preprocessing_Fill=10;CPXPARAM_Preprocessing_NumPass=-1;CPXPARAM_Preprocessing_Presolve=1;CPXPARAM_Preprocessing_QPMakePSD=1;CPXPARAM_Preprocessing_Reduce=3;CPXPARAM_Preprocessing_Relax=-1;CPXPARAM_Preprocessing_RepeatPresolve=-1;CPXPARAM_Preprocessing_Symmetry=-1;CPXPARAM_Read_Scale=0;CPXPARAM_Sifting_Algorithm=0;CPXPARAM_Simplex_Crash=1;CPXPARAM_Simplex_DGradient=0;CPXPARAM_Simplex_Limits_Perturbation=0;CPXPARAM_Simplex_Limits_Singularity=10;CPXPARAM_Simplex_PGradient=0;CPXPARAM_Simplex_Pricing=0;CPXPARAM_Simplex_Refactor=0
9557247881546980149,0,CPXPARAM_Advance=1;CPXPARAM_Barrier_Algorithm=0;CPXPARAM_Barrier_ColNonzeros=0;CPXPARAM_Barrier_Crossover=0;CPXPARAM_Barrier_Limits_Corrections=-1;CPXPARAM_Barrier_Ordering=0;CPXPARAM_Barrier_StartAlg=1;CPXPARAM_Emphasis_MIP=3;CPXPARAM_Emphasis_Memory=0;CPXPARAM_Emphasis_Numerical=0;CPXPARAM_Feasopt_Mode=0;CPXPARAM_LPMethod=0;CPXPARAM_MIP_Cuts_Cliques=2;CPXPARAM_MIP_Cuts_Covers=3;CPXPARAM_MIP_Cuts_Disjunctive=-1;CPXPARAM_MIP_Cuts_FlowCovers=-1;CPXPARAM_MIP_Cuts_GUBCovers=0;CPXPARAM_MIP_Cuts_Gomory=1;CPXPARAM_MIP_Cuts_Implied=2;CPXPARAM_MIP_Cuts_MIRCut=2;CPXPARAM_MIP_Cuts_PathCut=1;CPXPARAM_MIP_Limits_AggForCut=10;CPXPARAM_MIP_Limits_CutPasses=0;CPXPARAM_MIP_Limits_CutsFactor=-1;CPXPARAM_MIP_Limits_GomoryCand=400;CPXPARAM_MIP_Limits_GomoryPass=0;CPXPARAM_MIP_Limits_Nodes=9223372036800000000;CPXPARAM_MIP_Limits_ProbeTime=1e+75;CPXPARAM_MIP_Limits_RepairTries=0;CPXPARAM_MIP_Limits_StrongCand=10;CPXPARAM_MIP_Limits_StrongIt=0;CPXPARAM_MIP_OrderType=0;CPXPARAM_MIP_Strategy_BBInterval=7;CPXPARAM_MIP_Strategy_Branch=-1;CPXPARAM_MIP_Strategy_Dive=0;CPXPARAM_MIP_Strategy_File=1;CPXPARAM_MIP_Strategy_HeuristicFreq=0;CPXPARAM_MIP_Strategy_LBHeur=0;CPXPARAM_MIP_Strategy_NodeSelect=2;CPXPARAM_MIP_Strategy_Order=1;CPXPARAM_MIP_Strategy_PresolveNode=-1;CPXPARAM_MIP_Strategy_Probe=1;CPXPARAM_MIP_Strategy_RINSHeur=0;CPXPARAM_MIP_Strategy_StartAlgorithm=0;CPXPARAM_MIP_Strategy_SubAlgorithm=1;CPXPARAM_MIP_Strategy_VariableSelect=0;CPXPARAM_Network_NetFind=2;CPXPARAM_Network_Pricing=0;CPXPARAM_Parallel=1;CPXPARAM_Preprocessing_Aggregator=-1;CPXPARAM_Preprocessing_BoundStrength=-1;CPXPARAM_Preprocessing_CoeffReduce=-1;CPXPARAM_Preprocessing_Dependency=-1;CPXPARAM_Preprocessing_Dual=0;CPXPARAM_Preprocessing_Fill=5;CPXPARAM_Preprocessing_NumPass=-1;CPXPARAM_Preprocessing_Presolve=1;CPXPARAM_Preprocessing_QPMakePSD=1;CPXPARAM_Preprocessing_Reduce=3;CPXPARAM_Preprocessing_Relax=-1;CPXPARAM_Preprocessing_RepeatPresolve=-1;CPXPARAM_Preprocessing_Symmetry=-1;CPXPARAM_Read_Scale=0;CPXPARAM_Sifting_Algorithm=0;CPXPARAM_Simplex_Crash=1;CPXPARAM_Simplex_DGradient=0;CPXPARAM_Simplex_Limits_Perturbation=0;CPXPARAM_Simplex_Limits_Singularity=10;CPXPARAM_Simplex_PGradient=0;CPXPARAM_Simplex_Pricing=0;CPXPARAM_Simplex_Refactor=0
8316895874956852554,0,CPXPARAM_Advance=1;CPXPARAM_Barrier_Algorithm=0;CPXPARAM_Barrier_ColNonzeros=0;CPXPARAM_Barrier_Crossover=0;CPXPARAM_Barrier_Limits_Corrections=-1;CPXPARAM_Barrier_Ordering=0;CPXPARAM_Barrier_StartAlg=1;CPXPARAM_Emphasis_MIP=2;CPXPARAM_Emphasis_Memory=0;CPXPARAM_Emphasis_Numerical=0;CPXPARAM_Feasopt_Mode=0;CPXPARAM_LPMethod=0;CPXPARAM_MIP_Cuts_Cliques=1;CPXPARAM_MIP_Cuts_Covers=0;CPXPARAM_MIP_Cuts_Disjunctive=-1;CPXPARAM_MIP_Cuts_FlowCovers=2;CPXPARAM_MIP_Cuts_GUBCovers=0;CPXPARAM_MIP_Cuts_Gomory=1;CPXPARAM_MIP_Cuts_Implied=2;CPXPARAM_MIP_Cuts_MIRCut=-1;CPXPARAM_MIP_Cuts_PathCut=1;CPXPARAM_MIP_Limits_AggForCut=3;CPXPARAM_MIP_Limits_CutPasses=0;CPXPARAM_MIP_Limits_CutsFactor=-1;CPXPARAM_MIP_Limits_GomoryCand=800;CPXPARAM_MIP_Limits_GomoryPass=0;CPXPARAM_MIP_Limits_Nodes=9223372036800000000;CPXPARAM_MIP_Limits_ProbeTime=1e+75;CPXPARAM_MIP_Limits_RepairTries=0;CPXPARAM_MIP_Limits_StrongCand=10;CPXPARAM_MIP_Limits_StrongIt=0;CPXPARAM_MIP_OrderType=0;CPXPARAM_MIP_Strategy_BBInterval=7;CPXPARAM_MIP_Strategy_Branch=0;CPXPARAM_MIP_Strategy_Dive=0;CPXPARAM_MIP_Strategy_File=1;CPXPARAM_MIP_Strategy_HeuristicFreq=0;CPXPARAM_MIP_Strategy_LBHeur=0;CPXPARAM_MIP_Strategy_NodeSelect=1;CPXPARAM_MIP_Strategy_Order=1;CPXPARAM_MIP_Strategy_PresolveNode=0;CPXPARAM_MIP_Strategy_Probe=0;CPXPARAM_MIP_Strategy_RINSHeur=0;CPXPARAM_MIP_Strategy_StartAlgorithm=0;CPXPARAM_MIP_Strategy_SubAlgorithm=0;CPXPARAM_MIP_Strategy_VariableSelect=0;CPXPARAM_Network_NetFind=2;CPXPARAM_Network_Pricing=0;CPXPARAM_Parallel=1;CPXPARAM_Preprocessing_Aggregator=-1;CPXPARAM_Preprocessing_BoundStrength=-1;CPXPARAM_Preprocessing_CoeffReduce=-1;CPXPARAM_Preprocessing_Dependency=-1;CPXPARAM_Preprocessing_Dual=0;CPXPARAM_Preprocessing_Fill=10;CPXPARAM_Preprocessing_NumPass=-1;CPXPARAM_Preprocessing_Presolve=1;CPXPARAM_Preprocessing_QPMakePSD=1;CPXPARAM_Preprocessing_Reduce=3;CPXPARAM_Preprocessing_Relax=-1;CPXPARAM_Preprocessing_RepeatPresolve=-1;CPXPARAM_Preprocessing_Symmetry=-1;CPXPARAM_Read_Scale=0;CPXPARAM_Sifting_Algorithm=0;CPXPARAM_Simplex_Crash=1;CPXPARAM_Simplex_DGradient=0;CPXPARAM_Simplex_Limits_Perturbation=0;CPXPARAM_Simplex_Limits_Singularity=10;CPXPARAM_Simplex_PGradient=0;CPXPARAM_Simplex_Pricing=0;CPXPARAM_Simplex_Refactor=0
2616157618930630289,0,CPXPARAM_Advance=1;CPXPARAM_Barrier_Algorithm=0;CPXPARAM_Barrier_ColNonzeros=0;CPXPARAM_Barrier_Crossover=0;CPXPARAM_Barrier_Limits_Corrections=-1;CPXPARAM_Barrier_Ordering=0;CPXPARAM_Barrier_StartAlg=1;CPXPARAM_Emphasis_MIP=0;CPXPARAM_Emphasis_Memory=0;CPXPARAM_Emphasis_Numerical=0;CPXPARAM_Feasopt_Mode=0;CPXPARAM_LPMethod=0;CPXPARAM_MIP_Cuts_Cliques=-1;CPXPARAM_MIP_Cuts_Covers=2;CPXPARAM_MIP_Cuts_Disjunctive=0;CPXPARAM_MIP_Cuts_FlowCovers=1;CPXPARAM_MIP_Cuts_GUBCovers=-1;CPXPARAM_MIP_Cuts_Gomory=0;CPXPARAM_MIP_Cuts_Implied=1;CPXPARAM_MIP_Cuts_MIRCut=1;CPXPARAM_MIP_Cuts_PathCut=2;CPXPARAM_MIP_Limits_AggForCut=0;CPXPARAM_MIP_Limits_CutPasses=0;CPXPARAM_MIP_Limits_CutsFactor=-1;CPXPARAM_MIP_Limits_GomoryCand=100;CPXPARAM_MIP_Limits_GomoryPass=0;CPXPARAM_MIP_Limits_Nodes=9223372036800000000;CPXPARAM_MIP_Limits_ProbeTime=1e+75;CPXPARAM_MIP_Limits_RepairTries=0;CPXPARAM_MIP_Limits_StrongCand=10;CPXPARAM_MIP_Limits_StrongIt=0;CPXPARAM_MIP_OrderType=1;CPXPARAM_MIP_Strategy_BBInterval=7;CPXPARAM_MIP_Strategy_Branch=-1;CPXPARAM_MIP_Strategy_Dive=0;CPXPARAM_MIP_Strategy_File=1;CPXPARAM_MIP_Strategy_HeuristicFreq=0;CPXPARAM_MIP_Strategy_LBHeur=0;CPXPARAM_MIP_Strategy_NodeSelect=3;CPXPARAM_MIP_Strategy_Order=1;CPXPARAM_MIP_Strategy_PresolveNode=-1;CPXPARAM_MIP_Strategy_Probe=3;CPXPARAM_MIP_Strategy_RINSHeur=0;CPXPARAM_MIP_Strategy_StartAlgorithm=0;CPXPARAM_MIP_Strategy_SubAlgorithm=0;CPXPARAM_MIP_Strategy_VariableSelect=2;CPXPARAM_Network_NetFind=2;CPXPARAM_Network_Pricing=0;CPXPARAM_Parallel=1;CPXPARAM_Preprocessing_Aggregator=-1;CPXPARAM_Preprocessing_BoundStrength=-1;CPXPARAM_Preprocessing_CoeffReduce=-1;CPXPARAM_Preprocessing_Dependency=-1;CPXPARAM_Preprocessing_Dual=0;CPXPARAM_Preprocessing_Fill=5;CPXPARAM_Preprocessing_NumPass=-1;CPXPARAM_Preprocessing_Presolve=1;CPXPARAM_Preprocessing_QPMakePSD=1;CPXPARAM_Preprocessing_Reduce=2;CPXPARAM_Preprocessing_Relax=-1;CPXPARAM_Preprocessing_RepeatPresolve=-1;CPXPARAM_Preprocessing_Symmetry=-1;CPXPARAM_Read_Scale=0;CPXPARAM_Sifting_Algorithm=0;CPXPARAM_Simplex_Crash=1;CPXPARAM_Simplex_DGradient=0;CPXPARAM_Simplex_Limits_Perturbation=0;CPXPARAM_Simplex_Limits_Singularity=10;CPXPARAM_Simplex_PGradient=0;CPXPARAM_Simplex_Pricing=0;CPXPARAM_Simplex_Refactor=0
16931333160793016492,0,CPXPARAM_Advance=1;CPXPARAM_Barrier_Algorithm=0;CPXPARAM_Barrier_ColNonzeros=0;CPXPARAM_Barrier_Crossover=0;CPXPARAM_Barrier_Limits_Corrections=-1;CPXPARAM_Barrier_Ordering=0;CPXPARAM_Barrier_StartAlg=1;CPXPARAM_Emphasis_MIP=5;CPXPARAM_Emphasis_Memory=0;CPXPARAM_Emphasis_Numerical=0;CPXPARAM_Feasopt_Mode=0;CPXPARAM_LPMethod=0;CPXPARAM_MIP_Cuts_Cliques=-1;CPXPARAM_MIP_Cuts_Covers=1;CPXPARAM_MIP_Cuts_Disjunctive=-1;CPXPARAM_MIP_Cuts_FlowCovers=-1;CPXPARAM_MIP_Cuts_GUBCovers=0;CPXPARAM_MIP_Cuts_Gomory=0;CPXPARAM_MIP_Cuts_Implied=-1;CPXPARAM_MIP_Cuts_MIRCut=1;CPXPARAM_MIP_Cuts_PathCut=2;CPXPARAM_MIP_Limits_AggForCut=5;CPXPARAM_MIP_Limits_CutPasses=0;CPXPARAM_MIP_Limits_CutsFactor=-1;CPXPARAM_MIP_Limits_GomoryCand=800;CPXPARAM_MIP_Limits_GomoryPass=0;CPXPARAM_MIP_Limits_Nodes=9223372036800000000;CPXPARAM_MIP_Limits_ProbeTime=1e+75;CPXPARAM_MIP_Limits_RepairTries=0;CPXPARAM_MIP_Limits_StrongCand=10;CPXPARAM_MIP_Limits_StrongIt=0;CPXPARAM_MIP_OrderType=0;CPXPARAM_MIP_Strategy_BBInterval=7;CPXPARAM_MIP_Strategy_Branch=0;CPXPARAM_MIP_Strategy_Dive=0;CPXPARAM_MIP_Strategy_File=1;CPXPARAM_MIP_Strategy_HeuristicFreq=0;CPXPARAM_MIP_Strategy_LBHeur=0;CPXPARAM_MIP_Strategy_NodeSelect=2;CPXPARAM_MIP_Strategy_Order=1;CPXPARAM_MIP_Strategy_PresolveNode=1;CPXPARAM_MIP_Strategy_Probe=3;CPXPARAM_MIP_Strategy_RINSHeur=0;CPXPARAM_MIP_Strategy_StartAlgorithm=0;CPXPARAM_MIP_Strategy_SubAlgorithm=0;CPXPARAM_MIP_Strategy_VariableSelect=4;CPXPARAM_Network_NetFind=2;CPXPARAM_Network_Pricing=0;CPXPARAM_Parallel=1;CPXPARAM_Preprocessing_Aggregator=-1;CPXPARAM_Preprocessing_BoundStrength=-1;CPXPARAM_Preprocessing_CoeffReduce=-1;CPXPARAM_Preprocessing_Dependency=-1;CPXPARAM_Preprocessing_Dual=0;CPXPARAM_Preprocessing_Fill=5;CPXPARAM_Preprocessing_NumPass=-1;CPXPARAM_Preprocessing_Presolve=1;CPXPARAM_Preprocessing_QPMakePSD=1;CPXPARAM_Preprocessing_Reduce=3;CPXPARAM_Preprocessing_Relax=-1;CPXPARAM_Preprocessing_RepeatPresolve=-1;CPXPARAM_Preprocessing_Symmetry=-1;CPXPARAM_Read_Scale=0;CPXPARAM_Sifting_Algorithm=0;CPXPARAM_Simplex_Crash=1;CPXPARAM_Simplex_DGradient=0;CPXPARAM_Simplex_Limits_Perturbation=0;CPXPARAM_Simplex_Limits_Singularity=10;CPXPARAM_Simplex_PGradient=0;CPXPARAM_Simplex_Pricing=0;CPXPARAM_Simplex_Refactor=0
9977984491555632501,0,CPXPARAM_Advance=1;CPXPARAM_Barrier_Algorithm=0;CPXPARAM_Barrier_ColNonzeros=0;CPXPARAM_Barrier_Crossover=0;CPXPARAM_Barrier_Limits_Corrections=-1;CPXPARAM_Barrier_Ordering=0;CPXPARAM_Barrier_StartAlg=1;CPXPARAM_Emphasis_MIP=4;CPXPARAM_Emphasis_Memory=0;CPXPARAM_Emphasis_Numerical=0;CPXPARAM_Feasopt_Mode=0;CPXPARAM_LPMethod=0;CPXPARAM_MIP_Cuts_Cliques=0;CPXPARAM_MIP_Cuts_Covers=0;CPXPARAM_MIP_Cuts_Disjunctive=0;CPXPARAM_MIP_Cuts_FlowCovers=-1;CPXPARAM_MIP_Cuts_GUBCovers=-1;CPXPARAM_MIP_Cuts_Gomory=0;CPXPARAM_MIP_Cuts_Implied=0;CPXPARAM_MIP_Cuts_MIRCut=0;CPXPARAM_MIP_Cuts_PathCut=1;CPXPARAM_MIP_Limits_AggForCut=3;CPXPARAM_MIP_Limits_CutPasses=0;CPXPARAM_MIP_Limits_CutsFactor=-1;CPXPARAM_MIP_Limits_GomoryCand=150;CPXPARAM_MIP_Limits_GomoryPass=0;CPXPARAM_MIP_Limits_Nodes=9223372036800000000;CPXPARAM_MIP_Limits_ProbeTime=1e+75;CPXPARAM_MIP_Limits_RepairTries=0;CPXPARAM_MIP_Limits_StrongCand=10;CPXPARAM_MIP_Limits_StrongIt=0;CPXPARAM_MIP_OrderType=0;CPXPARAM_MIP_Strategy_BBInterval=7;CPXPARAM_MIP_Strategy_Branch=0;CPXPARAM_MIP_Strategy_Dive=0;CPXPARAM_MIP_Strategy_File=1;CPXPARAM_MIP_Strategy_HeuristicFreq=0;CPXPARAM_MIP_Strategy_LBHeur=0;CPXPARAM_MIP_Strategy_NodeSelect=1;CPXPARAM_MIP_Strategy_Order=1;CPXPARAM_MIP_Strategy_PresolveNode=0;CPXPARAM_MIP_Strategy_Probe=0;CPXPARAM_MIP_Strategy_RINSHeur=0;CPXPARAM_MIP_Strategy_StartAlgorithm=0;CPXPARAM_MIP_Strategy_SubAlgorithm=0;CPXPARAM_MIP_Strategy_VariableSelect=0;CPXPARAM_Network_NetFind=2;CPXPARAM_Network_Pricing=0;CPXPARAM_Parallel=1;CPXPARAM_Preprocessing_Aggregator=-1;CPXPARAM_Preprocessing_BoundStrength=-1;CPXPARAM_Preprocessing_CoeffReduce=-1;CPXPARAM_Preprocessing_Dependency=-1;CPXPARAM_Preprocessing_Dual=0;CPXPARAM_Preprocessing_Fill=10;CPXPARAM_Preprocessing_NumPass=-1;CPXPARAM_Preprocessing_Presolve=1;CPXPARAM_Preprocessing_QPMakePSD=1;CPXPARAM_Preprocessing_Reduce=3;CPXPARAM_Preprocessing_Relax=-1;CPXPARAM_Preprocessing_RepeatPresolve=-1;CPXPARAM_Preprocessing_Symmetry=-1;CPXPARAM_Read_Scale=0;CPXPARAM_Sifting_Algorithm=0;CPXPARAM_Simplex_Crash=1;CPXPARAM_Simplex_DGradient=0;CPXPARAM_Simplex_Limits_Perturbation=0;CPXPARAM_Simplex_Limits_Singularity=10;CPXPARAM_Simplex_PGradient=0;CPXPARAM_Simplex_Pricing=0;CPXPARAM_Simplex_Refactor=0
17338702969139001193,0,CPXPARAM_Advance=1;CPXPARAM_Barrier_Algorithm=0;CPXPARAM_Barrier_ColNonzeros=0;CPXPARAM_Barrier_Crossover=0;CPXPARAM_Barrier_Limits_Corrections=-1;CPXPARAM_Barrier_Ordering=0;CPXPARAM_Barrier_StartAlg=1;CPXPARAM_Emphasis_MIP=0;CPXPARAM_Emphasis_Memory=0;CPXPARAM_Emphasis_Numerical=0;CPXPARAM_Feasopt_Mode=0;CPXPARAM_LPMethod=0;CPXPARAM_MIP_Cuts_Cliques=0;CPXPARAM_MIP_Cuts_Covers=0;CPXPARAM_MIP_Cuts_Disjunctive=0;CPXPARAM_MIP_Cuts_FlowCovers=-1;CPXPARAM_MIP_Cuts_GUBCovers=2;CPXPARAM_MIP_Cuts_Gomory=0;CPXPARAM_MIP_Cuts_Implied=0;CPXPARAM_MIP_Cuts_MIRCut=0;CPXPARAM_MIP_Cuts_PathCut=1;CPXPARAM_MIP_Limits_AggForCut=3;CPXPARAM_MIP_Limits_CutPasses=0;CPXPARAM_MIP_Limits_CutsFactor=-1;CPXPARAM_MIP_Limits_GomoryCand=150;CPXPARAM_MIP_Limits_GomoryPass=0;CPXPARAM_MIP_Limits_Nodes=9223372036800000000;CPXPARAM_MIP_Limits_ProbeTime=1e+75;CPXPARAM_MIP_Limits_RepairTries=0;CPXPARAM_MIP_Limits_StrongCand=10;CPXPARAM_MIP_Limits_StrongIt=0;CPXPARAM_MIP_OrderType=0;CPXPARAM_MIP_Strategy_BBInterval=7;CPXPARAM_MIP_Strategy_Branch=0;CPXPARAM_MIP_Strategy_Dive=0;CPXPARAM_MIP_Strategy_File=1;CPXPARAM_MIP_Strategy_HeuristicFreq=0;CPXPARAM_MIP_Strategy_LBHeur=0;CPXPARAM_MIP_Strategy_NodeSelect=1;CPXPARAM_MIP_Strategy_Order=1;CPXPARAM_MIP_Strategy_PresolveNode=0;CPXPARAM_MIP_Strategy_Probe=0;CPXPARAM_MIP_Strategy_RINSHeur=0;CPXPARAM_MIP_Strategy_StartAlgorithm=0;CPXPARAM_MIP_Strategy_SubAlgorithm=0;CPXPARAM_MIP_Strategy_VariableSelect=0;CPXPARAM_Network_NetFind=2;CPXPARAM_Network_Pricing=0;CPXPARAM_Parallel=1;CPXPARAM_Preprocessing_Aggregator=-1;CPXPARAM_Preprocessing_BoundStrength=-1;CPXPARAM_Preprocessing_CoeffReduce=-1;CPXPARAM_Preprocessing_Dependency=-1;CPXPARAM_Preprocessing_Dual=0;CPXPARAM_Preprocessing_Fill=10;CPXPARAM_Preprocessing_NumPass=-1;CPXPARAM_Preprocessing_Presolve=1;CPXPARAM_Preprocessing_QPMakePSD=1;CPXPARAM_Preprocessing_Reduce=3;CPXPARAM_Preprocessing_Relax=-1;CPXPARAM_Preprocessing_RepeatPresolve=-1;CPXPARAM_Preprocessing_Symmetry=-1;CPXPARAM_Read_Scale=0;CPXPARAM_Sifting_Algorithm=0;CPXPARAM_Simplex_Crash=1;CPXPARAM_Simplex_DGradient=0;CPXPARAM_Simplex_Limits_Perturbation=0;CPXPARAM_Simplex_Limits_Singularity=10;CPXPARAM_Simplex_PGradient=0;CPXPARAM_Simplex_Pricing=0;CPXPARAM_Simplex_Refactor=0
6017382226054696687,0,CPXPARAM_Advance=1;CPXPARAM_Barrier_Algorithm=0;CPXPARAM_Barrier_ColNonzeros=0;CPXPARAM_Barrier_Crossover=0;CPXPARAM_Barrier_Limits_Corrections=-1;CPXPARAM_Barrier_Ordering=0;CPXPARAM_Barrier_StartAlg=1;CPXPARAM_Emphasis_MIP=2;CPXPARAM_Emphasis_Memory=0;CPXPARAM_Emphasis_Numerical=0;CPXPARAM_Feasopt_Mode=0;CPXPARAM_LPMethod=0;CPXPARAM_MIP_Cuts_Cliques=3;CPXPARAM_MIP_Cuts_Covers=0;CPXPARAM_MIP_Cuts_Disjunctive=0;CPXPARAM_MIP_Cuts_FlowCovers=1;CPXPARAM_MIP_Cuts_GUBCovers=-1;CPXPARAM_MIP_Cuts_Gomory=1;CPXPARAM_MIP_Cuts_Implied=0;CPXPARAM_MIP_Cuts_MIRCut=2;CPXPARAM_MIP_Cuts_PathCut=0;CPXPARAM_MIP_Limits_AggForCut=3;CPXPARAM_MIP_Limits_CutPasses=0;CPXPARAM_MIP_Limits_CutsFactor=-1;CPXPARAM_MIP_Limits_GomoryCand=200;CPXPARAM_MIP_Limits_GomoryPass=0;CPXPARAM_MIP_Limits_Nodes=9223372036800000000;CPXPARAM_MIP_Limits_ProbeTime=1e+75;CPXPARAM_MIP_Limits_RepairTries=0;CPXPARAM_MIP_Limits_StrongCand=10;CPXPARAM_MIP_Limits_StrongIt=0;CPXPARAM_MIP_OrderType=0;CPXPARAM_MIP_Strategy_BBInterval=7;CPXPARAM_MIP_Strategy_Branch=0;CPXPARAM_MIP_Strategy_Dive=0;CPXPARAM_MIP_Strategy_File=1;CPXPARAM_MIP_Strategy_HeuristicFreq=0;CPXPARAM_MIP_Strategy_LBHeur=0;CPXPARAM_MIP_Strategy_NodeSelect=2;CPXPARAM_MIP_Strategy_Order=1;CPXPARAM_MIP_Strategy_PresolveNode=3;CPXPARAM_MIP_Strategy_Probe=3;CPXPARAM_MIP_Strategy_RINSHeur=0;CPXPARAM_MIP_Strategy_StartAlgorithm=0;CPXPARAM_MIP_Strategy_SubAlgorithm=0;CPXPARAM_MIP_Strategy_VariableSelect=-1;CPXPARAM_Network_NetFind=2;CPXPARAM_Network_Pricing=0;CPXPARAM_Parallel=1;CPXPARAM_Preprocessing_Aggregator=-1;CPXPARAM_Preprocessing_BoundStrength=-1;CPXPARAM_Preprocessing_CoeffReduce=-1;CPXPARAM_Preprocessing_Dependency=-1;CPXPARAM_Preprocessing_Dual=0;CPXPARAM_Preprocessing_Fill=10;CPXPARAM_Preprocessing_NumPass=-1;CPXPARAM_Preprocessing_Presolve=1;CPXPARAM_Preprocessing_QPMakePSD=1;CPXPARAM_Preprocessing_Reduce=3;CPXPARAM_Preprocessing_Relax=-1;CPXPARAM_Preprocessing_RepeatPresolve=-1;CPXPARAM_Preprocessing_Symmetry=-1;CPXPARAM_Read_Scale=0;CPXPARAM_Sifting_Algorithm=0;CPXPARAM_Simplex_Crash=1;CPXPARAM_Simplex_DGradient=0;CPXPARAM_Simplex_Limits_Perturbation=0;CPXPARAM_Simplex_Limits_Singularity=10;CPXPARAM_Simplex_PGradient=0;CPXPARAM_Simplex_Pricing=0;CPXPARAM_Simplex_Refactor=0
16708599419366113061,0,CPXPARAM_Advance=1;CPXPARAM_Barrier_Algorithm=0;CPXPARAM_Barrier_ColNonzeros=0;CPXPARAM_Barrier_Crossover=0;CPXPARAM_Barrier_Limits_Corrections=-1;CPXPARAM_Barrier_Ordering=0;CPXPARAM_Barrier_StartAlg=1;CPXPARAM_Emphasis_MIP=5;CPXPARAM_Emphasis_Memory=0;CPXPARAM_Emphasis_Numerical=0;CPXPARAM_Feasopt_Mode=0;CPXPARAM_LPMethod=0;CPXPARAM_MIP_Cuts_Cliques=0;CPXPARAM_MIP_Cuts_Covers=0;CPXPARAM_MIP_Cuts_Disjunctive=0;CPXPARAM_MIP_Cuts_FlowCovers=1;CPXPARAM_MIP_Cuts_GUBCovers=1;CPXPARAM_MIP_Cuts_Gomory=-1;CPXPARAM_MIP_Cuts_Implied=2;CPXPARAM_MIP_Cuts_MIRCut=1;CPXPARAM_MIP_Cuts_PathCut=0;CPXPARAM_MIP_Limits_AggForCut=1;CPXPARAM_MIP_Limits_CutPasses=0;CPXPARAM_MIP_Limits_CutsFactor=-1;CPXPARAM_MIP_Limits_GomoryCand=800;CPXPARAM_MIP_Limits_GomoryPass=0;CPXPARAM_MIP_Limits_Nodes=9223372036800000000;CPXPARAM_MIP_Limits_ProbeTime=1e+75;CPXPARAM_MIP_Limits_RepairTries=0;CPXPARAM_MIP_Limits_StrongCand=10;CPXPARAM_MIP_Limits_StrongIt=0;CPXPARAM_MIP_OrderType=0;CPXPARAM_MIP_Strategy_BBInterval=7;CPXPARAM_MIP_Strategy_Branch=-1;CPXPARAM_MIP_Strategy_Dive=0;CPXPARAM_MIP_Strategy_File=1;CPXPARAM_MIP_Strategy_HeuristicFreq=0;CPXPARAM_MIP_Strategy_LBHeur=0;CPXPARAM_MIP_Strategy_NodeSelect=2;CPXPARAM_MIP_Strategy_Order=1;CPXPARAM_MIP_Strategy_PresolveNode=-1;CPXPARAM_MIP_Strategy_Probe=3;CPXPARAM_MIP_Strategy_RINSHeur=0;CPXPARAM_MIP_Strategy_StartAlgorithm=0;CPXPARAM_MIP_Strategy_SubAlgorithm=0;CPXPARAM_MIP_Strategy_VariableSelect=4;CPXPARAM_Network_NetFind=2;CPXPARAM_Network_Pricing=0;CPXPARAM_Parallel=1;CPXPARAM_Preprocessing_Aggregator=-1;CPXPARAM_Preprocessing_BoundStrength=-1;CPXPARAM_Preprocessing_CoeffReduce=-1;CPXPARAM_Preprocessing_Dependency=-1;CPXPARAM_Preprocessing_Dual=0;CPXPARAM_Preprocessing_Fill=40;CPXPARAM_Preprocessing_NumPass=-1;CPXPARAM_Preprocessing_Presolve=1;CPXPARAM_Preprocessing_QPMakePSD=1;CPXPARAM_Preprocessing_Reduce=3;CPXPARAM_Preprocessing_Relax=-1;CPXPARAM_Preprocessing_RepeatPresolve=-1;CPXPARAM_Preprocessing_Symmetry=-1;CPXPARAM_Read_Scale=0;CPXPARAM_Sifting_Algorithm=0;CPXPARAM_Simplex_Crash=1;CPXPARAM_Simplex_DGradient=0;CPXPARAM_Simplex_Limits_Perturbation=0;CPXPARAM_Simplex_Limits_Singularity=10;CPXPARAM_Simplex_PGradient=0;CPXPARAM_Simplex_Pricing=0;CPXPARAM_Simplex_Refactor=0
2950918475439709989,0,CPXPARAM_Advance=1;CPXPARAM_Barrier_Algorithm=0;CPXPARAM_Barrier_ColNonzeros=0;CPXPARAM_Barrier_Crossover=0;CPXPARAM_Barrier_Limits_Corrections=-1;CPXPARAM_Barrier_Ordering=0;CPXPARAM_Barrier_StartAlg=1;CPXPARAM_Emphasis_MIP=0;CPXPARAM_Emphasis_Memory=0;CPXPARAM_Emphasis_Numerical=0;CPXPARAM_Feasopt_Mode=0;CPXPARAM_LPMethod=0;CPXPARAM_MIP_Cuts_Cliques=0;CPXPARAM_MIP_Cuts_Covers=3;CPXPARAM_MIP_Cuts_Disjunctive=0;CPXPARAM_MIP_Cuts_FlowCovers=2;CPXPARAM_MIP_Cuts_GUBCovers=1;CPXPARAM_MIP_Cuts_Gomory=0;CPXPARAM_MIP_Cuts_Implied=2;CPXPARAM_MIP_Cuts_MIRCut=2;CPXPARAM_MIP_Cuts_PathCut=-1;CPXPARAM_MIP_Limits_AggForCut=2;CPXPARAM_MIP_Limits_CutPasses=0;CPXPARAM_MIP_Limits_CutsFactor=-1;CPXPARAM_MIP_Limits_GomoryCand=800;CPXPARAM_MIP_Limits_GomoryPass=0;CPXPARAM_MIP_Limits_Nodes=9223372036800000000;CPXPARAM_MIP_Limits_ProbeTime=1e+75;CPXPARAM_MIP_Limits_RepairTries=0;CPXPARAM_MIP_Limits_StrongCand=10;CPXPARAM_MIP_Limits_StrongIt=0;CPXPARAM_MIP_OrderType=1;CPXPARAM_MIP_Strategy_BBInterval=7;CPXPARAM_MIP_Strategy_Branch=1;CPXPARAM_MIP_Strategy_Dive=0;CPXPARAM_MIP_Strategy_File=1;CPXPARAM_MIP_Strategy_HeuristicFreq=0;CPXPARAM_MIP_Strategy_LBHeur=0;CPXPARAM_MIP_Strategy_NodeSelect=0;CPXPARAM_MIP_Strategy_Order=1;CPXPARAM_MIP_Strategy_PresolveNode=2;CPXPARAM_MIP_Strategy_Probe=0;CPXPARAM_MIP_Strategy_RINSHeur=0;CPXPARAM_MIP_Strategy_StartAlgorithm=0;CPXPARAM_MIP_Strategy_SubAlgorithm=4;CPXPARAM_MIP_Strategy_VariableSelect=0;CPXPARAM_Network_NetFind=2;CPXPARAM_Network_Pricing=0;CPXPARAM_Parallel=1;CPXPARAM_Preprocessing_Aggregator=-1;CPXPARAM_Preprocessing_BoundStrength=-1;CPXPARAM_Preprocessing_CoeffReduce=-1;CPXPARAM_Preprocessing_Dependency=-1;CPXPARAM_Preprocessing_Dual=0;CPXPARAM_Preprocessing_Fill=40;CPXPARAM_Preprocessing_NumPass=-1;CPXPARAM_Preprocessing_Presolve=1;CPXPARAM_Preprocessing_QPMakePSD=1;CPXPARAM_Preprocessing_Reduce=1;CPXPARAM_Preprocessing_Relax=-1;CPXPARAM_Preprocessing_RepeatPresolve=-1;CPXPARAM_Preprocessing_Symmetry=-1;CPXPARAM_Read_Scale=0;CPXPARAM_Sifting_Algorithm=0;CPXPARAM_Simplex_Crash=1;CPXPARAM_Simplex_DGradient=0;CPXPARAM_Simplex_Limits_Perturbation=0;CPXPARAM_Simplex_Limits_Singularity=10;CPXPARAM_Simplex_PGradient=0;CPXPARAM_Simplex_Pricing=0;CPXPARAM_Simplex_Refactor=0
11271334171789404965,0,CPXPARAM_Advance=1;CPXPARAM_Barrier_Algorithm=0;CPXPARAM_Barrier_ColNonzeros=0;CPXPARAM_Barrier_Crossover=0;CPXPARAM_Barrier_Limits_Corrections=-1;CPXPARAM_Barrier_Ordering=0;CPXPARAM_Barrier_StartAlg=1;CPXPARAM_Emphasis_MIP=2;CPXPARAM_Emphasis_Memory=0;CPXPARAM_Emphasis_Numerical=0;CPXPARAM_Feasopt_Mode=0;CPXPARAM_LPMethod=0;CPXPARAM_MIP_Cuts_Cliques=3;CPXPARAM_MIP_Cuts_Covers=0;CPXPARAM_MIP_Cuts_Disjunctive=0;CPXPARAM_MIP_Cuts_FlowCovers=1;CPXPARAM_MIP_Cuts_GUBCovers=-1;CPXPARAM_MIP_Cuts_Gomory=1;CPXPARAM_MIP_Cuts_Implied=0;CPXPARAM_MIP_Cuts_MIRCut=2;CPXPARAM_MIP_Cuts_PathCut=0;CPXPARAM_MIP_Limits_AggForCut=3;CPXPARAM_MIP_Limits_CutPasses=0;CPXPARAM_MIP_Limits_CutsFactor=-1;CPXPARAM_MIP_Limits_GomoryCand=200;CPXPARAM_MIP_Limits_GomoryPass=0;CPXPARAM_MIP_Limits_Nodes=9223372036800000000;CPXPARAM_MIP_Limits_ProbeTime=1e+75;CPXPARAM_MIP_Limits_RepairTries=0;CPXPARAM_MIP_Limits_StrongCand=10;CPXPARAM_MIP_Limits_StrongIt=0;CPXPARAM_MIP_OrderType=0;CPXPARAM_MIP_Strategy_BBInterval=7;CPXPARAM_MIP_Strategy_Branch=0;CPXPARAM_MIP_Strategy_Dive=0;CPXPARAM_MIP_Strategy_File=1;CPXPARAM_MIP_Strategy_HeuristicFreq=0;CPXPARAM_MIP_Strategy_LBHeur=0;CPXPARAM_MIP_Strategy_NodeSelect=2;CPXPARAM_MIP_Strategy_Order=1;CPXPARAM_MIP_Strategy_PresolveNode=-1;CPXPARAM_MIP_Strategy_Probe=3;CPXPARAM_MIP_Strategy_RINSHeur=0;CPXPARAM_MIP_Strategy_StartAlgorithm=0;CPXPARAM_MIP_Strategy_SubAlgorithm=0;CPXPARAM_MIP_Strategy_VariableSelect=-1;CPXPARAM_Network_NetFind=2;CPXPARAM_Network_Pricing=0;CPXPARAM_Parallel=1;CPXPARAM_Preprocessing_Aggregator=-1;CPXPARAM_Preprocessing_BoundStrength=-1;CPXPARAM_Preprocessing_CoeffReduce=-1;CPXPARAM_Preprocessing_Dependency=-1;CPXPARAM_Preprocessing_Dual=0;CPXPARAM_Preprocessing_Fill=10;CPXPARAM_Preprocessing_NumPass=-1;CPXPARAM_Preprocessing_Presolve=1;CPXPARAM_Preprocessing_QPMakePSD=1;CPXPARAM_Preprocessing_Reduce=3;CPXPARAM_Preprocessing_Relax=-1;CPXPARAM_Preprocessing_RepeatPresolve=-1;CPXPARAM_Preprocessing_Symmetry=-1;CPXPARAM_Read_Scale=0;CPXPARAM_Sifting_Algorithm=0;CPXPARAM_Simplex_Crash=1;CPXPARAM_Simplex_DGradient=0;CPXPARAM_Simplex_Limits_Perturbation=0;CPXPARAM_Simplex_Limits_Singularity=10;CPXPARAM_Simplex_PGradient=0;CPXPARAM_Simplex_Pricing=0;CPXPARAM_Simplex_Refactor=0
4177144522006167158,0,CPXPARAM_Advance=1;CPXPARAM_Barrier_Algorithm=0;CPXPARAM_Barrier_ColNonzeros=0;CPXPARAM_Barrier_Crossover=0;CPXPARAM_Barrier_Limits_Corrections=-1;CPXPARAM_Barrier_Ordering=0;CPXPARAM_Barrier_StartAlg=1;CPXPARAM_Emphasis_MIP=0;CPXPARAM_Emphasis_Memory=0;CPXPARAM_Emphasis_Numerical=0;CPXPARAM_Feasopt_Mode=0;CPXPARAM_LPMethod=0;CPXPARAM_MIP_Cuts_Cliques=3;CPXPARAM_MIP_Cuts_Covers=-1;CPXPARAM_MIP_Cuts_Disjunctive=-1;CPXPARAM_MIP_Cuts_FlowCovers=-1;CPXPARAM_MIP_Cuts_GUBCovers=1;CPXPARAM_MIP_Cuts_Gomory=-1;CPXPARAM_MIP_Cuts_Implied=-1;CPXPARAM_MIP_Cuts_MIRCut=-1;CPXPARAM_MIP_Cuts_PathCut=-1;CPXPARAM_MIP_Limits_AggForCut=5;CPXPARAM_MIP_Limits_CutPasses=0;CPXPARAM_MIP_Limits_CutsFactor=-1;CPXPARAM_MIP_Limits_GomoryCand=200;CPXPARAM_MIP_Limits_GomoryPass=0;CPXPARAM_MIP_Limits_Nodes=9223372036800000000;CPXPARAM_MIP_Limits_ProbeTime=1e+75;CPXPARAM_MIP_Limits_RepairTries=0;CPXPARAM_MIP_Limits_StrongCand=10;CPXPARAM_MIP_Limits_StrongIt=0;CPXPARAM_MIP_OrderType=3;CPXPARAM_MIP_Strategy_BBInterval=7;CPXPARAM_MIP_Strategy_Branch=-1;CPXPARAM_MIP_Strategy_Dive=0;CPXPARAM_MIP_Strategy_File=1;CPXPARAM_MIP_Strategy_HeuristicFreq=0;CPXPARAM_MIP_Strategy_LBHeur=0;CPXPARAM_MIP_Strategy_NodeSelect=3;CPXPARAM_MIP_Strategy_Order=1;CPXPARAM_MIP_Strategy_PresolveNode=-1;CPXPARAM_MIP_Strategy_Probe=0;CPXPARAM_MIP_Strategy_RINSHeur=0;CPXPARAM_MIP_Strategy_StartAlgorithm=0;CPXPARAM_MIP_Strategy_SubAlgorithm=0;CPXPARAM_MIP_Strategy_VariableSelect=0;CPXPARAM_Network_NetFind=2;CPXPARAM_Network_Pricing=0;CPXPARAM_Parallel=1;CPXPARAM_Preprocessing_Aggregator=-1;CPXPARAM_Preprocessing_BoundStrength=-1;CPXPARAM_Preprocessing_CoeffReduce=-1;CPXPARAM_Preprocessing_Dependency=-1;CPXPARAM_Preprocessing_Dual=0;CPXPARAM_Preprocessing_Fill=10;CPXPARAM_Preprocessing_NumPass=-1;CPXPARAM_Preprocessing_Presolve=1;CPXPARAM_Preprocessing_QPMakePSD=1;CPXPARAM_Preprocessing_Reduce=2;CPXPARAM_Preprocessing_Relax=-1;CPXPARAM_Preprocessing_RepeatPresolve=-1;CPXPARAM_Preprocessing_Symmetry=-1;CPXPARAM_Read_Scale=0;CPXPARAM_Sifting_Algorithm=0;CPXPARAM_Simplex_Crash=1;CPXPARAM_Simplex_DGradient=0;CPXPARAM_Simplex_Limits_Perturbation=0;CPXPARAM_Simplex_Limits_Singularity=10;CPXPARAM_Simplex_PGradient=0;CPXPARAM_Simplex_Pricing=0;CPXPARAM_Simplex_Refactor=0
106045157482877352,0,CPXPARAM_Advance=1;CPXPARAM_Barrier_Algorithm=0;CPXPARAM_Barrier_ColNonzeros=0;CPXPARAM_Barrier_Crossover=0;CPXPARAM_Barrier_Limits_Corrections=-1;CPXPARAM_Barrier_Ordering=0;CPXPARAM_Barrier_StartAlg=1;CPXPARAM_Emphasis_MIP=1;CPXPARAM_Emphasis_Memory=0;CPXPARAM_Emphasis_Numerical=0;CPXPARAM_Feasopt_Mode=0;CPXPARAM_LPMethod=0;CPXPARAM_MIP_Cuts_Cliques=1;CPXPARAM_MIP_Cuts_Covers=-1;CPXPARAM_MIP_Cuts_Disjunctive=0;CPXPARAM_MIP_Cuts_FlowCovers=2;CPXPARAM_MIP_Cuts_GUBCovers=1;CPXPARAM_MIP_Cuts_Gomory=2;CPXPARAM_MIP_Cuts_Implied=2;CPXPARAM_MIP_Cuts_MIRCut=1;CPXPARAM_MIP_Cuts_PathCut=0;CPXPARAM_MIP_Limits_AggForCut=3;CPXPARAM_MIP_Limits_CutPasses=0;CPXPARAM_MIP_Limits_CutsFactor=-1;CPXPARAM_MIP_Limits_GomoryCand=100;CPXPARAM_MIP_Limits_GomoryPass=0;CPXPARAM_MIP_Limits_Nodes=9223372036800000000;CPXPARAM_MIP_Limits_ProbeTime=1e+75;CPXPARAM_MIP_Limits_RepairTries=0;CPXPARAM_MIP_Limits_StrongCand=10;CPXPARAM_MIP_Limits_StrongIt=0;CPXPARAM_MIP_OrderType=0;CPXPARAM_MIP_Strategy_BBInterval=7;CPXPARAM_MIP_Strategy_Branch=-1;CPXPARAM_MIP_Strategy_Dive=0;CPXPARAM_MIP_Strategy_File=1;CPXPARAM_MIP_Strategy_HeuristicFreq=0;CPXPARAM_MIP_Strategy_LBHeur=0;CPXPARAM_MIP_Strategy_NodeSelect=2;CPXPARAM_MIP_Strategy_Order=1;CPXPARAM_MIP_Strategy_PresolveNode=3;CPXPARAM_MIP_Strategy_Probe=-1;CPXPARAM_MIP_Strategy_RINSHeur=0;CPXPARAM_MIP_Strategy_StartAlgorithm=0;CPXPARAM_MIP_Strategy_SubAlgorithm=0;CPXPARAM_MIP_Strategy_VariableSelect=-1;CPXPARAM_Network_NetFind=2;CPXPARAM_Network_Pricing=0;CPXPARAM_Parallel=1;CPXPARAM_Preprocessing_Aggregator=-1;CPXPARAM_Preprocessing_BoundStrength=-1;CPXPARAM_Preprocessing_CoeffReduce=-1;CPXPARAM_Preprocessing_Dependency=-1;CPXPARAM_Preprocessing_Dual=0;CPXPARAM_Preprocessing_Fill=10;CPXPARAM_Preprocessing_NumPass=-1;CPXPARAM_Preprocessing_Presolve=1;CPXPARAM_Preprocessing_QPMakePSD=1;CPXPARAM_Preprocessing_Reduce=3;CPXPARAM_Preprocessing_Relax=-1;CPXPARAM_Preprocessing_RepeatPresolve=-1;CPXPARAM_Preprocessing_Symmetry=-1;CPXPARAM_Read_Scale=0;CPXPARAM_Sifting_Algorithm=0;CPXPARAM_Simplex_Crash=1;CPXPARAM_Simplex_DGradient=0;CPXPARAM_Simplex_Limits_Perturbation=0;CPXPARAM_Simplex_Limits_Singularity=10;CPXPARAM_Simplex_PGradient=0;CPXPARAM_Simplex_Pricing=0;CPXPARAM_Simplex_Refactor=0
13173922192832367680,0,CPXPARAM_Advance=1;CPXPARAM_Barrier_Algorithm=0;CPXPARAM_Barrier_ColNonzeros=0;CPXPARAM_Barrier_Crossover=0;CPXPARAM_Barrier_Limits_Corrections=-1;CPXPARAM_Barrier_Ordering=0;CPXPARAM_Barrier_StartAlg=1;CPXPARAM_Emphasis_MIP=0;CPXPARAM_Emphasis_Memory=0;CPXPARAM_Emphasis_Numerical=0;CPXPARAM_Feasopt_Mode=0;CPXPARAM_LPMethod=0;CPXPARAM_MIP_Cuts_Cliques=1;CPXPARAM_MIP_Cuts_Covers=0;CPXPARAM_MIP_Cuts_Disjunctive=1;CPXPARAM_MIP_Cuts_FlowCovers=0;CPXPARAM_MIP_Cuts_GUBCovers=1;CPXPARAM_MIP_Cuts_Gomory=0;CPXPARAM_MIP_Cuts_Implied=1;CPXPARAM_MIP_Cuts_MIRCut=1;CPXPARAM_MIP_Cuts_PathCut=0;CPXPARAM_MIP_Limits_AggForCut=3;CPXPARAM_MIP_Limits_CutPasses=0;CPXPARAM_MIP_Limits_CutsFactor=-1;CPXPARAM_MIP_Limits_GomoryCand=800;CPXPARAM_MIP_Limits_GomoryPass=0;CPXPARAM_MIP_Limits_Nodes=9223372036800000000;CPXPARAM_MIP_Limits_ProbeTime=1e+75;CPXPARAM_MIP_Limits_RepairTries=0;CPXPARAM_MIP_Limits_StrongCand=10;CPXPARAM_MIP_Limits_StrongIt=0;CPXPARAM_MIP_OrderType=0;CPXPARAM_MIP_Strategy_BBInterval=7;CPXPARAM_MIP_Strategy_Branch=1;CPXPARAM_MIP_Strategy_Dive=0;CPXPARAM_MIP_Strategy_File=1;CPXPARAM_MIP_Strategy_HeuristicFreq=0;CPXPARAM_MIP_Strategy_LBHeur=0;CPXPARAM_MIP_Strategy_NodeSelect=2;CPXPARAM_MIP_Strategy_Order=1;CPXPARAM_MIP_Strategy_PresolveNode=2;CPXPARAM_MIP_Strategy_Probe=0;CPXPARAM_MIP_Strategy_RINSHeur=0;CPXPARAM_MIP_Strategy_StartAlgorithm=0;CPXPARAM_MIP_Strategy_SubAlgorithm=0;CPXPARAM_MIP_Strategy_VariableSelect=2;CPXPARAM_Network_NetFind=2;CPXPARAM_Network_Pricing=0;CPXPARAM_Parallel=1;CPXPARAM_Preprocessing_Aggregator=-1;CPXPARAM_Preprocessing_BoundStrength=-1;CPXPARAM_Preprocessing_CoeffReduce=-1;CPXPARAM_Preprocessing_Dependency=-1;CPXPARAM_Preprocessing_Dual=0;CPXPARAM_Preprocessing_Fill=10;CPXPARAM_Preprocessing_NumPass=-1;CPXPARAM_Preprocessing_Presolve=1;CPXPARAM_Preprocessing_QPMakePSD=1;CPXPARAM_Preprocessing_Reduce=3;CPXPARAM_Preprocessing_Relax=-1;CPXPARAM_Preprocessing_RepeatPresolve=-1;CPXPARAM_Preprocessing_Symmetry=-1;CPXPARAM_Read_Scale=0;CPXPARAM_Sifting_Algorithm=0;CPXPARAM_Simplex_Crash=1;CPXPARAM_Simplex_DGradient=0;CPXPARAM_Simplex_Limits_Perturbation=0;CPXPARAM_Simplex_Limits_Singularity=10;CPXPARAM_Simplex_PGradient=0;CPXPARAM_Simplex_Pricing=0;CPXPARAM_Simplex_Refactor=0
11379246726762089031,0,CPXPARAM_Advance=1;CPXPARAM_Barrier_Algorithm=0;CPXPARAM_Barrier_ColNonzeros=0;CPXPARAM_Barrier_Crossover=0;CPXPARAM_Barrier_Limits_Corrections=-1;CPXPARAM_Barrier_Ordering=0;CPXPARAM_Barrier_StartAlg=1;CPXPARAM_Emphasis_MIP=2;CPXPARAM_Emphasis_Memory=0;CPXPARAM_Emphasis_Numerical=0;CPXPARAM_Feasopt_Mode=0;CPXPARAM_LPMethod=0;CPXPARAM_MIP_Cuts_Cliques=-1;CPXPARAM_MIP_Cuts_Covers=2;CPXPARAM_MIP_Cuts_Disjunctive=1;CPXPARAM_MIP_Cuts_FlowCovers=2;CPXPARAM_MIP_Cuts_GUBCovers=1;CPXPARAM_MIP_Cuts_Gomory=0;CPXPARAM_MIP_Cuts_Implied=-1;CPXPARAM_MIP_Cuts_MIRCut=-1;CPXPARAM_MIP_Cuts_PathCut=-1;CPXPARAM_MIP_Limits_AggForCut=3;CPXPARAM_MIP_Limits_CutPasses=0;CPXPARAM_MIP_Limits_CutsFactor=-1;CPXPARAM_MIP_Limits_GomoryCand=400;CPXPARAM_MIP_Limits_GomoryPass=0;CPXPARAM_MIP_Limits_Nodes=9223372036800000000;CPXPARAM_MIP_Limits_ProbeTime=1e+75;CPXPARAM_MIP_Limits_RepairTries=0;CPXPARAM_MIP_Limits_StrongCand=10;CPXPARAM_MIP_Limits_StrongIt=0;CPXPARAM_MIP_OrderType=0;CPXPARAM_MIP_Strategy_BBInterval=7;CPXPARAM_MIP_Strategy_Branch=0;CPXPARAM_MIP_Strategy_Dive=0;CPXPARAM_MIP_Strategy_File=1;CPXPARAM_MIP_Strategy_HeuristicFreq=0;CPXPARAM_MIP_Strategy_LBHeur=0;CPXPARAM_MIP_Strategy_NodeSelect=1;CPXPARAM_MIP_Strategy_Order=1;CPXPARAM_MIP_Strategy_PresolveNode=0;CPXPARAM_MIP_Strategy_Probe=0;CPXPARAM_MIP_Strategy_RINSHeur=0;CPXPARAM_MIP_Strategy_StartAlgorithm=0;CPXPARAM_MIP_Strategy_SubAlgorithm=0;CPXPARAM_MIP_Strategy_VariableSelect=0;CPXPARAM_Network_NetFind=2;CPXPARAM_Network_Pricing=0;CPXPARAM_Parallel=1;CPXPARAM_Preprocessing_Aggregator=-1;CPXPARAM_Preprocessing_BoundStrength=-1;CPXPARAM_Preprocessing_CoeffReduce=-1;CPXPARAM_Preprocessing_Dependency=-1;CPXPARAM_Preprocessing_Dual=0;CPXPARAM_Preprocessing_Fill=10;CPXPARAM_Preprocessing_NumPass=-1;CPXPARAM_Preprocessing_Presolve=1;CPXPARAM_Preprocessing_QPMakePSD=1;CPXPARAM_Preprocessing_Reduce=3;CPXPARAM_Preprocessing_Relax=-1;CPXPARAM_Preprocessing_RepeatPresolve=-1;CPXPARAM_Preprocessing_Symmetry=-1;CPXPARAM_Read_Scale=0;CPXPARAM_Sifting_Algorithm=0;CPXPARAM_Simplex_Crash=1;CPXPARAM_Simplex_DGradient=4;CPXPARAM_Simplex_Limits_Perturbation=0;CPXPARAM_Simplex_Limits_Singularity=10;CPXPARAM_Simplex_PGradient=0;CPXPARAM_Simplex_Pricing=0;CPXPARAM_Simplex_Refactor=0
8222041237339286811,0,CPXPARAM_Advance=1;CPXPARAM_Barrier_Algorithm=0;CPXPARAM_Barrier_ColNonzeros=0;CPXPARAM_Barrier_Crossover=0;CPXPARAM_Barrier_Limits_Corrections=-1;CPXPARAM_Barrier_Ordering=0;CPXPARAM_Barrier_StartAlg=1;CPXPARAM_Emphasis_MIP=1;CPXPARAM_Emphasis_Memory=0;CPXPARAM_Emphasis_Numerical=0;CPXPARAM_Feasopt_Mode=0;CPXPARAM_LPMethod=0;CPXPARAM_MIP_Cuts_Cliques=1;CPXPARAM_MIP_Cuts_Covers=-1;CPXPARAM_MIP_Cuts_Disjunctive=0;CPXPARAM_MIP_Cuts_FlowCovers=2;CPXPARAM_MIP_Cuts_GUBCovers=1;CPXPARAM_MIP_Cuts_Gomory=2;CPXPARAM_MIP_Cuts_Implied=-1;CPXPARAM_MIP_Cuts_MIRCut=1;CPXPARAM_MIP_Cuts_PathCut=0;CPXPARAM_MIP_Limits_AggForCut=3;CPXPARAM_MIP_Limits_CutPasses=0;CPXPARAM_MIP_Limits_CutsFactor=-1;CPXPARAM_MIP_Limits_GomoryCand=100;CPXPARAM_MIP_Limits_GomoryPass=0;CPXPARAM_MIP_Limits_Nodes=9223372036800000000;CPXPARAM_MIP_Limits_ProbeTime=1e+75;CPXPARAM_MIP_Limits_RepairTries=0;CPXPARAM_MIP_Limits_StrongCand=10;CPXPARAM_MIP_Limits_StrongIt=0;CPXPARAM_MIP_OrderType=0;CPXPARAM_MIP_Strategy_BBInterval=7;CPXPARAM_MIP_Strategy_Branch=1;CPXPARAM_MIP_Strategy_Dive=0;CPXPARAM_MIP_Strategy_File=1;CPXPARAM_MIP_Strategy_HeuristicFreq=0;CPXPARAM_MIP_Strategy_LBHeur=0;CPXPARAM_MIP_Strategy_NodeSelect=2;CPXPARAM_MIP_Strategy_Order=1;CPXPARAM_MIP_Strategy_PresolveNode=3;CPXPARAM_MIP_Strategy_Probe=-1;CPXPARAM_MIP_Strategy_RINSHeur=0;CPXPARAM_MIP_Strategy_StartAlgorithm=0;CPXPARAM_MIP_Strategy_SubAlgorithm=0;CPXPARAM_MIP_Strategy_VariableSelect=-1;CPXPARAM_Network_NetFind=2;CPXPARAM_Network_Pricing=0;CPXPARAM_Parallel=1;CPXPARAM_Preprocessing_Aggregator=-1;CPXPARAM_Preprocessing_BoundStrength=-1;CPXPARAM_Preprocessing_CoeffReduce=-1;CPXPARAM_Preprocessing_Dependency=-1;CPXPARAM_Preprocessing_Dual=0;CPXPARAM_Preprocessing_Fill=10;CPXPARAM_Preprocessing_NumPass=-1;CPXPARAM_Preprocessing_Presolve=1;CPXPARAM_Preprocessing_QPMakePSD=1;CPXPARAM_Preprocessing_Reduce=3;CPXPARAM_Preprocessing_Relax=-1;CPXPARAM_Preprocessing_RepeatPresolve=-1;CPXPARAM_Preprocessing_Symmetry=-1;CPXPARAM_Read_Scale=0;CPXPARAM_Sifting_Algorithm=0;CPXPARAM_Simplex_Crash=1;CPXPARAM_Simplex_DGradient=0;CPXPARAM_Simplex_Limits_Perturbation=0;CPXPARAM_Simplex_Limits_Singularity=10;CPXPARAM_Simplex_PGradient=0;CPXPARAM_Simplex_Pricing=0;CPXPARAM_Simplex_Refactor=0
15006300618843886513,0,CPXPARAM_Advance=1;CPXPARAM_Barrier_Algorithm=0;CPXPARAM_Barrier_ColNonzeros=0;CPXPARAM_Barrier_Crossover=0;CPXPARAM_Barrier_Limits_Corrections=-1;CPXPARAM_Barrier_Ordering=0;CPXPARAM_Barrier_StartAlg=1;CPXPARAM_Emphasis_MIP=4;CPXPARAM_Emphasis_Memory=0;CPXPARAM_Emphasis_Numerical=0;CPXPARAM_Feasopt_Mode=0;CPXPARAM_LPMethod=0;CPXPARAM_MIP_Cuts_Cliques=0;CPXPARAM_MIP_Cuts_Covers=1;CPXPARAM_MIP_Cuts_Disjunctive=0;CPXPARAM_MIP_Cuts_FlowCovers=-1;CPXPARAM_MIP_Cuts_GUBCovers=2;CPXPARAM_MIP_Cuts_Gomory=0;CPXPARAM_MIP_Cuts_Implied=0;CPXPARAM_MIP_Cuts_MIRCut=2;CPXPARAM_MIP_Cuts_PathCut=0;CPXPARAM_MIP_Limits_AggForCut=3;CPXPARAM_MIP_Limits_CutPasses=0;CPXPARAM_MIP_Limits_CutsFactor=-1;CPXPARAM_MIP_Limits_GomoryCand=150;CPXPARAM_MIP_Limits_GomoryPass=0;CPXPARAM_MIP_Limits_Nodes=9223372036800000000;CPXPARAM_MIP_Limits_ProbeTime=1e+75;CPXPARAM_MIP_Limits_RepairTries=0;CPXPARAM_MIP_Limits_StrongCand=10;CPXPARAM_MIP_Limits_StrongIt=0;CPXPARAM_MIP_OrderType=0;CPXPARAM_MIP_Strategy_BBInterval=7;CPXPARAM_MIP_Strategy_Branch=0;CPXPARAM_MIP_Strategy_Dive=0;CPXPARAM_MIP_Strategy_File=1;CPXPARAM_MIP_Strategy_HeuristicFreq=0;CPXPARAM_MIP_Strategy_LBHeur=0;CPXPARAM_MIP_Strategy_NodeSelect=1;CPXPARAM_MIP_Strategy_Order=1;CPXPARAM_MIP_Strategy_PresolveNode=0;CPXPARAM_MIP_Strategy_Probe=0;CPXPARAM_MIP_Strategy_RINSHeur=0;CPXPARAM_MIP_Strategy_StartAlgorithm=0;CPXPARAM_MIP_Strategy_SubAlgorithm=0;CPXPARAM_MIP_Strategy_VariableSelect=0;CPXPARAM_Network_NetFind=2;CPXPARAM_Network_Pricing=0;CPXPARAM_Parallel=1;CPXPARAM_Preprocessing_Aggregator=-1;CPXPARAM_Preprocessing_BoundStrength=-1;CPXPARAM_Preprocessing_CoeffReduce=-1;CPXPARAM_Preprocessing_Dependency=-1;CPXPARAM_Preprocessing_Dual=0;CPXPARAM_Preprocessing_Fill=10;CPXPARAM_Preprocessing_NumPass=-1;CPXPARAM_Preprocessing_Presolve=1;CPXPARAM_Preprocessing_QPMakePSD=1;CPXPARAM_Preprocessing_Reduce=3;CPXPARAM_Preprocessing_Relax=-1;CPXPARAM_Preprocessing_RepeatPresolve=-1;CPXPARAM_Preprocessing_Symmetry=-1;CPXPARAM_Read_Scale=0;CPXPARAM_Sifting_Algorithm=0;CPXPARAM_Simplex_Crash=1;CPXPARAM_Simplex_DGradient=0;CPXPARAM_Simplex_Limits_Perturbation=0;CPXPARAM_Simplex_Limits_Singularity=10;CPXPARAM_Simplex_PGradient=0;CPXPARAM_Simplex_Pricing=0;CPXPARAM_Simplex_Refactor=0
14867961149812668389,0,CPXPARAM_Advance=1;CPXPARAM_Barrier_Algorithm=0;CPXPARAM_Barrier_ColNonzeros=0;CPXPARAM_Barrier_Crossover=0;CPXPARAM_Barrier_Limits_Corrections=-1;CPXPARAM_Barrier_Ordering=0;CPXPARAM_Barrier_StartAlg=1;CPXPARAM_Emphasis_MIP=5;CPXPARAM_Emphasis_Memory=0;CPXPARAM_Emphasis_Numerical=0;CPXPARAM_Feasopt_Mode=0;CPXPARAM_LPMethod=0;CPXPARAM_MIP_Cuts_Cliques=-1;CPXPARAM_MIP_Cuts_Covers=-1;CPXPARAM_MIP_Cuts_Disjunctive=-1;CPXPARAM_MIP_Cuts_FlowCovers=0;CPXPARAM_MIP_Cuts_GUBCovers=-1;CPXPARAM_MIP_Cuts_Gomory=1;CPXPARAM_MIP_Cuts_Implied=-1;CPXPARAM_MIP_Cuts_MIRCut=1;CPXPARAM_MIP_Cuts_PathCut=0;CPXPARAM_MIP_Limits_AggForCut=5;CPXPARAM_MIP_Limits_CutPasses=0;CPXPARAM_MIP_Limits_CutsFactor=-1;CPXPARAM_MIP_Limits_GomoryCand=25;CPXPARAM_MIP_Limits_GomoryPass=0;CPXPARAM_MIP_Limits_Nodes=9223372036800000000;CPXPARAM_MIP_Limits_ProbeTime=1e+75;CPXPARAM_MIP_Limits_RepairTries=0;CPXPARAM_MIP_Limits_StrongCand=10;CPXPARAM_MIP_Limits_StrongIt=0;CPXPARAM_MIP_OrderType=0;CPXPARAM_MIP_Strategy_BBInterval=7;CPXPARAM_MIP_Strategy_Branch=1;CPXPARAM_MIP_Strategy_Dive=0;CPXPARAM_MIP_Strategy_File=1;CPXPARAM_MIP_Strategy_HeuristicFreq=0;CPXPARAM_MIP_Strategy_LBHeur=0;CPXPARAM_MIP_Strategy_NodeSelect=3;CPXPARAM_MIP_Strategy_Order=1;CPXPARAM_MIP_Strategy_PresolveNode=1;CPXPARAM_MIP_Strategy_Probe=2;CPXPARAM_MIP_Strategy_RINSHeur=0;CPXPARAM_MIP_Strategy_StartAlgorithm=0;CPXPARAM_MIP_Strategy_SubAlgorithm=3;CPXPARAM_MIP_Strategy_VariableSelect=2;CPXPARAM_Network_NetFind=2;CPXPARAM_Network_Pricing=0;CPXPARAM_Parallel=1;CPXPARAM_Preprocessing_Aggregator=-1;CPXPARAM_Preprocessing_BoundStrength=-1;CPXPARAM_Preprocessing_CoeffReduce=-1;CPXPARAM_Preprocessing_Dependency=-1;CPXPARAM_Preprocessing_Dual=0;CPXPARAM_Preprocessing_Fill=2;CPXPARAM_Preprocessing_NumPass=-1;CPXPARAM_Preprocessing_Presolve=1;CPXPARAM_Preprocessing_QPMakePSD=1;CPXPARAM_Preprocessing_Reduce=2;CPXPARAM_Preprocessing_Relax=-1;CPXPARAM_Preprocessing_RepeatPresolve=-1;CPXPARAM_Preprocessing_Symmetry=-1;CPXPARAM_Read_Scale=0;CPXPARAM_Sifting_Algorithm=0;CPXPARAM_Simplex_Crash=1;CPXPARAM_Simplex_DGradient=0;CPXPARAM_Simplex_Limits_Perturbation=0;CPXPARAM_Simplex_Limits_Singularity=10;CPXPARAM_Simplex_PGradient=0;CPXPARAM_Simplex_Pricing=0;CPXPARAM_Simplex_Refactor=0
4009382497589021186,0,CPXPARAM_Advance=1;CPXPARAM_Barrier_Algorithm=0;CPXPARAM_Barrier_ColNonzeros=0;CPXPARAM_Barrier_Crossover=0;CPXPARAM_Barrier_Limits_Corrections=-1;CPXPARAM_Barrier_Ordering=0;CPXPARAM_Barrier_StartAlg=1;CPXPARAM_Emphasis_MIP=0;CPXPARAM_Emphasis_Memory=0;CPXPARAM_Emphasis_Numerical=0;CPXPARAM_Feasopt_Mode=0;CPXPARAM_LPMethod=0;CPXPARAM_MIP_Cuts_Cliques=3;CPXPARAM_MIP_Cuts_Covers=-1;CPXPARAM_MIP_Cuts_Disjunctive=-1;CPXPARAM_MIP_Cuts_FlowCovers=1;CPXPARAM_MIP_Cuts_GUBCovers=2;CPXPARAM_MIP_Cuts_Gomory=2;CPXPARAM_MIP_Cuts_Implied=-1;CPXPARAM_MIP_Cuts_MIRCut=2;CPXPARAM_MIP_Cuts_PathCut=2;CPXPARAM_MIP_Limits_AggForCut=3;CPXPARAM_MIP_Limits_CutPasses=0;CPXPARAM_MIP_Limits_CutsFactor=-1;CPXPARAM_MIP_Limits_GomoryCand=10;CPXPARAM_MIP_Limits_GomoryPass=0;CPXPARAM_MIP_Limits_Nodes=9223372036800000000;CPXPARAM_MIP_Limits_ProbeTime=1e+75;CPXPARAM_MIP_Limits_RepairTries=0;CPXPARAM_MIP_Limits_StrongCand=10;CPXPARAM_MIP_Limits_StrongIt=0;CPXPARAM_MIP_OrderType=0;CPXPARAM_MIP_Strategy_BBInterval=7;CPXPARAM_MIP_Strategy_Branch=0;CPXPARAM_MIP_Strategy_Dive=0;CPXPARAM_MIP_Strategy_File=1;CPXPARAM_MIP_Strategy_HeuristicFreq=0;CPXPARAM_MIP_Strategy_LBHeur=0;CPXPARAM_MIP_Strategy_NodeSelect=0;CPXPARAM_MIP_Strategy_Order=1;CPXPARAM_MIP_Strategy_PresolveNode=-1;CPXPARAM_MIP_Strategy_Probe=-1;CPXPARAM_MIP_Strategy_RINSHeur=0;CPXPARAM_MIP_Strategy_StartAlgorithm=0;CPXPARAM_MIP_Strategy_SubAlgorithm=3;CPXPARAM_MIP_Strategy_VariableSelect=1;CPXPARAM_Network_NetFind=2;CPXPARAM_Network_Pricing=0;CPXPARAM_Parallel=1;CPXPARAM_Preprocessing_Aggregator=-1;CPXPARAM_Preprocessing_BoundStrength=-1;CPXPARAM_Preprocessing_CoeffReduce=-1;CPXPARAM_Preprocessing_Dependency=-1;CPXPARAM_Preprocessing_Dual=0;CPXPARAM_Preprocessing_Fill=2;CPXPARAM_Preprocessing_NumPass=-1;CPXPARAM_Preprocessing_Presolve=1;CPXPARAM_Preprocessing_QPMakePSD=1;CPXPARAM_Preprocessing_Reduce=0;CPXPARAM_Preprocessing_Relax=-1;CPXPARAM_Preprocessing_RepeatPresolve=-1;CPXPARAM_Preprocessing_Symmetry=-1;CPXPARAM_Read_Scale=0;CPXPARAM_Sifting_Algorithm=0;CPXPARAM_Simplex_Crash=1;CPXPARAM_Simplex_DGradient=0;CPXPARAM_Simplex_Limits_Perturbation=0;CPXPARAM_Simplex_Limits_Singularity=10;CPXPARAM_Simplex_PGradient=0;CPXPARAM_Simplex_Pricing=0;CPXPARAM_Simplex_Refactor=0
2511654408577551349,0,CPXPARAM_Advance=1;CPXPARAM_Barrier_Algorithm=0;CPXPARAM_Barrier_ColNonzeros=0;CPXPARAM_Barrier_Crossover=0;CPXPARAM_Barrier_Limits_Corrections=-1;CPXPARAM_Barrier_Ordering=0;CPXPARAM_Barrier_StartAlg=1;CPXPARAM_Emphasis_MIP=1;CPXPARAM_Emphasis_Memory=0;CPXPARAM_Emphasis_Numerical=0;CPXPARAM_Feasopt_Mode=0;CPXPARAM_LPMethod=0;CPXPARAM_MIP_Cuts_Cliques=1;CPXPARAM_MIP_Cuts_Covers=-1;CPXPARAM_MIP_Cuts_Disjunctive=0;CPXPARAM_MIP_Cuts_FlowCovers=2;CPXPARAM_MIP_Cuts_GUBCovers=0;CPXPARAM_MIP_Cuts_Gomory=2;CPXPARAM_MIP_Cuts_Implied=2;CPXPARAM_MIP_Cuts_MIRCut=1;CPXPARAM_MIP_Cuts_PathCut=0;CPXPARAM_MIP_Limits_AggForCut=3;CPXPARAM_MIP_Limits_CutPasses=0;CPXPARAM_MIP_Limits_CutsFactor=-1;CPXPARAM_MIP_Limits_GomoryCand=100;CPXPARAM_MIP_Limits_GomoryPass=0;CPXPARAM_MIP_Limits_Nodes=9223372036800000000;CPXPARAM_MIP_Limits_ProbeTime=1e+75;CPXPARAM_MIP_Limits_RepairTries=0;CPXPARAM_MIP_Limits_StrongCand=10;CPXPARAM_MIP_Limits_StrongIt=0;CPXPARAM_MIP_OrderType=0;CPXPARAM_MIP_Strategy_BBInterval=7;CPXPARAM_MIP_Strategy_Branch=1;CPXPARAM_MIP_Strategy_Dive=0;CPXPARAM_MIP_Strategy_File=1;CPXPARAM_MIP_Strategy_HeuristicFreq=0;CPXPARAM_MIP_Strategy_LBHeur=0;CPXPARAM_MIP_Strategy_NodeSelect=2;CPXPARAM_MIP_Strategy_Order=1;CPXPARAM_MIP_Strategy_PresolveNode=2;CPXPARAM_MIP_Strategy_Probe=-1;CPXPARAM_MIP_Strategy_RINSHeur=0;CPXPARAM_MIP_Strategy_StartAlgorithm=0;CPXPARAM_MIP_Strategy_SubAlgorithm=0;CPXPARAM_MIP_Strategy_VariableSelect=-1;CPXPARAM_Network_NetFind=2;CPXPARAM_Network_Pricing=0;CPXPARAM_Parallel=1;CPXPARAM_Preprocessing_Aggregator=-1;CPXPARAM_Preprocessing_BoundStrength=-1;CPXPARAM_Preprocessing_CoeffReduce=-1;CPXPARAM_Preprocessing_Dependency=-1;CPXPARAM_Preprocessing_Dual=0;CPXPARAM_Preprocessing_Fill=10;CPXPARAM_Preprocessing_NumPass=-1;CPXPARAM_Preprocessing_Presolve=1;CPXPARAM_Preprocessing_QPMakePSD=1;CPXPARAM_Preprocessing_Reduce=3;CPXPARAM_Preprocessing_Relax=-1;CPXPARAM_Preprocessing_RepeatPresolve=-1;CPXPARAM_Preprocessing_Symmetry=-1;CPXPARAM_Read_Scale=0;CPXPARAM_Sifting_Algorithm=0;CPXPARAM_Simplex_Crash=1;CPXPARAM_Simplex_DGradient=0;CPXPARAM_Simplex_Limits_Perturbation=0;CPXPARAM_Simplex_Limits_Singularity=10;CPXPARAM_Simplex_PGradient=0;CPXPARAM_Simplex_Pricing=0;CPXPARAM_Simplex_Refactor=0
3063056042696283417,0,CPXPARAM_Advance=1;CPXPARAM_Barrier_Algorithm=0;CPXPARAM_Barrier_ColNonzeros=0;CPXPARAM_Barrier_Crossover=0;CPXPARAM_Barrier_Limits_Corrections=-1;CPXPARAM_Barrier_Ordering=0;CPXPARAM_Barrier_StartAlg=1;CPXPARAM_Emphasis_MIP=1;CPXPARAM_Emphasis_Memory=0;CPXPARAM_Emphasis_Numerical=0;CPXPARAM_Feasopt_Mode=0;CPXPARAM_LPMethod=0;CPXPARAM_MIP_Cuts_Cliques=-1;CPXPARAM_MIP_Cuts_Covers=-1;CPXPARAM_MIP_Cuts_Disjunctive=0;CPXPARAM_MIP_Cuts_FlowCovers=2;CPXPARAM_MIP_Cuts_GUBCovers=1;CPXPARAM_MIP_Cuts_Gomory=2;CPXPARAM_MIP_Cuts_Implied=2;CPXPARAM_MIP_Cuts_MIRCut=1;CPXPARAM_MIP_Cuts_PathCut=0;CPXPARAM_MIP_Limits_AggForCut=3;CPXPARAM_MIP_Limits_CutPasses=0;CPXPARAM_MIP_Limits_CutsFactor=-1;CPXPARAM_MIP_Limits_GomoryCand=100;CPXPARAM_MIP_Limits_GomoryPass=0;CPXPARAM_MIP_Limits_Nodes=9223372036800000000;CPXPARAM_MIP_Limits_ProbeTime=1e+75;CPXPARAM_MIP_Limits_RepairTries=0;CPXPARAM_MIP_Limits_StrongCand=10;CPXPARAM_MIP_Limits_StrongIt=0;CPXPARAM_MIP_OrderType=0;CPXPARAM_MIP_Strategy_BBInterval=7;CPXPARAM_MIP_Strategy_Branch=1;CPXPARAM_MIP_Strategy_Dive=0;CPXPARAM_MIP_Strategy_File=1;CPXPARAM_MIP_Strategy_HeuristicFreq=0;CPXPARAM_MIP_Strategy_LBHeur=0;CPXPARAM_MIP_Strategy_NodeSelect=2;CPXPARAM_MIP_Strategy_Order=1;CPXPARAM_MIP_Strategy_PresolveNode=2;CPXPARAM_MIP_Strategy_Probe=-1;CPXPARAM_MIP_Strategy_RINSHeur=0;CPXPARAM_MIP_Strategy_StartAlgorithm=0;CPXPARAM_MIP_Strategy_SubAlgorithm=0;CPXPARAM_MIP_Strategy_VariableSelect=-1;CPXPARAM_Network_NetFind=2;CPXPARAM_Network_Pricing=0;CPXPARAM_Parallel=1;CPXPARAM_Preprocessing_Aggregator=-1;CPXPARAM_Preprocessing_BoundStrength=-1;CPXPARAM_Preprocessing_CoeffReduce=-1;CPXPARAM_Preprocessing_Dependency=-1;CPXPARAM_Preprocessing_Dual=0;CPXPARAM_Preprocessing_Fill=10;CPXPARAM_Preprocessing_NumPass=-1;CPXPARAM_Preprocessing_Presolve=1;CPXPARAM_Preprocessing_QPMakePSD=1;CPXPARAM_Preprocessing_Reduce=3;CPXPARAM_Preprocessing_Relax=-1;CPXPARAM_Preprocessing_RepeatPresolve=-1;CPXPARAM_Preprocessing_Symmetry=-1;CPXPARAM_Read_Scale=0;CPXPARAM_Sifting_Algorithm=0;CPXPARAM_Simplex_Crash=1;CPXPARAM_Simplex_DGradient=0;CPXPARAM_Simplex_Limits_Perturbation=0;CPXPARAM_Simplex_Limits_Singularity=10;CPXPARAM_Simplex_PGradient=0;CPXPARAM_Simplex_Pricing=0;CPXPARAM_Simplex_Refactor=0
3311417415150363731,0,CPXPARAM_Advance=1;CPXPARAM_Barrier_Algorithm=0;CPXPARAM_Barrier_ColNonzeros=0;CPXPARAM_Barrier_Crossover=0;CPXPARAM_Barrier_Limits_Corrections=-1;CPXPARAM_Barrier_Ordering=0;CPXPARAM_Barrier_StartAlg=1;CPXPARAM_Emphasis_MIP=2;CPXPARAM_Emphasis_Memory=0;CPXPARAM_Emphasis_Numerical=0;CPXPARAM_Feasopt_Mode=0;CPXPARAM_LPMethod=0;CPXPARAM_MIP_Cuts_Cliques=-1;CPXPARAM_MIP_Cuts_Covers=2;CPXPARAM_MIP_Cuts_Disjunctive=1;CPXPARAM_MIP_Cuts_FlowCovers=2;CPXPARAM_MIP_Cuts_GUBCovers=1;CPXPARAM_MIP_Cuts_Gomory=0;CPXPARAM_MIP_Cuts_Implied=-1;CPXPARAM_MIP_Cuts_MIRCut=-1;CPXPARAM_MIP_Cuts_PathCut=-1;CPXPARAM_MIP_Limits_AggForCut=3;CPXPARAM_MIP_Limits_CutPasses=0;CPXPARAM_MIP_Limits_CutsFactor=-1;CPXPARAM_MIP_Limits_GomoryCand=400;CPXPARAM_MIP_Limits_GomoryPass=0;CPXPARAM_MIP_Limits_Nodes=9223372036800000000;CPXPARAM_MIP_Limits_ProbeTime=1e+75;CPXPARAM_MIP_Limits_RepairTries=0;CPXPARAM_MIP_Limits_StrongCand=10;CPXPARAM_MIP_Limits_StrongIt=0;CPXPARAM_MIP_OrderType=0;CPXPARAM_MIP_Strategy_BBInterval=7;CPXPARAM_MIP_Strategy_Branch=0;CPXPARAM_MIP_Strategy_Dive=0;CPXPARAM_MIP_Strategy_File=1;CPXPARAM_MIP_Strategy_HeuristicFreq=0;CPXPARAM_MIP_Strategy_LBHeur=0;CPXPARAM_MIP_Strategy_NodeSelect=1;CPXPARAM_MIP_Strategy_Order=1;CPXPARAM_MIP_Strategy_PresolveNode=0;CPXPARAM_MIP_Strategy_Probe=0;CPXPARAM_MIP_Strategy_RINSHeur=0;CPXPARAM_MIP_Strategy_StartAlgorithm=0;CPXPARAM_MIP_Strategy_SubAlgorithm=0;CPXPARAM_MIP_Strategy_VariableSelect=0;CPXPARAM_Network_NetFind=2;CPXPARAM_Network_Pricing=0;CPXPARAM_Parallel=1;CPXPARAM_Preprocessing_Aggregator=-1;CPXPARAM_Preprocessing_BoundStrength=-1;CPXPARAM_Preprocessing_CoeffReduce=-1;CPXPARAM_Preprocessing_Dependency=-1;CPXPARAM_Preprocessing_Dual=0;CPXPARAM_Preprocessing_Fill=10;CPXPARAM_Preprocessing_NumPass=-1;CPXPARAM_Preprocessing_Presolve=1;CPXPARAM_Preprocessing_QPMakePSD=1;CPXPARAM_Preprocessing_Reduce=3;CPXPARAM_Preprocessing_Relax=-1;CPXPARAM_Preprocessing_RepeatPresolve=-1;CPXPARAM_Preprocessing_Symmetry=-1;CPXPARAM_Read_Scale=0;CPXPARAM_Sifting_Algorithm=0;CPXPARAM_Simplex_Crash=1;CPXPARAM_Simplex_DGradient=2;CPXPARAM_Simplex_Limits_Perturbation=0;CPXPARAM_Simplex_Limits_Singularity=10;CPXPARAM_Simplex_PGradient=0;CPXPARAM_Simplex_Pricing=0;CPXPARAM_Simplex_Refactor=0
2581473465822707372,0,CPXPARAM_Advance=1;CPXPARAM_Barrier_Algorithm=0;CPXPARAM_Barrier_ColNonzeros=0;CPXPARAM_Barrier_Crossover=0;CPXPARAM_Barrier_Limits_Corrections=-1;CPXPARAM_Barrier_Ordering=0;CPXPARAM_Barrier_StartAlg=1;CPXPARAM_Emphasis_MIP=0;CPXPARAM_Emphasis_Memory=0;CPXPARAM_Emphasis_Numerical=0;CPXPARAM_Feasopt_Mode=0;CPXPARAM_LPMethod=0;CPXPARAM_MIP_Cuts_Cliques=-1;CPXPARAM_MIP_Cuts_Covers=0;CPXPARAM_MIP_Cuts_Disjunctive=1;CPXPARAM_MIP_Cuts_FlowCovers=0;CPXPARAM_MIP_Cuts_GUBCovers=2;CPXPARAM_MIP_Cuts_Gomory=2;CPXPARAM_MIP_Cuts_Implied=0;CPXPARAM_MIP_Cuts_MIRCut=1;CPXPARAM_MIP_Cuts_PathCut=1;CPXPARAM_MIP_Limits_AggForCut=3;CPXPARAM_MIP_Limits_CutPasses=0;CPXPARAM_MIP_Limits_CutsFactor=-1;CPXPARAM_MIP_Limits_GomoryCand=200;CPXPARAM_MIP_Limits_GomoryPass=0;CPXPARAM_MIP_Limits_Nodes=9223372036800000000;CPXPARAM_MIP_Limits_ProbeTime=1e+75;CPXPARAM_MIP_Limits_RepairTries=0;CPXPARAM_MIP_Limits_StrongCand=10;CPXPARAM_MIP_Limits_StrongIt=0;CPXPARAM_MIP_OrderType=0;CPXPARAM_MIP_Strategy_BBInterval=7;CPXPARAM_MIP_Strategy_Branch=0;CPXPARAM_MIP_Strategy_Dive=0;CPXPARAM_MIP_Strategy_File=1;CPXPARAM_MIP_Strategy_HeuristicFreq=0;CPXPARAM_MIP_Strategy_LBHeur=0;CPXPARAM_MIP_Strategy_NodeSelect=1;CPXPARAM_MIP_Strategy_Order=1;CPXPARAM_MIP_Strategy_PresolveNode=0;CPXPARAM_MIP_Strategy_Probe=0;CPXPARAM_MIP_Strategy_RINSHeur=0;CPXPARAM_MIP_Strategy_StartAlgorithm=0;CPXPARAM_MIP_Strategy_SubAlgorithm=0;CPXPARAM_MIP_Strategy_VariableSelect=0;CPXPARAM_Network_NetFind=2;CPXPARAM_Network_Pricing=0;CPXPARAM_Parallel=1;CPXPARAM_Preprocessing_Aggregator=-1;CPXPARAM_Preprocessing_BoundStrength=-1;CPXPARAM_Preprocessing_CoeffReduce=-1;CPXPARAM_Preprocessing_Dependency=-1;CPXPARAM_Preprocessing_Dual=0;CPXPARAM_Preprocessing_Fill=10;CPXPARAM_Preprocessing_NumPass=-1;CPXPARAM_Preprocessing_Presolve=1;CPXPARAM_Preprocessing_QPMakePSD=1;CPXPARAM_Preprocessing_Reduce=3;CPXPARAM_Preprocessing_Relax=-1;CPXPARAM_Preprocessing_RepeatPresolve=-1;CPXPARAM_Preprocessing_Symmetry=-1;CPXPARAM_Read_Scale=0;CPXPARAM_Sifting_Algorithm=0;CPXPARAM_Simplex_Crash=1;CPXPARAM_Simplex_DGradient=0;CPXPARAM_Simplex_Limits_Perturbation=0;CPXPARAM_Simplex_Limits_Singularity=10;CPXPARAM_Simplex_PGradient=0;CPXPARAM_Simplex_Pricing=0;CPXPARAM_Simplex_Refactor=0
13848460815162742545,0,CPXPARAM_Advance=1;CPXPARAM_Barrier_Algorithm=0;CPXPARAM_Barrier_ColNonzeros=0;CPXPARAM_Barrier_Crossover=0;CPXPARAM_Barrier_Limits_Corrections=-1;CPXPARAM_Barrier_Ordering=0;CPXPARAM_Barrier_StartAlg=1;CPXPARAM_Emphasis_MIP=1;CPXPARAM_Emphasis_Memory=0;CPXPARAM_Emphasis_Numerical=0;CPXPARAM_Feasopt_Mode=0;CPXPARAM_LPMethod=0;CPXPARAM_MIP_Cuts_Cliques=1;CPXPARAM_MIP_Cuts_Covers=-1;CPXPARAM_MIP_Cuts_Disjunctive=0;CPXPARAM_MIP_Cuts_FlowCovers=2;CPXPARAM_MIP_Cuts_GUBCovers=1;CPXPARAM_MIP_Cuts_Gomory=2;CPXPARAM_MIP_Cuts_Implied=2;CPXPARAM_MIP_Cuts_MIRCut=1;CPXPARAM_MIP_Cuts_PathCut=0;CPXPARAM_MIP_Limits_AggForCut=3;CPXPARAM_MIP_Limits_CutPasses=0;CPXPARAM_MIP_Limits_CutsFactor=-1;CPXPARAM_MIP_Limits_GomoryCand=100;CPXPARAM_MIP_Limits_GomoryPass=0;CPXPARAM_MIP_Limits_Nodes=9223372036800000000;CPXPARAM_MIP_Limits_ProbeTime=1e+75;CPXPARAM_MIP_Limits_RepairTries=0;CPXPARAM_MIP_Limits_StrongCand=10;CPXPARAM_MIP_Limits_StrongIt=0;CPXPARAM_MIP_OrderType=0;CPXPARAM_MIP_Strategy_BBInterval=7;CPXPARAM_MIP_Strategy_Branch=1;CPXPARAM_MIP_Strategy_Dive=0;CPXPARAM_MIP_Strategy_File=1;CPXPARAM_MIP_Strategy_HeuristicFreq=0;CPXPARAM_MIP_Strategy_LBHeur=0;CPXPARAM_MIP_Strategy_NodeSelect=2;CPXPARAM_MIP_Strategy_Order=1;CPXPARAM_MIP_Strategy_PresolveNode=2;CPXPARAM_MIP_Strategy_Probe=0;CPXPARAM_MIP_Strategy_RINSHeur=0;CPXPARAM_MIP_Strategy_StartAlgorithm=0;CPXPARAM_MIP_Strategy_SubAlgorithm=0;CPXPARAM_MIP_Strategy_VariableSelect=-1;CPXPARAM_Network_NetFind=2;CPXPARAM_Network_Pricing=0;CPXPARAM_Parallel=1;CPXPARAM_Preprocessing_Aggregator=-1;CPXPARAM_Preprocessing_BoundStrength=-1;CPXPARAM_Preprocessing_CoeffReduce=-1;CPXPARAM_Preprocessing_Dependency=-1;CPXPARAM_Preprocessing_Dual=0;CPXPARAM_Preprocessing_Fill=10;CPXPARAM_Preprocessing_NumPass=-1;CPXPARAM_Preprocessing_Presolve=1;CPXPARAM_Preprocessing_QPMakePSD=1;CPXPARAM_Preprocessing_Reduce=3;CPXPARAM_Preprocessing_Relax=-1;CPXPARAM_Preprocessing_RepeatPresolve=-1;CPXPARAM_Preprocessing_Symmetry=-1;CPXPARAM_Read_Scale=0;CPXPARAM_Sifting_Algorithm=0;CPXPARAM_Simplex_Crash=1;CPXPARAM_Simplex_DGradient=0;CPXPARAM_Simplex_Limits_Perturbation=0;CPXPARAM_Simplex_Limits_Singularity=10;CPXPARAM_Simplex_PGradient=0;CPXPARAM_Simplex_Pricing=0;CPXPARAM_Simplex_Refactor=0
1232162286515090989,0,CPXPARAM_Advance=1;CPXPARAM_Barrier_Algorithm=0;CPXPARAM_Barrier_ColNonzeros=0;CPXPARAM_Barrier_Crossover=0;CPXPARAM_Barrier_Limits_Corrections=-1;CPXPARAM_Barrier_Ordering=0;CPXPARAM_Barrier_StartAlg=1;CPXPARAM_Emphasis_MIP=1;CPXPARAM_Emphasis_Memory=0;CPXPARAM_Emphasis_Numerical=0;CPXPARAM_Feasopt_Mode=0;CPXPARAM_LPMethod=0;CPXPARAM_MIP_Cuts_Cliques=1;CPXPARAM_MIP_Cuts_Covers=-1;CPXPARAM_MIP_Cuts_Disjunctive=0;CPXPARAM_MIP_Cuts_FlowCovers=2;CPXPARAM_MIP_Cuts_GUBCovers=1;CPXPARAM_MIP_Cuts_Gomory=2;CPXPARAM_MIP_Cuts_Implied=2;CPXPARAM_MIP_Cuts_MIRCut=1;CPXPARAM_MIP_Cuts_PathCut=0;CPXPARAM_MIP_Limits_AggForCut=3;CPXPARAM_MIP_Limits_CutPasses=0;CPXPARAM_MIP_Limits_CutsFactor=-1;CPXPARAM_MIP_Limits_GomoryCand=100;CPXPARAM_MIP_Limits_GomoryPass=0;CPXPARAM_MIP_Limits_Nodes=9223372036800000000;CPXPARAM_MIP_Limits_ProbeTime=1e+75;CPXPARAM_MIP_Limits_RepairTries=0;CPXPARAM_MIP_Limits_StrongCand=10;CPXPARAM_MIP_Limits_StrongIt=0;CPXPARAM_MIP_OrderType=0;CPXPARAM_MIP_Strategy_BBInterval=7;CPXPARAM_MIP_Strategy_Branch=1;CPXPARAM_MIP_Strategy_Dive=0;CPXPARAM_MIP_Strategy_File=1;CPXPARAM_MIP_Strategy_HeuristicFreq=0;CPXPARAM_MIP_Strategy_LBHeur=0;CPXPARAM_MIP_Strategy_NodeSelect=0;CPXPARAM_MIP_Strategy_Order=1;CPXPARAM_MIP_Strategy_PresolveNode=2;CPXPARAM_MIP_Strategy_Probe=-1;CPXPARAM_MIP_Strategy_RINSHeur=0;CPXPARAM_MIP_Strategy_StartAlgorithm=0;CPXPARAM_MIP_Strategy_SubAlgorithm=0;CPXPARAM_MIP_Strategy_VariableSelect=-1;CPXPARAM_Network_NetFind=2;CPXPARAM_Network_Pricing=0;CPXPARAM_Parallel=1;CPXPARAM_Preprocessing_Aggregator=-1;CPXPARAM_Preprocessing_BoundStrength=-1;CPXPARAM_Preprocessing_CoeffReduce=-1;CPXPARAM_Preprocessing_Dependency=-1;CPXPARAM_Preprocessing_Dual=0;CPXPARAM_Preprocessing_Fill=10;CPXPARAM_Preprocessing_NumPass=-1;CPXPARAM_Preprocessing_Presolve=1;CPXPARAM_Preprocessing_QPMakePSD=1;CPXPARAM_Preprocessing_Reduce=3;CPXPARAM_Preprocessing_Relax=-1;CPXPARAM_Preprocessing_RepeatPresolve=-1;CPXPARAM_Preprocessing_Symmetry=-1;CPXPARAM_Read_Scale=0;CPXPARAM_Sifting_Algorithm=0;CPXPARAM_Simplex_Crash=1;CPXPARAM_Simplex_DGradient=0;CPXPARAM_Simplex_Limits_Perturbation=0;CPXPARAM_Simplex_Limits_Singularity=10;CPXPARAM_Simplex_PGradient=0;CPXPARAM_Simplex_Pricing=0;CPXPARAM_Simplex_Refactor=0
4898380358807864512,0,CPXPARAM_Advance=1;CPXPARAM_Barrier_Algorithm=0;CPXPARAM_Barrier_ColNonzeros=0;CPXPARAM_Barrier_Crossover=0;CPXPARAM_Barrier_Limits_Corrections=-1;CPXPARAM_Barrier_Ordering=0;CPXPARAM_Barrier_StartAlg=1;CPXPARAM_Emphasis_MIP=5;CPXPARAM_Emphasis_Memory=0;CPXPARAM_Emphasis_Numerical=0;CPXPARAM_Feasopt_Mode=0;CPXPARAM_LPMethod=0;CPXPARAM_MIP_Cuts_Cliques=0;CPXPARAM_MIP_Cuts_Covers=3;CPXPARAM_MIP_Cuts_Disjunctive=-1;CPXPARAM_MIP_Cuts_FlowCovers=-1;CPXPARAM_MIP_Cuts_GUBCovers=-1;CPXPARAM_MIP_Cuts_Gomory=0;CPXPARAM_MIP_Cuts_Implied=1;CPXPARAM_MIP_Cuts_MIRCut=1;CPXPARAM_MIP_Cuts_PathCut=1;CPXPARAM_MIP_Limits_AggForCut=3;CPXPARAM_MIP_Limits_CutPasses=0;CPXPARAM_MIP_Limits_CutsFactor=-1;CPXPARAM_MIP_Limits_GomoryCand=800;CPXPARAM_MIP_Limits_GomoryPass=0;CPXPARAM_MIP_Limits_Nodes=9223372036800000000;CPXPARAM_MIP_Limits_ProbeTime=1e+75;CPXPARAM_MIP_Limits_RepairTries=0;CPXPARAM_MIP_Limits_StrongCand=10;CPXPARAM_MIP_Limits_StrongIt=0;CPXPARAM_MIP_OrderType=0;CPXPARAM_MIP_Strategy_BBInterval=7;CPXPARAM_MIP_Strategy_Branch=1;CPXPARAM_MIP_Strategy_Dive=0;CPXPARAM_MIP_Strategy_File=1;CPXPARAM_MIP_Strategy_HeuristicFreq=0;CPXPARAM_MIP_Strategy_LBHeur=0;CPXPARAM_MIP_Strategy_NodeSelect=3;CPXPARAM_MIP_Strategy_Order=1;CPXPARAM_MIP_Strategy_PresolveNode=1;CPXPARAM_MIP_Strategy_Probe=-1;CPXPARAM_MIP_Strategy_RINSHeur=0;CPXPARAM_MIP_Strategy_StartAlgorithm=0;CPXPARAM_MIP_Strategy_SubAlgorithm=0;CPXPARAM_MIP_Strategy_VariableSelect=1;CPXPARAM_Network_NetFind=2;CPXPARAM_Network_Pricing=0;CPXPARAM_Parallel=1;CPXPARAM_Preprocessing_Aggregator=-1;CPXPARAM_Preprocessing_BoundStrength=-1;CPXPARAM_Preprocessing_CoeffReduce=-1;CPXPARAM_Preprocessing_Dependency=-1;CPXPARAM_Preprocessing_Dual=0;CPXPARAM_Preprocessing_Fill=10;CPXPARAM_Preprocessing_NumPass=-1;CPXPARAM_Preprocessing_Presolve=1;CPXPARAM_Preprocessing_QPMakePSD=1;CPXPARAM_Preprocessing_Reduce=3;CPXPARAM_Preprocessing_Relax=-1;CPXPARAM_Preprocessing_RepeatPresolve=-1;CPXPARAM_Preprocessing_Symmetry=-1;CPXPARAM_Read_Scale=0;CPXPARAM_Sifting_Algorithm=0;CPXPARAM_Simplex_Crash=1;CPXPARAM_Simplex_DGradient=0;CPXPARAM_Simplex_Limits_Perturbation=0;CPXPARAM_Simplex_Limits_Singularity=10;CPXPARAM_Simplex_PGradient=0;CPXPARAM_Simplex_Pricing=0;CPXPARAM_Simplex_Refactor=0
4975317039135103531,0,CPXPARAM_Advance=1;CPXPARAM_Barrier_Algorithm=0;CPXPARAM_Barrier_ColNonzeros=0;CPXPARAM_Barrier_Crossover=0;CPXPARAM_Barrier_Limits_Corrections=-1;CPXPARAM_Barrier_Ordering=0;CPXPARAM_Barrier_StartAlg=1;CPXPARAM_Emphasis_MIP=3;CPXPARAM_Emphasis_Memory=0;CPXPARAM_Emphasis_Numerical=0;CPXPARAM_Feasopt_Mode=0;CPXPARAM_LPMethod=0;CPXPARAM_MIP_Cuts_Cliques=-1;CPXPARAM_MIP_Cuts_Covers=2;CPXPARAM_MIP_Cuts_Disjunctive=0;CPXPARAM_MIP_Cuts_FlowCovers=-1;CPXPARAM_MIP_Cuts_GUBCovers=-1;CPXPARAM_MIP_Cuts_Gomory=0;CPXPARAM_MIP_Cuts_Implied=1;CPXPARAM_MIP_Cuts_MIRCut=1;CPXPARAM_MIP_Cuts_PathCut=-1;CPXPARAM_MIP_Limits_AggForCut=5;CPXPARAM_MIP_Limits_CutPasses=0;CPXPARAM_MIP_Limits_CutsFactor=-1;CPXPARAM_MIP_Limits_GomoryCand=200;CPXPARAM_MIP_Limits_GomoryPass=0;CPXPARAM_MIP_Limits_Nodes=9223372036800000000;CPXPARAM_MIP_Limits_ProbeTime=1e+75;CPXPARAM_MIP_Limits_RepairTries=0;CPXPARAM_MIP_Limits_StrongCand=10;CPXPARAM_MIP_Limits_StrongIt=0;CPXPARAM_MIP_OrderType=1;CPXPARAM_MIP_Strategy_BBInterval=7;CPXPARAM_MIP_Strategy_Branch=0;CPXPARAM_MIP_Strategy_Dive=0;CPXPARAM_MIP_Strategy_File=1;CPXPARAM_MIP_Strategy_HeuristicFreq=0;CPXPARAM_MIP_Strategy_LBHeur=0;CPXPARAM_MIP_Strategy_NodeSelect=1;CPXPARAM_MIP_Strategy_Order=1;CPXPARAM_MIP_Strategy_PresolveNode=1;CPXPARAM_MIP_Strategy_Probe=0;CPXPARAM_MIP_Strategy_RINSHeur=0;CPXPARAM_MIP_Strategy_StartAlgorithm=0;CPXPARAM_MIP_Strategy_SubAlgorithm=5;CPXPARAM_MIP_Strategy_VariableSelect=1;CPXPARAM_Network_NetFind=2;CPXPARAM_Network_Pricing=0;CPXPARAM_Parallel=1;CPXPARAM_Preprocessing_Aggregator=-1;CPXPARAM_Preprocessing_BoundStrength=-1;CPXPARAM_Preprocessing_CoeffReduce=-1;CPXPARAM_Preprocessing_Dependency=-1;CPXPARAM_Preprocessing_Dual=0;CPXPARAM_Preprocessing_Fill=40;CPXPARAM_Preprocessing_NumPass=-1;CPXPARAM_Preprocessing_Presolve=1;CPXPARAM_Preprocessing_QPMakePSD=1;CPXPARAM_Preprocessing_Reduce=0;CPXPARAM_Preprocessing_Relax=-1;CPXPARAM_Preprocessing_RepeatPresolve=-1;CPXPARAM_Preprocessing_Symmetry=-1;CPXPARAM_Read_Scale=0;CPXPARAM_Sifting_Algorithm=0;CPXPARAM_Simplex_Crash=1;CPXPARAM_Simplex_DGradient=0;CPXPARAM_Simplex_Limits_Perturbation=0;CPXPARAM_Simplex_Limits_Singularity=10;CPXPARAM_Simplex_PGradient=0;CPXPARAM_Simplex_Pricing=0;CPXPARAM_Simplex_Refactor=0
11696010993278431055,0,CPXPARAM_Advance=1;CPXPARAM_Barrier_Algorithm=0;CPXPARAM_Barrier_ColNonzeros=0;CPXPARAM_Barrier_Crossover=0;CPXPARAM_Barrier_Limits_Corrections=-1;CPXPARAM_Barrier_Ordering=0;CPXPARAM_Barrier_StartAlg=1;CPXPARAM_Emphasis_MIP=1;CPXPARAM_Emphasis_Memory=0;CPXPARAM_Emphasis_Numerical=0;CPXPARAM_Feasopt_Mode=0;CPXPARAM_LPMethod=0;CPXPARAM_MIP_Cuts_Cliques=1;CPXPARAM_MIP_Cuts_Covers=-1;CPXPARAM_MIP_Cuts_Disjunctive=0;CPXPARAM_MIP_Cuts_FlowCovers=2;CPXPARAM_MIP_Cuts_GUBCovers=1;CPXPARAM_MIP_Cuts_Gomory=2;CPXPARAM_MIP_Cuts_Implied=2;CPXPARAM_MIP_Cuts_MIRCut=1;CPXPARAM_MIP_Cuts_PathCut=0;CPXPARAM_MIP_Limits_AggForCut=3;CPXPARAM_MIP_Limits_CutPasses=0;CPXPARAM_MIP_Limits_CutsFactor=-1;CPXPARAM_MIP_Limits_GomoryCand=100;CPXPARAM_MIP_Limits_GomoryPass=0;CPXPARAM_MIP_Limits_Nodes=9223372036800000000;CPXPARAM_MIP_Limits_ProbeTime=1e+75;CPXPARAM_MIP_Limits_RepairTries=0;CPXPARAM_MIP_Limits_StrongCand=10;CPXPARAM_MIP_Limits_StrongIt=0;CPXPARAM_MIP_OrderType=0;CPXPARAM_MIP_Strategy_BBInterval=7;CPXPARAM_MIP_Strategy_Branch=0;CPXPARAM_MIP_Strategy_Dive=0;CPXPARAM_MIP_Strategy_File=1;CPXPARAM_MIP_Strategy_HeuristicFreq=0;CPXPARAM_MIP_Strategy_LBHeur=0;CPXPARAM_MIP_Strategy_NodeSelect=2;CPXPARAM_MIP_Strategy_Order=1;CPXPARAM_MIP_Strategy_PresolveNode=2;CPXPARAM_MIP_Strategy_Probe=-1;CPXPARAM_MIP_Strategy_RINSHeur=0;CPXPARAM_MIP_Strategy_StartAlgorithm=0;CPXPARAM_MIP_Strategy_SubAlgorithm=0;CPXPARAM_MIP_Strategy_VariableSelect=-1;CPXPARAM_Network_NetFind=2;CPXPARAM_Network_Pricing=0;CPXPARAM_Parallel=1;CPXPARAM_Preprocessing_Aggregator=-1;CPXPARAM_Preprocessing_BoundStrength=-1;CPXPARAM_Preprocessing_CoeffReduce=-1;CPXPARAM_Preprocessing_Dependency=-1;CPXPARAM_Preprocessing_Dual=0;CPXPARAM_Preprocessing_Fill=10;CPXPARAM_Preprocessing_NumPass=-1;CPXPARAM_Preprocessing_Presolve=1;CPXPARAM_Preprocessing_QPMakePSD=1;CPXPARAM_Preprocessing_Reduce=3;CPXPARAM_Preprocessing_Relax=-1;CPXPARAM_Preprocessing_RepeatPresolve=-1;CPXPARAM_Preprocessing_Symmetry=-1;CPXPARAM_Read_Scale=0;CPXPARAM_Sifting_Algorithm=0;CPXPARAM_Simplex_Crash=1;CPXPARAM_Simplex_DGradient=0;CPXPARAM_Simplex_Limits_Perturbation=0;CPXPARAM_Simplex_Limits_Singularity=10;CPXPARAM_Simplex_PGradient=0;CPXPARAM_Simplex_Pricing=0;CPXPARAM_Simplex_Refactor=0
15264002553094449601,0,CPXPARAM_Advance=1;CPXPARAM_Barrier_Algorithm=0;CPXPARAM_Barrier_ColNonzeros=0;CPXPARAM_Barrier_Crossover=0;CPXPARAM_Barrier_Limits_Corrections=-1;CPXPARAM_Barrier_Ordering=0;CPXPARAM_Barrier_StartAlg=1;CPXPARAM_Emphasis_MIP=1;CPXPARAM_Emphasis_Memory=0;CPXPARAM_Emphasis_Numerical=0;CPXPARAM_Feasopt_Mode=0;CPXPARAM_LPMethod=0;CPXPARAM_MIP_Cuts_Cliques=1;CPXPARAM_MIP_Cuts_Covers=-1;CPXPARAM_MIP_Cuts_Disjunctive=0;CPXPARAM_MIP_Cuts_FlowCovers=2;CPXPARAM_MIP_Cuts_GUBCovers=1;CPXPARAM_MIP_Cuts_Gomory=2;CPXPARAM_MIP_Cuts_Implied=2;CPXPARAM_MIP_Cuts_MIRCut=1;CPXPARAM_MIP_Cuts_PathCut=0;CPXPARAM_MIP_Limits_AggForCut=3;CPXPARAM_MIP_Limits_CutPasses=0;CPXPARAM_MIP_Limits_CutsFactor=-1;CPXPARAM_MIP_Limits_GomoryCand=100;CPXPARAM_MIP_Limits_GomoryPass=0;CPXPARAM_MIP_Limits_Nodes=9223372036800000000;CPXPARAM_MIP_Limits_ProbeTime=1e+75;CPXPARAM_MIP_Limits_RepairTries=0;CPXPARAM_MIP_Limits_StrongCand=10;CPXPARAM_MIP_Limits_StrongIt=0;CPXPARAM_MIP_OrderType=0;CPXPARAM_MIP_Strategy_BBInterval=7;CPXPARAM_MIP_Strategy_Branch=0;CPXPARAM_MIP_Strategy_Dive=0;CPXPARAM_MIP_Strategy_File=1;CPXPARAM_MIP_Strategy_HeuristicFreq=0;CPXPARAM_MIP_Strategy_LBHeur=0;CPXPARAM_MIP_Strategy_NodeSelect=2;CPXPARAM_MIP_Strategy_Order=1;CPXPARAM_MIP_Strategy_PresolveNode=3;CPXPARAM_MIP_Strategy_Probe=-1;CPXPARAM_MIP_Strategy_RINSHeur=0;CPXPARAM_MIP_Strategy_StartAlgorithm=0;CPXPARAM_MIP_Strategy_SubAlgorithm=0;CPXPARAM_MIP_Strategy_VariableSelect=-1;CPXPARAM_Network_NetFind=2;CPXPARAM_Network_Pricing=0;CPXPARAM_Parallel=1;CPXPARAM_Preprocessing_Aggregator=-1;CPXPARAM_Preprocessing_BoundStrength=-1;CPXPARAM_Preprocessing_CoeffReduce=-1;CPXPARAM_Preprocessing_Dependency=-1;CPXPARAM_Preprocessing_Dual=0;CPXPARAM_Preprocessing_Fill=10;CPXPARAM_Preprocessing_NumPass=-1;CPXPARAM_Preprocessing_Presolve=1;CPXPARAM_Preprocessing_QPMakePSD=1;CPXPARAM_Preprocessing_Reduce=3;CPXPARAM_Preprocessing_Relax=-1;CPXPARAM_Preprocessing_RepeatPresolve=-1;CPXPARAM_Preprocessing_Symmetry=-1;CPXPARAM_Read_Scale=0;CPXPARAM_Sifting_Algorithm=0;CPXPARAM_Simplex_Crash=1;CPXPARAM_Simplex_DGradient=0;CPXPARAM_Simplex_Limits_Perturbation=0;CPXPARAM_Simplex_Limits_Singularity=10;CPXPARAM_Simplex_PGradient=0;CPXPARAM_Simplex_Pricing=0;CPXPARAM_Simplex_Refactor=0
6162073506320929192,0,CPXPARAM_Advance=1;CPXPARAM_Barrier_Algorithm=0;CPXPARAM_Barrier_ColNonzeros=0;CPXPARAM_Barrier_Crossover=0;CPXPARAM_Barrier_Limits_Corrections=-1;CPXPARAM_Barrier_Ordering=0;CPXPARAM_Barrier_StartAlg=1;CPXPARAM_Emphasis_MIP=5;CPXPARAM_Emphasis_Memory=0;CPXPARAM_Emphasis_Numerical=0;CPXPARAM_Feasopt_Mode=0;CPXPARAM_LPMethod=0;CPXPARAM_MIP_Cuts_Cliques=0;CPXPARAM_MIP_Cuts_Covers=3;CPXPARAM_MIP_Cuts_Disjunctive=-1;CPXPARAM_MIP_Cuts_FlowCovers=-1;CPXPARAM_MIP_Cuts_GUBCovers=-1;CPXPARAM_MIP_Cuts_Gomory=0;CPXPARAM_MIP_Cuts_Implied=1;CPXPARAM_MIP_Cuts_MIRCut=2;CPXPARAM_MIP_Cuts_PathCut=1;CPXPARAM_MIP_Limits_AggForCut=3;CPXPARAM_MIP_Limits_CutPasses=0;CPXPARAM_MIP_Limits_CutsFactor=-1;CPXPARAM_MIP_Limits_GomoryCand=800;CPXPARAM_MIP_Limits_GomoryPass=0;CPXPARAM_MIP_Limits_Nodes=9223372036800000000;CPXPARAM_MIP_Limits_ProbeTime=1e+75;CPXPARAM_MIP_Limits_RepairTries=0;CPXPARAM_MIP_Limits_StrongCand=10;CPXPARAM_MIP_Limits_StrongIt=0;CPXPARAM_MIP_OrderType=0;CPXPARAM_MIP_Strategy_BBInterval=7;CPXPARAM_MIP_Strategy_Branch=1;CPXPARAM_MIP_Strategy_Dive=0;CPXPARAM_MIP_Strategy_File=1;CPXPARAM_MIP_Strategy_HeuristicFreq=0;CPXPARAM_MIP_Strategy_LBHeur=0;CPXPARAM_MIP_Strategy_NodeSelect=0;CPXPARAM_MIP_Strategy_Order=1;CPXPARAM_MIP_Strategy_PresolveNode=1;CPXPARAM_MIP_Strategy_Probe=-1;CPXPARAM_MIP_Strategy_RINSHeur=0;CPXPARAM_MIP_Strategy_StartAlgorithm=0;CPXPARAM_MIP_Strategy_SubAlgorithm=0;CPXPARAM_MIP_Strategy_VariableSelect=1;CPXPARAM_Network_NetFind=2;CPXPARAM_Network_Pricing=0;CPXPARAM_Parallel=1;CPXPARAM_Preprocessing_Aggregator=-1;CPXPARAM_Preprocessing_BoundStrength=-1;CPXPARAM_Preprocessing_CoeffReduce=-1;CPXPARAM_Preprocessing_Dependency=-1;CPXPARAM_Preprocessing_Dual=0;CPXPARAM_Preprocessing_Fill=10;CPXPARAM_Preprocessing_NumPass=-1;CPXPARAM_Preprocessing_Presolve=1;CPXPARAM_Preprocessing_QPMakePSD=1;CPXPARAM_Preprocessing_Reduce=3;CPXPARAM_Preprocessing_Relax=-1;CPXPARAM_Preprocessing_RepeatPresolve=-1;CPXPARAM_Preprocessing_Symmetry=-1;CPXPARAM_Read_Scale=0;CPXPARAM_Sifting_Algorithm=0;CPXPARAM_Simplex_Crash=1;CPXPARAM_Simplex_DGradient=0;CPXPARAM_Simplex_Limits_Perturbation=0;CPXPARAM_Simplex_Limits_Singularity=10;CPXPARAM_Simplex_PGradient=0;CPXPARAM_Simplex_Pricing=0;CPXPARAM_Simplex_Refactor=0
2778869650751621852,0,CPXPARAM_Advance=1;CPXPARAM_Barrier_Algorithm=0;CPXPARAM_Barrier_ColNonzeros=0;CPXPARAM_Barrier_Crossover=0;CPXPARAM_Barrier_Limits_Corrections=-1;CPXPARAM_Barrier_Ordering=0;CPXPARAM_Barrier_StartAlg=1;CPXPARAM_Emphasis_MIP=0;CPXPARAM_Emphasis_Memory=0;CPXPARAM_Emphasis_Numerical=0;CPXPARAM_Feasopt_Mode=0;CPXPARAM_LPMethod=0;CPXPARAM_MIP_Cuts_Cliques=3;CPXPARAM_MIP_Cuts_Covers=3;CPXPARAM_MIP_Cuts_Disjunctive=1;CPXPARAM_MIP_Cuts_FlowCovers=0;CPXPARAM_MIP_Cuts_GUBCovers=0;CPXPARAM_MIP_Cuts_Gomory=0;CPXPARAM_MIP_Cuts_Implied=1;CPXPARAM_MIP_Cuts_MIRCut=2;CPXPARAM_MIP_Cuts_PathCut=2;CPXPARAM_MIP_Limits_AggForCut=3;CPXPARAM_MIP_Limits_CutPasses=0;CPXPARAM_MIP_Limits_CutsFactor=-1;CPXPARAM_MIP_Limits_GomoryCand=200;CPXPARAM_MIP_Limits_GomoryPass=0;CPXPARAM_MIP_Limits_Nodes=9223372036800000000;CPXPARAM_MIP_Limits_ProbeTime=1e+75;CPXPARAM_MIP_Limits_RepairTries=0;CPXPARAM_MIP_Limits_StrongCand=10;CPXPARAM_MIP_Limits_StrongIt=0;CPXPARAM_MIP_OrderType=0;CPXPARAM_MIP_Strategy_BBInterval=7;CPXPARAM_MIP_Strategy_Branch=0;CPXPARAM_MIP_Strategy_Dive=0;CPXPARAM_MIP_Strategy_File=1;CPXPARAM_MIP_Strategy_HeuristicFreq=0;CPXPARAM_MIP_Strategy_LBHeur=0;CPXPARAM_MIP_Strategy_NodeSelect=2;CPXPARAM_MIP_Strategy_Order=1;CPXPARAM_MIP_Strategy_PresolveNode=2;CPXPARAM_MIP_Strategy_Probe=1;CPXPARAM_MIP_Strategy_RINSHeur=0;CPXPARAM_MIP_Strategy_StartAlgorithm=0;CPXPARAM_MIP_Strategy_SubAlgorithm=0;CPXPARAM_MIP_Strategy_VariableSelect=3;CPXPARAM_Network_NetFind=2;CPXPARAM_Network_Pricing=0;CPXPARAM_Parallel=1;CPXPARAM_Preprocessing_Aggregator=-1;CPXPARAM_Preprocessing_BoundStrength=-1;CPXPARAM_Preprocessing_CoeffReduce=-1;CPXPARAM_Preprocessing_Dependency=-1;CPXPARAM_Preprocessing_Dual=0;CPXPARAM_Preprocessing_Fill=10;CPXPARAM_Preprocessing_NumPass=-1;CPXPARAM_Preprocessing_Presolve=1;CPXPARAM_Preprocessing_QPMakePSD=1;CPXPARAM_Preprocessing_Reduce=3;CPXPARAM_Preprocessing_Relax=-1;CPXPARAM_Preprocessing_RepeatPresolve=-1;CPXPARAM_Preprocessing_Symmetry=-1;CPXPARAM_Read_Scale=0;CPXPARAM_Sifting_Algorithm=0;CPXPARAM_Simplex_Crash=1;CPXPARAM_Simplex_DGradient=0;CPXPARAM_Simplex_Limits_Perturbation=0;CPXPARAM_Simplex_Limits_Singularity=10;CPXPARAM_Simplex_PGradient=0;CPXPARAM_Simplex_Pricing=0;CPXPARAM_Simplex_Refactor=0
12398149419081695280,0,CPXPARAM_Advance=1;CPXPARAM_Barrier_Algorithm=0;CPXPARAM_Barrier_ColNonzeros=0;CPXPARAM_Barrier_Crossover=0;CPXPARAM_Barrier_Limits_Corrections=-1;CPXPARAM_Barrier_Ordering=0;CPXPARAM_Barrier_StartAlg=1;CPXPARAM_Emphasis_MIP=5;CPXPARAM_Emphasis_Memory=0;CPXPARAM_Emphasis_Numerical=0;CPXPARAM_Feasopt_Mode=0;CPXPARAM_LPMethod=0;CPXPARAM_MIP_Cuts_Cliques=-1;CPXPARAM_MIP_Cuts_Covers=1;CPXPARAM_MIP_Cuts_Disjunctive=-1;CPXPARAM_MIP_Cuts_FlowCovers=-1;CPXPARAM_MIP_Cuts_GUBCovers=0;CPXPARAM_MIP_Cuts_Gomory=0;CPXPARAM_MIP_Cuts_Implied=-1;CPXPARAM_MIP_Cuts_MIRCut=1;CPXPARAM_MIP_Cuts_PathCut=2;CPXPARAM_MIP_Limits_AggForCut=3;CPXPARAM_MIP_Limits_CutPasses=0;CPXPARAM_MIP_Limits_CutsFactor=-1;CPXPARAM_MIP_Limits_GomoryCand=800;CPXPARAM_MIP_Limits_GomoryPass=0;CPXPARAM_MIP_Limits_Nodes=9223372036800000000;CPXPARAM_MIP_Limits_ProbeTime=1e+75;CPXPARAM_MIP_Limits_RepairTries=0;CPXPARAM_MIP_Limits_StrongCand=10;CPXPARAM_MIP_Limits_StrongIt=0;CPXPARAM_MIP_OrderType=0;CPXPARAM_MIP_Strategy_BBInterval=7;CPXPARAM_MIP_Strategy_Branch=0;CPXPARAM_MIP_Strategy_Dive=0;CPXPARAM_MIP_Strategy_File=1;CPXPARAM_MIP_Strategy_HeuristicFreq=0;CPXPARAM_MIP_Strategy_LBHeur=0;CPXPARAM_MIP_Strategy_NodeSelect=2;CPXPARAM_MIP_Strategy_Order=1;CPXPARAM_MIP_Strategy_PresolveNode=1;CPXPARAM_MIP_Strategy_Probe=3;CPXPARAM_MIP_Strategy_RINSHeur=0;CPXPARAM_MIP_Strategy_StartAlgorithm=0;CPXPARAM_MIP_Strategy_SubAlgorithm=0;CPXPARAM_MIP_Strategy_VariableSelect=-1;CPXPARAM_Network_NetFind=2;CPXPARAM_Network_Pricing=0;CPXPARAM_Parallel=1;CPXPARAM_Preprocessing_Aggregator=-1;CPXPARAM_Preprocessing_BoundStrength=-1;CPXPARAM_Preprocessing_CoeffReduce=-1;CPXPARAM_Preprocessing_Dependency=-1;CPXPARAM_Preprocessing_Dual=0;CPXPARAM_Preprocessing_Fill=5;CPXPARAM_Preprocessing_NumPass=-1;CPXPARAM_Preprocessing_Presolve=1;CPXPARAM_Preprocessing_QPMakePSD=1;CPXPARAM_Preprocessing_Reduce=3;CPXPARAM_Preprocessing_Relax=-1;CPXPARAM_Preprocessing_RepeatPresolve=-1;CPXPARAM_Preprocessing_Symmetry=-1;CPXPARAM_Read_Scale=0;CPXPARAM_Sifting_Algorithm=0;CPXPARAM_Simplex_Crash=1;CPXPARAM_Simplex_DGradient=0;CPXPARAM_Simplex_Limits_Perturbation=0;CPXPARAM_Simplex_Limits_Singularity=10;CPXPARAM_Simplex_PGradient=0;CPXPARAM_Simplex_Pricing=0;CPXPARAM_Simplex_Refactor=0
1931131810171905705,0,CPXPARAM_Advance=1;CPXPARAM_Barrier_Algorithm=0;CPXPARAM_Barrier_ColNonzeros=0;CPXPARAM_Barrier_Crossover=0;CPXPARAM_Barrier_Limits_Corrections=-1;CPXPARAM_Barrier_Ordering=0;CPXPARAM_Barrier_StartAlg=1;CPXPARAM_Emphasis_MIP=0;CPXPARAM_Emphasis_Memory=0;CPXPARAM_Emphasis_Numerical=0;CPXPARAM_Feasopt_Mode=0;CPXPARAM_LPMethod=0;CPXPARAM_MIP_Cuts_Cliques=3;CPXPARAM_MIP_Cuts_Covers=3;CPXPARAM_MIP_Cuts_Disjunctive=1;CPXPARAM_MIP_Cuts_FlowCovers=0;CPXPARAM_MIP_Cuts_GUBCovers=0;CPXPARAM_MIP_Cuts_Gomory=-1;CPXPARAM_MIP_Cuts_Implied=1;CPXPARAM_MIP_Cuts_MIRCut=2;CPXPARAM_MIP_Cuts_PathCut=2;CPXPARAM_MIP_Limits_AggForCut=3;CPXPARAM_MIP_Limits_CutPasses=0;CPXPARAM_MIP_Limits_CutsFactor=-1;CPXPARAM_MIP_Limits_GomoryCand=200;CPXPARAM_MIP_Limits_GomoryPass=0;CPXPARAM_MIP_Limits_Nodes=9223372036800000000;CPXPARAM_MIP_Limits_ProbeTime=1e+75;CPXPARAM_MIP_Limits_RepairTries=0;CPXPARAM_MIP_Limits_StrongCand=10;CPXPARAM_MIP_Limits_StrongIt=0;CPXPARAM_MIP_OrderType=0;CPXPARAM_MIP_Strategy_BBInterval=7;CPXPARAM_MIP_Strategy_Branch=0;CPXPARAM_MIP_Strategy_Dive=0;CPXPARAM_MIP_Strategy_File=1;CPXPARAM_MIP_Strategy_HeuristicFreq=0;CPXPARAM_MIP_Strategy_LBHeur=0;CPXPARAM_MIP_Strategy_NodeSelect=2;CPXPARAM_MIP_Strategy_Order=1;CPXPARAM_MIP_Strategy_PresolveNode=2;CPXPARAM_MIP_Strategy_Probe=1;CPXPARAM_MIP_Strategy_RINSHeur=0;CPXPARAM_MIP_Strategy_StartAlgorithm=0;CPXPARAM_MIP_Strategy_SubAlgorithm=0;CPXPARAM_MIP_Strategy_VariableSelect=3;CPXPARAM_Network_NetFind=2;CPXPARAM_Network_Pricing=0;CPXPARAM_Parallel=1;CPXPARAM_Preprocessing_Aggregator=-1;CPXPARAM_Preprocessing_BoundStrength=-1;CPXPARAM_Preprocessing_CoeffReduce=-1;CPXPARAM_Preprocessing_Dependency=-1;CPXPARAM_Preprocessing_Dual=0;CPXPARAM_Preprocessing_Fill=10;CPXPARAM_Preprocessing_NumPass=-1;CPXPARAM_Preprocessing_Presolve=1;CPXPARAM_Preprocessing_QPMakePSD=1;CPXPARAM_Preprocessing_Reduce=3;CPXPARAM_Preprocessing_Relax=-1;CPXPARAM_Preprocessing_RepeatPresolve=-1;CPXPARAM_Preprocessing_Symmetry=-1;CPXPARAM_Read_Scale=0;CPXPARAM_Sifting_Algorithm=0;CPXPARAM_Simplex_Crash=1;CPXPARAM_Simplex_DGradient=0;CPXPARAM_Simplex_Limits_Perturbation=0;CPXPARAM_Simplex_Limits_Singularity=10;CPXPARAM_Simplex_PGradient=0;CPXPARAM_Simplex_Pricing=0;CPXPARAM_Simplex_Refactor=0
5420736045286685202,0,CPXPARAM_Advance=1;CPXPARAM_Barrier_Algorithm=0;CPXPARAM_Barrier_ColNonzeros=0;CPXPARAM_Barrier_Crossover=0;CPXPARAM_Barrier_Limits_Corrections=-1;CPXPARAM_Barrier_Ordering=0;CPXPARAM_Barrier_StartAlg=1;CPXPARAM_Emphasis_MIP=2;CPXPARAM_Emphasis_Memory=0;CPXPARAM_Emphasis_Numerical=0;CPXPARAM_Feasopt_Mode=0;CPXPARAM_LPMethod=0;CPXPARAM_MIP_Cuts_Cliques=3;CPXPARAM_MIP_Cuts_Covers=0;CPXPARAM_MIP_Cuts_Disjunctive=1;CPXPARAM_MIP_Cuts_FlowCovers=2;CPXPARAM_MIP_Cuts_GUBCovers=1;CPXPARAM_MIP_Cuts_Gomory=0;CPXPARAM_MIP_Cuts_Implied=-1;CPXPARAM_MIP_Cuts_MIRCut=-1;CPXPARAM_MIP_Cuts_PathCut=-1;CPXPARAM_MIP_Limits_AggForCut=3;CPXPARAM_MIP_Limits_CutPasses=0;CPXPARAM_MIP_Limits_CutsFactor=-1;CPXPARAM_MIP_Limits_GomoryCand=400;CPXPARAM_MIP_Limits_GomoryPass=0;CPXPARAM_MIP_Limits_Nodes=9223372036800000000;CPXPARAM_MIP_Limits_ProbeTime=1e+75;CPXPARAM_MIP_Limits_RepairTries=0;CPXPARAM_MIP_Limits_StrongCand=10;CPXPARAM_MIP_Limits_StrongIt=0;CPXPARAM_MIP_OrderType=0;CPXPARAM_MIP_Strategy_BBInterval=7;CPXPARAM_MIP_Strategy_Branch=0;CPXPARAM_MIP_Strategy_Dive=0;CPXPARAM_MIP_Strategy_File=1;CPXPARAM_MIP_Strategy_HeuristicFreq=0;CPXPARAM_MIP_Strategy_LBHeur=0;CPXPARAM_MIP_Strategy_NodeSelect=1;CPXPARAM_MIP_Strategy_Order=1;CPXPARAM_MIP_Strategy_PresolveNode=0;CPXPARAM_MIP_Strategy_Probe=0;CPXPARAM_MIP_Strategy_RINSHeur=0;CPXPARAM_MIP_Strategy_StartAlgorithm=0;CPXPARAM_MIP_Strategy_SubAlgorithm=0;CPXPARAM_MIP_Strategy_VariableSelect=0;CPXPARAM_Network_NetFind=2;CPXPARAM_Network_Pricing=0;CPXPARAM_Parallel=1;CPXPARAM_Preprocessing_Aggregator=-1;CPXPARAM_Preprocessing_BoundStrength=-1;CPXPARAM_Preprocessing_CoeffReduce=-1;CPXPARAM_Preprocessing_Dependency=-1;CPXPARAM_Preprocessing_Dual=0;CPXPARAM_Preprocessing_Fill=10;CPXPARAM_Preprocessing_NumPass=-1;CPXPARAM_Preprocessing_Presolve=1;CPXPARAM_Preprocessing_QPMakePSD=1;CPXPARAM_Preprocessing_Reduce=3;CPXPARAM_Preprocessing_Relax=-1;CPXPARAM_Preprocessing_RepeatPresolve=-1;CPXPARAM_Preprocessing_Symmetry=-1;CPXPARAM_Read_Scale=0;CPXPARAM_Sifting_Algorithm=0;CPXPARAM_Simplex_Crash=1;CPXPARAM_Simplex_DGradient=0;CPXPARAM_Simplex_Limits_Perturbation=0;CPXPARAM_Simplex_Limits_Singularity=10;CPXPARAM_Simplex_PGradient=0;CPXPARAM_Simplex_Pricing=0;CPXPARAM_Simplex_Refactor=0
14860077289915337115,0,CPXPARAM_Advance=1;CPXPARAM_Barrier_Algorithm=0;CPXPARAM_Barrier_ColNonzeros=0;CPXPARAM_Barrier_Crossover=0;CPXPARAM_Barrier_Limits_Corrections=-1;CPXPARAM_Barrier_Ordering=0;CPXPARAM_Barrier_StartAlg=1;CPXPARAM_Emphasis_MIP=3;CPXPARAM_Emphasis_Memory=0;CPXPARAM_Emphasis_Numerical=0;CPXPARAM_Feasopt_Mode=0;CPXPARAM_LPMethod=0;CPXPARAM_MIP_Cuts_Cliques=3;CPXPARAM_MIP_Cuts_Covers=3;CPXPARAM_MIP_Cuts_Disjunctive=1;CPXPARAM_MIP_Cuts_FlowCovers=0;CPXPARAM_MIP_Cuts_GUBCovers=0;CPXPARAM_MIP_Cuts_Gomory=-1;CPXPARAM_MIP_Cuts_Implied=1;CPXPARAM_MIP_Cuts_MIRCut=2;CPXPARAM_MIP_Cuts_PathCut=2;CPXPARAM_MIP_Limits_AggForCut=3;CPXPARAM_MIP_Limits_CutPasses=0;CPXPARAM_MIP_Limits_CutsFactor=-1;CPXPARAM_MIP_Limits_GomoryCand=200;CPXPARAM_MIP_Limits_GomoryPass=0;CPXPARAM_MIP_Limits_Nodes=9223372036800000000;CPXPARAM_MIP_Limits_ProbeTime=1e+75;CPXPARAM_MIP_Limits_RepairTries=0;CPXPARAM_MIP_Limits_StrongCand=10;CPXPARAM_MIP_Limits_StrongIt=0;CPXPARAM_MIP_OrderType=0;CPXPARAM_MIP_Strategy_BBInterval=7;CPXPARAM_MIP_Strategy_Branch=0;CPXPARAM_MIP_Strategy_Dive=0;CPXPARAM_MIP_Strategy_File=1;CPXPARAM_MIP_Strategy_HeuristicFreq=0;CPXPARAM_MIP_Strategy_LBHeur=0;CPXPARAM_MIP_Strategy_NodeSelect=2;CPXPARAM_MIP_Strategy_Order=1;CPXPARAM_MIP_Strategy_PresolveNode=2;CPXPARAM_MIP_Strategy_Probe=1;CPXPARAM_MIP_Strategy_RINSHeur=0;CPXPARAM_MIP_Strategy_StartAlgorithm=0;CPXPARAM_MIP_Strategy_SubAlgorithm=0;CPXPARAM_MIP_Strategy_VariableSelect=3;CPXPARAM_Network_NetFind=2;CPXPARAM_Network_Pricing=0;CPXPARAM_Parallel=1;CPXPARAM_Preprocessing_Aggregator=-1;CPXPARAM_Preprocessing_BoundStrength=-1;CPXPARAM_Preprocessing_CoeffReduce=-1;CPXPARAM_Preprocessing_Dependency=-1;CPXPARAM_Preprocessing_Dual=0;CPXPARAM_Preprocessing_Fill=10;CPXPARAM_Preprocessing_NumPass=-1;CPXPARAM_Preprocessing_Presolve=1;CPXPARAM_Preprocessing_QPMakePSD=1;CPXPARAM_Preprocessing_Reduce=3;CPXPARAM_Preprocessing_Relax=-1;CPXPARAM_Preprocessing_RepeatPresolve=-1;CPXPARAM_Preprocessing_Symmetry=-1;CPXPARAM_Read_Scale=0;CPXPARAM_Sifting_Algorithm=0;CPXPARAM_Simplex_Crash=1;CPXPARAM_Simplex_DGradient=0;CPXPARAM_Simplex_Limits_Perturbation=0;CPXPARAM_Simplex_Limits_Singularity=10;CPXPARAM_Simplex_PGradient=0;CPXPARAM_Simplex_Pricing=0;CPXPARAM_Simplex_Refactor=0
1097688796369564570,0,CPXPARAM_Advance=1;CPXPARAM_Barrier_Algorithm=0;CPXPARAM_Barrier_ColNonzeros=0;CPXPARAM_Barrier_Crossover=0;CPXPARAM_Barrier_Limits_Corrections=-1;CPXPARAM_Barrier_Ordering=0;CPXPARAM_Barrier_StartAlg=1;CPXPARAM_Emphasis_MIP=3;CPXPARAM_Emphasis_Memory=0;CPXPARAM_Emphasis_Numerical=0;CPXPARAM_Feasopt_Mode=0;CPXPARAM_LPMethod=0;CPXPARAM_MIP_Cuts_Cliques=1;CPXPARAM_MIP_Cuts_Covers=2;CPXPARAM_MIP_Cuts_Disjunctive=1;CPXPARAM_MIP_Cuts_FlowCovers=-1;CPXPARAM_MIP_Cuts_GUBCovers=0;CPXPARAM_MIP_Cuts_Gomory=-1;CPXPARAM_MIP_Cuts_Implied=-1;CPXPARAM_MIP_Cuts_MIRCut=-1;CPXPARAM_MIP_Cuts_PathCut=2;CPXPARAM_MIP_Limits_AggForCut=3;CPXPARAM_MIP_Limits_CutPasses=0;CPXPARAM_MIP_Limits_CutsFactor=-1;CPXPARAM_MIP_Limits_GomoryCand=10;CPXPARAM_MIP_Limits_GomoryPass=0;CPXPARAM_MIP_Limits_Nodes=9223372036800000000;CPXPARAM_MIP_Limits_ProbeTime=1e+75;CPXPARAM_MIP_Limits_RepairTries=0;CPXPARAM_MIP_Limits_StrongCand=10;CPXPARAM_MIP_Limits_StrongIt=0;CPXPARAM_MIP_OrderType=0;CPXPARAM_MIP_Strategy_BBInterval=7;CPXPARAM_MIP_Strategy_Branch=1;CPXPARAM_MIP_Strategy_Dive=0;CPXPARAM_MIP_Strategy_File=1;CPXPARAM_MIP_Strategy_HeuristicFreq=0;CPXPARAM_MIP_Strategy_LBHeur=0;CPXPARAM_MIP_Strategy_NodeSelect=1;CPXPARAM_MIP_Strategy_Order=1;CPXPARAM_MIP_Strategy_PresolveNode=0;CPXPARAM_MIP_Strategy_Probe=-1;CPXPARAM_MIP_Strategy_RINSHeur=0;CPXPARAM_MIP_Strategy_StartAlgorithm=0;CPXPARAM_MIP_Strategy_SubAlgorithm=0;CPXPARAM_MIP_Strategy_VariableSelect=0;CPXPARAM_Network_NetFind=2;CPXPARAM_Network_Pricing=0;CPXPARAM_Parallel=1;CPXPARAM_Preprocessing_Aggregator=-1;CPXPARAM_Preprocessing_BoundStrength=-1;CPXPARAM_Preprocessing_CoeffReduce=-1;CPXPARAM_Preprocessing_Dependency=-1;CPXPARAM_Preprocessing_Dual=0;CPXPARAM_Preprocessing_Fill=10;CPXPARAM_Preprocessing_NumPass=-1;CPXPARAM_Preprocessing_Presolve=1;CPXPARAM_Preprocessing_QPMakePSD=1;CPXPARAM_Preprocessing_Reduce=3;CPXPARAM_Preprocessing_Relax=-1;CPXPARAM_Preprocessing_RepeatPresolve=-1;CPXPARAM_Preprocessing_Symmetry=-1;CPXPARAM_Read_Scale=0;CPXPARAM_Sifting_Algorithm=0;CPXPARAM_Simplex_Crash=1;CPXPARAM_Simplex_DGradient=0;CPXPARAM_Simplex_Limits_Perturbation=0;CPXPARAM_Simplex_Limits_Singularity=10;CPXPARAM_Simplex_PGradient=0;CPXPARAM_Simplex_Pricing=0;CPXPARAM_Simplex_Refactor=0
13803056519505953138,0,CPXPARAM_Advance=1;CPXPARAM_Barrier_Algorithm=0;CPXPARAM_Barrier_ColNonzeros=0;CPXPARAM_Barrier_Crossover=0;CPXPARAM_Barrier_Limits_Corrections=-1;CPXPARAM_Barrier_Ordering=0;CPXPARAM_Barrier_StartAlg=1;CPXPARAM_Emphasis_MIP=0;CPXPARAM_Emphasis_Memory=0;CPXPARAM_Emphasis_Numerical=0;CPXPARAM_Feasopt_Mode=0;CPXPARAM_LPMethod=0;CPXPARAM_MIP_Cuts_Cliques=3;CPXPARAM_MIP_Cuts_Covers=3;CPXPARAM_MIP_Cuts_Disjunctive=1;CPXPARAM_MIP_Cuts_FlowCovers=0;CPXPARAM_MIP_Cuts_GUBCovers=0;CPXPARAM_MIP_Cuts_Gomory=-1;CPXPARAM_MIP_Cuts_Implied=1;CPXPARAM_MIP_Cuts_MIRCut=2;CPXPARAM_MIP_Cuts_PathCut=0;CPXPARAM_MIP_Limits_AggForCut=3;CPXPARAM_MIP_Limits_CutPasses=0;CPXPARAM_MIP_Limits_CutsFactor=-1;CPXPARAM_MIP_Limits_GomoryCand=200;CPXPARAM_MIP_Limits_GomoryPass=0;CPXPARAM_MIP_Limits_Nodes=9223372036800000000;CPXPARAM_MIP_Limits_ProbeTime=1e+75;CPXPARAM_MIP_Limits_RepairTries=0;CPXPARAM_MIP_Limits_StrongCand=10;CPXPARAM_MIP_Limits_StrongIt=0;CPXPARAM_MIP_OrderType=0;CPXPARAM_MIP_Strategy_BBInterval=7;CPXPARAM_MIP_Strategy_Branch=0;CPXPARAM_MIP_Strategy_Dive=0;CPXPARAM_MIP_Strategy_File=1;CPXPARAM_MIP_Strategy_HeuristicFreq=0;CPXPARAM_MIP_Strategy_LBHeur=0;CPXPARAM_MIP_Strategy_NodeSelect=2;CPXPARAM_MIP_Strategy_Order=1;CPXPARAM_MIP_Strategy_PresolveNode=2;CPXPARAM_MIP_Strategy_Probe=1;CPXPARAM_MIP_Strategy_RINSHeur=0;CPXPARAM_MIP_Strategy_StartAlgorithm=0;CPXPARAM_MIP_Strategy_SubAlgorithm=0;CPXPARAM_MIP_Strategy_VariableSelect=3;CPXPARAM_Network_NetFind=2;CPXPARAM_Network_Pricing=0;CPXPARAM_Parallel=1;CPXPARAM_Preprocessing_Aggregator=-1;CPXPARAM_Preprocessing_BoundStrength=-1;CPXPARAM_Preprocessing_CoeffReduce=-1;CPXPARAM_Preprocessing_Dependency=-1;CPXPARAM_Preprocessing_Dual=0;CPXPARAM_Preprocessing_Fill=10;CPXPARAM_Preprocessing_NumPass=-1;CPXPARAM_Preprocessing_Presolve=1;CPXPARAM_Preprocessing_QPMakePSD=1;CPXPARAM_Preprocessing_Reduce=3;CPXPARAM_Preprocessing_Relax=-1;CPXPARAM_Preprocessing_RepeatPresolve=-1;CPXPARAM_Preprocessing_Symmetry=-1;CPXPARAM_Read_Scale=0;CPXPARAM_Sifting_Algorithm=0;CPXPARAM_Simplex_Crash=1;CPXPARAM_Simplex_DGradient=0;CPXPARAM_Simplex_Limits_Perturbation=0;CPXPARAM_Simplex_Limits_Singularity=10;CPXPARAM_Simplex_PGradient=0;CPXPARAM_Simplex_Pricing=0;CPXPARAM_Simplex_Refactor=0
17234329344863140381,0,CPXPARAM_Advance=1;CPXPARAM_Barrier_Algorithm=0;CPXPARAM_Barrier_ColNonzeros=0;CPXPARAM_Barrier_Crossover=0;CPXPARAM_Barrier_Limits_Corrections=-1;CPXPARAM_Barrier_Ordering=0;CPXPARAM_Barrier_StartAlg=1;CPXPARAM_Emphasis_MIP=0;CPXPARAM_Emphasis_Memory=0;CPXPARAM_Emphasis_Numerical=0;CPXPARAM_Feasopt_Mode=0;CPXPARAM_LPMethod=0;CPXPARAM_MIP_Cuts_Cliques=-1;CPXPARAM_MIP_Cuts_Covers=-1;CPXPARAM_MIP_Cuts_Disjunctive=0;CPXPARAM_MIP_Cuts_FlowCovers=2;CPXPARAM_MIP_Cuts_GUBCovers=1;CPXPARAM_MIP_Cuts_Gomory=1;CPXPARAM_MIP_Cuts_Implied=1;CPXPARAM_MIP_Cuts_MIRCut=1;CPXPARAM_MIP_Cuts_PathCut=0;CPXPARAM_MIP_Limits_AggForCut=3;CPXPARAM_MIP_Limits_CutPasses=0;CPXPARAM_MIP_Limits_CutsFactor=-1;CPXPARAM_MIP_Limits_GomoryCand=50;CPXPARAM_MIP_Limits_GomoryPass=0;CPXPARAM_MIP_Limits_Nodes=9223372036800000000;CPXPARAM_MIP_Limits_ProbeTime=1e+75;CPXPARAM_MIP_Limits_RepairTries=0;CPXPARAM_MIP_Limits_StrongCand=10;CPXPARAM_MIP_Limits_StrongIt=0;CPXPARAM_MIP_OrderType=0;CPXPARAM_MIP_Strategy_BBInterval=7;CPXPARAM_MIP_Strategy_Branch=0;CPXPARAM_MIP_Strategy_Dive=0;CPXPARAM_MIP_Strategy_File=1;CPXPARAM_MIP_Strategy_HeuristicFreq=0;CPXPARAM_MIP_Strategy_LBHeur=0;CPXPARAM_MIP_Strategy_NodeSelect=3;CPXPARAM_MIP_Strategy_Order=1;CPXPARAM_MIP_Strategy_PresolveNode=3;CPXPARAM_MIP_Strategy_Probe=1;CPXPARAM_MIP_Strategy_RINSHeur=0;CPXPARAM_MIP_Strategy_StartAlgorithm=0;CPXPARAM_MIP_Strategy_SubAlgorithm=2;CPXPARAM_MIP_Strategy_VariableSelect=2;CPXPARAM_Network_NetFind=2;CPXPARAM_Network_Pricing=0;CPXPARAM_Parallel=1;CPXPARAM_Preprocessing_Aggregator=-1;CPXPARAM_Preprocessing_BoundStrength=-1;CPXPARAM_Preprocessing_CoeffReduce=-1;CPXPARAM_Preprocessing_Dependency=-1;CPXPARAM_Preprocessing_Dual=0;CPXPARAM_Preprocessing_Fill=5;CPXPARAM_Preprocessing_NumPass=-1;CPXPARAM_Preprocessing_Presolve=1;CPXPARAM_Preprocessing_QPMakePSD=1;CPXPARAM_Preprocessing_Reduce=3;CPXPARAM_Preprocessing_Relax=-1;CPXPARAM_Preprocessing_RepeatPresolve=-1;CPXPARAM_Preprocessing_Symmetry=-1;CPXPARAM_Read_Scale=0;CPXPARAM_Sifting_Algorithm=0;CPXPARAM_Simplex_Crash=1;CPXPARAM_Simplex_DGradient=0;CPXPARAM_Simplex_Limits_Perturbation=0;CPXPARAM_Simplex_Limits_Singularity=10;CPXPARAM_Simplex_PGradient=0;CPXPARAM_Simplex_Pricing=0;CPXPARAM_Simplex_Refactor=0
12066916650992839435,0,CPXPARAM_Advance=1;CPXPARAM_Barrier_Algorithm=0;CPXPARAM_Barrier_ColNonzeros=0;CPXPARAM_Barrier_Crossover=0;CPXPARAM_Barrier_Limits_Corrections=-1;CPXPARAM_Barrier_Ordering=0;CPXPARAM_Barrier_StartAlg=1;CPXPARAM_Emphasis_MIP=2;CPXPARAM_Emphasis_Memory=0;CPXPARAM_Emphasis_Numerical=0;CPXPARAM_Feasopt_Mode=0;CPXPARAM_LPMethod=0;CPXPARAM_MIP_Cuts_Cliques=1;CPXPARAM_MIP_Cuts_Covers=-1;CPXPARAM_MIP_Cuts_Disjunctive=1;CPXPARAM_MIP_Cuts_FlowCovers=1;CPXPARAM_MIP_Cuts_GUBCovers=0;CPXPARAM_MIP_Cuts_Gomory=2;CPXPARAM_MIP_Cuts_Implied=-1;CPXPARAM_MIP_Cuts_MIRCut=2;CPXPARAM_MIP_Cuts_PathCut=1;CPXPARAM_MIP_Limits_AggForCut=5;CPXPARAM_MIP_Limits_CutPasses=0;CPXPARAM_MIP_Limits_CutsFactor=-1;CPXPARAM_MIP_Limits_GomoryCand=25;CPXPARAM_MIP_Limits_GomoryPass=0;CPXPARAM_MIP_Limits_Nodes=9223372036800000000;CPXPARAM_MIP_Limits_ProbeTime=1e+75;CPXPARAM_MIP_Limits_RepairTries=0;CPXPARAM_MIP_Limits_StrongCand=10;CPXPARAM_MIP_Limits_StrongIt=0;CPXPARAM_MIP_OrderType=0;CPXPARAM_MIP_Strategy_BBInterval=7;CPXPARAM_MIP_Strategy_Branch=-1;CPXPARAM_MIP_Strategy_Dive=0;CPXPARAM_MIP_Strategy_File=1;CPXPARAM_MIP_Strategy_HeuristicFreq=0;CPXPARAM_MIP_Strategy_LBHeur=0;CPXPARAM_MIP_Strategy_NodeSelect=0;CPXPARAM_MIP_Strategy_Order=1;CPXPARAM_MIP_Strategy_PresolveNode=0;CPXPARAM_MIP_Strategy_Probe=1;CPXPARAM_MIP_Strategy_RINSHeur=0;CPXPARAM_MIP_Strategy_StartAlgorithm=0;CPXPARAM_MIP_Strategy_SubAlgorithm=0;CPXPARAM_MIP_Strategy_VariableSelect=4;CPXPARAM_Network_NetFind=2;CPXPARAM_Network_Pricing=0;CPXPARAM_Parallel=1;CPXPARAM_Preprocessing_Aggregator=-1;CPXPARAM_Preprocessing_BoundStrength=-1;CPXPARAM_Preprocessing_CoeffReduce=-1;CPXPARAM_Preprocessing_Dependency=-1;CPXPARAM_Preprocessing_Dual=0;CPXPARAM_Preprocessing_Fill=10;CPXPARAM_Preprocessing_NumPass=-1;CPXPARAM_Preprocessing_Presolve=1;CPXPARAM_Preprocessing_QPMakePSD=1;CPXPARAM_Preprocessing_Reduce=3;CPXPARAM_Preprocessing_Relax=-1;CPXPARAM_Preprocessing_RepeatPresolve=-1;CPXPARAM_Preprocessing_Symmetry=-1;CPXPARAM_Read_Scale=0;CPXPARAM_Sifting_Algorithm=0;CPXPARAM_Simplex_Crash=1;CPXPARAM_Simplex_DGradient=0;CPXPARAM_Simplex_Limits_Perturbation=0;CPXPARAM_Simplex_Limits_Singularity=10;CPXPARAM_Simplex_PGradient=0;CPXPARAM_Simplex_Pricing=0;CPXPARAM_Simplex_Refactor=0
15722727088698419765,0,CPXPARAM_Advance=1;CPXPARAM_Barrier_Algorithm=0;CPXPARAM_Barrier_ColNonzeros=0;CPXPARAM_Barrier_Crossover=0;CPXPARAM_Barrier_Limits_Corrections=-1;CPXPARAM_Barrier_Ordering=0;CPXPARAM_Barrier_StartAlg=1;CPXPARAM_Emphasis_MIP=0;CPXPARAM_Emphasis_Memory=0;CPXPARAM_Emphasis_Numerical=0;CPXPARAM_Feasopt_Mode=0;CPXPARAM_LPMethod=0;CPXPARAM_MIP_Cuts_Cliques=1;CPXPARAM_MIP_Cuts_Covers=3;CPXPARAM_MIP_Cuts_Disjunctive=1;CPXPARAM_MIP_Cuts_FlowCovers=0;CPXPARAM_MIP_Cuts_GUBCovers=0;CPXPARAM_MIP_Cuts_Gomory=-1;CPXPARAM_MIP_Cuts_Implied=1;CPXPARAM_MIP_Cuts_MIRCut=2;CPXPARAM_MIP_Cuts_PathCut=2;CPXPARAM_MIP_Limits_AggForCut=3;CPXPARAM_MIP_Limits_CutPasses=0;CPXPARAM_MIP_Limits_CutsFactor=-1;CPXPARAM_MIP_Limits_GomoryCand=200;CPXPARAM_MIP_Limits_GomoryPass=0;CPXPARAM_MIP_Limits_Nodes=9223372036800000000;CPXPARAM_MIP_Limits_ProbeTime=1e+75;CPXPARAM_MIP_Limits_RepairTries=0;CPXPARAM_MIP_Limits_StrongCand=10;CPXPARAM_MIP_Limits_StrongIt=0;CPXPARAM_MIP_OrderType=0;CPXPARAM_MIP_Strategy_BBInterval=7;CPXPARAM_MIP_Strategy_Branch=0;CPXPARAM_MIP_Strategy_Dive=0;CPXPARAM_MIP_Strategy_File=1;CPXPARAM_MIP_Strategy_HeuristicFreq=0;CPXPARAM_MIP_Strategy_LBHeur=0;CPXPARAM_MIP_Strategy_NodeSelect=2;CPXPARAM_MIP_Strategy_Order=1;CPXPARAM_MIP_Strategy_PresolveNode=2;CPXPARAM_MIP_Strategy_Probe=1;CPXPARAM_MIP_Strategy_RINSHeur=0;CPXPARAM_MIP_Strategy_StartAlgorithm=0;CPXPARAM_MIP_Strategy_SubAlgorithm=0;CPXPARAM_MIP_Strategy_VariableSelect=3;CPXPARAM_Network_NetFind=2;CPXPARAM_Network_Pricing=0;CPXPARAM_Parallel=1;CPXPARAM_Preprocessing_Aggregator=-1;CPXPARAM_Preprocessing_BoundStrength=-1;CPXPARAM_Preprocessing_CoeffReduce=-1;CPXPARAM_Preprocessing_Dependency=-1;CPXPARAM_Preprocessing_Dual=0;CPXPARAM_Preprocessing_Fill=10;CPXPARAM_Preprocessing_NumPass=-1;CPXPARAM_Preprocessing_Presolve=1;CPXPARAM_Preprocessing_QPMakePSD=1;CPXPARAM_Preprocessing_Reduce=3;CPXPARAM_Preprocessing_Relax=-1;CPXPARAM_Preprocessing_RepeatPresolve=-1;CPXPARAM_Preprocessing_Symmetry=-1;CPXPARAM_Read_Scale=0;CPXPARAM_Sifting_Algorithm=0;CPXPARAM_Simplex_Crash=1;CPXPARAM_Simplex_DGradient=0;CPXPARAM_Simplex_Limits_Perturbation=0;CPXPARAM_Simplex_Limits_Singularity=10;CPXPARAM_Simplex_PGradient=0;CPXPARAM_Simplex_Pricing=0;CPXPARAM_Simplex_Refactor=0
9206620473693983641,0,CPXPARAM_Advance=1;CPXPARAM_Barrier_Algorithm=0;CPXPARAM_Barrier_ColNonzeros=0;CPXPARAM_Barrier_Crossover=0;CPXPARAM_Barrier_Limits_Corrections=-1;CPXPARAM_Barrier_Ordering=0;CPXPARAM_Barrier_StartAlg=1;CPXPARAM_Emphasis_MIP=0;CPXPARAM_Emphasis_Memory=0;CPXPARAM_Emphasis_Numerical=0;CPXPARAM_Feasopt_Mode=0;CPXPARAM_LPMethod=0;CPXPARAM_MIP_Cuts_Cliques=3;CPXPARAM_MIP_Cuts_Covers=3;CPXPARAM_MIP_Cuts_Disjunctive=1;CPXPARAM_MIP_Cuts_FlowCovers=0;CPXPARAM_MIP_Cuts_GUBCovers=0;CPXPARAM_MIP_Cuts_Gomory=-1;CPXPARAM_MIP_Cuts_Implied=1;CPXPARAM_MIP_Cuts_MIRCut=2;CPXPARAM_MIP_Cuts_PathCut=2;CPXPARAM_MIP_Limits_AggForCut=3;CPXPARAM_MIP_Limits_CutPasses=0;CPXPARAM_MIP_Limits_CutsFactor=-1;CPXPARAM_MIP_Limits_GomoryCand=200;CPXPARAM_MIP_Limits_GomoryPass=0;CPXPARAM_MIP_Limits_Nodes=9223372036800000000;CPXPARAM_MIP_Limits_ProbeTime=1e+75;CPXPARAM_MIP_Limits_RepairTries=0;CPXPARAM_MIP_Limits_StrongCand=10;CPXPARAM_MIP_Limits_StrongIt=0;CPXPARAM_MIP_OrderType=0;CPXPARAM_MIP_Strategy_BBInterval=7;CPXPARAM_MIP_Strategy_Branch=0;CPXPARAM_MIP_Strategy_Dive=0;CPXPARAM_MIP_Strategy_File=1;CPXPARAM_MIP_Strategy_HeuristicFreq=0;CPXPARAM_MIP_Strategy_LBHeur=0;CPXPARAM_MIP_Strategy_NodeSelect=1;CPXPARAM_MIP_Strategy_Order=1;CPXPARAM_MIP_Strategy_PresolveNode=2;CPXPARAM_MIP_Strategy_Probe=1;CPXPARAM_MIP_Strategy_RINSHeur=0;CPXPARAM_MIP_Strategy_StartAlgorithm=0;CPXPARAM_MIP_Strategy_SubAlgorithm=0;CPXPARAM_MIP_Strategy_VariableSelect=3;CPXPARAM_Network_NetFind=2;CPXPARAM_Network_Pricing=0;CPXPARAM_Parallel=1;CPXPARAM_Preprocessing_Aggregator=-1;CPXPARAM_Preprocessing_BoundStrength=-1;CPXPARAM_Preprocessing_CoeffReduce=-1;CPXPARAM_Preprocessing_Dependency=-1;CPXPARAM_Preprocessing_Dual=0;CPXPARAM_Preprocessing_Fill=10;CPXPARAM_Preprocessing_NumPass=-1;CPXPARAM_Preprocessing_Presolve=1;CPXPARAM_Preprocessing_QPMakePSD=1;CPXPARAM_Preprocessing_Reduce=3;CPXPARAM_Preprocessing_Relax=-1;CPXPARAM_Preprocessing_RepeatPresolve=-1;CPXPARAM_Preprocessing_Symmetry=-1;CPXPARAM_Read_Scale=0;CPXPARAM_Sifting_Algorithm=0;CPXPARAM_Simplex_Crash=1;CPXPARAM_Simplex_DGradient=0;CPXPARAM_Simplex_Limits_Perturbation=0;CPXPARAM_Simplex_Limits_Singularity=10;CPXPARAM_Simplex_PGradient=0;CPXPARAM_Simplex_Pricing=0;CPXPARAM_Simplex_Refactor=0
18148604964303593799,0,CPXPARAM_Advance=1;CPXPARAM_Barrier_Algorithm=0;CPXPARAM_Barrier_ColNonzeros=0;CPXPARAM_Barrier_Crossover=0;CPXPARAM_Barrier_Limits_Corrections=-1;CPXPARAM_Barrier_Ordering=0;CPXPARAM_Barrier_StartAlg=1;CPXPARAM_Emphasis_MIP=0;CPXPARAM_Emphasis_Memory=0;CPXPARAM_Emphasis_Numerical=0;CPXPARAM_Feasopt_Mode=0;CPXPARAM_LPMethod=0;CPXPARAM_MIP_Cuts_Cliques=3;CPXPARAM_MIP_Cuts_Covers=3;CPXPARAM_MIP_Cuts_Disjunctive=1;CPXPARAM_MIP_Cuts_FlowCovers=0;CPXPARAM_MIP_Cuts_GUBCovers=0;CPXPARAM_MIP_Cuts_Gomory=-1;CPXPARAM_MIP_Cuts_Implied=1;CPXPARAM_MIP_Cuts_MIRCut=2;CPXPARAM_MIP_Cuts_PathCut=1;CPXPARAM_MIP_Limits_AggForCut=3;CPXPARAM_MIP_Limits_CutPasses=0;CPXPARAM_MIP_Limits_CutsFactor=-1;CPXPARAM_MIP_Limits_GomoryCand=200;CPXPARAM_MIP_Limits_GomoryPass=0;CPXPARAM_MIP_Limits_Nodes=9223372036800000000;CPXPARAM_MIP_Limits_ProbeTime=1e+75;CPXPARAM_MIP_Limits_RepairTries=0;CPXPARAM_MIP_Limits_StrongCand=10;CPXPARAM_MIP_Limits_StrongIt=0;CPXPARAM_MIP_OrderType=0;CPXPARAM_MIP_Strategy_BBInterval=7;CPXPARAM_MIP_Strategy_Branch=0;CPXPARAM_MIP_Strategy_Dive=0;CPXPARAM_MIP_Strategy_File=1;CPXPARAM_MIP_Strategy_HeuristicFreq=0;CPXPARAM_MIP_Strategy_LBHeur=0;CPXPARAM_MIP_Strategy_NodeSelect=2;CPXPARAM_MIP_Strategy_Order=1;CPXPARAM_MIP_Strategy_PresolveNode=2;CPXPARAM_MIP_Strategy_Probe=1;CPXPARAM_MIP_Strategy_RINSHeur=0;CPXPARAM_MIP_Strategy_StartAlgorithm=0;CPXPARAM_MIP_Strategy_SubAlgorithm=0;CPXPARAM_MIP_Strategy_VariableSelect=3;CPXPARAM_Network_NetFind=2;CPXPARAM_Network_Pricing=0;CPXPARAM_Parallel=1;CPXPARAM_Preprocessing_Aggregator=-1;CPXPARAM_Preprocessing_BoundStrength=-1;CPXPARAM_Preprocessing_CoeffReduce=-1;CPXPARAM_Preprocessing_Dependency=-1;CPXPARAM_Preprocessing_Dual=0;CPXPARAM_Preprocessing_Fill=10;CPXPARAM_Preprocessing_NumPass=-1;CPXPARAM_Preprocessing_Presolve=1;CPXPARAM_Preprocessing_QPMakePSD=1;CPXPARAM_Preprocessing_Reduce=3;CPXPARAM_Preprocessing_Relax=-1;CPXPARAM_Preprocessing_RepeatPresolve=-1;CPXPARAM_Preprocessing_Symmetry=-1;CPXPARAM_Read_Scale=0;CPXPARAM_Sifting_Algorithm=0;CPXPARAM_Simplex_Crash=1;CPXPARAM_Simplex_DGradient=0;CPXPARAM_Simplex_Limits_Perturbation=0;CPXPARAM_Simplex_Limits_Singularity=10;CPXPARAM_Simplex_PGradient=0;CPXPARAM_Simplex_Pricing=0;CPXPARAM_Simplex_Refactor=0
10771925495676945053,0,CPXPARAM_Advance=1;CPXPARAM_Barrier_Algorithm=0;CPXPARAM_Barrier_ColNonzeros=0;CPXPARAM_Barrier_Crossover=0;CPXPARAM_Barrier_Limits_Corrections=-1;CPXPARAM_Barrier_Ordering=0;CPXPARAM_Barrier_StartAlg=1;CPXPARAM_Emphasis_MIP=0;CPXPARAM_Emphasis_Memory=0;CPXPARAM_Emphasis_Numerical=0;CPXPARAM_Feasopt_Mode=0;CPXPARAM_LPMethod=0;CPXPARAM_MIP_Cuts_Cliques=1;CPXPARAM_MIP_Cuts_Covers=-1;CPXPARAM_MIP_Cuts_Disjunctive=-1;CPXPARAM_MIP_Cuts_FlowCovers=-1;CPXPARAM_MIP_Cuts_GUBCovers=2;CPXPARAM_MIP_Cuts_Gomory=2;CPXPARAM_MIP_Cuts_Implied=0;CPXPARAM_MIP_Cuts_MIRCut=1;CPXPARAM_MIP_Cuts_PathCut=1;CPXPARAM_MIP_Limits_AggForCut=3;CPXPARAM_MIP_Limits_CutPasses=0;CPXPARAM_MIP_Limits_CutsFactor=-1;CPXPARAM_MIP_Limits_GomoryCand=200;CPXPARAM_MIP_Limits_GomoryPass=0;CPXPARAM_MIP_Limits_Nodes=9223372036800000000;CPXPARAM_MIP_Limits_ProbeTime=1e+75;CPXPARAM_MIP_Limits_RepairTries=0;CPXPARAM_MIP_Limits_StrongCand=10;CPXPARAM_MIP_Limits_StrongIt=0;CPXPARAM_MIP_OrderType=0;CPXPARAM_MIP_Strategy_BBInterval=7;CPXPARAM_MIP_Strategy_Branch=-1;CPXPARAM_MIP_Strategy_Dive=0;CPXPARAM_MIP_Strategy_File=1;CPXPARAM_MIP_Strategy_HeuristicFreq=0;CPXPARAM_MIP_Strategy_LBHeur=0;CPXPARAM_MIP_Strategy_NodeSelect=0;CPXPARAM_MIP_Strategy_Order=1;CPXPARAM_MIP_Strategy_PresolveNode=-1;CPXPARAM_MIP_Strategy_Probe=-1;CPXPARAM_MIP_Strategy_RINSHeur=0;CPXPARAM_MIP_Strategy_StartAlgorithm=0;CPXPARAM_MIP_Strategy_SubAlgorithm=0;CPXPARAM_MIP_Strategy_VariableSelect=-1;CPXPARAM_Network_NetFind=2;CPXPARAM_Network_Pricing=0;CPXPARAM_Parallel=1;CPXPARAM_Preprocessing_Aggregator=-1;CPXPARAM_Preprocessing_BoundStrength=-1;CPXPARAM_Preprocessing_CoeffReduce=-1;CPXPARAM_Preprocessing_Dependency=-1;CPXPARAM_Preprocessing_Dual=0;CPXPARAM_Preprocessing_Fill=10;CPXPARAM_Preprocessing_NumPass=-1;CPXPARAM_Preprocessing_Presolve=1;CPXPARAM_Preprocessing_QPMakePSD=1;CPXPARAM_Preprocessing_Reduce=3;CPXPARAM_Preprocessing_Relax=-1;CPXPARAM_Preprocessing_RepeatPresolve=-1;CPXPARAM_Preprocessing_Symmetry=-1;CPXPARAM_Read_Scale=0;CPXPARAM_Sifting_Algorithm=0;CPXPARAM_Simplex_Crash=1;CPXPARAM_Simplex_DGradient=0;CPXPARAM_Simplex_Limits_Perturbation=0;CPXPARAM_Simplex_Limits_Singularity=10;CPXPARAM_Simplex_PGradient=0;CPXPARAM_Simplex_Pricing=0;CPXPARAM_Simplex_Refactor=0
18262329952914988051,0,CPXPARAM_Advance=1;CPXPARAM_Barrier_Algorithm=0;CPXPARAM_Barrier_ColNonzeros=0;CPXPARAM_Barrier_Crossover=0;CPXPARAM_Barrier_Limits_Corrections=-1;CPXPARAM_Barrier_Ordering=0;CPXPARAM_Barrier_StartAlg=1;CPXPARAM_Emphasis_MIP=0;CPXPARAM_Emphasis_Memory=0;CPXPARAM_Emphasis_Numerical=0;CPXPARAM_Feasopt_Mode=0;CPXPARAM_LPMethod=0;CPXPARAM_MIP_Cuts_Cliques=3;CPXPARAM_MIP_Cuts_Covers=3;CPXPARAM_MIP_Cuts_Disjunctive=1;CPXPARAM_MIP_Cuts_FlowCovers=0;CPXPARAM_MIP_Cuts_GUBCovers=0;CPXPARAM_MIP_Cuts_Gomory=-1;CPXPARAM_MIP_Cuts_Implied=1;CPXPARAM_MIP_Cuts_MIRCut=2;CPXPARAM_MIP_Cuts_PathCut=2;CPXPARAM_MIP_Limits_AggForCut=3;CPXPARAM_MIP_Limits_CutPasses=0;CPXPARAM_MIP_Limits_CutsFactor=-1;CPXPARAM_MIP_Limits_GomoryCand=200;CPXPARAM_MIP_Limits_GomoryPass=0;CPXPARAM_MIP_Limits_Nodes=9223372036800000000;CPXPARAM_MIP_Limits_ProbeTime=1e+75;CPXPARAM_MIP_Limits_RepairTries=0;CPXPARAM_MIP_Limits_StrongCand=10;CPXPARAM_MIP_Limits_StrongIt=0;CPXPARAM_MIP_OrderType=0;CPXPARAM_MIP_Strategy_BBInterval=7;CPXPARAM_MIP_Strategy_Branch=0;CPXPARAM_MIP_Strategy_Dive=0;CPXPARAM_MIP_Strategy_File=1;CPXPARAM_MIP_Strategy_HeuristicFreq=0;CPXPARAM_MIP_Strategy_LBHeur=0;CPXPARAM_MIP_Strategy_NodeSelect=2;CPXPARAM_MIP_Strategy_Order=1;CPXPARAM_MIP_Strategy_PresolveNode=2;CPXPARAM_MIP_Strategy_Probe=1;CPXPARAM_MIP_Strategy_RINSHeur=0;CPXPARAM_MIP_Strategy_StartAlgorithm=0;CPXPARAM_MIP_Strategy_SubAlgorithm=0;CPXPARAM_MIP_Strategy_VariableSelect=2;CPXPARAM_Network_NetFind=2;CPXPARAM_Network_Pricing=0;CPXPARAM_Parallel=1;CPXPARAM_Preprocessing_Aggregator=-1;CPXPARAM_Preprocessing_BoundStrength=-1;CPXPARAM_Preprocessing_CoeffReduce=-1;CPXPARAM_Preprocessing_Dependency=-1;CPXPARAM_Preprocessing_Dual=0;CPXPARAM_Preprocessing_Fill=10;CPXPARAM_Preprocessing_NumPass=-1;CPXPARAM_Preprocessing_Presolve=1;CPXPARAM_Preprocessing_QPMakePSD=1;CPXPARAM_Preprocessing_Reduce=3;CPXPARAM_Preprocessing_Relax=-1;CPXPARAM_Preprocessing_RepeatPresolve=-1;CPXPARAM_Preprocessing_Symmetry=-1;CPXPARAM_Read_Scale=0;CPXPARAM_Sifting_Algorithm=0;CPXPARAM_Simplex_Crash=1;CPXPARAM_Simplex_DGradient=0;CPXPARAM_Simplex_Limits_Perturbation=0;CPXPARAM_Simplex_Limits_Singularity=10;CPXPARAM_Simplex_PGradient=0;CPXPARAM_Simplex_Pricing=0;CPXPARAM_Simplex_Refactor=0
6494190780972193278,0,CPXPARAM_Advance=1;CPXPARAM_Barrier_Algorithm=0;CPXPARAM_Barrier_ColNonzeros=0;CPXPARAM_Barrier_Crossover=0;CPXPARAM_Barrier_Limits_Corrections=-1;CPXPARAM_Barrier_Ordering=0;CPXPARAM_Barrier_StartAlg=1;CPXPARAM_Emphasis_MIP=0;CPXPARAM_Emphasis_Memory=0;CPXPARAM_Emphasis_Numerical=0;CPXPARAM_Feasopt_Mode=0;CPXPARAM_LPMethod=0;CPXPARAM_MIP_Cuts_Cliques=0;CPXPARAM_MIP_Cuts_Covers=-1;CPXPARAM_MIP_Cuts_Disjunctive=-1;CPXPARAM_MIP_Cuts_FlowCovers=2;CPXPARAM_MIP_Cuts_GUBCovers=1;CPXPARAM_MIP_Cuts_Gomory=2;CPXPARAM_MIP_Cuts_Implied=0;CPXPARAM_MIP_Cuts_MIRCut=2;CPXPARAM_MIP_Cuts_PathCut=-1;CPXPARAM_MIP_Limits_AggForCut=3;CPXPARAM_MIP_Limits_CutPasses=0;CPXPARAM_MIP_Limits_CutsFactor=-1;CPXPARAM_MIP_Limits_GomoryCand=150;CPXPARAM_MIP_Limits_GomoryPass=0;CPXPARAM_MIP_Limits_Nodes=9223372036800000000;CPXPARAM_MIP_Limits_ProbeTime=1e+75;CPXPARAM_MIP_Limits_RepairTries=0;CPXPARAM_MIP_Limits_StrongCand=10;CPXPARAM_MIP_Limits_StrongIt=0;CPXPARAM_MIP_OrderType=0;CPXPARAM_MIP_Strategy_BBInterval=7;CPXPARAM_MIP_Strategy_Branch=1;CPXPARAM_MIP_Strategy_Dive=0;CPXPARAM_MIP_Strategy_File=1;CPXPARAM_MIP_Strategy_HeuristicFreq=0;CPXPARAM_MIP_Strategy_LBHeur=0;CPXPARAM_MIP_Strategy_NodeSelect=0;CPXPARAM_MIP_Strategy_Order=1;CPXPARAM_MIP_Strategy_PresolveNode=3;CPXPARAM_MIP_Strategy_Probe=-1;CPXPARAM_MIP_Strategy_RINSHeur=0;CPXPARAM_MIP_Strategy_StartAlgorithm=0;CPXPARAM_MIP_Strategy_SubAlgorithm=0;CPXPARAM_MIP_Strategy_VariableSelect=-1;CPXPARAM_Network_NetFind=2;CPXPARAM_Network_Pricing=0;CPXPARAM_Parallel=1;CPXPARAM_Preprocessing_Aggregator=-1;CPXPARAM_Preprocessing_BoundStrength=-1;CPXPARAM_Preprocessing_CoeffReduce=-1;CPXPARAM_Preprocessing_Dependency=-1;CPXPARAM_Preprocessing_Dual=0;CPXPARAM_Preprocessing_Fill=10;CPXPARAM_Preprocessing_NumPass=-1;CPXPARAM_Preprocessing_Presolve=1;CPXPARAM_Preprocessing_QPMakePSD=1;CPXPARAM_Preprocessing_Reduce=3;CPXPARAM_Preprocessing_Relax=-1;CPXPARAM_Preprocessing_RepeatPresolve=-1;CPXPARAM_Preprocessing_Symmetry=-1;CPXPARAM_Read_Scale=0;CPXPARAM_Sifting_Algorithm=0;CPXPARAM_Simplex_Crash=1;CPXPARAM_Simplex_DGradient=0;CPXPARAM_Simplex_Limits_Perturbation=0;CPXPARAM_Simplex_Limits_Singularity=10;CPXPARAM_Simplex_PGradient=0;CPXPARAM_Simplex_Pricing=0;CPXPARAM_Simplex_Refactor=0
4454446427536373181,0,CPXPARAM_Advance=1;CPXPARAM_Barrier_Algorithm=0;CPXPARAM_Barrier_ColNonzeros=0;CPXPARAM_Barrier_Crossover=0;CPXPARAM_Barrier_Limits_Corrections=-1;CPXPARAM_Barrier_Ordering=0;CPXPARAM_Barrier_StartAlg=1;CPXPARAM_Emphasis_MIP=0;CPXPARAM_Emphasis_Memory=0;CPXPARAM_Emphasis_Numerical=0;CPXPARAM_Feasopt_Mode=0;CPXPARAM_LPMethod=0;CPXPARAM_MIP_Cuts_Cliques=3;CPXPARAM_MIP_Cuts_Covers=-1;CPXPARAM_MIP_Cuts_Disjunctive=-1;CPXPARAM_MIP_Cuts_FlowCovers=-1;CPXPARAM_MIP_Cuts_GUBCovers=1;CPXPARAM_MIP_Cuts_Gomory=-1;CPXPARAM_MIP_Cuts_Implied=2;CPXPARAM_MIP_Cuts_MIRCut=-1;CPXPARAM_MIP_Cuts_PathCut=2;CPXPARAM_MIP_Limits_AggForCut=3;CPXPARAM_MIP_Limits_CutPasses=0;CPXPARAM_MIP_Limits_CutsFactor=-1;CPXPARAM_MIP_Limits_GomoryCand=400;CPXPARAM_MIP_Limits_GomoryPass=0;CPXPARAM_MIP_Limits_Nodes=9223372036800000000;CPXPARAM_MIP_Limits_ProbeTime=1e+75;CPXPARAM_MIP_Limits_RepairTries=0;CPXPARAM_MIP_Limits_StrongCand=10;CPXPARAM_MIP_Limits_StrongIt=0;CPXPARAM_MIP_OrderType=0;CPXPARAM_MIP_Strategy_BBInterval=7;CPXPARAM_MIP_Strategy_Branch=-1;CPXPARAM_MIP_Strategy_Dive=0;CPXPARAM_MIP_Strategy_File=1;CPXPARAM_MIP_Strategy_HeuristicFreq=0;CPXPARAM_MIP_Strategy_LBHeur=0;CPXPARAM_MIP_Strategy_NodeSelect=3;CPXPARAM_MIP_Strategy_Order=1;CPXPARAM_MIP_Strategy_PresolveNode=0;CPXPARAM_MIP_Strategy_Probe=2;CPXPARAM_MIP_Strategy_RINSHeur=0;CPXPARAM_MIP_Strategy_StartAlgorithm=0;CPXPARAM_MIP_Strategy_SubAlgorithm=0;CPXPARAM_MIP_Strategy_VariableSelect=2;CPXPARAM_Network_NetFind=2;CPXPARAM_Network_Pricing=0;CPXPARAM_Parallel=1;CPXPARAM_Preprocessing_Aggregator=-1;CPXPARAM_Preprocessing_BoundStrength=-1;CPXPARAM_Preprocessing_CoeffReduce=-1;CPXPARAM_Preprocessing_Dependency=-1;CPXPARAM_Preprocessing_Dual=0;CPXPARAM_Preprocessing_Fill=10;CPXPARAM_Preprocessing_NumPass=-1;CPXPARAM_Preprocessing_Presolve=1;CPXPARAM_Preprocessing_QPMakePSD=1;CPXPARAM_Preprocessing_Reduce=3;CPXPARAM_Preprocessing_Relax=-1;CPXPARAM_Preprocessing_RepeatPresolve=-1;CPXPARAM_Preprocessing_Symmetry=-1;CPXPARAM_Read_Scale=0;CPXPARAM_Sifting_Algorithm=0;CPXPARAM_Simplex_Crash=1;CPXPARAM_Simplex_DGradient=0;CPXPARAM_Simplex_Limits_Perturbation=0;CPXPARAM_Simplex_Limits_Singularity=10;CPXPARAM_Simplex_PGradient=0;CPXPARAM_Simplex_Pricing=0;CPXPARAM_Simplex_Refactor=0
14069679177633784357,0,CPXPARAM_Advance=1;CPXPARAM_Barrier_Algorithm=0;CPXPARAM_Barrier_ColNonzeros=0;CPXPARAM_Barrier_Crossover=0;CPXPARAM_Barrier_Limits_Corrections=-1;CPXPARAM_Barrier_Ordering=0;CPXPARAM_Barrier_StartAlg=1;CPXPARAM_Emphasis_MIP=0;CPXPARAM_Emphasis_Memory=0;CPXPARAM_Emphasis_Numerical=0;CPXPARAM_Feasopt_Mode=0;CPXPARAM_LPMethod=0;CPXPARAM_MIP_Cuts_Cliques=3;CPXPARAM_MIP_Cuts_Covers=3;CPXPARAM_MIP_Cuts_Disjunctive=1;CPXPARAM_MIP_Cuts_FlowCovers=0;CPXPARAM_MIP_Cuts_GUBCovers=0;CPXPARAM_MIP_Cuts_Gomory=-1;CPXPARAM_MIP_Cuts_Implied=1;CPXPARAM_MIP_Cuts_MIRCut=2;CPXPARAM_MIP_Cuts_PathCut=2;CPXPARAM_MIP_Limits_AggForCut=3;CPXPARAM_MIP_Limits_CutPasses=0;CPXPARAM_MIP_Limits_CutsFactor=-1;CPXPARAM_MIP_Limits_GomoryCand=200;CPXPARAM_MIP_Limits_GomoryPass=0;CPXPARAM_MIP_Limits_Nodes=9223372036800000000;CPXPARAM_MIP_Limits_ProbeTime=1e+75;CPXPARAM_MIP_Limits_RepairTries=0;CPXPARAM_MIP_Limits_StrongCand=10;CPXPARAM_MIP_Limits_StrongIt=0;CPXPARAM_MIP_OrderType=0;CPXPARAM_MIP_Strategy_BBInterval=7;CPXPARAM_MIP_Strategy_Branch=1;CPXPARAM_MIP_Strategy_Dive=0;CPXPARAM_MIP_Strategy_File=1;CPXPARAM_MIP_Strategy_HeuristicFreq=0;CPXPARAM_MIP_Strategy_LBHeur=0;CPXPARAM_MIP_Strategy_NodeSelect=2;CPXPARAM_MIP_Strategy_Order=1;CPXPARAM_MIP_Strategy_PresolveNode=2;CPXPARAM_MIP_Strategy_Probe=1;CPXPARAM_MIP_Strategy_RINSHeur=0;CPXPARAM_MIP_Strategy_StartAlgorithm=0;CPXPARAM_MIP_Strategy_SubAlgorithm=0;CPXPARAM_MIP_Strategy_VariableSelect=3;CPXPARAM_Network_NetFind=2;CPXPARAM_Network_Pricing=0;CPXPARAM_Parallel=1;CPXPARAM_Preprocessing_Aggregator=-1;CPXPARAM_Preprocessing_BoundStrength=-1;CPXPARAM_Preprocessing_CoeffReduce=-1;CPXPARAM_Preprocessing_Dependency=-1;CPXPARAM_Preprocessing_Dual=0;CPXPARAM_Preprocessing_Fill=10;CPXPARAM_Preprocessing_NumPass=-1;CPXPARAM_Preprocessing_Presolve=1;CPXPARAM_Preprocessing_QPMakePSD=1;CPXPARAM_Preprocessing_Reduce=3;CPXPARAM_Preprocessing_Relax=-1;CPXPARAM_Preprocessing_RepeatPresolve=-1;CPXPARAM_Preprocessing_Symmetry=-1;CPXPARAM_Read_Scale=0;CPXPARAM_Sifting_Algorithm=0;CPXPARAM_Simplex_Crash=1;CPXPARAM_Simplex_DGradient=0;CPXPARAM_Simplex_Limits_Perturbation=0;CPXPARAM_Simplex_Limits_Singularity=10;CPXPARAM_Simplex_PGradient=0;CPXPARAM_Simplex_Pricing=0;CPXPARAM_Simplex_Refactor=0
18116392715726973045,0,CPXPARAM_Advance=1;CPXPARAM_Barrier_Algorithm=0;CPXPARAM_Barrier_ColNonzeros=0;CPXPARAM_Barrier_Crossover=0;CPXPARAM_Barrier_Limits_Corrections=-1;CPXPARAM_Barrier_Ordering=0;CPXPARAM_Barrier_StartAlg=1;CPXPARAM_Emphasis_MIP=0;CPXPARAM_Emphasis_Memory=0;CPXPARAM_Emphasis_Numerical=0;CPXPARAM_Feasopt_Mode=0;CPXPARAM_LPMethod=0;CPXPARAM_MIP_Cuts_Cliques=-1;CPXPARAM_MIP_Cuts_Covers=-1;CPXPARAM_MIP_Cuts_Disjunctive=1;CPXPARAM_MIP_Cuts_FlowCovers=0;CPXPARAM_MIP_Cuts_GUBCovers=1;CPXPARAM_MIP_Cuts_Gomory=-1;CPXPARAM_MIP_Cuts_Implied=2;CPXPARAM_MIP_Cuts_MIRCut=-1;CPXPARAM_MIP_Cuts_PathCut=0;CPXPARAM_MIP_Limits_AggForCut=3;CPXPARAM_MIP_Limits_CutPasses=0;CPXPARAM_MIP_Limits_CutsFactor=-1;CPXPARAM_MIP_Limits_GomoryCand=400;CPXPARAM_MIP_Limits_GomoryPass=0;CPXPARAM_MIP_Limits_Nodes=9223372036800000000;CPXPARAM_MIP_Limits_ProbeTime=1e+75;CPXPARAM_MIP_Limits_RepairTries=0;CPXPARAM_MIP_Limits_StrongCand=10;CPXPARAM_MIP_Limits_StrongIt=0;CPXPARAM_MIP_OrderType=0;CPXPARAM_MIP_Strategy_BBInterval=7;CPXPARAM_MIP_Strategy_Branch=0;CPXPARAM_MIP_Strategy_Dive=0;CPXPARAM_MIP_Strategy_File=1;CPXPARAM_MIP_Strategy_HeuristicFreq=0;CPXPARAM_MIP_Strategy_LBHeur=0;CPXPARAM_MIP_Strategy_NodeSelect=2;CPXPARAM_MIP_Strategy_Order=1;CPXPARAM_MIP_Strategy_PresolveNode=1;CPXPARAM_MIP_Strategy_Probe=2;CPXPARAM_MIP_Strategy_RINSHeur=0;CPXPARAM_MIP_Strategy_StartAlgorithm=0;CPXPARAM_MIP_Strategy_SubAlgorithm=3;CPXPARAM_MIP_Strategy_VariableSelect=1;CPXPARAM_Network_NetFind=2;CPXPARAM_Network_Pricing=0;CPXPARAM_Parallel=1;CPXPARAM_Preprocessing_Aggregator=-1;CPXPARAM_Preprocessing_BoundStrength=-1;CPXPARAM_Preprocessing_CoeffReduce=-1;CPXPARAM_Preprocessing_Dependency=-1;CPXPARAM_Preprocessing_Dual=0;CPXPARAM_Preprocessing_Fill=10;CPXPARAM_Preprocessing_NumPass=-1;CPXPARAM_Preprocessing_Presolve=1;CPXPARAM_Preprocessing_QPMakePSD=1;CPXPARAM_Preprocessing_Reduce=3;CPXPARAM_Preprocessing_Relax=-1;CPXPARAM_Preprocessing_RepeatPresolve=-1;CPXPARAM_Preprocessing_Symmetry=-1;CPXPARAM_Read_Scale=0;CPXPARAM_Sifting_Algorithm=0;CPXPARAM_Simplex_Crash=1;CPXPARAM_Simplex_DGradient=0;CPXPARAM_Simplex_Limits_Perturbation=0;CPXPARAM_Simplex_Limits_Singularity=10;CPXPARAM_Simplex_PGradient=0;CPXPARAM_Simplex_Pricing=0;CPXPARAM_Simplex_Refactor=0
15850857884574406241,0,CPXPARAM_Advance=1;CPXPARAM_Barrier_Algorithm=0;CPXPARAM_Barrier_ColNonzeros=0;CPXPARAM_Barrier_Crossover=0;CPXPARAM_Barrier_Limits_Corrections=-1;CPXPARAM_Barrier_Ordering=0;CPXPARAM_Barrier_StartAlg=1;CPXPARAM_Emphasis_MIP=3;CPXPARAM_Emphasis_Memory=0;CPXPARAM_Emphasis_Numerical=0;CPXPARAM_Feasopt_Mode=0;CPXPARAM_LPMethod=0;CPXPARAM_MIP_Cuts_Cliques=0;CPXPARAM_MIP_Cuts_Covers=0;CPXPARAM_MIP_Cuts_Disjunctive=0;CPXPARAM_MIP_Cuts_FlowCovers=0;CPXPARAM_MIP_Cuts_GUBCovers=1;CPXPARAM_MIP_Cuts_Gomory=0;CPXPARAM_MIP_Cuts_Implied=2;CPXPARAM_MIP_Cuts_MIRCut=1;CPXPARAM_MIP_Cuts_PathCut=0;CPXPARAM_MIP_Limits_AggForCut=3;CPXPARAM_MIP_Limits_CutPasses=0;CPXPARAM_MIP_Limits_CutsFactor=-1;CPXPARAM_MIP_Limits_GomoryCand=200;CPXPARAM_MIP_Limits_GomoryPass=0;CPXPARAM_MIP_Limits_Nodes=9223372036800000000;CPXPARAM_MIP_Limits_ProbeTime=1e+75;CPXPARAM_MIP_Limits_RepairTries=0;CPXPARAM_MIP_Limits_StrongCand=10;CPXPARAM_MIP_Limits_StrongIt=0;CPXPARAM_MIP_OrderType=0;CPXPARAM_MIP_Strategy_BBInterval=7;CPXPARAM_MIP_Strategy_Branch=-1;CPXPARAM_MIP_Strategy_Dive=0;CPXPARAM_MIP_Strategy_File=1;CPXPARAM_MIP_Strategy_HeuristicFreq=0;CPXPARAM_MIP_Strategy_LBHeur=0;CPXPARAM_MIP_Strategy_NodeSelect=1;CPXPARAM_MIP_Strategy_Order=1;CPXPARAM_MIP_Strategy_PresolveNode=2;CPXPARAM_MIP_Strategy_Probe=-1;CPXPARAM_MIP_Strategy_RINSHeur=0;CPXPARAM_MIP_Strategy_StartAlgorithm=0;CPXPARAM_MIP_Strategy_SubAlgorithm=0;CPXPARAM_MIP_Strategy_VariableSelect=3;CPXPARAM_Network_NetFind=2;CPXPARAM_Network_Pricing=0;CPXPARAM_Parallel=1;CPXPARAM_Preprocessing_Aggregator=-1;CPXPARAM_Preprocessing_BoundStrength=-1;CPXPARAM_Preprocessing_CoeffReduce=-1;CPXPARAM_Preprocessing_Dependency=-1;CPXPARAM_Preprocessing_Dual=0;CPXPARAM_Preprocessing_Fill=10;CPXPARAM_Preprocessing_NumPass=-1;CPXPARAM_Preprocessing_Presolve=1;CPXPARAM_Preprocessing_QPMakePSD=1;CPXPARAM_Preprocessing_Reduce=3;CPXPARAM_Preprocessing_Relax=-1;CPXPARAM_Preprocessing_RepeatPresolve=-1;CPXPARAM_Preprocessing_Symmetry=-1;CPXPARAM_Read_Scale=0;CPXPARAM_Sifting_Algorithm=0;CPXPARAM_Simplex_Crash=1;CPXPARAM_Simplex_DGradient=0;CPXPARAM_Simplex_Limits_Perturbation=0;CPXPARAM_Simplex_Limits_Singularity=10;CPXPARAM_Simplex_PGradient=0;CPXPARAM_Simplex_Pricing=0;CPXPARAM_Simplex_Refactor=0
3349133602382764436,0,CPXPARAM_Advance=1;CPXPARAM_Barrier_Algorithm=0;CPXPARAM_Barrier_ColNonzeros=0;CPXPARAM_Barrier_Crossover=0;CPXPARAM_Barrier_Limits_Corrections=-1;CPXPARAM_Barrier_Ordering=0;CPXPARAM_Barrier_StartAlg=1;CPXPARAM_Emphasis_MIP=1;CPXPARAM_Emphasis_Memory=0;CPXPARAM_Emphasis_Numerical=0;CPXPARAM_Feasopt_Mode=0;CPXPARAM_LPMethod=0;CPXPARAM_MIP_Cuts_Cliques=2;CPXPARAM_MIP_Cuts_Covers=0;CPXPARAM_MIP_Cuts_Disjunctive=1;CPXPARAM_MIP_Cuts_FlowCovers=1;CPXPARAM_MIP_Cuts_GUBCovers=-1;CPXPARAM_MIP_Cuts_Gomory=2;CPXPARAM_MIP_Cuts_Implied=0;CPXPARAM_MIP_Cuts_MIRCut=-1;CPXPARAM_MIP_Cuts_PathCut=2;CPXPARAM_MIP_Limits_AggForCut=3;CPXPARAM_MIP_Limits_CutPasses=0;CPXPARAM_MIP_Limits_CutsFactor=-1;CPXPARAM_MIP_Limits_GomoryCand=200;CPXPARAM_MIP_Limits_GomoryPass=0;CPXPARAM_MIP_Limits_Nodes=9223372036800000000;CPXPARAM_MIP_Limits_ProbeTime=1e+75;CPXPARAM_MIP_Limits_RepairTries=0;CPXPARAM_MIP_Limits_StrongCand=10;CPXPARAM_MIP_Limits_StrongIt=0;CPXPARAM_MIP_OrderType=0;CPXPARAM_MIP_Strategy_BBInterval=7;CPXPARAM_MIP_Strategy_Branch=0;CPXPARAM_MIP_Strategy_Dive=0;CPXPARAM_MIP_Strategy_File=1;CPXPARAM_MIP_Strategy_HeuristicFreq=0;CPXPARAM_MIP_Strategy_LBHeur=0;CPXPARAM_MIP_Strategy_NodeSelect=1;CPXPARAM_MIP_Strategy_Order=1;CPXPARAM_MIP_Strategy_PresolveNode=0;CPXPARAM_MIP_Strategy_Probe=0;CPXPARAM_MIP_Strategy_RINSHeur=0;CPXPARAM_MIP_Strategy_StartAlgorithm=0;CPXPARAM_MIP_Strategy_SubAlgorithm=0;CPXPARAM_MIP_Strategy_VariableSelect=0;CPXPARAM_Network_NetFind=2;CPXPARAM_Network_Pricing=0;CPXPARAM_Parallel=1;CPXPARAM_Preprocessing_Aggregator=-1;CPXPARAM_Preprocessing_BoundStrength=-1;CPXPARAM_Preprocessing_CoeffReduce=-1;CPXPARAM_Preprocessing_Dependency=-1;CPXPARAM_Preprocessing_Dual=0;CPXPARAM_Preprocessing_Fill=10;CPXPARAM_Preprocessing_NumPass=-1;CPXPARAM_Preprocessing_Presolve=1;CPXPARAM_Preprocessing_QPMakePSD=1;CPXPARAM_Preprocessing_Reduce=3;CPXPARAM_Preprocessing_Relax=-1;CPXPARAM_Preprocessing_RepeatPresolve=-1;CPXPARAM_Preprocessing_Symmetry=-1;CPXPARAM_Read_Scale=0;CPXPARAM_Sifting_Algorithm=0;CPXPARAM_Simplex_Crash=1;CPXPARAM_Simplex_DGradient=0;CPXPARAM_Simplex_Limits_Perturbation=0;CPXPARAM_Simplex_Limits_Singularity=10;CPXPARAM_Simplex_PGradient=0;CPXPARAM_Simplex_Pricing=0;CPXPARAM_Simplex_Refactor=0
13676380975515004836,0,CPXPARAM_Advance=1;CPXPARAM_Barrier_Algorithm=0;CPXPARAM_Barrier_ColNonzeros=0;CPXPARAM_Barrier_Crossover=0;CPXPARAM_Barrier_Limits_Corrections=-1;CPXPARAM_Barrier_Ordering=0;CPXPARAM_Barrier_StartAlg=1;CPXPARAM_Emphasis_MIP=0;CPXPARAM_Emphasis_Memory=0;CPXPARAM_Emphasis_Numerical=0;CPXPARAM_Feasopt_Mode=0;CPXPARAM_LPMethod=0;CPXPARAM_MIP_Cuts_Cliques=3;CPXPARAM_MIP_Cuts_Covers=3;CPXPARAM_MIP_Cuts_Disjunctive=1;CPXPARAM_MIP_Cuts_FlowCovers=0;CPXPARAM_MIP_Cuts_GUBCovers=0;CPXPARAM_MIP_Cuts_Gomory=-1;CPXPARAM_MIP_Cuts_Implied=1;CPXPARAM_MIP_Cuts_MIRCut=2;CPXPARAM_MIP_Cuts_PathCut=2;CPXPARAM_MIP_Limits_AggForCut=3;CPXPARAM_MIP_Limits_CutPasses=0;CPXPARAM_MIP_Limits_CutsFactor=-1;CPXPARAM_MIP_Limits_GomoryCand=200;CPXPARAM_MIP_Limits_GomoryPass=0;CPXPARAM_MIP_Limits_Nodes=9223372036800000000;CPXPARAM_MIP_Limits_ProbeTime=1e+75;CPXPARAM_MIP_Limits_RepairTries=0;CPXPARAM_MIP_Limits_StrongCand=10;CPXPARAM_MIP_Limits_StrongIt=0;CPXPARAM_MIP_OrderType=0;CPXPARAM_MIP_Strategy_BBInterval=7;CPXPARAM_MIP_Strategy_Branch=0;CPXPARAM_MIP_Strategy_Dive=0;CPXPARAM_MIP_Strategy_File=1;CPXPARAM_MIP_Strategy_HeuristicFreq=0;CPXPARAM_MIP_Strategy_LBHeur=0;CPXPARAM_MIP_Strategy_NodeSelect=2;CPXPARAM_MIP_Strategy_Order=1;CPXPARAM_MIP_Strategy_PresolveNode=2;CPXPARAM_MIP_Strategy_Probe=1;CPXPARAM_MIP_Strategy_RINSHeur=0;CPXPARAM_MIP_Strategy_StartAlgorithm=0;CPXPARAM_MIP_Strategy_SubAlgorithm=0;CPXPARAM_MIP_Strategy_VariableSelect=4;CPXPARAM_Network_NetFind=2;CPXPARAM_Network_Pricing=0;CPXPARAM_Parallel=1;CPXPARAM_Preprocessing_Aggregator=-1;CPXPARAM_Preprocessing_BoundStrength=-1;CPXPARAM_Preprocessing_CoeffReduce=-1;CPXPARAM_Preprocessing_Dependency=-1;CPXPARAM_Preprocessing_Dual=0;CPXPARAM_Preprocessing_Fill=10;CPXPARAM_Preprocessing_NumPass=-1;CPXPARAM_Preprocessing_Presolve=1;CPXPARAM_Preprocessing_QPMakePSD=1;CPXPARAM_Preprocessing_Reduce=3;CPXPARAM_Preprocessing_Relax=-1;CPXPARAM_Preprocessing_RepeatPresolve=-1;CPXPARAM_Preprocessing_Symmetry=-1;CPXPARAM_Read_Scale=0;CPXPARAM_Sifting_Algorithm=0;CPXPARAM_Simplex_Crash=1;CPXPARAM_Simplex_DGradient=0;CPXPARAM_Simplex_Limits_Perturbation=0;CPXPARAM_Simplex_Limits_Singularity=10;CPXPARAM_Simplex_PGradient=0;CPXPARAM_Simplex_Pricing=0;CPXPARAM_Simplex_Refactor=0
6501689866426246152,0,CPXPARAM_Advance=1;CPXPARAM_Barrier_Algorithm=0;CPXPARAM_Barrier_ColNonzeros=0;CPXPARAM_Barrier_Crossover=0;CPXPARAM_Barrier_Limits_Corrections=-1;CPXPARAM_Barrier_Ordering=0;CPXPARAM_Barrier_StartAlg=1;CPXPARAM_Emphasis_MIP=0;CPXPARAM_Emphasis_Memory=0;CPXPARAM_Emphasis_Numerical=0;CPXPARAM_Feasopt_Mode=0;CPXPARAM_LPMethod=0;CPXPARAM_MIP_Cuts_Cliques=3;CPXPARAM_MIP_Cuts_Covers=3;CPXPARAM_MIP_Cuts_Disjunctive=1;CPXPARAM_MIP_Cuts_FlowCovers=0;CPXPARAM_MIP_Cuts_GUBCovers=0;CPXPARAM_MIP_Cuts_Gomory=-1;CPXPARAM_MIP_Cuts_Implied=1;CPXPARAM_MIP_Cuts_MIRCut=2;CPXPARAM_MIP_Cuts_PathCut=2;CPXPARAM_MIP_Limits_AggForCut=3;CPXPARAM_MIP_Limits_CutPasses=0;CPXPARAM_MIP_Limits_CutsFactor=-1;CPXPARAM_MIP_Limits_GomoryCand=200;CPXPARAM_MIP_Limits_GomoryPass=0;CPXPARAM_MIP_Limits_Nodes=9223372036800000000;CPXPARAM_MIP_Limits_ProbeTime=1e+75;CPXPARAM_MIP_Limits_RepairTries=0;CPXPARAM_MIP_Limits_StrongCand=10;CPXPARAM_MIP_Limits_StrongIt=0;CPXPARAM_MIP_OrderType=0;CPXPARAM_MIP_Strategy_BBInterval=7;CPXPARAM_MIP_Strategy_Branch=0;CPXPARAM_MIP_Strategy_Dive=0;CPXPARAM_MIP_Strategy_File=1;CPXPARAM_MIP_Strategy_HeuristicFreq=0;CPXPARAM_MIP_Strategy_LBHeur=0;CPXPARAM_MIP_Strategy_NodeSelect=2;CPXPARAM_MIP_Strategy_Order=1;CPXPARAM_MIP_Strategy_PresolveNode=2;CPXPARAM_MIP_Strategy_Probe=2;CPXPARAM_MIP_Strategy_RINSHeur=0;CPXPARAM_MIP_Strategy_StartAlgorithm=0;CPXPARAM_MIP_Strategy_SubAlgorithm=0;CPXPARAM_MIP_Strategy_VariableSelect=3;CPXPARAM_Network_NetFind=2;CPXPARAM_Network_Pricing=0;CPXPARAM_Parallel=1;CPXPARAM_Preprocessing_Aggregator=-1;CPXPARAM_Preprocessing_BoundStrength=-1;CPXPARAM_Preprocessing_CoeffReduce=-1;CPXPARAM_Preprocessing_Dependency=-1;CPXPARAM_Preprocessing_Dual=0;CPXPARAM_Preprocessing_Fill=10;CPXPARAM_Preprocessing_NumPass=-1;CPXPARAM_Preprocessing_Presolve=1;CPXPARAM_Preprocessing_QPMakePSD=1;CPXPARAM_Preprocessing_Reduce=3;CPXPARAM_Preprocessing_Relax=-1;CPXPARAM_Preprocessing_RepeatPresolve=-1;CPXPARAM_Preprocessing_Symmetry=-1;CPXPARAM_Read_Scale=0;CPXPARAM_Sifting_Algorithm=0;CPXPARAM_Simplex_Crash=1;CPXPARAM_Simplex_DGradient=0;CPXPARAM_Simplex_Limits_Perturbation=0;CPXPARAM_Simplex_Limits_Singularity=10;CPXPARAM_Simplex_PGradient=0;CPXPARAM_Simplex_Pricing=0;CPXPARAM_Simplex_Refactor=0
9367546896815287438,0,CPXPARAM_Advance=1;CPXPARAM_Barrier_Algorithm=0;CPXPARAM_Barrier_ColNonzeros=0;CPXPARAM_Barrier_Crossover=0;CPXPARAM_Barrier_Limits_Corrections=-1;CPXPARAM_Barrier_Ordering=0;CPXPARAM_Barrier_StartAlg=1;CPXPARAM_Emphasis_MIP=5;CPXPARAM_Emphasis_Memory=0;CPXPARAM_Emphasis_Numerical=0;CPXPARAM_Feasopt_Mode=0;CPXPARAM_LPMethod=0;CPXPARAM_MIP_Cuts_Cliques=0;CPXPARAM_MIP_Cuts_Covers=3;CPXPARAM_MIP_Cuts_Disjunctive=-1;CPXPARAM_MIP_Cuts_FlowCovers=-1;CPXPARAM_MIP_Cuts_GUBCovers=-1;CPXPARAM_MIP_Cuts_Gomory=0;CPXPARAM_MIP_Cuts_Implied=1;CPXPARAM_MIP_Cuts_MIRCut=1;CPXPARAM_MIP_Cuts_PathCut=1;CPXPARAM_MIP_Limits_AggForCut=3;CPXPARAM_MIP_Limits_CutPasses=0;CPXPARAM_MIP_Limits_CutsFactor=-1;CPXPARAM_MIP_Limits_GomoryCand=800;CPXPARAM_MIP_Limits_GomoryPass=0;CPXPARAM_MIP_Limits_Nodes=9223372036800000000;CPXPARAM_MIP_Limits_ProbeTime=1e+75;CPXPARAM_MIP_Limits_RepairTries=0;CPXPARAM_MIP_Limits_StrongCand=10;CPXPARAM_MIP_Limits_StrongIt=0;CPXPARAM_MIP_OrderType=0;CPXPARAM_MIP_Strategy_BBInterval=7;CPXPARAM_MIP_Strategy_Branch=0;CPXPARAM_MIP_Strategy_Dive=0;CPXPARAM_MIP_Strategy_File=1;CPXPARAM_MIP_Strategy_HeuristicFreq=0;CPXPARAM_MIP_Strategy_LBHeur=0;CPXPARAM_MIP_Strategy_NodeSelect=0;CPXPARAM_MIP_Strategy_Order=1;CPXPARAM_MIP_Strategy_PresolveNode=1;CPXPARAM_MIP_Strategy_Probe=-1;CPXPARAM_MIP_Strategy_RINSHeur=0;CPXPARAM_MIP_Strategy_StartAlgorithm=0;CPXPARAM_MIP_Strategy_SubAlgorithm=0;CPXPARAM_MIP_Strategy_VariableSelect=1;CPXPARAM_Network_NetFind=2;CPXPARAM_Network_Pricing=0;CPXPARAM_Parallel=1;CPXPARAM_Preprocessing_Aggregator=-1;CPXPARAM_Preprocessing_BoundStrength=-1;CPXPARAM_Preprocessing_CoeffReduce=-1;CPXPARAM_Preprocessing_Dependency=-1;CPXPARAM_Preprocessing_Dual=0;CPXPARAM_Preprocessing_Fill=10;CPXPARAM_Preprocessing_NumPass=-1;CPXPARAM_Preprocessing_Presolve=1;CPXPARAM_Preprocessing_QPMakePSD=1;CPXPARAM_Preprocessing_Reduce=3;CPXPARAM_Preprocessing_Relax=-1;CPXPARAM_Preprocessing_RepeatPresolve=-1;CPXPARAM_Preprocessing_Symmetry=-1;CPXPARAM_Read_Scale=0;CPXPARAM_Sifting_Algorithm=0;CPXPARAM_Simplex_Crash=1;CPXPARAM_Simplex_DGradient=0;CPXPARAM_Simplex_Limits_Perturbation=0;CPXPARAM_Simplex_Limits_Singularity=10;CPXPARAM_Simplex_PGradient=0;CPXPARAM_Simplex_Pricing=0;CPXPARAM_Simplex_Refactor=0
8492569029509098980,0,CPXPARAM_Advance=1;CPXPARAM_Barrier_Algorithm=0;CPXPARAM_Barrier_ColNonzeros=0;CPXPARAM_Barrier_Crossover=0;CPXPARAM_Barrier_Limits_Corrections=-1;CPXPARAM_Barrier_Ordering=0;CPXPARAM_Barrier_StartAlg=1;CPXPARAM_Emphasis_MIP=5;CPXPARAM_Emphasis_Memory=0;CPXPARAM_Emphasis_Numerical=0;CPXPARAM_Feasopt_Mode=0;CPXPARAM_LPMethod=0;CPXPARAM_MIP_Cuts_Cliques=0;CPXPARAM_MIP_Cuts_Covers=0;CPXPARAM_MIP_Cuts_Disjunctive=0;CPXPARAM_MIP_Cuts_FlowCovers=1;CPXPARAM_MIP_Cuts_GUBCovers=2;CPXPARAM_MIP_Cuts_Gomory=-1;CPXPARAM_MIP_Cuts_Implied=2;CPXPARAM_MIP_Cuts_MIRCut=1;CPXPARAM_MIP_Cuts_PathCut=0;CPXPARAM_MIP_Limits_AggForCut=3;CPXPARAM_MIP_Limits_CutPasses=0;CPXPARAM_MIP_Limits_CutsFactor=-1;CPXPARAM_MIP_Limits_GomoryCand=800;CPXPARAM_MIP_Limits_GomoryPass=0;CPXPARAM_MIP_Limits_Nodes=9223372036800000000;CPXPARAM_MIP_Limits_ProbeTime=1e+75;CPXPARAM_MIP_Limits_RepairTries=0;CPXPARAM_MIP_Limits_StrongCand=10;CPXPARAM_MIP_Limits_StrongIt=0;CPXPARAM_MIP_OrderType=0;CPXPARAM_MIP_Strategy_BBInterval=7;CPXPARAM_MIP_Strategy_Branch=-1;CPXPARAM_MIP_Strategy_Dive=0;CPXPARAM_MIP_Strategy_File=1;CPXPARAM_MIP_Strategy_HeuristicFreq=0;CPXPARAM_MIP_Strategy_LBHeur=0;CPXPARAM_MIP_Strategy_NodeSelect=2;CPXPARAM_MIP_Strategy_Order=1;CPXPARAM_MIP_Strategy_PresolveNode=-1;CPXPARAM_MIP_Strategy_Probe=3;CPXPARAM_MIP_Strategy_RINSHeur=0;CPXPARAM_MIP_Strategy_StartAlgorithm=0;CPXPARAM_MIP_Strategy_SubAlgorithm=0;CPXPARAM_MIP_Strategy_VariableSelect=4;CPXPARAM_Network_NetFind=2;CPXPARAM_Network_Pricing=0;CPXPARAM_Parallel=1;CPXPARAM_Preprocessing_Aggregator=-1;CPXPARAM_Preprocessing_BoundStrength=-1;CPXPARAM_Preprocessing_CoeffReduce=-1;CPXPARAM_Preprocessing_Dependency=-1;CPXPARAM_Preprocessing_Dual=0;CPXPARAM_Preprocessing_Fill=40;CPXPARAM_Preprocessing_NumPass=-1;CPXPARAM_Preprocessing_Presolve=1;CPXPARAM_Preprocessing_QPMakePSD=1;CPXPARAM_Preprocessing_Reduce=3;CPXPARAM_Preprocessing_Relax=-1;CPXPARAM_Preprocessing_RepeatPresolve=-1;CPXPARAM_Preprocessing_Symmetry=-1;CPXPARAM_Read_Scale=0;CPXPARAM_Sifting_Algorithm=0;CPXPARAM_Simplex_Crash=1;CPXPARAM_Simplex_DGradient=0;CPXPARAM_Simplex_Limits_Perturbation=0;CPXPARAM_Simplex_Limits_Singularity=10;CPXPARAM_Simplex_PGradient=0;CPXPARAM_Simplex_Pricing=0;CPXPARAM_Simplex_Refactor=0
4464508538102052829,0,CPXPARAM_Advance=1;CPXPARAM_Barrier_Algorithm=0;CPXPARAM_Barrier_ColNonzeros=0;CPXPARAM_Barrier_Crossover=0;CPXPARAM_Barrier_Limits_Corrections=-1;CPXPARAM_Barrier_Ordering=0;CPXPARAM_Barrier_StartAlg=1;CPXPARAM_Emphasis_MIP=0;CPXPARAM_Emphasis_Memory=0;CPXPARAM_Emphasis_Numerical=0;CPXPARAM_Feasopt_Mode=0;CPXPARAM_LPMethod=0;CPXPARAM_MIP_Cuts_Cliques=3;CPXPARAM_MIP_Cuts_Covers=-1;CPXPARAM_MIP_Cuts_Disjunctive=-1;CPXPARAM_MIP_Cuts_FlowCovers=-1;CPXPARAM_MIP_Cuts_GUBCovers=0;CPXPARAM_MIP_Cuts_Gomory=0;CPXPARAM_MIP_Cuts_Implied=-1;CPXPARAM_MIP_Cuts_MIRCut=-1;CPXPARAM_MIP_Cuts_PathCut=-1;CPXPARAM_MIP_Limits_AggForCut=10;CPXPARAM_MIP_Limits_CutPasses=0;CPXPARAM_MIP_Limits_CutsFactor=-1;CPXPARAM_MIP_Limits_GomoryCand=50;CPXPARAM_MIP_Limits_GomoryPass=0;CPXPARAM_MIP_Limits_Nodes=9223372036800000000;CPXPARAM_MIP_Limits_ProbeTime=1e+75;CPXPARAM_MIP_Limits_RepairTries=0;CPXPARAM_MIP_Limits_StrongCand=10;CPXPARAM_MIP_Limits_StrongIt=0;CPXPARAM_MIP_OrderType=0;CPXPARAM_MIP_Strategy_BBInterval=7;CPXPARAM_MIP_Strategy_Branch=0;CPXPARAM_MIP_Strategy_Dive=0;CPXPARAM_MIP_Strategy_File=1;CPXPARAM_MIP_Strategy_HeuristicFreq=0;CPXPARAM_MIP_Strategy_LBHeur=0;CPXPARAM_MIP_Strategy_NodeSelect=0;CPXPARAM_MIP_Strategy_Order=1;CPXPARAM_MIP_Strategy_PresolveNode=3;CPXPARAM_MIP_Strategy_Probe=0;CPXPARAM_MIP_Strategy_RINSHeur=0;CPXPARAM_MIP_Strategy_StartAlgorithm=0;CPXPARAM_MIP_Strategy_SubAlgorithm=0;CPXPARAM_MIP_Strategy_VariableSelect=2;CPXPARAM_Network_NetFind=2;CPXPARAM_Network_Pricing=0;CPXPARAM_Parallel=1;CPXPARAM_Preprocessing_Aggregator=-1;CPXPARAM_Preprocessing_BoundStrength=-1;CPXPARAM_Preprocessing_CoeffReduce=-1;CPXPARAM_Preprocessing_Dependency=-1;CPXPARAM_Preprocessing_Dual=0;CPXPARAM_Preprocessing_Fill=20;CPXPARAM_Preprocessing_NumPass=-1;CPXPARAM_Preprocessing_Presolve=1;CPXPARAM_Preprocessing_QPMakePSD=1;CPXPARAM_Preprocessing_Reduce=3;CPXPARAM_Preprocessing_Relax=-1;CPXPARAM_Preprocessing_RepeatPresolve=-1;CPXPARAM_Preprocessing_Symmetry=-1;CPXPARAM_Read_Scale=0;CPXPARAM_Sifting_Algorithm=0;CPXPARAM_Simplex_Crash=1;CPXPARAM_Simplex_DGradient=0;CPXPARAM_Simplex_Limits_Perturbation=0;CPXPARAM_Simplex_Limits_Singularity=10;CPXPARAM_Simplex_PGradient=0;CPXPARAM_Simplex_Pricing=0;CPXPARAM_Simplex_Refactor=0
15102446463223988657,0,CPXPARAM_Advance=1;CPXPARAM_Barrier_Algorithm=0;CPXPARAM_Barrier_ColNonzeros=0;CPXPARAM_Barrier_Crossover=0;CPXPARAM_Barrier_Limits_Corrections=-1;CPXPARAM_Barrier_Ordering=0;CPXPARAM_Barrier_StartAlg=1;CPXPARAM_Emphasis_MIP=0;CPXPARAM_Emphasis_Memory=0;CPXPARAM_Emphasis_Numerical=0;CPXPARAM_Feasopt_Mode=0;CPXPARAM_LPMethod=0;CPXPARAM_MIP_Cuts_Cliques=3;CPXPARAM_MIP_Cuts_Covers=3;CPXPARAM_MIP_Cuts_Disjunctive=-1;CPXPARAM_MIP_Cuts_FlowCovers=1;CPXPARAM_MIP_Cuts_GUBCovers=1;CPXPARAM_MIP_Cuts_Gomory=0;CPXPARAM_MIP_Cuts_Implied=-1;CPXPARAM_MIP_Cuts_MIRCut=-1;CPXPARAM_MIP_Cuts_PathCut=0;CPXPARAM_MIP_Limits_AggForCut=2;CPXPARAM_MIP_Limits_CutPasses=0;CPXPARAM_MIP_Limits_CutsFactor=-1;CPXPARAM_MIP_Limits_GomoryCand=200;CPXPARAM_MIP_Limits_GomoryPass=0;CPXPARAM_MIP_Limits_Nodes=9223372036800000000;CPXPARAM_MIP_Limits_ProbeTime=1e+75;CPXPARAM_MIP_Limits_RepairTries=0;CPXPARAM_MIP_Limits_StrongCand=10;CPXPARAM_MIP_Limits_StrongIt=0;CPXPARAM_MIP_OrderType=3;CPXPARAM_MIP_Strategy_BBInterval=7;CPXPARAM_MIP_Strategy_Branch=0;CPXPARAM_MIP_Strategy_Dive=0;CPXPARAM_MIP_Strategy_File=1;CPXPARAM_MIP_Strategy_HeuristicFreq=0;CPXPARAM_MIP_Strategy_LBHeur=0;CPXPARAM_MIP_Strategy_NodeSelect=0;CPXPARAM_MIP_Strategy_Order=1;CPXPARAM_MIP_Strategy_PresolveNode=3;CPXPARAM_MIP_Strategy_Probe=1;CPXPARAM_MIP_Strategy_RINSHeur=0;CPXPARAM_MIP_Strategy_StartAlgorithm=0;CPXPARAM_MIP_Strategy_SubAlgorithm=0;CPXPARAM_MIP_Strategy_VariableSelect=2;CPXPARAM_Network_NetFind=2;CPXPARAM_Network_Pricing=0;CPXPARAM_Parallel=1;CPXPARAM_Preprocessing_Aggregator=-1;CPXPARAM_Preprocessing_BoundStrength=-1;CPXPARAM_Preprocessing_CoeffReduce=-1;CPXPARAM_Preprocessing_Dependency=-1;CPXPARAM_Preprocessing_Dual=0;CPXPARAM_Preprocessing_Fill=5;CPXPARAM_Preprocessing_NumPass=-1;CPXPARAM_Preprocessing_Presolve=1;CPXPARAM_Preprocessing_QPMakePSD=1;CPXPARAM_Preprocessing_Reduce=3;CPXPARAM_Preprocessing_Relax=-1;CPXPARAM_Preprocessing_RepeatPresolve=-1;CPXPARAM_Preprocessing_Symmetry=-1;CPXPARAM_Read_Scale=0;CPXPARAM_Sifting_Algorithm=0;CPXPARAM_Simplex_Crash=1;CPXPARAM_Simplex_DGradient=0;CPXPARAM_Simplex_Limits_Perturbation=0;CPXPARAM_Simplex_Limits_Singularity=10;CPXPARAM_Simplex_PGradient=0;CPXPARAM_Simplex_Pricing=0;CPXPARAM_Simplex_Refactor=0
2708047629393668334,0,CPXPARAM_Advance=1;CPXPARAM_Barrier_Algorithm=0;CPXPARAM_Barrier_ColNonzeros=0;CPXPARAM_Barrier_Crossover=0;CPXPARAM_Barrier_Limits_Corrections=-1;CPXPARAM_Barrier_Ordering=0;CPXPARAM_Barrier_StartAlg=1;CPXPARAM_Emphasis_MIP=5;CPXPARAM_Emphasis_Memory=0;CPXPARAM_Emphasis_Numerical=0;CPXPARAM_Feasopt_Mode=0;CPXPARAM_LPMethod=0;CPXPARAM_MIP_Cuts_Cliques=0;CPXPARAM_MIP_Cuts_Covers=3;CPXPARAM_MIP_Cuts_Disjunctive=-1;CPXPARAM_MIP_Cuts_FlowCovers=-1;CPXPARAM_MIP_Cuts_GUBCovers=-1;CPXPARAM_MIP_Cuts_Gomory=-1;CPXPARAM_MIP_Cuts_Implied=1;CPXPARAM_MIP_Cuts_MIRCut=1;CPXPARAM_MIP_Cuts_PathCut=1;CPXPARAM_MIP_Limits_AggForCut=3;CPXPARAM_MIP_Limits_CutPasses=0;CPXPARAM_MIP_Limits_CutsFactor=-1;CPXPARAM_MIP_Limits_GomoryCand=10;CPXPARAM_MIP_Limits_GomoryPass=0;CPXPARAM_MIP_Limits_Nodes=9223372036800000000;CPXPARAM_MIP_Limits_ProbeTime=1e+75;CPXPARAM_MIP_Limits_RepairTries=0;CPXPARAM_MIP_Limits_StrongCand=10;CPXPARAM_MIP_Limits_StrongIt=0;CPXPARAM_MIP_OrderType=0;CPXPARAM_MIP_Strategy_BBInterval=7;CPXPARAM_MIP_Strategy_Branch=1;CPXPARAM_MIP_Strategy_Dive=0;CPXPARAM_MIP_Strategy_File=1;CPXPARAM_MIP_Strategy_HeuristicFreq=0;CPXPARAM_MIP_Strategy_LBHeur=0;CPXPARAM_MIP_Strategy_NodeSelect=0;CPXPARAM_MIP_Strategy_Order=1;CPXPARAM_MIP_Strategy_PresolveNode=1;CPXPARAM_MIP_Strategy_Probe=-1;CPXPARAM_MIP_Strategy_RINSHeur=0;CPXPARAM_MIP_Strategy_StartAlgorithm=0;CPXPARAM_MIP_Strategy_SubAlgorithm=0;CPXPARAM_MIP_Strategy_VariableSelect=1;CPXPARAM_Network_NetFind=2;CPXPARAM_Network_Pricing=0;CPXPARAM_Parallel=1;CPXPARAM_Preprocessing_Aggregator=-1;CPXPARAM_Preprocessing_BoundStrength=-1;CPXPARAM_Preprocessing_CoeffReduce=-1;CPXPARAM_Preprocessing_Dependency=-1;CPXPARAM_Preprocessing_Dual=0;CPXPARAM_Preprocessing_Fill=10;CPXPARAM_Preprocessing_NumPass=-1;CPXPARAM_Preprocessing_Presolve=1;CPXPARAM_Preprocessing_QPMakePSD=1;CPXPARAM_Preprocessing_Reduce=3;CPXPARAM_Preprocessing_Relax=-1;CPXPARAM_Preprocessing_RepeatPresolve=-1;CPXPARAM_Preprocessing_Symmetry=-1;CPXPARAM_Read_Scale=0;CPXPARAM_Sifting_Algorithm=0;CPXPARAM_Simplex_Crash=1;CPXPARAM_Simplex_DGradient=0;CPXPARAM_Simplex_Limits_Perturbation=0;CPXPARAM_Simplex_Limits_Singularity=10;CPXPARAM_Simplex_PGradient=0;CPXPARAM_Simplex_Pricing=0;CPXPARAM_Simplex_Refactor=0
15684917735994933783,0,CPXPARAM_Advance=1;CPXPARAM_Barrier_Algorithm=0;CPXPARAM_Barrier_ColNonzeros=0;CPXPARAM_Barrier_Crossover=0;CPXPARAM_Barrier_Limits_Corrections=-1;CPXPARAM_Barrier_Ordering=0;CPXPARAM_Barrier_StartAlg=1;CPXPARAM_Emphasis_MIP=5;CPXPARAM_Emphasis_Memory=0;CPXPARAM_Emphasis_Numerical=0;CPXPARAM_Feasopt_Mode=0;CPXPARAM_LPMethod=0;CPXPARAM_MIP_Cuts_Cliques=0;CPXPARAM_MIP_Cuts_Covers=3;CPXPARAM_MIP_Cuts_Disjunctive=-1;CPXPARAM_MIP_Cuts_FlowCovers=-1;CPXPARAM_MIP_Cuts_GUBCovers=2;CPXPARAM_MIP_Cuts_Gomory=0;CPXPARAM_MIP_Cuts_Implied=1;CPXPARAM_MIP_Cuts_MIRCut=1;CPXPARAM_MIP_Cuts_PathCut=1;CPXPARAM_MIP_Limits_AggForCut=3;CPXPARAM_MIP_Limits_CutPasses=0;CPXPARAM_MIP_Limits_CutsFactor=-1;CPXPARAM_MIP_Limits_GomoryCand=800;CPXPARAM_MIP_Limits_GomoryPass=0;CPXPARAM_MIP_Limits_Nodes=9223372036800000000;CPXPARAM_MIP_Limits_ProbeTime=1e+75;CPXPARAM_MIP_Limits_RepairTries=0;CPXPARAM_MIP_Limits_StrongCand=10;CPXPARAM_MIP_Limits_StrongIt=0;CPXPARAM_MIP_OrderType=0;CPXPARAM_MIP_Strategy_BBInterval=7;CPXPARAM_MIP_Strategy_Branch=1;CPXPARAM_MIP_Strategy_Dive=0;CPXPARAM_MIP_Strategy_File=1;CPXPARAM_MIP_Strategy_HeuristicFreq=0;CPXPARAM_MIP_Strategy_LBHeur=0;CPXPARAM_MIP_Strategy_NodeSelect=0;CPXPARAM_MIP_Strategy_Order=1;CPXPARAM_MIP_Strategy_PresolveNode=1;CPXPARAM_MIP_Strategy_Probe=-1;CPXPARAM_MIP_Strategy_RINSHeur=0;CPXPARAM_MIP_Strategy_StartAlgorithm=0;CPXPARAM_MIP_Strategy_SubAlgorithm=0;CPXPARAM_MIP_Strategy_VariableSelect=1;CPXPARAM_Network_NetFind=2;CPXPARAM_Network_Pricing=0;CPXPARAM_Parallel=1;CPXPARAM_Preprocessing_Aggregator=-1;CPXPARAM_Preprocessing_BoundStrength=-1;CPXPARAM_Preprocessing_CoeffReduce=-1;CPXPARAM_Preprocessing_Dependency=-1;CPXPARAM_Preprocessing_Dual=0;CPXPARAM_Preprocessing_Fill=10;CPXPARAM_Preprocessing_NumPass=-1;CPXPARAM_Preprocessing_Presolve=1;CPXPARAM_Preprocessing_QPMakePSD=1;CPXPARAM_Preprocessing_Reduce=3;CPXPARAM_Preprocessing_Relax=-1;CPXPARAM_Preprocessing_RepeatPresolve=-1;CPXPARAM_Preprocessing_Symmetry=-1;CPXPARAM_Read_Scale=0;CPXPARAM_Sifting_Algorithm=0;CPXPARAM_Simplex_Crash=1;CPXPARAM_Simplex_DGradient=0;CPXPARAM_Simplex_Limits_Perturbation=0;CPXPARAM_Simplex_Limits_Singularity=10;CPXPARAM_Simplex_PGradient=0;CPXPARAM_Simplex_Pricing=0;CPXPARAM_Simplex_Refactor=0
1547984135255013744,0,CPXPARAM_Advance=1;CPXPARAM_Barrier_Algorithm=0;CPXPARAM_Barrier_ColNonzeros=0;CPXPARAM_Barrier_Crossover=0;CPXPARAM_Barrier_Limits_Corrections=-1;CPXPARAM_Barrier_Ordering=0;CPXPARAM_Barrier_StartAlg=1;CPXPARAM_Emphasis_MIP=5;CPXPARAM_Emphasis_Memory=0;CPXPARAM_Emphasis_Numerical=0;CPXPARAM_Feasopt_Mode=0;CPXPARAM_LPMethod=0;CPXPARAM_MIP_Cuts_Cliques=0;CPXPARAM_MIP_Cuts_Covers=3;CPXPARAM_MIP_Cuts_Disjunctive=-1;CPXPARAM_MIP_Cuts_FlowCovers=-1;CPXPARAM_MIP_Cuts_GUBCovers=-1;CPXPARAM_MIP_Cuts_Gomory=0;CPXPARAM_MIP_Cuts_Implied=1;CPXPARAM_MIP_Cuts_MIRCut=1;CPXPARAM_MIP_Cuts_PathCut=1;CPXPARAM_MIP_Limits_AggForCut=3;CPXPARAM_MIP_Limits_CutPasses=0;CPXPARAM_MIP_Limits_CutsFactor=-1;CPXPARAM_MIP_Limits_GomoryCand=800;CPXPARAM_MIP_Limits_GomoryPass=0;CPXPARAM_MIP_Limits_Nodes=9223372036800000000;CPXPARAM_MIP_Limits_ProbeTime=1e+75;CPXPARAM_MIP_Limits_RepairTries=0;CPXPARAM_MIP_Limits_StrongCand=10;CPXPARAM_MIP_Limits_StrongIt=0;CPXPARAM_MIP_OrderType=0;CPXPARAM_MIP_Strategy_BBInterval=7;CPXPARAM_MIP_Strategy_Branch=1;CPXPARAM_MIP_Strategy_Dive=0;CPXPARAM_MIP_Strategy_File=1;CPXPARAM_MIP_Strategy_HeuristicFreq=0;CPXPARAM_MIP_Strategy_LBHeur=0;CPXPARAM_MIP_Strategy_NodeSelect=0;CPXPARAM_MIP_Strategy_Order=1;CPXPARAM_MIP_Strategy_PresolveNode=1;CPXPARAM_MIP_Strategy_Probe=-1;CPXPARAM_MIP_Strategy_RINSHeur=0;CPXPARAM_MIP_Strategy_StartAlgorithm=0;CPXPARAM_MIP_Strategy_SubAlgorithm=0;CPXPARAM_MIP_Strategy_VariableSelect=0;CPXPARAM_Network_NetFind=2;CPXPARAM_Network_Pricing=0;CPXPARAM_Parallel=1;CPXPARAM_Preprocessing_Aggregator=-1;CPXPARAM_Preprocessing_BoundStrength=-1;CPXPARAM_Preprocessing_CoeffReduce=-1;CPXPARAM_Preprocessing_Dependency=-1;CPXPARAM_Preprocessing_Dual=0;CPXPARAM_Preprocessing_Fill=10;CPXPARAM_Preprocessing_NumPass=-1;CPXPARAM_Preprocessing_Presolve=1;CPXPARAM_Preprocessing_QPMakePSD=1;CPXPARAM_Preprocessing_Reduce=3;CPXPARAM_Preprocessing_Relax=-1;CPXPARAM_Preprocessing_RepeatPresolve=-1;CPXPARAM_Preprocessing_Symmetry=-1;CPXPARAM_Read_Scale=0;CPXPARAM_Sifting_Algorithm=0;CPXPARAM_Simplex_Crash=1;CPXPARAM_Simplex_DGradient=0;CPXPARAM_Simplex_Limits_Perturbation=0;CPXPARAM_Simplex_Limits_Singularity=10;CPXPARAM_Simplex_PGradient=0;CPXPARAM_Simplex_Pricing=0;CPXPARAM_Simplex_Refactor=0
5926334438852038997,0,CPXPARAM_Advance=1;CPXPARAM_Barrier_Algorithm=0;CPXPARAM_Barrier_ColNonzeros=0;CPXPARAM_Barrier_Crossover=0;CPXPARAM_Barrier_Limits_Corrections=-1;CPXPARAM_Barrier_Ordering=0;CPXPARAM_Barrier_StartAlg=1;CPXPARAM_Emphasis_MIP=3;CPXPARAM_Emphasis_Memory=0;CPXPARAM_Emphasis_Numerical=0;CPXPARAM_Feasopt_Mode=0;CPXPARAM_LPMethod=0;CPXPARAM_MIP_Cuts_Cliques=-1;CPXPARAM_MIP_Cuts_Covers=0;CPXPARAM_MIP_Cuts_Disjunctive=1;CPXPARAM_MIP_Cuts_FlowCovers=0;CPXPARAM_MIP_Cuts_GUBCovers=-1;CPXPARAM_MIP_Cuts_Gomory=2;CPXPARAM_MIP_Cuts_Implied=-1;CPXPARAM_MIP_Cuts_MIRCut=1;CPXPARAM_MIP_Cuts_PathCut=2;CPXPARAM_MIP_Limits_AggForCut=0;CPXPARAM_MIP_Limits_CutPasses=0;CPXPARAM_MIP_Limits_CutsFactor=-1;CPXPARAM_MIP_Limits_GomoryCand=100;CPXPARAM_MIP_Limits_GomoryPass=0;CPXPARAM_MIP_Limits_Nodes=9223372036800000000;CPXPARAM_MIP_Limits_ProbeTime=1e+75;CPXPARAM_MIP_Limits_RepairTries=0;CPXPARAM_MIP_Limits_StrongCand=10;CPXPARAM_MIP_Limits_StrongIt=0;CPXPARAM_MIP_OrderType=0;CPXPARAM_MIP_Strategy_BBInterval=7;CPXPARAM_MIP_Strategy_Branch=-1;CPXPARAM_MIP_Strategy_Dive=0;CPXPARAM_MIP_Strategy_File=1;CPXPARAM_MIP_Strategy_HeuristicFreq=0;CPXPARAM_MIP_Strategy_LBHeur=0;CPXPARAM_MIP_Strategy_NodeSelect=2;CPXPARAM_MIP_Strategy_Order=1;CPXPARAM_MIP_Strategy_PresolveNode=0;CPXPARAM_MIP_Strategy_Probe=2;CPXPARAM_MIP_Strategy_RINSHeur=0;CPXPARAM_MIP_Strategy_StartAlgorithm=0;CPXPARAM_MIP_Strategy_SubAlgorithm=0;CPXPARAM_MIP_Strategy_VariableSelect=-1;CPXPARAM_Network_NetFind=2;CPXPARAM_Network_Pricing=0;CPXPARAM_Parallel=1;CPXPARAM_Preprocessing_Aggregator=-1;CPXPARAM_Preprocessing_BoundStrength=-1;CPXPARAM_Preprocessing_CoeffReduce=-1;CPXPARAM_Preprocessing_Dependency=-1;CPXPARAM_Preprocessing_Dual=0;CPXPARAM_Preprocessing_Fill=5;CPXPARAM_Preprocessing_NumPass=-1;CPXPARAM_Preprocessing_Presolve=1;CPXPARAM_Preprocessing_QPMakePSD=1;CPXPARAM_Preprocessing_Reduce=3;CPXPARAM_Preprocessing_Relax=-1;CPXPARAM_Preprocessing_RepeatPresolve=-1;CPXPARAM_Preprocessing_Symmetry=-1;CPXPARAM_Read_Scale=0;CPXPARAM_Sifting_Algorithm=0;CPXPARAM_Simplex_Crash=1;CPXPARAM_Simplex_DGradient=0;CPXPARAM_Simplex_Limits_Perturbation=0;CPXPARAM_Simplex_Limits_Singularity=10;CPXPARAM_Simplex_PGradient=0;CPXPARAM_Simplex_Pricing=0;CPXPARAM_Simplex_Refactor=0
16882650818248322073,0,CPXPARAM_Advance=1;CPXPARAM_Barrier_Algorithm=0;CPXPARAM_Barrier_ColNonzeros=0;CPXPARAM_Barrier_Crossover=0;CPXPARAM_Barrier_Limits_Corrections=-1;CPXPARAM_Barrier_Ordering=0;CPXPARAM_Barrier_StartAlg=1;CPXPARAM_Emphasis_MIP=5;CPXPARAM_Emphasis_Memory=0;CPXPARAM_Emphasis_Numerical=0;CPXPARAM_Feasopt_Mode=0;CPXPARAM_LPMethod=0;CPXPARAM_MIP_Cuts_Cliques=3;CPXPARAM_MIP_Cuts_Covers=0;CPXPARAM_MIP_Cuts_Disjunctive=-1;CPXPARAM_MIP_Cuts_FlowCovers=0;CPXPARAM_MIP_Cuts_GUBCovers=1;CPXPARAM_MIP_Cuts_Gomory=-1;CPXPARAM_MIP_Cuts_Implied=2;CPXPARAM_MIP_Cuts_MIRCut=2;CPXPARAM_MIP_Cuts_PathCut=-1;CPXPARAM_MIP_Limits_AggForCut=0;CPXPARAM_MIP_Limits_CutPasses=0;CPXPARAM_MIP_Limits_CutsFactor=-1;CPXPARAM_MIP_Limits_GomoryCand=200;CPXPARAM_MIP_Limits_GomoryPass=0;CPXPARAM_MIP_Limits_Nodes=9223372036800000000;CPXPARAM_MIP_Limits_ProbeTime=1e+75;CPXPARAM_MIP_Limits_RepairTries=0;CPXPARAM_MIP_Limits_StrongCand=10;CPXPARAM_MIP_Limits_StrongIt=0;CPXPARAM_MIP_OrderType=0;CPXPARAM_MIP_Strategy_BBInterval=7;CPXPARAM_MIP_Strategy_Branch=-1;CPXPARAM_MIP_Strategy_Dive=0;CPXPARAM_MIP_Strategy_File=1;CPXPARAM_MIP_Strategy_HeuristicFreq=0;CPXPARAM_MIP_Strategy_LBHeur=0;CPXPARAM_MIP_Strategy_NodeSelect=2;CPXPARAM_MIP_Strategy_Order=1;CPXPARAM_MIP_Strategy_PresolveNode=-1;CPXPARAM_MIP_Strategy_Probe=2;CPXPARAM_MIP_Strategy_RINSHeur=0;CPXPARAM_MIP_Strategy_StartAlgorithm=0;CPXPARAM_MIP_Strategy_SubAlgorithm=3;CPXPARAM_MIP_Strategy_VariableSelect=4;CPXPARAM_Network_NetFind=2;CPXPARAM_Network_Pricing=0;CPXPARAM_Parallel=1;CPXPARAM_Preprocessing_Aggregator=-1;CPXPARAM_Preprocessing_BoundStrength=-1;CPXPARAM_Preprocessing_CoeffReduce=-1;CPXPARAM_Preprocessing_Dependency=-1;CPXPARAM_Preprocessing_Dual=0;CPXPARAM_Preprocessing_Fill=2;CPXPARAM_Preprocessing_NumPass=-1;CPXPARAM_Preprocessing_Presolve=1;CPXPARAM_Preprocessing_QPMakePSD=1;CPXPARAM_Preprocessing_Reduce=3;CPXPARAM_Preprocessing_Relax=-1;CPXPARAM_Preprocessing_RepeatPresolve=-1;CPXPARAM_Preprocessing_Symmetry=-1;CPXPARAM_Read_Scale=0;CPXPARAM_Sifting_Algorithm=0;CPXPARAM_Simplex_Crash=1;CPXPARAM_Simplex_DGradient=0;CPXPARAM_Simplex_Limits_Perturbation=0;CPXPARAM_Simplex_Limits_Singularity=10;CPXPARAM_Simplex_PGradient=0;CPXPARAM_Simplex_Pricing=0;CPXPARAM_Simplex_Refactor=0
11452226313060639287,0,CPXPARAM_Advance=1;CPXPARAM_Barrier_Algorithm=0;CPXPARAM_Barrier_ColNonzeros=0;CPXPARAM_Barrier_Crossover=0;CPXPARAM_Barrier_Limits_Corrections=-1;CPXPARAM_Barrier_Ordering=0;CPXPARAM_Barrier_StartAlg=1;CPXPARAM_Emphasis_MIP=5;CPXPARAM_Emphasis_Memory=0;CPXPARAM_Emphasis_Numerical=0;CPXPARAM_Feasopt_Mode=0;CPXPARAM_LPMethod=0;CPXPARAM_MIP_Cuts_Cliques=0;CPXPARAM_MIP_Cuts_Covers=3;CPXPARAM_MIP_Cuts_Disjunctive=-1;CPXPARAM_MIP_Cuts_FlowCovers=-1;CPXPARAM_MIP_Cuts_GUBCovers=-1;CPXPARAM_MIP_Cuts_Gomory=0;CPXPARAM_MIP_Cuts_Implied=1;CPXPARAM_MIP_Cuts_MIRCut=1;CPXPARAM_MIP_Cuts_PathCut=2;CPXPARAM_MIP_Limits_AggForCut=3;CPXPARAM_MIP_Limits_CutPasses=0;CPXPARAM_MIP_Limits_CutsFactor=-1;CPXPARAM_MIP_Limits_GomoryCand=800;CPXPARAM_MIP_Limits_GomoryPass=0;CPXPARAM_MIP_Limits_Nodes=9223372036800000000;CPXPARAM_MIP_Limits_ProbeTime=1e+75;CPXPARAM_MIP_Limits_RepairTries=0;CPXPARAM_MIP_Limits_StrongCand=10;CPXPARAM_MIP_Limits_StrongIt=0;CPXPARAM_MIP_OrderType=0;CPXPARAM_MIP_Strategy_BBInterval=7;CPXPARAM_MIP_Strategy_Branch=1;CPXPARAM_MIP_Strategy_Dive=0;CPXPARAM_MIP_Strategy_File=1;CPXPARAM_MIP_Strategy_HeuristicFreq=0;CPXPARAM_MIP_Strategy_LBHeur=0;CPXPARAM_MIP_Strategy_NodeSelect=0;CPXPARAM_MIP_Strategy_Order=1;CPXPARAM_MIP_Strategy_PresolveNode=1;CPXPARAM_MIP_Strategy_Probe=-1;CPXPARAM_MIP_Strategy_RINSHeur=0;CPXPARAM_MIP_Strategy_StartAlgorithm=0;CPXPARAM_MIP_Strategy_SubAlgorithm=0;CPXPARAM_MIP_Strategy_VariableSelect=1;CPXPARAM_Network_NetFind=2;CPXPARAM_Network_Pricing=0;CPXPARAM_Parallel=1;CPXPARAM_Preprocessing_Aggregator=-1;CPXPARAM_Preprocessing_BoundStrength=-1;CPXPARAM_Preprocessing_CoeffReduce=-1;CPXPARAM_Preprocessing_Dependency=-1;CPXPARAM_Preprocessing_Dual=0;CPXPARAM_Preprocessing_Fill=10;CPXPARAM_Preprocessing_NumPass=-1;CPXPARAM_Preprocessing_Presolve=1;CPXPARAM_Preprocessing_QPMakePSD=1;CPXPARAM_Preprocessing_Reduce=3;CPXPARAM_Preprocessing_Relax=-1;CPXPARAM_Preprocessing_RepeatPresolve=-1;CPXPARAM_Preprocessing_Symmetry=-1;CPXPARAM_Read_Scale=0;CPXPARAM_Sifting_Algorithm=0;CPXPARAM_Simplex_Crash=1;CPXPARAM_Simplex_DGradient=0;CPXPARAM_Simplex_Limits_Perturbation=0;CPXPARAM_Simplex_Limits_Singularity=10;CPXPARAM_Simplex_PGradient=0;CPXPARAM_Simplex_Pricing=0;CPXPARAM_Simplex_Refactor=0
8940804237845279843,0,CPXPARAM_Advance=1;CPXPARAM_Barrier_Algorithm=0;CPXPARAM_Barrier_ColNonzeros=0;CPXPARAM_Barrier_Crossover=0;CPXPARAM_Barrier_Limits_Corrections=-1;CPXPARAM_Barrier_Ordering=0;CPXPARAM_Barrier_StartAlg=1;CPXPARAM_Emphasis_MIP=0;CPXPARAM_Emphasis_Memory=0;CPXPARAM_Emphasis_Numerical=0;CPXPARAM_Feasopt_Mode=0;CPXPARAM_LPMethod=0;CPXPARAM_MIP_Cuts_Cliques=-1;CPXPARAM_MIP_Cuts_Covers=2;CPXPARAM_MIP_Cuts_Disjunctive=1;CPXPARAM_MIP_Cuts_FlowCovers=-1;CPXPARAM_MIP_Cuts_GUBCovers=-1;CPXPARAM_MIP_Cuts_Gomory=1;CPXPARAM_MIP_Cuts_Implied=-1;CPXPARAM_MIP_Cuts_MIRCut=2;CPXPARAM_MIP_Cuts_PathCut=-1;CPXPARAM_MIP_Limits_AggForCut=10;CPXPARAM_MIP_Limits_CutPasses=0;CPXPARAM_MIP_Limits_CutsFactor=-1;CPXPARAM_MIP_Limits_GomoryCand=100;CPXPARAM_MIP_Limits_GomoryPass=0;CPXPARAM_MIP_Limits_Nodes=9223372036800000000;CPXPARAM_MIP_Limits_ProbeTime=1e+75;CPXPARAM_MIP_Limits_RepairTries=0;CPXPARAM_MIP_Limits_StrongCand=10;CPXPARAM_MIP_Limits_StrongIt=0;CPXPARAM_MIP_OrderType=0;CPXPARAM_MIP_Strategy_BBInterval=7;CPXPARAM_MIP_Strategy_Branch=1;CPXPARAM_MIP_Strategy_Dive=0;CPXPARAM_MIP_Strategy_File=1;CPXPARAM_MIP_Strategy_HeuristicFreq=0;CPXPARAM_MIP_Strategy_LBHeur=0;CPXPARAM_MIP_Strategy_NodeSelect=0;CPXPARAM_MIP_Strategy_Order=1;CPXPARAM_MIP_Strategy_PresolveNode=1;CPXPARAM_MIP_Strategy_Probe=2;CPXPARAM_MIP_Strategy_RINSHeur=0;CPXPARAM_MIP_Strategy_StartAlgorithm=0;CPXPARAM_MIP_Strategy_SubAlgorithm=0;CPXPARAM_MIP_Strategy_VariableSelect=2;CPXPARAM_Network_NetFind=2;CPXPARAM_Network_Pricing=0;CPXPARAM_Parallel=1;CPXPARAM_Preprocessing_Aggregator=-1;CPXPARAM_Preprocessing_BoundStrength=-1;CPXPARAM_Preprocessing_CoeffReduce=-1;CPXPARAM_Preprocessing_Dependency=-1;CPXPARAM_Preprocessing_Dual=0;CPXPARAM_Preprocessing_Fill=5;CPXPARAM_Preprocessing_NumPass=-1;CPXPARAM_Preprocessing_Presolve=1;CPXPARAM_Preprocessing_QPMakePSD=1;CPXPARAM_Preprocessing_Reduce=1;CPXPARAM_Preprocessing_Relax=-1;CPXPARAM_Preprocessing_RepeatPresolve=-1;CPXPARAM_Preprocessing_Symmetry=-1;CPXPARAM_Read_Scale=-1;CPXPARAM_Sifting_Algorithm=0;CPXPARAM_Simplex_Crash=1;CPXPARAM_Simplex_DGradient=0;CPXPARAM_Simplex_Limits_Perturbation=0;CPXPARAM_Simplex_Limits_Singularity=10;CPXPARAM_Simplex_PGradient=0;CPXPARAM_Simplex_Pricing=0;CPXPARAM_Simplex_Refactor=0
10977386724564839340,0,CPXPARAM_Advance=1;CPXPARAM_Barrier_Algorithm=0;CPXPARAM_Barrier_ColNonzeros=0;CPXPARAM_Barrier_Crossover=0;CPXPARAM_Barrier_Limits_Corrections=-1;CPXPARAM_Barrier_Ordering=0;CPXPARAM_Barrier_StartAlg=1;CPXPARAM_Emphasis_MIP=1;CPXPARAM_Emphasis_Memory=0;CPXPARAM_Emphasis_Numerical=0;CPXPARAM_Feasopt_Mode=0;CPXPARAM_LPMethod=0;CPXPARAM_MIP_Cuts_Cliques=0;CPXPARAM_MIP_Cuts_Covers=2;CPXPARAM_MIP_Cuts_Disjunctive=-1;CPXPARAM_MIP_Cuts_FlowCovers=2;CPXPARAM_MIP_Cuts_GUBCovers=2;CPXPARAM_MIP_Cuts_Gomory=-1;CPXPARAM_MIP_Cuts_Implied=2;CPXPARAM_MIP_Cuts_MIRCut=2;CPXPARAM_MIP_Cuts_PathCut=2;CPXPARAM_MIP_Limits_AggForCut=5;CPXPARAM_MIP_Limits_CutPasses=0;CPXPARAM_MIP_Limits_CutsFactor=-1;CPXPARAM_MIP_Limits_GomoryCand=50;CPXPARAM_MIP_Limits_GomoryPass=0;CPXPARAM_MIP_Limits_Nodes=9223372036800000000;CPXPARAM_MIP_Limits_ProbeTime=1e+75;CPXPARAM_MIP_Limits_RepairTries=0;CPXPARAM_MIP_Limits_StrongCand=10;CPXPARAM_MIP_Limits_StrongIt=0;CPXPARAM_MIP_OrderType=0;CPXPARAM_MIP_Strategy_BBInterval=7;CPXPARAM_MIP_Strategy_Branch=-1;CPXPARAM_MIP_Strategy_Dive=0;CPXPARAM_MIP_Strategy_File=1;CPXPARAM_MIP_Strategy_HeuristicFreq=0;CPXPARAM_MIP_Strategy_LBHeur=0;CPXPARAM_MIP_Strategy_NodeSelect=2;CPXPARAM_MIP_Strategy_Order=1;CPXPARAM_MIP_Strategy_PresolveNode=3;CPXPARAM_MIP_Strategy_Probe=0;CPXPARAM_MIP_Strategy_RINSHeur=0;CPXPARAM_MIP_Strategy_StartAlgorithm=0;CPXPARAM_MIP_Strategy_SubAlgorithm=0;CPXPARAM_MIP_Strategy_VariableSelect=3;CPXPARAM_Network_NetFind=2;CPXPARAM_Network_Pricing=0;CPXPARAM_Parallel=1;CPXPARAM_Preprocessing_Aggregator=-1;CPXPARAM_Preprocessing_BoundStrength=-1;CPXPARAM_Preprocessing_CoeffReduce=-1;CPXPARAM_Preprocessing_Dependency=-1;CPXPARAM_Preprocessing_Dual=0;CPXPARAM_Preprocessing_Fill=5;CPXPARAM_Preprocessing_NumPass=-1;CPXPARAM_Preprocessing_Presolve=1;CPXPARAM_Preprocessing_QPMakePSD=1;CPXPARAM_Preprocessing_Reduce=3;CPXPARAM_Preprocessing_Relax=-1;CPXPARAM_Preprocessing_RepeatPresolve=-1;CPXPARAM_Preprocessing_Symmetry=-1;CPXPARAM_Read_Scale=0;CPXPARAM_Sifting_Algorithm=0;CPXPARAM_Simplex_Crash=1;CPXPARAM_Simplex_DGradient=0;CPXPARAM_Simplex_Limits_Perturbation=0;CPXPARAM_Simplex_Limits_Singularity=10;CPXPARAM_Simplex_PGradient=0;CPXPARAM_Simplex_Pricing=0;CPXPARAM_Simplex_Refactor=0
5759687678625215467,0,CPXPARAM_Advance=1;CPXPARAM_Barrier_Algorithm=0;CPXPARAM_Barrier_ColNonzeros=0;CPXPARAM_Barrier_Crossover=0;CPXPARAM_Barrier_Limits_Corrections=-1;CPXPARAM_Barrier_Ordering=0;CPXPARAM_Barrier_StartAlg=1;CPXPARAM_Emphasis_MIP=1;CPXPARAM_Emphasis_Memory=0;CPXPARAM_Emphasis_Numerical=0;CPXPARAM_Feasopt_Mode=0;CPXPARAM_LPMethod=0;CPXPARAM_MIP_Cuts_Cliques=2;CPXPARAM_MIP_Cuts_Covers=0;CPXPARAM_MIP_Cuts_Disjunctive=1;CPXPARAM_MIP_Cuts_FlowCovers=1;CPXPARAM_MIP_Cuts_GUBCovers=-1;CPXPARAM_MIP_Cuts_Gomory=2;CPXPARAM_MIP_Cuts_Implied=0;CPXPARAM_MIP_Cuts_MIRCut=1;CPXPARAM_MIP_Cuts_PathCut=2;CPXPARAM_MIP_Limits_AggForCut=3;CPXPARAM_MIP_Limits_CutPasses=0;CPXPARAM_MIP_Limits_CutsFactor=-1;CPXPARAM_MIP_Limits_GomoryCand=400;CPXPARAM_MIP_Limits_GomoryPass=0;CPXPARAM_MIP_Limits_Nodes=9223372036800000000;CPXPARAM_MIP_Limits_ProbeTime=1e+75;CPXPARAM_MIP_Limits_RepairTries=0;CPXPARAM_MIP_Limits_StrongCand=10;CPXPARAM_MIP_Limits_StrongIt=0;CPXPARAM_MIP_OrderType=0;CPXPARAM_MIP_Strategy_BBInterval=7;CPXPARAM_MIP_Strategy_Branch=0;CPXPARAM_MIP_Strategy_Dive=0;CPXPARAM_MIP_Strategy_File=1;CPXPARAM_MIP_Strategy_HeuristicFreq=0;CPXPARAM_MIP_Strategy_LBHeur=0;CPXPARAM_MIP_Strategy_NodeSelect=1;CPXPARAM_MIP_Strategy_Order=1;CPXPARAM_MIP_Strategy_PresolveNode=0;CPXPARAM_MIP_Strategy_Probe=0;CPXPARAM_MIP_Strategy_RINSHeur=0;CPXPARAM_MIP_Strategy_StartAlgorithm=0;CPXPARAM_MIP_Strategy_SubAlgorithm=0;CPXPARAM_MIP_Strategy_VariableSelect=0;CPXPARAM_Network_NetFind=2;CPXPARAM_Network_Pricing=0;CPXPARAM_Parallel=1;CPXPARAM_Preprocessing_Aggregator=-1;CPXPARAM_Preprocessing_BoundStrength=-1;CPXPARAM_Preprocessing_CoeffReduce=-1;CPXPARAM_Preprocessing_Dependency=-1;CPXPARAM_Preprocessing_Dual=0;CPXPARAM_Preprocessing_Fill=10;CPXPARAM_Preprocessing_NumPass=-1;CPXPARAM_Preprocessing_Presolve=1;CPXPARAM_Preprocessing_QPMakePSD=1;CPXPARAM_Preprocessing_Reduce=3;CPXPARAM_Preprocessing_Relax=-1;CPXPARAM_Preprocessing_RepeatPresolve=-1;CPXPARAM_Preprocessing_Symmetry=-1;CPXPARAM_Read_Scale=0;CPXPARAM_Sifting_Algorithm=0;CPXPARAM_Simplex_Crash=1;CPXPARAM_Simplex_DGradient=0;CPXPARAM_Simplex_Limits_Perturbation=0;CPXPARAM_Simplex_Limits_Singularity=10;CPXPARAM_Simplex_PGradient=0;CPXPARAM_Simplex_Pricing=0;CPXPARAM_Simplex_Refactor=0
13485924620309632350,0,CPXPARAM_Advance=1;CPXPARAM_Barrier_Algorithm=0;CPXPARAM_Barrier_ColNonzeros=0;CPXPARAM_Barrier_Crossover=0;CPXPARAM_Barrier_Limits_Corrections=-1;CPXPARAM_Barrier_Ordering=0;CPXPARAM_Barrier_StartAlg=1;CPXPARAM_Emphasis_MIP=5;CPXPARAM_Emphasis_Memory=0;CPXPARAM_Emphasis_Numerical=0;CPXPARAM_Feasopt_Mode=0;CPXPARAM_LPMethod=0;CPXPARAM_MIP_Cuts_Cliques=0;CPXPARAM_MIP_Cuts_Covers=3;CPXPARAM_MIP_Cuts_Disjunctive=-1;CPXPARAM_MIP_Cuts_FlowCovers=-1;CPXPARAM_MIP_Cuts_GUBCovers=-1;CPXPARAM_MIP_Cuts_Gomory=0;CPXPARAM_MIP_Cuts_Implied=1;CPXPARAM_MIP_Cuts_MIRCut=1;CPXPARAM_MIP_Cuts_PathCut=1;CPXPARAM_MIP_Limits_AggForCut=3;CPXPARAM_MIP_Limits_CutPasses=0;CPXPARAM_MIP_Limits_CutsFactor=-1;CPXPARAM_MIP_Limits_GomoryCand=800;CPXPARAM_MIP_Limits_GomoryPass=0;CPXPARAM_MIP_Limits_Nodes=9223372036800000000;CPXPARAM_MIP_Limits_ProbeTime=1e+75;CPXPARAM_MIP_Limits_RepairTries=0;CPXPARAM_MIP_Limits_StrongCand=10;CPXPARAM_MIP_Limits_StrongIt=0;CPXPARAM_MIP_OrderType=0;CPXPARAM_MIP_Strategy_BBInterval=7;CPXPARAM_MIP_Strategy_Branch=-1;CPXPARAM_MIP_Strategy_Dive=0;CPXPARAM_MIP_Strategy_File=1;CPXPARAM_MIP_Strategy_HeuristicFreq=0;CPXPARAM_MIP_Strategy_LBHeur=0;CPXPARAM_MIP_Strategy_NodeSelect=0;CPXPARAM_MIP_Strategy_Order=1;CPXPARAM_MIP_Strategy_PresolveNode=1;CPXPARAM_MIP_Strategy_Probe=-1;CPXPARAM_MIP_Strategy_RINSHeur=0;CPXPARAM_MIP_Strategy_StartAlgorithm=0;CPXPARAM_MIP_Strategy_SubAlgorithm=0;CPXPARAM_MIP_Strategy_VariableSelect=1;CPXPARAM_Network_NetFind=2;CPXPARAM_Network_Pricing=0;CPXPARAM_Parallel=1;CPXPARAM_Preprocessing_Aggregator=-1;CPXPARAM_Preprocessing_BoundStrength=-1;CPXPARAM_Preprocessing_CoeffReduce=-1;CPXPARAM_Preprocessing_Dependency=-1;CPXPARAM_Preprocessing_Dual=0;CPXPARAM_Preprocessing_Fill=10;CPXPARAM_Preprocessing_NumPass=-1;CPXPARAM_Preprocessing_Presolve=1;CPXPARAM_Preprocessing_QPMakePSD=1;CPXPARAM_Preprocessing_Reduce=3;CPXPARAM_Preprocessing_Relax=-1;CPXPARAM_Preprocessing_RepeatPresolve=-1;CPXPARAM_Preprocessing_Symmetry=-1;CPXPARAM_Read_Scale=0;CPXPARAM_Sifting_Algorithm=0;CPXPARAM_Simplex_Crash=1;CPXPARAM_Simplex_DGradient=0;CPXPARAM_Simplex_Limits_Perturbation=0;CPXPARAM_Simplex_Limits_Singularity=10;CPXPARAM_Simplex_PGradient=0;CPXPARAM_Simplex_Pricing=0;CPXPARAM_Simplex_Refactor=0
6316813019456166409,0,CPXPARAM_Advance=1;CPXPARAM_Barrier_Algorithm=0;CPXPARAM_Barrier_ColNonzeros=0;CPXPARAM_Barrier_Crossover=0;CPXPARAM_Barrier_Limits_Corrections=-1;CPXPARAM_Barrier_Ordering=0;CPXPARAM_Barrier_StartAlg=1;CPXPARAM_Emphasis_MIP=5;CPXPARAM_Emphasis_Memory=0;CPXPARAM_Emphasis_Numerical=0;CPXPARAM_Feasopt_Mode=0;CPXPARAM_LPMethod=0;CPXPARAM_MIP_Cuts_Cliques=0;CPXPARAM_MIP_Cuts_Covers=3;CPXPARAM_MIP_Cuts_Disjunctive=-1;CPXPARAM_MIP_Cuts_FlowCovers=-1;CPXPARAM_MIP_Cuts_GUBCovers=-1;CPXPARAM_MIP_Cuts_Gomory=0;CPXPARAM_MIP_Cuts_Implied=1;CPXPARAM_MIP_Cuts_MIRCut=1;CPXPARAM_MIP_Cuts_PathCut=1;CPXPARAM_MIP_Limits_AggForCut=3;CPXPARAM_MIP_Limits_CutPasses=0;CPXPARAM_MIP_Limits_CutsFactor=-1;CPXPARAM_MIP_Limits_GomoryCand=800;CPXPARAM_MIP_Limits_GomoryPass=0;CPXPARAM_MIP_Limits_Nodes=9223372036800000000;CPXPARAM_MIP_Limits_ProbeTime=1e+75;CPXPARAM_MIP_Limits_RepairTries=0;CPXPARAM_MIP_Limits_StrongCand=10;CPXPARAM_MIP_Limits_StrongIt=0;CPXPARAM_MIP_OrderType=0;CPXPARAM_MIP_Strategy_BBInterval=7;CPXPARAM_MIP_Strategy_Branch=1;CPXPARAM_MIP_Strategy_Dive=0;CPXPARAM_MIP_Strategy_File=1;CPXPARAM_MIP_Strategy_HeuristicFreq=0;CPXPARAM_MIP_Strategy_LBHeur=0;CPXPARAM_MIP_Strategy_NodeSelect=2;CPXPARAM_MIP_Strategy_Order=1;CPXPARAM_MIP_Strategy_PresolveNode=1;CPXPARAM_MIP_Strategy_Probe=-1;CPXPARAM_MIP_Strategy_RINSHeur=0;CPXPARAM_MIP_Strategy_StartAlgorithm=0;CPXPARAM_MIP_Strategy_SubAlgorithm=0;CPXPARAM_MIP_Strategy_VariableSelect=1;CPXPARAM_Network_NetFind=2;CPXPARAM_Network_Pricing=0;CPXPARAM_Parallel=1;CPXPARAM_Preprocessing_Aggregator=-1;CPXPARAM_Preprocessing_BoundStrength=-1;CPXPARAM_Preprocessing_CoeffReduce=-1;CPXPARAM_Preprocessing_Dependency=-1;CPXPARAM_Preprocessing_Dual=0;CPXPARAM_Preprocessing_Fill=10;CPXPARAM_Preprocessing_NumPass=-1;CPXPARAM_Preprocessing_Presolve=1;CPXPARAM_Preprocessing_QPMakePSD=1;CPXPARAM_Preprocessing_Reduce=3;CPXPARAM_Preprocessing_Relax=-1;CPXPARAM_Preprocessing_RepeatPresolve=-1;CPXPARAM_Preprocessing_Symmetry=-1;CPXPARAM_Read_Scale=0;CPXPARAM_Sifting_Algorithm=0;CPXPARAM_Simplex_Crash=1;CPXPARAM_Simplex_DGradient=0;CPXPARAM_Simplex_Limits_Perturbation=0;CPXPARAM_Simplex_Limits_Singularity=10;CPXPARAM_Simplex_PGradient=0;CPXPARAM_Simplex_Pricing=0;CPXPARAM_Simplex_Refactor=0
10504659430400839568,0,CPXPARAM_Advance=1;CPXPARAM_Barrier_Algorithm=0;CPXPARAM_Barrier_ColNonzeros=0;CPXPARAM_Barrier_Crossover=0;CPXPARAM_Barrier_Limits_Corrections=-1;CPXPARAM_Barrier_Ordering=0;CPXPARAM_Barrier_StartAlg=1;CPXPARAM_Emphasis_MIP=5;CPXPARAM_Emphasis_Memory=0;CPXPARAM_Emphasis_Numerical=0;CPXPARAM_Feasopt_Mode=0;CPXPARAM_LPMethod=0;CPXPARAM_MIP_Cuts_Cliques=-1;CPXPARAM_MIP_Cuts_Covers=0;CPXPARAM_MIP_Cuts_Disjunctive=1;CPXPARAM_MIP_Cuts_FlowCovers=2;CPXPARAM_MIP_Cuts_GUBCovers=1;CPXPARAM_MIP_Cuts_Gomory=0;CPXPARAM_MIP_Cuts_Implied=-1;CPXPARAM_MIP_Cuts_MIRCut=-1;CPXPARAM_MIP_Cuts_PathCut=-1;CPXPARAM_MIP_Limits_AggForCut=3;CPXPARAM_MIP_Limits_CutPasses=0;CPXPARAM_MIP_Limits_CutsFactor=-1;CPXPARAM_MIP_Limits_GomoryCand=400;CPXPARAM_MIP_Limits_GomoryPass=0;CPXPARAM_MIP_Limits_Nodes=9223372036800000000;CPXPARAM_MIP_Limits_ProbeTime=1e+75;CPXPARAM_MIP_Limits_RepairTries=0;CPXPARAM_MIP_Limits_StrongCand=10;CPXPARAM_MIP_Limits_StrongIt=0;CPXPARAM_MIP_OrderType=0;CPXPARAM_MIP_Strategy_BBInterval=7;CPXPARAM_MIP_Strategy_Branch=0;CPXPARAM_MIP_Strategy_Dive=0;CPXPARAM_MIP_Strategy_File=1;CPXPARAM_MIP_Strategy_HeuristicFreq=0;CPXPARAM_MIP_Strategy_LBHeur=0;CPXPARAM_MIP_Strategy_NodeSelect=1;CPXPARAM_MIP_Strategy_Order=1;CPXPARAM_MIP_Strategy_PresolveNode=0;CPXPARAM_MIP_Strategy_Probe=0;CPXPARAM_MIP_Strategy_RINSHeur=0;CPXPARAM_MIP_Strategy_StartAlgorithm=0;CPXPARAM_MIP_Strategy_SubAlgorithm=0;CPXPARAM_MIP_Strategy_VariableSelect=0;CPXPARAM_Network_NetFind=2;CPXPARAM_Network_Pricing=0;CPXPARAM_Parallel=1;CPXPARAM_Preprocessing_Aggregator=-1;CPXPARAM_Preprocessing_BoundStrength=-1;CPXPARAM_Preprocessing_CoeffReduce=-1;CPXPARAM_Preprocessing_Dependency=-1;CPXPARAM_Preprocessing_Dual=0;CPXPARAM_Preprocessing_Fill=10;CPXPARAM_Preprocessing_NumPass=-1;CPXPARAM_Preprocessing_Presolve=1;CPXPARAM_Preprocessing_QPMakePSD=1;CPXPARAM_Preprocessing_Reduce=3;CPXPARAM_Preprocessing_Relax=-1;CPXPARAM_Preprocessing_RepeatPresolve=-1;CPXPARAM_Preprocessing_Symmetry=-1;CPXPARAM_Read_Scale=0;CPXPARAM_Sifting_Algorithm=0;CPXPARAM_Simplex_Crash=1;CPXPARAM_Simplex_DGradient=0;CPXPARAM_Simplex_Limits_Perturbation=0;CPXPARAM_Simplex_Limits_Singularity=10;CPXPARAM_Simplex_PGradient=0;CPXPARAM_Simplex_Pricing=0;CPXPARAM_Simplex_Refactor=0
532568941811326945,0,CPXPARAM_Advance=1;CPXPARAM_Barrier_Algorithm=0;CPXPARAM_Barrier_ColNonzeros=0;CPXPARAM_Barrier_Crossover=0;CPXPARAM_Barrier_Limits_Corrections=-1;CPXPARAM_Barrier_Ordering=0;CPXPARAM_Barrier_StartAlg=1;CPXPARAM_Emphasis_MIP=5;CPXPARAM_Emphasis_Memory=0;CPXPARAM_Emphasis_Numerical=0;CPXPARAM_Feasopt_Mode=0;CPXPARAM_LPMethod=0;CPXPARAM_MIP_Cuts_Cliques=0;CPXPARAM_MIP_Cuts_Covers=0;CPXPARAM_MIP_Cuts_Disjunctive=-1;CPXPARAM_MIP_Cuts_FlowCovers=-1;CPXPARAM_MIP_Cuts_GUBCovers=-1;CPXPARAM_MIP_Cuts_Gomory=0;CPXPARAM_MIP_Cuts_Implied=1;CPXPARAM_MIP_Cuts_MIRCut=1;CPXPARAM_MIP_Cuts_PathCut=1;CPXPARAM_MIP_Limits_AggForCut=3;CPXPARAM_MIP_Limits_CutPasses=0;CPXPARAM_MIP_Limits_CutsFactor=-1;CPXPARAM_MIP_Limits_GomoryCand=800;CPXPARAM_MIP_Limits_GomoryPass=0;CPXPARAM_MIP_Limits_Nodes=9223372036800000000;CPXPARAM_MIP_Limits_ProbeTime=1e+75;CPXPARAM_MIP_Limits_RepairTries=0;CPXPARAM_MIP_Limits_StrongCand=10;CPXPARAM_MIP_Limits_StrongIt=0;CPXPARAM_MIP_OrderType=0;CPXPARAM_MIP_Strategy_BBInterval=7;CPXPARAM_MIP_Strategy_Branch=1;CPXPARAM_MIP_Strategy_Dive=0;CPXPARAM_MIP_Strategy_File=1;CPXPARAM_MIP_Strategy_HeuristicFreq=0;CPXPARAM_MIP_Strategy_LBHeur=0;CPXPARAM_MIP_Strategy_NodeSelect=3;CPXPARAM_MIP_Strategy_Order=1;CPXPARAM_MIP_Strategy_PresolveNode=1;CPXPARAM_MIP_Strategy_Probe=-1;CPXPARAM_MIP_Strategy_RINSHeur=0;CPXPARAM_MIP_Strategy_StartAlgorithm=0;CPXPARAM_MIP_Strategy_SubAlgorithm=0;CPXPARAM_MIP_Strategy_VariableSelect=1;CPXPARAM_Network_NetFind=2;CPXPARAM_Network_Pricing=0;CPXPARAM_Parallel=1;CPXPARAM_Preprocessing_Aggregator=-1;CPXPARAM_Preprocessing_BoundStrength=-1;CPXPARAM_Preprocessing_CoeffReduce=-1;CPXPARAM_Preprocessing_Dependency=-1;CPXPARAM_Preprocessing_Dual=0;CPXPARAM_Preprocessing_Fill=10;CPXPARAM_Preprocessing_NumPass=-1;CPXPARAM_Preprocessing_Presolve=1;CPXPARAM_Preprocessing_QPMakePSD=1;CPXPARAM_Preprocessing_Reduce=3;CPXPARAM_Preprocessing_Relax=-1;CPXPARAM_Preprocessing_RepeatPresolve=-1;CPXPARAM_Preprocessing_Symmetry=-1;CPXPARAM_Read_Scale=0;CPXPARAM_Sifting_Algorithm=0;CPXPARAM_Simplex_Crash=1;CPXPARAM_Simplex_DGradient=0;CPXPARAM_Simplex_Limits_Perturbation=0;CPXPARAM_Simplex_Limits_Singularity=10;CPXPARAM_Simplex_PGradient=0;CPXPARAM_Simplex_Pricing=0;CPXPARAM_Simplex_Refactor=0
15176426288631495922,0,CPXPARAM_Advance=1;CPXPARAM_Barrier_Algorithm=0;CPXPARAM_Barrier_ColNonzeros=0;CPXPARAM_Barrier_Crossover=0;CPXPARAM_Barrier_Limits_Corrections=-1;CPXPARAM_Barrier_Ordering=0;CPXPARAM_Barrier_StartAlg=1;CPXPARAM_Emphasis_MIP=5;CPXPARAM_Emphasis_Memory=0;CPXPARAM_Emphasis_Numerical=0;CPXPARAM_Feasopt_Mode=0;CPXPARAM_LPMethod=0;CPXPARAM_MIP_Cuts_Cliques=0;CPXPARAM_MIP_Cuts_Covers=3;CPXPARAM_MIP_Cuts_Disjunctive=-1;CPXPARAM_MIP_Cuts_FlowCovers=-1;CPXPARAM_MIP_Cuts_GUBCovers=-1;CPXPARAM_MIP_Cuts_Gomory=0;CPXPARAM_MIP_Cuts_Implied=1;CPXPARAM_MIP_Cuts_MIRCut=1;CPXPARAM_MIP_Cuts_PathCut=1;CPXPARAM_MIP_Limits_AggForCut=3;CPXPARAM_MIP_Limits_CutPasses=0;CPXPARAM_MIP_Limits_CutsFactor=-1;CPXPARAM_MIP_Limits_GomoryCand=800;CPXPARAM_MIP_Limits_GomoryPass=0;CPXPARAM_MIP_Limits_Nodes=9223372036800000000;CPXPARAM_MIP_Limits_ProbeTime=1e+75;CPXPARAM_MIP_Limits_RepairTries=0;CPXPARAM_MIP_Limits_StrongCand=10;CPXPARAM_MIP_Limits_StrongIt=0;CPXPARAM_MIP_OrderType=0;CPXPARAM_MIP_Strategy_BBInterval=7;CPXPARAM_MIP_Strategy_Branch=1;CPXPARAM_MIP_Strategy_Dive=0;CPXPARAM_MIP_Strategy_File=1;CPXPARAM_MIP_Strategy_HeuristicFreq=0;CPXPARAM_MIP_Strategy_LBHeur=0;CPXPARAM_MIP_Strategy_NodeSelect=3;CPXPARAM_MIP_Strategy_Order=1;CPXPARAM_MIP_Strategy_PresolveNode=1;CPXPARAM_MIP_Strategy_Probe=2;CPXPARAM_MIP_Strategy_RINSHeur=0;CPXPARAM_MIP_Strategy_StartAlgorithm=0;CPXPARAM_MIP_Strategy_SubAlgorithm=0;CPXPARAM_MIP_Strategy_VariableSelect=1;CPXPARAM_Network_NetFind=2;CPXPARAM_Network_Pricing=0;CPXPARAM_Parallel=1;CPXPARAM_Preprocessing_Aggregator=-1;CPXPARAM_Preprocessing_BoundStrength=-1;CPXPARAM_Preprocessing_CoeffReduce=-1;CPXPARAM_Preprocessing_Dependency=-1;CPXPARAM_Preprocessing_Dual=0;CPXPARAM_Preprocessing_Fill=10;CPXPARAM_Preprocessing_NumPass=-1;CPXPARAM_Preprocessing_Presolve=1;CPXPARAM_Preprocessing_QPMakePSD=1;CPXPARAM_Preprocessing_Reduce=3;CPXPARAM_Preprocessing_Relax=-1;CPXPARAM_Preprocessing_RepeatPresolve=-1;CPXPARAM_Preprocessing_Symmetry=-1;CPXPARAM_Read_Scale=0;CPXPARAM_Sifting_Algorithm=0;CPXPARAM_Simplex_Crash=1;CPXPARAM_Simplex_DGradient=0;CPXPARAM_Simplex_Limits_Perturbation=0;CPXPARAM_Simplex_Limits_Singularity=10;CPXPARAM_Simplex_PGradient=0;CPXPARAM_Simplex_Pricing=0;CPXPARAM_Simplex_Refactor=0
7419058094528231501,0,CPXPARAM_Advance=1;CPXPARAM_Barrier_Algorithm=0;CPXPARAM_Barrier_ColNonzeros=0;CPXPARAM_Barrier_Crossover=0;CPXPARAM_Barrier_Limits_Corrections=-1;CPXPARAM_Barrier_Ordering=0;CPXPARAM_Barrier_StartAlg=1;CPXPARAM_Emphasis_MIP=5;CPXPARAM_Emphasis_Memory=0;CPXPARAM_Emphasis_Numerical=0;CPXPARAM_Feasopt_Mode=0;CPXPARAM_LPMethod=0;CPXPARAM_MIP_Cuts_Cliques=0;CPXPARAM_MIP_Cuts_Covers=3;CPXPARAM_MIP_Cuts_Disjunctive=-1;CPXPARAM_MIP_Cuts_FlowCovers=-1;CPXPARAM_MIP_Cuts_GUBCovers=-1;CPXPARAM_MIP_Cuts_Gomory=0;CPXPARAM_MIP_Cuts_Implied=1;CPXPARAM_MIP_Cuts_MIRCut=1;CPXPARAM_MIP_Cuts_PathCut=0;CPXPARAM_MIP_Limits_AggForCut=3;CPXPARAM_MIP_Limits_CutPasses=0;CPXPARAM_MIP_Limits_CutsFactor=-1;CPXPARAM_MIP_Limits_GomoryCand=800;CPXPARAM_MIP_Limits_GomoryPass=0;CPXPARAM_MIP_Limits_Nodes=9223372036800000000;CPXPARAM_MIP_Limits_ProbeTime=1e+75;CPXPARAM_MIP_Limits_RepairTries=0;CPXPARAM_MIP_Limits_StrongCand=10;CPXPARAM_MIP_Limits_StrongIt=0;CPXPARAM_MIP_OrderType=0;CPXPARAM_MIP_Strategy_BBInterval=7;CPXPARAM_MIP_Strategy_Branch=1;CPXPARAM_MIP_Strategy_Dive=0;CPXPARAM_MIP_Strategy_File=1;CPXPARAM_MIP_Strategy_HeuristicFreq=0;CPXPARAM_MIP_Strategy_LBHeur=0;CPXPARAM_MIP_Strategy_NodeSelect=3;CPXPARAM_MIP_Strategy_Order=1;CPXPARAM_MIP_Strategy_PresolveNode=1;CPXPARAM_MIP_Strategy_Probe=-1;CPXPARAM_MIP_Strategy_RINSHeur=0;CPXPARAM_MIP_Strategy_StartAlgorithm=0;CPXPARAM_MIP_Strategy_SubAlgorithm=0;CPXPARAM_MIP_Strategy_VariableSelect=1;CPXPARAM_Network_NetFind=2;CPXPARAM_Network_Pricing=0;CPXPARAM_Parallel=1;CPXPARAM_Preprocessing_Aggregator=-1;CPXPARAM_Preprocessing_BoundStrength=-1;CPXPARAM_Preprocessing_CoeffReduce=-1;CPXPARAM_Preprocessing_Dependency=-1;CPXPARAM_Preprocessing_Dual=0;CPXPARAM_Preprocessing_Fill=10;CPXPARAM_Preprocessing_NumPass=-1;CPXPARAM_Preprocessing_Presolve=1;CPXPARAM_Preprocessing_QPMakePSD=1;CPXPARAM_Preprocessing_Reduce=3;CPXPARAM_Preprocessing_Relax=-1;CPXPARAM_Preprocessing_RepeatPresolve=-1;CPXPARAM_Preprocessing_Symmetry=-1;CPXPARAM_Read_Scale=0;CPXPARAM_Sifting_Algorithm=0;CPXPARAM_Simplex_Crash=1;CPXPARAM_Simplex_DGradient=0;CPXPARAM_Simplex_Limits_Perturbation=0;CPXPARAM_Simplex_Limits_Singularity=10;CPXPARAM_Simplex_PGradient=0;CPXPARAM_Simplex_Pricing=0;CPXPARAM_Simplex_Refactor=0
11619874195711441811,0,CPXPARAM_Advance=1;CPXPARAM_Barrier_Algorithm=0;CPXPARAM_Barrier_ColNonzeros=0;CPXPARAM_Barrier_Crossover=0;CPXPARAM_Barrier_Limits_Corrections=-1;CPXPARAM_Barrier_Ordering=0;CPXPARAM_Barrier_StartAlg=1;CPXPARAM_Emphasis_MIP=5;CPXPARAM_Emphasis_Memory=0;CPXPARAM_Emphasis_Numerical=0;CPXPARAM_Feasopt_Mode=0;CPXPARAM_LPMethod=0;CPXPARAM_MIP_Cuts_Cliques=0;CPXPARAM_MIP_Cuts_Covers=3;CPXPARAM_MIP_Cuts_Disjunctive=-1;CPXPARAM_MIP_Cuts_FlowCovers=-1;CPXPARAM_MIP_Cuts_GUBCovers=-1;CPXPARAM_MIP_Cuts_Gomory=0;CPXPARAM_MIP_Cuts_Implied=1;CPXPARAM_MIP_Cuts_MIRCut=1;CPXPARAM_MIP_Cuts_PathCut=-1;CPXPARAM_MIP_Limits_AggForCut=3;CPXPARAM_MIP_Limits_CutPasses=0;CPXPARAM_MIP_Limits_CutsFactor=-1;CPXPARAM_MIP_Limits_GomoryCand=800;CPXPARAM_MIP_Limits_GomoryPass=0;CPXPARAM_MIP_Limits_Nodes=9223372036800000000;CPXPARAM_MIP_Limits_ProbeTime=1e+75;CPXPARAM_MIP_Limits_RepairTries=0;CPXPARAM_MIP_Limits_StrongCand=10;CPXPARAM_MIP_Limits_StrongIt=0;CPXPARAM_MIP_OrderType=0;CPXPARAM_MIP_Strategy_BBInterval=7;CPXPARAM_MIP_Strategy_Branch=1;CPXPARAM_MIP_Strategy_Dive=0;CPXPARAM_MIP_Strategy_File=1;CPXPARAM_MIP_Strategy_HeuristicFreq=0;CPXPARAM_MIP_Strategy_LBHeur=0;CPXPARAM_MIP_Strategy_NodeSelect=3;CPXPARAM_MIP_Strategy_Order=1;CPXPARAM_MIP_Strategy_PresolveNode=1;CPXPARAM_MIP_Strategy_Probe=-1;CPXPARAM_MIP_Strategy_RINSHeur=0;CPXPARAM_MIP_Strategy_StartAlgorithm=0;CPXPARAM_MIP_Strategy_SubAlgorithm=0;CPXPARAM_MIP_Strategy_VariableSelect=1;CPXPARAM_Network_NetFind=2;CPXPARAM_Network_Pricing=0;CPXPARAM_Parallel=1;CPXPARAM_Preprocessing_Aggregator=-1;CPXPARAM_Preprocessing_BoundStrength=-1;CPXPARAM_Preprocessing_CoeffReduce=-1;CPXPARAM_Preprocessing_Dependency=-1;CPXPARAM_Preprocessing_Dual=0;CPXPARAM_Preprocessing_Fill=10;CPXPARAM_Preprocessing_NumPass=-1;CPXPARAM_Preprocessing_Presolve=1;CPXPARAM_Preprocessing_QPMakePSD=1;CPXPARAM_Preprocessing_Reduce=3;CPXPARAM_Preprocessing_Relax=-1;CPXPARAM_Preprocessing_RepeatPresolve=-1;CPXPARAM_Preprocessing_Symmetry=-1;CPXPARAM_Read_Scale=0;CPXPARAM_Sifting_Algorithm=0;CPXPARAM_Simplex_Crash=1;CPXPARAM_Simplex_DGradient=0;CPXPARAM_Simplex_Limits_Perturbation=0;CPXPARAM_Simplex_Limits_Singularity=10;CPXPARAM_Simplex_PGradient=0;CPXPARAM_Simplex_Pricing=0;CPXPARAM_Simplex_Refactor=0
8018095062881068825,0,CPXPARAM_Advance=1;CPXPARAM_Barrier_Algorithm=0;CPXPARAM_Barrier_ColNonzeros=0;CPXPARAM_Barrier_Crossover=0;CPXPARAM_Barrier_Limits_Corrections=-1;CPXPARAM_Barrier_Ordering=0;CPXPARAM_Barrier_StartAlg=1;CPXPARAM_Emphasis_MIP=5;CPXPARAM_Emphasis_Memory=0;CPXPARAM_Emphasis_Numerical=0;CPXPARAM_Feasopt_Mode=0;CPXPARAM_LPMethod=0;CPXPARAM_MIP_Cuts_Cliques=0;CPXPARAM_MIP_Cuts_Covers=3;CPXPARAM_MIP_Cuts_Disjunctive=-1;CPXPARAM_MIP_Cuts_FlowCovers=2;CPXPARAM_MIP_Cuts_GUBCovers=-1;CPXPARAM_MIP_Cuts_Gomory=0;CPXPARAM_MIP_Cuts_Implied=1;CPXPARAM_MIP_Cuts_MIRCut=1;CPXPARAM_MIP_Cuts_PathCut=1;CPXPARAM_MIP_Limits_AggForCut=3;CPXPARAM_MIP_Limits_CutPasses=0;CPXPARAM_MIP_Limits_CutsFactor=-1;CPXPARAM_MIP_Limits_GomoryCand=800;CPXPARAM_MIP_Limits_GomoryPass=0;CPXPARAM_MIP_Limits_Nodes=9223372036800000000;CPXPARAM_MIP_Limits_ProbeTime=1e+75;CPXPARAM_MIP_Limits_RepairTries=0;CPXPARAM_MIP_Limits_StrongCand=10;CPXPARAM_MIP_Limits_StrongIt=0;CPXPARAM_MIP_OrderType=0;CPXPARAM_MIP_Strategy_BBInterval=7;CPXPARAM_MIP_Strategy_Branch=1;CPXPARAM_MIP_Strategy_Dive=0;CPXPARAM_MIP_Strategy_File=1;CPXPARAM_MIP_Strategy_HeuristicFreq=0;CPXPARAM_MIP_Strategy_LBHeur=0;CPXPARAM_MIP_Strategy_NodeSelect=3;CPXPARAM_MIP_Strategy_Order=1;CPXPARAM_MIP_Strategy_PresolveNode=1;CPXPARAM_MIP_Strategy_Probe=3;CPXPARAM_MIP_Strategy_RINSHeur=0;CPXPARAM_MIP_Strategy_StartAlgorithm=0;CPXPARAM_MIP_Strategy_SubAlgorithm=0;CPXPARAM_MIP_Strategy_VariableSelect=1;CPXPARAM_Network_NetFind=2;CPXPARAM_Network_Pricing=0;CPXPARAM_Parallel=1;CPXPARAM_Preprocessing_Aggregator=-1;CPXPARAM_Preprocessing_BoundStrength=-1;CPXPARAM_Preprocessing_CoeffReduce=-1;CPXPARAM_Preprocessing_Dependency=-1;CPXPARAM_Preprocessing_Dual=0;CPXPARAM_Preprocessing_Fill=10;CPXPARAM_Preprocessing_NumPass=-1;CPXPARAM_Preprocessing_Presolve=1;CPXPARAM_Preprocessing_QPMakePSD=1;CPXPARAM_Preprocessing_Reduce=3;CPXPARAM_Preprocessing_Relax=-1;CPXPARAM_Preprocessing_RepeatPresolve=-1;CPXPARAM_Preprocessing_Symmetry=-1;CPXPARAM_Read_Scale=0;CPXPARAM_Sifting_Algorithm=0;CPXPARAM_Simplex_Crash=1;CPXPARAM_Simplex_DGradient=0;CPXPARAM_Simplex_Limits_Perturbation=0;CPXPARAM_Simplex_Limits_Singularity=10;CPXPARAM_Simplex_PGradient=0;CPXPARAM_Simplex_Pricing=0;CPXPARAM_Simplex_Refactor=0
3202343175698622559,0,CPXPARAM_Advance=1;CPXPARAM_Barrier_Algorithm=0;CPXPARAM_Barrier_ColNonzeros=0;CPXPARAM_Barrier_Crossover=0;CPXPARAM_Barrier_Limits_Corrections=-1;CPXPARAM_Barrier_Ordering=0;CPXPARAM_Barrier_StartAlg=1;CPXPARAM_Emphasis_MIP=0;CPXPARAM_Emphasis_Memory=0;CPXPARAM_Emphasis_Numerical=0;CPXPARAM_Feasopt_Mode=0;CPXPARAM_LPMethod=0;CPXPARAM_MIP_Cuts_Cliques=3;CPXPARAM_MIP_Cuts_Covers=0;CPXPARAM_MIP_Cuts_Disjunctive=0;CPXPARAM_MIP_Cuts_FlowCovers=2;CPXPARAM_MIP_Cuts_GUBCovers=1;CPXPARAM_MIP_Cuts_Gomory=0;CPXPARAM_MIP_Cuts_Implied=-1;CPXPARAM_MIP_Cuts_MIRCut=2;CPXPARAM_MIP_Cuts_PathCut=0;CPXPARAM_MIP_Limits_AggForCut=3;CPXPARAM_MIP_Limits_CutPasses=0;CPXPARAM_MIP_Limits_CutsFactor=-1;CPXPARAM_MIP_Limits_GomoryCand=200;CPXPARAM_MIP_Limits_GomoryPass=0;CPXPARAM_MIP_Limits_Nodes=9223372036800000000;CPXPARAM_MIP_Limits_ProbeTime=1e+75;CPXPARAM_MIP_Limits_RepairTries=0;CPXPARAM_MIP_Limits_StrongCand=10;CPXPARAM_MIP_Limits_StrongIt=0;CPXPARAM_MIP_OrderType=0;CPXPARAM_MIP_Strategy_BBInterval=7;CPXPARAM_MIP_Strategy_Branch=-1;CPXPARAM_MIP_Strategy_Dive=0;CPXPARAM_MIP_Strategy_File=1;CPXPARAM_MIP_Strategy_HeuristicFreq=0;CPXPARAM_MIP_Strategy_LBHeur=0;CPXPARAM_MIP_Strategy_NodeSelect=2;CPXPARAM_MIP_Strategy_Order=1;CPXPARAM_MIP_Strategy_PresolveNode=1;CPXPARAM_MIP_Strategy_Probe=3;CPXPARAM_MIP_Strategy_RINSHeur=0;CPXPARAM_MIP_Strategy_StartAlgorithm=0;CPXPARAM_MIP_Strategy_SubAlgorithm=3;CPXPARAM_MIP_Strategy_VariableSelect=-1;CPXPARAM_Network_NetFind=2;CPXPARAM_Network_Pricing=0;CPXPARAM_Parallel=1;CPXPARAM_Preprocessing_Aggregator=-1;CPXPARAM_Preprocessing_BoundStrength=-1;CPXPARAM_Preprocessing_CoeffReduce=-1;CPXPARAM_Preprocessing_Dependency=-1;CPXPARAM_Preprocessing_Dual=0;CPXPARAM_Preprocessing_Fill=10;CPXPARAM_Preprocessing_NumPass=-1;CPXPARAM_Preprocessing_Presolve=1;CPXPARAM_Preprocessing_QPMakePSD=1;CPXPARAM_Preprocessing_Reduce=3;CPXPARAM_Preprocessing_Relax=-1;CPXPARAM_Preprocessing_RepeatPresolve=-1;CPXPARAM_Preprocessing_Symmetry=-1;CPXPARAM_Read_Scale=0;CPXPARAM_Sifting_Algorithm=0;CPXPARAM_Simplex_Crash=1;CPXPARAM_Simplex_DGradient=0;CPXPARAM_Simplex_Limits_Perturbation=0;CPXPARAM_Simplex_Limits_Singularity=10;CPXPARAM_Simplex_PGradient=0;CPXPARAM_Simplex_Pricing=0;CPXPARAM_Simplex_Refactor=0
11889274029969346422,0,CPXPARAM_Advance=1;CPXPARAM_Barrier_Algorithm=0;CPXPARAM_Barrier_ColNonzeros=0;CPXPARAM_Barrier_Crossover=0;CPXPARAM_Barrier_Limits_Corrections=-1;CPXPARAM_Barrier_Ordering=0;CPXPARAM_Barrier_StartAlg=1;CPXPARAM_Emphasis_MIP=5;CPXPARAM_Emphasis_Memory=0;CPXPARAM_Emphasis_Numerical=0;CPXPARAM_Feasopt_Mode=0;CPXPARAM_LPMethod=0;CPXPARAM_MIP_Cuts_Cliques=0;CPXPARAM_MIP_Cuts_Covers=3;CPXPARAM_MIP_Cuts_Disjunctive=-1;CPXPARAM_MIP_Cuts_FlowCovers=2;CPXPARAM_MIP_Cuts_GUBCovers=-1;CPXPARAM_MIP_Cuts_Gomory=0;CPXPARAM_MIP_Cuts_Implied=1;CPXPARAM_MIP_Cuts_MIRCut=1;CPXPARAM_MIP_Cuts_PathCut=1;CPXPARAM_MIP_Limits_AggForCut=3;CPXPARAM_MIP_Limits_CutPasses=0;CPXPARAM_MIP_Limits_CutsFactor=-1;CPXPARAM_MIP_Limits_GomoryCand=800;CPXPARAM_MIP_Limits_GomoryPass=0;CPXPARAM_MIP_Limits_Nodes=9223372036800000000;CPXPARAM_MIP_Limits_ProbeTime=1e+75;CPXPARAM_MIP_Limits_RepairTries=0;CPXPARAM_MIP_Limits_StrongCand=10;CPXPARAM_MIP_Limits_StrongIt=0;CPXPARAM_MIP_OrderType=0;CPXPARAM_MIP_Strategy_BBInterval=7;CPXPARAM_MIP_Strategy_Branch=0;CPXPARAM_MIP_Strategy_Dive=0;CPXPARAM_MIP_Strategy_File=1;CPXPARAM_MIP_Strategy_HeuristicFreq=0;CPXPARAM_MIP_Strategy_LBHeur=0;CPXPARAM_MIP_Strategy_NodeSelect=3;CPXPARAM_MIP_Strategy_Order=1;CPXPARAM_MIP_Strategy_PresolveNode=1;CPXPARAM_MIP_Strategy_Probe=-1;CPXPARAM_MIP_Strategy_RINSHeur=0;CPXPARAM_MIP_Strategy_StartAlgorithm=0;CPXPARAM_MIP_Strategy_SubAlgorithm=0;CPXPARAM_MIP_Strategy_VariableSelect=1;CPXPARAM_Network_NetFind=2;CPXPARAM_Network_Pricing=0;CPXPARAM_Parallel=1;CPXPARAM_Preprocessing_Aggregator=-1;CPXPARAM_Preprocessing_BoundStrength=-1;CPXPARAM_Preprocessing_CoeffReduce=-1;CPXPARAM_Preprocessing_Dependency=-1;CPXPARAM_Preprocessing_Dual=0;CPXPARAM_Preprocessing_Fill=10;CPXPARAM_Preprocessing_NumPass=-1;CPXPARAM_Preprocessing_Presolve=1;CPXPARAM_Preprocessing_QPMakePSD=1;CPXPARAM_Preprocessing_Reduce=3;CPXPARAM_Preprocessing_Relax=-1;CPXPARAM_Preprocessing_RepeatPresolve=-1;CPXPARAM_Preprocessing_Symmetry=-1;CPXPARAM_Read_Scale=0;CPXPARAM_Sifting_Algorithm=0;CPXPARAM_Simplex_Crash=1;CPXPARAM_Simplex_DGradient=0;CPXPARAM_Simplex_Limits_Perturbation=0;CPXPARAM_Simplex_Limits_Singularity=10;CPXPARAM_Simplex_PGradient=0;CPXPARAM_Simplex_Pricing=0;CPXPARAM_Simplex_Refactor=0
12829611288826625955,0,CPXPARAM_Advance=1;CPXPARAM_Barrier_Algorithm=0;CPXPARAM_Barrier_ColNonzeros=0;CPXPARAM_Barrier_Crossover=0;CPXPARAM_Barrier_Limits_Corrections=-1;CPXPARAM_Barrier_Ordering=0;CPXPARAM_Barrier_StartAlg=1;CPXPARAM_Emphasis_MIP=0;CPXPARAM_Emphasis_Memory=0;CPXPARAM_Emphasis_Numerical=0;CPXPARAM_Feasopt_Mode=0;CPXPARAM_LPMethod=0;CPXPARAM_MIP_Cuts_Cliques=-1;CPXPARAM_MIP_Cuts_Covers=2;CPXPARAM_MIP_Cuts_Disjunctive=0;CPXPARAM_MIP_Cuts_FlowCovers=-1;CPXPARAM_MIP_Cuts_GUBCovers=1;CPXPARAM_MIP_Cuts_Gomory=0;CPXPARAM_MIP_Cuts_Implied=2;CPXPARAM_MIP_Cuts_MIRCut=-1;CPXPARAM_MIP_Cuts_PathCut=1;CPXPARAM_MIP_Limits_AggForCut=10;CPXPARAM_MIP_Limits_CutPasses=0;CPXPARAM_MIP_Limits_CutsFactor=-1;CPXPARAM_MIP_Limits_GomoryCand=100;CPXPARAM_MIP_Limits_GomoryPass=0;CPXPARAM_MIP_Limits_Nodes=9223372036800000000;CPXPARAM_MIP_Limits_ProbeTime=1e+75;CPXPARAM_MIP_Limits_RepairTries=0;CPXPARAM_MIP_Limits_StrongCand=10;CPXPARAM_MIP_Limits_StrongIt=0;CPXPARAM_MIP_OrderType=1;CPXPARAM_MIP_Strategy_BBInterval=7;CPXPARAM_MIP_Strategy_Branch=0;CPXPARAM_MIP_Strategy_Dive=0;CPXPARAM_MIP_Strategy_File=1;CPXPARAM_MIP_Strategy_HeuristicFreq=0;CPXPARAM_MIP_Strategy_LBHeur=0;CPXPARAM_MIP_Strategy_NodeSelect=0;CPXPARAM_MIP_Strategy_Order=1;CPXPARAM_MIP_Strategy_PresolveNode=-1;CPXPARAM_MIP_Strategy_Probe=2;CPXPARAM_MIP_Strategy_RINSHeur=0;CPXPARAM_MIP_Strategy_StartAlgorithm=0;CPXPARAM_MIP_Strategy_SubAlgorithm=0;CPXPARAM_MIP_Strategy_VariableSelect=2;CPXPARAM_Network_NetFind=2;CPXPARAM_Network_Pricing=0;CPXPARAM_Parallel=1;CPXPARAM_Preprocessing_Aggregator=-1;CPXPARAM_Preprocessing_BoundStrength=-1;CPXPARAM_Preprocessing_CoeffReduce=-1;CPXPARAM_Preprocessing_Dependency=-1;CPXPARAM_Preprocessing_Dual=0;CPXPARAM_Preprocessing_Fill=2;CPXPARAM_Preprocessing_NumPass=-1;CPXPARAM_Preprocessing_Presolve=1;CPXPARAM_Preprocessing_QPMakePSD=1;CPXPARAM_Preprocessing_Reduce=1;CPXPARAM_Preprocessing_Relax=-1;CPXPARAM_Preprocessing_RepeatPresolve=-1;CPXPARAM_Preprocessing_Symmetry=-1;CPXPARAM_Read_Scale=0;CPXPARAM_Sifting_Algorithm=0;CPXPARAM_Simplex_Crash=1;CPXPARAM_Simplex_DGradient=0;CPXPARAM_Simplex_Limits_Perturbation=0;CPXPARAM_Simplex_Limits_Singularity=10;CPXPARAM_Simplex_PGradient=0;CPXPARAM_Simplex_Pricing=0;CPXPARAM_Simplex_Refactor=0
11431405387508648138,0,CPXPARAM_Advance=1;CPXPARAM_Barrier_Algorithm=0;CPXPARAM_Barrier_ColNonzeros=0;CPXPARAM_Barrier_Crossover=0;CPXPARAM_Barrier_Limits_Corrections=-1;CPXPARAM_Barrier_Ordering=0;CPXPARAM_Barrier_StartAlg=1;CPXPARAM_Emphasis_MIP=2;CPXPARAM_Emphasis_Memory=0;CPXPARAM_Emphasis_Numerical=0;CPXPARAM_Feasopt_Mode=0;CPXPARAM_LPMethod=0;CPXPARAM_MIP_Cuts_Cliques=-1;CPXPARAM_MIP_Cuts_Covers=2;CPXPARAM_MIP_Cuts_Disjunctive=1;CPXPARAM_MIP_Cuts_FlowCovers=2;CPXPARAM_MIP_Cuts_GUBCovers=1;CPXPARAM_MIP_Cuts_Gomory=0;CPXPARAM_MIP_Cuts_Implied=-1;CPXPARAM_MIP_Cuts_MIRCut=-1;CPXPARAM_MIP_Cuts_PathCut=-1;CPXPARAM_MIP_Limits_AggForCut=3;CPXPARAM_MIP_Limits_CutPasses=0;CPXPARAM_MIP_Limits_CutsFactor=-1;CPXPARAM_MIP_Limits_GomoryCand=400;CPXPARAM_MIP_Limits_GomoryPass=0;CPXPARAM_MIP_Limits_Nodes=9223372036800000000;CPXPARAM_MIP_Limits_ProbeTime=1e+75;CPXPARAM_MIP_Limits_RepairTries=0;CPXPARAM_MIP_Limits_StrongCand=10;CPXPARAM_MIP_Limits_StrongIt=0;CPXPARAM_MIP_OrderType=0;CPXPARAM_MIP_Strategy_BBInterval=7;CPXPARAM_MIP_Strategy_Branch=0;CPXPARAM_MIP_Strategy_Dive=0;CPXPARAM_MIP_Strategy_File=1;CPXPARAM_MIP_Strategy_HeuristicFreq=0;CPXPARAM_MIP_Strategy_LBHeur=0;CPXPARAM_MIP_Strategy_NodeSelect=1;CPXPARAM_MIP_Strategy_Order=1;CPXPARAM_MIP_Strategy_PresolveNode=0;CPXPARAM_MIP_Strategy_Probe=0;CPXPARAM_MIP_Strategy_RINSHeur=0;CPXPARAM_MIP_Strategy_StartAlgorithm=0;CPXPARAM_MIP_Strategy_SubAlgorithm=0;CPXPARAM_MIP_Strategy_VariableSelect=0;CPXPARAM_Network_NetFind=2;CPXPARAM_Network_Pricing=0;CPXPARAM_Parallel=1;CPXPARAM_Preprocessing_Aggregator=-1;CPXPARAM_Preprocessing_BoundStrength=-1;CPXPARAM_Preprocessing_CoeffReduce=-1;CPXPARAM_Preprocessing_Dependency=-1;CPXPARAM_Preprocessing_Dual=0;CPXPARAM_Preprocessing_Fill=10;CPXPARAM_Preprocessing_NumPass=-1;CPXPARAM_Preprocessing_Presolve=0;CPXPARAM_Preprocessing_QPMakePSD=1;CPXPARAM_Preprocessing_Reduce=3;CPXPARAM_Preprocessing_Relax=-1;CPXPARAM_Preprocessing_RepeatPresolve=-1;CPXPARAM_Preprocessing_Symmetry=-1;CPXPARAM_Read_Scale=0;CPXPARAM_Sifting_Algorithm=0;CPXPARAM_Simplex_Crash=1;CPXPARAM_Simplex_DGradient=0;CPXPARAM_Simplex_Limits_Perturbation=0;CPXPARAM_Simplex_Limits_Singularity=10;CPXPARAM_Simplex_PGradient=0;CPXPARAM_Simplex_Pricing=0;CPXPARAM_Simplex_Refactor=0
2667043535358899825,0,CPXPARAM_Advance=1;CPXPARAM_Barrier_Algorithm=0;CPXPARAM_Barrier_ColNonzeros=0;CPXPARAM_Barrier_Crossover=0;CPXPARAM_Barrier_Limits_Corrections=-1;CPXPARAM_Barrier_Ordering=0;CPXPARAM_Barrier_StartAlg=1;CPXPARAM_Emphasis_MIP=2;CPXPARAM_Emphasis_Memory=0;CPXPARAM_Emphasis_Numerical=0;CPXPARAM_Feasopt_Mode=0;CPXPARAM_LPMethod=0;CPXPARAM_MIP_Cuts_Cliques=-1;CPXPARAM_MIP_Cuts_Covers=2;CPXPARAM_MIP_Cuts_Disjunctive=1;CPXPARAM_MIP_Cuts_FlowCovers=2;CPXPARAM_MIP_Cuts_GUBCovers=1;CPXPARAM_MIP_Cuts_Gomory=0;CPXPARAM_MIP_Cuts_Implied=-1;CPXPARAM_MIP_Cuts_MIRCut=-1;CPXPARAM_MIP_Cuts_PathCut=-1;CPXPARAM_MIP_Limits_AggForCut=3;CPXPARAM_MIP_Limits_CutPasses=0;CPXPARAM_MIP_Limits_CutsFactor=-1;CPXPARAM_MIP_Limits_GomoryCand=400;CPXPARAM_MIP_Limits_GomoryPass=0;CPXPARAM_MIP_Limits_Nodes=9223372036800000000;CPXPARAM_MIP_Limits_ProbeTime=1e+75;CPXPARAM_MIP_Limits_RepairTries=0;CPXPARAM_MIP_Limits_StrongCand=10;CPXPARAM_MIP_Limits_StrongIt=0;CPXPARAM_MIP_OrderType=0;CPXPARAM_MIP_Strategy_BBInterval=7;CPXPARAM_MIP_Strategy_Branch=0;CPXPARAM_MIP_Strategy_Dive=0;CPXPARAM_MIP_Strategy_File=1;CPXPARAM_MIP_Strategy_HeuristicFreq=0;CPXPARAM_MIP_Strategy_LBHeur=0;CPXPARAM_MIP_Strategy_NodeSelect=1;CPXPARAM_MIP_Strategy_Order=1;CPXPARAM_MIP_Strategy_PresolveNode=0;CPXPARAM_MIP_Strategy_Probe=0;CPXPARAM_MIP_Strategy_RINSHeur=0;CPXPARAM_MIP_Strategy_StartAlgorithm=0;CPXPARAM_MIP_Strategy_SubAlgorithm=0;CPXPARAM_MIP_Strategy_VariableSelect=0;CPXPARAM_Network_NetFind=2;CPXPARAM_Network_Pricing=0;CPXPARAM_Parallel=1;CPXPARAM_Preprocessing_Aggregator=-1;CPXPARAM_Preprocessing_BoundStrength=-1;CPXPARAM_Preprocessing_CoeffReduce=-1;CPXPARAM_Preprocessing_Dependency=-1;CPXPARAM_Preprocessing_Dual=0;CPXPARAM_Preprocessing_Fill=10;CPXPARAM_Preprocessing_NumPass=-1;CPXPARAM_Preprocessing_Presolve=1;CPXPARAM_Preprocessing_QPMakePSD=1;CPXPARAM_Preprocessing_Reduce=3;CPXPARAM_Preprocessing_Relax=-1;CPXPARAM_Preprocessing_RepeatPresolve=-1;CPXPARAM_Preprocessing_Symmetry=0;CPXPARAM_Read_Scale=0;CPXPARAM_Sifting_Algorithm=0;CPXPARAM_Simplex_Crash=1;CPXPARAM_Simplex_DGradient=0;CPXPARAM_Simplex_Limits_Perturbation=0;CPXPARAM_Simplex_Limits_Singularity=10;CPXPARAM_Simplex_PGradient=0;CPXPARAM_Simplex_Pricing=0;CPXPARAM_Simplex_Refactor=0
13169069548812376516,0,CPXPARAM_Advance=1;CPXPARAM_Barrier_Algorithm=0;CPXPARAM_Barrier_ColNonzeros=0;CPXPARAM_Barrier_Crossover=0;CPXPARAM_Barrier_Limits_Corrections=-1;CPXPARAM_Barrier_Ordering=0;CPXPARAM_Barrier_StartAlg=1;CPXPARAM_Emphasis_MIP=0;CPXPARAM_Emphasis_Memory=0;CPXPARAM_Emphasis_Numerical=0;CPXPARAM_Feasopt_Mode=0;CPXPARAM_LPMethod=0;CPXPARAM_MIP_Cuts_Cliques=1;CPXPARAM_MIP_Cuts_Covers=-1;CPXPARAM_MIP_Cuts_Disjunctive=1;CPXPARAM_MIP_Cuts_FlowCovers=-1;CPXPARAM_MIP_Cuts_GUBCovers=1;CPXPARAM_MIP_Cuts_Gomory=1;CPXPARAM_MIP_Cuts_Implied=2;CPXPARAM_MIP_Cuts_MIRCut=2;CPXPARAM_MIP_Cuts_PathCut=-1;CPXPARAM_MIP_Limits_AggForCut=3;CPXPARAM_MIP_Limits_CutPasses=0;CPXPARAM_MIP_Limits_CutsFactor=-1;CPXPARAM_MIP_Limits_GomoryCand=150;CPXPARAM_MIP_Limits_GomoryPass=0;CPXPARAM_MIP_Limits_Nodes=9223372036800000000;CPXPARAM_MIP_Limits_ProbeTime=1e+75;CPXPARAM_MIP_Limits_RepairTries=0;CPXPARAM_MIP_Limits_StrongCand=10;CPXPARAM_MIP_Limits_StrongIt=0;CPXPARAM_MIP_OrderType=0;CPXPARAM_MIP_Strategy_BBInterval=7;CPXPARAM_MIP_Strategy_Branch=-1;CPXPARAM_MIP_Strategy_Dive=0;CPXPARAM_MIP_Strategy_File=1;CPXPARAM_MIP_Strategy_HeuristicFreq=0;CPXPARAM_MIP_Strategy_LBHeur=0;CPXPARAM_MIP_Strategy_NodeSelect=2;CPXPARAM_MIP_Strategy_Order=1;CPXPARAM_MIP_Strategy_PresolveNode=-1;CPXPARAM_MIP_Strategy_Probe=-1;CPXPARAM_MIP_Strategy_RINSHeur=0;CPXPARAM_MIP_Strategy_StartAlgorithm=0;CPXPARAM_MIP_Strategy_SubAlgorithm=0;CPXPARAM_MIP_Strategy_VariableSelect=-1;CPXPARAM_Network_NetFind=2;CPXPARAM_Network_Pricing=0;CPXPARAM_Parallel=1;CPXPARAM_Preprocessing_Aggregator=-1;CPXPARAM_Preprocessing_BoundStrength=-1;CPXPARAM_Preprocessing_CoeffReduce=-1;CPXPARAM_Preprocessing_Dependency=-1;CPXPARAM_Preprocessing_Dual=0;CPXPARAM_Preprocessing_Fill=10;CPXPARAM_Preprocessing_NumPass=-1;CPXPARAM_Preprocessing_Presolve=1;CPXPARAM_Preprocessing_QPMakePSD=1;CPXPARAM_Preprocessing_Reduce=3;CPXPARAM_Preprocessing_Relax=-1;CPXPARAM_Preprocessing_RepeatPresolve=-1;CPXPARAM_Preprocessing_Symmetry=-1;CPXPARAM_Read_Scale=0;CPXPARAM_Sifting_Algorithm=0;CPXPARAM_Simplex_Crash=1;CPXPARAM_Simplex_DGradient=0;CPXPARAM_Simplex_Limits_Perturbation=0;CPXPARAM_Simplex_Limits_Singularity=10;CPXPARAM_Simplex_PGradient=0;CPXPARAM_Simplex_Pricing=0;CPXPARAM_Simplex_Refactor=0
10445360131943463197,0,CPXPARAM_Advance=1;CPXPARAM_Barrier_Algorithm=0;CPXPARAM_Barrier_ColNonzeros=0;CPXPARAM_Barrier_Crossover=0;CPXPARAM_Barrier_Limits_Corrections=-1;CPXPARAM_Barrier_Ordering=0;CPXPARAM_Barrier_StartAlg=1;CPXPARAM_Emphasis_MIP=2;CPXPARAM_Emphasis_Memory=0;CPXPARAM_Emphasis_Numerical=0;CPXPARAM_Feasopt_Mode=0;CPXPARAM_LPMethod=0;CPXPARAM_MIP_Cuts_Cliques=-1;CPXPARAM_MIP_Cuts_Covers=2;CPXPARAM_MIP_Cuts_Disjunctive=1;CPXPARAM_MIP_Cuts_FlowCovers=2;CPXPARAM_MIP_Cuts_GUBCovers=1;CPXPARAM_MIP_Cuts_Gomory=0;CPXPARAM_MIP_Cuts_Implied=-1;CPXPARAM_MIP_Cuts_MIRCut=-1;CPXPARAM_MIP_Cuts_PathCut=-1;CPXPARAM_MIP_Limits_AggForCut=3;CPXPARAM_MIP_Limits_CutPasses=0;CPXPARAM_MIP_Limits_CutsFactor=-1;CPXPARAM_MIP_Limits_GomoryCand=400;CPXPARAM_MIP_Limits_GomoryPass=0;CPXPARAM_MIP_Limits_Nodes=9223372036800000000;CPXPARAM_MIP_Limits_ProbeTime=1e+75;CPXPARAM_MIP_Limits_RepairTries=0;CPXPARAM_MIP_Limits_StrongCand=10;CPXPARAM_MIP_Limits_StrongIt=0;CPXPARAM_MIP_OrderType=0;CPXPARAM_MIP_Strategy_BBInterval=7;CPXPARAM_MIP_Strategy_Branch=0;CPXPARAM_MIP_Strategy_Dive=0;CPXPARAM_MIP_Strategy_File=1;CPXPARAM_MIP_Strategy_HeuristicFreq=0;CPXPARAM_MIP_Strategy_LBHeur=0;CPXPARAM_MIP_Strategy_NodeSelect=1;CPXPARAM_MIP_Strategy_Order=1;CPXPARAM_MIP_Strategy_PresolveNode=0;CPXPARAM_MIP_Strategy_Probe=0;CPXPARAM_MIP_Strategy_RINSHeur=0;CPXPARAM_MIP_Strategy_StartAlgorithm=0;CPXPARAM_MIP_Strategy_SubAlgorithm=0;CPXPARAM_MIP_Strategy_VariableSelect=0;CPXPARAM_Network_NetFind=2;CPXPARAM_Network_Pricing=0;CPXPARAM_Parallel=1;CPXPARAM_Preprocessing_Aggregator=-1;CPXPARAM_Preprocessing_BoundStrength=-1;CPXPARAM_Preprocessing_CoeffReduce=-1;CPXPARAM_Preprocessing_Dependency=-1;CPXPARAM_Preprocessing_Dual=0;CPXPARAM_Preprocessing_Fill=10;CPXPARAM_Preprocessing_NumPass=-1;CPXPARAM_Preprocessing_Presolve=1;CPXPARAM_Preprocessing_QPMakePSD=1;CPXPARAM_Preprocessing_Reduce=3;CPXPARAM_Preprocessing_Relax=-1;CPXPARAM_Preprocessing_RepeatPresolve=-1;CPXPARAM_Preprocessing_Symmetry=3;CPXPARAM_Read_Scale=0;CPXPARAM_Sifting_Algorithm=0;CPXPARAM_Simplex_Crash=1;CPXPARAM_Simplex_DGradient=0;CPXPARAM_Simplex_Limits_Perturbation=0;CPXPARAM_Simplex_Limits_Singularity=10;CPXPARAM_Simplex_PGradient=0;CPXPARAM_Simplex_Pricing=0;CPXPARAM_Simplex_Refactor=0
17815834339417025044,0,CPXPARAM_Advance=1;CPXPARAM_Barrier_Algorithm=0;CPXPARAM_Barrier_ColNonzeros=0;CPXPARAM_Barrier_Crossover=0;CPXPARAM_Barrier_Limits_Corrections=-1;CPXPARAM_Barrier_Ordering=0;CPXPARAM_Barrier_StartAlg=1;CPXPARAM_Emphasis_MIP=2;CPXPARAM_Emphasis_Memory=0;CPXPARAM_Emphasis_Numerical=0;CPXPARAM_Feasopt_Mode=0;CPXPARAM_LPMethod=0;CPXPARAM_MIP_Cuts_Cliques=-1;CPXPARAM_MIP_Cuts_Covers=2;CPXPARAM_MIP_Cuts_Disjunctive=1;CPXPARAM_MIP_Cuts_FlowCovers=2;CPXPARAM_MIP_Cuts_GUBCovers=1;CPXPARAM_MIP_Cuts_Gomory=0;CPXPARAM_MIP_Cuts_Implied=-1;CPXPARAM_MIP_Cuts_MIRCut=-1;CPXPARAM_MIP_Cuts_PathCut=-1;CPXPARAM_MIP_Limits_AggForCut=3;CPXPARAM_MIP_Limits_CutPasses=0;CPXPARAM_MIP_Limits_CutsFactor=-1;CPXPARAM_MIP_Limits_GomoryCand=400;CPXPARAM_MIP_Limits_GomoryPass=0;CPXPARAM_MIP_Limits_Nodes=9223372036800000000;CPXPARAM_MIP_Limits_ProbeTime=1e+75;CPXPARAM_MIP_Limits_RepairTries=0;CPXPARAM_MIP_Limits_StrongCand=10;CPXPARAM_MIP_Limits_StrongIt=0;CPXPARAM_MIP_OrderType=0;CPXPARAM_MIP_Strategy_BBInterval=7;CPXPARAM_MIP_Strategy_Branch=0;CPXPARAM_MIP_Strategy_Dive=0;CPXPARAM_MIP_Strategy_File=1;CPXPARAM_MIP_Strategy_HeuristicFreq=0;CPXPARAM_MIP_Strategy_LBHeur=0;CPXPARAM_MIP_Strategy_NodeSelect=1;CPXPARAM_MIP_Strategy_Order=1;CPXPARAM_MIP_Strategy_PresolveNode=0;CPXPARAM_MIP_Strategy_Probe=0;CPXPARAM_MIP_Strategy_RINSHeur=0;CPXPARAM_MIP_Strategy_StartAlgorithm=0;CPXPARAM_MIP_Strategy_SubAlgorithm=0;CPXPARAM_MIP_Strategy_VariableSelect=0;CPXPARAM_Network_NetFind=2;CPXPARAM_Network_Pricing=0;CPXPARAM_Parallel=1;CPXPARAM_Preprocessing_Aggregator=-1;CPXPARAM_Preprocessing_BoundStrength=-1;CPXPARAM_Preprocessing_CoeffReduce=-1;CPXPARAM_Preprocessing_Dependency=-1;CPXPARAM_Preprocessing_Dual=0;CPXPARAM_Preprocessing_Fill=10;CPXPARAM_Preprocessing_NumPass=-1;CPXPARAM_Preprocessing_Presolve=1;CPXPARAM_Preprocessing_QPMakePSD=1;CPXPARAM_Preprocessing_Reduce=3;CPXPARAM_Preprocessing_Relax=-1;CPXPARAM_Preprocessing_RepeatPresolve=-1;CPXPARAM_Preprocessing_Symmetry=4;CPXPARAM_Read_Scale=0;CPXPARAM_Sifting_Algorithm=0;CPXPARAM_Simplex_Crash=1;CPXPARAM_Simplex_DGradient=0;CPXPARAM_Simplex_Limits_Perturbation=0;CPXPARAM_Simplex_Limits_Singularity=10;CPXPARAM_Simplex_PGradient=0;CPXPARAM_Simplex_Pricing=0;CPXPARAM_Simplex_Refactor=0
8434704400705429071,0,CPXPARAM_Advance=1;CPXPARAM_Barrier_Algorithm=0;CPXPARAM_Barrier_ColNonzeros=0;CPXPARAM_Barrier_Crossover=0;CPXPARAM_Barrier_Limits_Corrections=-1;CPXPARAM_Barrier_Ordering=0;CPXPARAM_Barrier_StartAlg=1;CPXPARAM_Emphasis_MIP=2;CPXPARAM_Emphasis_Memory=0;CPXPARAM_Emphasis_Numerical=0;CPXPARAM_Feasopt_Mode=0;CPXPARAM_LPMethod=0;CPXPARAM_MIP_Cuts_Cliques=-1;CPXPARAM_MIP_Cuts_Covers=2;CPXPARAM_MIP_Cuts_Disjunctive=1;CPXPARAM_MIP_Cuts_FlowCovers=2;CPXPARAM_MIP_Cuts_GUBCovers=1;CPXPARAM_MIP_Cuts_Gomory=0;CPXPARAM_MIP_Cuts_Implied=-1;CPXPARAM_MIP_Cuts_MIRCut=-1;CPXPARAM_MIP_Cuts_PathCut=-1;CPXPARAM_MIP_Limits_AggForCut=3;CPXPARAM_MIP_Limits_CutPasses=0;CPXPARAM_MIP_Limits_CutsFactor=-1;CPXPARAM_MIP_Limits_GomoryCand=400;CPXPARAM_MIP_Limits_GomoryPass=0;CPXPARAM_MIP_Limits_Nodes=9223372036800000000;CPXPARAM_MIP_Limits_ProbeTime=1e+75;CPXPARAM_MIP_Limits_RepairTries=0;CPXPARAM_MIP_Limits_StrongCand=10;CPXPARAM_MIP_Limits_StrongIt=0;CPXPARAM_MIP_OrderType=0;CPXPARAM_MIP_Strategy_BBInterval=7;CPXPARAM_MIP_Strategy_Branch=0;CPXPARAM_MIP_Strategy_Dive=0;CPXPARAM_MIP_Strategy_File=1;CPXPARAM_MIP_Strategy_HeuristicFreq=0;CPXPARAM_MIP_Strategy_LBHeur=0;CPXPARAM_MIP_Strategy_NodeSelect=1;CPXPARAM_MIP_Strategy_Order=1;CPXPARAM_MIP_Strategy_PresolveNode=0;CPXPARAM_MIP_Strategy_Probe=0;CPXPARAM_MIP_Strategy_RINSHeur=0;CPXPARAM_MIP_Strategy_StartAlgorithm=0;CPXPARAM_MIP_Strategy_SubAlgorithm=0;CPXPARAM_MIP_Strategy_VariableSelect=0;CPXPARAM_Network_NetFind=2;CPXPARAM_Network_Pricing=0;CPXPARAM_Parallel=1;CPXPARAM_Preprocessing_Aggregator=-1;CPXPARAM_Preprocessing_BoundStrength=-1;CPXPARAM_Preprocessing_CoeffReduce=-1;CPXPARAM_Preprocessing_Dependency=-1;CPXPARAM_Preprocessing_Dual=-1;CPXPARAM_Preprocessing_Fill=10;CPXPARAM_Preprocessing_NumPass=-1;CPXPARAM_Preprocessing_Presolve=1;CPXPARAM_Preprocessing_QPMakePSD=1;CPXPARAM_Preprocessing_Reduce=3;CPXPARAM_Preprocessing_Relax=-1;CPXPARAM_Preprocessing_RepeatPresolve=-1;CPXPARAM_Preprocessing_Symmetry=-1;CPXPARAM_Read_Scale=0;CPXPARAM_Sifting_Algorithm=0;CPXPARAM_Simplex_Crash=1;CPXPARAM_Simplex_DGradient=0;CPXPARAM_Simplex_Limits_Perturbation=0;CPXPARAM_Simplex_Limits_Singularity=10;CPXPARAM_Simplex_PGradient=0;CPXPARAM_Simplex_Pricing=0;CPXPARAM_Simplex_Refactor=0
15331799041055524919,0,CPXPARAM_Advance=1;CPXPARAM_Barrier_Algorithm=0;CPXPARAM_Barrier_ColNonzeros=0;CPXPARAM_Barrier_Crossover=0;CPXPARAM_Barrier_Limits_Corrections=-1;CPXPARAM_Barrier_Ordering=0;CPXPARAM_Barrier_StartAlg=1;CPXPARAM_Emphasis_MIP=2;CPXPARAM_Emphasis_Memory=0;CPXPARAM_Emphasis_Numerical=0;CPXPARAM_Feasopt_Mode=0;CPXPARAM_LPMethod=0;CPXPARAM_MIP_Cuts_Cliques=-1;CPXPARAM_MIP_Cuts_Covers=2;CPXPARAM_MIP_Cuts_Disjunctive=1;CPXPARAM_MIP_Cuts_FlowCovers=2;CPXPARAM_MIP_Cuts_GUBCovers=1;CPXPARAM_MIP_Cuts_Gomory=0;CPXPARAM_MIP_Cuts_Implied=-1;CPXPARAM_MIP_Cuts_MIRCut=-1;CPXPARAM_MIP_Cuts_PathCut=-1;CPXPARAM_MIP_Limits_AggForCut=3;CPXPARAM_MIP_Limits_CutPasses=0;CPXPARAM_MIP_Limits_CutsFactor=-1;CPXPARAM_MIP_Limits_GomoryCand=400;CPXPARAM_MIP_Limits_GomoryPass=0;CPXPARAM_MIP_Limits_Nodes=9223372036800000000;CPXPARAM_MIP_Limits_ProbeTime=1e+75;CPXPARAM_MIP_Limits_RepairTries=0;CPXPARAM_MIP_Limits_StrongCand=10;CPXPARAM_MIP_Limits_StrongIt=0;CPXPARAM_MIP_OrderType=0;CPXPARAM_MIP_Strategy_BBInterval=7;CPXPARAM_MIP_Strategy_Branch=0;CPXPARAM_MIP_Strategy_Dive=0;CPXPARAM_MIP_Strategy_File=1;CPXPARAM_MIP_Strategy_HeuristicFreq=0;CPXPARAM_MIP_Strategy_LBHeur=0;CPXPARAM_MIP_Strategy_NodeSelect=1;CPXPARAM_MIP_Strategy_Order=1;CPXPARAM_MIP_Strategy_PresolveNode=0;CPXPARAM_MIP_Strategy_Probe=0;CPXPARAM_MIP_Strategy_RINSHeur=0;CPXPARAM_MIP_Strategy_StartAlgorithm=0;CPXPARAM_MIP_Strategy_SubAlgorithm=0;CPXPARAM_MIP_Strategy_VariableSelect=0;CPXPARAM_Network_NetFind=2;CPXPARAM_Network_Pricing=0;CPXPARAM_Parallel=1;CPXPARAM_Preprocessing_Aggregator=-1;CPXPARAM_Preprocessing_BoundStrength=-1;CPXPARAM_Preprocessing_CoeffReduce=-1;CPXPARAM_Preprocessing_Dependency=-1;CPXPARAM_Preprocessing_Dual=0;CPXPARAM_Preprocessing_Fill=10;CPXPARAM_Preprocessing_NumPass=-1;CPXPARAM_Preprocessing_Presolve=1;CPXPARAM_Preprocessing_QPMakePSD=1;CPXPARAM_Preprocessing_Reduce=3;CPXPARAM_Preprocessing_Relax=-1;CPXPARAM_Preprocessing_RepeatPresolve=-1;CPXPARAM_Preprocessing_Symmetry=5;CPXPARAM_Read_Scale=0;CPXPARAM_Sifting_Algorithm=0;CPXPARAM_Simplex_Crash=1;CPXPARAM_Simplex_DGradient=0;CPXPARAM_Simplex_Limits_Perturbation=0;CPXPARAM_Simplex_Limits_Singularity=10;CPXPARAM_Simplex_PGradient=0;CPXPARAM_Simplex_Pricing=0;CPXPARAM_Simplex_Refactor=0
11671220758746664273,0,CPXPARAM_Advance=1;CPXPARAM_Barrier_Algorithm=0;CPXPARAM_Barrier_ColNonzeros=0;CPXPARAM_Barrier_Crossover=0;CPXPARAM_Barrier_Limits_Corrections=-1;CPXPARAM_Barrier_Ordering=0;CPXPARAM_Barrier_StartAlg=1;CPXPARAM_Emphasis_MIP=4;CPXPARAM_Emphasis_Memory=0;CPXPARAM_Emphasis_Numerical=0;CPXPARAM_Feasopt_Mode=0;CPXPARAM_LPMethod=0;CPXPARAM_MIP_Cuts_Cliques=0;CPXPARAM_MIP_Cuts_Covers=1;CPXPARAM_MIP_Cuts_Disjunctive=0;CPXPARAM_MIP_Cuts_FlowCovers=2;CPXPARAM_MIP_Cuts_GUBCovers=2;CPXPARAM_MIP_Cuts_Gomory=0;CPXPARAM_MIP_Cuts_Implied=0;CPXPARAM_MIP_Cuts_MIRCut=2;CPXPARAM_MIP_Cuts_PathCut=1;CPXPARAM_MIP_Limits_AggForCut=2;CPXPARAM_MIP_Limits_CutPasses=0;CPXPARAM_MIP_Limits_CutsFactor=-1;CPXPARAM_MIP_Limits_GomoryCand=150;CPXPARAM_MIP_Limits_GomoryPass=0;CPXPARAM_MIP_Limits_Nodes=9223372036800000000;CPXPARAM_MIP_Limits_ProbeTime=1e+75;CPXPARAM_MIP_Limits_RepairTries=0;CPXPARAM_MIP_Limits_StrongCand=10;CPXPARAM_MIP_Limits_StrongIt=0;CPXPARAM_MIP_OrderType=0;CPXPARAM_MIP_Strategy_BBInterval=7;CPXPARAM_MIP_Strategy_Branch=0;CPXPARAM_MIP_Strategy_Dive=0;CPXPARAM_MIP_Strategy_File=1;CPXPARAM_MIP_Strategy_HeuristicFreq=0;CPXPARAM_MIP_Strategy_LBHeur=0;CPXPARAM_MIP_Strategy_NodeSelect=1;CPXPARAM_MIP_Strategy_Order=1;CPXPARAM_MIP_Strategy_PresolveNode=0;CPXPARAM_MIP_Strategy_Probe=0;CPXPARAM_MIP_Strategy_RINSHeur=0;CPXPARAM_MIP_Strategy_StartAlgorithm=0;CPXPARAM_MIP_Strategy_SubAlgorithm=0;CPXPARAM_MIP_Strategy_VariableSelect=0;CPXPARAM_Network_NetFind=2;CPXPARAM_Network_Pricing=0;CPXPARAM_Parallel=1;CPXPARAM_Preprocessing_Aggregator=-1;CPXPARAM_Preprocessing_BoundStrength=-1;CPXPARAM_Preprocessing_CoeffReduce=-1;CPXPARAM_Preprocessing_Dependency=-1;CPXPARAM_Preprocessing_Dual=0;CPXPARAM_Preprocessing_Fill=10;CPXPARAM_Preprocessing_NumPass=-1;CPXPARAM_Preprocessing_Presolve=1;CPXPARAM_Preprocessing_QPMakePSD=1;CPXPARAM_Preprocessing_Reduce=3;CPXPARAM_Preprocessing_Relax=-1;CPXPARAM_Preprocessing_RepeatPresolve=-1;CPXPARAM_Preprocessing_Symmetry=-1;CPXPARAM_Read_Scale=0;CPXPARAM_Sifting_Algorithm=0;CPXPARAM_Simplex_Crash=1;CPXPARAM_Simplex_DGradient=0;CPXPARAM_Simplex_Limits_Perturbation=0;CPXPARAM_Simplex_Limits_Singularity=10;CPXPARAM_Simplex_PGradient=0;CPXPARAM_Simplex_Pricing=0;CPXPARAM_Simplex_Refactor=0
16428341003550858395,0,CPXPARAM_Advance=1;CPXPARAM_Barrier_Algorithm=0;CPXPARAM_Barrier_ColNonzeros=0;CPXPARAM_Barrier_Crossover=0;CPXPARAM_Barrier_Limits_Corrections=-1;CPXPARAM_Barrier_Ordering=0;CPXPARAM_Barrier_StartAlg=1;CPXPARAM_Emphasis_MIP=3;CPXPARAM_Emphasis_Memory=0;CPXPARAM_Emphasis_Numerical=0;CPXPARAM_Feasopt_Mode=0;CPXPARAM_LPMethod=0;CPXPARAM_MIP_Cuts_Cliques=-1;CPXPARAM_MIP_Cuts_Covers=0;CPXPARAM_MIP_Cuts_Disjunctive=1;CPXPARAM_MIP_Cuts_FlowCovers=-1;CPXPARAM_MIP_Cuts_GUBCovers=-1;CPXPARAM_MIP_Cuts_Gomory=2;CPXPARAM_MIP_Cuts_Implied=-1;CPXPARAM_MIP_Cuts_MIRCut=1;CPXPARAM_MIP_Cuts_PathCut=2;CPXPARAM_MIP_Limits_AggForCut=10;CPXPARAM_MIP_Limits_CutPasses=0;CPXPARAM_MIP_Limits_CutsFactor=-1;CPXPARAM_MIP_Limits_GomoryCand=200;CPXPARAM_MIP_Limits_GomoryPass=0;CPXPARAM_MIP_Limits_Nodes=9223372036800000000;CPXPARAM_MIP_Limits_ProbeTime=1e+75;CPXPARAM_MIP_Limits_RepairTries=0;CPXPARAM_MIP_Limits_StrongCand=10;CPXPARAM_MIP_Limits_StrongIt=0;CPXPARAM_MIP_OrderType=0;CPXPARAM_MIP_Strategy_BBInterval=7;CPXPARAM_MIP_Strategy_Branch=-1;CPXPARAM_MIP_Strategy_Dive=0;CPXPARAM_MIP_Strategy_File=1;CPXPARAM_MIP_Strategy_HeuristicFreq=0;CPXPARAM_MIP_Strategy_LBHeur=0;CPXPARAM_MIP_Strategy_NodeSelect=2;CPXPARAM_MIP_Strategy_Order=1;CPXPARAM_MIP_Strategy_PresolveNode=0;CPXPARAM_MIP_Strategy_Probe=2;CPXPARAM_MIP_Strategy_RINSHeur=0;CPXPARAM_MIP_Strategy_StartAlgorithm=0;CPXPARAM_MIP_Strategy_SubAlgorithm=0;CPXPARAM_MIP_Strategy_VariableSelect=-1;CPXPARAM_Network_NetFind=2;CPXPARAM_Network_Pricing=0;CPXPARAM_Parallel=1;CPXPARAM_Preprocessing_Aggregator=-1;CPXPARAM_Preprocessing_BoundStrength=-1;CPXPARAM_Preprocessing_CoeffReduce=-1;CPXPARAM_Preprocessing_Dependency=-1;CPXPARAM_Preprocessing_Dual=0;CPXPARAM_Preprocessing_Fill=5;CPXPARAM_Preprocessing_NumPass=-1;CPXPARAM_Preprocessing_Presolve=1;CPXPARAM_Preprocessing_QPMakePSD=1;CPXPARAM_Preprocessing_Reduce=3;CPXPARAM_Preprocessing_Relax=-1;CPXPARAM_Preprocessing_RepeatPresolve=-1;CPXPARAM_Preprocessing_Symmetry=-1;CPXPARAM_Read_Scale=0;CPXPARAM_Sifting_Algorithm=0;CPXPARAM_Simplex_Crash=1;CPXPARAM_Simplex_DGradient=0;CPXPARAM_Simplex_Limits_Perturbation=0;CPXPARAM_Simplex_Limits_Singularity=10;CPXPARAM_Simplex_PGradient=0;CPXPARAM_Simplex_Pricing=0;CPXPARAM_Simplex_Refactor=0
4837532474305736988,0,CPXPARAM_Advance=1;CPXPARAM_Barrier_Algorithm=0;CPXPARAM_Barrier_ColNonzeros=0;CPXPARAM_Barrier_Crossover=0;CPXPARAM_Barrier_Limits_Corrections=-1;CPXPARAM_Barrier_Ordering=0;CPXPARAM_Barrier_StartAlg=1;CPXPARAM_Emphasis_MIP=2;CPXPARAM_Emphasis_Memory=0;CPXPARAM_Emphasis_Numerical=0;CPXPARAM_Feasopt_Mode=0;CPXPARAM_LPMethod=0;CPXPARAM_MIP_Cuts_Cliques=-1;CPXPARAM_MIP_Cuts_Covers=2;CPXPARAM_MIP_Cuts_Disjunctive=1;CPXPARAM_MIP_Cuts_FlowCovers=2;CPXPARAM_MIP_Cuts_GUBCovers=1;CPXPARAM_MIP_Cuts_Gomory=0;CPXPARAM_MIP_Cuts_Implied=-1;CPXPARAM_MIP_Cuts_MIRCut=-1;CPXPARAM_MIP_Cuts_PathCut=-1;CPXPARAM_MIP_Limits_AggForCut=3;CPXPARAM_MIP_Limits_CutPasses=0;CPXPARAM_MIP_Limits_CutsFactor=-1;CPXPARAM_MIP_Limits_GomoryCand=400;CPXPARAM_MIP_Limits_GomoryPass=0;CPXPARAM_MIP_Limits_Nodes=9223372036800000000;CPXPARAM_MIP_Limits_ProbeTime=1e+75;CPXPARAM_MIP_Limits_RepairTries=0;CPXPARAM_MIP_Limits_StrongCand=10;CPXPARAM_MIP_Limits_StrongIt=0;CPXPARAM_MIP_OrderType=0;CPXPARAM_MIP_Strategy_BBInterval=7;CPXPARAM_MIP_Strategy_Branch=0;CPXPARAM_MIP_Strategy_Dive=0;CPXPARAM_MIP_Strategy_File=1;CPXPARAM_MIP_Strategy_HeuristicFreq=0;CPXPARAM_MIP_Strategy_LBHeur=0;CPXPARAM_MIP_Strategy_NodeSelect=1;CPXPARAM_MIP_Strategy_Order=1;CPXPARAM_MIP_Strategy_PresolveNode=0;CPXPARAM_MIP_Strategy_Probe=0;CPXPARAM_MIP_Strategy_RINSHeur=0;CPXPARAM_MIP_Strategy_StartAlgorithm=0;CPXPARAM_MIP_Strategy_SubAlgorithm=0;CPXPARAM_MIP_Strategy_VariableSelect=0;CPXPARAM_Network_NetFind=2;CPXPARAM_Network_Pricing=0;CPXPARAM_Parallel=1;CPXPARAM_Preprocessing_Aggregator=-1;CPXPARAM_Preprocessing_BoundStrength=-1;CPXPARAM_Preprocessing_CoeffReduce=-1;CPXPARAM_Preprocessing_Dependency=-1;CPXPARAM_Preprocessing_Dual=1;CPXPARAM_Preprocessing_Fill=10;CPXPARAM_Preprocessing_NumPass=-1;CPXPARAM_Preprocessing_Presolve=1;CPXPARAM_Preprocessing_QPMakePSD=1;CPXPARAM_Preprocessing_Reduce=3;CPXPARAM_Preprocessing_Relax=-1;CPXPARAM_Preprocessing_RepeatPresolve=-1;CPXPARAM_Preprocessing_Symmetry=-1;CPXPARAM_Read_Scale=0;CPXPARAM_Sifting_Algorithm=0;CPXPARAM_Simplex_Crash=1;CPXPARAM_Simplex_DGradient=0;CPXPARAM_Simplex_Limits_Perturbation=0;CPXPARAM_Simplex_Limits_Singularity=10;CPXPARAM_Simplex_PGradient=0;CPXPARAM_Simplex_Pricing=0;CPXPARAM_Simplex_Refactor=0
14164305386332129498,0,CPXPARAM_Advance=1;CPXPARAM_Barrier_Algorithm=0;CPXPARAM_Barrier_ColNonzeros=0;CPXPARAM_Barrier_Crossover=0;CPXPARAM_Barrier_Limits_Corrections=-1;CPXPARAM_Barrier_Ordering=0;CPXPARAM_Barrier_StartAlg=1;CPXPARAM_Emphasis_MIP=2;CPXPARAM_Emphasis_Memory=0;CPXPARAM_Emphasis_Numerical=0;CPXPARAM_Feasopt_Mode=0;CPXPARAM_LPMethod=0;CPXPARAM_MIP_Cuts_Cliques=-1;CPXPARAM_MIP_Cuts_Covers=2;CPXPARAM_MIP_Cuts_Disjunctive=1;CPXPARAM_MIP_Cuts_FlowCovers=2;CPXPARAM_MIP_Cuts_GUBCovers=1;CPXPARAM_MIP_Cuts_Gomory=0;CPXPARAM_MIP_Cuts_Implied=-1;CPXPARAM_MIP_Cuts_MIRCut=-1;CPXPARAM_MIP_Cuts_PathCut=-1;CPXPARAM_MIP_Limits_AggForCut=3;CPXPARAM_MIP_Limits_CutPasses=0;CPXPARAM_MIP_Limits_CutsFactor=-1;CPXPARAM_MIP_Limits_GomoryCand=400;CPXPARAM_MIP_Limits_GomoryPass=0;CPXPARAM_MIP_Limits_Nodes=9223372036800000000;CPXPARAM_MIP_Limits_ProbeTime=1e+75;CPXPARAM_MIP_Limits_RepairTries=0;CPXPARAM_MIP_Limits_StrongCand=10;CPXPARAM_MIP_Limits_StrongIt=0;CPXPARAM_MIP_OrderType=0;CPXPARAM_MIP_Strategy_BBInterval=7;CPXPARAM_MIP_Strategy_Branch=0;CPXPARAM_MIP_Strategy_Dive=0;CPXPARAM_MIP_Strategy_File=1;CPXPARAM_MIP_Strategy_HeuristicFreq=0;CPXPARAM_MIP_Strategy_LBHeur=1;CPXPARAM_MIP_Strategy_NodeSelect=1;CPXPARAM_MIP_Strategy_Order=1;CPXPARAM_MIP_Strategy_PresolveNode=0;CPXPARAM_MIP_Strategy_Probe=0;CPXPARAM_MIP_Strategy_RINSHeur=0;CPXPARAM_MIP_Strategy_StartAlgorithm=0;CPXPARAM_MIP_Strategy_SubAlgorithm=0;CPXPARAM_MIP_Strategy_VariableSelect=0;CPXPARAM_Network_NetFind=2;CPXPARAM_Network_Pricing=0;CPXPARAM_Parallel=1;CPXPARAM_Preprocessing_Aggregator=-1;CPXPARAM_Preprocessing_BoundStrength=-1;CPXPARAM_Preprocessing_CoeffReduce=-1;CPXPARAM_Preprocessing_Dependency=-1;CPXPARAM_Preprocessing_Dual=0;CPXPARAM_Preprocessing_Fill=10;CPXPARAM_Preprocessing_NumPass=-1;CPXPARAM_Preprocessing_Presolve=1;CPXPARAM_Preprocessing_QPMakePSD=1;CPXPARAM_Preprocessing_Reduce=3;CPXPARAM_Preprocessing_Relax=-1;CPXPARAM_Preprocessing_RepeatPresolve=-1;CPXPARAM_Preprocessing_Symmetry=-1;CPXPARAM_Read_Scale=0;CPXPARAM_Sifting_Algorithm=0;CPXPARAM_Simplex_Crash=1;CPXPARAM_Simplex_DGradient=0;CPXPARAM_Simplex_Limits_Perturbation=0;CPXPARAM_Simplex_Limits_Singularity=10;CPXPARAM_Simplex_PGradient=0;CPXPARAM_Simplex_Pricing=0;CPXPARAM_Simplex_Refactor=0
18380295975023391711,0,CPXPARAM_Advance=1;CPXPARAM_Barrier_Algorithm=0;CPXPARAM_Barrier_ColNonzeros=0;CPXPARAM_Barrier_Crossover=0;CPXPARAM_Barrier_Limits_Corrections=-1;CPXPARAM_Barrier_Ordering=0;CPXPARAM_Barrier_StartAlg=1;CPXPARAM_Emphasis_MIP=2;CPXPARAM_Emphasis_Memory=0;CPXPARAM_Emphasis_Numerical=0;CPXPARAM_Feasopt_Mode=0;CPXPARAM_LPMethod=0;CPXPARAM_MIP_Cuts_Cliques=-1;CPXPARAM_MIP_Cuts_Covers=0;CPXPARAM_MIP_Cuts_Disjunctive=-1;CPXPARAM_MIP_Cuts_FlowCovers=-1;CPXPARAM_MIP_Cuts_GUBCovers=0;CPXPARAM_MIP_Cuts_Gomory=0;CPXPARAM_MIP_Cuts_Implied=1;CPXPARAM_MIP_Cuts_MIRCut=2;CPXPARAM_MIP_Cuts_PathCut=1;CPXPARAM_MIP_Limits_AggForCut=3;CPXPARAM_MIP_Limits_CutPasses=0;CPXPARAM_MIP_Limits_CutsFactor=-1;CPXPARAM_MIP_Limits_GomoryCand=10;CPXPARAM_MIP_Limits_GomoryPass=0;CPXPARAM_MIP_Limits_Nodes=9223372036800000000;CPXPARAM_MIP_Limits_ProbeTime=1e+75;CPXPARAM_MIP_Limits_RepairTries=0;CPXPARAM_MIP_Limits_StrongCand=10;CPXPARAM_MIP_Limits_StrongIt=0;CPXPARAM_MIP_OrderType=0;CPXPARAM_MIP_Strategy_BBInterval=7;CPXPARAM_MIP_Strategy_Branch=0;CPXPARAM_MIP_Strategy_Dive=0;CPXPARAM_MIP_Strategy_File=1;CPXPARAM_MIP_Strategy_HeuristicFreq=0;CPXPARAM_MIP_Strategy_LBHeur=0;CPXPARAM_MIP_Strategy_NodeSelect=1;CPXPARAM_MIP_Strategy_Order=1;CPXPARAM_MIP_Strategy_PresolveNode=0;CPXPARAM_MIP_Strategy_Probe=0;CPXPARAM_MIP_Strategy_RINSHeur=0;CPXPARAM_MIP_Strategy_StartAlgorithm=0;CPXPARAM_MIP_Strategy_SubAlgorithm=0;CPXPARAM_MIP_Strategy_VariableSelect=0;CPXPARAM_Network_NetFind=2;CPXPARAM_Network_Pricing=0;CPXPARAM_Parallel=1;CPXPARAM_Preprocessing_Aggregator=-1;CPXPARAM_Preprocessing_BoundStrength=-1;CPXPARAM_Preprocessing_CoeffReduce=-1;CPXPARAM_Preprocessing_Dependency=-1;CPXPARAM_Preprocessing_Dual=0;CPXPARAM_Preprocessing_Fill=10;CPXPARAM_Preprocessing_NumPass=-1;CPXPARAM_Preprocessing_Presolve=1;CPXPARAM_Preprocessing_QPMakePSD=1;CPXPARAM_Preprocessing_Reduce=3;CPXPARAM_Preprocessing_Relax=-1;CPXPARAM_Preprocessing_RepeatPresolve=-1;CPXPARAM_Preprocessing_Symmetry=-1;CPXPARAM_Read_Scale=0;CPXPARAM_Sifting_Algorithm=0;CPXPARAM_Simplex_Crash=1;CPXPARAM_Simplex_DGradient=0;CPXPARAM_Simplex_Limits_Perturbation=0;CPXPARAM_Simplex_Limits_Singularity=10;CPXPARAM_Simplex_PGradient=0;CPXPARAM_Simplex_Pricing=0;CPXPARAM_Simplex_Refactor=0
15490384082918737648,0,CPXPARAM_Advance=1;CPXPARAM_Barrier_Algorithm=0;CPXPARAM_Barrier_ColNonzeros=0;CPXPARAM_Barrier_Crossover=0;CPXPARAM_Barrier_Limits_Corrections=-1;CPXPARAM_Barrier_Ordering=0;CPXPARAM_Barrier_StartAlg=1;CPXPARAM_Emphasis_MIP=2;CPXPARAM_Emphasis_Memory=0;CPXPARAM_Emphasis_Numerical=0;CPXPARAM_Feasopt_Mode=0;CPXPARAM_LPMethod=0;CPXPARAM_MIP_Cuts_Cliques=-1;CPXPARAM_MIP_Cuts_Covers=2;CPXPARAM_MIP_Cuts_Disjunctive=1;CPXPARAM_MIP_Cuts_FlowCovers=2;CPXPARAM_MIP_Cuts_GUBCovers=1;CPXPARAM_MIP_Cuts_Gomory=0;CPXPARAM_MIP_Cuts_Implied=-1;CPXPARAM_MIP_Cuts_MIRCut=-1;CPXPARAM_MIP_Cuts_PathCut=-1;CPXPARAM_MIP_Limits_AggForCut=3;CPXPARAM_MIP_Limits_CutPasses=0;CPXPARAM_MIP_Limits_CutsFactor=-1;CPXPARAM_MIP_Limits_GomoryCand=400;CPXPARAM_MIP_Limits_GomoryPass=0;CPXPARAM_MIP_Limits_Nodes=9223372036800000000;CPXPARAM_MIP_Limits_ProbeTime=1e+75;CPXPARAM_MIP_Limits_RepairTries=0;CPXPARAM_MIP_Limits_StrongCand=10;CPXPARAM_MIP_Limits_StrongIt=0;CPXPARAM_MIP_OrderType=0;CPXPARAM_MIP_Strategy_BBInterval=7;CPXPARAM_MIP_Strategy_Branch=0;CPXPARAM_MIP_Strategy_Dive=0;CPXPARAM_MIP_Strategy_File=1;CPXPARAM_MIP_Strategy_HeuristicFreq=40;CPXPARAM_MIP_Strategy_LBHeur=0;CPXPARAM_MIP_Strategy_NodeSelect=1;CPXPARAM_MIP_Strategy_Order=1;CPXPARAM_MIP_Strategy_PresolveNode=0;CPXPARAM_MIP_Strategy_Probe=0;CPXPARAM_MIP_Strategy_RINSHeur=0;CPXPARAM_MIP_Strategy_StartAlgorithm=0;CPXPARAM_MIP_Strategy_SubAlgorithm=0;CPXPARAM_MIP_Strategy_VariableSelect=0;CPXPARAM_Network_NetFind=2;CPXPARAM_Network_Pricing=0;CPXPARAM_Parallel=1;CPXPARAM_Preprocessing_Aggregator=-1;CPXPARAM_Preprocessing_BoundStrength=-1;CPXPARAM_Preprocessing_CoeffReduce=-1;CPXPARAM_Preprocessing_Dependency=-1;CPXPARAM_Preprocessing_Dual=0;CPXPARAM_Preprocessing_Fill=10;CPXPARAM_Preprocessing_NumPass=-1;CPXPARAM_Preprocessing_Presolve=1;CPXPARAM_Preprocessing_QPMakePSD=1;CPXPARAM_Preprocessing_Reduce=3;CPXPARAM_Preprocessing_Relax=-1;CPXPARAM_Preprocessing_RepeatPresolve=-1;CPXPARAM_Preprocessing_Symmetry=-1;CPXPARAM_Read_Scale=0;CPXPARAM_Sifting_Algorithm=0;CPXPARAM_Simplex_Crash=1;CPXPARAM_Simplex_DGradient=0;CPXPARAM_Simplex_Limits_Perturbation=0;CPXPARAM_Simplex_Limits_Singularity=10;CPXPARAM_Simplex_PGradient=0;CPXPARAM_Simplex_Pricing=0;CPXPARAM_Simplex_Refactor=0
5057871475489310086,0,CPXPARAM_Advance=1;CPXPARAM_Barrier_Algorithm=0;CPXPARAM_Barrier_ColNonzeros=0;CPXPARAM_Barrier_Crossover=0;CPXPARAM_Barrier_Limits_Corrections=-1;CPXPARAM_Barrier_Ordering=0;CPXPARAM_Barrier_StartAlg=1;CPXPARAM_Emphasis_MIP=2;CPXPARAM_Emphasis_Memory=0;CPXPARAM_Emphasis_Numerical=0;CPXPARAM_Feasopt_Mode=0;CPXPARAM_LPMethod=0;CPXPARAM_MIP_Cuts_Cliques=-1;CPXPARAM_MIP_Cuts_Covers=2;CPXPARAM_MIP_Cuts_Disjunctive=1;CPXPARAM_MIP_Cuts_FlowCovers=2;CPXPARAM_MIP_Cuts_GUBCovers=1;CPXPARAM_MIP_Cuts_Gomory=0;CPXPARAM_MIP_Cuts_Implied=-1;CPXPARAM_MIP_Cuts_MIRCut=-1;CPXPARAM_MIP_Cuts_PathCut=-1;CPXPARAM_MIP_Limits_AggForCut=3;CPXPARAM_MIP_Limits_CutPasses=0;CPXPARAM_MIP_Limits_CutsFactor=-1;CPXPARAM_MIP_Limits_GomoryCand=400;CPXPARAM_MIP_Limits_GomoryPass=0;CPXPARAM_MIP_Limits_Nodes=9223372036800000000;CPXPARAM_MIP_Limits_ProbeTime=1e+75;CPXPARAM_MIP_Limits_RepairTries=0;CPXPARAM_MIP_Limits_StrongCand=10;CPXPARAM_MIP_Limits_StrongIt=0;CPXPARAM_MIP_OrderType=0;CPXPARAM_MIP_Strategy_BBInterval=7;CPXPARAM_MIP_Strategy_Branch=0;CPXPARAM_MIP_Strategy_Dive=0;CPXPARAM_MIP_Strategy_File=1;CPXPARAM_MIP_Strategy_HeuristicFreq=0;CPXPARAM_MIP_Strategy_LBHeur=0;CPXPARAM_MIP_Strategy_NodeSelect=1;CPXPARAM_MIP_Strategy_Order=1;CPXPARAM_MIP_Strategy_PresolveNode=0;CPXPARAM_MIP_Strategy_Probe=0;CPXPARAM_MIP_Strategy_RINSHeur=100;CPXPARAM_MIP_Strategy_StartAlgorithm=0;CPXPARAM_MIP_Strategy_SubAlgorithm=0;CPXPARAM_MIP_Strategy_VariableSelect=0;CPXPARAM_Network_NetFind=2;CPXPARAM_Network_Pricing=0;CPXPARAM_Parallel=1;CPXPARAM_Preprocessing_Aggregator=-1;CPXPARAM_Preprocessing_BoundStrength=-1;CPXPARAM_Preprocessing_CoeffReduce=-1;CPXPARAM_Preprocessing_Dependency=-1;CPXPARAM_Preprocessing_Dual=0;CPXPARAM_Preprocessing_Fill=10;CPXPARAM_Preprocessing_NumPass=-1;CPXPARAM_Preprocessing_Presolve=1;CPXPARAM_Preprocessing_QPMakePSD=1;CPXPARAM_Preprocessing_Reduce=3;CPXPARAM_Preprocessing_Relax=-1;CPXPARAM_Preprocessing_RepeatPresolve=-1;CPXPARAM_Preprocessing_Symmetry=-1;CPXPARAM_Read_Scale=0;CPXPARAM_Sifting_Algorithm=0;CPXPARAM_Simplex_Crash=1;CPXPARAM_Simplex_DGradient=0;CPXPARAM_Simplex_Limits_Perturbation=0;CPXPARAM_Simplex_Limits_Singularity=10;CPXPARAM_Simplex_PGradient=0;CPXPARAM_Simplex_Pricing=0;CPXPARAM_Simplex_Refactor=0
12005152856428992686,0,CPXPARAM_Advance=1;CPXPARAM_Barrier_Algorithm=0;CPXPARAM_Barrier_ColNonzeros=0;CPXPARAM_Barrier_Crossover=0;CPXPARAM_Barrier_Limits_Corrections=-1;CPXPARAM_Barrier_Ordering=0;CPXPARAM_Barrier_StartAlg=1;CPXPARAM_Emphasis_MIP=2;CPXPARAM_Emphasis_Memory=0;CPXPARAM_Emphasis_Numerical=0;CPXPARAM_Feasopt_Mode=0;CPXPARAM_LPMethod=0;CPXPARAM_MIP_Cuts_Cliques=-1;CPXPARAM_MIP_Cuts_Covers=2;CPXPARAM_MIP_Cuts_Disjunctive=1;CPXPARAM_MIP_Cuts_FlowCovers=2;CPXPARAM_MIP_Cuts_GUBCovers=1;CPXPARAM_MIP_Cuts_Gomory=0;CPXPARAM_MIP_Cuts_Implied=-1;CPXPARAM_MIP_Cuts_MIRCut=-1;CPXPARAM_MIP_Cuts_PathCut=-1;CPXPARAM_MIP_Limits_AggForCut=3;CPXPARAM_MIP_Limits_CutPasses=0;CPXPARAM_MIP_Limits_CutsFactor=-1;CPXPARAM_MIP_Limits_GomoryCand=400;CPXPARAM_MIP_Limits_GomoryPass=0;CPXPARAM_MIP_Limits_Nodes=9223372036800000000;CPXPARAM_MIP_Limits_ProbeTime=1e+75;CPXPARAM_MIP_Limits_RepairTries=0;CPXPARAM_MIP_Limits_StrongCand=10;CPXPARAM_MIP_Limits_StrongIt=0;CPXPARAM_MIP_OrderType=0;CPXPARAM_MIP_Strategy_BBInterval=7;CPXPARAM_MIP_Strategy_Branch=0;CPXPARAM_MIP_Strategy_Dive=0;CPXPARAM_MIP_Strategy_File=1;CPXPARAM_MIP_Strategy_HeuristicFreq=100;CPXPARAM_MIP_Strategy_LBHeur=0;CPXPARAM_MIP_Strategy_NodeSelect=1;CPXPARAM_MIP_Strategy_Order=1;CPXPARAM_MIP_Strategy_PresolveNode=0;CPXPARAM_MIP_Strategy_Probe=0;CPXPARAM_MIP_Strategy_RINSHeur=0;CPXPARAM_MIP_Strategy_StartAlgorithm=0;CPXPARAM_MIP_Strategy_SubAlgorithm=0;CPXPARAM_MIP_Strategy_VariableSelect=0;CPXPARAM_Network_NetFind=2;CPXPARAM_Network_Pricing=0;CPXPARAM_Parallel=1;CPXPARAM_Preprocessing_Aggregator=-1;CPXPARAM_Preprocessing_BoundStrength=-1;CPXPARAM_Preprocessing_CoeffReduce=-1;CPXPARAM_Preprocessing_Dependency=-1;CPXPARAM_Preprocessing_Dual=0;CPXPARAM_Preprocessing_Fill=10;CPXPARAM_Preprocessing_NumPass=-1;CPXPARAM_Preprocessing_Presolve=1;CPXPARAM_Preprocessing_QPMakePSD=1;CPXPARAM_Preprocessing_Reduce=3;CPXPARAM_Preprocessing_Relax=-1;CPXPARAM_Preprocessing_RepeatPresolve=-1;CPXPARAM_Preprocessing_Symmetry=-1;CPXPARAM_Read_Scale=0;CPXPARAM_Sifting_Algorithm=0;CPXPARAM_Simplex_Crash=1;CPXPARAM_Simplex_DGradient=0;CPXPARAM_Simplex_Limits_Perturbation=0;CPXPARAM_Simplex_Limits_Singularity=10;CPXPARAM_Simplex_PGradient=0;CPXPARAM_Simplex_Pricing=0;CPXPARAM_Simplex_Refactor=0
634560374496259497,0,CPXPARAM_Advance=1;CPXPARAM_Barrier_Algorithm=0;CPXPARAM_Barrier_ColNonzeros=0;CPXPARAM_Barrier_Crossover=0;CPXPARAM_Barrier_Limits_Corrections=-1;CPXPARAM_Barrier_Ordering=0;CPXPARAM_Barrier_StartAlg=1;CPXPARAM_Emphasis_MIP=2;CPXPARAM_Emphasis_Memory=0;CPXPARAM_Emphasis_Numerical=0;CPXPARAM_Feasopt_Mode=0;CPXPARAM_LPMethod=0;CPXPARAM_MIP_Cuts_Cliques=-1;CPXPARAM_MIP_Cuts_Covers=2;CPXPARAM_MIP_Cuts_Disjunctive=1;CPXPARAM_MIP_Cuts_FlowCovers=2;CPXPARAM_MIP_Cuts_GUBCovers=1;CPXPARAM_MIP_Cuts_Gomory=0;CPXPARAM_MIP_Cuts_Implied=-1;CPXPARAM_MIP_Cuts_MIRCut=-1;CPXPARAM_MIP_Cuts_PathCut=-1;CPXPARAM_MIP_Limits_AggForCut=3;CPXPARAM_MIP_Limits_CutPasses=0;CPXPARAM_MIP_Limits_CutsFactor=-1;CPXPARAM_MIP_Limits_GomoryCand=400;CPXPARAM_MIP_Limits_GomoryPass=0;CPXPARAM_MIP_Limits_Nodes=9223372036800000000;CPXPARAM_MIP_Limits_ProbeTime=1e+75;CPXPARAM_MIP_Limits_RepairTries=0;CPXPARAM_MIP_Limits_StrongCand=10;CPXPARAM_MIP_Limits_StrongIt=0;CPXPARAM_MIP_OrderType=0;CPXPARAM_MIP_Strategy_BBInterval=7;CPXPARAM_MIP_Strategy_Branch=0;CPXPARAM_MIP_Strategy_Dive=0;CPXPARAM_MIP_Strategy_File=1;CPXPARAM_MIP_Strategy_HeuristicFreq=500;CPXPARAM_MIP_Strategy_LBHeur=0;CPXPARAM_MIP_Strategy_NodeSelect=1;CPXPARAM_MIP_Strategy_Order=1;CPXPARAM_MIP_Strategy_PresolveNode=0;CPXPARAM_MIP_Strategy_Probe=0;CPXPARAM_MIP_Strategy_RINSHeur=0;CPXPARAM_MIP_Strategy_StartAlgorithm=0;CPXPARAM_MIP_Strategy_SubAlgorithm=0;CPXPARAM_MIP_Strategy_VariableSelect=0;CPXPARAM_Network_NetFind=2;CPXPARAM_Network_Pricing=0;CPXPARAM_Parallel=1;CPXPARAM_Preprocessing_Aggregator=-1;CPXPARAM_Preprocessing_BoundStrength=-1;CPXPARAM_Preprocessing_CoeffReduce=-1;CPXPARAM_Preprocessing_Dependency=-1;CPXPARAM_Preprocessing_Dual=0;CPXPARAM_Preprocessing_Fill=10;CPXPARAM_Preprocessing_NumPass=-1;CPXPARAM_Preprocessing_Presolve=1;CPXPARAM_Preprocessing_QPMakePSD=1;CPXPARAM_Preprocessing_Reduce=3;CPXPARAM_Preprocessing_Relax=-1;CPXPARAM_Preprocessing_RepeatPresolve=-1;CPXPARAM_Preprocessing_Symmetry=-1;CPXPARAM_Read_Scale=0;CPXPARAM_Sifting_Algorithm=0;CPXPARAM_Simplex_Crash=1;CPXPARAM_Simplex_DGradient=0;CPXPARAM_Simplex_Limits_Perturbation=0;CPXPARAM_Simplex_Limits_Singularity=10;CPXPARAM_Simplex_PGradient=0;CPXPARAM_Simplex_Pricing=0;CPXPARAM_Simplex_Refactor=0
12997490190464387511,0,CPXPARAM_Advance=1;CPXPARAM_Barrier_Algorithm=0;CPXPARAM_Barrier_ColNonzeros=0;CPXPARAM_Barrier_Crossover=0;CPXPARAM_Barrier_Limits_Corrections=-1;CPXPARAM_Barrier_Ordering=0;CPXPARAM_Barrier_StartAlg=1;CPXPARAM_Emphasis_MIP=0;CPXPARAM_Emphasis_Memory=0;CPXPARAM_Emphasis_Numerical=0;CPXPARAM_Feasopt_Mode=0;CPXPARAM_LPMethod=0;CPXPARAM_MIP_Cuts_Cliques=-1;CPXPARAM_MIP_Cuts_Covers=2;CPXPARAM_MIP_Cuts_Disjunctive=1;CPXPARAM_MIP_Cuts_FlowCovers=-1;CPXPARAM_MIP_Cuts_GUBCovers=2;CPXPARAM_MIP_Cuts_Gomory=1;CPXPARAM_MIP_Cuts_Implied=-1;CPXPARAM_MIP_Cuts_MIRCut=2;CPXPARAM_MIP_Cuts_PathCut=-1;CPXPARAM_MIP_Limits_AggForCut=1;CPXPARAM_MIP_Limits_CutPasses=0;CPXPARAM_MIP_Limits_CutsFactor=-1;CPXPARAM_MIP_Limits_GomoryCand=25;CPXPARAM_MIP_Limits_GomoryPass=0;CPXPARAM_MIP_Limits_Nodes=9223372036800000000;CPXPARAM_MIP_Limits_ProbeTime=1e+75;CPXPARAM_MIP_Limits_RepairTries=0;CPXPARAM_MIP_Limits_StrongCand=10;CPXPARAM_MIP_Limits_StrongIt=0;CPXPARAM_MIP_OrderType=0;CPXPARAM_MIP_Strategy_BBInterval=7;CPXPARAM_MIP_Strategy_Branch=1;CPXPARAM_MIP_Strategy_Dive=0;CPXPARAM_MIP_Strategy_File=1;CPXPARAM_MIP_Strategy_HeuristicFreq=0;CPXPARAM_MIP_Strategy_LBHeur=0;CPXPARAM_MIP_Strategy_NodeSelect=0;CPXPARAM_MIP_Strategy_Order=1;CPXPARAM_MIP_Strategy_PresolveNode=1;CPXPARAM_MIP_Strategy_Probe=2;CPXPARAM_MIP_Strategy_RINSHeur=0;CPXPARAM_MIP_Strategy_StartAlgorithm=0;CPXPARAM_MIP_Strategy_SubAlgorithm=0;CPXPARAM_MIP_Strategy_VariableSelect=2;CPXPARAM_Network_NetFind=2;CPXPARAM_Network_Pricing=0;CPXPARAM_Parallel=1;CPXPARAM_Preprocessing_Aggregator=-1;CPXPARAM_Preprocessing_BoundStrength=-1;CPXPARAM_Preprocessing_CoeffReduce=-1;CPXPARAM_Preprocessing_Dependency=-1;CPXPARAM_Preprocessing_Dual=0;CPXPARAM_Preprocessing_Fill=5;CPXPARAM_Preprocessing_NumPass=-1;CPXPARAM_Preprocessing_Presolve=1;CPXPARAM_Preprocessing_QPMakePSD=1;CPXPARAM_Preprocessing_Reduce=1;CPXPARAM_Preprocessing_Relax=-1;CPXPARAM_Preprocessing_RepeatPresolve=-1;CPXPARAM_Preprocessing_Symmetry=-1;CPXPARAM_Read_Scale=-1;CPXPARAM_Sifting_Algorithm=0;CPXPARAM_Simplex_Crash=1;CPXPARAM_Simplex_DGradient=0;CPXPARAM_Simplex_Limits_Perturbation=0;CPXPARAM_Simplex_Limits_Singularity=10;CPXPARAM_Simplex_PGradient=0;CPXPARAM_Simplex_Pricing=0;CPXPARAM_Simplex_Refactor=0
477675452582955472,0,CPXPARAM_Advance=1;CPXPARAM_Barrier_Algorithm=0;CPXPARAM_Barrier_ColNonzeros=0;CPXPARAM_Barrier_Crossover=0;CPXPARAM_Barrier_Limits_Corrections=-1;CPXPARAM_Barrier_Ordering=0;CPXPARAM_Barrier_StartAlg=1;CPXPARAM_Emphasis_MIP=0;CPXPARAM_Emphasis_Memory=0;CPXPARAM_Emphasis_Numerical=0;CPXPARAM_Feasopt_Mode=0;CPXPARAM_LPMethod=0;CPXPARAM_MIP_Cuts_Cliques=3;CPXPARAM_MIP_Cuts_Covers=-1;CPXPARAM_MIP_Cuts_Disjunctive=0;CPXPARAM_MIP_Cuts_FlowCovers=0;CPXPARAM_MIP_Cuts_GUBCovers=-1;CPXPARAM_MIP_Cuts_Gomory=0;CPXPARAM_MIP_Cuts_Implied=1;CPXPARAM_MIP_Cuts_MIRCut=-1;CPXPARAM_MIP_Cuts_PathCut=-1;CPXPARAM_MIP_Limits_AggForCut=5;CPXPARAM_MIP_Limits_CutPasses=0;CPXPARAM_MIP_Limits_CutsFactor=-1;CPXPARAM_MIP_Limits_GomoryCand=200;CPXPARAM_MIP_Limits_GomoryPass=0;CPXPARAM_MIP_Limits_Nodes=9223372036800000000;CPXPARAM_MIP_Limits_ProbeTime=1e+75;CPXPARAM_MIP_Limits_RepairTries=0;CPXPARAM_MIP_Limits_StrongCand=10;CPXPARAM_MIP_Limits_StrongIt=0;CPXPARAM_MIP_OrderType=0;CPXPARAM_MIP_Strategy_BBInterval=7;CPXPARAM_MIP_Strategy_Branch=-1;CPXPARAM_MIP_Strategy_Dive=0;CPXPARAM_MIP_Strategy_File=1;CPXPARAM_MIP_Strategy_HeuristicFreq=0;CPXPARAM_MIP_Strategy_LBHeur=0;CPXPARAM_MIP_Strategy_NodeSelect=0;CPXPARAM_MIP_Strategy_Order=1;CPXPARAM_MIP_Strategy_PresolveNode=-1;CPXPARAM_MIP_Strategy_Probe=2;CPXPARAM_MIP_Strategy_RINSHeur=0;CPXPARAM_MIP_Strategy_StartAlgorithm=0;CPXPARAM_MIP_Strategy_SubAlgorithm=0;CPXPARAM_MIP_Strategy_VariableSelect=1;CPXPARAM_Network_NetFind=2;CPXPARAM_Network_Pricing=0;CPXPARAM_Parallel=1;CPXPARAM_Preprocessing_Aggregator=-1;CPXPARAM_Preprocessing_BoundStrength=-1;CPXPARAM_Preprocessing_CoeffReduce=-1;CPXPARAM_Preprocessing_Dependency=-1;CPXPARAM_Preprocessing_Dual=0;CPXPARAM_Preprocessing_Fill=40;CPXPARAM_Preprocessing_NumPass=-1;CPXPARAM_Preprocessing_Presolve=1;CPXPARAM_Preprocessing_QPMakePSD=1;CPXPARAM_Preprocessing_Reduce=3;CPXPARAM_Preprocessing_Relax=-1;CPXPARAM_Preprocessing_RepeatPresolve=-1;CPXPARAM_Preprocessing_Symmetry=-1;CPXPARAM_Read_Scale=0;CPXPARAM_Sifting_Algorithm=0;CPXPARAM_Simplex_Crash=1;CPXPARAM_Simplex_DGradient=0;CPXPARAM_Simplex_Limits_Perturbation=0;CPXPARAM_Simplex_Limits_Singularity=10;CPXPARAM_Simplex_PGradient=0;CPXPARAM_Simplex_Pricing=0;CPXPARAM_Simplex_Refactor=0
13196227740982049598,0,CPXPARAM_Advance=1;CPXPARAM_Barrier_Algorithm=0;CPXPARAM_Barrier_ColNonzeros=0;CPXPARAM_Barrier_Crossover=0;CPXPARAM_Barrier_Limits_Corrections=-1;CPXPARAM_Barrier_Ordering=0;CPXPARAM_Barrier_StartAlg=1;CPXPARAM_Emphasis_MIP=2;CPXPARAM_Emphasis_Memory=0;CPXPARAM_Emphasis_Numerical=0;CPXPARAM_Feasopt_Mode=0;CPXPARAM_LPMethod=0;CPXPARAM_MIP_Cuts_Cliques=3;CPXPARAM_MIP_Cuts_Covers=0;CPXPARAM_MIP_Cuts_Disjunctive=-1;CPXPARAM_MIP_Cuts_FlowCovers=1;CPXPARAM_MIP_Cuts_GUBCovers=0;CPXPARAM_MIP_Cuts_Gomory=-1;CPXPARAM_MIP_Cuts_Implied=-1;CPXPARAM_MIP_Cuts_MIRCut=2;CPXPARAM_MIP_Cuts_PathCut=1;CPXPARAM_MIP_Limits_AggForCut=3;CPXPARAM_MIP_Limits_CutPasses=0;CPXPARAM_MIP_Limits_CutsFactor=-1;CPXPARAM_MIP_Limits_GomoryCand=10;CPXPARAM_MIP_Limits_GomoryPass=0;CPXPARAM_MIP_Limits_Nodes=9223372036800000000;CPXPARAM_MIP_Limits_ProbeTime=1e+75;CPXPARAM_MIP_Limits_RepairTries=0;CPXPARAM_MIP_Limits_StrongCand=10;CPXPARAM_MIP_Limits_StrongIt=0;CPXPARAM_MIP_OrderType=0;CPXPARAM_MIP_Strategy_BBInterval=7;CPXPARAM_MIP_Strategy_Branch=0;CPXPARAM_MIP_Strategy_Dive=0;CPXPARAM_MIP_Strategy_File=1;CPXPARAM_MIP_Strategy_HeuristicFreq=0;CPXPARAM_MIP_Strategy_LBHeur=0;CPXPARAM_MIP_Strategy_NodeSelect=1;CPXPARAM_MIP_Strategy_Order=1;CPXPARAM_MIP_Strategy_PresolveNode=0;CPXPARAM_MIP_Strategy_Probe=0;CPXPARAM_MIP_Strategy_RINSHeur=0;CPXPARAM_MIP_Strategy_StartAlgorithm=0;CPXPARAM_MIP_Strategy_SubAlgorithm=0;CPXPARAM_MIP_Strategy_VariableSelect=0;CPXPARAM_Network_NetFind=2;CPXPARAM_Network_Pricing=0;CPXPARAM_Parallel=1;CPXPARAM_Preprocessing_Aggregator=-1;CPXPARAM_Preprocessing_BoundStrength=-1;CPXPARAM_Preprocessing_CoeffReduce=-1;CPXPARAM_Preprocessing_Dependency=-1;CPXPARAM_Preprocessing_Dual=0;CPXPARAM_Preprocessing_Fill=10;CPXPARAM_Preprocessing_NumPass=-1;CPXPARAM_Preprocessing_Presolve=1;CPXPARAM_Preprocessing_QPMakePSD=1;CPXPARAM_Preprocessing_Reduce=3;CPXPARAM_Preprocessing_Relax=-1;CPXPARAM_Preprocessing_RepeatPresolve=-1;CPXPARAM_Preprocessing_Symmetry=-1;CPXPARAM_Read_Scale=0;CPXPARAM_Sifting_Algorithm=0;CPXPARAM_Simplex_Crash=1;CPXPARAM_Simplex_DGradient=0;CPXPARAM_Simplex_Limits_Perturbation=0;CPXPARAM_Simplex_Limits_Singularity=10;CPXPARAM_Simplex_PGradient=0;CPXPARAM_Simplex_Pricing=0;CPXPARAM_Simplex_Refactor=0
7233647880203353703,0,CPXPARAM_Advance=1;CPXPARAM_Barrier_Algorithm=0;CPXPARAM_Barrier_ColNonzeros=0;CPXPARAM_Barrier_Crossover=0;CPXPARAM_Barrier_Limits_Corrections=-1;CPXPARAM_Barrier_Ordering=0;CPXPARAM_Barrier_StartAlg=1;CPXPARAM_Emphasis_MIP=2;CPXPARAM_Emphasis_Memory=0;CPXPARAM_Emphasis_Numerical=0;CPXPARAM_Feasopt_Mode=0;CPXPARAM_LPMethod=0;CPXPARAM_MIP_Cuts_Cliques=-1;CPXPARAM_MIP_Cuts_Covers=2;CPXPARAM_MIP_Cuts_Disjunctive=1;CPXPARAM_MIP_Cuts_FlowCovers=2;CPXPARAM_MIP_Cuts_GUBCovers=1;CPXPARAM_MIP_Cuts_Gomory=0;CPXPARAM_MIP_Cuts_Implied=-1;CPXPARAM_MIP_Cuts_MIRCut=-1;CPXPARAM_MIP_Cuts_PathCut=-1;CPXPARAM_MIP_Limits_AggForCut=3;CPXPARAM_MIP_Limits_CutPasses=0;CPXPARAM_MIP_Limits_CutsFactor=-1;CPXPARAM_MIP_Limits_GomoryCand=400;CPXPARAM_MIP_Limits_GomoryPass=0;CPXPARAM_MIP_Limits_Nodes=9223372036800000000;CPXPARAM_MIP_Limits_ProbeTime=1e+75;CPXPARAM_MIP_Limits_RepairTries=0;CPXPARAM_MIP_Limits_StrongCand=10;CPXPARAM_MIP_Limits_StrongIt=0;CPXPARAM_MIP_OrderType=0;CPXPARAM_MIP_Strategy_BBInterval=7;CPXPARAM_MIP_Strategy_Branch=0;CPXPARAM_MIP_Strategy_Dive=0;CPXPARAM_MIP_Strategy_File=1;CPXPARAM_MIP_Strategy_HeuristicFreq=0;CPXPARAM_MIP_Strategy_LBHeur=0;CPXPARAM_MIP_Strategy_NodeSelect=1;CPXPARAM_MIP_Strategy_Order=1;CPXPARAM_MIP_Strategy_PresolveNode=0;CPXPARAM_MIP_Strategy_Probe=0;CPXPARAM_MIP_Strategy_RINSHeur=0;CPXPARAM_MIP_Strategy_StartAlgorithm=3;CPXPARAM_MIP_Strategy_SubAlgorithm=0;CPXPARAM_MIP_Strategy_VariableSelect=0;CPXPARAM_Network_NetFind=2;CPXPARAM_Network_Pricing=0;CPXPARAM_Parallel=1;CPXPARAM_Preprocessing_Aggregator=-1;CPXPARAM_Preprocessing_BoundStrength=-1;CPXPARAM_Preprocessing_CoeffReduce=-1;CPXPARAM_Preprocessing_Dependency=-1;CPXPARAM_Preprocessing_Dual=0;CPXPARAM_Preprocessing_Fill=10;CPXPARAM_Preprocessing_NumPass=-1;CPXPARAM_Preprocessing_Presolve=1;CPXPARAM_Preprocessing_QPMakePSD=1;CPXPARAM_Preprocessing_Reduce=3;CPXPARAM_Preprocessing_Relax=-1;CPXPARAM_Preprocessing_RepeatPresolve=-1;CPXPARAM_Preprocessing_Symmetry=-1;CPXPARAM_Read_Scale=0;CPXPARAM_Sifting_Algorithm=0;CPXPARAM_Simplex_Crash=1;CPXPARAM_Simplex_DGradient=0;CPXPARAM_Simplex_Limits_Perturbation=0;CPXPARAM_Simplex_Limits_Singularity=10;CPXPARAM_Simplex_PGradient=0;CPXPARAM_Simplex_Pricing=0;CPXPARAM_Simplex_Refactor=0
5903073506166707081,0,CPXPARAM_Advance=1;CPXPARAM_Barrier_Algorithm=0;CPXPARAM_Barrier_ColNonzeros=0;CPXPARAM_Barrier_Crossover=0;CPXPARAM_Barrier_Limits_Corrections=-1;CPXPARAM_Barrier_Ordering=0;CPXPARAM_Barrier_StartAlg=1;CPXPARAM_Emphasis_MIP=2;CPXPARAM_Emphasis_Memory=0;CPXPARAM_Emphasis_Numerical=0;CPXPARAM_Feasopt_Mode=0;CPXPARAM_LPMethod=0;CPXPARAM_MIP_Cuts_Cliques=-1;CPXPARAM_MIP_Cuts_Covers=2;CPXPARAM_MIP_Cuts_Disjunctive=1;CPXPARAM_MIP_Cuts_FlowCovers=2;CPXPARAM_MIP_Cuts_GUBCovers=1;CPXPARAM_MIP_Cuts_Gomory=0;CPXPARAM_MIP_Cuts_Implied=-1;CPXPARAM_MIP_Cuts_MIRCut=-1;CPXPARAM_MIP_Cuts_PathCut=-1;CPXPARAM_MIP_Limits_AggForCut=3;CPXPARAM_MIP_Limits_CutPasses=0;CPXPARAM_MIP_Limits_CutsFactor=-1;CPXPARAM_MIP_Limits_GomoryCand=400;CPXPARAM_MIP_Limits_GomoryPass=0;CPXPARAM_MIP_Limits_Nodes=9223372036800000000;CPXPARAM_MIP_Limits_ProbeTime=1e+75;CPXPARAM_MIP_Limits_RepairTries=0;CPXPARAM_MIP_Limits_StrongCand=10;CPXPARAM_MIP_Limits_StrongIt=0;CPXPARAM_MIP_OrderType=0;CPXPARAM_MIP_Strategy_BBInterval=7;CPXPARAM_MIP_Strategy_Branch=0;CPXPARAM_MIP_Strategy_Dive=0;CPXPARAM_MIP_Strategy_File=1;CPXPARAM_MIP_Strategy_HeuristicFreq=0;CPXPARAM_MIP_Strategy_LBHeur=0;CPXPARAM_MIP_Strategy_NodeSelect=1;CPXPARAM_MIP_Strategy_Order=1;CPXPARAM_MIP_Strategy_PresolveNode=0;CPXPARAM_MIP_Strategy_Probe=0;CPXPARAM_MIP_Strategy_RINSHeur=0;CPXPARAM_MIP_Strategy_StartAlgorithm=4;CPXPARAM_MIP_Strategy_SubAlgorithm=0;CPXPARAM_MIP_Strategy_VariableSelect=0;CPXPARAM_Network_NetFind=2;CPXPARAM_Network_Pricing=0;CPXPARAM_Parallel=1;CPXPARAM_Preprocessing_Aggregator=-1;CPXPARAM_Preprocessing_BoundStrength=-1;CPXPARAM_Preprocessing_CoeffReduce=-1;CPXPARAM_Preprocessing_Dependency=-1;CPXPARAM_Preprocessing_Dual=0;CPXPARAM_Preprocessing_Fill=10;CPXPARAM_Preprocessing_NumPass=-1;CPXPARAM_Preprocessing_Presolve=1;CPXPARAM_Preprocessing_QPMakePSD=1;CPXPARAM_Preprocessing_Reduce=3;CPXPARAM_Preprocessing_Relax=-1;CPXPARAM_Preprocessing_RepeatPresolve=-1;CPXPARAM_Preprocessing_Symmetry=-1;CPXPARAM_Read_Scale=0;CPXPARAM_Sifting_Algorithm=0;CPXPARAM_Simplex_Crash=1;CPXPARAM_Simplex_DGradient=0;CPXPARAM_Simplex_Limits_Perturbation=0;CPXPARAM_Simplex_Limits_Singularity=10;CPXPARAM_Simplex_PGradient=0;CPXPARAM_Simplex_Pricing=0;CPXPARAM_Simplex_Refactor=0
3965970628336939988,0,CPXPARAM_Advance=1;CPXPARAM_Barrier_Algorithm=0;CPXPARAM_Barrier_ColNonzeros=0;CPXPARAM_Barrier_Crossover=0;CPXPARAM_Barrier_Limits_Corrections=-1;CPXPARAM_Barrier_Ordering=0;CPXPARAM_Barrier_StartAlg=1;CPXPARAM_Emphasis_MIP=2;CPXPARAM_Emphasis_Memory=0;CPXPARAM_Emphasis_Numerical=0;CPXPARAM_Feasopt_Mode=0;CPXPARAM_LPMethod=0;CPXPARAM_MIP_Cuts_Cliques=-1;CPXPARAM_MIP_Cuts_Covers=2;CPXPARAM_MIP_Cuts_Disjunctive=1;CPXPARAM_MIP_Cuts_FlowCovers=2;CPXPARAM_MIP_Cuts_GUBCovers=1;CPXPARAM_MIP_Cuts_Gomory=0;CPXPARAM_MIP_Cuts_Implied=-1;CPXPARAM_MIP_Cuts_MIRCut=-1;CPXPARAM_MIP_Cuts_PathCut=-1;CPXPARAM_MIP_Limits_AggForCut=3;CPXPARAM_MIP_Limits_CutPasses=0;CPXPARAM_MIP_Limits_CutsFactor=-1;CPXPARAM_MIP_Limits_GomoryCand=400;CPXPARAM_MIP_Limits_GomoryPass=0;CPXPARAM_MIP_Limits_Nodes=9223372036800000000;CPXPARAM_MIP_Limits_ProbeTime=1e+75;CPXPARAM_MIP_Limits_RepairTries=0;CPXPARAM_MIP_Limits_StrongCand=10;CPXPARAM_MIP_Limits_StrongIt=0;CPXPARAM_MIP_OrderType=0;CPXPARAM_MIP_Strategy_BBInterval=7;CPXPARAM_MIP_Strategy_Branch=0;CPXPARAM_MIP_Strategy_Dive=0;CPXPARAM_MIP_Strategy_File=1;CPXPARAM_MIP_Strategy_HeuristicFreq=0;CPXPARAM_MIP_Strategy_LBHeur=0;CPXPARAM_MIP_Strategy_NodeSelect=1;CPXPARAM_MIP_Strategy_Order=1;CPXPARAM_MIP_Strategy_PresolveNode=0;CPXPARAM_MIP_Strategy_Probe=0;CPXPARAM_MIP_Strategy_RINSHeur=0;CPXPARAM_MIP_Strategy_StartAlgorithm=5;CPXPARAM_MIP_Strategy_SubAlgorithm=0;CPXPARAM_MIP_Strategy_VariableSelect=0;CPXPARAM_Network_NetFind=2;CPXPARAM_Network_Pricing=0;CPXPARAM_Parallel=1;CPXPARAM_Preprocessing_Aggregator=-1;CPXPARAM_Preprocessing_BoundStrength=-1;CPXPARAM_Preprocessing_CoeffReduce=-1;CPXPARAM_Preprocessing_Dependency=-1;CPXPARAM_Preprocessing_Dual=0;CPXPARAM_Preprocessing_Fill=10;CPXPARAM_Preprocessing_NumPass=-1;CPXPARAM_Preprocessing_Presolve=1;CPXPARAM_Preprocessing_QPMakePSD=1;CPXPARAM_Preprocessing_Reduce=3;CPXPARAM_Preprocessing_Relax=-1;CPXPARAM_Preprocessing_RepeatPresolve=-1;CPXPARAM_Preprocessing_Symmetry=-1;CPXPARAM_Read_Scale=0;CPXPARAM_Sifting_Algorithm=0;CPXPARAM_Simplex_Crash=1;CPXPARAM_Simplex_DGradient=0;CPXPARAM_Simplex_Limits_Perturbation=0;CPXPARAM_Simplex_Limits_Singularity=10;CPXPARAM_Simplex_PGradient=0;CPXPARAM_Simplex_Pricing=0;CPXPARAM_Simplex_Refactor=0
15764205675909821557,0,CPXPARAM_Advance=1;CPXPARAM_Barrier_Algorithm=0;CPXPARAM_Barrier_ColNonzeros=0;CPXPARAM_Barrier_Crossover=0;CPXPARAM_Barrier_Limits_Corrections=-1;CPXPARAM_Barrier_Ordering=0;CPXPARAM_Barrier_StartAlg=1;CPXPARAM_Emphasis_MIP=0;CPXPARAM_Emphasis_Memory=0;CPXPARAM_Emphasis_Numerical=0;CPXPARAM_Feasopt_Mode=0;CPXPARAM_LPMethod=0;CPXPARAM_MIP_Cuts_Cliques=3;CPXPARAM_MIP_Cuts_Covers=-1;CPXPARAM_MIP_Cuts_Disjunctive=-1;CPXPARAM_MIP_Cuts_FlowCovers=-1;CPXPARAM_MIP_Cuts_GUBCovers=1;CPXPARAM_MIP_Cuts_Gomory=2;CPXPARAM_MIP_Cuts_Implied=-1;CPXPARAM_MIP_Cuts_MIRCut=1;CPXPARAM_MIP_Cuts_PathCut=-1;CPXPARAM_MIP_Limits_AggForCut=5;CPXPARAM_MIP_Limits_CutPasses=0;CPXPARAM_MIP_Limits_CutsFactor=-1;CPXPARAM_MIP_Limits_GomoryCand=200;CPXPARAM_MIP_Limits_GomoryPass=0;CPXPARAM_MIP_Limits_Nodes=9223372036800000000;CPXPARAM_MIP_Limits_ProbeTime=1e+75;CPXPARAM_MIP_Limits_RepairTries=0;CPXPARAM_MIP_Limits_StrongCand=10;CPXPARAM_MIP_Limits_StrongIt=0;CPXPARAM_MIP_OrderType=3;CPXPARAM_MIP_Strategy_BBInterval=7;CPXPARAM_MIP_Strategy_Branch=-1;CPXPARAM_MIP_Strategy_Dive=0;CPXPARAM_MIP_Strategy_File=1;CPXPARAM_MIP_Strategy_HeuristicFreq=0;CPXPARAM_MIP_Strategy_LBHeur=0;CPXPARAM_MIP_Strategy_NodeSelect=3;CPXPARAM_MIP_Strategy_Order=1;CPXPARAM_MIP_Strategy_PresolveNode=-1;CPXPARAM_MIP_Strategy_Probe=0;CPXPARAM_MIP_Strategy_RINSHeur=0;CPXPARAM_MIP_Strategy_StartAlgorithm=0;CPXPARAM_MIP_Strategy_SubAlgorithm=0;CPXPARAM_MIP_Strategy_VariableSelect=0;CPXPARAM_Network_NetFind=2;CPXPARAM_Network_Pricing=0;CPXPARAM_Parallel=1;CPXPARAM_Preprocessing_Aggregator=-1;CPXPARAM_Preprocessing_BoundStrength=-1;CPXPARAM_Preprocessing_CoeffReduce=-1;CPXPARAM_Preprocessing_Dependency=-1;CPXPARAM_Preprocessing_Dual=0;CPXPARAM_Preprocessing_Fill=2;CPXPARAM_Preprocessing_NumPass=-1;CPXPARAM_Preprocessing_Presolve=1;CPXPARAM_Preprocessing_QPMakePSD=1;CPXPARAM_Preprocessing_Reduce=2;CPXPARAM_Preprocessing_Relax=-1;CPXPARAM_Preprocessing_RepeatPresolve=-1;CPXPARAM_Preprocessing_Symmetry=-1;CPXPARAM_Read_Scale=0;CPXPARAM_Sifting_Algorithm=0;CPXPARAM_Simplex_Crash=1;CPXPARAM_Simplex_DGradient=0;CPXPARAM_Simplex_Limits_Perturbation=0;CPXPARAM_Simplex_Limits_Singularity=10;CPXPARAM_Simplex_PGradient=0;CPXPARAM_Simplex_Pricing=0;CPXPARAM_Simplex_Refactor=0
6210457343213801801,0,CPXPARAM_Advance=1;CPXPARAM_Barrier_Algorithm=0;CPXPARAM_Barrier_ColNonzeros=0;CPXPARAM_Barrier_Crossover=0;CPXPARAM_Barrier_Limits_Corrections=-1;CPXPARAM_Barrier_Ordering=0;CPXPARAM_Barrier_StartAlg=1;CPXPARAM_Emphasis_MIP=0;CPXPARAM_Emphasis_Memory=0;CPXPARAM_Emphasis_Numerical=0;CPXPARAM_Feasopt_Mode=0;CPXPARAM_LPMethod=0;CPXPARAM_MIP_Cuts_Cliques=2;CPXPARAM_MIP_Cuts_Covers=0;CPXPARAM_MIP_Cuts_Disjunctive=1;CPXPARAM_MIP_Cuts_FlowCovers=0;CPXPARAM_MIP_Cuts_GUBCovers=1;CPXPARAM_MIP_Cuts_Gomory=0;CPXPARAM_MIP_Cuts_Implied=-1;CPXPARAM_MIP_Cuts_MIRCut=1;CPXPARAM_MIP_Cuts_PathCut=1;CPXPARAM_MIP_Limits_AggForCut=3;CPXPARAM_MIP_Limits_CutPasses=0;CPXPARAM_MIP_Limits_CutsFactor=-1;CPXPARAM_MIP_Limits_GomoryCand=400;CPXPARAM_MIP_Limits_GomoryPass=0;CPXPARAM_MIP_Limits_Nodes=9223372036800000000;CPXPARAM_MIP_Limits_ProbeTime=1e+75;CPXPARAM_MIP_Limits_RepairTries=0;CPXPARAM_MIP_Limits_StrongCand=10;CPXPARAM_MIP_Limits_StrongIt=0;CPXPARAM_MIP_OrderType=0;CPXPARAM_MIP_Strategy_BBInterval=7;CPXPARAM_MIP_Strategy_Branch=-1;CPXPARAM_MIP_Strategy_Dive=0;CPXPARAM_MIP_Strategy_File=1;CPXPARAM_MIP_Strategy_HeuristicFreq=0;CPXPARAM_MIP_Strategy_LBHeur=0;CPXPARAM_MIP_Strategy_NodeSelect=1;CPXPARAM_MIP_Strategy_Order=1;CPXPARAM_MIP_Strategy_PresolveNode=0;CPXPARAM_MIP_Strategy_Probe=0;CPXPARAM_MIP_Strategy_RINSHeur=0;CPXPARAM_MIP_Strategy_StartAlgorithm=0;CPXPARAM_MIP_Strategy_SubAlgorithm=0;CPXPARAM_MIP_Strategy_VariableSelect=1;CPXPARAM_Network_NetFind=2;CPXPARAM_Network_Pricing=0;CPXPARAM_Parallel=1;CPXPARAM_Preprocessing_Aggregator=-1;CPXPARAM_Preprocessing_BoundStrength=-1;CPXPARAM_Preprocessing_CoeffReduce=-1;CPXPARAM_Preprocessing_Dependency=-1;CPXPARAM_Preprocessing_Dual=0;CPXPARAM_Preprocessing_Fill=10;CPXPARAM_Preprocessing_NumPass=-1;CPXPARAM_Preprocessing_Presolve=1;CPXPARAM_Preprocessing_QPMakePSD=1;CPXPARAM_Preprocessing_Reduce=3;CPXPARAM_Preprocessing_Relax=-1;CPXPARAM_Preprocessing_RepeatPresolve=-1;CPXPARAM_Preprocessing_Symmetry=-1;CPXPARAM_Read_Scale=0;CPXPARAM_Sifting_Algorithm=0;CPXPARAM_Simplex_Crash=1;CPXPARAM_Simplex_DGradient=0;CPXPARAM_Simplex_Limits_Perturbation=0;CPXPARAM_Simplex_Limits_Singularity=10;CPXPARAM_Simplex_PGradient=0;CPXPARAM_Simplex_Pricing=0;CPXPARAM_Simplex_Refactor=0
14464035300925522229,0,CPXPARAM_Advance=1;CPXPARAM_Barrier_Algorithm=0;CPXPARAM_Barrier_ColNonzeros=0;CPXPARAM_Barrier_Crossover=0;CPXPARAM_Barrier_Limits_Corrections=-1;CPXPARAM_Barrier_Ordering=0;CPXPARAM_Barrier_StartAlg=1;CPXPARAM_Emphasis_MIP=2;CPXPARAM_Emphasis_Memory=0;CPXPARAM_Emphasis_Numerical=0;CPXPARAM_Feasopt_Mode=0;CPXPARAM_LPMethod=0;CPXPARAM_MIP_Cuts_Cliques=-1;CPXPARAM_MIP_Cuts_Covers=2;CPXPARAM_MIP_Cuts_Disjunctive=1;CPXPARAM_MIP_Cuts_FlowCovers=2;CPXPARAM_MIP_Cuts_GUBCovers=1;CPXPARAM_MIP_Cuts_Gomory=0;CPXPARAM_MIP_Cuts_Implied=-1;CPXPARAM_MIP_Cuts_MIRCut=-1;CPXPARAM_MIP_Cuts_PathCut=-1;CPXPARAM_MIP_Limits_AggForCut=3;CPXPARAM_MIP_Limits_CutPasses=0;CPXPARAM_MIP_Limits_CutsFactor=-1;CPXPARAM_MIP_Limits_GomoryCand=400;CPXPARAM_MIP_Limits_GomoryPass=0;CPXPARAM_MIP_Limits_Nodes=9223372036800000000;CPXPARAM_MIP_Limits_ProbeTime=1e+75;CPXPARAM_MIP_Limits_RepairTries=0;CPXPARAM_MIP_Limits_StrongCand=10;CPXPARAM_MIP_Limits_StrongIt=0;CPXPARAM_MIP_OrderType=0;CPXPARAM_MIP_Strategy_BBInterval=7;CPXPARAM_MIP_Strategy_Branch=0;CPXPARAM_MIP_Strategy_Dive=0;CPXPARAM_MIP_Strategy_File=1;CPXPARAM_MIP_Strategy_HeuristicFreq=0;CPXPARAM_MIP_Strategy_LBHeur=0;CPXPARAM_MIP_Strategy_NodeSelect=1;CPXPARAM_MIP_Strategy_Order=1;CPXPARAM_MIP_Strategy_PresolveNode=0;CPXPARAM_MIP_Strategy_Probe=0;CPXPARAM_MIP_Strategy_RINSHeur=0;CPXPARAM_MIP_Strategy_StartAlgorithm=6;CPXPARAM_MIP_Strategy_SubAlgorithm=0;CPXPARAM_MIP_Strategy_VariableSelect=0;CPXPARAM_Network_NetFind=2;CPXPARAM_Network_Pricing=0;CPXPARAM_Parallel=1;CPXPARAM_Preprocessing_Aggregator=-1;CPXPARAM_Preprocessing_BoundStrength=-1;CPXPARAM_Preprocessing_CoeffReduce=-1;CPXPARAM_Preprocessing_Dependency=-1;CPXPARAM_Preprocessing_Dual=0;CPXPARAM_Preprocessing_Fill=10;CPXPARAM_Preprocessing_NumPass=-1;CPXPARAM_Preprocessing_Presolve=1;CPXPARAM_Preprocessing_QPMakePSD=1;CPXPARAM_Preprocessing_Reduce=3;CPXPARAM_Preprocessing_Relax=-1;CPXPARAM_Preprocessing_RepeatPresolve=-1;CPXPARAM_Preprocessing_Symmetry=-1;CPXPARAM_Read_Scale=0;CPXPARAM_Sifting_Algorithm=0;CPXPARAM_Simplex_Crash=1;CPXPARAM_Simplex_DGradient=0;CPXPARAM_Simplex_Limits_Perturbation=0;CPXPARAM_Simplex_Limits_Singularity=10;CPXPARAM_Simplex_PGradient=0;CPXPARAM_Simplex_Pricing=0;CPXPARAM_Simplex_Refactor=0
4713438101189957216,0,CPXPARAM_Advance=1;CPXPARAM_Barrier_Algorithm=0;CPXPARAM_Barrier_ColNonzeros=0;CPXPARAM_Barrier_Crossover=0;CPXPARAM_Barrier_Limits_Corrections=-1;CPXPARAM_Barrier_Ordering=0;CPXPARAM_Barrier_StartAlg=1;CPXPARAM_Emphasis_MIP=2;CPXPARAM_Emphasis_Memory=0;CPXPARAM_Emphasis_Numerical=0;CPXPARAM_Feasopt_Mode=0;CPXPARAM_LPMethod=0;CPXPARAM_MIP_Cuts_Cliques=-1;CPXPARAM_MIP_Cuts_Covers=2;CPXPARAM_MIP_Cuts_Disjunctive=1;CPXPARAM_MIP_Cuts_FlowCovers=2;CPXPARAM_MIP_Cuts_GUBCovers=1;CPXPARAM_MIP_Cuts_Gomory=0;CPXPARAM_MIP_Cuts_Implied=-1;CPXPARAM_MIP_Cuts_MIRCut=-1;CPXPARAM_MIP_Cuts_PathCut=-1;CPXPARAM_MIP_Limits_AggForCut=3;CPXPARAM_MIP_Limits_CutPasses=0;CPXPARAM_MIP_Limits_CutsFactor=-1;CPXPARAM_MIP_Limits_GomoryCand=400;CPXPARAM_MIP_Limits_GomoryPass=0;CPXPARAM_MIP_Limits_Nodes=9223372036800000000;CPXPARAM_MIP_Limits_ProbeTime=1e+75;CPXPARAM_MIP_Limits_RepairTries=0;CPXPARAM_MIP_Limits_StrongCand=10;CPXPARAM_MIP_Limits_StrongIt=0;CPXPARAM_MIP_OrderType=0;CPXPARAM_MIP_Strategy_BBInterval=7;CPXPARAM_MIP_Strategy_Branch=0;CPXPARAM_MIP_Strategy_Dive=0;CPXPARAM_MIP_Strategy_File=1;CPXPARAM_MIP_Strategy_HeuristicFreq=0;CPXPARAM_MIP_Strategy_LBHeur=0;CPXPARAM_MIP_Strategy_NodeSelect=1;CPXPARAM_MIP_Strategy_Order=1;CPXPARAM_MIP_Strategy_PresolveNode=0;CPXPARAM_MIP_Strategy_Probe=0;CPXPARAM_MIP_Strategy_RINSHeur=0;CPXPARAM_MIP_Strategy_StartAlgorithm=0;CPXPARAM_MIP_Strategy_SubAlgorithm=3;CPXPARAM_MIP_Strategy_VariableSelect=0;CPXPARAM_Network_NetFind=2;CPXPARAM_Network_Pricing=0;CPXPARAM_Parallel=1;CPXPARAM_Preprocessing_Aggregator=-1;CPXPARAM_Preprocessing_BoundStrength=-1;CPXPARAM_Preprocessing_CoeffReduce=-1;CPXPARAM_Preprocessing_Dependency=-1;CPXPARAM_Preprocessing_Dual=0;CPXPARAM_Preprocessing_Fill=10;CPXPARAM_Preprocessing_NumPass=-1;CPXPARAM_Preprocessing_Presolve=1;CPXPARAM_Preprocessing_QPMakePSD=1;CPXPARAM_Preprocessing_Reduce=3;CPXPARAM_Preprocessing_Relax=-1;CPXPARAM_Preprocessing_RepeatPresolve=-1;CPXPARAM_Preprocessing_Symmetry=-1;CPXPARAM_Read_Scale=0;CPXPARAM_Sifting_Algorithm=0;CPXPARAM_Simplex_Crash=1;CPXPARAM_Simplex_DGradient=0;CPXPARAM_Simplex_Limits_Perturbation=0;CPXPARAM_Simplex_Limits_Singularity=10;CPXPARAM_Simplex_PGradient=0;CPXPARAM_Simplex_Pricing=0;CPXPARAM_Simplex_Refactor=0
10016442867232665686,0,CPXPARAM_Advance=1;CPXPARAM_Barrier_Algorithm=0;CPXPARAM_Barrier_ColNonzeros=0;CPXPARAM_Barrier_Crossover=0;CPXPARAM_Barrier_Limits_Corrections=-1;CPXPARAM_Barrier_Ordering=0;CPXPARAM_Barrier_StartAlg=1;CPXPARAM_Emphasis_MIP=2;CPXPARAM_Emphasis_Memory=0;CPXPARAM_Emphasis_Numerical=0;CPXPARAM_Feasopt_Mode=0;CPXPARAM_LPMethod=0;CPXPARAM_MIP_Cuts_Cliques=-1;CPXPARAM_MIP_Cuts_Covers=2;CPXPARAM_MIP_Cuts_Disjunctive=1;CPXPARAM_MIP_Cuts_FlowCovers=2;CPXPARAM_MIP_Cuts_GUBCovers=1;CPXPARAM_MIP_Cuts_Gomory=0;CPXPARAM_MIP_Cuts_Implied=-1;CPXPARAM_MIP_Cuts_MIRCut=-1;CPXPARAM_MIP_Cuts_PathCut=-1;CPXPARAM_MIP_Limits_AggForCut=3;CPXPARAM_MIP_Limits_CutPasses=0;CPXPARAM_MIP_Limits_CutsFactor=-1;CPXPARAM_MIP_Limits_GomoryCand=400;CPXPARAM_MIP_Limits_GomoryPass=0;CPXPARAM_MIP_Limits_Nodes=9223372036800000000;CPXPARAM_MIP_Limits_ProbeTime=1e+75;CPXPARAM_MIP_Limits_RepairTries=0;CPXPARAM_MIP_Limits_StrongCand=2;CPXPARAM_MIP_Limits_StrongIt=0;CPXPARAM_MIP_OrderType=0;CPXPARAM_MIP_Strategy_BBInterval=7;CPXPARAM_MIP_Strategy_Branch=0;CPXPARAM_MIP_Strategy_Dive=0;CPXPARAM_MIP_Strategy_File=1;CPXPARAM_MIP_Strategy_HeuristicFreq=0;CPXPARAM_MIP_Strategy_LBHeur=0;CPXPARAM_MIP_Strategy_NodeSelect=1;CPXPARAM_MIP_Strategy_Order=1;CPXPARAM_MIP_Strategy_PresolveNode=0;CPXPARAM_MIP_Strategy_Probe=0;CPXPARAM_MIP_Strategy_RINSHeur=0;CPXPARAM_MIP_Strategy_StartAlgorithm=0;CPXPARAM_MIP_Strategy_SubAlgorithm=0;CPXPARAM_MIP_Strategy_VariableSelect=0;CPXPARAM_Network_NetFind=2;CPXPARAM_Network_Pricing=0;CPXPARAM_Parallel=1;CPXPARAM_Preprocessing_Aggregator=-1;CPXPARAM_Preprocessing_BoundStrength=-1;CPXPARAM_Preprocessing_CoeffReduce=-1;CPXPARAM_Preprocessing_Dependency=-1;CPXPARAM_Preprocessing_Dual=0;CPXPARAM_Preprocessing_Fill=10;CPXPARAM_Preprocessing_NumPass=-1;CPXPARAM_Preprocessing_Presolve=1;CPXPARAM_Preprocessing_QPMakePSD=1;CPXPARAM_Preprocessing_Reduce=3;CPXPARAM_Preprocessing_Relax=-1;CPXPARAM_Preprocessing_RepeatPresolve=-1;CPXPARAM_Preprocessing_Symmetry=-1;CPXPARAM_Read_Scale=0;CPXPARAM_Sifting_Algorithm=0;CPXPARAM_Simplex_Crash=1;CPXPARAM_Simplex_DGradient=0;CPXPARAM_Simplex_Limits_Perturbation=0;CPXPARAM_Simplex_Limits_Singularity=10;CPXPARAM_Simplex_PGradient=0;CPXPARAM_Simplex_Pricing=0;CPXPARAM_Simplex_Refactor=0
10262564596853063802,0,CPXPARAM_Advance=1;CPXPARAM_Barrier_Algorithm=0;CPXPARAM_Barrier_ColNonzeros=0;CPXPARAM_Barrier_Crossover=0;CPXPARAM_Barrier_Limits_Corrections=-1;CPXPARAM_Barrier_Ordering=0;CPXPARAM_Barrier_StartAlg=1;CPXPARAM_Emphasis_MIP=2;CPXPARAM_Emphasis_Memory=0;CPXPARAM_Emphasis_Numerical=0;CPXPARAM_Feasopt_Mode=0;CPXPARAM_LPMethod=0;CPXPARAM_MIP_Cuts_Cliques=-1;CPXPARAM_MIP_Cuts_Covers=2;CPXPARAM_MIP_Cuts_Disjunctive=1;CPXPARAM_MIP_Cuts_FlowCovers=2;CPXPARAM_MIP_Cuts_GUBCovers=1;CPXPARAM_MIP_Cuts_Gomory=0;CPXPARAM_MIP_Cuts_Implied=-1;CPXPARAM_MIP_Cuts_MIRCut=-1;CPXPARAM_MIP_Cuts_PathCut=-1;CPXPARAM_MIP_Limits_AggForCut=3;CPXPARAM_MIP_Limits_CutPasses=0;CPXPARAM_MIP_Limits_CutsFactor=-1;CPXPARAM_MIP_Limits_GomoryCand=400;CPXPARAM_MIP_Limits_GomoryPass=0;CPXPARAM_MIP_Limits_Nodes=9223372036800000000;CPXPARAM_MIP_Limits_ProbeTime=1e+75;CPXPARAM_MIP_Limits_RepairTries=0;CPXPARAM_MIP_Limits_StrongCand=10;CPXPARAM_MIP_Limits_StrongIt=0;CPXPARAM_MIP_OrderType=0;CPXPARAM_MIP_Strategy_BBInterval=7;CPXPARAM_MIP_Strategy_Branch=0;CPXPARAM_MIP_Strategy_Dive=0;CPXPARAM_MIP_Strategy_File=1;CPXPARAM_MIP_Strategy_HeuristicFreq=0;CPXPARAM_MIP_Strategy_LBHeur=0;CPXPARAM_MIP_Strategy_NodeSelect=1;CPXPARAM_MIP_Strategy_Order=1;CPXPARAM_MIP_Strategy_PresolveNode=0;CPXPARAM_MIP_Strategy_Probe=0;CPXPARAM_MIP_Strategy_RINSHeur=0;CPXPARAM_MIP_Strategy_StartAlgorithm=0;CPXPARAM_MIP_Strategy_SubAlgorithm=5;CPXPARAM_MIP_Strategy_VariableSelect=0;CPXPARAM_Network_NetFind=2;CPXPARAM_Network_Pricing=0;CPXPARAM_Parallel=1;CPXPARAM_Preprocessing_Aggregator=-1;CPXPARAM_Preprocessing_BoundStrength=-1;CPXPARAM_Preprocessing_CoeffReduce=-1;CPXPARAM_Preprocessing_Dependency=-1;CPXPARAM_Preprocessing_Dual=0;CPXPARAM_Preprocessing_Fill=10;CPXPARAM_Preprocessing_NumPass=-1;CPXPARAM_Preprocessing_Presolve=1;CPXPARAM_Preprocessing_QPMakePSD=1;CPXPARAM_Preprocessing_Reduce=3;CPXPARAM_Preprocessing_Relax=-1;CPXPARAM_Preprocessing_RepeatPresolve=-1;CPXPARAM_Preprocessing_Symmetry=-1;CPXPARAM_Read_Scale=0;CPXPARAM_Sifting_Algorithm=0;CPXPARAM_Simplex_Crash=1;CPXPARAM_Simplex_DGradient=0;CPXPARAM_Simplex_Limits_Perturbation=0;CPXPARAM_Simplex_Limits_Singularity=10;CPXPARAM_Simplex_PGradient=0;CPXPARAM_Simplex_Pricing=0;CPXPARAM_Simplex_Refactor=0
3423114013737259173,0,CPXPARAM_Advance=1;CPXPARAM_Barrier_Algorithm=0;CPXPARAM_Barrier_ColNonzeros=0;CPXPARAM_Barrier_Crossover=0;CPXPARAM_Barrier_Limits_Corrections=-1;CPXPARAM_Barrier_Ordering=0;CPXPARAM_Barrier_StartAlg=1;CPXPARAM_Emphasis_MIP=0;CPXPARAM_Emphasis_Memory=0;CPXPARAM_Emphasis_Numerical=0;CPXPARAM_Feasopt_Mode=0;CPXPARAM_LPMethod=0;CPXPARAM_MIP_Cuts_Cliques=2;CPXPARAM_MIP_Cuts_Covers=-1;CPXPARAM_MIP_Cuts_Disjunctive=0;CPXPARAM_MIP_Cuts_FlowCovers=0;CPXPARAM_MIP_Cuts_GUBCovers=1;CPXPARAM_MIP_Cuts_Gomory=-1;CPXPARAM_MIP_Cuts_Implied=2;CPXPARAM_MIP_Cuts_MIRCut=1;CPXPARAM_MIP_Cuts_PathCut=0;CPXPARAM_MIP_Limits_AggForCut=3;CPXPARAM_MIP_Limits_CutPasses=0;CPXPARAM_MIP_Limits_CutsFactor=-1;CPXPARAM_MIP_Limits_GomoryCand=50;CPXPARAM_MIP_Limits_GomoryPass=0;CPXPARAM_MIP_Limits_Nodes=9223372036800000000;CPXPARAM_MIP_Limits_ProbeTime=1e+75;CPXPARAM_MIP_Limits_RepairTries=0;CPXPARAM_MIP_Limits_StrongCand=10;CPXPARAM_MIP_Limits_StrongIt=0;CPXPARAM_MIP_OrderType=0;CPXPARAM_MIP_Strategy_BBInterval=7;CPXPARAM_MIP_Strategy_Branch=1;CPXPARAM_MIP_Strategy_Dive=0;CPXPARAM_MIP_Strategy_File=1;CPXPARAM_MIP_Strategy_HeuristicFreq=0;CPXPARAM_MIP_Strategy_LBHeur=0;CPXPARAM_MIP_Strategy_NodeSelect=2;CPXPARAM_MIP_Strategy_Order=1;CPXPARAM_MIP_Strategy_PresolveNode=1;CPXPARAM_MIP_Strategy_Probe=1;CPXPARAM_MIP_Strategy_RINSHeur=0;CPXPARAM_MIP_Strategy_StartAlgorithm=0;CPXPARAM_MIP_Strategy_SubAlgorithm=3;CPXPARAM_MIP_Strategy_VariableSelect=2;CPXPARAM_Network_NetFind=2;CPXPARAM_Network_Pricing=0;CPXPARAM_Parallel=1;CPXPARAM_Preprocessing_Aggregator=-1;CPXPARAM_Preprocessing_BoundStrength=-1;CPXPARAM_Preprocessing_CoeffReduce=-1;CPXPARAM_Preprocessing_Dependency=-1;CPXPARAM_Preprocessing_Dual=0;CPXPARAM_Preprocessing_Fill=20;CPXPARAM_Preprocessing_NumPass=-1;CPXPARAM_Preprocessing_Presolve=1;CPXPARAM_Preprocessing_QPMakePSD=1;CPXPARAM_Preprocessing_Reduce=3;CPXPARAM_Preprocessing_Relax=-1;CPXPARAM_Preprocessing_RepeatPresolve=-1;CPXPARAM_Preprocessing_Symmetry=-1;CPXPARAM_Read_Scale=0;CPXPARAM_Sifting_Algorithm=0;CPXPARAM_Simplex_Crash=1;CPXPARAM_Simplex_DGradient=0;CPXPARAM_Simplex_Limits_Perturbation=0;CPXPARAM_Simplex_Limits_Singularity=10;CPXPARAM_Simplex_PGradient=0;CPXPARAM_Simplex_Pricing=0;CPXPARAM_Simplex_Refactor=0
318353875396367520,0,CPXPARAM_Advance=1;CPXPARAM_Barrier_Algorithm=0;CPXPARAM_Barrier_ColNonzeros=0;CPXPARAM_Barrier_Crossover=0;CPXPARAM_Barrier_Limits_Corrections=-1;CPXPARAM_Barrier_Ordering=0;CPXPARAM_Barrier_StartAlg=1;CPXPARAM_Emphasis_MIP=0;CPXPARAM_Emphasis_Memory=0;CPXPARAM_Emphasis_Numerical=0;CPXPARAM_Feasopt_Mode=0;CPXPARAM_LPMethod=0;CPXPARAM_MIP_Cuts_Cliques=1;CPXPARAM_MIP_Cuts_Covers=3;CPXPARAM_MIP_Cuts_Disjunctive=1;CPXPARAM_MIP_Cuts_FlowCovers=0;CPXPARAM_MIP_Cuts_GUBCovers=0;CPXPARAM_MIP_Cuts_Gomory=2;CPXPARAM_MIP_Cuts_Implied=0;CPXPARAM_MIP_Cuts_MIRCut=2;CPXPARAM_MIP_Cuts_PathCut=2;CPXPARAM_MIP_Limits_AggForCut=3;CPXPARAM_MIP_Limits_CutPasses=0;CPXPARAM_MIP_Limits_CutsFactor=-1;CPXPARAM_MIP_Limits_GomoryCand=200;CPXPARAM_MIP_Limits_GomoryPass=0;CPXPARAM_MIP_Limits_Nodes=9223372036800000000;CPXPARAM_MIP_Limits_ProbeTime=1e+75;CPXPARAM_MIP_Limits_RepairTries=0;CPXPARAM_MIP_Limits_StrongCand=10;CPXPARAM_MIP_Limits_StrongIt=0;CPXPARAM_MIP_OrderType=0;CPXPARAM_MIP_Strategy_BBInterval=7;CPXPARAM_MIP_Strategy_Branch=0;CPXPARAM_MIP_Strategy_Dive=0;CPXPARAM_MIP_Strategy_File=1;CPXPARAM_MIP_Strategy_HeuristicFreq=0;CPXPARAM_MIP_Strategy_LBHeur=0;CPXPARAM_MIP_Strategy_NodeSelect=1;CPXPARAM_MIP_Strategy_Order=1;CPXPARAM_MIP_Strategy_PresolveNode=0;CPXPARAM_MIP_Strategy_Probe=1;CPXPARAM_MIP_Strategy_RINSHeur=0;CPXPARAM_MIP_Strategy_StartAlgorithm=0;CPXPARAM_MIP_Strategy_SubAlgorithm=0;CPXPARAM_MIP_Strategy_VariableSelect=0;CPXPARAM_Network_NetFind=2;CPXPARAM_Network_Pricing=0;CPXPARAM_Parallel=1;CPXPARAM_Preprocessing_Aggregator=-1;CPXPARAM_Preprocessing_BoundStrength=-1;CPXPARAM_Preprocessing_CoeffReduce=-1;CPXPARAM_Preprocessing_Dependency=-1;CPXPARAM_Preprocessing_Dual=0;CPXPARAM_Preprocessing_Fill=10;CPXPARAM_Preprocessing_NumPass=-1;CPXPARAM_Preprocessing_Presolve=1;CPXPARAM_Preprocessing_QPMakePSD=1;CPXPARAM_Preprocessing_Reduce=3;CPXPARAM_Preprocessing_Relax=-1;CPXPARAM_Preprocessing_RepeatPresolve=-1;CPXPARAM_Preprocessing_Symmetry=-1;CPXPARAM_Read_Scale=0;CPXPARAM_Sifting_Algorithm=0;CPXPARAM_Simplex_Crash=1;CPXPARAM_Simplex_DGradient=0;CPXPARAM_Simplex_Limits_Perturbation=0;CPXPARAM_Simplex_Limits_Singularity=10;CPXPARAM_Simplex_PGradient=0;CPXPARAM_Simplex_Pricing=0;CPXPARAM_Simplex_Refactor=0
12413983937858040507,0,CPXPARAM_Advance=1;CPXPARAM_Barrier_Algorithm=0;CPXPARAM_Barrier_ColNonzeros=0;CPXPARAM_Barrier_Crossover=0;CPXPARAM_Barrier_Limits_Corrections=-1;CPXPARAM_Barrier_Ordering=0;CPXPARAM_Barrier_StartAlg=1;CPXPARAM_Emphasis_MIP=0;CPXPARAM_Emphasis_Memory=0;CPXPARAM_Emphasis_Numerical=0;CPXPARAM_Feasopt_Mode=0;CPXPARAM_LPMethod=0;CPXPARAM_MIP_Cuts_Cliques=3;CPXPARAM_MIP_Cuts_Covers=-1;CPXPARAM_MIP_Cuts_Disjunctive=-1;CPXPARAM_MIP_Cuts_FlowCovers=-1;CPXPARAM_MIP_Cuts_GUBCovers=1;CPXPARAM_MIP_Cuts_Gomory=2;CPXPARAM_MIP_Cuts_Implied=-1;CPXPARAM_MIP_Cuts_MIRCut=2;CPXPARAM_MIP_Cuts_PathCut=-1;CPXPARAM_MIP_Limits_AggForCut=5;CPXPARAM_MIP_Limits_CutPasses=0;CPXPARAM_MIP_Limits_CutsFactor=-1;CPXPARAM_MIP_Limits_GomoryCand=200;CPXPARAM_MIP_Limits_GomoryPass=0;CPXPARAM_MIP_Limits_Nodes=9223372036800000000;CPXPARAM_MIP_Limits_ProbeTime=1e+75;CPXPARAM_MIP_Limits_RepairTries=0;CPXPARAM_MIP_Limits_StrongCand=10;CPXPARAM_MIP_Limits_StrongIt=0;CPXPARAM_MIP_OrderType=3;CPXPARAM_MIP_Strategy_BBInterval=7;CPXPARAM_MIP_Strategy_Branch=-1;CPXPARAM_MIP_Strategy_Dive=0;CPXPARAM_MIP_Strategy_File=1;CPXPARAM_MIP_Strategy_HeuristicFreq=0;CPXPARAM_MIP_Strategy_LBHeur=0;CPXPARAM_MIP_Strategy_NodeSelect=3;CPXPARAM_MIP_Strategy_Order=1;CPXPARAM_MIP_Strategy_PresolveNode=-1;CPXPARAM_MIP_Strategy_Probe=0;CPXPARAM_MIP_Strategy_RINSHeur=0;CPXPARAM_MIP_Strategy_StartAlgorithm=0;CPXPARAM_MIP_Strategy_SubAlgorithm=0;CPXPARAM_MIP_Strategy_VariableSelect=0;CPXPARAM_Network_NetFind=2;CPXPARAM_Network_Pricing=0;CPXPARAM_Parallel=1;CPXPARAM_Preprocessing_Aggregator=-1;CPXPARAM_Preprocessing_BoundStrength=-1;CPXPARAM_Preprocessing_CoeffReduce=-1;CPXPARAM_Preprocessing_Dependency=-1;CPXPARAM_Preprocessing_Dual=0;CPXPARAM_Preprocessing_Fill=10;CPXPARAM_Preprocessing_NumPass=-1;CPXPARAM_Preprocessing_Presolve=1;CPXPARAM_Preprocessing_QPMakePSD=1;CPXPARAM_Preprocessing_Reduce=2;CPXPARAM_Preprocessing_Relax=-1;CPXPARAM_Preprocessing_RepeatPresolve=-1;CPXPARAM_Preprocessing_Symmetry=-1;CPXPARAM_Read_Scale=0;CPXPARAM_Sifting_Algorithm=0;CPXPARAM_Simplex_Crash=1;CPXPARAM_Simplex_DGradient=0;CPXPARAM_Simplex_Limits_Perturbation=0;CPXPARAM_Simplex_Limits_Singularity=10;CPXPARAM_Simplex_PGradient=0;CPXPARAM_Simplex_Pricing=0;CPXPARAM_Simplex_Refactor=0
11002948909599927092,0,CPXPARAM_Advance=1;CPXPARAM_Barrier_Algorithm=0;CPXPARAM_Barrier_ColNonzeros=0;CPXPARAM_Barrier_Crossover=0;CPXPARAM_Barrier_Limits_Corrections=-1;CPXPARAM_Barrier_Ordering=0;CPXPARAM_Barrier_StartAlg=1;CPXPARAM_Emphasis_MIP=3;CPXPARAM_Emphasis_Memory=0;CPXPARAM_Emphasis_Numerical=0;CPXPARAM_Feasopt_Mode=0;CPXPARAM_LPMethod=0;CPXPARAM_MIP_Cuts_Cliques=-1;CPXPARAM_MIP_Cuts_Covers=0;CPXPARAM_MIP_Cuts_Disjunctive=1;CPXPARAM_MIP_Cuts_FlowCovers=-1;CPXPARAM_MIP_Cuts_GUBCovers=0;CPXPARAM_MIP_Cuts_Gomory=1;CPXPARAM_MIP_Cuts_Implied=-1;CPXPARAM_MIP_Cuts_MIRCut=-1;CPXPARAM_MIP_Cuts_PathCut=-1;CPXPARAM_MIP_Limits_AggForCut=3;CPXPARAM_MIP_Limits_CutPasses=0;CPXPARAM_MIP_Limits_CutsFactor=-1;CPXPARAM_MIP_Limits_GomoryCand=200;CPXPARAM_MIP_Limits_GomoryPass=0;CPXPARAM_MIP_Limits_Nodes=9223372036800000000;CPXPARAM_MIP_Limits_ProbeTime=1e+75;CPXPARAM_MIP_Limits_RepairTries=0;CPXPARAM_MIP_Limits_StrongCand=10;CPXPARAM_MIP_Limits_StrongIt=0;CPXPARAM_MIP_OrderType=0;CPXPARAM_MIP_Strategy_BBInterval=7;CPXPARAM_MIP_Strategy_Branch=0;CPXPARAM_MIP_Strategy_Dive=0;CPXPARAM_MIP_Strategy_File=1;CPXPARAM_MIP_Strategy_HeuristicFreq=0;CPXPARAM_MIP_Strategy_LBHeur=0;CPXPARAM_MIP_Strategy_NodeSelect=1;CPXPARAM_MIP_Strategy_Order=1;CPXPARAM_MIP_Strategy_PresolveNode=0;CPXPARAM_MIP_Strategy_Probe=0;CPXPARAM_MIP_Strategy_RINSHeur=0;CPXPARAM_MIP_Strategy_StartAlgorithm=0;CPXPARAM_MIP_Strategy_SubAlgorithm=0;CPXPARAM_MIP_Strategy_VariableSelect=0;CPXPARAM_Network_NetFind=2;CPXPARAM_Network_Pricing=0;CPXPARAM_Parallel=1;CPXPARAM_Preprocessing_Aggregator=-1;CPXPARAM_Preprocessing_BoundStrength=-1;CPXPARAM_Preprocessing_CoeffReduce=-1;CPXPARAM_Preprocessing_Dependency=-1;CPXPARAM_Preprocessing_Dual=0;CPXPARAM_Preprocessing_Fill=10;CPXPARAM_Preprocessing_NumPass=-1;CPXPARAM_Preprocessing_Presolve=1;CPXPARAM_Preprocessing_QPMakePSD=1;CPXPARAM_Preprocessing_Reduce=3;CPXPARAM_Preprocessing_Relax=-1;CPXPARAM_Preprocessing_RepeatPresolve=-1;CPXPARAM_Preprocessing_Symmetry=-1;CPXPARAM_Read_Scale=0;CPXPARAM_Sifting_Algorithm=0;CPXPARAM_Simplex_Crash=1;CPXPARAM_Simplex_DGradient=0;CPXPARAM_Simplex_Limits_Perturbation=0;CPXPARAM_Simplex_Limits_Singularity=10;CPXPARAM_Simplex_PGradient=0;CPXPARAM_Simplex_Pricing=0;CPXPARAM_Simplex_Refactor=0
9108079369498992415,0,CPXPARAM_Advance=1;CPXPARAM_Barrier_Algorithm=0;CPXPARAM_Barrier_ColNonzeros=0;CPXPARAM_Barrier_Crossover=0;CPXPARAM_Barrier_Limits_Corrections=-1;CPXPARAM_Barrier_Ordering=0;CPXPARAM_Barrier_StartAlg=1;CPXPARAM_Emphasis_MIP=4;CPXPARAM_Emphasis_Memory=0;CPXPARAM_Emphasis_Numerical=0;CPXPARAM_Feasopt_Mode=0;CPXPARAM_LPMethod=0;CPXPARAM_MIP_Cuts_Cliques=0;CPXPARAM_MIP_Cuts_Covers=1;CPXPARAM_MIP_Cuts_Disjunctive=0;CPXPARAM_MIP_Cuts_FlowCovers=-1;CPXPARAM_MIP_Cuts_GUBCovers=2;CPXPARAM_MIP_Cuts_Gomory=0;CPXPARAM_MIP_Cuts_Implied=0;CPXPARAM_MIP_Cuts_MIRCut=2;CPXPARAM_MIP_Cuts_PathCut=1;CPXPARAM_MIP_Limits_AggForCut=3;CPXPARAM_MIP_Limits_CutPasses=0;CPXPARAM_MIP_Limits_CutsFactor=-1;CPXPARAM_MIP_Limits_GomoryCand=150;CPXPARAM_MIP_Limits_GomoryPass=0;CPXPARAM_MIP_Limits_Nodes=9223372036800000000;CPXPARAM_MIP_Limits_ProbeTime=1e+75;CPXPARAM_MIP_Limits_RepairTries=0;CPXPARAM_MIP_Limits_StrongCand=10;CPXPARAM_MIP_Limits_StrongIt=0;CPXPARAM_MIP_OrderType=0;CPXPARAM_MIP_Strategy_BBInterval=7;CPXPARAM_MIP_Strategy_Branch=0;CPXPARAM_MIP_Strategy_Dive=0;CPXPARAM_MIP_Strategy_File=1;CPXPARAM_MIP_Strategy_HeuristicFreq=0;CPXPARAM_MIP_Strategy_LBHeur=0;CPXPARAM_MIP_Strategy_NodeSelect=1;CPXPARAM_MIP_Strategy_Order=1;CPXPARAM_MIP_Strategy_PresolveNode=0;CPXPARAM_MIP_Strategy_Probe=0;CPXPARAM_MIP_Strategy_RINSHeur=0;CPXPARAM_MIP_Strategy_StartAlgorithm=0;CPXPARAM_MIP_Strategy_SubAlgorithm=0;CPXPARAM_MIP_Strategy_VariableSelect=2;CPXPARAM_Network_NetFind=2;CPXPARAM_Network_Pricing=0;CPXPARAM_Parallel=1;CPXPARAM_Preprocessing_Aggregator=-1;CPXPARAM_Preprocessing_BoundStrength=-1;CPXPARAM_Preprocessing_CoeffReduce=-1;CPXPARAM_Preprocessing_Dependency=-1;CPXPARAM_Preprocessing_Dual=0;CPXPARAM_Preprocessing_Fill=10;CPXPARAM_Preprocessing_NumPass=-1;CPXPARAM_Preprocessing_Presolve=1;CPXPARAM_Preprocessing_QPMakePSD=1;CPXPARAM_Preprocessing_Reduce=3;CPXPARAM_Preprocessing_Relax=-1;CPXPARAM_Preprocessing_RepeatPresolve=-1;CPXPARAM_Preprocessing_Symmetry=-1;CPXPARAM_Read_Scale=0;CPXPARAM_Sifting_Algorithm=0;CPXPARAM_Simplex_Crash=1;CPXPARAM_Simplex_DGradient=0;CPXPARAM_Simplex_Limits_Perturbation=0;CPXPARAM_Simplex_Limits_Singularity=10;CPXPARAM_Simplex_PGradient=0;CPXPARAM_Simplex_Pricing=0;CPXPARAM_Simplex_Refactor=0
366799372600633005,0,CPXPARAM_Advance=1;CPXPARAM_Barrier_Algorithm=0;CPXPARAM_Barrier_ColNonzeros=0;CPXPARAM_Barrier_Crossover=0;CPXPARAM_Barrier_Limits_Corrections=-1;CPXPARAM_Barrier_Ordering=0;CPXPARAM_Barrier_StartAlg=1;CPXPARAM_Emphasis_MIP=2;CPXPARAM_Emphasis_Memory=0;CPXPARAM_Emphasis_Numerical=0;CPXPARAM_Feasopt_Mode=0;CPXPARAM_LPMethod=0;CPXPARAM_MIP_Cuts_Cliques=-1;CPXPARAM_MIP_Cuts_Covers=2;CPXPARAM_MIP_Cuts_Disjunctive=1;CPXPARAM_MIP_Cuts_FlowCovers=2;CPXPARAM_MIP_Cuts_GUBCovers=1;CPXPARAM_MIP_Cuts_Gomory=0;CPXPARAM_MIP_Cuts_Implied=-1;CPXPARAM_MIP_Cuts_MIRCut=-1;CPXPARAM_MIP_Cuts_PathCut=-1;CPXPARAM_MIP_Limits_AggForCut=3;CPXPARAM_MIP_Limits_CutPasses=0;CPXPARAM_MIP_Limits_CutsFactor=-1;CPXPARAM_MIP_Limits_GomoryCand=400;CPXPARAM_MIP_Limits_GomoryPass=0;CPXPARAM_MIP_Limits_Nodes=9223372036800000000;CPXPARAM_MIP_Limits_ProbeTime=1e+75;CPXPARAM_MIP_Limits_RepairTries=0;CPXPARAM_MIP_Limits_StrongCand=10;CPXPARAM_MIP_Limits_StrongIt=0;CPXPARAM_MIP_OrderType=0;CPXPARAM_MIP_Strategy_BBInterval=7;CPXPARAM_MIP_Strategy_Branch=0;CPXPARAM_MIP_Strategy_Dive=0;CPXPARAM_MIP_Strategy_File=1;CPXPARAM_MIP_Strategy_HeuristicFreq=0;CPXPARAM_MIP_Strategy_LBHeur=0;CPXPARAM_MIP_Strategy_NodeSelect=1;CPXPARAM_MIP_Strategy_Order=1;CPXPARAM_MIP_Strategy_PresolveNode=0;CPXPARAM_MIP_Strategy_Probe=0;CPXPARAM_MIP_Strategy_RINSHeur=0;CPXPARAM_MIP_Strategy_StartAlgorithm=0;CPXPARAM_MIP_Strategy_SubAlgorithm=0;CPXPARAM_MIP_Strategy_VariableSelect=0;CPXPARAM_Network_NetFind=2;CPXPARAM_Network_Pricing=0;CPXPARAM_Parallel=1;CPXPARAM_Preprocessing_Aggregator=-1;CPXPARAM_Preprocessing_BoundStrength=-1;CPXPARAM_Preprocessing_CoeffReduce=-1;CPXPARAM_Preprocessing_Dependency=-1;CPXPARAM_Preprocessing_Dual=0;CPXPARAM_Preprocessing_Fill=10;CPXPARAM_Preprocessing_NumPass=-1;CPXPARAM_Preprocessing_Presolve=1;CPXPARAM_Preprocessing_QPMakePSD=1;CPXPARAM_Preprocessing_Reduce=3;CPXPARAM_Preprocessing_Relax=-1;CPXPARAM_Preprocessing_RepeatPresolve=-1;CPXPARAM_Preprocessing_Symmetry=-1;CPXPARAM_Read_Scale=0;CPXPARAM_Sifting_Algorithm=0;CPXPARAM_Simplex_Crash=1;CPXPARAM_Simplex_DGradient=0;CPXPARAM_Simplex_Limits_Perturbation=0;CPXPARAM_Simplex_Limits_Singularity=10;CPXPARAM_Simplex_PGradient=-1;CPXPARAM_Simplex_Pricing=0;CPXPARAM_Simplex_Refactor=0
12274171690437147597,0,CPXPARAM_Advance=1;CPXPARAM_Barrier_Algorithm=0;CPXPARAM_Barrier_ColNonzeros=0;CPXPARAM_Barrier_Crossover=0;CPXPARAM_Barrier_Limits_Corrections=-1;CPXPARAM_Barrier_Ordering=0;CPXPARAM_Barrier_StartAlg=1;CPXPARAM_Emphasis_MIP=3;CPXPARAM_Emphasis_Memory=0;CPXPARAM_Emphasis_Numerical=0;CPXPARAM_Feasopt_Mode=0;CPXPARAM_LPMethod=0;CPXPARAM_MIP_Cuts_Cliques=0;CPXPARAM_MIP_Cuts_Covers=-1;CPXPARAM_MIP_Cuts_Disjunctive=1;CPXPARAM_MIP_Cuts_FlowCovers=2;CPXPARAM_MIP_Cuts_GUBCovers=1;CPXPARAM_MIP_Cuts_Gomory=2;CPXPARAM_MIP_Cuts_Implied=0;CPXPARAM_MIP_Cuts_MIRCut=2;CPXPARAM_MIP_Cuts_PathCut=2;CPXPARAM_MIP_Limits_AggForCut=3;CPXPARAM_MIP_Limits_CutPasses=0;CPXPARAM_MIP_Limits_CutsFactor=-1;CPXPARAM_MIP_Limits_GomoryCand=150;CPXPARAM_MIP_Limits_GomoryPass=0;CPXPARAM_MIP_Limits_Nodes=9223372036800000000;CPXPARAM_MIP_Limits_ProbeTime=1e+75;CPXPARAM_MIP_Limits_RepairTries=0;CPXPARAM_MIP_Limits_StrongCand=10;CPXPARAM_MIP_Limits_StrongIt=0;CPXPARAM_MIP_OrderType=0;CPXPARAM_MIP_Strategy_BBInterval=7;CPXPARAM_MIP_Strategy_Branch=0;CPXPARAM_MIP_Strategy_Dive=0;CPXPARAM_MIP_Strategy_File=1;CPXPARAM_MIP_Strategy_HeuristicFreq=0;CPXPARAM_MIP_Strategy_LBHeur=0;CPXPARAM_MIP_Strategy_NodeSelect=1;CPXPARAM_MIP_Strategy_Order=1;CPXPARAM_MIP_Strategy_PresolveNode=0;CPXPARAM_MIP_Strategy_Probe=-1;CPXPARAM_MIP_Strategy_RINSHeur=0;CPXPARAM_MIP_Strategy_StartAlgorithm=0;CPXPARAM_MIP_Strategy_SubAlgorithm=0;CPXPARAM_MIP_Strategy_VariableSelect=0;CPXPARAM_Network_NetFind=2;CPXPARAM_Network_Pricing=0;CPXPARAM_Parallel=1;CPXPARAM_Preprocessing_Aggregator=-1;CPXPARAM_Preprocessing_BoundStrength=-1;CPXPARAM_Preprocessing_CoeffReduce=-1;CPXPARAM_Preprocessing_Dependency=-1;CPXPARAM_Preprocessing_Dual=0;CPXPARAM_Preprocessing_Fill=10;CPXPARAM_Preprocessing_NumPass=-1;CPXPARAM_Preprocessing_Presolve=1;CPXPARAM_Preprocessing_QPMakePSD=1;CPXPARAM_Preprocessing_Reduce=3;CPXPARAM_Preprocessing_Relax=-1;CPXPARAM_Preprocessing_RepeatPresolve=-1;CPXPARAM_Preprocessing_Symmetry=-1;CPXPARAM_Read_Scale=0;CPXPARAM_Sifting_Algorithm=0;CPXPARAM_Simplex_Crash=1;CPXPARAM_Simplex_DGradient=0;CPXPARAM_Simplex_Limits_Perturbation=0;CPXPARAM_Simplex_Limits_Singularity=10;CPXPARAM_Simplex_PGradient=0;CPXPARAM_Simplex_Pricing=0;CPXPARAM_Simplex_Refactor=0
10150329599431700903,0,CPXPARAM_Advance=1;CPXPARAM_Barrier_Algorithm=0;CPXPARAM_Barrier_ColNonzeros=0;CPXPARAM_Barrier_Crossover=0;CPXPARAM_Barrier_Limits_Corrections=-1;CPXPARAM_Barrier_Ordering=0;CPXPARAM_Barrier_StartAlg=1;CPXPARAM_Emphasis_MIP=1;CPXPARAM_Emphasis_Memory=0;CPXPARAM_Emphasis_Numerical=0;CPXPARAM_Feasopt_Mode=0;CPXPARAM_LPMethod=0;CPXPARAM_MIP_Cuts_Cliques=1;CPXPARAM_MIP_Cuts_Covers=-1;CPXPARAM_MIP_Cuts_Disjunctive=0;CPXPARAM_MIP_Cuts_FlowCovers=-1;CPXPARAM_MIP_Cuts_GUBCovers=1;CPXPARAM_MIP_Cuts_Gomory=2;CPXPARAM_MIP_Cuts_Implied=2;CPXPARAM_MIP_Cuts_MIRCut=1;CPXPARAM_MIP_Cuts_PathCut=0;CPXPARAM_MIP_Limits_AggForCut=3;CPXPARAM_MIP_Limits_CutPasses=0;CPXPARAM_MIP_Limits_CutsFactor=-1;CPXPARAM_MIP_Limits_GomoryCand=100;CPXPARAM_MIP_Limits_GomoryPass=0;CPXPARAM_MIP_Limits_Nodes=9223372036800000000;CPXPARAM_MIP_Limits_ProbeTime=1e+75;CPXPARAM_MIP_Limits_RepairTries=0;CPXPARAM_MIP_Limits_StrongCand=10;CPXPARAM_MIP_Limits_StrongIt=0;CPXPARAM_MIP_OrderType=0;CPXPARAM_MIP_Strategy_BBInterval=7;CPXPARAM_MIP_Strategy_Branch=0;CPXPARAM_MIP_Strategy_Dive=0;CPXPARAM_MIP_Strategy_File=1;CPXPARAM_MIP_Strategy_HeuristicFreq=0;CPXPARAM_MIP_Strategy_LBHeur=0;CPXPARAM_MIP_Strategy_NodeSelect=2;CPXPARAM_MIP_Strategy_Order=1;CPXPARAM_MIP_Strategy_PresolveNode=2;CPXPARAM_MIP_Strategy_Probe=-1;CPXPARAM_MIP_Strategy_RINSHeur=0;CPXPARAM_MIP_Strategy_StartAlgorithm=0;CPXPARAM_MIP_Strategy_SubAlgorithm=0;CPXPARAM_MIP_Strategy_VariableSelect=-1;CPXPARAM_Network_NetFind=2;CPXPARAM_Network_Pricing=0;CPXPARAM_Parallel=1;CPXPARAM_Preprocessing_Aggregator=-1;CPXPARAM_Preprocessing_BoundStrength=-1;CPXPARAM_Preprocessing_CoeffReduce=-1;CPXPARAM_Preprocessing_Dependency=-1;CPXPARAM_Preprocessing_Dual=0;CPXPARAM_Preprocessing_Fill=10;CPXPARAM_Preprocessing_NumPass=-1;CPXPARAM_Preprocessing_Presolve=1;CPXPARAM_Preprocessing_QPMakePSD=1;CPXPARAM_Preprocessing_Reduce=3;CPXPARAM_Preprocessing_Relax=-1;CPXPARAM_Preprocessing_RepeatPresolve=-1;CPXPARAM_Preprocessing_Symmetry=-1;CPXPARAM_Read_Scale=0;CPXPARAM_Sifting_Algorithm=0;CPXPARAM_Simplex_Crash=1;CPXPARAM_Simplex_DGradient=0;CPXPARAM_Simplex_Limits_Perturbation=0;CPXPARAM_Simplex_Limits_Singularity=10;CPXPARAM_Simplex_PGradient=0;CPXPARAM_Simplex_Pricing=0;CPXPARAM_Simplex_Refactor=0
4397328502954274955,0,CPXPARAM_Advance=1;CPXPARAM_Barrier_Algorithm=0;CPXPARAM_Barrier_ColNonzeros=0;CPXPARAM_Barrier_Crossover=0;CPXPARAM_Barrier_Limits_Corrections=-1;CPXPARAM_Barrier_Ordering=0;CPXPARAM_Barrier_StartAlg=1;CPXPARAM_Emphasis_MIP=4;CPXPARAM_Emphasis_Memory=0;CPXPARAM_Emphasis_Numerical=0;CPXPARAM_Feasopt_Mode=0;CPXPARAM_LPMethod=0;CPXPARAM_MIP_Cuts_Cliques=0;CPXPARAM_MIP_Cuts_Covers=0;CPXPARAM_MIP_Cuts_Disjunctive=0;CPXPARAM_MIP_Cuts_FlowCovers=2;CPXPARAM_MIP_Cuts_GUBCovers=2;CPXPARAM_MIP_Cuts_Gomory=0;CPXPARAM_MIP_Cuts_Implied=0;CPXPARAM_MIP_Cuts_MIRCut=2;CPXPARAM_MIP_Cuts_PathCut=1;CPXPARAM_MIP_Limits_AggForCut=3;CPXPARAM_MIP_Limits_CutPasses=0;CPXPARAM_MIP_Limits_CutsFactor=-1;CPXPARAM_MIP_Limits_GomoryCand=150;CPXPARAM_MIP_Limits_GomoryPass=0;CPXPARAM_MIP_Limits_Nodes=9223372036800000000;CPXPARAM_MIP_Limits_ProbeTime=1e+75;CPXPARAM_MIP_Limits_RepairTries=0;CPXPARAM_MIP_Limits_StrongCand=10;CPXPARAM_MIP_Limits_StrongIt=0;CPXPARAM_MIP_OrderType=0;CPXPARAM_MIP_Strategy_BBInterval=7;CPXPARAM_MIP_Strategy_Branch=0;CPXPARAM_MIP_Strategy_Dive=0;CPXPARAM_MIP_Strategy_File=1;CPXPARAM_MIP_Strategy_HeuristicFreq=0;CPXPARAM_MIP_Strategy_LBHeur=0;CPXPARAM_MIP_Strategy_NodeSelect=1;CPXPARAM_MIP_Strategy_Order=1;CPXPARAM_MIP_Strategy_PresolveNode=0;CPXPARAM_MIP_Strategy_Probe=0;CPXPARAM_MIP_Strategy_RINSHeur=0;CPXPARAM_MIP_Strategy_StartAlgorithm=0;CPXPARAM_MIP_Strategy_SubAlgorithm=0;CPXPARAM_MIP_Strategy_VariableSelect=0;CPXPARAM_Network_NetFind=2;CPXPARAM_Network_Pricing=0;CPXPARAM_Parallel=1;CPXPARAM_Preprocessing_Aggregator=-1;CPXPARAM_Preprocessing_BoundStrength=-1;CPXPARAM_Preprocessing_CoeffReduce=-1;CPXPARAM_Preprocessing_Dependency=-1;CPXPARAM_Preprocessing_Dual=0;CPXPARAM_Preprocessing_Fill=10;CPXPARAM_Preprocessing_NumPass=-1;CPXPARAM_Preprocessing_Presolve=1;CPXPARAM_Preprocessing_QPMakePSD=1;CPXPARAM_Preprocessing_Reduce=3;CPXPARAM_Preprocessing_Relax=-1;CPXPARAM_Preprocessing_RepeatPresolve=-1;CPXPARAM_Preprocessing_Symmetry=-1;CPXPARAM_Read_Scale=0;CPXPARAM_Sifting_Algorithm=0;CPXPARAM_Simplex_Crash=1;CPXPARAM_Simplex_DGradient=0;CPXPARAM_Simplex_Limits_Perturbation=0;CPXPARAM_Simplex_Limits_Singularity=10;CPXPARAM_Simplex_PGradient=0;CPXPARAM_Simplex_Pricing=0;CPXPARAM_Simplex_Refactor=0
1352776662951340889,0,CPXPARAM_Advance=1;CPXPARAM_Barrier_Algorithm=0;CPXPARAM_Barrier_ColNonzeros=0;CPXPARAM_Barrier_Crossover=0;CPXPARAM_Barrier_Limits_Corrections=-1;CPXPARAM_Barrier_Ordering=0;CPXPARAM_Barrier_StartAlg=1;CPXPARAM_Emphasis_MIP=0;CPXPARAM_Emphasis_Memory=0;CPXPARAM_Emphasis_Numerical=0;CPXPARAM_Feasopt_Mode=0;CPXPARAM_LPMethod=0;CPXPARAM_MIP_Cuts_Cliques=3;CPXPARAM_MIP_Cuts_Covers=-1;CPXPARAM_MIP_Cuts_Disjunctive=-1;CPXPARAM_MIP_Cuts_FlowCovers=-1;CPXPARAM_MIP_Cuts_GUBCovers=0;CPXPARAM_MIP_Cuts_Gomory=0;CPXPARAM_MIP_Cuts_Implied=2;CPXPARAM_MIP_Cuts_MIRCut=1;CPXPARAM_MIP_Cuts_PathCut=-1;CPXPARAM_MIP_Limits_AggForCut=2;CPXPARAM_MIP_Limits_CutPasses=0;CPXPARAM_MIP_Limits_CutsFactor=-1;CPXPARAM_MIP_Limits_GomoryCand=50;CPXPARAM_MIP_Limits_GomoryPass=0;CPXPARAM_MIP_Limits_Nodes=9223372036800000000;CPXPARAM_MIP_Limits_ProbeTime=1e+75;CPXPARAM_MIP_Limits_RepairTries=0;CPXPARAM_MIP_Limits_StrongCand=10;CPXPARAM_MIP_Limits_StrongIt=0;CPXPARAM_MIP_OrderType=0;CPXPARAM_MIP_Strategy_BBInterval=7;CPXPARAM_MIP_Strategy_Branch=0;CPXPARAM_MIP_Strategy_Dive=0;CPXPARAM_MIP_Strategy_File=1;CPXPARAM_MIP_Strategy_HeuristicFreq=0;CPXPARAM_MIP_Strategy_LBHeur=0;CPXPARAM_MIP_Strategy_NodeSelect=0;CPXPARAM_MIP_Strategy_Order=1;CPXPARAM_MIP_Strategy_PresolveNode=3;CPXPARAM_MIP_Strategy_Probe=0;CPXPARAM_MIP_Strategy_RINSHeur=0;CPXPARAM_MIP_Strategy_StartAlgorithm=0;CPXPARAM_MIP_Strategy_SubAlgorithm=0;CPXPARAM_MIP_Strategy_VariableSelect=2;CPXPARAM_Network_NetFind=2;CPXPARAM_Network_Pricing=0;CPXPARAM_Parallel=1;CPXPARAM_Preprocessing_Aggregator=-1;CPXPARAM_Preprocessing_BoundStrength=-1;CPXPARAM_Preprocessing_CoeffReduce=-1;CPXPARAM_Preprocessing_Dependency=-1;CPXPARAM_Preprocessing_Dual=0;CPXPARAM_Preprocessing_Fill=20;CPXPARAM_Preprocessing_NumPass=-1;CPXPARAM_Preprocessing_Presolve=1;CPXPARAM_Preprocessing_QPMakePSD=1;CPXPARAM_Preprocessing_Reduce=3;CPXPARAM_Preprocessing_Relax=-1;CPXPARAM_Preprocessing_RepeatPresolve=-1;CPXPARAM_Preprocessing_Symmetry=-1;CPXPARAM_Read_Scale=0;CPXPARAM_Sifting_Algorithm=0;CPXPARAM_Simplex_Crash=1;CPXPARAM_Simplex_DGradient=0;CPXPARAM_Simplex_Limits_Perturbation=0;CPXPARAM_Simplex_Limits_Singularity=10;CPXPARAM_Simplex_PGradient=0;CPXPARAM_Simplex_Pricing=0;CPXPARAM_Simplex_Refactor=0
14496430238367871324,0,CPXPARAM_Advance=1;CPXPARAM_Barrier_Algorithm=0;CPXPARAM_Barrier_ColNonzeros=0;CPXPARAM_Barrier_Crossover=0;CPXPARAM_Barrier_Limits_Corrections=-1;CPXPARAM_Barrier_Ordering=0;CPXPARAM_Barrier_StartAlg=1;CPXPARAM_Emphasis_MIP=0;CPXPARAM_Emphasis_Memory=0;CPXPARAM_Emphasis_Numerical=0;CPXPARAM_Feasopt_Mode=0;CPXPARAM_LPMethod=0;CPXPARAM_MIP_Cuts_Cliques=0;CPXPARAM_MIP_Cuts_Covers=-1;CPXPARAM_MIP_Cuts_Disjunctive=0;CPXPARAM_MIP_Cuts_FlowCovers=-1;CPXPARAM_MIP_Cuts_GUBCovers=2;CPXPARAM_MIP_Cuts_Gomory=2;CPXPARAM_MIP_Cuts_Implied=-1;CPXPARAM_MIP_Cuts_MIRCut=2;CPXPARAM_MIP_Cuts_PathCut=-1;CPXPARAM_MIP_Limits_AggForCut=2;CPXPARAM_MIP_Limits_CutPasses=0;CPXPARAM_MIP_Limits_CutsFactor=-1;CPXPARAM_MIP_Limits_GomoryCand=200;CPXPARAM_MIP_Limits_GomoryPass=0;CPXPARAM_MIP_Limits_Nodes=9223372036800000000;CPXPARAM_MIP_Limits_ProbeTime=1e+75;CPXPARAM_MIP_Limits_RepairTries=0;CPXPARAM_MIP_Limits_StrongCand=10;CPXPARAM_MIP_Limits_StrongIt=0;CPXPARAM_MIP_OrderType=0;CPXPARAM_MIP_Strategy_BBInterval=7;CPXPARAM_MIP_Strategy_Branch=-1;CPXPARAM_MIP_Strategy_Dive=0;CPXPARAM_MIP_Strategy_File=1;CPXPARAM_MIP_Strategy_HeuristicFreq=0;CPXPARAM_MIP_Strategy_LBHeur=0;CPXPARAM_MIP_Strategy_NodeSelect=0;CPXPARAM_MIP_Strategy_Order=1;CPXPARAM_MIP_Strategy_PresolveNode=0;CPXPARAM_MIP_Strategy_Probe=2;CPXPARAM_MIP_Strategy_RINSHeur=0;CPXPARAM_MIP_Strategy_StartAlgorithm=0;CPXPARAM_MIP_Strategy_SubAlgorithm=3;CPXPARAM_MIP_Strategy_VariableSelect=1;CPXPARAM_Network_NetFind=2;CPXPARAM_Network_Pricing=0;CPXPARAM_Parallel=1;CPXPARAM_Preprocessing_Aggregator=-1;CPXPARAM_Preprocessing_BoundStrength=-1;CPXPARAM_Preprocessing_CoeffReduce=-1;CPXPARAM_Preprocessing_Dependency=-1;CPXPARAM_Preprocessing_Dual=0;CPXPARAM_Preprocessing_Fill=20;CPXPARAM_Preprocessing_NumPass=-1;CPXPARAM_Preprocessing_Presolve=1;CPXPARAM_Preprocessing_QPMakePSD=1;CPXPARAM_Preprocessing_Reduce=1;CPXPARAM_Preprocessing_Relax=-1;CPXPARAM_Preprocessing_RepeatPresolve=-1;CPXPARAM_Preprocessing_Symmetry=-1;CPXPARAM_Read_Scale=0;CPXPARAM_Sifting_Algorithm=0;CPXPARAM_Simplex_Crash=1;CPXPARAM_Simplex_DGradient=0;CPXPARAM_Simplex_Limits_Perturbation=0;CPXPARAM_Simplex_Limits_Singularity=10;CPXPARAM_Simplex_PGradient=0;CPXPARAM_Simplex_Pricing=0;CPXPARAM_Simplex_Refactor=0
17799850204070165868,0,CPXPARAM_Advance=1;CPXPARAM_Barrier_Algorithm=0;CPXPARAM_Barrier_ColNonzeros=0;CPXPARAM_Barrier_Crossover=0;CPXPARAM_Barrier_Limits_Corrections=-1;CPXPARAM_Barrier_Ordering=0;CPXPARAM_Barrier_StartAlg=1;CPXPARAM_Emphasis_MIP=3;CPXPARAM_Emphasis_Memory=0;CPXPARAM_Emphasis_Numerical=0;CPXPARAM_Feasopt_Mode=0;CPXPARAM_LPMethod=0;CPXPARAM_MIP_Cuts_Cliques=2;CPXPARAM_MIP_Cuts_Covers=-1;CPXPARAM_MIP_Cuts_Disjunctive=1;CPXPARAM_MIP_Cuts_FlowCovers=-1;CPXPARAM_MIP_Cuts_GUBCovers=0;CPXPARAM_MIP_Cuts_Gomory=-1;CPXPARAM_MIP_Cuts_Implied=-1;CPXPARAM_MIP_Cuts_MIRCut=-1;CPXPARAM_MIP_Cuts_PathCut=2;CPXPARAM_MIP_Limits_AggForCut=3;CPXPARAM_MIP_Limits_CutPasses=0;CPXPARAM_MIP_Limits_CutsFactor=-1;CPXPARAM_MIP_Limits_GomoryCand=10;CPXPARAM_MIP_Limits_GomoryPass=0;CPXPARAM_MIP_Limits_Nodes=9223372036800000000;CPXPARAM_MIP_Limits_ProbeTime=1e+75;CPXPARAM_MIP_Limits_RepairTries=0;CPXPARAM_MIP_Limits_StrongCand=10;CPXPARAM_MIP_Limits_StrongIt=0;CPXPARAM_MIP_OrderType=0;CPXPARAM_MIP_Strategy_BBInterval=7;CPXPARAM_MIP_Strategy_Branch=1;CPXPARAM_MIP_Strategy_Dive=0;CPXPARAM_MIP_Strategy_File=1;CPXPARAM_MIP_Strategy_HeuristicFreq=0;CPXPARAM_MIP_Strategy_LBHeur=0;CPXPARAM_MIP_Strategy_NodeSelect=3;CPXPARAM_MIP_Strategy_Order=1;CPXPARAM_MIP_Strategy_PresolveNode=0;CPXPARAM_MIP_Strategy_Probe=-1;CPXPARAM_MIP_Strategy_RINSHeur=0;CPXPARAM_MIP_Strategy_StartAlgorithm=0;CPXPARAM_MIP_Strategy_SubAlgorithm=0;CPXPARAM_MIP_Strategy_VariableSelect=1;CPXPARAM_Network_NetFind=2;CPXPARAM_Network_Pricing=0;CPXPARAM_Parallel=1;CPXPARAM_Preprocessing_Aggregator=-1;CPXPARAM_Preprocessing_BoundStrength=-1;CPXPARAM_Preprocessing_CoeffReduce=-1;CPXPARAM_Preprocessing_Dependency=-1;CPXPARAM_Preprocessing_Dual=0;CPXPARAM_Preprocessing_Fill=10;CPXPARAM_Preprocessing_NumPass=-1;CPXPARAM_Preprocessing_Presolve=1;CPXPARAM_Preprocessing_QPMakePSD=1;CPXPARAM_Preprocessing_Reduce=3;CPXPARAM_Preprocessing_Relax=-1;CPXPARAM_Preprocessing_RepeatPresolve=-1;CPXPARAM_Preprocessing_Symmetry=-1;CPXPARAM_Read_Scale=0;CPXPARAM_Sifting_Algorithm=0;CPXPARAM_Simplex_Crash=1;CPXPARAM_Simplex_DGradient=0;CPXPARAM_Simplex_Limits_Perturbation=0;CPXPARAM_Simplex_Limits_Singularity=10;CPXPARAM_Simplex_PGradient=0;CPXPARAM_Simplex_Pricing=0;CPXPARAM_Simplex_Refactor=0
1801295419309637531,0,CPXPARAM_Advance=1;CPXPARAM_Barrier_Algorithm=0;CPXPARAM_Barrier_ColNonzeros=0;CPXPARAM_Barrier_Crossover=0;CPXPARAM_Barrier_Limits_Corrections=-1;CPXPARAM_Barrier_Ordering=0;CPXPARAM_Barrier_StartAlg=1;CPXPARAM_Emphasis_MIP=2;CPXPARAM_Emphasis_Memory=0;CPXPARAM_Emphasis_Numerical=0;CPXPARAM_Feasopt_Mode=0;CPXPARAM_LPMethod=0;CPXPARAM_MIP_Cuts_Cliques=-1;CPXPARAM_MIP_Cuts_Covers=2;CPXPARAM_MIP_Cuts_Disjunctive=1;CPXPARAM_MIP_Cuts_FlowCovers=2;CPXPARAM_MIP_Cuts_GUBCovers=1;CPXPARAM_MIP_Cuts_Gomory=0;CPXPARAM_MIP_Cuts_Implied=-1;CPXPARAM_MIP_Cuts_MIRCut=-1;CPXPARAM_MIP_Cuts_PathCut=-1;CPXPARAM_MIP_Limits_AggForCut=3;CPXPARAM_MIP_Limits_CutPasses=0;CPXPARAM_MIP_Limits_CutsFactor=-1;CPXPARAM_MIP_Limits_GomoryCand=400;CPXPARAM_MIP_Limits_GomoryPass=0;CPXPARAM_MIP_Limits_Nodes=9223372036800000000;CPXPARAM_MIP_Limits_ProbeTime=1e+75;CPXPARAM_MIP_Limits_RepairTries=0;CPXPARAM_MIP_Limits_StrongCand=10;CPXPARAM_MIP_Limits_StrongIt=0;CPXPARAM_MIP_OrderType=0;CPXPARAM_MIP_Strategy_BBInterval=7;CPXPARAM_MIP_Strategy_Branch=0;CPXPARAM_MIP_Strategy_Dive=0;CPXPARAM_MIP_Strategy_File=1;CPXPARAM_MIP_Strategy_HeuristicFreq=0;CPXPARAM_MIP_Strategy_LBHeur=0;CPXPARAM_MIP_Strategy_NodeSelect=1;CPXPARAM_MIP_Strategy_Order=1;CPXPARAM_MIP_Strategy_PresolveNode=0;CPXPARAM_MIP_Strategy_Probe=0;CPXPARAM_MIP_Strategy_RINSHeur=20;CPXPARAM_MIP_Strategy_StartAlgorithm=0;CPXPARAM_MIP_Strategy_SubAlgorithm=0;CPXPARAM_MIP_Strategy_VariableSelect=0;CPXPARAM_Network_NetFind=2;CPXPARAM_Network_Pricing=0;CPXPARAM_Parallel=1;CPXPARAM_Preprocessing_Aggregator=-1;CPXPARAM_Preprocessing_BoundStrength=-1;CPXPARAM_Preprocessing_CoeffReduce=-1;CPXPARAM_Preprocessing_Dependency=-1;CPXPARAM_Preprocessing_Dual=0;CPXPARAM_Preprocessing_Fill=10;CPXPARAM_Preprocessing_NumPass=-1;CPXPARAM_Preprocessing_Presolve=1;CPXPARAM_Preprocessing_QPMakePSD=1;CPXPARAM_Preprocessing_Reduce=3;CPXPARAM_Preprocessing_Relax=-1;CPXPARAM_Preprocessing_RepeatPresolve=-1;CPXPARAM_Preprocessing_Symmetry=-1;CPXPARAM_Read_Scale=0;CPXPARAM_Sifting_Algorithm=0;CPXPARAM_Simplex_Crash=1;CPXPARAM_Simplex_DGradient=0;CPXPARAM_Simplex_Limits_Perturbation=0;CPXPARAM_Simplex_Limits_Singularity=10;CPXPARAM_Simplex_PGradient=0;CPXPARAM_Simplex_Pricing=0;CPXPARAM_Simplex_Refactor=0
16797701321467561198,0,CPXPARAM_Advance=1;CPXPARAM_Barrier_Algorithm=0;CPXPARAM_Barrier_ColNonzeros=0;CPXPARAM_Barrier_Crossover=0;CPXPARAM_Barrier_Limits_Corrections=-1;CPXPARAM_Barrier_Ordering=0;CPXPARAM_Barrier_StartAlg=1;CPXPARAM_Emphasis_MIP=2;CPXPARAM_Emphasis_Memory=0;CPXPARAM_Emphasis_Numerical=0;CPXPARAM_Feasopt_Mode=0;CPXPARAM_LPMethod=0;CPXPARAM_MIP_Cuts_Cliques=-1;CPXPARAM_MIP_Cuts_Covers=2;CPXPARAM_MIP_Cuts_Disjunctive=1;CPXPARAM_MIP_Cuts_FlowCovers=2;CPXPARAM_MIP_Cuts_GUBCovers=1;CPXPARAM_MIP_Cuts_Gomory=0;CPXPARAM_MIP_Cuts_Implied=-1;CPXPARAM_MIP_Cuts_MIRCut=-1;CPXPARAM_MIP_Cuts_PathCut=-1;CPXPARAM_MIP_Limits_AggForCut=3;CPXPARAM_MIP_Limits_CutPasses=0;CPXPARAM_MIP_Limits_CutsFactor=-1;CPXPARAM_MIP_Limits_GomoryCand=400;CPXPARAM_MIP_Limits_GomoryPass=0;CPXPARAM_MIP_Limits_Nodes=9223372036800000000;CPXPARAM_MIP_Limits_ProbeTime=1e+75;CPXPARAM_MIP_Limits_RepairTries=0;CPXPARAM_MIP_Limits_StrongCand=10;CPXPARAM_MIP_Limits_StrongIt=0;CPXPARAM_MIP_OrderType=0;CPXPARAM_MIP_Strategy_BBInterval=7;CPXPARAM_MIP_Strategy_Branch=0;CPXPARAM_MIP_Strategy_Dive=0;CPXPARAM_MIP_Strategy_File=1;CPXPARAM_MIP_Strategy_HeuristicFreq=0;CPXPARAM_MIP_Strategy_LBHeur=0;CPXPARAM_MIP_Strategy_NodeSelect=1;CPXPARAM_MIP_Strategy_Order=1;CPXPARAM_MIP_Strategy_PresolveNode=0;CPXPARAM_MIP_Strategy_Probe=0;CPXPARAM_MIP_Strategy_RINSHeur=0;CPXPARAM_MIP_Strategy_StartAlgorithm=0;CPXPARAM_MIP_Strategy_SubAlgorithm=0;CPXPARAM_MIP_Strategy_VariableSelect=0;CPXPARAM_Network_NetFind=2;CPXPARAM_Network_Pricing=0;CPXPARAM_Parallel=1;CPXPARAM_Preprocessing_Aggregator=-1;CPXPARAM_Preprocessing_BoundStrength=-1;CPXPARAM_Preprocessing_CoeffReduce=-1;CPXPARAM_Preprocessing_Dependency=-1;CPXPARAM_Preprocessing_Dual=0;CPXPARAM_Preprocessing_Fill=10;CPXPARAM_Preprocessing_NumPass=-1;CPXPARAM_Preprocessing_Presolve=1;CPXPARAM_Preprocessing_QPMakePSD=1;CPXPARAM_Preprocessing_Reduce=3;CPXPARAM_Preprocessing_Relax=-1;CPXPARAM_Preprocessing_RepeatPresolve=-1;CPXPARAM_Preprocessing_Symmetry=-1;CPXPARAM_Read_Scale=0;CPXPARAM_Sifting_Algorithm=0;CPXPARAM_Simplex_Crash=1;CPXPARAM_Simplex_DGradient=0;CPXPARAM_Simplex_Limits_Perturbation=0;CPXPARAM_Simplex_Limits_Singularity=10;CPXPARAM_Simplex_PGradient=1;CPXPARAM_Simplex_Pricing=0;CPXPARAM_Simplex_Refactor=0
14737591616754966600,0,CPXPARAM_Advance=1;CPXPARAM_Barrier_Algorithm=0;CPXPARAM_Barrier_ColNonzeros=0;CPXPARAM_Barrier_Crossover=0;CPXPARAM_Barrier_Limits_Corrections=-1;CPXPARAM_Barrier_Ordering=0;CPXPARAM_Barrier_StartAlg=1;CPXPARAM_Emphasis_MIP=2;CPXPARAM_Emphasis_Memory=0;CPXPARAM_Emphasis_Numerical=0;CPXPARAM_Feasopt_Mode=0;CPXPARAM_LPMethod=0;CPXPARAM_MIP_Cuts_Cliques=-1;CPXPARAM_MIP_Cuts_Covers=2;CPXPARAM_MIP_Cuts_Disjunctive=1;CPXPARAM_MIP_Cuts_FlowCovers=2;CPXPARAM_MIP_Cuts_GUBCovers=1;CPXPARAM_MIP_Cuts_Gomory=0;CPXPARAM_MIP_Cuts_Implied=-1;CPXPARAM_MIP_Cuts_MIRCut=-1;CPXPARAM_MIP_Cuts_PathCut=-1;CPXPARAM_MIP_Limits_AggForCut=3;CPXPARAM_MIP_Limits_CutPasses=0;CPXPARAM_MIP_Limits_CutsFactor=-1;CPXPARAM_MIP_Limits_GomoryCand=400;CPXPARAM_MIP_Limits_GomoryPass=0;CPXPARAM_MIP_Limits_Nodes=9223372036800000000;CPXPARAM_MIP_Limits_ProbeTime=1e+75;CPXPARAM_MIP_Limits_RepairTries=0;CPXPARAM_MIP_Limits_StrongCand=10;CPXPARAM_MIP_Limits_StrongIt=0;CPXPARAM_MIP_OrderType=0;CPXPARAM_MIP_Strategy_BBInterval=7;CPXPARAM_MIP_Strategy_Branch=0;CPXPARAM_MIP_Strategy_Dive=0;CPXPARAM_MIP_Strategy_File=1;CPXPARAM_MIP_Strategy_HeuristicFreq=0;CPXPARAM_MIP_Strategy_LBHeur=0;CPXPARAM_MIP_Strategy_NodeSelect=1;CPXPARAM_MIP_Strategy_Order=1;CPXPARAM_MIP_Strategy_PresolveNode=0;CPXPARAM_MIP_Strategy_Probe=0;CPXPARAM_MIP_Strategy_RINSHeur=0;CPXPARAM_MIP_Strategy_StartAlgorithm=0;CPXPARAM_MIP_Strategy_SubAlgorithm=0;CPXPARAM_MIP_Strategy_VariableSelect=0;CPXPARAM_Network_NetFind=2;CPXPARAM_Network_Pricing=0;CPXPARAM_Parallel=1;CPXPARAM_Preprocessing_Aggregator=-1;CPXPARAM_Preprocessing_BoundStrength=-1;CPXPARAM_Preprocessing_CoeffReduce=-1;CPXPARAM_Preprocessing_Dependency=-1;CPXPARAM_Preprocessing_Dual=0;CPXPARAM_Preprocessing_Fill=10;CPXPARAM_Preprocessing_NumPass=-1;CPXPARAM_Preprocessing_Presolve=1;CPXPARAM_Preprocessing_QPMakePSD=1;CPXPARAM_Preprocessing_Reduce=3;CPXPARAM_Preprocessing_Relax=-1;CPXPARAM_Preprocessing_RepeatPresolve=-1;CPXPARAM_Preprocessing_Symmetry=-1;CPXPARAM_Read_Scale=0;CPXPARAM_Sifting_Algorithm=0;CPXPARAM_Simplex_Crash=1;CPXPARAM_Simplex_DGradient=0;CPXPARAM_Simplex_Limits_Perturbation=0;CPXPARAM_Simplex_Limits_Singularity=10;CPXPARAM_Simplex_PGradient=3;CPXPARAM_Simplex_Pricing=0;CPXPARAM_Simplex_Refactor=0
4484193329676202466,0,CPXPARAM_Advance=1;CPXPARAM_Barrier_Algorithm=0;CPXPARAM_Barrier_ColNonzeros=0;CPXPARAM_Barrier_Crossover=0;CPXPARAM_Barrier_Limits_Corrections=-1;CPXPARAM_Barrier_Ordering=0;CPXPARAM_Barrier_StartAlg=1;CPXPARAM_Emphasis_MIP=5;CPXPARAM_Emphasis_Memory=0;CPXPARAM_Emphasis_Numerical=0;CPXPARAM_Feasopt_Mode=0;CPXPARAM_LPMethod=0;CPXPARAM_MIP_Cuts_Cliques=3;CPXPARAM_MIP_Cuts_Covers=2;CPXPARAM_MIP_Cuts_Disjunctive=-1;CPXPARAM_MIP_Cuts_FlowCovers=1;CPXPARAM_MIP_Cuts_GUBCovers=1;CPXPARAM_MIP_Cuts_Gomory=2;CPXPARAM_MIP_Cuts_Implied=1;CPXPARAM_MIP_Cuts_MIRCut=2;CPXPARAM_MIP_Cuts_PathCut=1;CPXPARAM_MIP_Limits_AggForCut=5;CPXPARAM_MIP_Limits_CutPasses=0;CPXPARAM_MIP_Limits_CutsFactor=-1;CPXPARAM_MIP_Limits_GomoryCand=50;CPXPARAM_MIP_Limits_GomoryPass=0;CPXPARAM_MIP_Limits_Nodes=9223372036800000000;CPXPARAM_MIP_Limits_ProbeTime=1e+75;CPXPARAM_MIP_Limits_RepairTries=0;CPXPARAM_MIP_Limits_StrongCand=10;CPXPARAM_MIP_Limits_StrongIt=0;CPXPARAM_MIP_OrderType=3;CPXPARAM_MIP_Strategy_BBInterval=7;CPXPARAM_MIP_Strategy_Branch=-1;CPXPARAM_MIP_Strategy_Dive=0;CPXPARAM_MIP_Strategy_File=1;CPXPARAM_MIP_Strategy_HeuristicFreq=0;CPXPARAM_MIP_Strategy_LBHeur=0;CPXPARAM_MIP_Strategy_NodeSelect=2;CPXPARAM_MIP_Strategy_Order=1;CPXPARAM_MIP_Strategy_PresolveNode=0;CPXPARAM_MIP_Strategy_Probe=3;CPXPARAM_MIP_Strategy_RINSHeur=0;CPXPARAM_MIP_Strategy_StartAlgorithm=0;CPXPARAM_MIP_Strategy_SubAlgorithm=2;CPXPARAM_MIP_Strategy_VariableSelect=1;CPXPARAM_Network_NetFind=2;CPXPARAM_Network_Pricing=0;CPXPARAM_Parallel=1;CPXPARAM_Preprocessing_Aggregator=-1;CPXPARAM_Preprocessing_BoundStrength=-1;CPXPARAM_Preprocessing_CoeffReduce=-1;CPXPARAM_Preprocessing_Dependency=-1;CPXPARAM_Preprocessing_Dual=0;CPXPARAM_Preprocessing_Fill=5;CPXPARAM_Preprocessing_NumPass=-1;CPXPARAM_Preprocessing_Presolve=1;CPXPARAM_Preprocessing_QPMakePSD=1;CPXPARAM_Preprocessing_Reduce=1;CPXPARAM_Preprocessing_Relax=-1;CPXPARAM_Preprocessing_RepeatPresolve=-1;CPXPARAM_Preprocessing_Symmetry=-1;CPXPARAM_Read_Scale=-1;CPXPARAM_Sifting_Algorithm=0;CPXPARAM_Simplex_Crash=1;CPXPARAM_Simplex_DGradient=0;CPXPARAM_Simplex_Limits_Perturbation=0;CPXPARAM_Simplex_Limits_Singularity=10;CPXPARAM_Simplex_PGradient=0;CPXPARAM_Simplex_Pricing=0;CPXPARAM_Simplex_Refactor=0
11955216029018396711,0,CPXPARAM_Advance=1;CPXPARAM_Barrier_Algorithm=0;CPXPARAM_Barrier_ColNonzeros=0;CPXPARAM_Barrier_Crossover=0;CPXPARAM_Barrier_Limits_Corrections=-1;CPXPARAM_Barrier_Ordering=0;CPXPARAM_Barrier_StartAlg=1;CPXPARAM_Emphasis_MIP=2;CPXPARAM_Emphasis_Memory=0;CPXPARAM_Emphasis_Numerical=0;CPXPARAM_Feasopt_Mode=0;CPXPARAM_LPMethod=0;CPXPARAM_MIP_Cuts_Cliques=-1;CPXPARAM_MIP_Cuts_Covers=2;CPXPARAM_MIP_Cuts_Disjunctive=1;CPXPARAM_MIP_Cuts_FlowCovers=2;CPXPARAM_MIP_Cuts_GUBCovers=1;CPXPARAM_MIP_Cuts_Gomory=0;CPXPARAM_MIP_Cuts_Implied=-1;CPXPARAM_MIP_Cuts_MIRCut=-1;CPXPARAM_MIP_Cuts_PathCut=-1;CPXPARAM_MIP_Limits_AggForCut=3;CPXPARAM_MIP_Limits_CutPasses=0;CPXPARAM_MIP_Limits_CutsFactor=-1;CPXPARAM_MIP_Limits_GomoryCand=400;CPXPARAM_MIP_Limits_GomoryPass=0;CPXPARAM_MIP_Limits_Nodes=9223372036800000000;CPXPARAM_MIP_Limits_ProbeTime=1e+75;CPXPARAM_MIP_Limits_RepairTries=0;CPXPARAM_MIP_Limits_StrongCand=10;CPXPARAM_MIP_Limits_StrongIt=0;CPXPARAM_MIP_OrderType=0;CPXPARAM_MIP_Strategy_BBInterval=7;CPXPARAM_MIP_Strategy_Branch=0;CPXPARAM_MIP_Strategy_Dive=0;CPXPARAM_MIP_Strategy_File=1;CPXPARAM_MIP_Strategy_HeuristicFreq=0;CPXPARAM_MIP_Strategy_LBHeur=0;CPXPARAM_MIP_Strategy_NodeSelect=1;CPXPARAM_MIP_Strategy_Order=1;CPXPARAM_MIP_Strategy_PresolveNode=0;CPXPARAM_MIP_Strategy_Probe=0;CPXPARAM_MIP_Strategy_RINSHeur=0;CPXPARAM_MIP_Strategy_StartAlgorithm=0;CPXPARAM_MIP_Strategy_SubAlgorithm=0;CPXPARAM_MIP_Strategy_VariableSelect=0;CPXPARAM_Network_NetFind=2;CPXPARAM_Network_Pricing=0;CPXPARAM_Parallel=1;CPXPARAM_Preprocessing_Aggregator=-1;CPXPARAM_Preprocessing_BoundStrength=-1;CPXPARAM_Preprocessing_CoeffReduce=-1;CPXPARAM_Preprocessing_Dependency=-1;CPXPARAM_Preprocessing_Dual=0;CPXPARAM_Preprocessing_Fill=10;CPXPARAM_Preprocessing_NumPass=-1;CPXPARAM_Preprocessing_Presolve=1;CPXPARAM_Preprocessing_QPMakePSD=1;CPXPARAM_Preprocessing_Reduce=3;CPXPARAM_Preprocessing_Relax=-1;CPXPARAM_Preprocessing_RepeatPresolve=-1;CPXPARAM_Preprocessing_Symmetry=-1;CPXPARAM_Read_Scale=0;CPXPARAM_Sifting_Algorithm=0;CPXPARAM_Simplex_Crash=1;CPXPARAM_Simplex_DGradient=0;CPXPARAM_Simplex_Limits_Perturbation=0;CPXPARAM_Simplex_Limits_Singularity=10;CPXPARAM_Simplex_PGradient=4;CPXPARAM_Simplex_Pricing=0;CPXPARAM_Simplex_Refactor=0
4844133732206728137,0,CPXPARAM_Advance=0;CPXPARAM_Barrier_Algorithm=0;CPXPARAM_Barrier_ColNonzeros=0;CPXPARAM_Barrier_Crossover=0;CPXPARAM_Barrier_Limits_Corrections=-1;CPXPARAM_Barrier_Ordering=0;CPXPARAM_Barrier_StartAlg=1;CPXPARAM_Emphasis_MIP=2;CPXPARAM_Emphasis_Memory=0;CPXPARAM_Emphasis_Numerical=0;CPXPARAM_Feasopt_Mode=0;CPXPARAM_LPMethod=0;CPXPARAM_MIP_Cuts_Cliques=-1;CPXPARAM_MIP_Cuts_Covers=2;CPXPARAM_MIP_Cuts_Disjunctive=1;CPXPARAM_MIP_Cuts_FlowCovers=2;CPXPARAM_MIP_Cuts_GUBCovers=1;CPXPARAM_MIP_Cuts_Gomory=0;CPXPARAM_MIP_Cuts_Implied=-1;CPXPARAM_MIP_Cuts_MIRCut=-1;CPXPARAM_MIP_Cuts_PathCut=-1;CPXPARAM_MIP_Limits_AggForCut=3;CPXPARAM_MIP_Limits_CutPasses=0;CPXPARAM_MIP_Limits_CutsFactor=-1;CPXPARAM_MIP_Limits_GomoryCand=400;CPXPARAM_MIP_Limits_GomoryPass=0;CPXPARAM_MIP_Limits_Nodes=9223372036800000000;CPXPARAM_MIP_Limits_ProbeTime=1e+75;CPXPARAM_MIP_Limits_RepairTries=0;CPXPARAM_MIP_Limits_StrongCand=10;CPXPARAM_MIP_Limits_StrongIt=0;CPXPARAM_MIP_OrderType=0;CPXPARAM_MIP_Strategy_BBInterval=7;CPXPARAM_MIP_Strategy_Branch=0;CPXPARAM_MIP_Strategy_Dive=0;CPXPARAM_MIP_Strategy_File=1;CPXPARAM_MIP_Strategy_HeuristicFreq=0;CPXPARAM_MIP_Strategy_LBHeur=0;CPXPARAM_MIP_Strategy_NodeSelect=1;CPXPARAM_MIP_Strategy_Order=1;CPXPARAM_MIP_Strategy_PresolveNode=0;CPXPARAM_MIP_Strategy_Probe=0;CPXPARAM_MIP_Strategy_RINSHeur=0;CPXPARAM_MIP_Strategy_StartAlgorithm=0;CPXPARAM_MIP_Strategy_SubAlgorithm=0;CPXPARAM_MIP_Strategy_VariableSelect=0;CPXPARAM_Network_NetFind=2;CPXPARAM_Network_Pricing=0;CPXPARAM_Parallel=1;CPXPARAM_Preprocessing_Aggregator=-1;CPXPARAM_Preprocessing_BoundStrength=-1;CPXPARAM_Preprocessing_CoeffReduce=-1;CPXPARAM_Preprocessing_Dependency=-1;CPXPARAM_Preprocessing_Dual=0;CPXPARAM_Preprocessing_Fill=10;CPXPARAM_Preprocessing_NumPass=-1;CPXPARAM_Preprocessing_Presolve=1;CPXPARAM_Preprocessing_QPMakePSD=1;CPXPARAM_Preprocessing_Reduce=3;CPXPARAM_Preprocessing_Relax=-1;CPXPARAM_Preprocessing_RepeatPresolve=-1;CPXPARAM_Preprocessing_Symmetry=-1;CPXPARAM_Read_Scale=0;CPXPARAM_Sifting_Algorithm=0;CPXPARAM_Simplex_Crash=1;CPXPARAM_Simplex_DGradient=0;CPXPARAM_Simplex_Limits_Perturbation=0;CPXPARAM_Simplex_Limits_Singularity=10;CPXPARAM_Simplex_PGradient=0;CPXPARAM_Simplex_Pricing=0;CPXPARAM_Simplex_Refactor=0
1681893542743655273,0,CPXPARAM_Advance=2;CPXPARAM_Barrier_Algorithm=0;CPXPARAM_Barrier_ColNonzeros=0;CPXPARAM_Barrier_Crossover=0;CPXPARAM_Barrier_Limits_Corrections=-1;CPXPARAM_Barrier_Ordering=0;CPXPARAM_Barrier_StartAlg=1;CPXPARAM_Emphasis_MIP=2;CPXPARAM_Emphasis_Memory=0;CPXPARAM_Emphasis_Numerical=0;CPXPARAM_Feasopt_Mode=0;CPXPARAM_LPMethod=0;CPXPARAM_MIP_Cuts_Cliques=-1;CPXPARAM_MIP_Cuts_Covers=2;CPXPARAM_MIP_Cuts_Disjunctive=1;CPXPARAM_MIP_Cuts_FlowCovers=2;CPXPARAM_MIP_Cuts_GUBCovers=1;CPXPARAM_MIP_Cuts_Gomory=0;CPXPARAM_MIP_Cuts_Implied=-1;CPXPARAM_MIP_Cuts_MIRCut=-1;CPXPARAM_MIP_Cuts_PathCut=-1;CPXPARAM_MIP_Limits_AggForCut=3;CPXPARAM_MIP_Limits_CutPasses=0;CPXPARAM_MIP_Limits_CutsFactor=-1;CPXPARAM_MIP_Limits_GomoryCand=400;CPXPARAM_MIP_Limits_GomoryPass=0;CPXPARAM_MIP_Limits_Nodes=9223372036800000000;CPXPARAM_MIP_Limits_ProbeTime=1e+75;CPXPARAM_MIP_Limits_RepairTries=0;CPXPARAM_MIP_Limits_StrongCand=10;CPXPARAM_MIP_Limits_StrongIt=0;CPXPARAM_MIP_OrderType=0;CPXPARAM_MIP_Strategy_BBInterval=7;CPXPARAM_MIP_Strategy_Branch=0;CPXPARAM_MIP_Strategy_Dive=0;CPXPARAM_MIP_Strategy_File=1;CPXPARAM_MIP_Strategy_HeuristicFreq=0;CPXPARAM_MIP_Strategy_LBHeur=0;CPXPARAM_MIP_Strategy_NodeSelect=1;CPXPARAM_MIP_Strategy_Order=1;CPXPARAM_MIP_Strategy_PresolveNode=0;CPXPARAM_MIP_Strategy_Probe=0;CPXPARAM_MIP_Strategy_RINSHeur=0;CPXPARAM_MIP_Strategy_StartAlgorithm=0;CPXPARAM_MIP_Strategy_SubAlgorithm=0;CPXPARAM_MIP_Strategy_VariableSelect=0;CPXPARAM_Network_NetFind=2;CPXPARAM_Network_Pricing=0;CPXPARAM_Parallel=1;CPXPARAM_Preprocessing_Aggregator=-1;CPXPARAM_Preprocessing_BoundStrength=-1;CPXPARAM_Preprocessing_CoeffReduce=-1;CPXPARAM_Preprocessing_Dependency=-1;CPXPARAM_Preprocessing_Dual=0;CPXPARAM_Preprocessing_Fill=10;CPXPARAM_Preprocessing_NumPass=-1;CPXPARAM_Preprocessing_Presolve=1;CPXPARAM_Preprocessing_QPMakePSD=1;CPXPARAM_Preprocessing_Reduce=3;CPXPARAM_Preprocessing_Relax=-1;CPXPARAM_Preprocessing_RepeatPresolve=-1;CPXPARAM_Preprocessing_Symmetry=-1;CPXPARAM_Read_Scale=0;CPXPARAM_Sifting_Algorithm=0;CPXPARAM_Simplex_Crash=1;CPXPARAM_Simplex_DGradient=0;CPXPARAM_Simplex_Limits_Perturbation=0;CPXPARAM_Simplex_Limits_Singularity=10;CPXPARAM_Simplex_PGradient=0;CPXPARAM_Simplex_Pricing=0;CPXPARAM_Simplex_Refactor=0
16032240169412601884,0,CPXPARAM_Advance=1;CPXPARAM_Barrier_Algorithm=0;CPXPARAM_Barrier_ColNonzeros=0;CPXPARAM_Barrier_Crossover=0;CPXPARAM_Barrier_Limits_Corrections=-1;CPXPARAM_Barrier_Ordering=0;CPXPARAM_Barrier_StartAlg=1;CPXPARAM_Emphasis_MIP=4;CPXPARAM_Emphasis_Memory=0;CPXPARAM_Emphasis_Numerical=0;CPXPARAM_Feasopt_Mode=0;CPXPARAM_LPMethod=0;CPXPARAM_MIP_Cuts_Cliques=0;CPXPARAM_MIP_Cuts_Covers=1;CPXPARAM_MIP_Cuts_Disjunctive=0;CPXPARAM_MIP_Cuts_FlowCovers=2;CPXPARAM_MIP_Cuts_GUBCovers=2;CPXPARAM_MIP_Cuts_Gomory=0;CPXPARAM_MIP_Cuts_Implied=0;CPXPARAM_MIP_Cuts_MIRCut=2;CPXPARAM_MIP_Cuts_PathCut=1;CPXPARAM_MIP_Limits_AggForCut=3;CPXPARAM_MIP_Limits_CutPasses=0;CPXPARAM_MIP_Limits_CutsFactor=-1;CPXPARAM_MIP_Limits_GomoryCand=100;CPXPARAM_MIP_Limits_GomoryPass=0;CPXPARAM_MIP_Limits_Nodes=9223372036800000000;CPXPARAM_MIP_Limits_ProbeTime=1e+75;CPXPARAM_MIP_Limits_RepairTries=0;CPXPARAM_MIP_Limits_StrongCand=10;CPXPARAM_MIP_Limits_StrongIt=0;CPXPARAM_MIP_OrderType=0;CPXPARAM_MIP_Strategy_BBInterval=7;CPXPARAM_MIP_Strategy_Branch=0;CPXPARAM_MIP_Strategy_Dive=0;CPXPARAM_MIP_Strategy_File=1;CPXPARAM_MIP_Strategy_HeuristicFreq=0;CPXPARAM_MIP_Strategy_LBHeur=0;CPXPARAM_MIP_Strategy_NodeSelect=1;CPXPARAM_MIP_Strategy_Order=1;CPXPARAM_MIP_Strategy_PresolveNode=0;CPXPARAM_MIP_Strategy_Probe=0;CPXPARAM_MIP_Strategy_RINSHeur=0;CPXPARAM_MIP_Strategy_StartAlgorithm=0;CPXPARAM_MIP_Strategy_SubAlgorithm=0;CPXPARAM_MIP_Strategy_VariableSelect=0;CPXPARAM_Network_NetFind=2;CPXPARAM_Network_Pricing=0;CPXPARAM_Parallel=1;CPXPARAM_Preprocessing_Aggregator=-1;CPXPARAM_Preprocessing_BoundStrength=-1;CPXPARAM_Preprocessing_CoeffReduce=-1;CPXPARAM_Preprocessing_Dependency=-1;CPXPARAM_Preprocessing_Dual=0;CPXPARAM_Preprocessing_Fill=10;CPXPARAM_Preprocessing_NumPass=-1;CPXPARAM_Preprocessing_Presolve=1;CPXPARAM_Preprocessing_QPMakePSD=1;CPXPARAM_Preprocessing_Reduce=3;CPXPARAM_Preprocessing_Relax=-1;CPXPARAM_Preprocessing_RepeatPresolve=-1;CPXPARAM_Preprocessing_Symmetry=-1;CPXPARAM_Read_Scale=0;CPXPARAM_Sifting_Algorithm=0;CPXPARAM_Simplex_Crash=1;CPXPARAM_Simplex_DGradient=0;CPXPARAM_Simplex_Limits_Perturbation=0;CPXPARAM_Simplex_Limits_Singularity=10;CPXPARAM_Simplex_PGradient=0;CPXPARAM_Simplex_Pricing=0;CPXPARAM_Simplex_Refactor=0
575955643886708977,0,CPXPARAM_Advance=1;CPXPARAM_Barrier_Algorithm=0;CPXPARAM_Barrier_ColNonzeros=0;CPXPARAM_Barrier_Crossover=0;CPXPARAM_Barrier_Limits_Corrections=-1;CPXPARAM_Barrier_Ordering=0;CPXPARAM_Barrier_StartAlg=1;CPXPARAM_Emphasis_MIP=4;CPXPARAM_Emphasis_Memory=0;CPXPARAM_Emphasis_Numerical=0;CPXPARAM_Feasopt_Mode=0;CPXPARAM_LPMethod=0;CPXPARAM_MIP_Cuts_Cliques=1;CPXPARAM_MIP_Cuts_Covers=1;CPXPARAM_MIP_Cuts_Disjunctive=0;CPXPARAM_MIP_Cuts_FlowCovers=-1;CPXPARAM_MIP_Cuts_GUBCovers=2;CPXPARAM_MIP_Cuts_Gomory=0;CPXPARAM_MIP_Cuts_Implied=0;CPXPARAM_MIP_Cuts_MIRCut=2;CPXPARAM_MIP_Cuts_PathCut=1;CPXPARAM_MIP_Limits_AggForCut=3;CPXPARAM_MIP_Limits_CutPasses=0;CPXPARAM_MIP_Limits_CutsFactor=-1;CPXPARAM_MIP_Limits_GomoryCand=150;CPXPARAM_MIP_Limits_GomoryPass=0;CPXPARAM_MIP_Limits_Nodes=9223372036800000000;CPXPARAM_MIP_Limits_ProbeTime=1e+75;CPXPARAM_MIP_Limits_RepairTries=0;CPXPARAM_MIP_Limits_StrongCand=10;CPXPARAM_MIP_Limits_StrongIt=0;CPXPARAM_MIP_OrderType=0;CPXPARAM_MIP_Strategy_BBInterval=7;CPXPARAM_MIP_Strategy_Branch=0;CPXPARAM_MIP_Strategy_Dive=0;CPXPARAM_MIP_Strategy_File=1;CPXPARAM_MIP_Strategy_HeuristicFreq=0;CPXPARAM_MIP_Strategy_LBHeur=0;CPXPARAM_MIP_Strategy_NodeSelect=1;CPXPARAM_MIP_Strategy_Order=1;CPXPARAM_MIP_Strategy_PresolveNode=0;CPXPARAM_MIP_Strategy_Probe=0;CPXPARAM_MIP_Strategy_RINSHeur=0;CPXPARAM_MIP_Strategy_StartAlgorithm=0;CPXPARAM_MIP_Strategy_SubAlgorithm=0;CPXPARAM_MIP_Strategy_VariableSelect=0;CPXPARAM_Network_NetFind=2;CPXPARAM_Network_Pricing=0;CPXPARAM_Parallel=1;CPXPARAM_Preprocessing_Aggregator=-1;CPXPARAM_Preprocessing_BoundStrength=-1;CPXPARAM_Preprocessing_CoeffReduce=-1;CPXPARAM_Preprocessing_Dependency=-1;CPXPARAM_Preprocessing_Dual=0;CPXPARAM_Preprocessing_Fill=10;CPXPARAM_Preprocessing_NumPass=-1;CPXPARAM_Preprocessing_Presolve=1;CPXPARAM_Preprocessing_QPMakePSD=1;CPXPARAM_Preprocessing_Reduce=3;CPXPARAM_Preprocessing_Relax=-1;CPXPARAM_Preprocessing_RepeatPresolve=-1;CPXPARAM_Preprocessing_Symmetry=-1;CPXPARAM_Read_Scale=0;CPXPARAM_Sifting_Algorithm=0;CPXPARAM_Simplex_Crash=1;CPXPARAM_Simplex_DGradient=0;CPXPARAM_Simplex_Limits_Perturbation=0;CPXPARAM_Simplex_Limits_Singularity=10;CPXPARAM_Simplex_PGradient=0;CPXPARAM_Simplex_Pricing=0;CPXPARAM_Simplex_Refactor=0
5388560356384371191,0,CPXPARAM_Advance=1;CPXPARAM_Barrier_Algorithm=0;CPXPARAM_Barrier_ColNonzeros=0;CPXPARAM_Barrier_Crossover=0;CPXPARAM_Barrier_Limits_Corrections=-1;CPXPARAM_Barrier_Ordering=0;CPXPARAM_Barrier_StartAlg=1;CPXPARAM_Emphasis_MIP=4;CPXPARAM_Emphasis_Memory=0;CPXPARAM_Emphasis_Numerical=0;CPXPARAM_Feasopt_Mode=0;CPXPARAM_LPMethod=0;CPXPARAM_MIP_Cuts_Cliques=0;CPXPARAM_MIP_Cuts_Covers=1;CPXPARAM_MIP_Cuts_Disjunctive=0;CPXPARAM_MIP_Cuts_FlowCovers=-1;CPXPARAM_MIP_Cuts_GUBCovers=2;CPXPARAM_MIP_Cuts_Gomory=0;CPXPARAM_MIP_Cuts_Implied=0;CPXPARAM_MIP_Cuts_MIRCut=2;CPXPARAM_MIP_Cuts_PathCut=1;CPXPARAM_MIP_Limits_AggForCut=3;CPXPARAM_MIP_Limits_CutPasses=0;CPXPARAM_MIP_Limits_CutsFactor=-1;CPXPARAM_MIP_Limits_GomoryCand=400;CPXPARAM_MIP_Limits_GomoryPass=0;CPXPARAM_MIP_Limits_Nodes=9223372036800000000;CPXPARAM_MIP_Limits_ProbeTime=1e+75;CPXPARAM_MIP_Limits_RepairTries=0;CPXPARAM_MIP_Limits_StrongCand=10;CPXPARAM_MIP_Limits_StrongIt=0;CPXPARAM_MIP_OrderType=0;CPXPARAM_MIP_Strategy_BBInterval=7;CPXPARAM_MIP_Strategy_Branch=0;CPXPARAM_MIP_Strategy_Dive=0;CPXPARAM_MIP_Strategy_File=1;CPXPARAM_MIP_Strategy_HeuristicFreq=0;CPXPARAM_MIP_Strategy_LBHeur=0;CPXPARAM_MIP_Strategy_NodeSelect=1;CPXPARAM_MIP_Strategy_Order=1;CPXPARAM_MIP_Strategy_PresolveNode=0;CPXPARAM_MIP_Strategy_Probe=0;CPXPARAM_MIP_Strategy_RINSHeur=0;CPXPARAM_MIP_Strategy_StartAlgorithm=0;CPXPARAM_MIP_Strategy_SubAlgorithm=0;CPXPARAM_MIP_Strategy_VariableSelect=0;CPXPARAM_Network_NetFind=2;CPXPARAM_Network_Pricing=0;CPXPARAM_Parallel=1;CPXPARAM_Preprocessing_Aggregator=-1;CPXPARAM_Preprocessing_BoundStrength=-1;CPXPARAM_Preprocessing_CoeffReduce=-1;CPXPARAM_Preprocessing_Dependency=-1;CPXPARAM_Preprocessing_Dual=0;CPXPARAM_Preprocessing_Fill=10;CPXPARAM_Preprocessing_NumPass=-1;CPXPARAM_Preprocessing_Presolve=1;CPXPARAM_Preprocessing_QPMakePSD=1;CPXPARAM_Preprocessing_Reduce=3;CPXPARAM_Preprocessing_Relax=-1;CPXPARAM_Preprocessing_RepeatPresolve=-1;CPXPARAM_Preprocessing_Symmetry=-1;CPXPARAM_Read_Scale=0;CPXPARAM_Sifting_Algorithm=0;CPXPARAM_Simplex_Crash=1;CPXPARAM_Simplex_DGradient=0;CPXPARAM_Simplex_Limits_Perturbation=0;CPXPARAM_Simplex_Limits_Singularity=10;CPXPARAM_Simplex_PGradient=0;CPXPARAM_Simplex_Pricing=0;CPXPARAM_Simplex_Refactor=0
1274687235049930290,0,CPXPARAM_Advance=1;CPXPARAM_Barrier_Algorithm=0;CPXPARAM_Barrier_ColNonzeros=0;CPXPARAM_Barrier_Crossover=0;CPXPARAM_Barrier_Limits_Corrections=-1;CPXPARAM_Barrier_Ordering=0;CPXPARAM_Barrier_StartAlg=1;CPXPARAM_Emphasis_MIP=4;CPXPARAM_Emphasis_Memory=0;CPXPARAM_Emphasis_Numerical=0;CPXPARAM_Feasopt_Mode=0;CPXPARAM_LPMethod=0;CPXPARAM_MIP_Cuts_Cliques=0;CPXPARAM_MIP_Cuts_Covers=-1;CPXPARAM_MIP_Cuts_Disjunctive=0;CPXPARAM_MIP_Cuts_FlowCovers=-1;CPXPARAM_MIP_Cuts_GUBCovers=2;CPXPARAM_MIP_Cuts_Gomory=0;CPXPARAM_MIP_Cuts_Implied=0;CPXPARAM_MIP_Cuts_MIRCut=2;CPXPARAM_MIP_Cuts_PathCut=1;CPXPARAM_MIP_Limits_AggForCut=3;CPXPARAM_MIP_Limits_CutPasses=0;CPXPARAM_MIP_Limits_CutsFactor=-1;CPXPARAM_MIP_Limits_GomoryCand=150;CPXPARAM_MIP_Limits_GomoryPass=0;CPXPARAM_MIP_Limits_Nodes=9223372036800000000;CPXPARAM_MIP_Limits_ProbeTime=1e+75;CPXPARAM_MIP_Limits_RepairTries=0;CPXPARAM_MIP_Limits_StrongCand=10;CPXPARAM_MIP_Limits_StrongIt=0;CPXPARAM_MIP_OrderType=0;CPXPARAM_MIP_Strategy_BBInterval=7;CPXPARAM_MIP_Strategy_Branch=0;CPXPARAM_MIP_Strategy_Dive=0;CPXPARAM_MIP_Strategy_File=1;CPXPARAM_MIP_Strategy_HeuristicFreq=0;CPXPARAM_MIP_Strategy_LBHeur=0;CPXPARAM_MIP_Strategy_NodeSelect=1;CPXPARAM_MIP_Strategy_Order=1;CPXPARAM_MIP_Strategy_PresolveNode=0;CPXPARAM_MIP_Strategy_Probe=0;CPXPARAM_MIP_Strategy_RINSHeur=0;CPXPARAM_MIP_Strategy_StartAlgorithm=0;CPXPARAM_MIP_Strategy_SubAlgorithm=0;CPXPARAM_MIP_Strategy_VariableSelect=0;CPXPARAM_Network_NetFind=2;CPXPARAM_Network_Pricing=0;CPXPARAM_Parallel=1;CPXPARAM_Preprocessing_Aggregator=-1;CPXPARAM_Preprocessing_BoundStrength=-1;CPXPARAM_Preprocessing_CoeffReduce=-1;CPXPARAM_Preprocessing_Dependency=-1;CPXPARAM_Preprocessing_Dual=0;CPXPARAM_Preprocessing_Fill=10;CPXPARAM_Preprocessing_NumPass=-1;CPXPARAM_Preprocessing_Presolve=1;CPXPARAM_Preprocessing_QPMakePSD=1;CPXPARAM_Preprocessing_Reduce=3;CPXPARAM_Preprocessing_Relax=-1;CPXPARAM_Preprocessing_RepeatPresolve=-1;CPXPARAM_Preprocessing_Symmetry=-1;CPXPARAM_Read_Scale=0;CPXPARAM_Sifting_Algorithm=0;CPXPARAM_Simplex_Crash=1;CPXPARAM_Simplex_DGradient=0;CPXPARAM_Simplex_Limits_Perturbation=0;CPXPARAM_Simplex_Limits_Singularity=10;CPXPARAM_Simplex_PGradient=0;CPXPARAM_Simplex_Pricing=0;CPXPARAM_Simplex_Refactor=0
8681938950160170808,0,CPXPARAM_Advance=1;CPXPARAM_Barrier_Algorithm=0;CPXPARAM_Barrier_ColNonzeros=0;CPXPARAM_Barrier_Crossover=0;CPXPARAM_Barrier_Limits_Corrections=-1;CPXPARAM_Barrier_Ordering=0;CPXPARAM_Barrier_StartAlg=1;CPXPARAM_Emphasis_MIP=0;CPXPARAM_Emphasis_Memory=0;CPXPARAM_Emphasis_Numerical=0;CPXPARAM_Feasopt_Mode=0;CPXPARAM_LPMethod=0;CPXPARAM_MIP_Cuts_Cliques=2;CPXPARAM_MIP_Cuts_Covers=1;CPXPARAM_MIP_Cuts_Disjunctive=-1;CPXPARAM_MIP_Cuts_FlowCovers=0;CPXPARAM_MIP_Cuts_GUBCovers=1;CPXPARAM_MIP_Cuts_Gomory=0;CPXPARAM_MIP_Cuts_Implied=2;CPXPARAM_MIP_Cuts_MIRCut=-1;CPXPARAM_MIP_Cuts_PathCut=1;CPXPARAM_MIP_Limits_AggForCut=3;CPXPARAM_MIP_Limits_CutPasses=0;CPXPARAM_MIP_Limits_CutsFactor=-1;CPXPARAM_MIP_Limits_GomoryCand=10;CPXPARAM_MIP_Limits_GomoryPass=0;CPXPARAM_MIP_Limits_Nodes=9223372036800000000;CPXPARAM_MIP_Limits_ProbeTime=1e+75;CPXPARAM_MIP_Limits_RepairTries=0;CPXPARAM_MIP_Limits_StrongCand=10;CPXPARAM_MIP_Limits_StrongIt=0;CPXPARAM_MIP_OrderType=0;CPXPARAM_MIP_Strategy_BBInterval=7;CPXPARAM_MIP_Strategy_Branch=-1;CPXPARAM_MIP_Strategy_Dive=0;CPXPARAM_MIP_Strategy_File=1;CPXPARAM_MIP_Strategy_HeuristicFreq=0;CPXPARAM_MIP_Strategy_LBHeur=0;CPXPARAM_MIP_Strategy_NodeSelect=3;CPXPARAM_MIP_Strategy_Order=1;CPXPARAM_MIP_Strategy_PresolveNode=2;CPXPARAM_MIP_Strategy_Probe=0;CPXPARAM_MIP_Strategy_RINSHeur=0;CPXPARAM_MIP_Strategy_StartAlgorithm=0;CPXPARAM_MIP_Strategy_SubAlgorithm=0;CPXPARAM_MIP_Strategy_VariableSelect=1;CPXPARAM_Network_NetFind=2;CPXPARAM_Network_Pricing=0;CPXPARAM_Parallel=1;CPXPARAM_Preprocessing_Aggregator=-1;CPXPARAM_Preprocessing_BoundStrength=-1;CPXPARAM_Preprocessing_CoeffReduce=-1;CPXPARAM_Preprocessing_Dependency=-1;CPXPARAM_Preprocessing_Dual=0;CPXPARAM_Preprocessing_Fill=10;CPXPARAM_Preprocessing_NumPass=-1;CPXPARAM_Preprocessing_Presolve=1;CPXPARAM_Preprocessing_QPMakePSD=1;CPXPARAM_Preprocessing_Reduce=3;CPXPARAM_Preprocessing_Relax=-1;CPXPARAM_Preprocessing_RepeatPresolve=-1;CPXPARAM_Preprocessing_Symmetry=-1;CPXPARAM_Read_Scale=0;CPXPARAM_Sifting_Algorithm=0;CPXPARAM_Simplex_Crash=1;CPXPARAM_Simplex_DGradient=0;CPXPARAM_Simplex_Limits_Perturbation=0;CPXPARAM_Simplex_Limits_Singularity=10;CPXPARAM_Simplex_PGradient=0;CPXPARAM_Simplex_Pricing=0;CPXPARAM_Simplex_Refactor=0
14397550853692338131,0,CPXPARAM_Advance=1;CPXPARAM_Barrier_Algorithm=0;CPXPARAM_Barrier_ColNonzeros=0;CPXPARAM_Barrier_Crossover=0;CPXPARAM_Barrier_Limits_Corrections=-1;CPXPARAM_Barrier_Ordering=0;CPXPARAM_Barrier_StartAlg=1;CPXPARAM_Emphasis_MIP=3;CPXPARAM_Emphasis_Memory=0;CPXPARAM_Emphasis_Numerical=0;CPXPARAM_Feasopt_Mode=0;CPXPARAM_LPMethod=0;CPXPARAM_MIP_Cuts_Cliques=3;CPXPARAM_MIP_Cuts_Covers=0;CPXPARAM_MIP_Cuts_Disjunctive=0;CPXPARAM_MIP_Cuts_FlowCovers=-1;CPXPARAM_MIP_Cuts_GUBCovers=1;CPXPARAM_MIP_Cuts_Gomory=2;CPXPARAM_MIP_Cuts_Implied=-1;CPXPARAM_MIP_Cuts_MIRCut=0;CPXPARAM_MIP_Cuts_PathCut=-1;CPXPARAM_MIP_Limits_AggForCut=3;CPXPARAM_MIP_Limits_CutPasses=0;CPXPARAM_MIP_Limits_CutsFactor=-1;CPXPARAM_MIP_Limits_GomoryCand=200;CPXPARAM_MIP_Limits_GomoryPass=0;CPXPARAM_MIP_Limits_Nodes=9223372036800000000;CPXPARAM_MIP_Limits_ProbeTime=1e+75;CPXPARAM_MIP_Limits_RepairTries=0;CPXPARAM_MIP_Limits_StrongCand=10;CPXPARAM_MIP_Limits_StrongIt=0;CPXPARAM_MIP_OrderType=0;CPXPARAM_MIP_Strategy_BBInterval=7;CPXPARAM_MIP_Strategy_Branch=0;CPXPARAM_MIP_Strategy_Dive=0;CPXPARAM_MIP_Strategy_File=1;CPXPARAM_MIP_Strategy_HeuristicFreq=0;CPXPARAM_MIP_Strategy_LBHeur=0;CPXPARAM_MIP_Strategy_NodeSelect=1;CPXPARAM_MIP_Strategy_Order=1;CPXPARAM_MIP_Strategy_PresolveNode=0;CPXPARAM_MIP_Strategy_Probe=0;CPXPARAM_MIP_Strategy_RINSHeur=0;CPXPARAM_MIP_Strategy_StartAlgorithm=0;CPXPARAM_MIP_Strategy_SubAlgorithm=0;CPXPARAM_MIP_Strategy_VariableSelect=0;CPXPARAM_Network_NetFind=2;CPXPARAM_Network_Pricing=0;CPXPARAM_Parallel=1;CPXPARAM_Preprocessing_Aggregator=-1;CPXPARAM_Preprocessing_BoundStrength=-1;CPXPARAM_Preprocessing_CoeffReduce=-1;CPXPARAM_Preprocessing_Dependency=-1;CPXPARAM_Preprocessing_Dual=0;CPXPARAM_Preprocessing_Fill=10;CPXPARAM_Preprocessing_NumPass=-1;CPXPARAM_Preprocessing_Presolve=1;CPXPARAM_Preprocessing_QPMakePSD=1;CPXPARAM_Preprocessing_Reduce=3;CPXPARAM_Preprocessing_Relax=-1;CPXPARAM_Preprocessing_RepeatPresolve=-1;CPXPARAM_Preprocessing_Symmetry=-1;CPXPARAM_Read_Scale=0;CPXPARAM_Sifting_Algorithm=0;CPXPARAM_Simplex_Crash=1;CPXPARAM_Simplex_DGradient=0;CPXPARAM_Simplex_Limits_Perturbation=0;CPXPARAM_Simplex_Limits_Singularity=10;CPXPARAM_Simplex_PGradient=0;CPXPARAM_Simplex_Pricing=0;CPXPARAM_Simplex_Refactor=0
89327503944796021,0,CPXPARAM_Advance=1;CPXPARAM_Barrier_Algorithm=0;CPXPARAM_Barrier_ColNonzeros=0;CPXPARAM_Barrier_Crossover=0;CPXPARAM_Barrier_Limits_Corrections=-1;CPXPARAM_Barrier_Ordering=0;CPXPARAM_Barrier_StartAlg=1;CPXPARAM_Emphasis_MIP=0;CPXPARAM_Emphasis_Memory=0;CPXPARAM_Emphasis_Numerical=0;CPXPARAM_Feasopt_Mode=0;CPXPARAM_LPMethod=0;CPXPARAM_MIP_Cuts_Cliques=1;CPXPARAM_MIP_Cuts_Covers=-1;CPXPARAM_MIP_Cuts_Disjunctive=-1;CPXPARAM_MIP_Cuts_FlowCovers=-1;CPXPARAM_MIP_Cuts_GUBCovers=0;CPXPARAM_MIP_Cuts_Gomory=2;CPXPARAM_MIP_Cuts_Implied=0;CPXPARAM_MIP_Cuts_MIRCut=1;CPXPARAM_MIP_Cuts_PathCut=1;CPXPARAM_MIP_Limits_AggForCut=3;CPXPARAM_MIP_Limits_CutPasses=0;CPXPARAM_MIP_Limits_CutsFactor=-1;CPXPARAM_MIP_Limits_GomoryCand=200;CPXPARAM_MIP_Limits_GomoryPass=0;CPXPARAM_MIP_Limits_Nodes=9223372036800000000;CPXPARAM_MIP_Limits_ProbeTime=1e+75;CPXPARAM_MIP_Limits_RepairTries=0;CPXPARAM_MIP_Limits_StrongCand=10;CPXPARAM_MIP_Limits_StrongIt=0;CPXPARAM_MIP_OrderType=0;CPXPARAM_MIP_Strategy_BBInterval=7;CPXPARAM_MIP_Strategy_Branch=-1;CPXPARAM_MIP_Strategy_Dive=0;CPXPARAM_MIP_Strategy_File=1;CPXPARAM_MIP_Strategy_HeuristicFreq=0;CPXPARAM_MIP_Strategy_LBHeur=0;CPXPARAM_MIP_Strategy_NodeSelect=0;CPXPARAM_MIP_Strategy_Order=1;CPXPARAM_MIP_Strategy_PresolveNode=-1;CPXPARAM_MIP_Strategy_Probe=-1;CPXPARAM_MIP_Strategy_RINSHeur=0;CPXPARAM_MIP_Strategy_StartAlgorithm=0;CPXPARAM_MIP_Strategy_SubAlgorithm=0;CPXPARAM_MIP_Strategy_VariableSelect=-1;CPXPARAM_Network_NetFind=2;CPXPARAM_Network_Pricing=0;CPXPARAM_Parallel=1;CPXPARAM_Preprocessing_Aggregator=-1;CPXPARAM_Preprocessing_BoundStrength=-1;CPXPARAM_Preprocessing_CoeffReduce=-1;CPXPARAM_Preprocessing_Dependency=-1;CPXPARAM_Preprocessing_Dual=0;CPXPARAM_Preprocessing_Fill=10;CPXPARAM_Preprocessing_NumPass=-1;CPXPARAM_Preprocessing_Presolve=1;CPXPARAM_Preprocessing_QPMakePSD=1;CPXPARAM_Preprocessing_Reduce=3;CPXPARAM_Preprocessing_Relax=-1;CPXPARAM_Preprocessing_RepeatPresolve=-1;CPXPARAM_Preprocessing_Symmetry=-1;CPXPARAM_Read_Scale=0;CPXPARAM_Sifting_Algorithm=0;CPXPARAM_Simplex_Crash=1;CPXPARAM_Simplex_DGradient=0;CPXPARAM_Simplex_Limits_Perturbation=0;CPXPARAM_Simplex_Limits_Singularity=10;CPXPARAM_Simplex_PGradient=0;CPXPARAM_Simplex_Pricing=0;CPXPARAM_Simplex_Refactor=0
2741481282255174170,0,CPXPARAM_Advance=1;CPXPARAM_Barrier_Algorithm=0;CPXPARAM_Barrier_ColNonzeros=0;CPXPARAM_Barrier_Crossover=0;CPXPARAM_Barrier_Limits_Corrections=-1;CPXPARAM_Barrier_Ordering=0;CPXPARAM_Barrier_StartAlg=1;CPXPARAM_Emphasis_MIP=0;CPXPARAM_Emphasis_Memory=0;CPXPARAM_Emphasis_Numerical=0;CPXPARAM_Feasopt_Mode=0;CPXPARAM_LPMethod=0;CPXPARAM_MIP_Cuts_Cliques=1;CPXPARAM_MIP_Cuts_Covers=-1;CPXPARAM_MIP_Cuts_Disjunctive=0;CPXPARAM_MIP_Cuts_FlowCovers=-1;CPXPARAM_MIP_Cuts_GUBCovers=0;CPXPARAM_MIP_Cuts_Gomory=2;CPXPARAM_MIP_Cuts_Implied=0;CPXPARAM_MIP_Cuts_MIRCut=1;CPXPARAM_MIP_Cuts_PathCut=1;CPXPARAM_MIP_Limits_AggForCut=3;CPXPARAM_MIP_Limits_CutPasses=0;CPXPARAM_MIP_Limits_CutsFactor=-1;CPXPARAM_MIP_Limits_GomoryCand=200;CPXPARAM_MIP_Limits_GomoryPass=0;CPXPARAM_MIP_Limits_Nodes=9223372036800000000;CPXPARAM_MIP_Limits_ProbeTime=1e+75;CPXPARAM_MIP_Limits_RepairTries=0;CPXPARAM_MIP_Limits_StrongCand=10;CPXPARAM_MIP_Limits_StrongIt=0;CPXPARAM_MIP_OrderType=0;CPXPARAM_MIP_Strategy_BBInterval=7;CPXPARAM_MIP_Strategy_Branch=-1;CPXPARAM_MIP_Strategy_Dive=0;CPXPARAM_MIP_Strategy_File=1;CPXPARAM_MIP_Strategy_HeuristicFreq=0;CPXPARAM_MIP_Strategy_LBHeur=0;CPXPARAM_MIP_Strategy_NodeSelect=0;CPXPARAM_MIP_Strategy_Order=1;CPXPARAM_MIP_Strategy_PresolveNode=-1;CPXPARAM_MIP_Strategy_Probe=-1;CPXPARAM_MIP_Strategy_RINSHeur=0;CPXPARAM_MIP_Strategy_StartAlgorithm=0;CPXPARAM_MIP_Strategy_SubAlgorithm=0;CPXPARAM_MIP_Strategy_VariableSelect=-1;CPXPARAM_Network_NetFind=2;CPXPARAM_Network_Pricing=0;CPXPARAM_Parallel=1;CPXPARAM_Preprocessing_Aggregator=-1;CPXPARAM_Preprocessing_BoundStrength=-1;CPXPARAM_Preprocessing_CoeffReduce=-1;CPXPARAM_Preprocessing_Dependency=-1;CPXPARAM_Preprocessing_Dual=0;CPXPARAM_Preprocessing_Fill=10;CPXPARAM_Preprocessing_NumPass=-1;CPXPARAM_Preprocessing_Presolve=1;CPXPARAM_Preprocessing_QPMakePSD=1;CPXPARAM_Preprocessing_Reduce=3;CPXPARAM_Preprocessing_Relax=-1;CPXPARAM_Preprocessing_RepeatPresolve=-1;CPXPARAM_Preprocessing_Symmetry=-1;CPXPARAM_Read_Scale=0;CPXPARAM_Sifting_Algorithm=0;CPXPARAM_Simplex_Crash=1;CPXPARAM_Simplex_DGradient=0;CPXPARAM_Simplex_Limits_Perturbation=0;CPXPARAM_Simplex_Limits_Singularity=10;CPXPARAM_Simplex_PGradient=0;CPXPARAM_Simplex_Pricing=0;CPXPARAM_Simplex_Refactor=0
15279999655403102017,0,CPXPARAM_Advance=1;CPXPARAM_Barrier_Algorithm=0;CPXPARAM_Barrier_ColNonzeros=0;CPXPARAM_Barrier_Crossover=0;CPXPARAM_Barrier_Limits_Corrections=-1;CPXPARAM_Barrier_Ordering=0;CPXPARAM_Barrier_StartAlg=1;CPXPARAM_Emphasis_MIP=2;CPXPARAM_Emphasis_Memory=0;CPXPARAM_Emphasis_Numerical=0;CPXPARAM_Feasopt_Mode=0;CPXPARAM_LPMethod=0;CPXPARAM_MIP_Cuts_Cliques=-1;CPXPARAM_MIP_Cuts_Covers=2;CPXPARAM_MIP_Cuts_Disjunctive=1;CPXPARAM_MIP_Cuts_FlowCovers=2;CPXPARAM_MIP_Cuts_GUBCovers=1;CPXPARAM_MIP_Cuts_Gomory=0;CPXPARAM_MIP_Cuts_Implied=-1;CPXPARAM_MIP_Cuts_MIRCut=-1;CPXPARAM_MIP_Cuts_PathCut=-1;CPXPARAM_MIP_Limits_AggForCut=3;CPXPARAM_MIP_Limits_CutPasses=0;CPXPARAM_MIP_Limits_CutsFactor=-1;CPXPARAM_MIP_Limits_GomoryCand=400;CPXPARAM_MIP_Limits_GomoryPass=0;CPXPARAM_MIP_Limits_Nodes=9223372036800000000;CPXPARAM_MIP_Limits_ProbeTime=1e+75;CPXPARAM_MIP_Limits_RepairTries=0;CPXPARAM_MIP_Limits_StrongCand=10;CPXPARAM_MIP_Limits_StrongIt=0;CPXPARAM_MIP_OrderType=1;CPXPARAM_MIP_Strategy_BBInterval=7;CPXPARAM_MIP_Strategy_Branch=0;CPXPARAM_MIP_Strategy_Dive=0;CPXPARAM_MIP_Strategy_File=1;CPXPARAM_MIP_Strategy_HeuristicFreq=0;CPXPARAM_MIP_Strategy_LBHeur=0;CPXPARAM_MIP_Strategy_NodeSelect=1;CPXPARAM_MIP_Strategy_Order=1;CPXPARAM_MIP_Strategy_PresolveNode=0;CPXPARAM_MIP_Strategy_Probe=0;CPXPARAM_MIP_Strategy_RINSHeur=0;CPXPARAM_MIP_Strategy_StartAlgorithm=0;CPXPARAM_MIP_Strategy_SubAlgorithm=0;CPXPARAM_MIP_Strategy_VariableSelect=0;CPXPARAM_Network_NetFind=2;CPXPARAM_Network_Pricing=0;CPXPARAM_Parallel=1;CPXPARAM_Preprocessing_Aggregator=-1;CPXPARAM_Preprocessing_BoundStrength=-1;CPXPARAM_Preprocessing_CoeffReduce=-1;CPXPARAM_Preprocessing_Dependency=-1;CPXPARAM_Preprocessing_Dual=0;CPXPARAM_Preprocessing_Fill=10;CPXPARAM_Preprocessing_NumPass=-1;CPXPARAM_Preprocessing_Presolve=1;CPXPARAM_Preprocessing_QPMakePSD=1;CPXPARAM_Preprocessing_Reduce=3;CPXPARAM_Preprocessing_Relax=-1;CPXPARAM_Preprocessing_RepeatPresolve=-1;CPXPARAM_Preprocessing_Symmetry=-1;CPXPARAM_Read_Scale=0;CPXPARAM_Sifting_Algorithm=0;CPXPARAM_Simplex_Crash=1;CPXPARAM_Simplex_DGradient=0;CPXPARAM_Simplex_Limits_Perturbation=0;CPXPARAM_Simplex_Limits_Singularity=10;CPXPARAM_Simplex_PGradient=0;CPXPARAM_Simplex_Pricing=0;CPXPARAM_Simplex_Refactor=0
841363119148698859,0,CPXPARAM_Advance=1;CPXPARAM_Barrier_Algorithm=0;CPXPARAM_Barrier_ColNonzeros=0;CPXPARAM_Barrier_Crossover=0;CPXPARAM_Barrier_Limits_Corrections=-1;CPXPARAM_Barrier_Ordering=0;CPXPARAM_Barrier_StartAlg=1;CPXPARAM_Emphasis_MIP=0;CPXPARAM_Emphasis_Memory=0;CPXPARAM_Emphasis_Numerical=0;CPXPARAM_Feasopt_Mode=0;CPXPARAM_LPMethod=0;CPXPARAM_MIP_Cuts_Cliques=1;CPXPARAM_MIP_Cuts_Covers=-1;CPXPARAM_MIP_Cuts_Disjunctive=-1;CPXPARAM_MIP_Cuts_FlowCovers=-1;CPXPARAM_MIP_Cuts_GUBCovers=0;CPXPARAM_MIP_Cuts_Gomory=2;CPXPARAM_MIP_Cuts_Implied=0;CPXPARAM_MIP_Cuts_MIRCut=1;CPXPARAM_MIP_Cuts_PathCut=1;CPXPARAM_MIP_Limits_AggForCut=3;CPXPARAM_MIP_Limits_CutPasses=0;CPXPARAM_MIP_Limits_CutsFactor=-1;CPXPARAM_MIP_Limits_GomoryCand=200;CPXPARAM_MIP_Limits_GomoryPass=0;CPXPARAM_MIP_Limits_Nodes=9223372036800000000;CPXPARAM_MIP_Limits_ProbeTime=1e+75;CPXPARAM_MIP_Limits_RepairTries=0;CPXPARAM_MIP_Limits_StrongCand=10;CPXPARAM_MIP_Limits_StrongIt=0;CPXPARAM_MIP_OrderType=0;CPXPARAM_MIP_Strategy_BBInterval=7;CPXPARAM_MIP_Strategy_Branch=-1;CPXPARAM_MIP_Strategy_Dive=0;CPXPARAM_MIP_Strategy_File=1;CPXPARAM_MIP_Strategy_HeuristicFreq=0;CPXPARAM_MIP_Strategy_LBHeur=0;CPXPARAM_MIP_Strategy_NodeSelect=0;CPXPARAM_MIP_Strategy_Order=1;CPXPARAM_MIP_Strategy_PresolveNode=3;CPXPARAM_MIP_Strategy_Probe=-1;CPXPARAM_MIP_Strategy_RINSHeur=0;CPXPARAM_MIP_Strategy_StartAlgorithm=0;CPXPARAM_MIP_Strategy_SubAlgorithm=0;CPXPARAM_MIP_Strategy_VariableSelect=-1;CPXPARAM_Network_NetFind=2;CPXPARAM_Network_Pricing=0;CPXPARAM_Parallel=1;CPXPARAM_Preprocessing_Aggregator=-1;CPXPARAM_Preprocessing_BoundStrength=-1;CPXPARAM_Preprocessing_CoeffReduce=-1;CPXPARAM_Preprocessing_Dependency=-1;CPXPARAM_Preprocessing_Dual=0;CPXPARAM_Preprocessing_Fill=10;CPXPARAM_Preprocessing_NumPass=-1;CPXPARAM_Preprocessing_Presolve=1;CPXPARAM_Preprocessing_QPMakePSD=1;CPXPARAM_Preprocessing_Reduce=3;CPXPARAM_Preprocessing_Relax=-1;CPXPARAM_Preprocessing_RepeatPresolve=-1;CPXPARAM_Preprocessing_Symmetry=-1;CPXPARAM_Read_Scale=0;CPXPARAM_Sifting_Algorithm=0;CPXPARAM_Simplex_Crash=1;CPXPARAM_Simplex_DGradient=0;CPXPARAM_Simplex_Limits_Perturbation=0;CPXPARAM_Simplex_Limits_Singularity=10;CPXPARAM_Simplex_PGradient=0;CPXPARAM_Simplex_Pricing=0;CPXPARAM_Simplex_Refactor=0
15908562199657813598,0,CPXPARAM_Advance=1;CPXPARAM_Barrier_Algorithm=0;CPXPARAM_Barrier_ColNonzeros=0;CPXPARAM_Barrier_Crossover=0;CPXPARAM_Barrier_Limits_Corrections=-1;CPXPARAM_Barrier_Ordering=0;CPXPARAM_Barrier_StartAlg=1;CPXPARAM_Emphasis_MIP=1;CPXPARAM_Emphasis_Memory=0;CPXPARAM_Emphasis_Numerical=0;CPXPARAM_Feasopt_Mode=0;CPXPARAM_LPMethod=0;CPXPARAM_MIP_Cuts_Cliques=1;CPXPARAM_MIP_Cuts_Covers=-1;CPXPARAM_MIP_Cuts_Disjunctive=1;CPXPARAM_MIP_Cuts_FlowCovers=2;CPXPARAM_MIP_Cuts_GUBCovers=2;CPXPARAM_MIP_Cuts_Gomory=1;CPXPARAM_MIP_Cuts_Implied=-1;CPXPARAM_MIP_Cuts_MIRCut=0;CPXPARAM_MIP_Cuts_PathCut=0;CPXPARAM_MIP_Limits_AggForCut=3;CPXPARAM_MIP_Limits_CutPasses=0;CPXPARAM_MIP_Limits_CutsFactor=-1;CPXPARAM_MIP_Limits_GomoryCand=400;CPXPARAM_MIP_Limits_GomoryPass=0;CPXPARAM_MIP_Limits_Nodes=9223372036800000000;CPXPARAM_MIP_Limits_ProbeTime=1e+75;CPXPARAM_MIP_Limits_RepairTries=0;CPXPARAM_MIP_Limits_StrongCand=10;CPXPARAM_MIP_Limits_StrongIt=0;CPXPARAM_MIP_OrderType=0;CPXPARAM_MIP_Strategy_BBInterval=7;CPXPARAM_MIP_Strategy_Branch=-1;CPXPARAM_MIP_Strategy_Dive=0;CPXPARAM_MIP_Strategy_File=1;CPXPARAM_MIP_Strategy_HeuristicFreq=0;CPXPARAM_MIP_Strategy_LBHeur=0;CPXPARAM_MIP_Strategy_NodeSelect=2;CPXPARAM_MIP_Strategy_Order=1;CPXPARAM_MIP_Strategy_PresolveNode=2;CPXPARAM_MIP_Strategy_Probe=2;CPXPARAM_MIP_Strategy_RINSHeur=0;CPXPARAM_MIP_Strategy_StartAlgorithm=0;CPXPARAM_MIP_Strategy_SubAlgorithm=3;CPXPARAM_MIP_Strategy_VariableSelect=0;CPXPARAM_Network_NetFind=2;CPXPARAM_Network_Pricing=0;CPXPARAM_Parallel=1;CPXPARAM_Preprocessing_Aggregator=-1;CPXPARAM_Preprocessing_BoundStrength=-1;CPXPARAM_Preprocessing_CoeffReduce=-1;CPXPARAM_Preprocessing_Dependency=-1;CPXPARAM_Preprocessing_Dual=0;CPXPARAM_Preprocessing_Fill=10;CPXPARAM_Preprocessing_NumPass=-1;CPXPARAM_Preprocessing_Presolve=1;CPXPARAM_Preprocessing_QPMakePSD=1;CPXPARAM_Preprocessing_Reduce=3;CPXPARAM_Preprocessing_Relax=-1;CPXPARAM_Preprocessing_RepeatPresolve=-1;CPXPARAM_Preprocessing_Symmetry=-1;CPXPARAM_Read_Scale=0;CPXPARAM_Sifting_Algorithm=0;CPXPARAM_Simplex_Crash=1;CPXPARAM_Simplex_DGradient=0;CPXPARAM_Simplex_Limits_Perturbation=0;CPXPARAM_Simplex_Limits_Singularity=10;CPXPARAM_Simplex_PGradient=0;CPXPARAM_Simplex_Pricing=0;CPXPARAM_Simplex_Refactor=0
3010132980966194206,0,CPXPARAM_Advance=1;CPXPARAM_Barrier_Algorithm=0;CPXPARAM_Barrier_ColNonzeros=0;CPXPARAM_Barrier_Crossover=0;CPXPARAM_Barrier_Limits_Corrections=-1;CPXPARAM_Barrier_Ordering=0;CPXPARAM_Barrier_StartAlg=1;CPXPARAM_Emphasis_MIP=0;CPXPARAM_Emphasis_Memory=0;CPXPARAM_Emphasis_Numerical=0;CPXPARAM_Feasopt_Mode=0;CPXPARAM_LPMethod=0;CPXPARAM_MIP_Cuts_Cliques=1;CPXPARAM_MIP_Cuts_Covers=-1;CPXPARAM_MIP_Cuts_Disjunctive=-1;CPXPARAM_MIP_Cuts_FlowCovers=-1;CPXPARAM_MIP_Cuts_GUBCovers=0;CPXPARAM_MIP_Cuts_Gomory=2;CPXPARAM_MIP_Cuts_Implied=0;CPXPARAM_MIP_Cuts_MIRCut=1;CPXPARAM_MIP_Cuts_PathCut=1;CPXPARAM_MIP_Limits_AggForCut=3;CPXPARAM_MIP_Limits_CutPasses=0;CPXPARAM_MIP_Limits_CutsFactor=-1;CPXPARAM_MIP_Limits_GomoryCand=200;CPXPARAM_MIP_Limits_GomoryPass=0;CPXPARAM_MIP_Limits_Nodes=9223372036800000000;CPXPARAM_MIP_Limits_ProbeTime=1e+75;CPXPARAM_MIP_Limits_RepairTries=0;CPXPARAM_MIP_Limits_StrongCand=10;CPXPARAM_MIP_Limits_StrongIt=0;CPXPARAM_MIP_OrderType=0;CPXPARAM_MIP_Strategy_BBInterval=7;CPXPARAM_MIP_Strategy_Branch=-1;CPXPARAM_MIP_Strategy_Dive=0;CPXPARAM_MIP_Strategy_File=1;CPXPARAM_MIP_Strategy_HeuristicFreq=0;CPXPARAM_MIP_Strategy_LBHeur=0;CPXPARAM_MIP_Strategy_NodeSelect=0;CPXPARAM_MIP_Strategy_Order=1;CPXPARAM_MIP_Strategy_PresolveNode=-1;CPXPARAM_MIP_Strategy_Probe=3;CPXPARAM_MIP_Strategy_RINSHeur=0;CPXPARAM_MIP_Strategy_StartAlgorithm=0;CPXPARAM_MIP_Strategy_SubAlgorithm=0;CPXPARAM_MIP_Strategy_VariableSelect=-1;CPXPARAM_Network_NetFind=2;CPXPARAM_Network_Pricing=0;CPXPARAM_Parallel=1;CPXPARAM_Preprocessing_Aggregator=-1;CPXPARAM_Preprocessing_BoundStrength=-1;CPXPARAM_Preprocessing_CoeffReduce=-1;CPXPARAM_Preprocessing_Dependency=-1;CPXPARAM_Preprocessing_Dual=0;CPXPARAM_Preprocessing_Fill=10;CPXPARAM_Preprocessing_NumPass=-1;CPXPARAM_Preprocessing_Presolve=1;CPXPARAM_Preprocessing_QPMakePSD=1;CPXPARAM_Preprocessing_Reduce=3;CPXPARAM_Preprocessing_Relax=-1;CPXPARAM_Preprocessing_RepeatPresolve=-1;CPXPARAM_Preprocessing_Symmetry=-1;CPXPARAM_Read_Scale=0;CPXPARAM_Sifting_Algorithm=0;CPXPARAM_Simplex_Crash=1;CPXPARAM_Simplex_DGradient=0;CPXPARAM_Simplex_Limits_Perturbation=0;CPXPARAM_Simplex_Limits_Singularity=10;CPXPARAM_Simplex_PGradient=0;CPXPARAM_Simplex_Pricing=0;CPXPARAM_Simplex_Refactor=0
11444282533530350694,0,CPXPARAM_Advance=1;CPXPARAM_Barrier_Algorithm=0;CPXPARAM_Barrier_ColNonzeros=0;CPXPARAM_Barrier_Crossover=0;CPXPARAM_Barrier_Limits_Corrections=-1;CPXPARAM_Barrier_Ordering=0;CPXPARAM_Barrier_StartAlg=1;CPXPARAM_Emphasis_MIP=0;CPXPARAM_Emphasis_Memory=0;CPXPARAM_Emphasis_Numerical=0;CPXPARAM_Feasopt_Mode=0;CPXPARAM_LPMethod=0;CPXPARAM_MIP_Cuts_Cliques=1;CPXPARAM_MIP_Cuts_Covers=-1;CPXPARAM_MIP_Cuts_Disjunctive=-1;CPXPARAM_MIP_Cuts_FlowCovers=-1;CPXPARAM_MIP_Cuts_GUBCovers=0;CPXPARAM_MIP_Cuts_Gomory=2;CPXPARAM_MIP_Cuts_Implied=0;CPXPARAM_MIP_Cuts_MIRCut=2;CPXPARAM_MIP_Cuts_PathCut=1;CPXPARAM_MIP_Limits_AggForCut=3;CPXPARAM_MIP_Limits_CutPasses=0;CPXPARAM_MIP_Limits_CutsFactor=-1;CPXPARAM_MIP_Limits_GomoryCand=200;CPXPARAM_MIP_Limits_GomoryPass=0;CPXPARAM_MIP_Limits_Nodes=9223372036800000000;CPXPARAM_MIP_Limits_ProbeTime=1e+75;CPXPARAM_MIP_Limits_RepairTries=0;CPXPARAM_MIP_Limits_StrongCand=10;CPXPARAM_MIP_Limits_StrongIt=0;CPXPARAM_MIP_OrderType=0;CPXPARAM_MIP_Strategy_BBInterval=7;CPXPARAM_MIP_Strategy_Branch=-1;CPXPARAM_MIP_Strategy_Dive=0;CPXPARAM_MIP_Strategy_File=1;CPXPARAM_MIP_Strategy_HeuristicFreq=0;CPXPARAM_MIP_Strategy_LBHeur=0;CPXPARAM_MIP_Strategy_NodeSelect=0;CPXPARAM_MIP_Strategy_Order=1;CPXPARAM_MIP_Strategy_PresolveNode=-1;CPXPARAM_MIP_Strategy_Probe=-1;CPXPARAM_MIP_Strategy_RINSHeur=0;CPXPARAM_MIP_Strategy_StartAlgorithm=0;CPXPARAM_MIP_Strategy_SubAlgorithm=0;CPXPARAM_MIP_Strategy_VariableSelect=-1;CPXPARAM_Network_NetFind=2;CPXPARAM_Network_Pricing=0;CPXPARAM_Parallel=1;CPXPARAM_Preprocessing_Aggregator=-1;CPXPARAM_Preprocessing_BoundStrength=-1;CPXPARAM_Preprocessing_CoeffReduce=-1;CPXPARAM_Preprocessing_Dependency=-1;CPXPARAM_Preprocessing_Dual=0;CPXPARAM_Preprocessing_Fill=10;CPXPARAM_Preprocessing_NumPass=-1;CPXPARAM_Preprocessing_Presolve=1;CPXPARAM_Preprocessing_QPMakePSD=1;CPXPARAM_Preprocessing_Reduce=3;CPXPARAM_Preprocessing_Relax=-1;CPXPARAM_Preprocessing_RepeatPresolve=-1;CPXPARAM_Preprocessing_Symmetry=-1;CPXPARAM_Read_Scale=0;CPXPARAM_Sifting_Algorithm=0;CPXPARAM_Simplex_Crash=1;CPXPARAM_Simplex_DGradient=0;CPXPARAM_Simplex_Limits_Perturbation=0;CPXPARAM_Simplex_Limits_Singularity=10;CPXPARAM_Simplex_PGradient=0;CPXPARAM_Simplex_Pricing=0;CPXPARAM_Simplex_Refactor=0
11320176813535088036,0,CPXPARAM_Advance=1;CPXPARAM_Barrier_Algorithm=0;CPXPARAM_Barrier_ColNonzeros=0;CPXPARAM_Barrier_Crossover=0;CPXPARAM_Barrier_Limits_Corrections=-1;CPXPARAM_Barrier_Ordering=0;CPXPARAM_Barrier_StartAlg=1;CPXPARAM_Emphasis_MIP=5;CPXPARAM_Emphasis_Memory=0;CPXPARAM_Emphasis_Numerical=0;CPXPARAM_Feasopt_Mode=0;CPXPARAM_LPMethod=0;CPXPARAM_MIP_Cuts_Cliques=-1;CPXPARAM_MIP_Cuts_Covers=3;CPXPARAM_MIP_Cuts_Disjunctive=1;CPXPARAM_MIP_Cuts_FlowCovers=2;CPXPARAM_MIP_Cuts_GUBCovers=2;CPXPARAM_MIP_Cuts_Gomory=0;CPXPARAM_MIP_Cuts_Implied=2;CPXPARAM_MIP_Cuts_MIRCut=1;CPXPARAM_MIP_Cuts_PathCut=-1;CPXPARAM_MIP_Limits_AggForCut=3;CPXPARAM_MIP_Limits_CutPasses=0;CPXPARAM_MIP_Limits_CutsFactor=-1;CPXPARAM_MIP_Limits_GomoryCand=10;CPXPARAM_MIP_Limits_GomoryPass=0;CPXPARAM_MIP_Limits_Nodes=9223372036800000000;CPXPARAM_MIP_Limits_ProbeTime=1e+75;CPXPARAM_MIP_Limits_RepairTries=0;CPXPARAM_MIP_Limits_StrongCand=10;CPXPARAM_MIP_Limits_StrongIt=0;CPXPARAM_MIP_OrderType=0;CPXPARAM_MIP_Strategy_BBInterval=7;CPXPARAM_MIP_Strategy_Branch=0;CPXPARAM_MIP_Strategy_Dive=0;CPXPARAM_MIP_Strategy_File=1;CPXPARAM_MIP_Strategy_HeuristicFreq=0;CPXPARAM_MIP_Strategy_LBHeur=0;CPXPARAM_MIP_Strategy_NodeSelect=1;CPXPARAM_MIP_Strategy_Order=1;CPXPARAM_MIP_Strategy_PresolveNode=0;CPXPARAM_MIP_Strategy_Probe=0;CPXPARAM_MIP_Strategy_RINSHeur=0;CPXPARAM_MIP_Strategy_StartAlgorithm=0;CPXPARAM_MIP_Strategy_SubAlgorithm=0;CPXPARAM_MIP_Strategy_VariableSelect=0;CPXPARAM_Network_NetFind=2;CPXPARAM_Network_Pricing=0;CPXPARAM_Parallel=1;CPXPARAM_Preprocessing_Aggregator=-1;CPXPARAM_Preprocessing_BoundStrength=-1;CPXPARAM_Preprocessing_CoeffReduce=-1;CPXPARAM_Preprocessing_Dependency=-1;CPXPARAM_Preprocessing_Dual=0;CPXPARAM_Preprocessing_Fill=10;CPXPARAM_Preprocessing_NumPass=-1;CPXPARAM_Preprocessing_Presolve=1;CPXPARAM_Preprocessing_QPMakePSD=1;CPXPARAM_Preprocessing_Reduce=3;CPXPARAM_Preprocessing_Relax=-1;CPXPARAM_Preprocessing_RepeatPresolve=-1;CPXPARAM_Preprocessing_Symmetry=-1;CPXPARAM_Read_Scale=0;CPXPARAM_Sifting_Algorithm=0;CPXPARAM_Simplex_Crash=1;CPXPARAM_Simplex_DGradient=0;CPXPARAM_Simplex_Limits_Perturbation=0;CPXPARAM_Simplex_Limits_Singularity=10;CPXPARAM_Simplex_PGradient=0;CPXPARAM_Simplex_Pricing=0;CPXPARAM_Simplex_Refactor=0
8491829524205853306,0,CPXPARAM_Advance=1;CPXPARAM_Barrier_Algorithm=0;CPXPARAM_Barrier_ColNonzeros=0;CPXPARAM_Barrier_Crossover=0;CPXPARAM_Barrier_Limits_Corrections=-1;CPXPARAM_Barrier_Ordering=0;CPXPARAM_Barrier_StartAlg=1;CPXPARAM_Emphasis_MIP=0;CPXPARAM_Emphasis_Memory=0;CPXPARAM_Emphasis_Numerical=0;CPXPARAM_Feasopt_Mode=0;CPXPARAM_LPMethod=0;CPXPARAM_MIP_Cuts_Cliques=3;CPXPARAM_MIP_Cuts_Covers=-1;CPXPARAM_MIP_Cuts_Disjunctive=-1;CPXPARAM_MIP_Cuts_FlowCovers=2;CPXPARAM_MIP_Cuts_GUBCovers=1;CPXPARAM_MIP_Cuts_Gomory=-1;CPXPARAM_MIP_Cuts_Implied=2;CPXPARAM_MIP_Cuts_MIRCut=-1;CPXPARAM_MIP_Cuts_PathCut=2;CPXPARAM_MIP_Limits_AggForCut=3;CPXPARAM_MIP_Limits_CutPasses=0;CPXPARAM_MIP_Limits_CutsFactor=-1;CPXPARAM_MIP_Limits_GomoryCand=400;CPXPARAM_MIP_Limits_GomoryPass=0;CPXPARAM_MIP_Limits_Nodes=9223372036800000000;CPXPARAM_MIP_Limits_ProbeTime=1e+75;CPXPARAM_MIP_Limits_RepairTries=0;CPXPARAM_MIP_Limits_StrongCand=10;CPXPARAM_MIP_Limits_StrongIt=0;CPXPARAM_MIP_OrderType=0;CPXPARAM_MIP_Strategy_BBInterval=7;CPXPARAM_MIP_Strategy_Branch=-1;CPXPARAM_MIP_Strategy_Dive=0;CPXPARAM_MIP_Strategy_File=1;CPXPARAM_MIP_Strategy_HeuristicFreq=0;CPXPARAM_MIP_Strategy_LBHeur=0;CPXPARAM_MIP_Strategy_NodeSelect=3;CPXPARAM_MIP_Strategy_Order=1;CPXPARAM_MIP_Strategy_PresolveNode=-1;CPXPARAM_MIP_Strategy_Probe=2;CPXPARAM_MIP_Strategy_RINSHeur=0;CPXPARAM_MIP_Strategy_StartAlgorithm=0;CPXPARAM_MIP_Strategy_SubAlgorithm=0;CPXPARAM_MIP_Strategy_VariableSelect=2;CPXPARAM_Network_NetFind=2;CPXPARAM_Network_Pricing=0;CPXPARAM_Parallel=1;CPXPARAM_Preprocessing_Aggregator=-1;CPXPARAM_Preprocessing_BoundStrength=-1;CPXPARAM_Preprocessing_CoeffReduce=-1;CPXPARAM_Preprocessing_Dependency=-1;CPXPARAM_Preprocessing_Dual=0;CPXPARAM_Preprocessing_Fill=10;CPXPARAM_Preprocessing_NumPass=-1;CPXPARAM_Preprocessing_Presolve=1;CPXPARAM_Preprocessing_QPMakePSD=1;CPXPARAM_Preprocessing_Reduce=3;CPXPARAM_Preprocessing_Relax=-1;CPXPARAM_Preprocessing_RepeatPresolve=-1;CPXPARAM_Preprocessing_Symmetry=-1;CPXPARAM_Read_Scale=0;CPXPARAM_Sifting_Algorithm=0;CPXPARAM_Simplex_Crash=1;CPXPARAM_Simplex_DGradient=0;CPXPARAM_Simplex_Limits_Perturbation=0;CPXPARAM_Simplex_Limits_Singularity=10;CPXPARAM_Simplex_PGradient=0;CPXPARAM_Simplex_Pricing=0;CPXPARAM_Simplex_Refactor=0
3186936099334600919,0,CPXPARAM_Advance=1;CPXPARAM_Barrier_Algorithm=0;CPXPARAM_Barrier_ColNonzeros=0;CPXPARAM_Barrier_Crossover=0;CPXPARAM_Barrier_Limits_Corrections=-1;CPXPARAM_Barrier_Ordering=0;CPXPARAM_Barrier_StartAlg=1;CPXPARAM_Emphasis_MIP=0;CPXPARAM_Emphasis_Memory=0;CPXPARAM_Emphasis_Numerical=0;CPXPARAM_Feasopt_Mode=0;CPXPARAM_LPMethod=0;CPXPARAM_MIP_Cuts_Cliques=2;CPXPARAM_MIP_Cuts_Covers=-1;CPXPARAM_MIP_Cuts_Disjunctive=-1;CPXPARAM_MIP_Cuts_FlowCovers=2;CPXPARAM_MIP_Cuts_GUBCovers=1;CPXPARAM_MIP_Cuts_Gomory=-1;CPXPARAM_MIP_Cuts_Implied=2;CPXPARAM_MIP_Cuts_MIRCut=-1;CPXPARAM_MIP_Cuts_PathCut=2;CPXPARAM_MIP_Limits_AggForCut=3;CPXPARAM_MIP_Limits_CutPasses=0;CPXPARAM_MIP_Limits_CutsFactor=-1;CPXPARAM_MIP_Limits_GomoryCand=400;CPXPARAM_MIP_Limits_GomoryPass=0;CPXPARAM_MIP_Limits_Nodes=9223372036800000000;CPXPARAM_MIP_Limits_ProbeTime=1e+75;CPXPARAM_MIP_Limits_RepairTries=0;CPXPARAM_MIP_Limits_StrongCand=10;CPXPARAM_MIP_Limits_StrongIt=0;CPXPARAM_MIP_OrderType=0;CPXPARAM_MIP_Strategy_BBInterval=7;CPXPARAM_MIP_Strategy_Branch=-1;CPXPARAM_MIP_Strategy_Dive=0;CPXPARAM_MIP_Strategy_File=1;CPXPARAM_MIP_Strategy_HeuristicFreq=0;CPXPARAM_MIP_Strategy_LBHeur=0;CPXPARAM_MIP_Strategy_NodeSelect=3;CPXPARAM_MIP_Strategy_Order=1;CPXPARAM_MIP_Strategy_PresolveNode=-1;CPXPARAM_MIP_Strategy_Probe=2;CPXPARAM_MIP_Strategy_RINSHeur=0;CPXPARAM_MIP_Strategy_StartAlgorithm=0;CPXPARAM_MIP_Strategy_SubAlgorithm=0;CPXPARAM_MIP_Strategy_VariableSelect=2;CPXPARAM_Network_NetFind=2;CPXPARAM_Network_Pricing=0;CPXPARAM_Parallel=1;CPXPARAM_Preprocessing_Aggregator=-1;CPXPARAM_Preprocessing_BoundStrength=-1;CPXPARAM_Preprocessing_CoeffReduce=-1;CPXPARAM_Preprocessing_Dependency=-1;CPXPARAM_Preprocessing_Dual=0;CPXPARAM_Preprocessing_Fill=10;CPXPARAM_Preprocessing_NumPass=-1;CPXPARAM_Preprocessing_Presolve=1;CPXPARAM_Preprocessing_QPMakePSD=1;CPXPARAM_Preprocessing_Reduce=3;CPXPARAM_Preprocessing_Relax=-1;CPXPARAM_Preprocessing_RepeatPresolve=-1;CPXPARAM_Preprocessing_Symmetry=-1;CPXPARAM_Read_Scale=0;CPXPARAM_Sifting_Algorithm=0;CPXPARAM_Simplex_Crash=1;CPXPARAM_Simplex_DGradient=0;CPXPARAM_Simplex_Limits_Perturbation=0;CPXPARAM_Simplex_Limits_Singularity=10;CPXPARAM_Simplex_PGradient=0;CPXPARAM_Simplex_Pricing=0;CPXPARAM_Simplex_Refactor=0
5741195793057026669,0,CPXPARAM_Advance=1;CPXPARAM_Barrier_Algorithm=0;CPXPARAM_Barrier_ColNonzeros=0;CPXPARAM_Barrier_Crossover=0;CPXPARAM_Barrier_Limits_Corrections=-1;CPXPARAM_Barrier_Ordering=0;CPXPARAM_Barrier_StartAlg=1;CPXPARAM_Emphasis_MIP=2;CPXPARAM_Emphasis_Memory=0;CPXPARAM_Emphasis_Numerical=0;CPXPARAM_Feasopt_Mode=0;CPXPARAM_LPMethod=0;CPXPARAM_MIP_Cuts_Cliques=-1;CPXPARAM_MIP_Cuts_Covers=2;CPXPARAM_MIP_Cuts_Disjunctive=1;CPXPARAM_MIP_Cuts_FlowCovers=2;CPXPARAM_MIP_Cuts_GUBCovers=1;CPXPARAM_MIP_Cuts_Gomory=0;CPXPARAM_MIP_Cuts_Implied=-1;CPXPARAM_MIP_Cuts_MIRCut=-1;CPXPARAM_MIP_Cuts_PathCut=-1;CPXPARAM_MIP_Limits_AggForCut=3;CPXPARAM_MIP_Limits_CutPasses=0;CPXPARAM_MIP_Limits_CutsFactor=-1;CPXPARAM_MIP_Limits_GomoryCand=400;CPXPARAM_MIP_Limits_GomoryPass=0;CPXPARAM_MIP_Limits_Nodes=9223372036800000000;CPXPARAM_MIP_Limits_ProbeTime=1e+75;CPXPARAM_MIP_Limits_RepairTries=0;CPXPARAM_MIP_Limits_StrongCand=10;CPXPARAM_MIP_Limits_StrongIt=0;CPXPARAM_MIP_OrderType=0;CPXPARAM_MIP_Strategy_BBInterval=7;CPXPARAM_MIP_Strategy_Branch=0;CPXPARAM_MIP_Strategy_Dive=0;CPXPARAM_MIP_Strategy_File=1;CPXPARAM_MIP_Strategy_HeuristicFreq=0;CPXPARAM_MIP_Strategy_LBHeur=0;CPXPARAM_MIP_Strategy_NodeSelect=1;CPXPARAM_MIP_Strategy_Order=1;CPXPARAM_MIP_Strategy_PresolveNode=0;CPXPARAM_MIP_Strategy_Probe=0;CPXPARAM_MIP_Strategy_RINSHeur=0;CPXPARAM_MIP_Strategy_StartAlgorithm=0;CPXPARAM_MIP_Strategy_SubAlgorithm=0;CPXPARAM_MIP_Strategy_VariableSelect=0;CPXPARAM_Network_NetFind=2;CPXPARAM_Network_Pricing=0;CPXPARAM_Parallel=1;CPXPARAM_Preprocessing_Aggregator=-1;CPXPARAM_Preprocessing_BoundStrength=-1;CPXPARAM_Preprocessing_CoeffReduce=-1;CPXPARAM_Preprocessing_Dependency=-1;CPXPARAM_Preprocessing_Dual=0;CPXPARAM_Preprocessing_Fill=10;CPXPARAM_Preprocessing_NumPass=-1;CPXPARAM_Preprocessing_Presolve=1;CPXPARAM_Preprocessing_QPMakePSD=1;CPXPARAM_Preprocessing_Reduce=3;CPXPARAM_Preprocessing_Relax=-1;CPXPARAM_Preprocessing_RepeatPresolve=-1;CPXPARAM_Preprocessing_Symmetry=2;CPXPARAM_Read_Scale=0;CPXPARAM_Sifting_Algorithm=0;CPXPARAM_Simplex_Crash=1;CPXPARAM_Simplex_DGradient=0;CPXPARAM_Simplex_Limits_Perturbation=0;CPXPARAM_Simplex_Limits_Singularity=10;CPXPARAM_Simplex_PGradient=0;CPXPARAM_Simplex_Pricing=0;CPXPARAM_Simplex_Refactor=0
4701116085920979104,0,CPXPARAM_Advance=1;CPXPARAM_Barrier_Algorithm=0;CPXPARAM_Barrier_ColNonzeros=0;CPXPARAM_Barrier_Crossover=0;CPXPARAM_Barrier_Limits_Corrections=-1;CPXPARAM_Barrier_Ordering=0;CPXPARAM_Barrier_StartAlg=1;CPXPARAM_Emphasis_MIP=5;CPXPARAM_Emphasis_Memory=0;CPXPARAM_Emphasis_Numerical=0;CPXPARAM_Feasopt_Mode=0;CPXPARAM_LPMethod=0;CPXPARAM_MIP_Cuts_Cliques=2;CPXPARAM_MIP_Cuts_Covers=-1;CPXPARAM_MIP_Cuts_Disjunctive=1;CPXPARAM_MIP_Cuts_FlowCovers=2;CPXPARAM_MIP_Cuts_GUBCovers=1;CPXPARAM_MIP_Cuts_Gomory=-1;CPXPARAM_MIP_Cuts_Implied=2;CPXPARAM_MIP_Cuts_MIRCut=2;CPXPARAM_MIP_Cuts_PathCut=0;CPXPARAM_MIP_Limits_AggForCut=3;CPXPARAM_MIP_Limits_CutPasses=0;CPXPARAM_MIP_Limits_CutsFactor=-1;CPXPARAM_MIP_Limits_GomoryCand=100;CPXPARAM_MIP_Limits_GomoryPass=0;CPXPARAM_MIP_Limits_Nodes=9223372036800000000;CPXPARAM_MIP_Limits_ProbeTime=1e+75;CPXPARAM_MIP_Limits_RepairTries=0;CPXPARAM_MIP_Limits_StrongCand=10;CPXPARAM_MIP_Limits_StrongIt=0;CPXPARAM_MIP_OrderType=0;CPXPARAM_MIP_Strategy_BBInterval=7;CPXPARAM_MIP_Strategy_Branch=0;CPXPARAM_MIP_Strategy_Dive=0;CPXPARAM_MIP_Strategy_File=1;CPXPARAM_MIP_Strategy_HeuristicFreq=0;CPXPARAM_MIP_Strategy_LBHeur=0;CPXPARAM_MIP_Strategy_NodeSelect=3;CPXPARAM_MIP_Strategy_Order=1;CPXPARAM_MIP_Strategy_PresolveNode=1;CPXPARAM_MIP_Strategy_Probe=2;CPXPARAM_MIP_Strategy_RINSHeur=0;CPXPARAM_MIP_Strategy_StartAlgorithm=0;CPXPARAM_MIP_Strategy_SubAlgorithm=0;CPXPARAM_MIP_Strategy_VariableSelect=-1;CPXPARAM_Network_NetFind=2;CPXPARAM_Network_Pricing=0;CPXPARAM_Parallel=1;CPXPARAM_Preprocessing_Aggregator=-1;CPXPARAM_Preprocessing_BoundStrength=-1;CPXPARAM_Preprocessing_CoeffReduce=-1;CPXPARAM_Preprocessing_Dependency=-1;CPXPARAM_Preprocessing_Dual=0;CPXPARAM_Preprocessing_Fill=10;CPXPARAM_Preprocessing_NumPass=-1;CPXPARAM_Preprocessing_Presolve=1;CPXPARAM_Preprocessing_QPMakePSD=1;CPXPARAM_Preprocessing_Reduce=3;CPXPARAM_Preprocessing_Relax=-1;CPXPARAM_Preprocessing_RepeatPresolve=-1;CPXPARAM_Preprocessing_Symmetry=-1;CPXPARAM_Read_Scale=0;CPXPARAM_Sifting_Algorithm=0;CPXPARAM_Simplex_Crash=1;CPXPARAM_Simplex_DGradient=0;CPXPARAM_Simplex_Limits_Perturbation=0;CPXPARAM_Simplex_Limits_Singularity=10;CPXPARAM_Simplex_PGradient=0;CPXPARAM_Simplex_Pricing=0;CPXPARAM_Simplex_Refactor=0
3466387782255719538,0,CPXPARAM_Advance=1;CPXPARAM_Barrier_Algorithm=0;CPXPARAM_Barrier_ColNonzeros=0;CPXPARAM_Barrier_Crossover=0;CPXPARAM_Barrier_Limits_Corrections=-1;CPXPARAM_Barrier_Ordering=0;CPXPARAM_Barrier_StartAlg=1;CPXPARAM_Emphasis_MIP=1;CPXPARAM_Emphasis_Memory=0;CPXPARAM_Emphasis_Numerical=0;CPXPARAM_Feasopt_Mode=0;CPXPARAM_LPMethod=0;CPXPARAM_MIP_Cuts_Cliques=-1;CPXPARAM_MIP_Cuts_Covers=0;CPXPARAM_MIP_Cuts_Disjunctive=-1;CPXPARAM_MIP_Cuts_FlowCovers=1;CPXPARAM_MIP_Cuts_GUBCovers=-1;CPXPARAM_MIP_Cuts_Gomory=0;CPXPARAM_MIP_Cuts_Implied=1;CPXPARAM_MIP_Cuts_MIRCut=0;CPXPARAM_MIP_Cuts_PathCut=2;CPXPARAM_MIP_Limits_AggForCut=3;CPXPARAM_MIP_Limits_CutPasses=0;CPXPARAM_MIP_Limits_CutsFactor=-1;CPXPARAM_MIP_Limits_GomoryCand=100;CPXPARAM_MIP_Limits_GomoryPass=0;CPXPARAM_MIP_Limits_Nodes=9223372036800000000;CPXPARAM_MIP_Limits_ProbeTime=1e+75;CPXPARAM_MIP_Limits_RepairTries=0;CPXPARAM_MIP_Limits_StrongCand=10;CPXPARAM_MIP_Limits_StrongIt=0;CPXPARAM_MIP_OrderType=0;CPXPARAM_MIP_Strategy_BBInterval=7;CPXPARAM_MIP_Strategy_Branch=0;CPXPARAM_MIP_Strategy_Dive=0;CPXPARAM_MIP_Strategy_File=1;CPXPARAM_MIP_Strategy_HeuristicFreq=0;CPXPARAM_MIP_Strategy_LBHeur=0;CPXPARAM_MIP_Strategy_NodeSelect=1;CPXPARAM_MIP_Strategy_Order=1;CPXPARAM_MIP_Strategy_PresolveNode=1;CPXPARAM_MIP_Strategy_Probe=1;CPXPARAM_MIP_Strategy_RINSHeur=0;CPXPARAM_MIP_Strategy_StartAlgorithm=0;CPXPARAM_MIP_Strategy_SubAlgorithm=0;CPXPARAM_MIP_Strategy_VariableSelect=1;CPXPARAM_Network_NetFind=2;CPXPARAM_Network_Pricing=0;CPXPARAM_Parallel=1;CPXPARAM_Preprocessing_Aggregator=-1;CPXPARAM_Preprocessing_BoundStrength=-1;CPXPARAM_Preprocessing_CoeffReduce=-1;CPXPARAM_Preprocessing_Dependency=-1;CPXPARAM_Preprocessing_Dual=0;CPXPARAM_Preprocessing_Fill=10;CPXPARAM_Preprocessing_NumPass=-1;CPXPARAM_Preprocessing_Presolve=1;CPXPARAM_Preprocessing_QPMakePSD=1;CPXPARAM_Preprocessing_Reduce=3;CPXPARAM_Preprocessing_Relax=-1;CPXPARAM_Preprocessing_RepeatPresolve=-1;CPXPARAM_Preprocessing_Symmetry=-1;CPXPARAM_Read_Scale=0;CPXPARAM_Sifting_Algorithm=0;CPXPARAM_Simplex_Crash=1;CPXPARAM_Simplex_DGradient=0;CPXPARAM_Simplex_Limits_Perturbation=0;CPXPARAM_Simplex_Limits_Singularity=10;CPXPARAM_Simplex_PGradient=0;CPXPARAM_Simplex_Pricing=0;CPXPARAM_Simplex_Refactor=0
11371900315946444476,0,CPXPARAM_Advance=1;CPXPARAM_Barrier_Algorithm=0;CPXPARAM_Barrier_ColNonzeros=0;CPXPARAM_Barrier_Crossover=0;CPXPARAM_Barrier_Limits_Corrections=-1;CPXPARAM_Barrier_Ordering=0;CPXPARAM_Barrier_StartAlg=1;CPXPARAM_Emphasis_MIP=0;CPXPARAM_Emphasis_Memory=0;CPXPARAM_Emphasis_Numerical=0;CPXPARAM_Feasopt_Mode=0;CPXPARAM_LPMethod=0;CPXPARAM_MIP_Cuts_Cliques=3;CPXPARAM_MIP_Cuts_Covers=3;CPXPARAM_MIP_Cuts_Disjunctive=1;CPXPARAM_MIP_Cuts_FlowCovers=0;CPXPARAM_MIP_Cuts_GUBCovers=0;CPXPARAM_MIP_Cuts_Gomory=-1;CPXPARAM_MIP_Cuts_Implied=1;CPXPARAM_MIP_Cuts_MIRCut=2;CPXPARAM_MIP_Cuts_PathCut=2;CPXPARAM_MIP_Limits_AggForCut=3;CPXPARAM_MIP_Limits_CutPasses=0;CPXPARAM_MIP_Limits_CutsFactor=-1;CPXPARAM_MIP_Limits_GomoryCand=200;CPXPARAM_MIP_Limits_GomoryPass=0;CPXPARAM_MIP_Limits_Nodes=9223372036800000000;CPXPARAM_MIP_Limits_ProbeTime=1e+75;CPXPARAM_MIP_Limits_RepairTries=0;CPXPARAM_MIP_Limits_StrongCand=10;CPXPARAM_MIP_Limits_StrongIt=0;CPXPARAM_MIP_OrderType=0;CPXPARAM_MIP_Strategy_BBInterval=7;CPXPARAM_MIP_Strategy_Branch=0;CPXPARAM_MIP_Strategy_Dive=0;CPXPARAM_MIP_Strategy_File=1;CPXPARAM_MIP_Strategy_HeuristicFreq=0;CPXPARAM_MIP_Strategy_LBHeur=0;CPXPARAM_MIP_Strategy_NodeSelect=2;CPXPARAM_MIP_Strategy_Order=1;CPXPARAM_MIP_Strategy_PresolveNode=2;CPXPARAM_MIP_Strategy_Probe=-1;CPXPARAM_MIP_Strategy_RINSHeur=0;CPXPARAM_MIP_Strategy_StartAlgorithm=0;CPXPARAM_MIP_Strategy_SubAlgorithm=0;CPXPARAM_MIP_Strategy_VariableSelect=3;CPXPARAM_Network_NetFind=2;CPXPARAM_Network_Pricing=0;CPXPARAM_Parallel=1;CPXPARAM_Preprocessing_Aggregator=-1;CPXPARAM_Preprocessing_BoundStrength=-1;CPXPARAM_Preprocessing_CoeffReduce=-1;CPXPARAM_Preprocessing_Dependency=-1;CPXPARAM_Preprocessing_Dual=0;CPXPARAM_Preprocessing_Fill=10;CPXPARAM_Preprocessing_NumPass=-1;CPXPARAM_Preprocessing_Presolve=1;CPXPARAM_Preprocessing_QPMakePSD=1;CPXPARAM_Preprocessing_Reduce=3;CPXPARAM_Preprocessing_Relax=-1;CPXPARAM_Preprocessing_RepeatPresolve=-1;CPXPARAM_Preprocessing_Symmetry=-1;CPXPARAM_Read_Scale=0;CPXPARAM_Sifting_Algorithm=0;CPXPARAM_Simplex_Crash=1;CPXPARAM_Simplex_DGradient=0;CPXPARAM_Simplex_Limits_Perturbation=0;CPXPARAM_Simplex_Limits_Singularity=10;CPXPARAM_Simplex_PGradient=0;CPXPARAM_Simplex_Pricing=0;CPXPARAM_Simplex_Refactor=0
3277742262712559645,0,CPXPARAM_Advance=1;CPXPARAM_Barrier_Algorithm=0;CPXPARAM_Barrier_ColNonzeros=0;CPXPARAM_Barrier_Crossover=0;CPXPARAM_Barrier_Limits_Corrections=-1;CPXPARAM_Barrier_Ordering=0;CPXPARAM_Barrier_StartAlg=1;CPXPARAM_Emphasis_MIP=2;CPXPARAM_Emphasis_Memory=0;CPXPARAM_Emphasis_Numerical=0;CPXPARAM_Feasopt_Mode=0;CPXPARAM_LPMethod=0;CPXPARAM_MIP_Cuts_Cliques=-1;CPXPARAM_MIP_Cuts_Covers=0;CPXPARAM_MIP_Cuts_Disjunctive=1;CPXPARAM_MIP_Cuts_FlowCovers=2;CPXPARAM_MIP_Cuts_GUBCovers=1;CPXPARAM_MIP_Cuts_Gomory=0;CPXPARAM_MIP_Cuts_Implied=-1;CPXPARAM_MIP_Cuts_MIRCut=-1;CPXPARAM_MIP_Cuts_PathCut=-1;CPXPARAM_MIP_Limits_AggForCut=3;CPXPARAM_MIP_Limits_CutPasses=0;CPXPARAM_MIP_Limits_CutsFactor=-1;CPXPARAM_MIP_Limits_GomoryCand=200;CPXPARAM_MIP_Limits_GomoryPass=0;CPXPARAM_MIP_Limits_Nodes=9223372036800000000;CPXPARAM_MIP_Limits_ProbeTime=1e+75;CPXPARAM_MIP_Limits_RepairTries=0;CPXPARAM_MIP_Limits_StrongCand=10;CPXPARAM_MIP_Limits_StrongIt=0;CPXPARAM_MIP_OrderType=0;CPXPARAM_MIP_Strategy_BBInterval=7;CPXPARAM_MIP_Strategy_Branch=0;CPXPARAM_MIP_Strategy_Dive=0;CPXPARAM_MIP_Strategy_File=1;CPXPARAM_MIP_Strategy_HeuristicFreq=0;CPXPARAM_MIP_Strategy_LBHeur=0;CPXPARAM_MIP_Strategy_NodeSelect=1;CPXPARAM_MIP_Strategy_Order=1;CPXPARAM_MIP_Strategy_PresolveNode=0;CPXPARAM_MIP_Strategy_Probe=0;CPXPARAM_MIP_Strategy_RINSHeur=0;CPXPARAM_MIP_Strategy_StartAlgorithm=0;CPXPARAM_MIP_Strategy_SubAlgorithm=0;CPXPARAM_MIP_Strategy_VariableSelect=0;CPXPARAM_Network_NetFind=2;CPXPARAM_Network_Pricing=0;CPXPARAM_Parallel=1;CPXPARAM_Preprocessing_Aggregator=-1;CPXPARAM_Preprocessing_BoundStrength=-1;CPXPARAM_Preprocessing_CoeffReduce=-1;CPXPARAM_Preprocessing_Dependency=-1;CPXPARAM_Preprocessing_Dual=0;CPXPARAM_Preprocessing_Fill=10;CPXPARAM_Preprocessing_NumPass=-1;CPXPARAM_Preprocessing_Presolve=1;CPXPARAM_Preprocessing_QPMakePSD=1;CPXPARAM_Preprocessing_Reduce=3;CPXPARAM_Preprocessing_Relax=-1;CPXPARAM_Preprocessing_RepeatPresolve=-1;CPXPARAM_Preprocessing_Symmetry=-1;CPXPARAM_Read_Scale=0;CPXPARAM_Sifting_Algorithm=0;CPXPARAM_Simplex_Crash=1;CPXPARAM_Simplex_DGradient=0;CPXPARAM_Simplex_Limits_Perturbation=0;CPXPARAM_Simplex_Limits_Singularity=10;CPXPARAM_Simplex_PGradient=0;CPXPARAM_Simplex_Pricing=0;CPXPARAM_Simplex_Refactor=0
17892344174149745095,0,CPXPARAM_Advance=1;CPXPARAM_Barrier_Algorithm=0;CPXPARAM_Barrier_ColNonzeros=0;CPXPARAM_Barrier_Crossover=0;CPXPARAM_Barrier_Limits_Corrections=-1;CPXPARAM_Barrier_Ordering=0;CPXPARAM_Barrier_StartAlg=1;CPXPARAM_Emphasis_MIP=0;CPXPARAM_Emphasis_Memory=0;CPXPARAM_Emphasis_Numerical=0;CPXPARAM_Feasopt_Mode=0;CPXPARAM_LPMethod=0;CPXPARAM_MIP_Cuts_Cliques=3;CPXPARAM_MIP_Cuts_Covers=-1;CPXPARAM_MIP_Cuts_Disjunctive=-1;CPXPARAM_MIP_Cuts_FlowCovers=-1;CPXPARAM_MIP_Cuts_GUBCovers=0;CPXPARAM_MIP_Cuts_Gomory=-1;CPXPARAM_MIP_Cuts_Implied=2;CPXPARAM_MIP_Cuts_MIRCut=-1;CPXPARAM_MIP_Cuts_PathCut=-1;CPXPARAM_MIP_Limits_AggForCut=2;CPXPARAM_MIP_Limits_CutPasses=0;CPXPARAM_MIP_Limits_CutsFactor=-1;CPXPARAM_MIP_Limits_GomoryCand=50;CPXPARAM_MIP_Limits_GomoryPass=0;CPXPARAM_MIP_Limits_Nodes=9223372036800000000;CPXPARAM_MIP_Limits_ProbeTime=1e+75;CPXPARAM_MIP_Limits_RepairTries=0;CPXPARAM_MIP_Limits_StrongCand=10;CPXPARAM_MIP_Limits_StrongIt=0;CPXPARAM_MIP_OrderType=0;CPXPARAM_MIP_Strategy_BBInterval=7;CPXPARAM_MIP_Strategy_Branch=0;CPXPARAM_MIP_Strategy_Dive=0;CPXPARAM_MIP_Strategy_File=1;CPXPARAM_MIP_Strategy_HeuristicFreq=0;CPXPARAM_MIP_Strategy_LBHeur=0;CPXPARAM_MIP_Strategy_NodeSelect=0;CPXPARAM_MIP_Strategy_Order=1;CPXPARAM_MIP_Strategy_PresolveNode=3;CPXPARAM_MIP_Strategy_Probe=0;CPXPARAM_MIP_Strategy_RINSHeur=0;CPXPARAM_MIP_Strategy_StartAlgorithm=0;CPXPARAM_MIP_Strategy_SubAlgorithm=0;CPXPARAM_MIP_Strategy_VariableSelect=2;CPXPARAM_Network_NetFind=2;CPXPARAM_Network_Pricing=0;CPXPARAM_Parallel=1;CPXPARAM_Preprocessing_Aggregator=-1;CPXPARAM_Preprocessing_BoundStrength=-1;CPXPARAM_Preprocessing_CoeffReduce=-1;CPXPARAM_Preprocessing_Dependency=-1;CPXPARAM_Preprocessing_Dual=0;CPXPARAM_Preprocessing_Fill=20;CPXPARAM_Preprocessing_NumPass=-1;CPXPARAM_Preprocessing_Presolve=1;CPXPARAM_Preprocessing_QPMakePSD=1;CPXPARAM_Preprocessing_Reduce=3;CPXPARAM_Preprocessing_Relax=-1;CPXPARAM_Preprocessing_RepeatPresolve=-1;CPXPARAM_Preprocessing_Symmetry=-1;CPXPARAM_Read_Scale=0;CPXPARAM_Sifting_Algorithm=0;CPXPARAM_Simplex_Crash=1;CPXPARAM_Simplex_DGradient=0;CPXPARAM_Simplex_Limits_Perturbation=0;CPXPARAM_Simplex_Limits_Singularity=10;CPXPARAM_Simplex_PGradient=0;CPXPARAM_Simplex_Pricing=0;CPXPARAM_Simplex_Refactor=0
3055647171175653547,0,CPXPARAM_Advance=1;CPXPARAM_Barrier_Algorithm=0;CPXPARAM_Barrier_ColNonzeros=0;CPXPARAM_Barrier_Crossover=0;CPXPARAM_Barrier_Limits_Corrections=-1;CPXPARAM_Barrier_Ordering=0;CPXPARAM_Barrier_StartAlg=1;CPXPARAM_Emphasis_MIP=4;CPXPARAM_Emphasis_Memory=0;CPXPARAM_Emphasis_Numerical=0;CPXPARAM_Feasopt_Mode=0;CPXPARAM_LPMethod=0;CPXPARAM_MIP_Cuts_Cliques=3;CPXPARAM_MIP_Cuts_Covers=-1;CPXPARAM_MIP_Cuts_Disjunctive=-1;CPXPARAM_MIP_Cuts_FlowCovers=2;CPXPARAM_MIP_Cuts_GUBCovers=0;CPXPARAM_MIP_Cuts_Gomory=0;CPXPARAM_MIP_Cuts_Implied=-1;CPXPARAM_MIP_Cuts_MIRCut=2;CPXPARAM_MIP_Cuts_PathCut=-1;CPXPARAM_MIP_Limits_AggForCut=3;CPXPARAM_MIP_Limits_CutPasses=0;CPXPARAM_MIP_Limits_CutsFactor=-1;CPXPARAM_MIP_Limits_GomoryCand=800;CPXPARAM_MIP_Limits_GomoryPass=0;CPXPARAM_MIP_Limits_Nodes=9223372036800000000;CPXPARAM_MIP_Limits_ProbeTime=1e+75;CPXPARAM_MIP_Limits_RepairTries=0;CPXPARAM_MIP_Limits_StrongCand=10;CPXPARAM_MIP_Limits_StrongIt=0;CPXPARAM_MIP_OrderType=0;CPXPARAM_MIP_Strategy_BBInterval=7;CPXPARAM_MIP_Strategy_Branch=0;CPXPARAM_MIP_Strategy_Dive=0;CPXPARAM_MIP_Strategy_File=1;CPXPARAM_MIP_Strategy_HeuristicFreq=0;CPXPARAM_MIP_Strategy_LBHeur=0;CPXPARAM_MIP_Strategy_NodeSelect=1;CPXPARAM_MIP_Strategy_Order=1;CPXPARAM_MIP_Strategy_PresolveNode=0;CPXPARAM_MIP_Strategy_Probe=3;CPXPARAM_MIP_Strategy_RINSHeur=0;CPXPARAM_MIP_Strategy_StartAlgorithm=0;CPXPARAM_MIP_Strategy_SubAlgorithm=0;CPXPARAM_MIP_Strategy_VariableSelect=0;CPXPARAM_Network_NetFind=2;CPXPARAM_Network_Pricing=0;CPXPARAM_Parallel=1;CPXPARAM_Preprocessing_Aggregator=-1;CPXPARAM_Preprocessing_BoundStrength=-1;CPXPARAM_Preprocessing_CoeffReduce=-1;CPXPARAM_Preprocessing_Dependency=-1;CPXPARAM_Preprocessing_Dual=0;CPXPARAM_Preprocessing_Fill=10;CPXPARAM_Preprocessing_NumPass=-1;CPXPARAM_Preprocessing_Presolve=1;CPXPARAM_Preprocessing_QPMakePSD=1;CPXPARAM_Preprocessing_Reduce=3;CPXPARAM_Preprocessing_Relax=-1;CPXPARAM_Preprocessing_RepeatPresolve=-1;CPXPARAM_Preprocessing_Symmetry=-1;CPXPARAM_Read_Scale=0;CPXPARAM_Sifting_Algorithm=0;CPXPARAM_Simplex_Crash=1;CPXPARAM_Simplex_DGradient=0;CPXPARAM_Simplex_Limits_Perturbation=0;CPXPARAM_Simplex_Limits_Singularity=10;CPXPARAM_Simplex_PGradient=0;CPXPARAM_Simplex_Pricing=0;CPXPARAM_Simplex_Refactor=0
8414285778329803125,0,CPXPARAM_Advance=1;CPXPARAM_Barrier_Algorithm=0;CPXPARAM_Barrier_ColNonzeros=0;CPXPARAM_Barrier_Crossover=0;CPXPARAM_Barrier_Limits_Corrections=-1;CPXPARAM_Barrier_Ordering=0;CPXPARAM_Barrier_StartAlg=1;CPXPARAM_Emphasis_MIP=1;CPXPARAM_Emphasis_Memory=0;CPXPARAM_Emphasis_Numerical=0;CPXPARAM_Feasopt_Mode=0;CPXPARAM_LPMethod=0;CPXPARAM_MIP_Cuts_Cliques=-1;CPXPARAM_MIP_Cuts_Covers=0;CPXPARAM_MIP_Cuts_Disjunctive=-1;CPXPARAM_MIP_Cuts_FlowCovers=1;CPXPARAM_MIP_Cuts_GUBCovers=-1;CPXPARAM_MIP_Cuts_Gomory=-1;CPXPARAM_MIP_Cuts_Implied=1;CPXPARAM_MIP_Cuts_MIRCut=0;CPXPARAM_MIP_Cuts_PathCut=2;CPXPARAM_MIP_Limits_AggForCut=3;CPXPARAM_MIP_Limits_CutPasses=0;CPXPARAM_MIP_Limits_CutsFactor=-1;CPXPARAM_MIP_Limits_GomoryCand=100;CPXPARAM_MIP_Limits_GomoryPass=0;CPXPARAM_MIP_Limits_Nodes=9223372036800000000;CPXPARAM_MIP_Limits_ProbeTime=1e+75;CPXPARAM_MIP_Limits_RepairTries=0;CPXPARAM_MIP_Limits_StrongCand=10;CPXPARAM_MIP_Limits_StrongIt=0;CPXPARAM_MIP_OrderType=0;CPXPARAM_MIP_Strategy_BBInterval=7;CPXPARAM_MIP_Strategy_Branch=0;CPXPARAM_MIP_Strategy_Dive=0;CPXPARAM_MIP_Strategy_File=1;CPXPARAM_MIP_Strategy_HeuristicFreq=0;CPXPARAM_MIP_Strategy_LBHeur=0;CPXPARAM_MIP_Strategy_NodeSelect=1;CPXPARAM_MIP_Strategy_Order=1;CPXPARAM_MIP_Strategy_PresolveNode=1;CPXPARAM_MIP_Strategy_Probe=1;CPXPARAM_MIP_Strategy_RINSHeur=0;CPXPARAM_MIP_Strategy_StartAlgorithm=0;CPXPARAM_MIP_Strategy_SubAlgorithm=0;CPXPARAM_MIP_Strategy_VariableSelect=1;CPXPARAM_Network_NetFind=2;CPXPARAM_Network_Pricing=0;CPXPARAM_Parallel=1;CPXPARAM_Preprocessing_Aggregator=-1;CPXPARAM_Preprocessing_BoundStrength=-1;CPXPARAM_Preprocessing_CoeffReduce=-1;CPXPARAM_Preprocessing_Dependency=-1;CPXPARAM_Preprocessing_Dual=0;CPXPARAM_Preprocessing_Fill=10;CPXPARAM_Preprocessing_NumPass=-1;CPXPARAM_Preprocessing_Presolve=1;CPXPARAM_Preprocessing_QPMakePSD=1;CPXPARAM_Preprocessing_Reduce=3;CPXPARAM_Preprocessing_Relax=-1;CPXPARAM_Preprocessing_RepeatPresolve=-1;CPXPARAM_Preprocessing_Symmetry=-1;CPXPARAM_Read_Scale=0;CPXPARAM_Sifting_Algorithm=0;CPXPARAM_Simplex_Crash=1;CPXPARAM_Simplex_DGradient=0;CPXPARAM_Simplex_Limits_Perturbation=0;CPXPARAM_Simplex_Limits_Singularity=10;CPXPARAM_Simplex_PGradient=0;CPXPARAM_Simplex_Pricing=0;CPXPARAM_Simplex_Refactor=0
1728717701742991249,0,CPXPARAM_Advance=1;CPXPARAM_Barrier_Algorithm=0;CPXPARAM_Barrier_ColNonzeros=0;CPXPARAM_Barrier_Crossover=0;CPXPARAM_Barrier_Limits_Corrections=-1;CPXPARAM_Barrier_Ordering=0;CPXPARAM_Barrier_StartAlg=1;CPXPARAM_Emphasis_MIP=3;CPXPARAM_Emphasis_Memory=0;CPXPARAM_Emphasis_Numerical=0;CPXPARAM_Feasopt_Mode=0;CPXPARAM_LPMethod=0;CPXPARAM_MIP_Cuts_Cliques=0;CPXPARAM_MIP_Cuts_Covers=3;CPXPARAM_MIP_Cuts_Disjunctive=-1;CPXPARAM_MIP_Cuts_FlowCovers=-1;CPXPARAM_MIP_Cuts_GUBCovers=0;CPXPARAM_MIP_Cuts_Gomory=0;CPXPARAM_MIP_Cuts_Implied=1;CPXPARAM_MIP_Cuts_MIRCut=0;CPXPARAM_MIP_Cuts_PathCut=2;CPXPARAM_MIP_Limits_AggForCut=1;CPXPARAM_MIP_Limits_CutPasses=0;CPXPARAM_MIP_Limits_CutsFactor=-1;CPXPARAM_MIP_Limits_GomoryCand=50;CPXPARAM_MIP_Limits_GomoryPass=0;CPXPARAM_MIP_Limits_Nodes=9223372036800000000;CPXPARAM_MIP_Limits_ProbeTime=1e+75;CPXPARAM_MIP_Limits_RepairTries=0;CPXPARAM_MIP_Limits_StrongCand=10;CPXPARAM_MIP_Limits_StrongIt=0;CPXPARAM_MIP_OrderType=0;CPXPARAM_MIP_Strategy_BBInterval=7;CPXPARAM_MIP_Strategy_Branch=1;CPXPARAM_MIP_Strategy_Dive=0;CPXPARAM_MIP_Strategy_File=1;CPXPARAM_MIP_Strategy_HeuristicFreq=0;CPXPARAM_MIP_Strategy_LBHeur=0;CPXPARAM_MIP_Strategy_NodeSelect=0;CPXPARAM_MIP_Strategy_Order=1;CPXPARAM_MIP_Strategy_PresolveNode=3;CPXPARAM_MIP_Strategy_Probe=3;CPXPARAM_MIP_Strategy_RINSHeur=0;CPXPARAM_MIP_Strategy_StartAlgorithm=0;CPXPARAM_MIP_Strategy_SubAlgorithm=0;CPXPARAM_MIP_Strategy_VariableSelect=1;CPXPARAM_Network_NetFind=2;CPXPARAM_Network_Pricing=0;CPXPARAM_Parallel=1;CPXPARAM_Preprocessing_Aggregator=-1;CPXPARAM_Preprocessing_BoundStrength=-1;CPXPARAM_Preprocessing_CoeffReduce=-1;CPXPARAM_Preprocessing_Dependency=-1;CPXPARAM_Preprocessing_Dual=0;CPXPARAM_Preprocessing_Fill=5;CPXPARAM_Preprocessing_NumPass=-1;CPXPARAM_Preprocessing_Presolve=1;CPXPARAM_Preprocessing_QPMakePSD=1;CPXPARAM_Preprocessing_Reduce=3;CPXPARAM_Preprocessing_Relax=-1;CPXPARAM_Preprocessing_RepeatPresolve=-1;CPXPARAM_Preprocessing_Symmetry=-1;CPXPARAM_Read_Scale=0;CPXPARAM_Sifting_Algorithm=0;CPXPARAM_Simplex_Crash=1;CPXPARAM_Simplex_DGradient=0;CPXPARAM_Simplex_Limits_Perturbation=0;CPXPARAM_Simplex_Limits_Singularity=10;CPXPARAM_Simplex_PGradient=0;CPXPARAM_Simplex_Pricing=0;CPXPARAM_Simplex_Refactor=0
14973753797782924473,0,CPXPARAM_Advance=1;CPXPARAM_Barrier_Algorithm=0;CPXPARAM_Barrier_ColNonzeros=0;CPXPARAM_Barrier_Crossover=0;CPXPARAM_Barrier_Limits_Corrections=-1;CPXPARAM_Barrier_Ordering=0;CPXPARAM_Barrier_StartAlg=1;CPXPARAM_Emphasis_MIP=1;CPXPARAM_Emphasis_Memory=0;CPXPARAM_Emphasis_Numerical=0;CPXPARAM_Feasopt_Mode=0;CPXPARAM_LPMethod=0;CPXPARAM_MIP_Cuts_Cliques=-1;CPXPARAM_MIP_Cuts_Covers=0;CPXPARAM_MIP_Cuts_Disjunctive=-1;CPXPARAM_MIP_Cuts_FlowCovers=1;CPXPARAM_MIP_Cuts_GUBCovers=-1;CPXPARAM_MIP_Cuts_Gomory=0;CPXPARAM_MIP_Cuts_Implied=1;CPXPARAM_MIP_Cuts_MIRCut=0;CPXPARAM_MIP_Cuts_PathCut=2;CPXPARAM_MIP_Limits_AggForCut=3;CPXPARAM_MIP_Limits_CutPasses=0;CPXPARAM_MIP_Limits_CutsFactor=-1;CPXPARAM_MIP_Limits_GomoryCand=100;CPXPARAM_MIP_Limits_GomoryPass=0;CPXPARAM_MIP_Limits_Nodes=9223372036800000000;CPXPARAM_MIP_Limits_ProbeTime=1e+75;CPXPARAM_MIP_Limits_RepairTries=0;CPXPARAM_MIP_Limits_StrongCand=10;CPXPARAM_MIP_Limits_StrongIt=0;CPXPARAM_MIP_OrderType=0;CPXPARAM_MIP_Strategy_BBInterval=7;CPXPARAM_MIP_Strategy_Branch=0;CPXPARAM_MIP_Strategy_Dive=0;CPXPARAM_MIP_Strategy_File=1;CPXPARAM_MIP_Strategy_HeuristicFreq=0;CPXPARAM_MIP_Strategy_LBHeur=0;CPXPARAM_MIP_Strategy_NodeSelect=1;CPXPARAM_MIP_Strategy_Order=1;CPXPARAM_MIP_Strategy_PresolveNode=-1;CPXPARAM_MIP_Strategy_Probe=1;CPXPARAM_MIP_Strategy_RINSHeur=0;CPXPARAM_MIP_Strategy_StartAlgorithm=0;CPXPARAM_MIP_Strategy_SubAlgorithm=0;CPXPARAM_MIP_Strategy_VariableSelect=1;CPXPARAM_Network_NetFind=2;CPXPARAM_Network_Pricing=0;CPXPARAM_Parallel=1;CPXPARAM_Preprocessing_Aggregator=-1;CPXPARAM_Preprocessing_BoundStrength=-1;CPXPARAM_Preprocessing_CoeffReduce=-1;CPXPARAM_Preprocessing_Dependency=-1;CPXPARAM_Preprocessing_Dual=0;CPXPARAM_Preprocessing_Fill=10;CPXPARAM_Preprocessing_NumPass=-1;CPXPARAM_Preprocessing_Presolve=1;CPXPARAM_Preprocessing_QPMakePSD=1;CPXPARAM_Preprocessing_Reduce=3;CPXPARAM_Preprocessing_Relax=-1;CPXPARAM_Preprocessing_RepeatPresolve=-1;CPXPARAM_Preprocessing_Symmetry=-1;CPXPARAM_Read_Scale=0;CPXPARAM_Sifting_Algorithm=0;CPXPARAM_Simplex_Crash=1;CPXPARAM_Simplex_DGradient=0;CPXPARAM_Simplex_Limits_Perturbation=0;CPXPARAM_Simplex_Limits_Singularity=10;CPXPARAM_Simplex_PGradient=0;CPXPARAM_Simplex_Pricing=0;CPXPARAM_Simplex_Refactor=0
11417010518206547641,0,CPXPARAM_Advance=1;CPXPARAM_Barrier_Algorithm=0;CPXPARAM_Barrier_ColNonzeros=0;CPXPARAM_Barrier_Crossover=0;CPXPARAM_Barrier_Limits_Corrections=-1;CPXPARAM_Barrier_Ordering=0;CPXPARAM_Barrier_StartAlg=1;CPXPARAM_Emphasis_MIP=1;CPXPARAM_Emphasis_Memory=0;CPXPARAM_Emphasis_Numerical=0;CPXPARAM_Feasopt_Mode=0;CPXPARAM_LPMethod=0;CPXPARAM_MIP_Cuts_Cliques=-1;CPXPARAM_MIP_Cuts_Covers=0;CPXPARAM_MIP_Cuts_Disjunctive=-1;CPXPARAM_MIP_Cuts_FlowCovers=1;CPXPARAM_MIP_Cuts_GUBCovers=-1;CPXPARAM_MIP_Cuts_Gomory=0;CPXPARAM_MIP_Cuts_Implied=1;CPXPARAM_MIP_Cuts_MIRCut=0;CPXPARAM_MIP_Cuts_PathCut=2;CPXPARAM_MIP_Limits_AggForCut=3;CPXPARAM_MIP_Limits_CutPasses=0;CPXPARAM_MIP_Limits_CutsFactor=-1;CPXPARAM_MIP_Limits_GomoryCand=100;CPXPARAM_MIP_Limits_GomoryPass=0;CPXPARAM_MIP_Limits_Nodes=9223372036800000000;CPXPARAM_MIP_Limits_ProbeTime=1e+75;CPXPARAM_MIP_Limits_RepairTries=0;CPXPARAM_MIP_Limits_StrongCand=10;CPXPARAM_MIP_Limits_StrongIt=0;CPXPARAM_MIP_OrderType=0;CPXPARAM_MIP_Strategy_BBInterval=7;CPXPARAM_MIP_Strategy_Branch=0;CPXPARAM_MIP_Strategy_Dive=0;CPXPARAM_MIP_Strategy_File=1;CPXPARAM_MIP_Strategy_HeuristicFreq=0;CPXPARAM_MIP_Strategy_LBHeur=0;CPXPARAM_MIP_Strategy_NodeSelect=1;CPXPARAM_MIP_Strategy_Order=1;CPXPARAM_MIP_Strategy_PresolveNode=1;CPXPARAM_MIP_Strategy_Probe=1;CPXPARAM_MIP_Strategy_RINSHeur=0;CPXPARAM_MIP_Strategy_StartAlgorithm=0;CPXPARAM_MIP_Strategy_SubAlgorithm=0;CPXPARAM_MIP_Strategy_VariableSelect=2;CPXPARAM_Network_NetFind=2;CPXPARAM_Network_Pricing=0;CPXPARAM_Parallel=1;CPXPARAM_Preprocessing_Aggregator=-1;CPXPARAM_Preprocessing_BoundStrength=-1;CPXPARAM_Preprocessing_CoeffReduce=-1;CPXPARAM_Preprocessing_Dependency=-1;CPXPARAM_Preprocessing_Dual=0;CPXPARAM_Preprocessing_Fill=10;CPXPARAM_Preprocessing_NumPass=-1;CPXPARAM_Preprocessing_Presolve=1;CPXPARAM_Preprocessing_QPMakePSD=1;CPXPARAM_Preprocessing_Reduce=3;CPXPARAM_Preprocessing_Relax=-1;CPXPARAM_Preprocessing_RepeatPresolve=-1;CPXPARAM_Preprocessing_Symmetry=-1;CPXPARAM_Read_Scale=0;CPXPARAM_Sifting_Algorithm=0;CPXPARAM_Simplex_Crash=1;CPXPARAM_Simplex_DGradient=0;CPXPARAM_Simplex_Limits_Perturbation=0;CPXPARAM_Simplex_Limits_Singularity=10;CPXPARAM_Simplex_PGradient=0;CPXPARAM_Simplex_Pricing=0;CPXPARAM_Simplex_Refactor=0
12893708155698588993,0,CPXPARAM_Advance=1;CPXPARAM_Barrier_Algorithm=0;CPXPARAM_Barrier_ColNonzeros=0;CPXPARAM_Barrier_Crossover=0;CPXPARAM_Barrier_Limits_Corrections=-1;CPXPARAM_Barrier_Ordering=0;CPXPARAM_Barrier_StartAlg=1;CPXPARAM_Emphasis_MIP=3;CPXPARAM_Emphasis_Memory=0;CPXPARAM_Emphasis_Numerical=0;CPXPARAM_Feasopt_Mode=0;CPXPARAM_LPMethod=0;CPXPARAM_MIP_Cuts_Cliques=0;CPXPARAM_MIP_Cuts_Covers=3;CPXPARAM_MIP_Cuts_Disjunctive=-1;CPXPARAM_MIP_Cuts_FlowCovers=-1;CPXPARAM_MIP_Cuts_GUBCovers=0;CPXPARAM_MIP_Cuts_Gomory=0;CPXPARAM_MIP_Cuts_Implied=1;CPXPARAM_MIP_Cuts_MIRCut=0;CPXPARAM_MIP_Cuts_PathCut=2;CPXPARAM_MIP_Limits_AggForCut=1;CPXPARAM_MIP_Limits_CutPasses=0;CPXPARAM_MIP_Limits_CutsFactor=-1;CPXPARAM_MIP_Limits_GomoryCand=50;CPXPARAM_MIP_Limits_GomoryPass=0;CPXPARAM_MIP_Limits_Nodes=9223372036800000000;CPXPARAM_MIP_Limits_ProbeTime=1e+75;CPXPARAM_MIP_Limits_RepairTries=0;CPXPARAM_MIP_Limits_StrongCand=10;CPXPARAM_MIP_Limits_StrongIt=0;CPXPARAM_MIP_OrderType=0;CPXPARAM_MIP_Strategy_BBInterval=7;CPXPARAM_MIP_Strategy_Branch=1;CPXPARAM_MIP_Strategy_Dive=0;CPXPARAM_MIP_Strategy_File=1;CPXPARAM_MIP_Strategy_HeuristicFreq=0;CPXPARAM_MIP_Strategy_LBHeur=0;CPXPARAM_MIP_Strategy_NodeSelect=0;CPXPARAM_MIP_Strategy_Order=1;CPXPARAM_MIP_Strategy_PresolveNode=3;CPXPARAM_MIP_Strategy_Probe=3;CPXPARAM_MIP_Strategy_RINSHeur=0;CPXPARAM_MIP_Strategy_StartAlgorithm=0;CPXPARAM_MIP_Strategy_SubAlgorithm=0;CPXPARAM_MIP_Strategy_VariableSelect=1;CPXPARAM_Network_NetFind=2;CPXPARAM_Network_Pricing=0;CPXPARAM_Parallel=1;CPXPARAM_Preprocessing_Aggregator=-1;CPXPARAM_Preprocessing_BoundStrength=-1;CPXPARAM_Preprocessing_CoeffReduce=-1;CPXPARAM_Preprocessing_Dependency=-1;CPXPARAM_Preprocessing_Dual=0;CPXPARAM_Preprocessing_Fill=10;CPXPARAM_Preprocessing_NumPass=-1;CPXPARAM_Preprocessing_Presolve=1;CPXPARAM_Preprocessing_QPMakePSD=1;CPXPARAM_Preprocessing_Reduce=3;CPXPARAM_Preprocessing_Relax=-1;CPXPARAM_Preprocessing_RepeatPresolve=-1;CPXPARAM_Preprocessing_Symmetry=-1;CPXPARAM_Read_Scale=0;CPXPARAM_Sifting_Algorithm=0;CPXPARAM_Simplex_Crash=1;CPXPARAM_Simplex_DGradient=0;CPXPARAM_Simplex_Limits_Perturbation=0;CPXPARAM_Simplex_Limits_Singularity=10;CPXPARAM_Simplex_PGradient=0;CPXPARAM_Simplex_Pricing=0;CPXPARAM_Simplex_Refactor=0
142583170462694377,0,CPXPARAM_Advance=1;CPXPARAM_Barrier_Algorithm=0;CPXPARAM_Barrier_ColNonzeros=0;CPXPARAM_Barrier_Crossover=0;CPXPARAM_Barrier_Limits_Corrections=-1;CPXPARAM_Barrier_Ordering=0;CPXPARAM_Barrier_StartAlg=1;CPXPARAM_Emphasis_MIP=0;CPXPARAM_Emphasis_Memory=0;CPXPARAM_Emphasis_Numerical=0;CPXPARAM_Feasopt_Mode=0;CPXPARAM_LPMethod=0;CPXPARAM_MIP_Cuts_Cliques=-1;CPXPARAM_MIP_Cuts_Covers=-1;CPXPARAM_MIP_Cuts_Disjunctive=-1;CPXPARAM_MIP_Cuts_FlowCovers=-1;CPXPARAM_MIP_Cuts_GUBCovers=2;CPXPARAM_MIP_Cuts_Gomory=0;CPXPARAM_MIP_Cuts_Implied=1;CPXPARAM_MIP_Cuts_MIRCut=-1;CPXPARAM_MIP_Cuts_PathCut=1;CPXPARAM_MIP_Limits_AggForCut=0;CPXPARAM_MIP_Limits_CutPasses=0;CPXPARAM_MIP_Limits_CutsFactor=-1;CPXPARAM_MIP_Limits_GomoryCand=200;CPXPARAM_MIP_Limits_GomoryPass=0;CPXPARAM_MIP_Limits_Nodes=9223372036800000000;CPXPARAM_MIP_Limits_ProbeTime=1e+75;CPXPARAM_MIP_Limits_RepairTries=0;CPXPARAM_MIP_Limits_StrongCand=10;CPXPARAM_MIP_Limits_StrongIt=0;CPXPARAM_MIP_OrderType=3;CPXPARAM_MIP_Strategy_BBInterval=7;CPXPARAM_MIP_Strategy_Branch=0;CPXPARAM_MIP_Strategy_Dive=0;CPXPARAM_MIP_Strategy_File=1;CPXPARAM_MIP_Strategy_HeuristicFreq=0;CPXPARAM_MIP_Strategy_LBHeur=0;CPXPARAM_MIP_Strategy_NodeSelect=0;CPXPARAM_MIP_Strategy_Order=1;CPXPARAM_MIP_Strategy_PresolveNode=-1;CPXPARAM_MIP_Strategy_Probe=3;CPXPARAM_MIP_Strategy_RINSHeur=0;CPXPARAM_MIP_Strategy_StartAlgorithm=0;CPXPARAM_MIP_Strategy_SubAlgorithm=0;CPXPARAM_MIP_Strategy_VariableSelect=0;CPXPARAM_Network_NetFind=2;CPXPARAM_Network_Pricing=0;CPXPARAM_Parallel=1;CPXPARAM_Preprocessing_Aggregator=-1;CPXPARAM_Preprocessing_BoundStrength=-1;CPXPARAM_Preprocessing_CoeffReduce=-1;CPXPARAM_Preprocessing_Dependency=-1;CPXPARAM_Preprocessing_Dual=0;CPXPARAM_Preprocessing_Fill=2;CPXPARAM_Preprocessing_NumPass=-1;CPXPARAM_Preprocessing_Presolve=1;CPXPARAM_Preprocessing_QPMakePSD=1;CPXPARAM_Preprocessing_Reduce=0;CPXPARAM_Preprocessing_Relax=-1;CPXPARAM_Preprocessing_RepeatPresolve=-1;CPXPARAM_Preprocessing_Symmetry=-1;CPXPARAM_Read_Scale=1;CPXPARAM_Sifting_Algorithm=0;CPXPARAM_Simplex_Crash=1;CPXPARAM_Simplex_DGradient=0;CPXPARAM_Simplex_Limits_Perturbation=0;CPXPARAM_Simplex_Limits_Singularity=10;CPXPARAM_Simplex_PGradient=0;CPXPARAM_Simplex_Pricing=0;CPXPARAM_Simplex_Refactor=0
16804165191784160233,0,CPXPARAM_Advance=1;CPXPARAM_Barrier_Algorithm=0;CPXPARAM_Barrier_ColNonzeros=0;CPXPARAM_Barrier_Crossover=0;CPXPARAM_Barrier_Limits_Corrections=-1;CPXPARAM_Barrier_Ordering=0;CPXPARAM_Barrier_StartAlg=1;CPXPARAM_Emphasis_MIP=0;CPXPARAM_Emphasis_Memory=0;CPXPARAM_Emphasis_Numerical=0;CPXPARAM_Feasopt_Mode=0;CPXPARAM_LPMethod=0;CPXPARAM_MIP_Cuts_Cliques=3;CPXPARAM_MIP_Cuts_Covers=3;CPXPARAM_MIP_Cuts_Disjunctive=-1;CPXPARAM_MIP_Cuts_FlowCovers=1;CPXPARAM_MIP_Cuts_GUBCovers=1;CPXPARAM_MIP_Cuts_Gomory=-1;CPXPARAM_MIP_Cuts_Implied=-1;CPXPARAM_MIP_Cuts_MIRCut=-1;CPXPARAM_MIP_Cuts_PathCut=0;CPXPARAM_MIP_Limits_AggForCut=2;CPXPARAM_MIP_Limits_CutPasses=0;CPXPARAM_MIP_Limits_CutsFactor=-1;CPXPARAM_MIP_Limits_GomoryCand=200;CPXPARAM_MIP_Limits_GomoryPass=0;CPXPARAM_MIP_Limits_Nodes=9223372036800000000;CPXPARAM_MIP_Limits_ProbeTime=1e+75;CPXPARAM_MIP_Limits_RepairTries=0;CPXPARAM_MIP_Limits_StrongCand=10;CPXPARAM_MIP_Limits_StrongIt=0;CPXPARAM_MIP_OrderType=3;CPXPARAM_MIP_Strategy_BBInterval=7;CPXPARAM_MIP_Strategy_Branch=0;CPXPARAM_MIP_Strategy_Dive=0;CPXPARAM_MIP_Strategy_File=1;CPXPARAM_MIP_Strategy_HeuristicFreq=0;CPXPARAM_MIP_Strategy_LBHeur=0;CPXPARAM_MIP_Strategy_NodeSelect=0;CPXPARAM_MIP_Strategy_Order=1;CPXPARAM_MIP_Strategy_PresolveNode=3;CPXPARAM_MIP_Strategy_Probe=1;CPXPARAM_MIP_Strategy_RINSHeur=0;CPXPARAM_MIP_Strategy_StartAlgorithm=0;CPXPARAM_MIP_Strategy_SubAlgorithm=1;CPXPARAM_MIP_Strategy_VariableSelect=2;CPXPARAM_Network_NetFind=2;CPXPARAM_Network_Pricing=0;CPXPARAM_Parallel=1;CPXPARAM_Preprocessing_Aggregator=-1;CPXPARAM_Preprocessing_BoundStrength=-1;CPXPARAM_Preprocessing_CoeffReduce=-1;CPXPARAM_Preprocessing_Dependency=-1;CPXPARAM_Preprocessing_Dual=0;CPXPARAM_Preprocessing_Fill=5;CPXPARAM_Preprocessing_NumPass=-1;CPXPARAM_Preprocessing_Presolve=1;CPXPARAM_Preprocessing_QPMakePSD=1;CPXPARAM_Preprocessing_Reduce=3;CPXPARAM_Preprocessing_Relax=-1;CPXPARAM_Preprocessing_RepeatPresolve=-1;CPXPARAM_Preprocessing_Symmetry=-1;CPXPARAM_Read_Scale=0;CPXPARAM_Sifting_Algorithm=0;CPXPARAM_Simplex_Crash=1;CPXPARAM_Simplex_DGradient=0;CPXPARAM_Simplex_Limits_Perturbation=0;CPXPARAM_Simplex_Limits_Singularity=10;CPXPARAM_Simplex_PGradient=0;CPXPARAM_Simplex_Pricing=0;CPXPARAM_Simplex_Refactor=0
14563322173330242395,0,CPXPARAM_Advance=1;CPXPARAM_Barrier_Algorithm=0;CPXPARAM_Barrier_ColNonzeros=0;CPXPARAM_Barrier_Crossover=0;CPXPARAM_Barrier_Limits_Corrections=-1;CPXPARAM_Barrier_Ordering=0;CPXPARAM_Barrier_StartAlg=1;CPXPARAM_Emphasis_MIP=5;CPXPARAM_Emphasis_Memory=0;CPXPARAM_Emphasis_Numerical=0;CPXPARAM_Feasopt_Mode=0;CPXPARAM_LPMethod=0;CPXPARAM_MIP_Cuts_Cliques=0;CPXPARAM_MIP_Cuts_Covers=3;CPXPARAM_MIP_Cuts_Disjunctive=0;CPXPARAM_MIP_Cuts_FlowCovers=1;CPXPARAM_MIP_Cuts_GUBCovers=0;CPXPARAM_MIP_Cuts_Gomory=-1;CPXPARAM_MIP_Cuts_Implied=-1;CPXPARAM_MIP_Cuts_MIRCut=-1;CPXPARAM_MIP_Cuts_PathCut=0;CPXPARAM_MIP_Limits_AggForCut=3;CPXPARAM_MIP_Limits_CutPasses=0;CPXPARAM_MIP_Limits_CutsFactor=-1;CPXPARAM_MIP_Limits_GomoryCand=400;CPXPARAM_MIP_Limits_GomoryPass=0;CPXPARAM_MIP_Limits_Nodes=9223372036800000000;CPXPARAM_MIP_Limits_ProbeTime=1e+75;CPXPARAM_MIP_Limits_RepairTries=0;CPXPARAM_MIP_Limits_StrongCand=10;CPXPARAM_MIP_Limits_StrongIt=0;CPXPARAM_MIP_OrderType=0;CPXPARAM_MIP_Strategy_BBInterval=7;CPXPARAM_MIP_Strategy_Branch=1;CPXPARAM_MIP_Strategy_Dive=0;CPXPARAM_MIP_Strategy_File=1;CPXPARAM_MIP_Strategy_HeuristicFreq=0;CPXPARAM_MIP_Strategy_LBHeur=0;CPXPARAM_MIP_Strategy_NodeSelect=3;CPXPARAM_MIP_Strategy_Order=1;CPXPARAM_MIP_Strategy_PresolveNode=0;CPXPARAM_MIP_Strategy_Probe=3;CPXPARAM_MIP_Strategy_RINSHeur=0;CPXPARAM_MIP_Strategy_StartAlgorithm=0;CPXPARAM_MIP_Strategy_SubAlgorithm=1;CPXPARAM_MIP_Strategy_VariableSelect=1;CPXPARAM_Network_NetFind=2;CPXPARAM_Network_Pricing=0;CPXPARAM_Parallel=1;CPXPARAM_Preprocessing_Aggregator=-1;CPXPARAM_Preprocessing_BoundStrength=-1;CPXPARAM_Preprocessing_CoeffReduce=-1;CPXPARAM_Preprocessing_Dependency=-1;CPXPARAM_Preprocessing_Dual=0;CPXPARAM_Preprocessing_Fill=10;CPXPARAM_Preprocessing_NumPass=-1;CPXPARAM_Preprocessing_Presolve=1;CPXPARAM_Preprocessing_QPMakePSD=1;CPXPARAM_Preprocessing_Reduce=3;CPXPARAM_Preprocessing_Relax=-1;CPXPARAM_Preprocessing_RepeatPresolve=-1;CPXPARAM_Preprocessing_Symmetry=-1;CPXPARAM_Read_Scale=0;CPXPARAM_Sifting_Algorithm=0;CPXPARAM_Simplex_Crash=1;CPXPARAM_Simplex_DGradient=0;CPXPARAM_Simplex_Limits_Perturbation=0;CPXPARAM_Simplex_Limits_Singularity=10;CPXPARAM_Simplex_PGradient=0;CPXPARAM_Simplex_Pricing=0;CPXPARAM_Simplex_Refactor=0
8614671685669566956,0,CPXPARAM_Advance=1;CPXPARAM_Barrier_Algorithm=0;CPXPARAM_Barrier_ColNonzeros=0;CPXPARAM_Barrier_Crossover=0;CPXPARAM_Barrier_Limits_Corrections=-1;CPXPARAM_Barrier_Ordering=0;CPXPARAM_Barrier_StartAlg=1;CPXPARAM_Emphasis_MIP=3;CPXPARAM_Emphasis_Memory=0;CPXPARAM_Emphasis_Numerical=0;CPXPARAM_Feasopt_Mode=0;CPXPARAM_LPMethod=0;CPXPARAM_MIP_Cuts_Cliques=2;CPXPARAM_MIP_Cuts_Covers=-1;CPXPARAM_MIP_Cuts_Disjunctive=0;CPXPARAM_MIP_Cuts_FlowCovers=2;CPXPARAM_MIP_Cuts_GUBCovers=2;CPXPARAM_MIP_Cuts_Gomory=1;CPXPARAM_MIP_Cuts_Implied=1;CPXPARAM_MIP_Cuts_MIRCut=1;CPXPARAM_MIP_Cuts_PathCut=1;CPXPARAM_MIP_Limits_AggForCut=3;CPXPARAM_MIP_Limits_CutPasses=0;CPXPARAM_MIP_Limits_CutsFactor=-1;CPXPARAM_MIP_Limits_GomoryCand=800;CPXPARAM_MIP_Limits_GomoryPass=0;CPXPARAM_MIP_Limits_Nodes=9223372036800000000;CPXPARAM_MIP_Limits_ProbeTime=1e+75;CPXPARAM_MIP_Limits_RepairTries=0;CPXPARAM_MIP_Limits_StrongCand=10;CPXPARAM_MIP_Limits_StrongIt=0;CPXPARAM_MIP_OrderType=0;CPXPARAM_MIP_Strategy_BBInterval=7;CPXPARAM_MIP_Strategy_Branch=1;CPXPARAM_MIP_Strategy_Dive=0;CPXPARAM_MIP_Strategy_File=1;CPXPARAM_MIP_Strategy_HeuristicFreq=0;CPXPARAM_MIP_Strategy_LBHeur=0;CPXPARAM_MIP_Strategy_NodeSelect=2;CPXPARAM_MIP_Strategy_Order=1;CPXPARAM_MIP_Strategy_PresolveNode=3;CPXPARAM_MIP_Strategy_Probe=3;CPXPARAM_MIP_Strategy_RINSHeur=0;CPXPARAM_MIP_Strategy_StartAlgorithm=0;CPXPARAM_MIP_Strategy_SubAlgorithm=1;CPXPARAM_MIP_Strategy_VariableSelect=4;CPXPARAM_Network_NetFind=2;CPXPARAM_Network_Pricing=0;CPXPARAM_Parallel=1;CPXPARAM_Preprocessing_Aggregator=-1;CPXPARAM_Preprocessing_BoundStrength=-1;CPXPARAM_Preprocessing_CoeffReduce=-1;CPXPARAM_Preprocessing_Dependency=-1;CPXPARAM_Preprocessing_Dual=0;CPXPARAM_Preprocessing_Fill=10;CPXPARAM_Preprocessing_NumPass=-1;CPXPARAM_Preprocessing_Presolve=1;CPXPARAM_Preprocessing_QPMakePSD=1;CPXPARAM_Preprocessing_Reduce=3;CPXPARAM_Preprocessing_Relax=-1;CPXPARAM_Preprocessing_RepeatPresolve=-1;CPXPARAM_Preprocessing_Symmetry=-1;CPXPARAM_Read_Scale=0;CPXPARAM_Sifting_Algorithm=0;CPXPARAM_Simplex_Crash=1;CPXPARAM_Simplex_DGradient=0;CPXPARAM_Simplex_Limits_Perturbation=0;CPXPARAM_Simplex_Limits_Singularity=10;CPXPARAM_Simplex_PGradient=0;CPXPARAM_Simplex_Pricing=0;CPXPARAM_Simplex_Refactor=0
5163468587887311436,0,CPXPARAM_Advance=1;CPXPARAM_Barrier_Algorithm=0;CPXPARAM_Barrier_ColNonzeros=0;CPXPARAM_Barrier_Crossover=0;CPXPARAM_Barrier_Limits_Corrections=-1;CPXPARAM_Barrier_Ordering=0;CPXPARAM_Barrier_StartAlg=1;CPXPARAM_Emphasis_MIP=0;CPXPARAM_Emphasis_Memory=0;CPXPARAM_Emphasis_Numerical=0;CPXPARAM_Feasopt_Mode=0;CPXPARAM_LPMethod=0;CPXPARAM_MIP_Cuts_Cliques=-1;CPXPARAM_MIP_Cuts_Covers=2;CPXPARAM_MIP_Cuts_Disjunctive=1;CPXPARAM_MIP_Cuts_FlowCovers=1;CPXPARAM_MIP_Cuts_GUBCovers=-1;CPXPARAM_MIP_Cuts_Gomory=0;CPXPARAM_MIP_Cuts_Implied=1;CPXPARAM_MIP_Cuts_MIRCut=1;CPXPARAM_MIP_Cuts_PathCut=2;CPXPARAM_MIP_Limits_AggForCut=0;CPXPARAM_MIP_Limits_CutPasses=0;CPXPARAM_MIP_Limits_CutsFactor=-1;CPXPARAM_MIP_Limits_GomoryCand=100;CPXPARAM_MIP_Limits_GomoryPass=0;CPXPARAM_MIP_Limits_Nodes=9223372036800000000;CPXPARAM_MIP_Limits_ProbeTime=1e+75;CPXPARAM_MIP_Limits_RepairTries=0;CPXPARAM_MIP_Limits_StrongCand=10;CPXPARAM_MIP_Limits_StrongIt=0;CPXPARAM_MIP_OrderType=1;CPXPARAM_MIP_Strategy_BBInterval=7;CPXPARAM_MIP_Strategy_Branch=-1;CPXPARAM_MIP_Strategy_Dive=0;CPXPARAM_MIP_Strategy_File=1;CPXPARAM_MIP_Strategy_HeuristicFreq=0;CPXPARAM_MIP_Strategy_LBHeur=0;CPXPARAM_MIP_Strategy_NodeSelect=3;CPXPARAM_MIP_Strategy_Order=1;CPXPARAM_MIP_Strategy_PresolveNode=-1;CPXPARAM_MIP_Strategy_Probe=3;CPXPARAM_MIP_Strategy_RINSHeur=0;CPXPARAM_MIP_Strategy_StartAlgorithm=0;CPXPARAM_MIP_Strategy_SubAlgorithm=0;CPXPARAM_MIP_Strategy_VariableSelect=2;CPXPARAM_Network_NetFind=2;CPXPARAM_Network_Pricing=0;CPXPARAM_Parallel=1;CPXPARAM_Preprocessing_Aggregator=-1;CPXPARAM_Preprocessing_BoundStrength=-1;CPXPARAM_Preprocessing_CoeffReduce=-1;CPXPARAM_Preprocessing_Dependency=-1;CPXPARAM_Preprocessing_Dual=0;CPXPARAM_Preprocessing_Fill=5;CPXPARAM_Preprocessing_NumPass=-1;CPXPARAM_Preprocessing_Presolve=1;CPXPARAM_Preprocessing_QPMakePSD=1;CPXPARAM_Preprocessing_Reduce=2;CPXPARAM_Preprocessing_Relax=-1;CPXPARAM_Preprocessing_RepeatPresolve=-1;CPXPARAM_Preprocessing_Symmetry=-1;CPXPARAM_Read_Scale=0;CPXPARAM_Sifting_Algorithm=0;CPXPARAM_Simplex_Crash=1;CPXPARAM_Simplex_DGradient=0;CPXPARAM_Simplex_Limits_Perturbation=0;CPXPARAM_Simplex_Limits_Singularity=10;CPXPARAM_Simplex_PGradient=0;CPXPARAM_Simplex_Pricing=0;CPXPARAM_Simplex_Refactor=0
10512862924362861101,0,CPXPARAM_Advance=1;CPXPARAM_Barrier_Algorithm=0;CPXPARAM_Barrier_ColNonzeros=0;CPXPARAM_Barrier_Crossover=0;CPXPARAM_Barrier_Limits_Corrections=-1;CPXPARAM_Barrier_Ordering=0;CPXPARAM_Barrier_StartAlg=1;CPXPARAM_Emphasis_MIP=0;CPXPARAM_Emphasis_Memory=0;CPXPARAM_Emphasis_Numerical=0;CPXPARAM_Feasopt_Mode=0;CPXPARAM_LPMethod=0;CPXPARAM_MIP_Cuts_Cliques=3;CPXPARAM_MIP_Cuts_Covers=0;CPXPARAM_MIP_Cuts_Disjunctive=1;CPXPARAM_MIP_Cuts_FlowCovers=-1;CPXPARAM_MIP_Cuts_GUBCovers=0;CPXPARAM_MIP_Cuts_Gomory=-1;CPXPARAM_MIP_Cuts_Implied=-1;CPXPARAM_MIP_Cuts_MIRCut=-1;CPXPARAM_MIP_Cuts_PathCut=2;CPXPARAM_MIP_Limits_AggForCut=3;CPXPARAM_MIP_Limits_CutPasses=0;CPXPARAM_MIP_Limits_CutsFactor=-1;CPXPARAM_MIP_Limits_GomoryCand=800;CPXPARAM_MIP_Limits_GomoryPass=0;CPXPARAM_MIP_Limits_Nodes=9223372036800000000;CPXPARAM_MIP_Limits_ProbeTime=1e+75;CPXPARAM_MIP_Limits_RepairTries=0;CPXPARAM_MIP_Limits_StrongCand=10;CPXPARAM_MIP_Limits_StrongIt=0;CPXPARAM_MIP_OrderType=0;CPXPARAM_MIP_Strategy_BBInterval=7;CPXPARAM_MIP_Strategy_Branch=-1;CPXPARAM_MIP_Strategy_Dive=0;CPXPARAM_MIP_Strategy_File=1;CPXPARAM_MIP_Strategy_HeuristicFreq=0;CPXPARAM_MIP_Strategy_LBHeur=0;CPXPARAM_MIP_Strategy_NodeSelect=2;CPXPARAM_MIP_Strategy_Order=1;CPXPARAM_MIP_Strategy_PresolveNode=1;CPXPARAM_MIP_Strategy_Probe=0;CPXPARAM_MIP_Strategy_RINSHeur=0;CPXPARAM_MIP_Strategy_StartAlgorithm=0;CPXPARAM_MIP_Strategy_SubAlgorithm=0;CPXPARAM_MIP_Strategy_VariableSelect=1;CPXPARAM_Network_NetFind=2;CPXPARAM_Network_Pricing=0;CPXPARAM_Parallel=1;CPXPARAM_Preprocessing_Aggregator=-1;CPXPARAM_Preprocessing_BoundStrength=-1;CPXPARAM_Preprocessing_CoeffReduce=-1;CPXPARAM_Preprocessing_Dependency=-1;CPXPARAM_Preprocessing_Dual=0;CPXPARAM_Preprocessing_Fill=10;CPXPARAM_Preprocessing_NumPass=-1;CPXPARAM_Preprocessing_Presolve=1;CPXPARAM_Preprocessing_QPMakePSD=1;CPXPARAM_Preprocessing_Reduce=3;CPXPARAM_Preprocessing_Relax=-1;CPXPARAM_Preprocessing_RepeatPresolve=-1;CPXPARAM_Preprocessing_Symmetry=-1;CPXPARAM_Read_Scale=0;CPXPARAM_Sifting_Algorithm=0;CPXPARAM_Simplex_Crash=1;CPXPARAM_Simplex_DGradient=0;CPXPARAM_Simplex_Limits_Perturbation=0;CPXPARAM_Simplex_Limits_Singularity=10;CPXPARAM_Simplex_PGradient=0;CPXPARAM_Simplex_Pricing=0;CPXPARAM_Simplex_Refactor=0
1049586706725455451,0,CPXPARAM_Advance=1;CPXPARAM_Barrier_Algorithm=0;CPXPARAM_Barrier_ColNonzeros=0;CPXPARAM_Barrier_Crossover=0;CPXPARAM_Barrier_Limits_Corrections=-1;CPXPARAM_Barrier_Ordering=0;CPXPARAM_Barrier_StartAlg=1;CPXPARAM_Emphasis_MIP=0;CPXPARAM_Emphasis_Memory=0;CPXPARAM_Emphasis_Numerical=0;CPXPARAM_Feasopt_Mode=0;CPXPARAM_LPMethod=0;CPXPARAM_MIP_Cuts_Cliques=3;CPXPARAM_MIP_Cuts_Covers=0;CPXPARAM_MIP_Cuts_Disjunctive=1;CPXPARAM_MIP_Cuts_FlowCovers=-1;CPXPARAM_MIP_Cuts_GUBCovers=0;CPXPARAM_MIP_Cuts_Gomory=-1;CPXPARAM_MIP_Cuts_Implied=-1;CPXPARAM_MIP_Cuts_MIRCut=-1;CPXPARAM_MIP_Cuts_PathCut=2;CPXPARAM_MIP_Limits_AggForCut=3;CPXPARAM_MIP_Limits_CutPasses=0;CPXPARAM_MIP_Limits_CutsFactor=-1;CPXPARAM_MIP_Limits_GomoryCand=800;CPXPARAM_MIP_Limits_GomoryPass=0;CPXPARAM_MIP_Limits_Nodes=9223372036800000000;CPXPARAM_MIP_Limits_ProbeTime=1e+75;CPXPARAM_MIP_Limits_RepairTries=0;CPXPARAM_MIP_Limits_StrongCand=10;CPXPARAM_MIP_Limits_StrongIt=0;CPXPARAM_MIP_OrderType=0;CPXPARAM_MIP_Strategy_BBInterval=7;CPXPARAM_MIP_Strategy_Branch=0;CPXPARAM_MIP_Strategy_Dive=0;CPXPARAM_MIP_Strategy_File=1;CPXPARAM_MIP_Strategy_HeuristicFreq=0;CPXPARAM_MIP_Strategy_LBHeur=0;CPXPARAM_MIP_Strategy_NodeSelect=2;CPXPARAM_MIP_Strategy_Order=1;CPXPARAM_MIP_Strategy_PresolveNode=1;CPXPARAM_MIP_Strategy_Probe=3;CPXPARAM_MIP_Strategy_RINSHeur=0;CPXPARAM_MIP_Strategy_StartAlgorithm=0;CPXPARAM_MIP_Strategy_SubAlgorithm=0;CPXPARAM_MIP_Strategy_VariableSelect=1;CPXPARAM_Network_NetFind=2;CPXPARAM_Network_Pricing=0;CPXPARAM_Parallel=1;CPXPARAM_Preprocessing_Aggregator=-1;CPXPARAM_Preprocessing_BoundStrength=-1;CPXPARAM_Preprocessing_CoeffReduce=-1;CPXPARAM_Preprocessing_Dependency=-1;CPXPARAM_Preprocessing_Dual=0;CPXPARAM_Preprocessing_Fill=10;CPXPARAM_Preprocessing_NumPass=-1;CPXPARAM_Preprocessing_Presolve=1;CPXPARAM_Preprocessing_QPMakePSD=1;CPXPARAM_Preprocessing_Reduce=3;CPXPARAM_Preprocessing_Relax=-1;CPXPARAM_Preprocessing_RepeatPresolve=-1;CPXPARAM_Preprocessing_Symmetry=-1;CPXPARAM_Read_Scale=0;CPXPARAM_Sifting_Algorithm=0;CPXPARAM_Simplex_Crash=1;CPXPARAM_Simplex_DGradient=0;CPXPARAM_Simplex_Limits_Perturbation=0;CPXPARAM_Simplex_Limits_Singularity=10;CPXPARAM_Simplex_PGradient=0;CPXPARAM_Simplex_Pricing=0;CPXPARAM_Simplex_Refactor=0
1292305151077330555,0,CPXPARAM_Advance=1;CPXPARAM_Barrier_Algorithm=0;CPXPARAM_Barrier_ColNonzeros=0;CPXPARAM_Barrier_Crossover=0;CPXPARAM_Barrier_Limits_Corrections=-1;CPXPARAM_Barrier_Ordering=0;CPXPARAM_Barrier_StartAlg=1;CPXPARAM_Emphasis_MIP=3;CPXPARAM_Emphasis_Memory=0;CPXPARAM_Emphasis_Numerical=0;CPXPARAM_Feasopt_Mode=0;CPXPARAM_LPMethod=0;CPXPARAM_MIP_Cuts_Cliques=2;CPXPARAM_MIP_Cuts_Covers=2;CPXPARAM_MIP_Cuts_Disjunctive=1;CPXPARAM_MIP_Cuts_FlowCovers=-1;CPXPARAM_MIP_Cuts_GUBCovers=0;CPXPARAM_MIP_Cuts_Gomory=-1;CPXPARAM_MIP_Cuts_Implied=-1;CPXPARAM_MIP_Cuts_MIRCut=-1;CPXPARAM_MIP_Cuts_PathCut=2;CPXPARAM_MIP_Limits_AggForCut=3;CPXPARAM_MIP_Limits_CutPasses=0;CPXPARAM_MIP_Limits_CutsFactor=-1;CPXPARAM_MIP_Limits_GomoryCand=10;CPXPARAM_MIP_Limits_GomoryPass=0;CPXPARAM_MIP_Limits_Nodes=9223372036800000000;CPXPARAM_MIP_Limits_ProbeTime=1e+75;CPXPARAM_MIP_Limits_RepairTries=0;CPXPARAM_MIP_Limits_StrongCand=10;CPXPARAM_MIP_Limits_StrongIt=0;CPXPARAM_MIP_OrderType=0;CPXPARAM_MIP_Strategy_BBInterval=7;CPXPARAM_MIP_Strategy_Branch=1;CPXPARAM_MIP_Strategy_Dive=0;CPXPARAM_MIP_Strategy_File=1;CPXPARAM_MIP_Strategy_HeuristicFreq=0;CPXPARAM_MIP_Strategy_LBHeur=0;CPXPARAM_MIP_Strategy_NodeSelect=1;CPXPARAM_MIP_Strategy_Order=1;CPXPARAM_MIP_Strategy_PresolveNode=0;CPXPARAM_MIP_Strategy_Probe=-1;CPXPARAM_MIP_Strategy_RINSHeur=0;CPXPARAM_MIP_Strategy_StartAlgorithm=0;CPXPARAM_MIP_Strategy_SubAlgorithm=0;CPXPARAM_MIP_Strategy_VariableSelect=1;CPXPARAM_Network_NetFind=2;CPXPARAM_Network_Pricing=0;CPXPARAM_Parallel=1;CPXPARAM_Preprocessing_Aggregator=-1;CPXPARAM_Preprocessing_BoundStrength=-1;CPXPARAM_Preprocessing_CoeffReduce=-1;CPXPARAM_Preprocessing_Dependency=-1;CPXPARAM_Preprocessing_Dual=0;CPXPARAM_Preprocessing_Fill=10;CPXPARAM_Preprocessing_NumPass=-1;CPXPARAM_Preprocessing_Presolve=1;CPXPARAM_Preprocessing_QPMakePSD=1;CPXPARAM_Preprocessing_Reduce=3;CPXPARAM_Preprocessing_Relax=-1;CPXPARAM_Preprocessing_RepeatPresolve=-1;CPXPARAM_Preprocessing_Symmetry=-1;CPXPARAM_Read_Scale=0;CPXPARAM_Sifting_Algorithm=0;CPXPARAM_Simplex_Crash=1;CPXPARAM_Simplex_DGradient=0;CPXPARAM_Simplex_Limits_Perturbation=0;CPXPARAM_Simplex_Limits_Singularity=10;CPXPARAM_Simplex_PGradient=0;CPXPARAM_Simplex_Pricing=0;CPXPARAM_Simplex_Refactor=0
6735768080985618069,0,CPXPARAM_Advance=1;CPXPARAM_Barrier_Algorithm=0;CPXPARAM_Barrier_ColNonzeros=0;CPXPARAM_Barrier_Crossover=0;CPXPARAM_Barrier_Limits_Corrections=-1;CPXPARAM_Barrier_Ordering=0;CPXPARAM_Barrier_StartAlg=1;CPXPARAM_Emphasis_MIP=5;CPXPARAM_Emphasis_Memory=0;CPXPARAM_Emphasis_Numerical=0;CPXPARAM_Feasopt_Mode=0;CPXPARAM_LPMethod=0;CPXPARAM_MIP_Cuts_Cliques=0;CPXPARAM_MIP_Cuts_Covers=0;CPXPARAM_MIP_Cuts_Disjunctive=0;CPXPARAM_MIP_Cuts_FlowCovers=1;CPXPARAM_MIP_Cuts_GUBCovers=1;CPXPARAM_MIP_Cuts_Gomory=-1;CPXPARAM_MIP_Cuts_Implied=2;CPXPARAM_MIP_Cuts_MIRCut=1;CPXPARAM_MIP_Cuts_PathCut=0;CPXPARAM_MIP_Limits_AggForCut=2;CPXPARAM_MIP_Limits_CutPasses=0;CPXPARAM_MIP_Limits_CutsFactor=-1;CPXPARAM_MIP_Limits_GomoryCand=800;CPXPARAM_MIP_Limits_GomoryPass=0;CPXPARAM_MIP_Limits_Nodes=9223372036800000000;CPXPARAM_MIP_Limits_ProbeTime=1e+75;CPXPARAM_MIP_Limits_RepairTries=0;CPXPARAM_MIP_Limits_StrongCand=10;CPXPARAM_MIP_Limits_StrongIt=0;CPXPARAM_MIP_OrderType=0;CPXPARAM_MIP_Strategy_BBInterval=7;CPXPARAM_MIP_Strategy_Branch=-1;CPXPARAM_MIP_Strategy_Dive=0;CPXPARAM_MIP_Strategy_File=1;CPXPARAM_MIP_Strategy_HeuristicFreq=0;CPXPARAM_MIP_Strategy_LBHeur=0;CPXPARAM_MIP_Strategy_NodeSelect=2;CPXPARAM_MIP_Strategy_Order=1;CPXPARAM_MIP_Strategy_PresolveNode=-1;CPXPARAM_MIP_Strategy_Probe=3;CPXPARAM_MIP_Strategy_RINSHeur=0;CPXPARAM_MIP_Strategy_StartAlgorithm=0;CPXPARAM_MIP_Strategy_SubAlgorithm=0;CPXPARAM_MIP_Strategy_VariableSelect=-1;CPXPARAM_Network_NetFind=2;CPXPARAM_Network_Pricing=0;CPXPARAM_Parallel=1;CPXPARAM_Preprocessing_Aggregator=-1;CPXPARAM_Preprocessing_BoundStrength=-1;CPXPARAM_Preprocessing_CoeffReduce=-1;CPXPARAM_Preprocessing_Dependency=-1;CPXPARAM_Preprocessing_Dual=0;CPXPARAM_Preprocessing_Fill=40;CPXPARAM_Preprocessing_NumPass=-1;CPXPARAM_Preprocessing_Presolve=1;CPXPARAM_Preprocessing_QPMakePSD=1;CPXPARAM_Preprocessing_Reduce=3;CPXPARAM_Preprocessing_Relax=-1;CPXPARAM_Preprocessing_RepeatPresolve=-1;CPXPARAM_Preprocessing_Symmetry=-1;CPXPARAM_Read_Scale=0;CPXPARAM_Sifting_Algorithm=0;CPXPARAM_Simplex_Crash=1;CPXPARAM_Simplex_DGradient=0;CPXPARAM_Simplex_Limits_Perturbation=0;CPXPARAM_Simplex_Limits_Singularity=10;CPXPARAM_Simplex_PGradient=0;CPXPARAM_Simplex_Pricing=0;CPXPARAM_Simplex_Refactor=0
5490986515604679337,0,CPXPARAM_Advance=1;CPXPARAM_Barrier_Algorithm=0;CPXPARAM_Barrier_ColNonzeros=0;CPXPARAM_Barrier_Crossover=0;CPXPARAM_Barrier_Limits_Corrections=-1;CPXPARAM_Barrier_Ordering=0;CPXPARAM_Barrier_StartAlg=1;CPXPARAM_Emphasis_MIP=0;CPXPARAM_Emphasis_Memory=0;CPXPARAM_Emphasis_Numerical=0;CPXPARAM_Feasopt_Mode=0;CPXPARAM_LPMethod=0;CPXPARAM_MIP_Cuts_Cliques=3;CPXPARAM_MIP_Cuts_Covers=0;CPXPARAM_MIP_Cuts_Disjunctive=1;CPXPARAM_MIP_Cuts_FlowCovers=-1;CPXPARAM_MIP_Cuts_GUBCovers=0;CPXPARAM_MIP_Cuts_Gomory=-1;CPXPARAM_MIP_Cuts_Implied=-1;CPXPARAM_MIP_Cuts_MIRCut=-1;CPXPARAM_MIP_Cuts_PathCut=2;CPXPARAM_MIP_Limits_AggForCut=3;CPXPARAM_MIP_Limits_CutPasses=0;CPXPARAM_MIP_Limits_CutsFactor=-1;CPXPARAM_MIP_Limits_GomoryCand=800;CPXPARAM_MIP_Limits_GomoryPass=0;CPXPARAM_MIP_Limits_Nodes=9223372036800000000;CPXPARAM_MIP_Limits_ProbeTime=1e+75;CPXPARAM_MIP_Limits_RepairTries=0;CPXPARAM_MIP_Limits_StrongCand=10;CPXPARAM_MIP_Limits_StrongIt=0;CPXPARAM_MIP_OrderType=0;CPXPARAM_MIP_Strategy_BBInterval=7;CPXPARAM_MIP_Strategy_Branch=0;CPXPARAM_MIP_Strategy_Dive=0;CPXPARAM_MIP_Strategy_File=1;CPXPARAM_MIP_Strategy_HeuristicFreq=0;CPXPARAM_MIP_Strategy_LBHeur=0;CPXPARAM_MIP_Strategy_NodeSelect=2;CPXPARAM_MIP_Strategy_Order=1;CPXPARAM_MIP_Strategy_PresolveNode=1;CPXPARAM_MIP_Strategy_Probe=0;CPXPARAM_MIP_Strategy_RINSHeur=0;CPXPARAM_MIP_Strategy_StartAlgorithm=0;CPXPARAM_MIP_Strategy_SubAlgorithm=0;CPXPARAM_MIP_Strategy_VariableSelect=2;CPXPARAM_Network_NetFind=2;CPXPARAM_Network_Pricing=0;CPXPARAM_Parallel=1;CPXPARAM_Preprocessing_Aggregator=-1;CPXPARAM_Preprocessing_BoundStrength=-1;CPXPARAM_Preprocessing_CoeffReduce=-1;CPXPARAM_Preprocessing_Dependency=-1;CPXPARAM_Preprocessing_Dual=0;CPXPARAM_Preprocessing_Fill=10;CPXPARAM_Preprocessing_NumPass=-1;CPXPARAM_Preprocessing_Presolve=1;CPXPARAM_Preprocessing_QPMakePSD=1;CPXPARAM_Preprocessing_Reduce=3;CPXPARAM_Preprocessing_Relax=-1;CPXPARAM_Preprocessing_RepeatPresolve=-1;CPXPARAM_Preprocessing_Symmetry=-1;CPXPARAM_Read_Scale=0;CPXPARAM_Sifting_Algorithm=0;CPXPARAM_Simplex_Crash=1;CPXPARAM_Simplex_DGradient=0;CPXPARAM_Simplex_Limits_Perturbation=0;CPXPARAM_Simplex_Limits_Singularity=10;CPXPARAM_Simplex_PGradient=0;CPXPARAM_Simplex_Pricing=0;CPXPARAM_Simplex_Refactor=0
1065907469860233683,0,CPXPARAM_Advance=1;CPXPARAM_Barrier_Algorithm=0;CPXPARAM_Barrier_ColNonzeros=0;CPXPARAM_Barrier_Crossover=0;CPXPARAM_Barrier_Limits_Corrections=-1;CPXPARAM_Barrier_Ordering=0;CPXPARAM_Barrier_StartAlg=1;CPXPARAM_Emphasis_MIP=0;CPXPARAM_Emphasis_Memory=0;CPXPARAM_Emphasis_Numerical=0;CPXPARAM_Feasopt_Mode=0;CPXPARAM_LPMethod=0;CPXPARAM_MIP_Cuts_Cliques=3;CPXPARAM_MIP_Cuts_Covers=-1;CPXPARAM_MIP_Cuts_Disjunctive=-1;CPXPARAM_MIP_Cuts_FlowCovers=-1;CPXPARAM_MIP_Cuts_GUBCovers=0;CPXPARAM_MIP_Cuts_Gomory=0;CPXPARAM_MIP_Cuts_Implied=2;CPXPARAM_MIP_Cuts_MIRCut=2;CPXPARAM_MIP_Cuts_PathCut=-1;CPXPARAM_MIP_Limits_AggForCut=2;CPXPARAM_MIP_Limits_CutPasses=0;CPXPARAM_MIP_Limits_CutsFactor=-1;CPXPARAM_MIP_Limits_GomoryCand=50;CPXPARAM_MIP_Limits_GomoryPass=0;CPXPARAM_MIP_Limits_Nodes=9223372036800000000;CPXPARAM_MIP_Limits_ProbeTime=1e+75;CPXPARAM_MIP_Limits_RepairTries=0;CPXPARAM_MIP_Limits_StrongCand=10;CPXPARAM_MIP_Limits_StrongIt=0;CPXPARAM_MIP_OrderType=0;CPXPARAM_MIP_Strategy_BBInterval=7;CPXPARAM_MIP_Strategy_Branch=0;CPXPARAM_MIP_Strategy_Dive=0;CPXPARAM_MIP_Strategy_File=1;CPXPARAM_MIP_Strategy_HeuristicFreq=0;CPXPARAM_MIP_Strategy_LBHeur=0;CPXPARAM_MIP_Strategy_NodeSelect=0;CPXPARAM_MIP_Strategy_Order=1;CPXPARAM_MIP_Strategy_PresolveNode=3;CPXPARAM_MIP_Strategy_Probe=0;CPXPARAM_MIP_Strategy_RINSHeur=0;CPXPARAM_MIP_Strategy_StartAlgorithm=0;CPXPARAM_MIP_Strategy_SubAlgorithm=0;CPXPARAM_MIP_Strategy_VariableSelect=2;CPXPARAM_Network_NetFind=2;CPXPARAM_Network_Pricing=0;CPXPARAM_Parallel=1;CPXPARAM_Preprocessing_Aggregator=-1;CPXPARAM_Preprocessing_BoundStrength=-1;CPXPARAM_Preprocessing_CoeffReduce=-1;CPXPARAM_Preprocessing_Dependency=-1;CPXPARAM_Preprocessing_Dual=0;CPXPARAM_Preprocessing_Fill=20;CPXPARAM_Preprocessing_NumPass=-1;CPXPARAM_Preprocessing_Presolve=1;CPXPARAM_Preprocessing_QPMakePSD=1;CPXPARAM_Preprocessing_Reduce=3;CPXPARAM_Preprocessing_Relax=-1;CPXPARAM_Preprocessing_RepeatPresolve=-1;CPXPARAM_Preprocessing_Symmetry=-1;CPXPARAM_Read_Scale=0;CPXPARAM_Sifting_Algorithm=0;CPXPARAM_Simplex_Crash=1;CPXPARAM_Simplex_DGradient=0;CPXPARAM_Simplex_Limits_Perturbation=0;CPXPARAM_Simplex_Limits_Singularity=10;CPXPARAM_Simplex_PGradient=0;CPXPARAM_Simplex_Pricing=0;CPXPARAM_Simplex_Refactor=0
3436786475060314815,0,CPXPARAM_Advance=1;CPXPARAM_Barrier_Algorithm=0;CPXPARAM_Barrier_ColNonzeros=0;CPXPARAM_Barrier_Crossover=0;CPXPARAM_Barrier_Limits_Corrections=-1;CPXPARAM_Barrier_Ordering=0;CPXPARAM_Barrier_StartAlg=1;CPXPARAM_Emphasis_MIP=3;CPXPARAM_Emphasis_Memory=0;CPXPARAM_Emphasis_Numerical=0;CPXPARAM_Feasopt_Mode=0;CPXPARAM_LPMethod=0;CPXPARAM_MIP_Cuts_Cliques=3;CPXPARAM_MIP_Cuts_Covers=0;CPXPARAM_MIP_Cuts_Disjunctive=1;CPXPARAM_MIP_Cuts_FlowCovers=-1;CPXPARAM_MIP_Cuts_GUBCovers=2;CPXPARAM_MIP_Cuts_Gomory=2;CPXPARAM_MIP_Cuts_Implied=0;CPXPARAM_MIP_Cuts_MIRCut=1;CPXPARAM_MIP_Cuts_PathCut=-1;CPXPARAM_MIP_Limits_AggForCut=3;CPXPARAM_MIP_Limits_CutPasses=0;CPXPARAM_MIP_Limits_CutsFactor=-1;CPXPARAM_MIP_Limits_GomoryCand=25;CPXPARAM_MIP_Limits_GomoryPass=0;CPXPARAM_MIP_Limits_Nodes=9223372036800000000;CPXPARAM_MIP_Limits_ProbeTime=1e+75;CPXPARAM_MIP_Limits_RepairTries=0;CPXPARAM_MIP_Limits_StrongCand=10;CPXPARAM_MIP_Limits_StrongIt=0;CPXPARAM_MIP_OrderType=0;CPXPARAM_MIP_Strategy_BBInterval=7;CPXPARAM_MIP_Strategy_Branch=0;CPXPARAM_MIP_Strategy_Dive=0;CPXPARAM_MIP_Strategy_File=1;CPXPARAM_MIP_Strategy_HeuristicFreq=0;CPXPARAM_MIP_Strategy_LBHeur=0;CPXPARAM_MIP_Strategy_NodeSelect=1;CPXPARAM_MIP_Strategy_Order=1;CPXPARAM_MIP_Strategy_PresolveNode=0;CPXPARAM_MIP_Strategy_Probe=0;CPXPARAM_MIP_Strategy_RINSHeur=0;CPXPARAM_MIP_Strategy_StartAlgorithm=0;CPXPARAM_MIP_Strategy_SubAlgorithm=0;CPXPARAM_MIP_Strategy_VariableSelect=0;CPXPARAM_Network_NetFind=2;CPXPARAM_Network_Pricing=0;CPXPARAM_Parallel=1;CPXPARAM_Preprocessing_Aggregator=-1;CPXPARAM_Preprocessing_BoundStrength=-1;CPXPARAM_Preprocessing_CoeffReduce=-1;CPXPARAM_Preprocessing_Dependency=-1;CPXPARAM_Preprocessing_Dual=0;CPXPARAM_Preprocessing_Fill=10;CPXPARAM_Preprocessing_NumPass=-1;CPXPARAM_Preprocessing_Presolve=1;CPXPARAM_Preprocessing_QPMakePSD=1;CPXPARAM_Preprocessing_Reduce=3;CPXPARAM_Preprocessing_Relax=-1;CPXPARAM_Preprocessing_RepeatPresolve=-1;CPXPARAM_Preprocessing_Symmetry=-1;CPXPARAM_Read_Scale=0;CPXPARAM_Sifting_Algorithm=0;CPXPARAM_Simplex_Crash=1;CPXPARAM_Simplex_DGradient=0;CPXPARAM_Simplex_Limits_Perturbation=0;CPXPARAM_Simplex_Limits_Singularity=10;CPXPARAM_Simplex_PGradient=0;CPXPARAM_Simplex_Pricing=0;CPXPARAM_Simplex_Refactor=0
7702568069778472459,0,CPXPARAM_Advance=1;CPXPARAM_Barrier_Algorithm=0;CPXPARAM_Barrier_ColNonzeros=0;CPXPARAM_Barrier_Crossover=0;CPXPARAM_Barrier_Limits_Corrections=-1;CPXPARAM_Barrier_Ordering=0;CPXPARAM_Barrier_StartAlg=1;CPXPARAM_Emphasis_MIP=2;CPXPARAM_Emphasis_Memory=0;CPXPARAM_Emphasis_Numerical=0;CPXPARAM_Feasopt_Mode=0;CPXPARAM_LPMethod=0;CPXPARAM_MIP_Cuts_Cliques=0;CPXPARAM_MIP_Cuts_Covers=3;CPXPARAM_MIP_Cuts_Disjunctive=-1;CPXPARAM_MIP_Cuts_FlowCovers=2;CPXPARAM_MIP_Cuts_GUBCovers=1;CPXPARAM_MIP_Cuts_Gomory=0;CPXPARAM_MIP_Cuts_Implied=-1;CPXPARAM_MIP_Cuts_MIRCut=0;CPXPARAM_MIP_Cuts_PathCut=0;CPXPARAM_MIP_Limits_AggForCut=3;CPXPARAM_MIP_Limits_CutPasses=0;CPXPARAM_MIP_Limits_CutsFactor=-1;CPXPARAM_MIP_Limits_GomoryCand=150;CPXPARAM_MIP_Limits_GomoryPass=0;CPXPARAM_MIP_Limits_Nodes=9223372036800000000;CPXPARAM_MIP_Limits_ProbeTime=1e+75;CPXPARAM_MIP_Limits_RepairTries=0;CPXPARAM_MIP_Limits_StrongCand=10;CPXPARAM_MIP_Limits_StrongIt=0;CPXPARAM_MIP_OrderType=0;CPXPARAM_MIP_Strategy_BBInterval=7;CPXPARAM_MIP_Strategy_Branch=1;CPXPARAM_MIP_Strategy_Dive=0;CPXPARAM_MIP_Strategy_File=1;CPXPARAM_MIP_Strategy_HeuristicFreq=0;CPXPARAM_MIP_Strategy_LBHeur=0;CPXPARAM_MIP_Strategy_NodeSelect=0;CPXPARAM_MIP_Strategy_Order=1;CPXPARAM_MIP_Strategy_PresolveNode=-1;CPXPARAM_MIP_Strategy_Probe=3;CPXPARAM_MIP_Strategy_RINSHeur=0;CPXPARAM_MIP_Strategy_StartAlgorithm=0;CPXPARAM_MIP_Strategy_SubAlgorithm=4;CPXPARAM_MIP_Strategy_VariableSelect=3;CPXPARAM_Network_NetFind=2;CPXPARAM_Network_Pricing=0;CPXPARAM_Parallel=1;CPXPARAM_Preprocessing_Aggregator=-1;CPXPARAM_Preprocessing_BoundStrength=-1;CPXPARAM_Preprocessing_CoeffReduce=-1;CPXPARAM_Preprocessing_Dependency=-1;CPXPARAM_Preprocessing_Dual=0;CPXPARAM_Preprocessing_Fill=10;CPXPARAM_Preprocessing_NumPass=-1;CPXPARAM_Preprocessing_Presolve=1;CPXPARAM_Preprocessing_QPMakePSD=1;CPXPARAM_Preprocessing_Reduce=3;CPXPARAM_Preprocessing_Relax=-1;CPXPARAM_Preprocessing_RepeatPresolve=-1;CPXPARAM_Preprocessing_Symmetry=-1;CPXPARAM_Read_Scale=0;CPXPARAM_Sifting_Algorithm=0;CPXPARAM_Simplex_Crash=1;CPXPARAM_Simplex_DGradient=0;CPXPARAM_Simplex_Limits_Perturbation=0;CPXPARAM_Simplex_Limits_Singularity=10;CPXPARAM_Simplex_PGradient=0;CPXPARAM_Simplex_Pricing=0;CPXPARAM_Simplex_Refactor=0
819644879466034089,0,CPXPARAM_Advance=1;CPXPARAM_Barrier_Algorithm=0;CPXPARAM_Barrier_ColNonzeros=0;CPXPARAM_Barrier_Crossover=0;CPXPARAM_Barrier_Limits_Corrections=-1;CPXPARAM_Barrier_Ordering=0;CPXPARAM_Barrier_StartAlg=1;CPXPARAM_Emphasis_MIP=2;CPXPARAM_Emphasis_Memory=0;CPXPARAM_Emphasis_Numerical=0;CPXPARAM_Feasopt_Mode=0;CPXPARAM_LPMethod=0;CPXPARAM_MIP_Cuts_Cliques=-1;CPXPARAM_MIP_Cuts_Covers=2;CPXPARAM_MIP_Cuts_Disjunctive=1;CPXPARAM_MIP_Cuts_FlowCovers=2;CPXPARAM_MIP_Cuts_GUBCovers=1;CPXPARAM_MIP_Cuts_Gomory=0;CPXPARAM_MIP_Cuts_Implied=-1;CPXPARAM_MIP_Cuts_MIRCut=-1;CPXPARAM_MIP_Cuts_PathCut=-1;CPXPARAM_MIP_Limits_AggForCut=3;CPXPARAM_MIP_Limits_CutPasses=0;CPXPARAM_MIP_Limits_CutsFactor=-1;CPXPARAM_MIP_Limits_GomoryCand=400;CPXPARAM_MIP_Limits_GomoryPass=0;CPXPARAM_MIP_Limits_Nodes=9223372036800000000;CPXPARAM_MIP_Limits_ProbeTime=1e+75;CPXPARAM_MIP_Limits_RepairTries=0;CPXPARAM_MIP_Limits_StrongCand=10;CPXPARAM_MIP_Limits_StrongIt=0;CPXPARAM_MIP_OrderType=0;CPXPARAM_MIP_Strategy_BBInterval=7;CPXPARAM_MIP_Strategy_Branch=0;CPXPARAM_MIP_Strategy_Dive=0;CPXPARAM_MIP_Strategy_File=1;CPXPARAM_MIP_Strategy_HeuristicFreq=0;CPXPARAM_MIP_Strategy_LBHeur=0;CPXPARAM_MIP_Strategy_NodeSelect=1;CPXPARAM_MIP_Strategy_Order=1;CPXPARAM_MIP_Strategy_PresolveNode=0;CPXPARAM_MIP_Strategy_Probe=0;CPXPARAM_MIP_Strategy_RINSHeur=0;CPXPARAM_MIP_Strategy_StartAlgorithm=0;CPXPARAM_MIP_Strategy_SubAlgorithm=0;CPXPARAM_MIP_Strategy_VariableSelect=0;CPXPARAM_Network_NetFind=2;CPXPARAM_Network_Pricing=0;CPXPARAM_Parallel=1;CPXPARAM_Preprocessing_Aggregator=-1;CPXPARAM_Preprocessing_BoundStrength=-1;CPXPARAM_Preprocessing_CoeffReduce=-1;CPXPARAM_Preprocessing_Dependency=1;CPXPARAM_Preprocessing_Dual=0;CPXPARAM_Preprocessing_Fill=10;CPXPARAM_Preprocessing_NumPass=-1;CPXPARAM_Preprocessing_Presolve=1;CPXPARAM_Preprocessing_QPMakePSD=1;CPXPARAM_Preprocessing_Reduce=3;CPXPARAM_Preprocessing_Relax=-1;CPXPARAM_Preprocessing_RepeatPresolve=-1;CPXPARAM_Preprocessing_Symmetry=-1;CPXPARAM_Read_Scale=0;CPXPARAM_Sifting_Algorithm=0;CPXPARAM_Simplex_Crash=1;CPXPARAM_Simplex_DGradient=0;CPXPARAM_Simplex_Limits_Perturbation=0;CPXPARAM_Simplex_Limits_Singularity=10;CPXPARAM_Simplex_PGradient=0;CPXPARAM_Simplex_Pricing=0;CPXPARAM_Simplex_Refactor=0
2938140346523239715,0,CPXPARAM_Advance=1;CPXPARAM_Barrier_Algorithm=0;CPXPARAM_Barrier_ColNonzeros=0;CPXPARAM_Barrier_Crossover=0;CPXPARAM_Barrier_Limits_Corrections=-1;CPXPARAM_Barrier_Ordering=0;CPXPARAM_Barrier_StartAlg=1;CPXPARAM_Emphasis_MIP=5;CPXPARAM_Emphasis_Memory=0;CPXPARAM_Emphasis_Numerical=0;CPXPARAM_Feasopt_Mode=0;CPXPARAM_LPMethod=0;CPXPARAM_MIP_Cuts_Cliques=3;CPXPARAM_MIP_Cuts_Covers=-1;CPXPARAM_MIP_Cuts_Disjunctive=-1;CPXPARAM_MIP_Cuts_FlowCovers=1;CPXPARAM_MIP_Cuts_GUBCovers=2;CPXPARAM_MIP_Cuts_Gomory=2;CPXPARAM_MIP_Cuts_Implied=-1;CPXPARAM_MIP_Cuts_MIRCut=2;CPXPARAM_MIP_Cuts_PathCut=2;CPXPARAM_MIP_Limits_AggForCut=3;CPXPARAM_MIP_Limits_CutPasses=0;CPXPARAM_MIP_Limits_CutsFactor=-1;CPXPARAM_MIP_Limits_GomoryCand=10;CPXPARAM_MIP_Limits_GomoryPass=0;CPXPARAM_MIP_Limits_Nodes=9223372036800000000;CPXPARAM_MIP_Limits_ProbeTime=1e+75;CPXPARAM_MIP_Limits_RepairTries=0;CPXPARAM_MIP_Limits_StrongCand=10;CPXPARAM_MIP_Limits_StrongIt=0;CPXPARAM_MIP_OrderType=3;CPXPARAM_MIP_Strategy_BBInterval=7;CPXPARAM_MIP_Strategy_Branch=0;CPXPARAM_MIP_Strategy_Dive=0;CPXPARAM_MIP_Strategy_File=1;CPXPARAM_MIP_Strategy_HeuristicFreq=0;CPXPARAM_MIP_Strategy_LBHeur=0;CPXPARAM_MIP_Strategy_NodeSelect=0;CPXPARAM_MIP_Strategy_Order=1;CPXPARAM_MIP_Strategy_PresolveNode=-1;CPXPARAM_MIP_Strategy_Probe=-1;CPXPARAM_MIP_Strategy_RINSHeur=0;CPXPARAM_MIP_Strategy_StartAlgorithm=0;CPXPARAM_MIP_Strategy_SubAlgorithm=3;CPXPARAM_MIP_Strategy_VariableSelect=1;CPXPARAM_Network_NetFind=2;CPXPARAM_Network_Pricing=0;CPXPARAM_Parallel=1;CPXPARAM_Preprocessing_Aggregator=-1;CPXPARAM_Preprocessing_BoundStrength=-1;CPXPARAM_Preprocessing_CoeffReduce=-1;CPXPARAM_Preprocessing_Dependency=-1;CPXPARAM_Preprocessing_Dual=0;CPXPARAM_Preprocessing_Fill=2;CPXPARAM_Preprocessing_NumPass=-1;CPXPARAM_Preprocessing_Presolve=1;CPXPARAM_Preprocessing_QPMakePSD=1;CPXPARAM_Preprocessing_Reduce=0;CPXPARAM_Preprocessing_Relax=-1;CPXPARAM_Preprocessing_RepeatPresolve=-1;CPXPARAM_Preprocessing_Symmetry=-1;CPXPARAM_Read_Scale=0;CPXPARAM_Sifting_Algorithm=0;CPXPARAM_Simplex_Crash=1;CPXPARAM_Simplex_DGradient=0;CPXPARAM_Simplex_Limits_Perturbation=0;CPXPARAM_Simplex_Limits_Singularity=10;CPXPARAM_Simplex_PGradient=0;CPXPARAM_Simplex_Pricing=0;CPXPARAM_Simplex_Refactor=0
13734698762708310003,0,CPXPARAM_Advance=1;CPXPARAM_Barrier_Algorithm=0;CPXPARAM_Barrier_ColNonzeros=0;CPXPARAM_Barrier_Crossover=0;CPXPARAM_Barrier_Limits_Corrections=-1;CPXPARAM_Barrier_Ordering=0;CPXPARAM_Barrier_StartAlg=1;CPXPARAM_Emphasis_MIP=5;CPXPARAM_Emphasis_Memory=0;CPXPARAM_Emphasis_Numerical=0;CPXPARAM_Feasopt_Mode=0;CPXPARAM_LPMethod=0;CPXPARAM_MIP_Cuts_Cliques=-1;CPXPARAM_MIP_Cuts_Covers=1;CPXPARAM_MIP_Cuts_Disjunctive=-1;CPXPARAM_MIP_Cuts_FlowCovers=2;CPXPARAM_MIP_Cuts_GUBCovers=0;CPXPARAM_MIP_Cuts_Gomory=0;CPXPARAM_MIP_Cuts_Implied=-1;CPXPARAM_MIP_Cuts_MIRCut=1;CPXPARAM_MIP_Cuts_PathCut=2;CPXPARAM_MIP_Limits_AggForCut=3;CPXPARAM_MIP_Limits_CutPasses=0;CPXPARAM_MIP_Limits_CutsFactor=-1;CPXPARAM_MIP_Limits_GomoryCand=800;CPXPARAM_MIP_Limits_GomoryPass=0;CPXPARAM_MIP_Limits_Nodes=9223372036800000000;CPXPARAM_MIP_Limits_ProbeTime=1e+75;CPXPARAM_MIP_Limits_RepairTries=0;CPXPARAM_MIP_Limits_StrongCand=10;CPXPARAM_MIP_Limits_StrongIt=0;CPXPARAM_MIP_OrderType=0;CPXPARAM_MIP_Strategy_BBInterval=7;CPXPARAM_MIP_Strategy_Branch=0;CPXPARAM_MIP_Strategy_Dive=0;CPXPARAM_MIP_Strategy_File=1;CPXPARAM_MIP_Strategy_HeuristicFreq=0;CPXPARAM_MIP_Strategy_LBHeur=0;CPXPARAM_MIP_Strategy_NodeSelect=2;CPXPARAM_MIP_Strategy_Order=1;CPXPARAM_MIP_Strategy_PresolveNode=1;CPXPARAM_MIP_Strategy_Probe=3;CPXPARAM_MIP_Strategy_RINSHeur=0;CPXPARAM_MIP_Strategy_StartAlgorithm=0;CPXPARAM_MIP_Strategy_SubAlgorithm=3;CPXPARAM_MIP_Strategy_VariableSelect=-1;CPXPARAM_Network_NetFind=2;CPXPARAM_Network_Pricing=0;CPXPARAM_Parallel=1;CPXPARAM_Preprocessing_Aggregator=-1;CPXPARAM_Preprocessing_BoundStrength=-1;CPXPARAM_Preprocessing_CoeffReduce=-1;CPXPARAM_Preprocessing_Dependency=-1;CPXPARAM_Preprocessing_Dual=0;CPXPARAM_Preprocessing_Fill=5;CPXPARAM_Preprocessing_NumPass=-1;CPXPARAM_Preprocessing_Presolve=1;CPXPARAM_Preprocessing_QPMakePSD=1;CPXPARAM_Preprocessing_Reduce=3;CPXPARAM_Preprocessing_Relax=-1;CPXPARAM_Preprocessing_RepeatPresolve=-1;CPXPARAM_Preprocessing_Symmetry=-1;CPXPARAM_Read_Scale=0;CPXPARAM_Sifting_Algorithm=0;CPXPARAM_Simplex_Crash=1;CPXPARAM_Simplex_DGradient=0;CPXPARAM_Simplex_Limits_Perturbation=0;CPXPARAM_Simplex_Limits_Singularity=10;CPXPARAM_Simplex_PGradient=0;CPXPARAM_Simplex_Pricing=0;CPXPARAM_Simplex_Refactor=0
3373843003108123151,0,CPXPARAM_Advance=1;CPXPARAM_Barrier_Algorithm=0;CPXPARAM_Barrier_ColNonzeros=0;CPXPARAM_Barrier_Crossover=0;CPXPARAM_Barrier_Limits_Corrections=-1;CPXPARAM_Barrier_Ordering=0;CPXPARAM_Barrier_StartAlg=1;CPXPARAM_Emphasis_MIP=5;CPXPARAM_Emphasis_Memory=0;CPXPARAM_Emphasis_Numerical=0;CPXPARAM_Feasopt_Mode=0;CPXPARAM_LPMethod=0;CPXPARAM_MIP_Cuts_Cliques=3;CPXPARAM_MIP_Cuts_Covers=-1;CPXPARAM_MIP_Cuts_Disjunctive=0;CPXPARAM_MIP_Cuts_FlowCovers=2;CPXPARAM_MIP_Cuts_GUBCovers=-1;CPXPARAM_MIP_Cuts_Gomory=-1;CPXPARAM_MIP_Cuts_Implied=-1;CPXPARAM_MIP_Cuts_MIRCut=2;CPXPARAM_MIP_Cuts_PathCut=0;CPXPARAM_MIP_Limits_AggForCut=3;CPXPARAM_MIP_Limits_CutPasses=0;CPXPARAM_MIP_Limits_CutsFactor=-1;CPXPARAM_MIP_Limits_GomoryCand=150;CPXPARAM_MIP_Limits_GomoryPass=0;CPXPARAM_MIP_Limits_Nodes=9223372036800000000;CPXPARAM_MIP_Limits_ProbeTime=1e+75;CPXPARAM_MIP_Limits_RepairTries=0;CPXPARAM_MIP_Limits_StrongCand=10;CPXPARAM_MIP_Limits_StrongIt=0;CPXPARAM_MIP_OrderType=0;CPXPARAM_MIP_Strategy_BBInterval=7;CPXPARAM_MIP_Strategy_Branch=1;CPXPARAM_MIP_Strategy_Dive=0;CPXPARAM_MIP_Strategy_File=1;CPXPARAM_MIP_Strategy_HeuristicFreq=0;CPXPARAM_MIP_Strategy_LBHeur=0;CPXPARAM_MIP_Strategy_NodeSelect=3;CPXPARAM_MIP_Strategy_Order=1;CPXPARAM_MIP_Strategy_PresolveNode=1;CPXPARAM_MIP_Strategy_Probe=3;CPXPARAM_MIP_Strategy_RINSHeur=0;CPXPARAM_MIP_Strategy_StartAlgorithm=0;CPXPARAM_MIP_Strategy_SubAlgorithm=3;CPXPARAM_MIP_Strategy_VariableSelect=1;CPXPARAM_Network_NetFind=2;CPXPARAM_Network_Pricing=0;CPXPARAM_Parallel=1;CPXPARAM_Preprocessing_Aggregator=-1;CPXPARAM_Preprocessing_BoundStrength=-1;CPXPARAM_Preprocessing_CoeffReduce=-1;CPXPARAM_Preprocessing_Dependency=-1;CPXPARAM_Preprocessing_Dual=0;CPXPARAM_Preprocessing_Fill=10;CPXPARAM_Preprocessing_NumPass=-1;CPXPARAM_Preprocessing_Presolve=1;CPXPARAM_Preprocessing_QPMakePSD=1;CPXPARAM_Preprocessing_Reduce=3;CPXPARAM_Preprocessing_Relax=-1;CPXPARAM_Preprocessing_RepeatPresolve=-1;CPXPARAM_Preprocessing_Symmetry=-1;CPXPARAM_Read_Scale=0;CPXPARAM_Sifting_Algorithm=0;CPXPARAM_Simplex_Crash=1;CPXPARAM_Simplex_DGradient=0;CPXPARAM_Simplex_Limits_Perturbation=0;CPXPARAM_Simplex_Limits_Singularity=10;CPXPARAM_Simplex_PGradient=0;CPXPARAM_Simplex_Pricing=0;CPXPARAM_Simplex_Refactor=0
5943573309769005892,0,CPXPARAM_Advance=1;CPXPARAM_Barrier_Algorithm=0;CPXPARAM_Barrier_ColNonzeros=0;CPXPARAM_Barrier_Crossover=0;CPXPARAM_Barrier_Limits_Corrections=-1;CPXPARAM_Barrier_Ordering=0;CPXPARAM_Barrier_StartAlg=1;CPXPARAM_Emphasis_MIP=0;CPXPARAM_Emphasis_Memory=0;CPXPARAM_Emphasis_Numerical=0;CPXPARAM_Feasopt_Mode=0;CPXPARAM_LPMethod=0;CPXPARAM_MIP_Cuts_Cliques=-1;CPXPARAM_MIP_Cuts_Covers=1;CPXPARAM_MIP_Cuts_Disjunctive=-1;CPXPARAM_MIP_Cuts_FlowCovers=0;CPXPARAM_MIP_Cuts_GUBCovers=1;CPXPARAM_MIP_Cuts_Gomory=0;CPXPARAM_MIP_Cuts_Implied=2;CPXPARAM_MIP_Cuts_MIRCut=-1;CPXPARAM_MIP_Cuts_PathCut=1;CPXPARAM_MIP_Limits_AggForCut=3;CPXPARAM_MIP_Limits_CutPasses=0;CPXPARAM_MIP_Limits_CutsFactor=-1;CPXPARAM_MIP_Limits_GomoryCand=200;CPXPARAM_MIP_Limits_GomoryPass=0;CPXPARAM_MIP_Limits_Nodes=9223372036800000000;CPXPARAM_MIP_Limits_ProbeTime=1e+75;CPXPARAM_MIP_Limits_RepairTries=0;CPXPARAM_MIP_Limits_StrongCand=10;CPXPARAM_MIP_Limits_StrongIt=0;CPXPARAM_MIP_OrderType=0;CPXPARAM_MIP_Strategy_BBInterval=7;CPXPARAM_MIP_Strategy_Branch=-1;CPXPARAM_MIP_Strategy_Dive=0;CPXPARAM_MIP_Strategy_File=1;CPXPARAM_MIP_Strategy_HeuristicFreq=0;CPXPARAM_MIP_Strategy_LBHeur=0;CPXPARAM_MIP_Strategy_NodeSelect=3;CPXPARAM_MIP_Strategy_Order=1;CPXPARAM_MIP_Strategy_PresolveNode=2;CPXPARAM_MIP_Strategy_Probe=0;CPXPARAM_MIP_Strategy_RINSHeur=0;CPXPARAM_MIP_Strategy_StartAlgorithm=0;CPXPARAM_MIP_Strategy_SubAlgorithm=0;CPXPARAM_MIP_Strategy_VariableSelect=1;CPXPARAM_Network_NetFind=2;CPXPARAM_Network_Pricing=0;CPXPARAM_Parallel=1;CPXPARAM_Preprocessing_Aggregator=-1;CPXPARAM_Preprocessing_BoundStrength=-1;CPXPARAM_Preprocessing_CoeffReduce=-1;CPXPARAM_Preprocessing_Dependency=-1;CPXPARAM_Preprocessing_Dual=0;CPXPARAM_Preprocessing_Fill=10;CPXPARAM_Preprocessing_NumPass=-1;CPXPARAM_Preprocessing_Presolve=1;CPXPARAM_Preprocessing_QPMakePSD=1;CPXPARAM_Preprocessing_Reduce=3;CPXPARAM_Preprocessing_Relax=-1;CPXPARAM_Preprocessing_RepeatPresolve=-1;CPXPARAM_Preprocessing_Symmetry=-1;CPXPARAM_Read_Scale=0;CPXPARAM_Sifting_Algorithm=0;CPXPARAM_Simplex_Crash=1;CPXPARAM_Simplex_DGradient=0;CPXPARAM_Simplex_Limits_Perturbation=0;CPXPARAM_Simplex_Limits_Singularity=10;CPXPARAM_Simplex_PGradient=0;CPXPARAM_Simplex_Pricing=0;CPXPARAM_Simplex_Refactor=0
9218192737520584833,0,CPXPARAM_Advance=1;CPXPARAM_Barrier_Algorithm=0;CPXPARAM_Barrier_ColNonzeros=0;CPXPARAM_Barrier_Crossover=0;CPXPARAM_Barrier_Limits_Corrections=-1;CPXPARAM_Barrier_Ordering=0;CPXPARAM_Barrier_StartAlg=1;CPXPARAM_Emphasis_MIP=0;CPXPARAM_Emphasis_Memory=0;CPXPARAM_Emphasis_Numerical=0;CPXPARAM_Feasopt_Mode=0;CPXPARAM_LPMethod=0;CPXPARAM_MIP_Cuts_Cliques=0;CPXPARAM_MIP_Cuts_Covers=0;CPXPARAM_MIP_Cuts_Disjunctive=0;CPXPARAM_MIP_Cuts_FlowCovers=1;CPXPARAM_MIP_Cuts_GUBCovers=2;CPXPARAM_MIP_Cuts_Gomory=0;CPXPARAM_MIP_Cuts_Implied=2;CPXPARAM_MIP_Cuts_MIRCut=-1;CPXPARAM_MIP_Cuts_PathCut=2;CPXPARAM_MIP_Limits_AggForCut=5;CPXPARAM_MIP_Limits_CutPasses=0;CPXPARAM_MIP_Limits_CutsFactor=-1;CPXPARAM_MIP_Limits_GomoryCand=800;CPXPARAM_MIP_Limits_GomoryPass=0;CPXPARAM_MIP_Limits_Nodes=9223372036800000000;CPXPARAM_MIP_Limits_ProbeTime=1e+75;CPXPARAM_MIP_Limits_RepairTries=0;CPXPARAM_MIP_Limits_StrongCand=10;CPXPARAM_MIP_Limits_StrongIt=0;CPXPARAM_MIP_OrderType=0;CPXPARAM_MIP_Strategy_BBInterval=7;CPXPARAM_MIP_Strategy_Branch=0;CPXPARAM_MIP_Strategy_Dive=0;CPXPARAM_MIP_Strategy_File=1;CPXPARAM_MIP_Strategy_HeuristicFreq=0;CPXPARAM_MIP_Strategy_LBHeur=0;CPXPARAM_MIP_Strategy_NodeSelect=0;CPXPARAM_MIP_Strategy_Order=1;CPXPARAM_MIP_Strategy_PresolveNode=0;CPXPARAM_MIP_Strategy_Probe=0;CPXPARAM_MIP_Strategy_RINSHeur=0;CPXPARAM_MIP_Strategy_StartAlgorithm=0;CPXPARAM_MIP_Strategy_SubAlgorithm=3;CPXPARAM_MIP_Strategy_VariableSelect=0;CPXPARAM_Network_NetFind=2;CPXPARAM_Network_Pricing=0;CPXPARAM_Parallel=1;CPXPARAM_Preprocessing_Aggregator=-1;CPXPARAM_Preprocessing_BoundStrength=-1;CPXPARAM_Preprocessing_CoeffReduce=-1;CPXPARAM_Preprocessing_Dependency=-1;CPXPARAM_Preprocessing_Dual=0;CPXPARAM_Preprocessing_Fill=40;CPXPARAM_Preprocessing_NumPass=-1;CPXPARAM_Preprocessing_Presolve=1;CPXPARAM_Preprocessing_QPMakePSD=1;CPXPARAM_Preprocessing_Reduce=3;CPXPARAM_Preprocessing_Relax=-1;CPXPARAM_Preprocessing_RepeatPresolve=-1;CPXPARAM_Preprocessing_Symmetry=-1;CPXPARAM_Read_Scale=0;CPXPARAM_Sifting_Algorithm=0;CPXPARAM_Simplex_Crash=1;CPXPARAM_Simplex_DGradient=0;CPXPARAM_Simplex_Limits_Perturbation=0;CPXPARAM_Simplex_Limits_Singularity=10;CPXPARAM_Simplex_PGradient=0;CPXPARAM_Simplex_Pricing=0;CPXPARAM_Simplex_Refactor=0
9103683235097794240,0,CPXPARAM_Advance=1;CPXPARAM_Barrier_Algorithm=0;CPXPARAM_Barrier_ColNonzeros=0;CPXPARAM_Barrier_Crossover=0;CPXPARAM_Barrier_Limits_Corrections=-1;CPXPARAM_Barrier_Ordering=0;CPXPARAM_Barrier_StartAlg=1;CPXPARAM_Emphasis_MIP=2;CPXPARAM_Emphasis_Memory=0;CPXPARAM_Emphasis_Numerical=0;CPXPARAM_Feasopt_Mode=0;CPXPARAM_LPMethod=0;CPXPARAM_MIP_Cuts_Cliques=0;CPXPARAM_MIP_Cuts_Covers=3;CPXPARAM_MIP_Cuts_Disjunctive=-1;CPXPARAM_MIP_Cuts_FlowCovers=2;CPXPARAM_MIP_Cuts_GUBCovers=1;CPXPARAM_MIP_Cuts_Gomory=0;CPXPARAM_MIP_Cuts_Implied=-1;CPXPARAM_MIP_Cuts_MIRCut=0;CPXPARAM_MIP_Cuts_PathCut=0;CPXPARAM_MIP_Limits_AggForCut=3;CPXPARAM_MIP_Limits_CutPasses=0;CPXPARAM_MIP_Limits_CutsFactor=-1;CPXPARAM_MIP_Limits_GomoryCand=50;CPXPARAM_MIP_Limits_GomoryPass=0;CPXPARAM_MIP_Limits_Nodes=9223372036800000000;CPXPARAM_MIP_Limits_ProbeTime=1e+75;CPXPARAM_MIP_Limits_RepairTries=0;CPXPARAM_MIP_Limits_StrongCand=10;CPXPARAM_MIP_Limits_StrongIt=0;CPXPARAM_MIP_OrderType=0;CPXPARAM_MIP_Strategy_BBInterval=7;CPXPARAM_MIP_Strategy_Branch=1;CPXPARAM_MIP_Strategy_Dive=0;CPXPARAM_MIP_Strategy_File=1;CPXPARAM_MIP_Strategy_HeuristicFreq=0;CPXPARAM_MIP_Strategy_LBHeur=0;CPXPARAM_MIP_Strategy_NodeSelect=0;CPXPARAM_MIP_Strategy_Order=1;CPXPARAM_MIP_Strategy_PresolveNode=-1;CPXPARAM_MIP_Strategy_Probe=3;CPXPARAM_MIP_Strategy_RINSHeur=0;CPXPARAM_MIP_Strategy_StartAlgorithm=0;CPXPARAM_MIP_Strategy_SubAlgorithm=4;CPXPARAM_MIP_Strategy_VariableSelect=3;CPXPARAM_Network_NetFind=2;CPXPARAM_Network_Pricing=0;CPXPARAM_Parallel=1;CPXPARAM_Preprocessing_Aggregator=-1;CPXPARAM_Preprocessing_BoundStrength=-1;CPXPARAM_Preprocessing_CoeffReduce=-1;CPXPARAM_Preprocessing_Dependency=-1;CPXPARAM_Preprocessing_Dual=0;CPXPARAM_Preprocessing_Fill=10;CPXPARAM_Preprocessing_NumPass=-1;CPXPARAM_Preprocessing_Presolve=1;CPXPARAM_Preprocessing_QPMakePSD=1;CPXPARAM_Preprocessing_Reduce=3;CPXPARAM_Preprocessing_Relax=-1;CPXPARAM_Preprocessing_RepeatPresolve=-1;CPXPARAM_Preprocessing_Symmetry=-1;CPXPARAM_Read_Scale=0;CPXPARAM_Sifting_Algorithm=0;CPXPARAM_Simplex_Crash=1;CPXPARAM_Simplex_DGradient=0;CPXPARAM_Simplex_Limits_Perturbation=0;CPXPARAM_Simplex_Limits_Singularity=10;CPXPARAM_Simplex_PGradient=0;CPXPARAM_Simplex_Pricing=0;CPXPARAM_Simplex_Refactor=0
7629314568852402615,0,CPXPARAM_Advance=1;CPXPARAM_Barrier_Algorithm=0;CPXPARAM_Barrier_ColNonzeros=0;CPXPARAM_Barrier_Crossover=0;CPXPARAM_Barrier_Limits_Corrections=-1;CPXPARAM_Barrier_Ordering=0;CPXPARAM_Barrier_StartAlg=1;CPXPARAM_Emphasis_MIP=2;CPXPARAM_Emphasis_Memory=0;CPXPARAM_Emphasis_Numerical=0;CPXPARAM_Feasopt_Mode=0;CPXPARAM_LPMethod=0;CPXPARAM_MIP_Cuts_Cliques=1;CPXPARAM_MIP_Cuts_Covers=3;CPXPARAM_MIP_Cuts_Disjunctive=1;CPXPARAM_MIP_Cuts_FlowCovers=1;CPXPARAM_MIP_Cuts_GUBCovers=1;CPXPARAM_MIP_Cuts_Gomory=0;CPXPARAM_MIP_Cuts_Implied=2;CPXPARAM_MIP_Cuts_MIRCut=1;CPXPARAM_MIP_Cuts_PathCut=2;CPXPARAM_MIP_Limits_AggForCut=5;CPXPARAM_MIP_Limits_CutPasses=0;CPXPARAM_MIP_Limits_CutsFactor=-1;CPXPARAM_MIP_Limits_GomoryCand=50;CPXPARAM_MIP_Limits_GomoryPass=0;CPXPARAM_MIP_Limits_Nodes=9223372036800000000;CPXPARAM_MIP_Limits_ProbeTime=1e+75;CPXPARAM_MIP_Limits_RepairTries=0;CPXPARAM_MIP_Limits_StrongCand=10;CPXPARAM_MIP_Limits_StrongIt=0;CPXPARAM_MIP_OrderType=1;CPXPARAM_MIP_Strategy_BBInterval=7;CPXPARAM_MIP_Strategy_Branch=0;CPXPARAM_MIP_Strategy_Dive=0;CPXPARAM_MIP_Strategy_File=1;CPXPARAM_MIP_Strategy_HeuristicFreq=0;CPXPARAM_MIP_Strategy_LBHeur=0;CPXPARAM_MIP_Strategy_NodeSelect=0;CPXPARAM_MIP_Strategy_Order=1;CPXPARAM_MIP_Strategy_PresolveNode=-1;CPXPARAM_MIP_Strategy_Probe=-1;CPXPARAM_MIP_Strategy_RINSHeur=0;CPXPARAM_MIP_Strategy_StartAlgorithm=0;CPXPARAM_MIP_Strategy_SubAlgorithm=0;CPXPARAM_MIP_Strategy_VariableSelect=1;CPXPARAM_Network_NetFind=2;CPXPARAM_Network_Pricing=0;CPXPARAM_Parallel=1;CPXPARAM_Preprocessing_Aggregator=-1;CPXPARAM_Preprocessing_BoundStrength=-1;CPXPARAM_Preprocessing_CoeffReduce=-1;CPXPARAM_Preprocessing_Dependency=-1;CPXPARAM_Preprocessing_Dual=0;CPXPARAM_Preprocessing_Fill=40;CPXPARAM_Preprocessing_NumPass=-1;CPXPARAM_Preprocessing_Presolve=1;CPXPARAM_Preprocessing_QPMakePSD=1;CPXPARAM_Preprocessing_Reduce=1;CPXPARAM_Preprocessing_Relax=-1;CPXPARAM_Preprocessing_RepeatPresolve=-1;CPXPARAM_Preprocessing_Symmetry=-1;CPXPARAM_Read_Scale=-1;CPXPARAM_Sifting_Algorithm=0;CPXPARAM_Simplex_Crash=1;CPXPARAM_Simplex_DGradient=0;CPXPARAM_Simplex_Limits_Perturbation=0;CPXPARAM_Simplex_Limits_Singularity=10;CPXPARAM_Simplex_PGradient=0;CPXPARAM_Simplex_Pricing=0;CPXPARAM_Simplex_Refactor=0
17585084581935696314,0,CPXPARAM_Advance=1;CPXPARAM_Barrier_Algorithm=0;CPXPARAM_Barrier_ColNonzeros=0;CPXPARAM_Barrier_Crossover=0;CPXPARAM_Barrier_Limits_Corrections=-1;CPXPARAM_Barrier_Ordering=0;CPXPARAM_Barrier_StartAlg=1;CPXPARAM_Emphasis_MIP=0;CPXPARAM_Emphasis_Memory=0;CPXPARAM_Emphasis_Numerical=0;CPXPARAM_Feasopt_Mode=0;CPXPARAM_LPMethod=0;CPXPARAM_MIP_Cuts_Cliques=3;CPXPARAM_MIP_Cuts_Covers=-1;CPXPARAM_MIP_Cuts_Disjunctive=-1;CPXPARAM_MIP_Cuts_FlowCovers=-1;CPXPARAM_MIP_Cuts_GUBCovers=0;CPXPARAM_MIP_Cuts_Gomory=0;CPXPARAM_MIP_Cuts_Implied=2;CPXPARAM_MIP_Cuts_MIRCut=-1;CPXPARAM_MIP_Cuts_PathCut=-1;CPXPARAM_MIP_Limits_AggForCut=2;CPXPARAM_MIP_Limits_CutPasses=0;CPXPARAM_MIP_Limits_CutsFactor=-1;CPXPARAM_MIP_Limits_GomoryCand=50;CPXPARAM_MIP_Limits_GomoryPass=0;CPXPARAM_MIP_Limits_Nodes=9223372036800000000;CPXPARAM_MIP_Limits_ProbeTime=1e+75;CPXPARAM_MIP_Limits_RepairTries=0;CPXPARAM_MIP_Limits_StrongCand=10;CPXPARAM_MIP_Limits_StrongIt=0;CPXPARAM_MIP_OrderType=0;CPXPARAM_MIP_Strategy_BBInterval=7;CPXPARAM_MIP_Strategy_Branch=0;CPXPARAM_MIP_Strategy_Dive=0;CPXPARAM_MIP_Strategy_File=1;CPXPARAM_MIP_Strategy_HeuristicFreq=0;CPXPARAM_MIP_Strategy_LBHeur=0;CPXPARAM_MIP_Strategy_NodeSelect=0;CPXPARAM_MIP_Strategy_Order=1;CPXPARAM_MIP_Strategy_PresolveNode=3;CPXPARAM_MIP_Strategy_Probe=1;CPXPARAM_MIP_Strategy_RINSHeur=0;CPXPARAM_MIP_Strategy_StartAlgorithm=0;CPXPARAM_MIP_Strategy_SubAlgorithm=0;CPXPARAM_MIP_Strategy_VariableSelect=2;CPXPARAM_Network_NetFind=2;CPXPARAM_Network_Pricing=0;CPXPARAM_Parallel=1;CPXPARAM_Preprocessing_Aggregator=-1;CPXPARAM_Preprocessing_BoundStrength=-1;CPXPARAM_Preprocessing_CoeffReduce=-1;CPXPARAM_Preprocessing_Dependency=-1;CPXPARAM_Preprocessing_Dual=0;CPXPARAM_Preprocessing_Fill=20;CPXPARAM_Preprocessing_NumPass=-1;CPXPARAM_Preprocessing_Presolve=1;CPXPARAM_Preprocessing_QPMakePSD=1;CPXPARAM_Preprocessing_Reduce=3;CPXPARAM_Preprocessing_Relax=-1;CPXPARAM_Preprocessing_RepeatPresolve=-1;CPXPARAM_Preprocessing_Symmetry=-1;CPXPARAM_Read_Scale=0;CPXPARAM_Sifting_Algorithm=0;CPXPARAM_Simplex_Crash=1;CPXPARAM_Simplex_DGradient=0;CPXPARAM_Simplex_Limits_Perturbation=0;CPXPARAM_Simplex_Limits_Singularity=10;CPXPARAM_Simplex_PGradient=0;CPXPARAM_Simplex_Pricing=0;CPXPARAM_Simplex_Refactor=0
17420589465240997750,0,CPXPARAM_Advance=1;CPXPARAM_Barrier_Algorithm=0;CPXPARAM_Barrier_ColNonzeros=0;CPXPARAM_Barrier_Crossover=0;CPXPARAM_Barrier_Limits_Corrections=-1;CPXPARAM_Barrier_Ordering=0;CPXPARAM_Barrier_StartAlg=1;CPXPARAM_Emphasis_MIP=2;CPXPARAM_Emphasis_Memory=0;CPXPARAM_Emphasis_Numerical=0;CPXPARAM_Feasopt_Mode=0;CPXPARAM_LPMethod=0;CPXPARAM_MIP_Cuts_Cliques=0;CPXPARAM_MIP_Cuts_Covers=3;CPXPARAM_MIP_Cuts_Disjunctive=-1;CPXPARAM_MIP_Cuts_FlowCovers=2;CPXPARAM_MIP_Cuts_GUBCovers=1;CPXPARAM_MIP_Cuts_Gomory=-1;CPXPARAM_MIP_Cuts_Implied=-1;CPXPARAM_MIP_Cuts_MIRCut=0;CPXPARAM_MIP_Cuts_PathCut=0;CPXPARAM_MIP_Limits_AggForCut=3;CPXPARAM_MIP_Limits_CutPasses=0;CPXPARAM_MIP_Limits_CutsFactor=-1;CPXPARAM_MIP_Limits_GomoryCand=150;CPXPARAM_MIP_Limits_GomoryPass=0;CPXPARAM_MIP_Limits_Nodes=9223372036800000000;CPXPARAM_MIP_Limits_ProbeTime=1e+75;CPXPARAM_MIP_Limits_RepairTries=0;CPXPARAM_MIP_Limits_StrongCand=10;CPXPARAM_MIP_Limits_StrongIt=0;CPXPARAM_MIP_OrderType=0;CPXPARAM_MIP_Strategy_BBInterval=7;CPXPARAM_MIP_Strategy_Branch=1;CPXPARAM_MIP_Strategy_Dive=0;CPXPARAM_MIP_Strategy_File=1;CPXPARAM_MIP_Strategy_HeuristicFreq=0;CPXPARAM_MIP_Strategy_LBHeur=0;CPXPARAM_MIP_Strategy_NodeSelect=0;CPXPARAM_MIP_Strategy_Order=1;CPXPARAM_MIP_Strategy_PresolveNode=-1;CPXPARAM_MIP_Strategy_Probe=3;CPXPARAM_MIP_Strategy_RINSHeur=0;CPXPARAM_MIP_Strategy_StartAlgorithm=0;CPXPARAM_MIP_Strategy_SubAlgorithm=4;CPXPARAM_MIP_Strategy_VariableSelect=3;CPXPARAM_Network_NetFind=2;CPXPARAM_Network_Pricing=0;CPXPARAM_Parallel=1;CPXPARAM_Preprocessing_Aggregator=-1;CPXPARAM_Preprocessing_BoundStrength=-1;CPXPARAM_Preprocessing_CoeffReduce=-1;CPXPARAM_Preprocessing_Dependency=-1;CPXPARAM_Preprocessing_Dual=0;CPXPARAM_Preprocessing_Fill=10;CPXPARAM_Preprocessing_NumPass=-1;CPXPARAM_Preprocessing_Presolve=1;CPXPARAM_Preprocessing_QPMakePSD=1;CPXPARAM_Preprocessing_Reduce=3;CPXPARAM_Preprocessing_Relax=-1;CPXPARAM_Preprocessing_RepeatPresolve=-1;CPXPARAM_Preprocessing_Symmetry=-1;CPXPARAM_Read_Scale=0;CPXPARAM_Sifting_Algorithm=0;CPXPARAM_Simplex_Crash=1;CPXPARAM_Simplex_DGradient=0;CPXPARAM_Simplex_Limits_Perturbation=0;CPXPARAM_Simplex_Limits_Singularity=10;CPXPARAM_Simplex_PGradient=0;CPXPARAM_Simplex_Pricing=0;CPXPARAM_Simplex_Refactor=0
7564314638663542592,0,CPXPARAM_Advance=1;CPXPARAM_Barrier_Algorithm=0;CPXPARAM_Barrier_ColNonzeros=0;CPXPARAM_Barrier_Crossover=0;CPXPARAM_Barrier_Limits_Corrections=-1;CPXPARAM_Barrier_Ordering=0;CPXPARAM_Barrier_StartAlg=1;CPXPARAM_Emphasis_MIP=0;CPXPARAM_Emphasis_Memory=0;CPXPARAM_Emphasis_Numerical=0;CPXPARAM_Feasopt_Mode=0;CPXPARAM_LPMethod=0;CPXPARAM_MIP_Cuts_Cliques=3;CPXPARAM_MIP_Cuts_Covers=0;CPXPARAM_MIP_Cuts_Disjunctive=-1;CPXPARAM_MIP_Cuts_FlowCovers=2;CPXPARAM_MIP_Cuts_GUBCovers=2;CPXPARAM_MIP_Cuts_Gomory=0;CPXPARAM_MIP_Cuts_Implied=-1;CPXPARAM_MIP_Cuts_MIRCut=1;CPXPARAM_MIP_Cuts_PathCut=1;CPXPARAM_MIP_Limits_AggForCut=0;CPXPARAM_MIP_Limits_CutPasses=0;CPXPARAM_MIP_Limits_CutsFactor=-1;CPXPARAM_MIP_Limits_GomoryCand=25;CPXPARAM_MIP_Limits_GomoryPass=0;CPXPARAM_MIP_Limits_Nodes=9223372036800000000;CPXPARAM_MIP_Limits_ProbeTime=1e+75;CPXPARAM_MIP_Limits_RepairTries=0;CPXPARAM_MIP_Limits_StrongCand=10;CPXPARAM_MIP_Limits_StrongIt=0;CPXPARAM_MIP_OrderType=0;CPXPARAM_MIP_Strategy_BBInterval=7;CPXPARAM_MIP_Strategy_Branch=-1;CPXPARAM_MIP_Strategy_Dive=0;CPXPARAM_MIP_Strategy_File=1;CPXPARAM_MIP_Strategy_HeuristicFreq=0;CPXPARAM_MIP_Strategy_LBHeur=0;CPXPARAM_MIP_Strategy_NodeSelect=3;CPXPARAM_MIP_Strategy_Order=1;CPXPARAM_MIP_Strategy_PresolveNode=1;CPXPARAM_MIP_Strategy_Probe=2;CPXPARAM_MIP_Strategy_RINSHeur=0;CPXPARAM_MIP_Strategy_StartAlgorithm=0;CPXPARAM_MIP_Strategy_SubAlgorithm=0;CPXPARAM_MIP_Strategy_VariableSelect=4;CPXPARAM_Network_NetFind=2;CPXPARAM_Network_Pricing=0;CPXPARAM_Parallel=1;CPXPARAM_Preprocessing_Aggregator=-1;CPXPARAM_Preprocessing_BoundStrength=-1;CPXPARAM_Preprocessing_CoeffReduce=-1;CPXPARAM_Preprocessing_Dependency=-1;CPXPARAM_Preprocessing_Dual=0;CPXPARAM_Preprocessing_Fill=5;CPXPARAM_Preprocessing_NumPass=-1;CPXPARAM_Preprocessing_Presolve=1;CPXPARAM_Preprocessing_QPMakePSD=1;CPXPARAM_Preprocessing_Reduce=3;CPXPARAM_Preprocessing_Relax=-1;CPXPARAM_Preprocessing_RepeatPresolve=-1;CPXPARAM_Preprocessing_Symmetry=-1;CPXPARAM_Read_Scale=0;CPXPARAM_Sifting_Algorithm=0;CPXPARAM_Simplex_Crash=1;CPXPARAM_Simplex_DGradient=0;CPXPARAM_Simplex_Limits_Perturbation=0;CPXPARAM_Simplex_Limits_Singularity=10;CPXPARAM_Simplex_PGradient=0;CPXPARAM_Simplex_Pricing=0;CPXPARAM_Simplex_Refactor=0
10834870332949789083,0,CPXPARAM_Advance=1;CPXPARAM_Barrier_Algorithm=0;CPXPARAM_Barrier_ColNonzeros=0;CPXPARAM_Barrier_Crossover=0;CPXPARAM_Barrier_Limits_Corrections=-1;CPXPARAM_Barrier_Ordering=0;CPXPARAM_Barrier_StartAlg=1;CPXPARAM_Emphasis_MIP=5;CPXPARAM_Emphasis_Memory=0;CPXPARAM_Emphasis_Numerical=0;CPXPARAM_Feasopt_Mode=0;CPXPARAM_LPMethod=0;CPXPARAM_MIP_Cuts_Cliques=2;CPXPARAM_MIP_Cuts_Covers=0;CPXPARAM_MIP_Cuts_Disjunctive=0;CPXPARAM_MIP_Cuts_FlowCovers=1;CPXPARAM_MIP_Cuts_GUBCovers=1;CPXPARAM_MIP_Cuts_Gomory=-1;CPXPARAM_MIP_Cuts_Implied=2;CPXPARAM_MIP_Cuts_MIRCut=1;CPXPARAM_MIP_Cuts_PathCut=0;CPXPARAM_MIP_Limits_AggForCut=3;CPXPARAM_MIP_Limits_CutPasses=0;CPXPARAM_MIP_Limits_CutsFactor=-1;CPXPARAM_MIP_Limits_GomoryCand=800;CPXPARAM_MIP_Limits_GomoryPass=0;CPXPARAM_MIP_Limits_Nodes=9223372036800000000;CPXPARAM_MIP_Limits_ProbeTime=1e+75;CPXPARAM_MIP_Limits_RepairTries=0;CPXPARAM_MIP_Limits_StrongCand=10;CPXPARAM_MIP_Limits_StrongIt=0;CPXPARAM_MIP_OrderType=0;CPXPARAM_MIP_Strategy_BBInterval=7;CPXPARAM_MIP_Strategy_Branch=-1;CPXPARAM_MIP_Strategy_Dive=0;CPXPARAM_MIP_Strategy_File=1;CPXPARAM_MIP_Strategy_HeuristicFreq=0;CPXPARAM_MIP_Strategy_LBHeur=0;CPXPARAM_MIP_Strategy_NodeSelect=2;CPXPARAM_MIP_Strategy_Order=1;CPXPARAM_MIP_Strategy_PresolveNode=-1;CPXPARAM_MIP_Strategy_Probe=3;CPXPARAM_MIP_Strategy_RINSHeur=0;CPXPARAM_MIP_Strategy_StartAlgorithm=0;CPXPARAM_MIP_Strategy_SubAlgorithm=0;CPXPARAM_MIP_Strategy_VariableSelect=-1;CPXPARAM_Network_NetFind=2;CPXPARAM_Network_Pricing=0;CPXPARAM_Parallel=1;CPXPARAM_Preprocessing_Aggregator=-1;CPXPARAM_Preprocessing_BoundStrength=-1;CPXPARAM_Preprocessing_CoeffReduce=-1;CPXPARAM_Preprocessing_Dependency=-1;CPXPARAM_Preprocessing_Dual=0;CPXPARAM_Preprocessing_Fill=40;CPXPARAM_Preprocessing_NumPass=-1;CPXPARAM_Preprocessing_Presolve=1;CPXPARAM_Preprocessing_QPMakePSD=1;CPXPARAM_Preprocessing_Reduce=3;CPXPARAM_Preprocessing_Relax=-1;CPXPARAM_Preprocessing_RepeatPresolve=-1;CPXPARAM_Preprocessing_Symmetry=-1;CPXPARAM_Read_Scale=0;CPXPARAM_Sifting_Algorithm=0;CPXPARAM_Simplex_Crash=1;CPXPARAM_Simplex_DGradient=0;CPXPARAM_Simplex_Limits_Perturbation=0;CPXPARAM_Simplex_Limits_Singularity=10;CPXPARAM_Simplex_PGradient=0;CPXPARAM_Simplex_Pricing=0;CPXPARAM_Simplex_Refactor=0
2443892653431345063,0,CPXPARAM_Advance=1;CPXPARAM_Barrier_Algorithm=0;CPXPARAM_Barrier_ColNonzeros=0;CPXPARAM_Barrier_Crossover=0;CPXPARAM_Barrier_Limits_Corrections=-1;CPXPARAM_Barrier_Ordering=0;CPXPARAM_Barrier_StartAlg=1;CPXPARAM_Emphasis_MIP=3;CPXPARAM_Emphasis_Memory=0;CPXPARAM_Emphasis_Numerical=0;CPXPARAM_Feasopt_Mode=0;CPXPARAM_LPMethod=0;CPXPARAM_MIP_Cuts_Cliques=2;CPXPARAM_MIP_Cuts_Covers=2;CPXPARAM_MIP_Cuts_Disjunctive=1;CPXPARAM_MIP_Cuts_FlowCovers=-1;CPXPARAM_MIP_Cuts_GUBCovers=0;CPXPARAM_MIP_Cuts_Gomory=0;CPXPARAM_MIP_Cuts_Implied=-1;CPXPARAM_MIP_Cuts_MIRCut=-1;CPXPARAM_MIP_Cuts_PathCut=2;CPXPARAM_MIP_Limits_AggForCut=3;CPXPARAM_MIP_Limits_CutPasses=0;CPXPARAM_MIP_Limits_CutsFactor=-1;CPXPARAM_MIP_Limits_GomoryCand=10;CPXPARAM_MIP_Limits_GomoryPass=0;CPXPARAM_MIP_Limits_Nodes=9223372036800000000;CPXPARAM_MIP_Limits_ProbeTime=1e+75;CPXPARAM_MIP_Limits_RepairTries=0;CPXPARAM_MIP_Limits_StrongCand=10;CPXPARAM_MIP_Limits_StrongIt=0;CPXPARAM_MIP_OrderType=0;CPXPARAM_MIP_Strategy_BBInterval=7;CPXPARAM_MIP_Strategy_Branch=1;CPXPARAM_MIP_Strategy_Dive=0;CPXPARAM_MIP_Strategy_File=1;CPXPARAM_MIP_Strategy_HeuristicFreq=0;CPXPARAM_MIP_Strategy_LBHeur=0;CPXPARAM_MIP_Strategy_NodeSelect=1;CPXPARAM_MIP_Strategy_Order=1;CPXPARAM_MIP_Strategy_PresolveNode=0;CPXPARAM_MIP_Strategy_Probe=-1;CPXPARAM_MIP_Strategy_RINSHeur=0;CPXPARAM_MIP_Strategy_StartAlgorithm=0;CPXPARAM_MIP_Strategy_SubAlgorithm=0;CPXPARAM_MIP_Strategy_VariableSelect=0;CPXPARAM_Network_NetFind=2;CPXPARAM_Network_Pricing=0;CPXPARAM_Parallel=1;CPXPARAM_Preprocessing_Aggregator=-1;CPXPARAM_Preprocessing_BoundStrength=-1;CPXPARAM_Preprocessing_CoeffReduce=-1;CPXPARAM_Preprocessing_Dependency=-1;CPXPARAM_Preprocessing_Dual=0;CPXPARAM_Preprocessing_Fill=10;CPXPARAM_Preprocessing_NumPass=-1;CPXPARAM_Preprocessing_Presolve=1;CPXPARAM_Preprocessing_QPMakePSD=1;CPXPARAM_Preprocessing_Reduce=3;CPXPARAM_Preprocessing_Relax=-1;CPXPARAM_Preprocessing_RepeatPresolve=-1;CPXPARAM_Preprocessing_Symmetry=-1;CPXPARAM_Read_Scale=0;CPXPARAM_Sifting_Algorithm=0;CPXPARAM_Simplex_Crash=1;CPXPARAM_Simplex_DGradient=0;CPXPARAM_Simplex_Limits_Perturbation=0;CPXPARAM_Simplex_Limits_Singularity=10;CPXPARAM_Simplex_PGradient=0;CPXPARAM_Simplex_Pricing=0;CPXPARAM_Simplex_Refactor=0
12673828587945547507,0,CPXPARAM_Advance=1;CPXPARAM_Barrier_Algorithm=0;CPXPARAM_Barrier_ColNonzeros=0;CPXPARAM_Barrier_Crossover=0;CPXPARAM_Barrier_Limits_Corrections=-1;CPXPARAM_Barrier_Ordering=0;CPXPARAM_Barrier_StartAlg=1;CPXPARAM_Emphasis_MIP=2;CPXPARAM_Emphasis_Memory=0;CPXPARAM_Emphasis_Numerical=0;CPXPARAM_Feasopt_Mode=0;CPXPARAM_LPMethod=0;CPXPARAM_MIP_Cuts_Cliques=0;CPXPARAM_MIP_Cuts_Covers=3;CPXPARAM_MIP_Cuts_Disjunctive=-1;CPXPARAM_MIP_Cuts_FlowCovers=2;CPXPARAM_MIP_Cuts_GUBCovers=1;CPXPARAM_MIP_Cuts_Gomory=0;CPXPARAM_MIP_Cuts_Implied=-1;CPXPARAM_MIP_Cuts_MIRCut=0;CPXPARAM_MIP_Cuts_PathCut=0;CPXPARAM_MIP_Limits_AggForCut=3;CPXPARAM_MIP_Limits_CutPasses=0;CPXPARAM_MIP_Limits_CutsFactor=-1;CPXPARAM_MIP_Limits_GomoryCand=150;CPXPARAM_MIP_Limits_GomoryPass=0;CPXPARAM_MIP_Limits_Nodes=9223372036800000000;CPXPARAM_MIP_Limits_ProbeTime=1e+75;CPXPARAM_MIP_Limits_RepairTries=0;CPXPARAM_MIP_Limits_StrongCand=10;CPXPARAM_MIP_Limits_StrongIt=0;CPXPARAM_MIP_OrderType=0;CPXPARAM_MIP_Strategy_BBInterval=7;CPXPARAM_MIP_Strategy_Branch=1;CPXPARAM_MIP_Strategy_Dive=0;CPXPARAM_MIP_Strategy_File=1;CPXPARAM_MIP_Strategy_HeuristicFreq=0;CPXPARAM_MIP_Strategy_LBHeur=0;CPXPARAM_MIP_Strategy_NodeSelect=0;CPXPARAM_MIP_Strategy_Order=1;CPXPARAM_MIP_Strategy_PresolveNode=-1;CPXPARAM_MIP_Strategy_Probe=3;CPXPARAM_MIP_Strategy_RINSHeur=0;CPXPARAM_MIP_Strategy_StartAlgorithm=0;CPXPARAM_MIP_Strategy_SubAlgorithm=3;CPXPARAM_MIP_Strategy_VariableSelect=3;CPXPARAM_Network_NetFind=2;CPXPARAM_Network_Pricing=0;CPXPARAM_Parallel=1;CPXPARAM_Preprocessing_Aggregator=-1;CPXPARAM_Preprocessing_BoundStrength=-1;CPXPARAM_Preprocessing_CoeffReduce=-1;CPXPARAM_Preprocessing_Dependency=-1;CPXPARAM_Preprocessing_Dual=0;CPXPARAM_Preprocessing_Fill=10;CPXPARAM_Preprocessing_NumPass=-1;CPXPARAM_Preprocessing_Presolve=1;CPXPARAM_Preprocessing_QPMakePSD=1;CPXPARAM_Preprocessing_Reduce=3;CPXPARAM_Preprocessing_Relax=-1;CPXPARAM_Preprocessing_RepeatPresolve=-1;CPXPARAM_Preprocessing_Symmetry=-1;CPXPARAM_Read_Scale=0;CPXPARAM_Sifting_Algorithm=0;CPXPARAM_Simplex_Crash=1;CPXPARAM_Simplex_DGradient=0;CPXPARAM_Simplex_Limits_Perturbation=0;CPXPARAM_Simplex_Limits_Singularity=10;CPXPARAM_Simplex_PGradient=0;CPXPARAM_Simplex_Pricing=0;CPXPARAM_Simplex_Refactor=0
3636510191159194068,0,CPXPARAM_Advance=1;CPXPARAM_Barrier_Algorithm=0;CPXPARAM_Barrier_ColNonzeros=0;CPXPARAM_Barrier_Crossover=0;CPXPARAM_Barrier_Limits_Corrections=-1;CPXPARAM_Barrier_Ordering=0;CPXPARAM_Barrier_StartAlg=1;CPXPARAM_Emphasis_MIP=3;CPXPARAM_Emphasis_Memory=0;CPXPARAM_Emphasis_Numerical=0;CPXPARAM_Feasopt_Mode=0;CPXPARAM_LPMethod=0;CPXPARAM_MIP_Cuts_Cliques=-1;CPXPARAM_MIP_Cuts_Covers=0;CPXPARAM_MIP_Cuts_Disjunctive=1;CPXPARAM_MIP_Cuts_FlowCovers=-1;CPXPARAM_MIP_Cuts_GUBCovers=0;CPXPARAM_MIP_Cuts_Gomory=0;CPXPARAM_MIP_Cuts_Implied=-1;CPXPARAM_MIP_Cuts_MIRCut=-1;CPXPARAM_MIP_Cuts_PathCut=-1;CPXPARAM_MIP_Limits_AggForCut=3;CPXPARAM_MIP_Limits_CutPasses=0;CPXPARAM_MIP_Limits_CutsFactor=-1;CPXPARAM_MIP_Limits_GomoryCand=200;CPXPARAM_MIP_Limits_GomoryPass=0;CPXPARAM_MIP_Limits_Nodes=9223372036800000000;CPXPARAM_MIP_Limits_ProbeTime=1e+75;CPXPARAM_MIP_Limits_RepairTries=0;CPXPARAM_MIP_Limits_StrongCand=10;CPXPARAM_MIP_Limits_StrongIt=0;CPXPARAM_MIP_OrderType=0;CPXPARAM_MIP_Strategy_BBInterval=7;CPXPARAM_MIP_Strategy_Branch=0;CPXPARAM_MIP_Strategy_Dive=0;CPXPARAM_MIP_Strategy_File=1;CPXPARAM_MIP_Strategy_HeuristicFreq=0;CPXPARAM_MIP_Strategy_LBHeur=0;CPXPARAM_MIP_Strategy_NodeSelect=1;CPXPARAM_MIP_Strategy_Order=1;CPXPARAM_MIP_Strategy_PresolveNode=0;CPXPARAM_MIP_Strategy_Probe=0;CPXPARAM_MIP_Strategy_RINSHeur=0;CPXPARAM_MIP_Strategy_StartAlgorithm=0;CPXPARAM_MIP_Strategy_SubAlgorithm=0;CPXPARAM_MIP_Strategy_VariableSelect=0;CPXPARAM_Network_NetFind=2;CPXPARAM_Network_Pricing=0;CPXPARAM_Parallel=1;CPXPARAM_Preprocessing_Aggregator=-1;CPXPARAM_Preprocessing_BoundStrength=-1;CPXPARAM_Preprocessing_CoeffReduce=-1;CPXPARAM_Preprocessing_Dependency=-1;CPXPARAM_Preprocessing_Dual=0;CPXPARAM_Preprocessing_Fill=10;CPXPARAM_Preprocessing_NumPass=-1;CPXPARAM_Preprocessing_Presolve=1;CPXPARAM_Preprocessing_QPMakePSD=1;CPXPARAM_Preprocessing_Reduce=3;CPXPARAM_Preprocessing_Relax=-1;CPXPARAM_Preprocessing_RepeatPresolve=-1;CPXPARAM_Preprocessing_Symmetry=-1;CPXPARAM_Read_Scale=0;CPXPARAM_Sifting_Algorithm=0;CPXPARAM_Simplex_Crash=1;CPXPARAM_Simplex_DGradient=0;CPXPARAM_Simplex_Limits_Perturbation=0;CPXPARAM_Simplex_Limits_Singularity=10;CPXPARAM_Simplex_PGradient=0;CPXPARAM_Simplex_Pricing=0;CPXPARAM_Simplex_Refactor=0
522203531700283263,0,CPXPARAM_Advance=1;CPXPARAM_Barrier_Algorithm=0;CPXPARAM_Barrier_ColNonzeros=0;CPXPARAM_Barrier_Crossover=0;CPXPARAM_Barrier_Limits_Corrections=-1;CPXPARAM_Barrier_Ordering=0;CPXPARAM_Barrier_StartAlg=1;CPXPARAM_Emphasis_MIP=1;CPXPARAM_Emphasis_Memory=0;CPXPARAM_Emphasis_Numerical=0;CPXPARAM_Feasopt_Mode=0;CPXPARAM_LPMethod=0;CPXPARAM_MIP_Cuts_Cliques=0;CPXPARAM_MIP_Cuts_Covers=0;CPXPARAM_MIP_Cuts_Disjunctive=1;CPXPARAM_MIP_Cuts_FlowCovers=2;CPXPARAM_MIP_Cuts_GUBCovers=1;CPXPARAM_MIP_Cuts_Gomory=1;CPXPARAM_MIP_Cuts_Implied=2;CPXPARAM_MIP_Cuts_MIRCut=-1;CPXPARAM_MIP_Cuts_PathCut=2;CPXPARAM_MIP_Limits_AggForCut=3;CPXPARAM_MIP_Limits_CutPasses=0;CPXPARAM_MIP_Limits_CutsFactor=-1;CPXPARAM_MIP_Limits_GomoryCand=25;CPXPARAM_MIP_Limits_GomoryPass=0;CPXPARAM_MIP_Limits_Nodes=9223372036800000000;CPXPARAM_MIP_Limits_ProbeTime=1e+75;CPXPARAM_MIP_Limits_RepairTries=0;CPXPARAM_MIP_Limits_StrongCand=10;CPXPARAM_MIP_Limits_StrongIt=0;CPXPARAM_MIP_OrderType=0;CPXPARAM_MIP_Strategy_BBInterval=7;CPXPARAM_MIP_Strategy_Branch=-1;CPXPARAM_MIP_Strategy_Dive=0;CPXPARAM_MIP_Strategy_File=1;CPXPARAM_MIP_Strategy_HeuristicFreq=0;CPXPARAM_MIP_Strategy_LBHeur=0;CPXPARAM_MIP_Strategy_NodeSelect=2;CPXPARAM_MIP_Strategy_Order=1;CPXPARAM_MIP_Strategy_PresolveNode=2;CPXPARAM_MIP_Strategy_Probe=3;CPXPARAM_MIP_Strategy_RINSHeur=0;CPXPARAM_MIP_Strategy_StartAlgorithm=0;CPXPARAM_MIP_Strategy_SubAlgorithm=0;CPXPARAM_MIP_Strategy_VariableSelect=3;CPXPARAM_Network_NetFind=2;CPXPARAM_Network_Pricing=0;CPXPARAM_Parallel=1;CPXPARAM_Preprocessing_Aggregator=-1;CPXPARAM_Preprocessing_BoundStrength=-1;CPXPARAM_Preprocessing_CoeffReduce=-1;CPXPARAM_Preprocessing_Dependency=-1;CPXPARAM_Preprocessing_Dual=0;CPXPARAM_Preprocessing_Fill=10;CPXPARAM_Preprocessing_NumPass=-1;CPXPARAM_Preprocessing_Presolve=1;CPXPARAM_Preprocessing_QPMakePSD=1;CPXPARAM_Preprocessing_Reduce=3;CPXPARAM_Preprocessing_Relax=-1;CPXPARAM_Preprocessing_RepeatPresolve=-1;CPXPARAM_Preprocessing_Symmetry=-1;CPXPARAM_Read_Scale=0;CPXPARAM_Sifting_Algorithm=0;CPXPARAM_Simplex_Crash=1;CPXPARAM_Simplex_DGradient=0;CPXPARAM_Simplex_Limits_Perturbation=0;CPXPARAM_Simplex_Limits_Singularity=10;CPXPARAM_Simplex_PGradient=0;CPXPARAM_Simplex_Pricing=0;CPXPARAM_Simplex_Refactor=0
6751575528715460616,0,CPXPARAM_Advance=1;CPXPARAM_Barrier_Algorithm=0;CPXPARAM_Barrier_ColNonzeros=0;CPXPARAM_Barrier_Crossover=0;CPXPARAM_Barrier_Limits_Corrections=-1;CPXPARAM_Barrier_Ordering=0;CPXPARAM_Barrier_StartAlg=1;CPXPARAM_Emphasis_MIP=5;CPXPARAM_Emphasis_Memory=0;CPXPARAM_Emphasis_Numerical=0;CPXPARAM_Feasopt_Mode=0;CPXPARAM_LPMethod=0;CPXPARAM_MIP_Cuts_Cliques=2;CPXPARAM_MIP_Cuts_Covers=-1;CPXPARAM_MIP_Cuts_Disjunctive=1;CPXPARAM_MIP_Cuts_FlowCovers=1;CPXPARAM_MIP_Cuts_GUBCovers=0;CPXPARAM_MIP_Cuts_Gomory=-1;CPXPARAM_MIP_Cuts_Implied=1;CPXPARAM_MIP_Cuts_MIRCut=1;CPXPARAM_MIP_Cuts_PathCut=0;CPXPARAM_MIP_Limits_AggForCut=3;CPXPARAM_MIP_Limits_CutPasses=0;CPXPARAM_MIP_Limits_CutsFactor=-1;CPXPARAM_MIP_Limits_GomoryCand=400;CPXPARAM_MIP_Limits_GomoryPass=0;CPXPARAM_MIP_Limits_Nodes=9223372036800000000;CPXPARAM_MIP_Limits_ProbeTime=1e+75;CPXPARAM_MIP_Limits_RepairTries=0;CPXPARAM_MIP_Limits_StrongCand=10;CPXPARAM_MIP_Limits_StrongIt=0;CPXPARAM_MIP_OrderType=0;CPXPARAM_MIP_Strategy_BBInterval=7;CPXPARAM_MIP_Strategy_Branch=0;CPXPARAM_MIP_Strategy_Dive=0;CPXPARAM_MIP_Strategy_File=1;CPXPARAM_MIP_Strategy_HeuristicFreq=0;CPXPARAM_MIP_Strategy_LBHeur=0;CPXPARAM_MIP_Strategy_NodeSelect=2;CPXPARAM_MIP_Strategy_Order=1;CPXPARAM_MIP_Strategy_PresolveNode=1;CPXPARAM_MIP_Strategy_Probe=0;CPXPARAM_MIP_Strategy_RINSHeur=0;CPXPARAM_MIP_Strategy_StartAlgorithm=0;CPXPARAM_MIP_Strategy_SubAlgorithm=0;CPXPARAM_MIP_Strategy_VariableSelect=2;CPXPARAM_Network_NetFind=2;CPXPARAM_Network_Pricing=0;CPXPARAM_Parallel=1;CPXPARAM_Preprocessing_Aggregator=-1;CPXPARAM_Preprocessing_BoundStrength=-1;CPXPARAM_Preprocessing_CoeffReduce=-1;CPXPARAM_Preprocessing_Dependency=-1;CPXPARAM_Preprocessing_Dual=0;CPXPARAM_Preprocessing_Fill=10;CPXPARAM_Preprocessing_NumPass=-1;CPXPARAM_Preprocessing_Presolve=1;CPXPARAM_Preprocessing_QPMakePSD=1;CPXPARAM_Preprocessing_Reduce=3;CPXPARAM_Preprocessing_Relax=-1;CPXPARAM_Preprocessing_RepeatPresolve=-1;CPXPARAM_Preprocessing_Symmetry=-1;CPXPARAM_Read_Scale=0;CPXPARAM_Sifting_Algorithm=0;CPXPARAM_Simplex_Crash=1;CPXPARAM_Simplex_DGradient=0;CPXPARAM_Simplex_Limits_Perturbation=0;CPXPARAM_Simplex_Limits_Singularity=10;CPXPARAM_Simplex_PGradient=0;CPXPARAM_Simplex_Pricing=0;CPXPARAM_Simplex_Refactor=0
3755005467325821819,0,CPXPARAM_Advance=1;CPXPARAM_Barrier_Algorithm=0;CPXPARAM_Barrier_ColNonzeros=0;CPXPARAM_Barrier_Crossover=0;CPXPARAM_Barrier_Limits_Corrections=-1;CPXPARAM_Barrier_Ordering=0;CPXPARAM_Barrier_StartAlg=1;CPXPARAM_Emphasis_MIP=3;CPXPARAM_Emphasis_Memory=0;CPXPARAM_Emphasis_Numerical=0;CPXPARAM_Feasopt_Mode=0;CPXPARAM_LPMethod=0;CPXPARAM_MIP_Cuts_Cliques=-1;CPXPARAM_MIP_Cuts_Covers=0;CPXPARAM_MIP_Cuts_Disjunctive=1;CPXPARAM_MIP_Cuts_FlowCovers=0;CPXPARAM_MIP_Cuts_GUBCovers=1;CPXPARAM_MIP_Cuts_Gomory=0;CPXPARAM_MIP_Cuts_Implied=1;CPXPARAM_MIP_Cuts_MIRCut=0;CPXPARAM_MIP_Cuts_PathCut=1;CPXPARAM_MIP_Limits_AggForCut=3;CPXPARAM_MIP_Limits_CutPasses=0;CPXPARAM_MIP_Limits_CutsFactor=-1;CPXPARAM_MIP_Limits_GomoryCand=25;CPXPARAM_MIP_Limits_GomoryPass=0;CPXPARAM_MIP_Limits_Nodes=9223372036800000000;CPXPARAM_MIP_Limits_ProbeTime=1e+75;CPXPARAM_MIP_Limits_RepairTries=0;CPXPARAM_MIP_Limits_StrongCand=10;CPXPARAM_MIP_Limits_StrongIt=0;CPXPARAM_MIP_OrderType=0;CPXPARAM_MIP_Strategy_BBInterval=7;CPXPARAM_MIP_Strategy_Branch=-1;CPXPARAM_MIP_Strategy_Dive=0;CPXPARAM_MIP_Strategy_File=1;CPXPARAM_MIP_Strategy_HeuristicFreq=0;CPXPARAM_MIP_Strategy_LBHeur=0;CPXPARAM_MIP_Strategy_NodeSelect=2;CPXPARAM_MIP_Strategy_Order=1;CPXPARAM_MIP_Strategy_PresolveNode=0;CPXPARAM_MIP_Strategy_Probe=-1;CPXPARAM_MIP_Strategy_RINSHeur=0;CPXPARAM_MIP_Strategy_StartAlgorithm=0;CPXPARAM_MIP_Strategy_SubAlgorithm=0;CPXPARAM_MIP_Strategy_VariableSelect=4;CPXPARAM_Network_NetFind=2;CPXPARAM_Network_Pricing=0;CPXPARAM_Parallel=1;CPXPARAM_Preprocessing_Aggregator=-1;CPXPARAM_Preprocessing_BoundStrength=-1;CPXPARAM_Preprocessing_CoeffReduce=-1;CPXPARAM_Preprocessing_Dependency=-1;CPXPARAM_Preprocessing_Dual=0;CPXPARAM_Preprocessing_Fill=10;CPXPARAM_Preprocessing_NumPass=-1;CPXPARAM_Preprocessing_Presolve=1;CPXPARAM_Preprocessing_QPMakePSD=1;CPXPARAM_Preprocessing_Reduce=3;CPXPARAM_Preprocessing_Relax=-1;CPXPARAM_Preprocessing_RepeatPresolve=-1;CPXPARAM_Preprocessing_Symmetry=-1;CPXPARAM_Read_Scale=0;CPXPARAM_Sifting_Algorithm=0;CPXPARAM_Simplex_Crash=1;CPXPARAM_Simplex_DGradient=0;CPXPARAM_Simplex_Limits_Perturbation=0;CPXPARAM_Simplex_Limits_Singularity=10;CPXPARAM_Simplex_PGradient=0;CPXPARAM_Simplex_Pricing=0;CPXPARAM_Simplex_Refactor=0
2936602192783950791,0,CPXPARAM_Advance=1;CPXPARAM_Barrier_Algorithm=0;CPXPARAM_Barrier_ColNonzeros=0;CPXPARAM_Barrier_Crossover=0;CPXPARAM_Barrier_Limits_Corrections=-1;CPXPARAM_Barrier_Ordering=0;CPXPARAM_Barrier_StartAlg=1;CPXPARAM_Emphasis_MIP=3;CPXPARAM_Emphasis_Memory=0;CPXPARAM_Emphasis_Numerical=0;CPXPARAM_Feasopt_Mode=0;CPXPARAM_LPMethod=0;CPXPARAM_MIP_Cuts_Cliques=-1;CPXPARAM_MIP_Cuts_Covers=0;CPXPARAM_MIP_Cuts_Disjunctive=1;CPXPARAM_MIP_Cuts_FlowCovers=0;CPXPARAM_MIP_Cuts_GUBCovers=-1;CPXPARAM_MIP_Cuts_Gomory=2;CPXPARAM_MIP_Cuts_Implied=-1;CPXPARAM_MIP_Cuts_MIRCut=1;CPXPARAM_MIP_Cuts_PathCut=2;CPXPARAM_MIP_Limits_AggForCut=10;CPXPARAM_MIP_Limits_CutPasses=0;CPXPARAM_MIP_Limits_CutsFactor=-1;CPXPARAM_MIP_Limits_GomoryCand=200;CPXPARAM_MIP_Limits_GomoryPass=0;CPXPARAM_MIP_Limits_Nodes=9223372036800000000;CPXPARAM_MIP_Limits_ProbeTime=1e+75;CPXPARAM_MIP_Limits_RepairTries=0;CPXPARAM_MIP_Limits_StrongCand=10;CPXPARAM_MIP_Limits_StrongIt=0;CPXPARAM_MIP_OrderType=0;CPXPARAM_MIP_Strategy_BBInterval=7;CPXPARAM_MIP_Strategy_Branch=-1;CPXPARAM_MIP_Strategy_Dive=0;CPXPARAM_MIP_Strategy_File=1;CPXPARAM_MIP_Strategy_HeuristicFreq=0;CPXPARAM_MIP_Strategy_LBHeur=0;CPXPARAM_MIP_Strategy_NodeSelect=2;CPXPARAM_MIP_Strategy_Order=1;CPXPARAM_MIP_Strategy_PresolveNode=0;CPXPARAM_MIP_Strategy_Probe=2;CPXPARAM_MIP_Strategy_RINSHeur=0;CPXPARAM_MIP_Strategy_StartAlgorithm=0;CPXPARAM_MIP_Strategy_SubAlgorithm=0;CPXPARAM_MIP_Strategy_VariableSelect=-1;CPXPARAM_Network_NetFind=2;CPXPARAM_Network_Pricing=0;CPXPARAM_Parallel=1;CPXPARAM_Preprocessing_Aggregator=-1;CPXPARAM_Preprocessing_BoundStrength=-1;CPXPARAM_Preprocessing_CoeffReduce=-1;CPXPARAM_Preprocessing_Dependency=-1;CPXPARAM_Preprocessing_Dual=0;CPXPARAM_Preprocessing_Fill=5;CPXPARAM_Preprocessing_NumPass=-1;CPXPARAM_Preprocessing_Presolve=1;CPXPARAM_Preprocessing_QPMakePSD=1;CPXPARAM_Preprocessing_Reduce=3;CPXPARAM_Preprocessing_Relax=-1;CPXPARAM_Preprocessing_RepeatPresolve=-1;CPXPARAM_Preprocessing_Symmetry=-1;CPXPARAM_Read_Scale=0;CPXPARAM_Sifting_Algorithm=0;CPXPARAM_Simplex_Crash=1;CPXPARAM_Simplex_DGradient=0;CPXPARAM_Simplex_Limits_Perturbation=0;CPXPARAM_Simplex_Limits_Singularity=10;CPXPARAM_Simplex_PGradient=0;CPXPARAM_Simplex_Pricing=0;CPXPARAM_Simplex_Refactor=0
5505446390604664897,0,CPXPARAM_Advance=1;CPXPARAM_Barrier_Algorithm=0;CPXPARAM_Barrier_ColNonzeros=0;CPXPARAM_Barrier_Crossover=0;CPXPARAM_Barrier_Limits_Corrections=-1;CPXPARAM_Barrier_Ordering=0;CPXPARAM_Barrier_StartAlg=1;CPXPARAM_Emphasis_MIP=2;CPXPARAM_Emphasis_Memory=0;CPXPARAM_Emphasis_Numerical=1;CPXPARAM_Feasopt_Mode=0;CPXPARAM_LPMethod=0;CPXPARAM_MIP_Cuts_Cliques=-1;CPXPARAM_MIP_Cuts_Covers=2;CPXPARAM_MIP_Cuts_Disjunctive=1;CPXPARAM_MIP_Cuts_FlowCovers=2;CPXPARAM_MIP_Cuts_GUBCovers=1;CPXPARAM_MIP_Cuts_Gomory=0;CPXPARAM_MIP_Cuts_Implied=-1;CPXPARAM_MIP_Cuts_MIRCut=-1;CPXPARAM_MIP_Cuts_PathCut=-1;CPXPARAM_MIP_Limits_AggForCut=3;CPXPARAM_MIP_Limits_CutPasses=0;CPXPARAM_MIP_Limits_CutsFactor=-1;CPXPARAM_MIP_Limits_GomoryCand=400;CPXPARAM_MIP_Limits_GomoryPass=0;CPXPARAM_MIP_Limits_Nodes=9223372036800000000;CPXPARAM_MIP_Limits_ProbeTime=1e+75;CPXPARAM_MIP_Limits_RepairTries=0;CPXPARAM_MIP_Limits_StrongCand=10;CPXPARAM_MIP_Limits_StrongIt=0;CPXPARAM_MIP_OrderType=0;CPXPARAM_MIP_Strategy_BBInterval=7;CPXPARAM_MIP_Strategy_Branch=0;CPXPARAM_MIP_Strategy_Dive=0;CPXPARAM_MIP_Strategy_File=1;CPXPARAM_MIP_Strategy_HeuristicFreq=0;CPXPARAM_MIP_Strategy_LBHeur=0;CPXPARAM_MIP_Strategy_NodeSelect=1;CPXPARAM_MIP_Strategy_Order=1;CPXPARAM_MIP_Strategy_PresolveNode=0;CPXPARAM_MIP_Strategy_Probe=0;CPXPARAM_MIP_Strategy_RINSHeur=0;CPXPARAM_MIP_Strategy_StartAlgorithm=0;CPXPARAM_MIP_Strategy_SubAlgorithm=0;CPXPARAM_MIP_Strategy_VariableSelect=0;CPXPARAM_Network_NetFind=2;CPXPARAM_Network_Pricing=0;CPXPARAM_Parallel=1;CPXPARAM_Preprocessing_Aggregator=-1;CPXPARAM_Preprocessing_BoundStrength=-1;CPXPARAM_Preprocessing_CoeffReduce=-1;CPXPARAM_Preprocessing_Dependency=-1;CPXPARAM_Preprocessing_Dual=0;CPXPARAM_Preprocessing_Fill=10;CPXPARAM_Preprocessing_NumPass=-1;CPXPARAM_Preprocessing_Presolve=1;CPXPARAM_Preprocessing_QPMakePSD=1;CPXPARAM_Preprocessing_Reduce=3;CPXPARAM_Preprocessing_Relax=-1;CPXPARAM_Preprocessing_RepeatPresolve=-1;CPXPARAM_Preprocessing_Symmetry=-1;CPXPARAM_Read_Scale=0;CPXPARAM_Sifting_Algorithm=0;CPXPARAM_Simplex_Crash=1;CPXPARAM_Simplex_DGradient=0;CPXPARAM_Simplex_Limits_Perturbation=0;CPXPARAM_Simplex_Limits_Singularity=10;CPXPARAM_Simplex_PGradient=0;CPXPARAM_Simplex_Pricing=0;CPXPARAM_Simplex_Refactor=0
12308134184177583221,0,CPXPARAM_Advance=1;CPXPARAM_Barrier_Algorithm=0;CPXPARAM_Barrier_ColNonzeros=0;CPXPARAM_Barrier_Crossover=0;CPXPARAM_Barrier_Limits_Corrections=-1;CPXPARAM_Barrier_Ordering=0;CPXPARAM_Barrier_StartAlg=1;CPXPARAM_Emphasis_MIP=5;CPXPARAM_Emphasis_Memory=0;CPXPARAM_Emphasis_Numerical=0;CPXPARAM_Feasopt_Mode=0;CPXPARAM_LPMethod=0;CPXPARAM_MIP_Cuts_Cliques=2;CPXPARAM_MIP_Cuts_Covers=-1;CPXPARAM_MIP_Cuts_Disjunctive=1;CPXPARAM_MIP_Cuts_FlowCovers=-1;CPXPARAM_MIP_Cuts_GUBCovers=0;CPXPARAM_MIP_Cuts_Gomory=-1;CPXPARAM_MIP_Cuts_Implied=1;CPXPARAM_MIP_Cuts_MIRCut=1;CPXPARAM_MIP_Cuts_PathCut=0;CPXPARAM_MIP_Limits_AggForCut=3;CPXPARAM_MIP_Limits_CutPasses=0;CPXPARAM_MIP_Limits_CutsFactor=-1;CPXPARAM_MIP_Limits_GomoryCand=400;CPXPARAM_MIP_Limits_GomoryPass=0;CPXPARAM_MIP_Limits_Nodes=9223372036800000000;CPXPARAM_MIP_Limits_ProbeTime=1e+75;CPXPARAM_MIP_Limits_RepairTries=0;CPXPARAM_MIP_Limits_StrongCand=10;CPXPARAM_MIP_Limits_StrongIt=0;CPXPARAM_MIP_OrderType=0;CPXPARAM_MIP_Strategy_BBInterval=7;CPXPARAM_MIP_Strategy_Branch=0;CPXPARAM_MIP_Strategy_Dive=0;CPXPARAM_MIP_Strategy_File=1;CPXPARAM_MIP_Strategy_HeuristicFreq=0;CPXPARAM_MIP_Strategy_LBHeur=0;CPXPARAM_MIP_Strategy_NodeSelect=2;CPXPARAM_MIP_Strategy_Order=1;CPXPARAM_MIP_Strategy_PresolveNode=1;CPXPARAM_MIP_Strategy_Probe=0;CPXPARAM_MIP_Strategy_RINSHeur=0;CPXPARAM_MIP_Strategy_StartAlgorithm=0;CPXPARAM_MIP_Strategy_SubAlgorithm=0;CPXPARAM_MIP_Strategy_VariableSelect=2;CPXPARAM_Network_NetFind=2;CPXPARAM_Network_Pricing=0;CPXPARAM_Parallel=1;CPXPARAM_Preprocessing_Aggregator=-1;CPXPARAM_Preprocessing_BoundStrength=-1;CPXPARAM_Preprocessing_CoeffReduce=-1;CPXPARAM_Preprocessing_Dependency=-1;CPXPARAM_Preprocessing_Dual=0;CPXPARAM_Preprocessing_Fill=10;CPXPARAM_Preprocessing_NumPass=-1;CPXPARAM_Preprocessing_Presolve=1;CPXPARAM_Preprocessing_QPMakePSD=1;CPXPARAM_Preprocessing_Reduce=3;CPXPARAM_Preprocessing_Relax=-1;CPXPARAM_Preprocessing_RepeatPresolve=-1;CPXPARAM_Preprocessing_Symmetry=-1;CPXPARAM_Read_Scale=0;CPXPARAM_Sifting_Algorithm=0;CPXPARAM_Simplex_Crash=1;CPXPARAM_Simplex_DGradient=0;CPXPARAM_Simplex_Limits_Perturbation=0;CPXPARAM_Simplex_Limits_Singularity=10;CPXPARAM_Simplex_PGradient=0;CPXPARAM_Simplex_Pricing=0;CPXPARAM_Simplex_Refactor=0
18355180197283738203,0,CPXPARAM_Advance=1;CPXPARAM_Barrier_Algorithm=0;CPXPARAM_Barrier_ColNonzeros=0;CPXPARAM_Barrier_Crossover=0;CPXPARAM_Barrier_Limits_Corrections=-1;CPXPARAM_Barrier_Ordering=0;CPXPARAM_Barrier_StartAlg=1;CPXPARAM_Emphasis_MIP=5;CPXPARAM_Emphasis_Memory=0;CPXPARAM_Emphasis_Numerical=0;CPXPARAM_Feasopt_Mode=0;CPXPARAM_LPMethod=0;CPXPARAM_MIP_Cuts_Cliques=-1;CPXPARAM_MIP_Cuts_Covers=-1;CPXPARAM_MIP_Cuts_Disjunctive=1;CPXPARAM_MIP_Cuts_FlowCovers=1;CPXPARAM_MIP_Cuts_GUBCovers=0;CPXPARAM_MIP_Cuts_Gomory=-1;CPXPARAM_MIP_Cuts_Implied=1;CPXPARAM_MIP_Cuts_MIRCut=1;CPXPARAM_MIP_Cuts_PathCut=0;CPXPARAM_MIP_Limits_AggForCut=3;CPXPARAM_MIP_Limits_CutPasses=0;CPXPARAM_MIP_Limits_CutsFactor=-1;CPXPARAM_MIP_Limits_GomoryCand=400;CPXPARAM_MIP_Limits_GomoryPass=0;CPXPARAM_MIP_Limits_Nodes=9223372036800000000;CPXPARAM_MIP_Limits_ProbeTime=1e+75;CPXPARAM_MIP_Limits_RepairTries=0;CPXPARAM_MIP_Limits_StrongCand=10;CPXPARAM_MIP_Limits_StrongIt=0;CPXPARAM_MIP_OrderType=0;CPXPARAM_MIP_Strategy_BBInterval=7;CPXPARAM_MIP_Strategy_Branch=0;CPXPARAM_MIP_Strategy_Dive=0;CPXPARAM_MIP_Strategy_File=1;CPXPARAM_MIP_Strategy_HeuristicFreq=0;CPXPARAM_MIP_Strategy_LBHeur=0;CPXPARAM_MIP_Strategy_NodeSelect=2;CPXPARAM_MIP_Strategy_Order=1;CPXPARAM_MIP_Strategy_PresolveNode=1;CPXPARAM_MIP_Strategy_Probe=0;CPXPARAM_MIP_Strategy_RINSHeur=0;CPXPARAM_MIP_Strategy_StartAlgorithm=0;CPXPARAM_MIP_Strategy_SubAlgorithm=0;CPXPARAM_MIP_Strategy_VariableSelect=2;CPXPARAM_Network_NetFind=2;CPXPARAM_Network_Pricing=0;CPXPARAM_Parallel=1;CPXPARAM_Preprocessing_Aggregator=-1;CPXPARAM_Preprocessing_BoundStrength=-1;CPXPARAM_Preprocessing_CoeffReduce=-1;CPXPARAM_Preprocessing_Dependency=-1;CPXPARAM_Preprocessing_Dual=0;CPXPARAM_Preprocessing_Fill=10;CPXPARAM_Preprocessing_NumPass=-1;CPXPARAM_Preprocessing_Presolve=1;CPXPARAM_Preprocessing_QPMakePSD=1;CPXPARAM_Preprocessing_Reduce=3;CPXPARAM_Preprocessing_Relax=-1;CPXPARAM_Preprocessing_RepeatPresolve=-1;CPXPARAM_Preprocessing_Symmetry=-1;CPXPARAM_Read_Scale=0;CPXPARAM_Sifting_Algorithm=0;CPXPARAM_Simplex_Crash=1;CPXPARAM_Simplex_DGradient=0;CPXPARAM_Simplex_Limits_Perturbation=0;CPXPARAM_Simplex_Limits_Singularity=10;CPXPARAM_Simplex_PGradient=0;CPXPARAM_Simplex_Pricing=0;CPXPARAM_Simplex_Refactor=0
784796693015180877,0,CPXPARAM_Advance=1;CPXPARAM_Barrier_Algorithm=0;CPXPARAM_Barrier_ColNonzeros=0;CPXPARAM_Barrier_Crossover=0;CPXPARAM_Barrier_Limits_Corrections=-1;CPXPARAM_Barrier_Ordering=0;CPXPARAM_Barrier_StartAlg=1;CPXPARAM_Emphasis_MIP=0;CPXPARAM_Emphasis_Memory=0;CPXPARAM_Emphasis_Numerical=0;CPXPARAM_Feasopt_Mode=0;CPXPARAM_LPMethod=0;CPXPARAM_MIP_Cuts_Cliques=3;CPXPARAM_MIP_Cuts_Covers=-1;CPXPARAM_MIP_Cuts_Disjunctive=-1;CPXPARAM_MIP_Cuts_FlowCovers=-1;CPXPARAM_MIP_Cuts_GUBCovers=0;CPXPARAM_MIP_Cuts_Gomory=0;CPXPARAM_MIP_Cuts_Implied=2;CPXPARAM_MIP_Cuts_MIRCut=-1;CPXPARAM_MIP_Cuts_PathCut=-1;CPXPARAM_MIP_Limits_AggForCut=2;CPXPARAM_MIP_Limits_CutPasses=0;CPXPARAM_MIP_Limits_CutsFactor=-1;CPXPARAM_MIP_Limits_GomoryCand=50;CPXPARAM_MIP_Limits_GomoryPass=0;CPXPARAM_MIP_Limits_Nodes=9223372036800000000;CPXPARAM_MIP_Limits_ProbeTime=1e+75;CPXPARAM_MIP_Limits_RepairTries=0;CPXPARAM_MIP_Limits_StrongCand=10;CPXPARAM_MIP_Limits_StrongIt=0;CPXPARAM_MIP_OrderType=0;CPXPARAM_MIP_Strategy_BBInterval=7;CPXPARAM_MIP_Strategy_Branch=0;CPXPARAM_MIP_Strategy_Dive=0;CPXPARAM_MIP_Strategy_File=1;CPXPARAM_MIP_Strategy_HeuristicFreq=0;CPXPARAM_MIP_Strategy_LBHeur=0;CPXPARAM_MIP_Strategy_NodeSelect=0;CPXPARAM_MIP_Strategy_Order=1;CPXPARAM_MIP_Strategy_PresolveNode=3;CPXPARAM_MIP_Strategy_Probe=0;CPXPARAM_MIP_Strategy_RINSHeur=0;CPXPARAM_MIP_Strategy_StartAlgorithm=0;CPXPARAM_MIP_Strategy_SubAlgorithm=0;CPXPARAM_MIP_Strategy_VariableSelect=2;CPXPARAM_Network_NetFind=2;CPXPARAM_Network_Pricing=0;CPXPARAM_Parallel=1;CPXPARAM_Preprocessing_Aggregator=-1;CPXPARAM_Preprocessing_BoundStrength=-1;CPXPARAM_Preprocessing_CoeffReduce=-1;CPXPARAM_Preprocessing_Dependency=-1;CPXPARAM_Preprocessing_Dual=0;CPXPARAM_Preprocessing_Fill=20;CPXPARAM_Preprocessing_NumPass=-1;CPXPARAM_Preprocessing_Presolve=1;CPXPARAM_Preprocessing_QPMakePSD=1;CPXPARAM_Preprocessing_Reduce=3;CPXPARAM_Preprocessing_Relax=-1;CPXPARAM_Preprocessing_RepeatPresolve=-1;CPXPARAM_Preprocessing_Symmetry=-1;CPXPARAM_Read_Scale=0;CPXPARAM_Sifting_Algorithm=0;CPXPARAM_Simplex_Crash=1;CPXPARAM_Simplex_DGradient=0;CPXPARAM_Simplex_Limits_Perturbation=0;CPXPARAM_Simplex_Limits_Singularity=10;CPXPARAM_Simplex_PGradient=0;CPXPARAM_Simplex_Pricing=0;CPXPARAM_Simplex_Refactor=0
13142775907471777501,0,CPXPARAM_Advance=1;CPXPARAM_Barrier_Algorithm=0;CPXPARAM_Barrier_ColNonzeros=0;CPXPARAM_Barrier_Crossover=0;CPXPARAM_Barrier_Limits_Corrections=-1;CPXPARAM_Barrier_Ordering=0;CPXPARAM_Barrier_StartAlg=1;CPXPARAM_Emphasis_MIP=5;CPXPARAM_Emphasis_Memory=0;CPXPARAM_Emphasis_Numerical=0;CPXPARAM_Feasopt_Mode=0;CPXPARAM_LPMethod=0;CPXPARAM_MIP_Cuts_Cliques=2;CPXPARAM_MIP_Cuts_Covers=-1;CPXPARAM_MIP_Cuts_Disjunctive=1;CPXPARAM_MIP_Cuts_FlowCovers=1;CPXPARAM_MIP_Cuts_GUBCovers=2;CPXPARAM_MIP_Cuts_Gomory=-1;CPXPARAM_MIP_Cuts_Implied=1;CPXPARAM_MIP_Cuts_MIRCut=1;CPXPARAM_MIP_Cuts_PathCut=0;CPXPARAM_MIP_Limits_AggForCut=3;CPXPARAM_MIP_Limits_CutPasses=0;CPXPARAM_MIP_Limits_CutsFactor=-1;CPXPARAM_MIP_Limits_GomoryCand=400;CPXPARAM_MIP_Limits_GomoryPass=0;CPXPARAM_MIP_Limits_Nodes=9223372036800000000;CPXPARAM_MIP_Limits_ProbeTime=1e+75;CPXPARAM_MIP_Limits_RepairTries=0;CPXPARAM_MIP_Limits_StrongCand=10;CPXPARAM_MIP_Limits_StrongIt=0;CPXPARAM_MIP_OrderType=0;CPXPARAM_MIP_Strategy_BBInterval=7;CPXPARAM_MIP_Strategy_Branch=0;CPXPARAM_MIP_Strategy_Dive=0;CPXPARAM_MIP_Strategy_File=1;CPXPARAM_MIP_Strategy_HeuristicFreq=0;CPXPARAM_MIP_Strategy_LBHeur=0;CPXPARAM_MIP_Strategy_NodeSelect=2;CPXPARAM_MIP_Strategy_Order=1;CPXPARAM_MIP_Strategy_PresolveNode=1;CPXPARAM_MIP_Strategy_Probe=0;CPXPARAM_MIP_Strategy_RINSHeur=0;CPXPARAM_MIP_Strategy_StartAlgorithm=0;CPXPARAM_MIP_Strategy_SubAlgorithm=0;CPXPARAM_MIP_Strategy_VariableSelect=2;CPXPARAM_Network_NetFind=2;CPXPARAM_Network_Pricing=0;CPXPARAM_Parallel=1;CPXPARAM_Preprocessing_Aggregator=-1;CPXPARAM_Preprocessing_BoundStrength=-1;CPXPARAM_Preprocessing_CoeffReduce=-1;CPXPARAM_Preprocessing_Dependency=-1;CPXPARAM_Preprocessing_Dual=0;CPXPARAM_Preprocessing_Fill=10;CPXPARAM_Preprocessing_NumPass=-1;CPXPARAM_Preprocessing_Presolve=1;CPXPARAM_Preprocessing_QPMakePSD=1;CPXPARAM_Preprocessing_Reduce=3;CPXPARAM_Preprocessing_Relax=-1;CPXPARAM_Preprocessing_RepeatPresolve=-1;CPXPARAM_Preprocessing_Symmetry=-1;CPXPARAM_Read_Scale=0;CPXPARAM_Sifting_Algorithm=0;CPXPARAM_Simplex_Crash=1;CPXPARAM_Simplex_DGradient=0;CPXPARAM_Simplex_Limits_Perturbation=0;CPXPARAM_Simplex_Limits_Singularity=10;CPXPARAM_Simplex_PGradient=0;CPXPARAM_Simplex_Pricing=0;CPXPARAM_Simplex_Refactor=0
8492012463483294004,0,CPXPARAM_Advance=1;CPXPARAM_Barrier_Algorithm=0;CPXPARAM_Barrier_ColNonzeros=0;CPXPARAM_Barrier_Crossover=0;CPXPARAM_Barrier_Limits_Corrections=-1;CPXPARAM_Barrier_Ordering=0;CPXPARAM_Barrier_StartAlg=1;CPXPARAM_Emphasis_MIP=1;CPXPARAM_Emphasis_Memory=0;CPXPARAM_Emphasis_Numerical=0;CPXPARAM_Feasopt_Mode=0;CPXPARAM_LPMethod=0;CPXPARAM_MIP_Cuts_Cliques=0;CPXPARAM_MIP_Cuts_Covers=0;CPXPARAM_MIP_Cuts_Disjunctive=0;CPXPARAM_MIP_Cuts_FlowCovers=2;CPXPARAM_MIP_Cuts_GUBCovers=2;CPXPARAM_MIP_Cuts_Gomory=1;CPXPARAM_MIP_Cuts_Implied=0;CPXPARAM_MIP_Cuts_MIRCut=0;CPXPARAM_MIP_Cuts_PathCut=-1;CPXPARAM_MIP_Limits_AggForCut=3;CPXPARAM_MIP_Limits_CutPasses=0;CPXPARAM_MIP_Limits_CutsFactor=-1;CPXPARAM_MIP_Limits_GomoryCand=150;CPXPARAM_MIP_Limits_GomoryPass=0;CPXPARAM_MIP_Limits_Nodes=9223372036800000000;CPXPARAM_MIP_Limits_ProbeTime=1e+75;CPXPARAM_MIP_Limits_RepairTries=0;CPXPARAM_MIP_Limits_StrongCand=10;CPXPARAM_MIP_Limits_StrongIt=0;CPXPARAM_MIP_OrderType=0;CPXPARAM_MIP_Strategy_BBInterval=7;CPXPARAM_MIP_Strategy_Branch=1;CPXPARAM_MIP_Strategy_Dive=0;CPXPARAM_MIP_Strategy_File=1;CPXPARAM_MIP_Strategy_HeuristicFreq=0;CPXPARAM_MIP_Strategy_LBHeur=0;CPXPARAM_MIP_Strategy_NodeSelect=2;CPXPARAM_MIP_Strategy_Order=1;CPXPARAM_MIP_Strategy_PresolveNode=3;CPXPARAM_MIP_Strategy_Probe=-1;CPXPARAM_MIP_Strategy_RINSHeur=0;CPXPARAM_MIP_Strategy_StartAlgorithm=0;CPXPARAM_MIP_Strategy_SubAlgorithm=2;CPXPARAM_MIP_Strategy_VariableSelect=2;CPXPARAM_Network_NetFind=2;CPXPARAM_Network_Pricing=0;CPXPARAM_Parallel=1;CPXPARAM_Preprocessing_Aggregator=-1;CPXPARAM_Preprocessing_BoundStrength=-1;CPXPARAM_Preprocessing_CoeffReduce=-1;CPXPARAM_Preprocessing_Dependency=-1;CPXPARAM_Preprocessing_Dual=0;CPXPARAM_Preprocessing_Fill=10;CPXPARAM_Preprocessing_NumPass=-1;CPXPARAM_Preprocessing_Presolve=1;CPXPARAM_Preprocessing_QPMakePSD=1;CPXPARAM_Preprocessing_Reduce=3;CPXPARAM_Preprocessing_Relax=-1;CPXPARAM_Preprocessing_RepeatPresolve=-1;CPXPARAM_Preprocessing_Symmetry=-1;CPXPARAM_Read_Scale=0;CPXPARAM_Sifting_Algorithm=0;CPXPARAM_Simplex_Crash=1;CPXPARAM_Simplex_DGradient=0;CPXPARAM_Simplex_Limits_Perturbation=0;CPXPARAM_Simplex_Limits_Singularity=10;CPXPARAM_Simplex_PGradient=0;CPXPARAM_Simplex_Pricing=0;CPXPARAM_Simplex_Refactor=0
6265915752728156460,0,CPXPARAM_Advance=1;CPXPARAM_Barrier_Algorithm=0;CPXPARAM_Barrier_ColNonzeros=0;CPXPARAM_Barrier_Crossover=0;CPXPARAM_Barrier_Limits_Corrections=-1;CPXPARAM_Barrier_Ordering=0;CPXPARAM_Barrier_StartAlg=1;CPXPARAM_Emphasis_MIP=0;CPXPARAM_Emphasis_Memory=0;CPXPARAM_Emphasis_Numerical=0;CPXPARAM_Feasopt_Mode=0;CPXPARAM_LPMethod=0;CPXPARAM_MIP_Cuts_Cliques=1;CPXPARAM_MIP_Cuts_Covers=-1;CPXPARAM_MIP_Cuts_Disjunctive=1;CPXPARAM_MIP_Cuts_FlowCovers=-1;CPXPARAM_MIP_Cuts_GUBCovers=1;CPXPARAM_MIP_Cuts_Gomory=1;CPXPARAM_MIP_Cuts_Implied=2;CPXPARAM_MIP_Cuts_MIRCut=2;CPXPARAM_MIP_Cuts_PathCut=2;CPXPARAM_MIP_Limits_AggForCut=3;CPXPARAM_MIP_Limits_CutPasses=0;CPXPARAM_MIP_Limits_CutsFactor=-1;CPXPARAM_MIP_Limits_GomoryCand=150;CPXPARAM_MIP_Limits_GomoryPass=0;CPXPARAM_MIP_Limits_Nodes=9223372036800000000;CPXPARAM_MIP_Limits_ProbeTime=1e+75;CPXPARAM_MIP_Limits_RepairTries=0;CPXPARAM_MIP_Limits_StrongCand=10;CPXPARAM_MIP_Limits_StrongIt=0;CPXPARAM_MIP_OrderType=0;CPXPARAM_MIP_Strategy_BBInterval=7;CPXPARAM_MIP_Strategy_Branch=-1;CPXPARAM_MIP_Strategy_Dive=0;CPXPARAM_MIP_Strategy_File=1;CPXPARAM_MIP_Strategy_HeuristicFreq=0;CPXPARAM_MIP_Strategy_LBHeur=0;CPXPARAM_MIP_Strategy_NodeSelect=2;CPXPARAM_MIP_Strategy_Order=1;CPXPARAM_MIP_Strategy_PresolveNode=-1;CPXPARAM_MIP_Strategy_Probe=-1;CPXPARAM_MIP_Strategy_RINSHeur=0;CPXPARAM_MIP_Strategy_StartAlgorithm=0;CPXPARAM_MIP_Strategy_SubAlgorithm=0;CPXPARAM_MIP_Strategy_VariableSelect=-1;CPXPARAM_Network_NetFind=2;CPXPARAM_Network_Pricing=0;CPXPARAM_Parallel=1;CPXPARAM_Preprocessing_Aggregator=-1;CPXPARAM_Preprocessing_BoundStrength=-1;CPXPARAM_Preprocessing_CoeffReduce=-1;CPXPARAM_Preprocessing_Dependency=-1;CPXPARAM_Preprocessing_Dual=0;CPXPARAM_Preprocessing_Fill=10;CPXPARAM_Preprocessing_NumPass=-1;CPXPARAM_Preprocessing_Presolve=1;CPXPARAM_Preprocessing_QPMakePSD=1;CPXPARAM_Preprocessing_Reduce=3;CPXPARAM_Preprocessing_Relax=-1;CPXPARAM_Preprocessing_RepeatPresolve=-1;CPXPARAM_Preprocessing_Symmetry=-1;CPXPARAM_Read_Scale=0;CPXPARAM_Sifting_Algorithm=0;CPXPARAM_Simplex_Crash=1;CPXPARAM_Simplex_DGradient=0;CPXPARAM_Simplex_Limits_Perturbation=0;CPXPARAM_Simplex_Limits_Singularity=10;CPXPARAM_Simplex_PGradient=0;CPXPARAM_Simplex_Pricing=0;CPXPARAM_Simplex_Refactor=0
583836089342182878,0,CPXPARAM_Advance=1;CPXPARAM_Barrier_Algorithm=0;CPXPARAM_Barrier_ColNonzeros=0;CPXPARAM_Barrier_Crossover=0;CPXPARAM_Barrier_Limits_Corrections=-1;CPXPARAM_Barrier_Ordering=0;CPXPARAM_Barrier_StartAlg=1;CPXPARAM_Emphasis_MIP=3;CPXPARAM_Emphasis_Memory=0;CPXPARAM_Emphasis_Numerical=0;CPXPARAM_Feasopt_Mode=0;CPXPARAM_LPMethod=0;CPXPARAM_MIP_Cuts_Cliques=-1;CPXPARAM_MIP_Cuts_Covers=2;CPXPARAM_MIP_Cuts_Disjunctive=0;CPXPARAM_MIP_Cuts_FlowCovers=-1;CPXPARAM_MIP_Cuts_GUBCovers=1;CPXPARAM_MIP_Cuts_Gomory=0;CPXPARAM_MIP_Cuts_Implied=1;CPXPARAM_MIP_Cuts_MIRCut=2;CPXPARAM_MIP_Cuts_PathCut=-1;CPXPARAM_MIP_Limits_AggForCut=5;CPXPARAM_MIP_Limits_CutPasses=0;CPXPARAM_MIP_Limits_CutsFactor=-1;CPXPARAM_MIP_Limits_GomoryCand=200;CPXPARAM_MIP_Limits_GomoryPass=0;CPXPARAM_MIP_Limits_Nodes=9223372036800000000;CPXPARAM_MIP_Limits_ProbeTime=1e+75;CPXPARAM_MIP_Limits_RepairTries=0;CPXPARAM_MIP_Limits_StrongCand=10;CPXPARAM_MIP_Limits_StrongIt=0;CPXPARAM_MIP_OrderType=1;CPXPARAM_MIP_Strategy_BBInterval=7;CPXPARAM_MIP_Strategy_Branch=0;CPXPARAM_MIP_Strategy_Dive=0;CPXPARAM_MIP_Strategy_File=1;CPXPARAM_MIP_Strategy_HeuristicFreq=0;CPXPARAM_MIP_Strategy_LBHeur=0;CPXPARAM_MIP_Strategy_NodeSelect=1;CPXPARAM_MIP_Strategy_Order=1;CPXPARAM_MIP_Strategy_PresolveNode=1;CPXPARAM_MIP_Strategy_Probe=0;CPXPARAM_MIP_Strategy_RINSHeur=0;CPXPARAM_MIP_Strategy_StartAlgorithm=0;CPXPARAM_MIP_Strategy_SubAlgorithm=5;CPXPARAM_MIP_Strategy_VariableSelect=1;CPXPARAM_Network_NetFind=2;CPXPARAM_Network_Pricing=0;CPXPARAM_Parallel=1;CPXPARAM_Preprocessing_Aggregator=-1;CPXPARAM_Preprocessing_BoundStrength=-1;CPXPARAM_Preprocessing_CoeffReduce=-1;CPXPARAM_Preprocessing_Dependency=-1;CPXPARAM_Preprocessing_Dual=0;CPXPARAM_Preprocessing_Fill=40;CPXPARAM_Preprocessing_NumPass=-1;CPXPARAM_Preprocessing_Presolve=1;CPXPARAM_Preprocessing_QPMakePSD=1;CPXPARAM_Preprocessing_Reduce=0;CPXPARAM_Preprocessing_Relax=-1;CPXPARAM_Preprocessing_RepeatPresolve=-1;CPXPARAM_Preprocessing_Symmetry=-1;CPXPARAM_Read_Scale=0;CPXPARAM_Sifting_Algorithm=0;CPXPARAM_Simplex_Crash=1;CPXPARAM_Simplex_DGradient=0;CPXPARAM_Simplex_Limits_Perturbation=0;CPXPARAM_Simplex_Limits_Singularity=10;CPXPARAM_Simplex_PGradient=0;CPXPARAM_Simplex_Pricing=0;CPXPARAM_Simplex_Refactor=0
9921165661930400158,0,CPXPARAM_Advance=1;CPXPARAM_Barrier_Algorithm=0;CPXPARAM_Barrier_ColNonzeros=0;CPXPARAM_Barrier_Crossover=0;CPXPARAM_Barrier_Limits_Corrections=-1;CPXPARAM_Barrier_Ordering=0;CPXPARAM_Barrier_StartAlg=1;CPXPARAM_Emphasis_MIP=0;CPXPARAM_Emphasis_Memory=0;CPXPARAM_Emphasis_Numerical=0;CPXPARAM_Feasopt_Mode=0;CPXPARAM_LPMethod=0;CPXPARAM_MIP_Cuts_Cliques=1;CPXPARAM_MIP_Cuts_Covers=-1;CPXPARAM_MIP_Cuts_Disjunctive=1;CPXPARAM_MIP_Cuts_FlowCovers=-1;CPXPARAM_MIP_Cuts_GUBCovers=0;CPXPARAM_MIP_Cuts_Gomory=1;CPXPARAM_MIP_Cuts_Implied=2;CPXPARAM_MIP_Cuts_MIRCut=2;CPXPARAM_MIP_Cuts_PathCut=2;CPXPARAM_MIP_Limits_AggForCut=3;CPXPARAM_MIP_Limits_CutPasses=0;CPXPARAM_MIP_Limits_CutsFactor=-1;CPXPARAM_MIP_Limits_GomoryCand=150;CPXPARAM_MIP_Limits_GomoryPass=0;CPXPARAM_MIP_Limits_Nodes=9223372036800000000;CPXPARAM_MIP_Limits_ProbeTime=1e+75;CPXPARAM_MIP_Limits_RepairTries=0;CPXPARAM_MIP_Limits_StrongCand=10;CPXPARAM_MIP_Limits_StrongIt=0;CPXPARAM_MIP_OrderType=0;CPXPARAM_MIP_Strategy_BBInterval=7;CPXPARAM_MIP_Strategy_Branch=-1;CPXPARAM_MIP_Strategy_Dive=0;CPXPARAM_MIP_Strategy_File=1;CPXPARAM_MIP_Strategy_HeuristicFreq=0;CPXPARAM_MIP_Strategy_LBHeur=0;CPXPARAM_MIP_Strategy_NodeSelect=2;CPXPARAM_MIP_Strategy_Order=1;CPXPARAM_MIP_Strategy_PresolveNode=-1;CPXPARAM_MIP_Strategy_Probe=-1;CPXPARAM_MIP_Strategy_RINSHeur=0;CPXPARAM_MIP_Strategy_StartAlgorithm=0;CPXPARAM_MIP_Strategy_SubAlgorithm=0;CPXPARAM_MIP_Strategy_VariableSelect=-1;CPXPARAM_Network_NetFind=2;CPXPARAM_Network_Pricing=0;CPXPARAM_Parallel=1;CPXPARAM_Preprocessing_Aggregator=-1;CPXPARAM_Preprocessing_BoundStrength=-1;CPXPARAM_Preprocessing_CoeffReduce=-1;CPXPARAM_Preprocessing_Dependency=-1;CPXPARAM_Preprocessing_Dual=0;CPXPARAM_Preprocessing_Fill=10;CPXPARAM_Preprocessing_NumPass=-1;CPXPARAM_Preprocessing_Presolve=1;CPXPARAM_Preprocessing_QPMakePSD=1;CPXPARAM_Preprocessing_Reduce=3;CPXPARAM_Preprocessing_Relax=-1;CPXPARAM_Preprocessing_RepeatPresolve=-1;CPXPARAM_Preprocessing_Symmetry=-1;CPXPARAM_Read_Scale=0;CPXPARAM_Sifting_Algorithm=0;CPXPARAM_Simplex_Crash=1;CPXPARAM_Simplex_DGradient=0;CPXPARAM_Simplex_Limits_Perturbation=0;CPXPARAM_Simplex_Limits_Singularity=10;CPXPARAM_Simplex_PGradient=0;CPXPARAM_Simplex_Pricing=0;CPXPARAM_Simplex_Refactor=0
3954085311432936502,0,CPXPARAM_Advance=1;CPXPARAM_Barrier_Algorithm=0;CPXPARAM_Barrier_ColNonzeros=0;CPXPARAM_Barrier_Crossover=0;CPXPARAM_Barrier_Limits_Corrections=-1;CPXPARAM_Barrier_Ordering=0;CPXPARAM_Barrier_StartAlg=1;CPXPARAM_Emphasis_MIP=3;CPXPARAM_Emphasis_Memory=0;CPXPARAM_Emphasis_Numerical=0;CPXPARAM_Feasopt_Mode=0;CPXPARAM_LPMethod=0;CPXPARAM_MIP_Cuts_Cliques=0;CPXPARAM_MIP_Cuts_Covers=3;CPXPARAM_MIP_Cuts_Disjunctive=-1;CPXPARAM_MIP_Cuts_FlowCovers=-1;CPXPARAM_MIP_Cuts_GUBCovers=2;CPXPARAM_MIP_Cuts_Gomory=0;CPXPARAM_MIP_Cuts_Implied=1;CPXPARAM_MIP_Cuts_MIRCut=-1;CPXPARAM_MIP_Cuts_PathCut=2;CPXPARAM_MIP_Limits_AggForCut=1;CPXPARAM_MIP_Limits_CutPasses=0;CPXPARAM_MIP_Limits_CutsFactor=-1;CPXPARAM_MIP_Limits_GomoryCand=50;CPXPARAM_MIP_Limits_GomoryPass=0;CPXPARAM_MIP_Limits_Nodes=9223372036800000000;CPXPARAM_MIP_Limits_ProbeTime=1e+75;CPXPARAM_MIP_Limits_RepairTries=0;CPXPARAM_MIP_Limits_StrongCand=10;CPXPARAM_MIP_Limits_StrongIt=0;CPXPARAM_MIP_OrderType=0;CPXPARAM_MIP_Strategy_BBInterval=7;CPXPARAM_MIP_Strategy_Branch=1;CPXPARAM_MIP_Strategy_Dive=0;CPXPARAM_MIP_Strategy_File=1;CPXPARAM_MIP_Strategy_HeuristicFreq=0;CPXPARAM_MIP_Strategy_LBHeur=0;CPXPARAM_MIP_Strategy_NodeSelect=0;CPXPARAM_MIP_Strategy_Order=1;CPXPARAM_MIP_Strategy_PresolveNode=3;CPXPARAM_MIP_Strategy_Probe=3;CPXPARAM_MIP_Strategy_RINSHeur=0;CPXPARAM_MIP_Strategy_StartAlgorithm=0;CPXPARAM_MIP_Strategy_SubAlgorithm=0;CPXPARAM_MIP_Strategy_VariableSelect=1;CPXPARAM_Network_NetFind=2;CPXPARAM_Network_Pricing=0;CPXPARAM_Parallel=1;CPXPARAM_Preprocessing_Aggregator=-1;CPXPARAM_Preprocessing_BoundStrength=-1;CPXPARAM_Preprocessing_CoeffReduce=-1;CPXPARAM_Preprocessing_Dependency=-1;CPXPARAM_Preprocessing_Dual=0;CPXPARAM_Preprocessing_Fill=5;CPXPARAM_Preprocessing_NumPass=-1;CPXPARAM_Preprocessing_Presolve=1;CPXPARAM_Preprocessing_QPMakePSD=1;CPXPARAM_Preprocessing_Reduce=3;CPXPARAM_Preprocessing_Relax=-1;CPXPARAM_Preprocessing_RepeatPresolve=-1;CPXPARAM_Preprocessing_Symmetry=-1;CPXPARAM_Read_Scale=0;CPXPARAM_Sifting_Algorithm=0;CPXPARAM_Simplex_Crash=1;CPXPARAM_Simplex_DGradient=0;CPXPARAM_Simplex_Limits_Perturbation=0;CPXPARAM_Simplex_Limits_Singularity=10;CPXPARAM_Simplex_PGradient=0;CPXPARAM_Simplex_Pricing=0;CPXPARAM_Simplex_Refactor=0
1209858048959745909,0,CPXPARAM_Advance=1;CPXPARAM_Barrier_Algorithm=0;CPXPARAM_Barrier_ColNonzeros=0;CPXPARAM_Barrier_Crossover=0;CPXPARAM_Barrier_Limits_Corrections=-1;CPXPARAM_Barrier_Ordering=0;CPXPARAM_Barrier_StartAlg=1;CPXPARAM_Emphasis_MIP=0;CPXPARAM_Emphasis_Memory=0;CPXPARAM_Emphasis_Numerical=0;CPXPARAM_Feasopt_Mode=0;CPXPARAM_LPMethod=0;CPXPARAM_MIP_Cuts_Cliques=-1;CPXPARAM_MIP_Cuts_Covers=0;CPXPARAM_MIP_Cuts_Disjunctive=-1;CPXPARAM_MIP_Cuts_FlowCovers=-1;CPXPARAM_MIP_Cuts_GUBCovers=0;CPXPARAM_MIP_Cuts_Gomory=0;CPXPARAM_MIP_Cuts_Implied=-1;CPXPARAM_MIP_Cuts_MIRCut=2;CPXPARAM_MIP_Cuts_PathCut=1;CPXPARAM_MIP_Limits_AggForCut=3;CPXPARAM_MIP_Limits_CutPasses=0;CPXPARAM_MIP_Limits_CutsFactor=-1;CPXPARAM_MIP_Limits_GomoryCand=10;CPXPARAM_MIP_Limits_GomoryPass=0;CPXPARAM_MIP_Limits_Nodes=9223372036800000000;CPXPARAM_MIP_Limits_ProbeTime=1e+75;CPXPARAM_MIP_Limits_RepairTries=0;CPXPARAM_MIP_Limits_StrongCand=10;CPXPARAM_MIP_Limits_StrongIt=0;CPXPARAM_MIP_OrderType=0;CPXPARAM_MIP_Strategy_BBInterval=7;CPXPARAM_MIP_Strategy_Branch=0;CPXPARAM_MIP_Strategy_Dive=0;CPXPARAM_MIP_Strategy_File=1;CPXPARAM_MIP_Strategy_HeuristicFreq=0;CPXPARAM_MIP_Strategy_LBHeur=0;CPXPARAM_MIP_Strategy_NodeSelect=1;CPXPARAM_MIP_Strategy_Order=1;CPXPARAM_MIP_Strategy_PresolveNode=0;CPXPARAM_MIP_Strategy_Probe=0;CPXPARAM_MIP_Strategy_RINSHeur=0;CPXPARAM_MIP_Strategy_StartAlgorithm=0;CPXPARAM_MIP_Strategy_SubAlgorithm=0;CPXPARAM_MIP_Strategy_VariableSelect=0;CPXPARAM_Network_NetFind=2;CPXPARAM_Network_Pricing=0;CPXPARAM_Parallel=1;CPXPARAM_Preprocessing_Aggregator=-1;CPXPARAM_Preprocessing_BoundStrength=-1;CPXPARAM_Preprocessing_CoeffReduce=-1;CPXPARAM_Preprocessing_Dependency=-1;CPXPARAM_Preprocessing_Dual=0;CPXPARAM_Preprocessing_Fill=10;CPXPARAM_Preprocessing_NumPass=-1;CPXPARAM_Preprocessing_Presolve=1;CPXPARAM_Preprocessing_QPMakePSD=1;CPXPARAM_Preprocessing_Reduce=3;CPXPARAM_Preprocessing_Relax=-1;CPXPARAM_Preprocessing_RepeatPresolve=-1;CPXPARAM_Preprocessing_Symmetry=-1;CPXPARAM_Read_Scale=0;CPXPARAM_Sifting_Algorithm=0;CPXPARAM_Simplex_Crash=1;CPXPARAM_Simplex_DGradient=0;CPXPARAM_Simplex_Limits_Perturbation=0;CPXPARAM_Simplex_Limits_Singularity=10;CPXPARAM_Simplex_PGradient=0;CPXPARAM_Simplex_Pricing=0;CPXPARAM_Simplex_Refactor=0
9543342501669105432,0,CPXPARAM_Advance=1;CPXPARAM_Barrier_Algorithm=0;CPXPARAM_Barrier_ColNonzeros=0;CPXPARAM_Barrier_Crossover=0;CPXPARAM_Barrier_Limits_Corrections=-1;CPXPARAM_Barrier_Ordering=0;CPXPARAM_Barrier_StartAlg=1;CPXPARAM_Emphasis_MIP=1;CPXPARAM_Emphasis_Memory=0;CPXPARAM_Emphasis_Numerical=0;CPXPARAM_Feasopt_Mode=0;CPXPARAM_LPMethod=0;CPXPARAM_MIP_Cuts_Cliques=-1;CPXPARAM_MIP_Cuts_Covers=0;CPXPARAM_MIP_Cuts_Disjunctive=-1;CPXPARAM_MIP_Cuts_FlowCovers=1;CPXPARAM_MIP_Cuts_GUBCovers=1;CPXPARAM_MIP_Cuts_Gomory=0;CPXPARAM_MIP_Cuts_Implied=1;CPXPARAM_MIP_Cuts_MIRCut=0;CPXPARAM_MIP_Cuts_PathCut=2;CPXPARAM_MIP_Limits_AggForCut=3;CPXPARAM_MIP_Limits_CutPasses=0;CPXPARAM_MIP_Limits_CutsFactor=-1;CPXPARAM_MIP_Limits_GomoryCand=100;CPXPARAM_MIP_Limits_GomoryPass=0;CPXPARAM_MIP_Limits_Nodes=9223372036800000000;CPXPARAM_MIP_Limits_ProbeTime=1e+75;CPXPARAM_MIP_Limits_RepairTries=0;CPXPARAM_MIP_Limits_StrongCand=10;CPXPARAM_MIP_Limits_StrongIt=0;CPXPARAM_MIP_OrderType=0;CPXPARAM_MIP_Strategy_BBInterval=7;CPXPARAM_MIP_Strategy_Branch=0;CPXPARAM_MIP_Strategy_Dive=0;CPXPARAM_MIP_Strategy_File=1;CPXPARAM_MIP_Strategy_HeuristicFreq=0;CPXPARAM_MIP_Strategy_LBHeur=0;CPXPARAM_MIP_Strategy_NodeSelect=1;CPXPARAM_MIP_Strategy_Order=1;CPXPARAM_MIP_Strategy_PresolveNode=1;CPXPARAM_MIP_Strategy_Probe=1;CPXPARAM_MIP_Strategy_RINSHeur=0;CPXPARAM_MIP_Strategy_StartAlgorithm=0;CPXPARAM_MIP_Strategy_SubAlgorithm=0;CPXPARAM_MIP_Strategy_VariableSelect=1;CPXPARAM_Network_NetFind=2;CPXPARAM_Network_Pricing=0;CPXPARAM_Parallel=1;CPXPARAM_Preprocessing_Aggregator=-1;CPXPARAM_Preprocessing_BoundStrength=-1;CPXPARAM_Preprocessing_CoeffReduce=-1;CPXPARAM_Preprocessing_Dependency=-1;CPXPARAM_Preprocessing_Dual=0;CPXPARAM_Preprocessing_Fill=10;CPXPARAM_Preprocessing_NumPass=-1;CPXPARAM_Preprocessing_Presolve=1;CPXPARAM_Preprocessing_QPMakePSD=1;CPXPARAM_Preprocessing_Reduce=3;CPXPARAM_Preprocessing_Relax=-1;CPXPARAM_Preprocessing_RepeatPresolve=-1;CPXPARAM_Preprocessing_Symmetry=-1;CPXPARAM_Read_Scale=0;CPXPARAM_Sifting_Algorithm=0;CPXPARAM_Simplex_Crash=1;CPXPARAM_Simplex_DGradient=0;CPXPARAM_Simplex_Limits_Perturbation=0;CPXPARAM_Simplex_Limits_Singularity=10;CPXPARAM_Simplex_PGradient=0;CPXPARAM_Simplex_Pricing=0;CPXPARAM_Simplex_Refactor=0
5136683816598137956,0,CPXPARAM_Advance=1;CPXPARAM_Barrier_Algorithm=0;CPXPARAM_Barrier_ColNonzeros=0;CPXPARAM_Barrier_Crossover=0;CPXPARAM_Barrier_Limits_Corrections=-1;CPXPARAM_Barrier_Ordering=0;CPXPARAM_Barrier_StartAlg=1;CPXPARAM_Emphasis_MIP=2;CPXPARAM_Emphasis_Memory=0;CPXPARAM_Emphasis_Numerical=0;CPXPARAM_Feasopt_Mode=0;CPXPARAM_LPMethod=0;CPXPARAM_MIP_Cuts_Cliques=1;CPXPARAM_MIP_Cuts_Covers=-1;CPXPARAM_MIP_Cuts_Disjunctive=1;CPXPARAM_MIP_Cuts_FlowCovers=1;CPXPARAM_MIP_Cuts_GUBCovers=-1;CPXPARAM_MIP_Cuts_Gomory=2;CPXPARAM_MIP_Cuts_Implied=-1;CPXPARAM_MIP_Cuts_MIRCut=2;CPXPARAM_MIP_Cuts_PathCut=1;CPXPARAM_MIP_Limits_AggForCut=5;CPXPARAM_MIP_Limits_CutPasses=0;CPXPARAM_MIP_Limits_CutsFactor=-1;CPXPARAM_MIP_Limits_GomoryCand=25;CPXPARAM_MIP_Limits_GomoryPass=0;CPXPARAM_MIP_Limits_Nodes=9223372036800000000;CPXPARAM_MIP_Limits_ProbeTime=1e+75;CPXPARAM_MIP_Limits_RepairTries=0;CPXPARAM_MIP_Limits_StrongCand=10;CPXPARAM_MIP_Limits_StrongIt=0;CPXPARAM_MIP_OrderType=0;CPXPARAM_MIP_Strategy_BBInterval=7;CPXPARAM_MIP_Strategy_Branch=-1;CPXPARAM_MIP_Strategy_Dive=0;CPXPARAM_MIP_Strategy_File=1;CPXPARAM_MIP_Strategy_HeuristicFreq=0;CPXPARAM_MIP_Strategy_LBHeur=0;CPXPARAM_MIP_Strategy_NodeSelect=0;CPXPARAM_MIP_Strategy_Order=1;CPXPARAM_MIP_Strategy_PresolveNode=0;CPXPARAM_MIP_Strategy_Probe=1;CPXPARAM_MIP_Strategy_RINSHeur=0;CPXPARAM_MIP_Strategy_StartAlgorithm=0;CPXPARAM_MIP_Strategy_SubAlgorithm=3;CPXPARAM_MIP_Strategy_VariableSelect=4;CPXPARAM_Network_NetFind=2;CPXPARAM_Network_Pricing=0;CPXPARAM_Parallel=1;CPXPARAM_Preprocessing_Aggregator=-1;CPXPARAM_Preprocessing_BoundStrength=-1;CPXPARAM_Preprocessing_CoeffReduce=-1;CPXPARAM_Preprocessing_Dependency=-1;CPXPARAM_Preprocessing_Dual=0;CPXPARAM_Preprocessing_Fill=10;CPXPARAM_Preprocessing_NumPass=-1;CPXPARAM_Preprocessing_Presolve=1;CPXPARAM_Preprocessing_QPMakePSD=1;CPXPARAM_Preprocessing_Reduce=3;CPXPARAM_Preprocessing_Relax=-1;CPXPARAM_Preprocessing_RepeatPresolve=-1;CPXPARAM_Preprocessing_Symmetry=-1;CPXPARAM_Read_Scale=0;CPXPARAM_Sifting_Algorithm=0;CPXPARAM_Simplex_Crash=1;CPXPARAM_Simplex_DGradient=0;CPXPARAM_Simplex_Limits_Perturbation=0;CPXPARAM_Simplex_Limits_Singularity=10;CPXPARAM_Simplex_PGradient=0;CPXPARAM_Simplex_Pricing=0;CPXPARAM_Simplex_Refactor=0
13600673420464090877,0,CPXPARAM_Advance=1;CPXPARAM_Barrier_Algorithm=0;CPXPARAM_Barrier_ColNonzeros=0;CPXPARAM_Barrier_Crossover=0;CPXPARAM_Barrier_Limits_Corrections=-1;CPXPARAM_Barrier_Ordering=0;CPXPARAM_Barrier_StartAlg=1;CPXPARAM_Emphasis_MIP=5;CPXPARAM_Emphasis_Memory=0;CPXPARAM_Emphasis_Numerical=0;CPXPARAM_Feasopt_Mode=0;CPXPARAM_LPMethod=0;CPXPARAM_MIP_Cuts_Cliques=-1;CPXPARAM_MIP_Cuts_Covers=1;CPXPARAM_MIP_Cuts_Disjunctive=-1;CPXPARAM_MIP_Cuts_FlowCovers=-1;CPXPARAM_MIP_Cuts_GUBCovers=0;CPXPARAM_MIP_Cuts_Gomory=0;CPXPARAM_MIP_Cuts_Implied=-1;CPXPARAM_MIP_Cuts_MIRCut=1;CPXPARAM_MIP_Cuts_PathCut=2;CPXPARAM_MIP_Limits_AggForCut=0;CPXPARAM_MIP_Limits_CutPasses=0;CPXPARAM_MIP_Limits_CutsFactor=-1;CPXPARAM_MIP_Limits_GomoryCand=800;CPXPARAM_MIP_Limits_GomoryPass=0;CPXPARAM_MIP_Limits_Nodes=9223372036800000000;CPXPARAM_MIP_Limits_ProbeTime=1e+75;CPXPARAM_MIP_Limits_RepairTries=0;CPXPARAM_MIP_Limits_StrongCand=10;CPXPARAM_MIP_Limits_StrongIt=0;CPXPARAM_MIP_OrderType=0;CPXPARAM_MIP_Strategy_BBInterval=7;CPXPARAM_MIP_Strategy_Branch=0;CPXPARAM_MIP_Strategy_Dive=0;CPXPARAM_MIP_Strategy_File=1;CPXPARAM_MIP_Strategy_HeuristicFreq=0;CPXPARAM_MIP_Strategy_LBHeur=0;CPXPARAM_MIP_Strategy_NodeSelect=2;CPXPARAM_MIP_Strategy_Order=1;CPXPARAM_MIP_Strategy_PresolveNode=1;CPXPARAM_MIP_Strategy_Probe=3;CPXPARAM_MIP_Strategy_RINSHeur=0;CPXPARAM_MIP_Strategy_StartAlgorithm=0;CPXPARAM_MIP_Strategy_SubAlgorithm=3;CPXPARAM_MIP_Strategy_VariableSelect=-1;CPXPARAM_Network_NetFind=2;CPXPARAM_Network_Pricing=0;CPXPARAM_Parallel=1;CPXPARAM_Preprocessing_Aggregator=-1;CPXPARAM_Preprocessing_BoundStrength=-1;CPXPARAM_Preprocessing_CoeffReduce=-1;CPXPARAM_Preprocessing_Dependency=-1;CPXPARAM_Preprocessing_Dual=0;CPXPARAM_Preprocessing_Fill=5;CPXPARAM_Preprocessing_NumPass=-1;CPXPARAM_Preprocessing_Presolve=1;CPXPARAM_Preprocessing_QPMakePSD=1;CPXPARAM_Preprocessing_Reduce=3;CPXPARAM_Preprocessing_Relax=-1;CPXPARAM_Preprocessing_RepeatPresolve=-1;CPXPARAM_Preprocessing_Symmetry=-1;CPXPARAM_Read_Scale=0;CPXPARAM_Sifting_Algorithm=0;CPXPARAM_Simplex_Crash=1;CPXPARAM_Simplex_DGradient=0;CPXPARAM_Simplex_Limits_Perturbation=0;CPXPARAM_Simplex_Limits_Singularity=10;CPXPARAM_Simplex_PGradient=0;CPXPARAM_Simplex_Pricing=0;CPXPARAM_Simplex_Refactor=0
7301364009200167779,0,CPXPARAM_Advance=1;CPXPARAM_Barrier_Algorithm=0;CPXPARAM_Barrier_ColNonzeros=0;CPXPARAM_Barrier_Crossover=0;CPXPARAM_Barrier_Limits_Corrections=-1;CPXPARAM_Barrier_Ordering=0;CPXPARAM_Barrier_StartAlg=1;CPXPARAM_Emphasis_MIP=3;CPXPARAM_Emphasis_Memory=0;CPXPARAM_Emphasis_Numerical=0;CPXPARAM_Feasopt_Mode=0;CPXPARAM_LPMethod=0;CPXPARAM_MIP_Cuts_Cliques=-1;CPXPARAM_MIP_Cuts_Covers=2;CPXPARAM_MIP_Cuts_Disjunctive=0;CPXPARAM_MIP_Cuts_FlowCovers=-1;CPXPARAM_MIP_Cuts_GUBCovers=1;CPXPARAM_MIP_Cuts_Gomory=0;CPXPARAM_MIP_Cuts_Implied=1;CPXPARAM_MIP_Cuts_MIRCut=1;CPXPARAM_MIP_Cuts_PathCut=-1;CPXPARAM_MIP_Limits_AggForCut=5;CPXPARAM_MIP_Limits_CutPasses=0;CPXPARAM_MIP_Limits_CutsFactor=-1;CPXPARAM_MIP_Limits_GomoryCand=200;CPXPARAM_MIP_Limits_GomoryPass=0;CPXPARAM_MIP_Limits_Nodes=9223372036800000000;CPXPARAM_MIP_Limits_ProbeTime=1e+75;CPXPARAM_MIP_Limits_RepairTries=0;CPXPARAM_MIP_Limits_StrongCand=10;CPXPARAM_MIP_Limits_StrongIt=0;CPXPARAM_MIP_OrderType=1;CPXPARAM_MIP_Strategy_BBInterval=7;CPXPARAM_MIP_Strategy_Branch=0;CPXPARAM_MIP_Strategy_Dive=0;CPXPARAM_MIP_Strategy_File=1;CPXPARAM_MIP_Strategy_HeuristicFreq=0;CPXPARAM_MIP_Strategy_LBHeur=0;CPXPARAM_MIP_Strategy_NodeSelect=1;CPXPARAM_MIP_Strategy_Order=1;CPXPARAM_MIP_Strategy_PresolveNode=1;CPXPARAM_MIP_Strategy_Probe=0;CPXPARAM_MIP_Strategy_RINSHeur=0;CPXPARAM_MIP_Strategy_StartAlgorithm=0;CPXPARAM_MIP_Strategy_SubAlgorithm=5;CPXPARAM_MIP_Strategy_VariableSelect=1;CPXPARAM_Network_NetFind=2;CPXPARAM_Network_Pricing=0;CPXPARAM_Parallel=1;CPXPARAM_Preprocessing_Aggregator=-1;CPXPARAM_Preprocessing_BoundStrength=-1;CPXPARAM_Preprocessing_CoeffReduce=-1;CPXPARAM_Preprocessing_Dependency=-1;CPXPARAM_Preprocessing_Dual=0;CPXPARAM_Preprocessing_Fill=40;CPXPARAM_Preprocessing_NumPass=-1;CPXPARAM_Preprocessing_Presolve=1;CPXPARAM_Preprocessing_QPMakePSD=1;CPXPARAM_Preprocessing_Reduce=0;CPXPARAM_Preprocessing_Relax=-1;CPXPARAM_Preprocessing_RepeatPresolve=-1;CPXPARAM_Preprocessing_Symmetry=-1;CPXPARAM_Read_Scale=0;CPXPARAM_Sifting_Algorithm=0;CPXPARAM_Simplex_Crash=1;CPXPARAM_Simplex_DGradient=0;CPXPARAM_Simplex_Limits_Perturbation=0;CPXPARAM_Simplex_Limits_Singularity=10;CPXPARAM_Simplex_PGradient=0;CPXPARAM_Simplex_Pricing=0;CPXPARAM_Simplex_Refactor=0
1602836762050290030,0,CPXPARAM_Advance=1;CPXPARAM_Barrier_Algorithm=0;CPXPARAM_Barrier_ColNonzeros=0;CPXPARAM_Barrier_Crossover=0;CPXPARAM_Barrier_Limits_Corrections=-1;CPXPARAM_Barrier_Ordering=0;CPXPARAM_Barrier_StartAlg=1;CPXPARAM_Emphasis_MIP=0;CPXPARAM_Emphasis_Memory=0;CPXPARAM_Emphasis_Numerical=0;CPXPARAM_Feasopt_Mode=0;CPXPARAM_LPMethod=0;CPXPARAM_MIP_Cuts_Cliques=2;CPXPARAM_MIP_Cuts_Covers=0;CPXPARAM_MIP_Cuts_Disjunctive=-1;CPXPARAM_MIP_Cuts_FlowCovers=-1;CPXPARAM_MIP_Cuts_GUBCovers=1;CPXPARAM_MIP_Cuts_Gomory=0;CPXPARAM_MIP_Cuts_Implied=0;CPXPARAM_MIP_Cuts_MIRCut=1;CPXPARAM_MIP_Cuts_PathCut=-1;CPXPARAM_MIP_Limits_AggForCut=5;CPXPARAM_MIP_Limits_CutPasses=0;CPXPARAM_MIP_Limits_CutsFactor=-1;CPXPARAM_MIP_Limits_GomoryCand=10;CPXPARAM_MIP_Limits_GomoryPass=0;CPXPARAM_MIP_Limits_Nodes=9223372036800000000;CPXPARAM_MIP_Limits_ProbeTime=1e+75;CPXPARAM_MIP_Limits_RepairTries=0;CPXPARAM_MIP_Limits_StrongCand=10;CPXPARAM_MIP_Limits_StrongIt=0;CPXPARAM_MIP_OrderType=0;CPXPARAM_MIP_Strategy_BBInterval=7;CPXPARAM_MIP_Strategy_Branch=0;CPXPARAM_MIP_Strategy_Dive=0;CPXPARAM_MIP_Strategy_File=1;CPXPARAM_MIP_Strategy_HeuristicFreq=0;CPXPARAM_MIP_Strategy_LBHeur=0;CPXPARAM_MIP_Strategy_NodeSelect=3;CPXPARAM_MIP_Strategy_Order=1;CPXPARAM_MIP_Strategy_PresolveNode=-1;CPXPARAM_MIP_Strategy_Probe=3;CPXPARAM_MIP_Strategy_RINSHeur=0;CPXPARAM_MIP_Strategy_StartAlgorithm=0;CPXPARAM_MIP_Strategy_SubAlgorithm=0;CPXPARAM_MIP_Strategy_VariableSelect=4;CPXPARAM_Network_NetFind=2;CPXPARAM_Network_Pricing=0;CPXPARAM_Parallel=1;CPXPARAM_Preprocessing_Aggregator=-1;CPXPARAM_Preprocessing_BoundStrength=-1;CPXPARAM_Preprocessing_CoeffReduce=-1;CPXPARAM_Preprocessing_Dependency=-1;CPXPARAM_Preprocessing_Dual=0;CPXPARAM_Preprocessing_Fill=40;CPXPARAM_Preprocessing_NumPass=-1;CPXPARAM_Preprocessing_Presolve=1;CPXPARAM_Preprocessing_QPMakePSD=1;CPXPARAM_Preprocessing_Reduce=0;CPXPARAM_Preprocessing_Relax=-1;CPXPARAM_Preprocessing_RepeatPresolve=-1;CPXPARAM_Preprocessing_Symmetry=-1;CPXPARAM_Read_Scale=1;CPXPARAM_Sifting_Algorithm=0;CPXPARAM_Simplex_Crash=1;CPXPARAM_Simplex_DGradient=0;CPXPARAM_Simplex_Limits_Perturbation=0;CPXPARAM_Simplex_Limits_Singularity=10;CPXPARAM_Simplex_PGradient=0;CPXPARAM_Simplex_Pricing=0;CPXPARAM_Simplex_Refactor=0
7961318741889628930,0,CPXPARAM_Advance=1;CPXPARAM_Barrier_Algorithm=0;CPXPARAM_Barrier_ColNonzeros=0;CPXPARAM_Barrier_Crossover=0;CPXPARAM_Barrier_Limits_Corrections=-1;CPXPARAM_Barrier_Ordering=0;CPXPARAM_Barrier_StartAlg=1;CPXPARAM_Emphasis_MIP=3;CPXPARAM_Emphasis_Memory=0;CPXPARAM_Emphasis_Numerical=0;CPXPARAM_Feasopt_Mode=0;CPXPARAM_LPMethod=0;CPXPARAM_MIP_Cuts_Cliques=-1;CPXPARAM_MIP_Cuts_Covers=2;CPXPARAM_MIP_Cuts_Disjunctive=0;CPXPARAM_MIP_Cuts_FlowCovers=-1;CPXPARAM_MIP_Cuts_GUBCovers=1;CPXPARAM_MIP_Cuts_Gomory=0;CPXPARAM_MIP_Cuts_Implied=1;CPXPARAM_MIP_Cuts_MIRCut=1;CPXPARAM_MIP_Cuts_PathCut=0;CPXPARAM_MIP_Limits_AggForCut=5;CPXPARAM_MIP_Limits_CutPasses=0;CPXPARAM_MIP_Limits_CutsFactor=-1;CPXPARAM_MIP_Limits_GomoryCand=200;CPXPARAM_MIP_Limits_GomoryPass=0;CPXPARAM_MIP_Limits_Nodes=9223372036800000000;CPXPARAM_MIP_Limits_ProbeTime=1e+75;CPXPARAM_MIP_Limits_RepairTries=0;CPXPARAM_MIP_Limits_StrongCand=10;CPXPARAM_MIP_Limits_StrongIt=0;CPXPARAM_MIP_OrderType=1;CPXPARAM_MIP_Strategy_BBInterval=7;CPXPARAM_MIP_Strategy_Branch=0;CPXPARAM_MIP_Strategy_Dive=0;CPXPARAM_MIP_Strategy_File=1;CPXPARAM_MIP_Strategy_HeuristicFreq=0;CPXPARAM_MIP_Strategy_LBHeur=0;CPXPARAM_MIP_Strategy_NodeSelect=1;CPXPARAM_MIP_Strategy_Order=1;CPXPARAM_MIP_Strategy_PresolveNode=1;CPXPARAM_MIP_Strategy_Probe=0;CPXPARAM_MIP_Strategy_RINSHeur=0;CPXPARAM_MIP_Strategy_StartAlgorithm=0;CPXPARAM_MIP_Strategy_SubAlgorithm=5;CPXPARAM_MIP_Strategy_VariableSelect=1;CPXPARAM_Network_NetFind=2;CPXPARAM_Network_Pricing=0;CPXPARAM_Parallel=1;CPXPARAM_Preprocessing_Aggregator=-1;CPXPARAM_Preprocessing_BoundStrength=-1;CPXPARAM_Preprocessing_CoeffReduce=-1;CPXPARAM_Preprocessing_Dependency=-1;CPXPARAM_Preprocessing_Dual=0;CPXPARAM_Preprocessing_Fill=40;CPXPARAM_Preprocessing_NumPass=-1;CPXPARAM_Preprocessing_Presolve=1;CPXPARAM_Preprocessing_QPMakePSD=1;CPXPARAM_Preprocessing_Reduce=0;CPXPARAM_Preprocessing_Relax=-1;CPXPARAM_Preprocessing_RepeatPresolve=-1;CPXPARAM_Preprocessing_Symmetry=-1;CPXPARAM_Read_Scale=0;CPXPARAM_Sifting_Algorithm=0;CPXPARAM_Simplex_Crash=1;CPXPARAM_Simplex_DGradient=0;CPXPARAM_Simplex_Limits_Perturbation=0;CPXPARAM_Simplex_Limits_Singularity=10;CPXPARAM_Simplex_PGradient=0;CPXPARAM_Simplex_Pricing=0;CPXPARAM_Simplex_Refactor=0
1008528362921067687,0,CPXPARAM_Advance=1;CPXPARAM_Barrier_Algorithm=0;CPXPARAM_Barrier_ColNonzeros=0;CPXPARAM_Barrier_Crossover=0;CPXPARAM_Barrier_Limits_Corrections=-1;CPXPARAM_Barrier_Ordering=0;CPXPARAM_Barrier_StartAlg=1;CPXPARAM_Emphasis_MIP=0;CPXPARAM_Emphasis_Memory=0;CPXPARAM_Emphasis_Numerical=0;CPXPARAM_Feasopt_Mode=0;CPXPARAM_LPMethod=0;CPXPARAM_MIP_Cuts_Cliques=3;CPXPARAM_MIP_Cuts_Covers=-1;CPXPARAM_MIP_Cuts_Disjunctive=1;CPXPARAM_MIP_Cuts_FlowCovers=-1;CPXPARAM_MIP_Cuts_GUBCovers=1;CPXPARAM_MIP_Cuts_Gomory=1;CPXPARAM_MIP_Cuts_Implied=2;CPXPARAM_MIP_Cuts_MIRCut=2;CPXPARAM_MIP_Cuts_PathCut=2;CPXPARAM_MIP_Limits_AggForCut=3;CPXPARAM_MIP_Limits_CutPasses=0;CPXPARAM_MIP_Limits_CutsFactor=-1;CPXPARAM_MIP_Limits_GomoryCand=150;CPXPARAM_MIP_Limits_GomoryPass=0;CPXPARAM_MIP_Limits_Nodes=9223372036800000000;CPXPARAM_MIP_Limits_ProbeTime=1e+75;CPXPARAM_MIP_Limits_RepairTries=0;CPXPARAM_MIP_Limits_StrongCand=10;CPXPARAM_MIP_Limits_StrongIt=0;CPXPARAM_MIP_OrderType=0;CPXPARAM_MIP_Strategy_BBInterval=7;CPXPARAM_MIP_Strategy_Branch=-1;CPXPARAM_MIP_Strategy_Dive=0;CPXPARAM_MIP_Strategy_File=1;CPXPARAM_MIP_Strategy_HeuristicFreq=0;CPXPARAM_MIP_Strategy_LBHeur=0;CPXPARAM_MIP_Strategy_NodeSelect=2;CPXPARAM_MIP_Strategy_Order=1;CPXPARAM_MIP_Strategy_PresolveNode=-1;CPXPARAM_MIP_Strategy_Probe=-1;CPXPARAM_MIP_Strategy_RINSHeur=0;CPXPARAM_MIP_Strategy_StartAlgorithm=0;CPXPARAM_MIP_Strategy_SubAlgorithm=0;CPXPARAM_MIP_Strategy_VariableSelect=-1;CPXPARAM_Network_NetFind=2;CPXPARAM_Network_Pricing=0;CPXPARAM_Parallel=1;CPXPARAM_Preprocessing_Aggregator=-1;CPXPARAM_Preprocessing_BoundStrength=-1;CPXPARAM_Preprocessing_CoeffReduce=-1;CPXPARAM_Preprocessing_Dependency=-1;CPXPARAM_Preprocessing_Dual=0;CPXPARAM_Preprocessing_Fill=10;CPXPARAM_Preprocessing_NumPass=-1;CPXPARAM_Preprocessing_Presolve=1;CPXPARAM_Preprocessing_QPMakePSD=1;CPXPARAM_Preprocessing_Reduce=3;CPXPARAM_Preprocessing_Relax=-1;CPXPARAM_Preprocessing_RepeatPresolve=-1;CPXPARAM_Preprocessing_Symmetry=-1;CPXPARAM_Read_Scale=0;CPXPARAM_Sifting_Algorithm=0;CPXPARAM_Simplex_Crash=1;CPXPARAM_Simplex_DGradient=0;CPXPARAM_Simplex_Limits_Perturbation=0;CPXPARAM_Simplex_Limits_Singularity=10;CPXPARAM_Simplex_PGradient=0;CPXPARAM_Simplex_Pricing=0;CPXPARAM_Simplex_Refactor=0
5757775966236413701,0,CPXPARAM_Advance=1;CPXPARAM_Barrier_Algorithm=0;CPXPARAM_Barrier_ColNonzeros=0;CPXPARAM_Barrier_Crossover=0;CPXPARAM_Barrier_Limits_Corrections=-1;CPXPARAM_Barrier_Ordering=0;CPXPARAM_Barrier_StartAlg=1;CPXPARAM_Emphasis_MIP=3;CPXPARAM_Emphasis_Memory=0;CPXPARAM_Emphasis_Numerical=0;CPXPARAM_Feasopt_Mode=0;CPXPARAM_LPMethod=0;CPXPARAM_MIP_Cuts_Cliques=3;CPXPARAM_MIP_Cuts_Covers=0;CPXPARAM_MIP_Cuts_Disjunctive=0;CPXPARAM_MIP_Cuts_FlowCovers=0;CPXPARAM_MIP_Cuts_GUBCovers=2;CPXPARAM_MIP_Cuts_Gomory=2;CPXPARAM_MIP_Cuts_Implied=-1;CPXPARAM_MIP_Cuts_MIRCut=0;CPXPARAM_MIP_Cuts_PathCut=-1;CPXPARAM_MIP_Limits_AggForCut=3;CPXPARAM_MIP_Limits_CutPasses=0;CPXPARAM_MIP_Limits_CutsFactor=-1;CPXPARAM_MIP_Limits_GomoryCand=200;CPXPARAM_MIP_Limits_GomoryPass=0;CPXPARAM_MIP_Limits_Nodes=9223372036800000000;CPXPARAM_MIP_Limits_ProbeTime=1e+75;CPXPARAM_MIP_Limits_RepairTries=0;CPXPARAM_MIP_Limits_StrongCand=10;CPXPARAM_MIP_Limits_StrongIt=0;CPXPARAM_MIP_OrderType=0;CPXPARAM_MIP_Strategy_BBInterval=7;CPXPARAM_MIP_Strategy_Branch=0;CPXPARAM_MIP_Strategy_Dive=0;CPXPARAM_MIP_Strategy_File=1;CPXPARAM_MIP_Strategy_HeuristicFreq=0;CPXPARAM_MIP_Strategy_LBHeur=0;CPXPARAM_MIP_Strategy_NodeSelect=1;CPXPARAM_MIP_Strategy_Order=1;CPXPARAM_MIP_Strategy_PresolveNode=0;CPXPARAM_MIP_Strategy_Probe=0;CPXPARAM_MIP_Strategy_RINSHeur=0;CPXPARAM_MIP_Strategy_StartAlgorithm=0;CPXPARAM_MIP_Strategy_SubAlgorithm=0;CPXPARAM_MIP_Strategy_VariableSelect=0;CPXPARAM_Network_NetFind=2;CPXPARAM_Network_Pricing=0;CPXPARAM_Parallel=1;CPXPARAM_Preprocessing_Aggregator=-1;CPXPARAM_Preprocessing_BoundStrength=-1;CPXPARAM_Preprocessing_CoeffReduce=-1;CPXPARAM_Preprocessing_Dependency=-1;CPXPARAM_Preprocessing_Dual=0;CPXPARAM_Preprocessing_Fill=10;CPXPARAM_Preprocessing_NumPass=-1;CPXPARAM_Preprocessing_Presolve=1;CPXPARAM_Preprocessing_QPMakePSD=1;CPXPARAM_Preprocessing_Reduce=3;CPXPARAM_Preprocessing_Relax=-1;CPXPARAM_Preprocessing_RepeatPresolve=-1;CPXPARAM_Preprocessing_Symmetry=-1;CPXPARAM_Read_Scale=0;CPXPARAM_Sifting_Algorithm=0;CPXPARAM_Simplex_Crash=1;CPXPARAM_Simplex_DGradient=0;CPXPARAM_Simplex_Limits_Perturbation=0;CPXPARAM_Simplex_Limits_Singularity=10;CPXPARAM_Simplex_PGradient=0;CPXPARAM_Simplex_Pricing=0;CPXPARAM_Simplex_Refactor=0
6849475663466469475,0,CPXPARAM_Advance=1;CPXPARAM_Barrier_Algorithm=0;CPXPARAM_Barrier_ColNonzeros=0;CPXPARAM_Barrier_Crossover=0;CPXPARAM_Barrier_Limits_Corrections=-1;CPXPARAM_Barrier_Ordering=0;CPXPARAM_Barrier_StartAlg=1;CPXPARAM_Emphasis_MIP=0;CPXPARAM_Emphasis_Memory=0;CPXPARAM_Emphasis_Numerical=0;CPXPARAM_Feasopt_Mode=0;CPXPARAM_LPMethod=0;CPXPARAM_MIP_Cuts_Cliques=1;CPXPARAM_MIP_Cuts_Covers=-1;CPXPARAM_MIP_Cuts_Disjunctive=1;CPXPARAM_MIP_Cuts_FlowCovers=-1;CPXPARAM_MIP_Cuts_GUBCovers=1;CPXPARAM_MIP_Cuts_Gomory=1;CPXPARAM_MIP_Cuts_Implied=2;CPXPARAM_MIP_Cuts_MIRCut=2;CPXPARAM_MIP_Cuts_PathCut=2;CPXPARAM_MIP_Limits_AggForCut=3;CPXPARAM_MIP_Limits_CutPasses=0;CPXPARAM_MIP_Limits_CutsFactor=-1;CPXPARAM_MIP_Limits_GomoryCand=150;CPXPARAM_MIP_Limits_GomoryPass=0;CPXPARAM_MIP_Limits_Nodes=9223372036800000000;CPXPARAM_MIP_Limits_ProbeTime=1e+75;CPXPARAM_MIP_Limits_RepairTries=0;CPXPARAM_MIP_Limits_StrongCand=10;CPXPARAM_MIP_Limits_StrongIt=0;CPXPARAM_MIP_OrderType=0;CPXPARAM_MIP_Strategy_BBInterval=7;CPXPARAM_MIP_Strategy_Branch=0;CPXPARAM_MIP_Strategy_Dive=0;CPXPARAM_MIP_Strategy_File=1;CPXPARAM_MIP_Strategy_HeuristicFreq=0;CPXPARAM_MIP_Strategy_LBHeur=0;CPXPARAM_MIP_Strategy_NodeSelect=2;CPXPARAM_MIP_Strategy_Order=1;CPXPARAM_MIP_Strategy_PresolveNode=-1;CPXPARAM_MIP_Strategy_Probe=-1;CPXPARAM_MIP_Strategy_RINSHeur=0;CPXPARAM_MIP_Strategy_StartAlgorithm=0;CPXPARAM_MIP_Strategy_SubAlgorithm=0;CPXPARAM_MIP_Strategy_VariableSelect=-1;CPXPARAM_Network_NetFind=2;CPXPARAM_Network_Pricing=0;CPXPARAM_Parallel=1;CPXPARAM_Preprocessing_Aggregator=-1;CPXPARAM_Preprocessing_BoundStrength=-1;CPXPARAM_Preprocessing_CoeffReduce=-1;CPXPARAM_Preprocessing_Dependency=-1;CPXPARAM_Preprocessing_Dual=0;CPXPARAM_Preprocessing_Fill=10;CPXPARAM_Preprocessing_NumPass=-1;CPXPARAM_Preprocessing_Presolve=1;CPXPARAM_Preprocessing_QPMakePSD=1;CPXPARAM_Preprocessing_Reduce=3;CPXPARAM_Preprocessing_Relax=-1;CPXPARAM_Preprocessing_RepeatPresolve=-1;CPXPARAM_Preprocessing_Symmetry=-1;CPXPARAM_Read_Scale=0;CPXPARAM_Sifting_Algorithm=0;CPXPARAM_Simplex_Crash=1;CPXPARAM_Simplex_DGradient=0;CPXPARAM_Simplex_Limits_Perturbation=0;CPXPARAM_Simplex_Limits_Singularity=10;CPXPARAM_Simplex_PGradient=0;CPXPARAM_Simplex_Pricing=0;CPXPARAM_Simplex_Refactor=0
11342325960426216168,0,CPXPARAM_Advance=1;CPXPARAM_Barrier_Algorithm=0;CPXPARAM_Barrier_ColNonzeros=0;CPXPARAM_Barrier_Crossover=0;CPXPARAM_Barrier_Limits_Corrections=-1;CPXPARAM_Barrier_Ordering=0;CPXPARAM_Barrier_StartAlg=1;CPXPARAM_Emphasis_MIP=0;CPXPARAM_Emphasis_Memory=0;CPXPARAM_Emphasis_Numerical=0;CPXPARAM_Feasopt_Mode=0;CPXPARAM_LPMethod=0;CPXPARAM_MIP_Cuts_Cliques=1;CPXPARAM_MIP_Cuts_Covers=-1;CPXPARAM_MIP_Cuts_Disjunctive=0;CPXPARAM_MIP_Cuts_FlowCovers=-1;CPXPARAM_MIP_Cuts_GUBCovers=1;CPXPARAM_MIP_Cuts_Gomory=1;CPXPARAM_MIP_Cuts_Implied=2;CPXPARAM_MIP_Cuts_MIRCut=2;CPXPARAM_MIP_Cuts_PathCut=2;CPXPARAM_MIP_Limits_AggForCut=3;CPXPARAM_MIP_Limits_CutPasses=0;CPXPARAM_MIP_Limits_CutsFactor=-1;CPXPARAM_MIP_Limits_GomoryCand=150;CPXPARAM_MIP_Limits_GomoryPass=0;CPXPARAM_MIP_Limits_Nodes=9223372036800000000;CPXPARAM_MIP_Limits_ProbeTime=1e+75;CPXPARAM_MIP_Limits_RepairTries=0;CPXPARAM_MIP_Limits_StrongCand=10;CPXPARAM_MIP_Limits_StrongIt=0;CPXPARAM_MIP_OrderType=0;CPXPARAM_MIP_Strategy_BBInterval=7;CPXPARAM_MIP_Strategy_Branch=-1;CPXPARAM_MIP_Strategy_Dive=0;CPXPARAM_MIP_Strategy_File=1;CPXPARAM_MIP_Strategy_HeuristicFreq=0;CPXPARAM_MIP_Strategy_LBHeur=0;CPXPARAM_MIP_Strategy_NodeSelect=2;CPXPARAM_MIP_Strategy_Order=1;CPXPARAM_MIP_Strategy_PresolveNode=-1;CPXPARAM_MIP_Strategy_Probe=-1;CPXPARAM_MIP_Strategy_RINSHeur=0;CPXPARAM_MIP_Strategy_StartAlgorithm=0;CPXPARAM_MIP_Strategy_SubAlgorithm=0;CPXPARAM_MIP_Strategy_VariableSelect=-1;CPXPARAM_Network_NetFind=2;CPXPARAM_Network_Pricing=0;CPXPARAM_Parallel=1;CPXPARAM_Preprocessing_Aggregator=-1;CPXPARAM_Preprocessing_BoundStrength=-1;CPXPARAM_Preprocessing_CoeffReduce=-1;CPXPARAM_Preprocessing_Dependency=-1;CPXPARAM_Preprocessing_Dual=0;CPXPARAM_Preprocessing_Fill=10;CPXPARAM_Preprocessing_NumPass=-1;CPXPARAM_Preprocessing_Presolve=1;CPXPARAM_Preprocessing_QPMakePSD=1;CPXPARAM_Preprocessing_Reduce=3;CPXPARAM_Preprocessing_Relax=-1;CPXPARAM_Preprocessing_RepeatPresolve=-1;CPXPARAM_Preprocessing_Symmetry=-1;CPXPARAM_Read_Scale=0;CPXPARAM_Sifting_Algorithm=0;CPXPARAM_Simplex_Crash=1;CPXPARAM_Simplex_DGradient=0;CPXPARAM_Simplex_Limits_Perturbation=0;CPXPARAM_Simplex_Limits_Singularity=10;CPXPARAM_Simplex_PGradient=0;CPXPARAM_Simplex_Pricing=0;CPXPARAM_Simplex_Refactor=0
14462562153956571239,0,CPXPARAM_Advance=1;CPXPARAM_Barrier_Algorithm=0;CPXPARAM_Barrier_ColNonzeros=0;CPXPARAM_Barrier_Crossover=0;CPXPARAM_Barrier_Limits_Corrections=-1;CPXPARAM_Barrier_Ordering=0;CPXPARAM_Barrier_StartAlg=1;CPXPARAM_Emphasis_MIP=3;CPXPARAM_Emphasis_Memory=0;CPXPARAM_Emphasis_Numerical=0;CPXPARAM_Feasopt_Mode=0;CPXPARAM_LPMethod=0;CPXPARAM_MIP_Cuts_Cliques=-1;CPXPARAM_MIP_Cuts_Covers=0;CPXPARAM_MIP_Cuts_Disjunctive=1;CPXPARAM_MIP_Cuts_FlowCovers=0;CPXPARAM_MIP_Cuts_GUBCovers=1;CPXPARAM_MIP_Cuts_Gomory=-1;CPXPARAM_MIP_Cuts_Implied=1;CPXPARAM_MIP_Cuts_MIRCut=0;CPXPARAM_MIP_Cuts_PathCut=1;CPXPARAM_MIP_Limits_AggForCut=3;CPXPARAM_MIP_Limits_CutPasses=0;CPXPARAM_MIP_Limits_CutsFactor=-1;CPXPARAM_MIP_Limits_GomoryCand=25;CPXPARAM_MIP_Limits_GomoryPass=0;CPXPARAM_MIP_Limits_Nodes=9223372036800000000;CPXPARAM_MIP_Limits_ProbeTime=1e+75;CPXPARAM_MIP_Limits_RepairTries=0;CPXPARAM_MIP_Limits_StrongCand=10;CPXPARAM_MIP_Limits_StrongIt=0;CPXPARAM_MIP_OrderType=0;CPXPARAM_MIP_Strategy_BBInterval=7;CPXPARAM_MIP_Strategy_Branch=-1;CPXPARAM_MIP_Strategy_Dive=0;CPXPARAM_MIP_Strategy_File=1;CPXPARAM_MIP_Strategy_HeuristicFreq=0;CPXPARAM_MIP_Strategy_LBHeur=0;CPXPARAM_MIP_Strategy_NodeSelect=2;CPXPARAM_MIP_Strategy_Order=1;CPXPARAM_MIP_Strategy_PresolveNode=0;CPXPARAM_MIP_Strategy_Probe=1;CPXPARAM_MIP_Strategy_RINSHeur=0;CPXPARAM_MIP_Strategy_StartAlgorithm=0;CPXPARAM_MIP_Strategy_SubAlgorithm=0;CPXPARAM_MIP_Strategy_VariableSelect=4;CPXPARAM_Network_NetFind=2;CPXPARAM_Network_Pricing=0;CPXPARAM_Parallel=1;CPXPARAM_Preprocessing_Aggregator=-1;CPXPARAM_Preprocessing_BoundStrength=-1;CPXPARAM_Preprocessing_CoeffReduce=-1;CPXPARAM_Preprocessing_Dependency=-1;CPXPARAM_Preprocessing_Dual=0;CPXPARAM_Preprocessing_Fill=10;CPXPARAM_Preprocessing_NumPass=-1;CPXPARAM_Preprocessing_Presolve=1;CPXPARAM_Preprocessing_QPMakePSD=1;CPXPARAM_Preprocessing_Reduce=3;CPXPARAM_Preprocessing_Relax=-1;CPXPARAM_Preprocessing_RepeatPresolve=-1;CPXPARAM_Preprocessing_Symmetry=-1;CPXPARAM_Read_Scale=0;CPXPARAM_Sifting_Algorithm=0;CPXPARAM_Simplex_Crash=1;CPXPARAM_Simplex_DGradient=0;CPXPARAM_Simplex_Limits_Perturbation=0;CPXPARAM_Simplex_Limits_Singularity=10;CPXPARAM_Simplex_PGradient=0;CPXPARAM_Simplex_Pricing=0;CPXPARAM_Simplex_Refactor=0
2840847580558193365,0,CPXPARAM_Advance=1;CPXPARAM_Barrier_Algorithm=0;CPXPARAM_Barrier_ColNonzeros=0;CPXPARAM_Barrier_Crossover=0;CPXPARAM_Barrier_Limits_Corrections=-1;CPXPARAM_Barrier_Ordering=0;CPXPARAM_Barrier_StartAlg=1;CPXPARAM_Emphasis_MIP=5;CPXPARAM_Emphasis_Memory=0;CPXPARAM_Emphasis_Numerical=0;CPXPARAM_Feasopt_Mode=0;CPXPARAM_LPMethod=0;CPXPARAM_MIP_Cuts_Cliques=1;CPXPARAM_MIP_Cuts_Covers=-1;CPXPARAM_MIP_Cuts_Disjunctive=-1;CPXPARAM_MIP_Cuts_FlowCovers=-1;CPXPARAM_MIP_Cuts_GUBCovers=2;CPXPARAM_MIP_Cuts_Gomory=-1;CPXPARAM_MIP_Cuts_Implied=-1;CPXPARAM_MIP_Cuts_MIRCut=1;CPXPARAM_MIP_Cuts_PathCut=2;CPXPARAM_MIP_Limits_AggForCut=3;CPXPARAM_MIP_Limits_CutPasses=0;CPXPARAM_MIP_Limits_CutsFactor=-1;CPXPARAM_MIP_Limits_GomoryCand=25;CPXPARAM_MIP_Limits_GomoryPass=0;CPXPARAM_MIP_Limits_Nodes=9223372036800000000;CPXPARAM_MIP_Limits_ProbeTime=1e+75;CPXPARAM_MIP_Limits_RepairTries=0;CPXPARAM_MIP_Limits_StrongCand=10;CPXPARAM_MIP_Limits_StrongIt=0;CPXPARAM_MIP_OrderType=0;CPXPARAM_MIP_Strategy_BBInterval=7;CPXPARAM_MIP_Strategy_Branch=-1;CPXPARAM_MIP_Strategy_Dive=0;CPXPARAM_MIP_Strategy_File=1;CPXPARAM_MIP_Strategy_HeuristicFreq=0;CPXPARAM_MIP_Strategy_LBHeur=0;CPXPARAM_MIP_Strategy_NodeSelect=2;CPXPARAM_MIP_Strategy_Order=1;CPXPARAM_MIP_Strategy_PresolveNode=0;CPXPARAM_MIP_Strategy_Probe=-1;CPXPARAM_MIP_Strategy_RINSHeur=0;CPXPARAM_MIP_Strategy_StartAlgorithm=0;CPXPARAM_MIP_Strategy_SubAlgorithm=3;CPXPARAM_MIP_Strategy_VariableSelect=1;CPXPARAM_Network_NetFind=2;CPXPARAM_Network_Pricing=0;CPXPARAM_Parallel=1;CPXPARAM_Preprocessing_Aggregator=-1;CPXPARAM_Preprocessing_BoundStrength=-1;CPXPARAM_Preprocessing_CoeffReduce=-1;CPXPARAM_Preprocessing_Dependency=-1;CPXPARAM_Preprocessing_Dual=0;CPXPARAM_Preprocessing_Fill=10;CPXPARAM_Preprocessing_NumPass=-1;CPXPARAM_Preprocessing_Presolve=1;CPXPARAM_Preprocessing_QPMakePSD=1;CPXPARAM_Preprocessing_Reduce=3;CPXPARAM_Preprocessing_Relax=-1;CPXPARAM_Preprocessing_RepeatPresolve=-1;CPXPARAM_Preprocessing_Symmetry=-1;CPXPARAM_Read_Scale=0;CPXPARAM_Sifting_Algorithm=0;CPXPARAM_Simplex_Crash=1;CPXPARAM_Simplex_DGradient=0;CPXPARAM_Simplex_Limits_Perturbation=0;CPXPARAM_Simplex_Limits_Singularity=10;CPXPARAM_Simplex_PGradient=0;CPXPARAM_Simplex_Pricing=0;CPXPARAM_Simplex_Refactor=0
14014142637051324463,0,CPXPARAM_Advance=1;CPXPARAM_Barrier_Algorithm=0;CPXPARAM_Barrier_ColNonzeros=0;CPXPARAM_Barrier_Crossover=0;CPXPARAM_Barrier_Limits_Corrections=-1;CPXPARAM_Barrier_Ordering=0;CPXPARAM_Barrier_StartAlg=1;CPXPARAM_Emphasis_MIP=5;CPXPARAM_Emphasis_Memory=0;CPXPARAM_Emphasis_Numerical=0;CPXPARAM_Feasopt_Mode=0;CPXPARAM_LPMethod=0;CPXPARAM_MIP_Cuts_Cliques=-1;CPXPARAM_MIP_Cuts_Covers=0;CPXPARAM_MIP_Cuts_Disjunctive=1;CPXPARAM_MIP_Cuts_FlowCovers=0;CPXPARAM_MIP_Cuts_GUBCovers=1;CPXPARAM_MIP_Cuts_Gomory=-1;CPXPARAM_MIP_Cuts_Implied=1;CPXPARAM_MIP_Cuts_MIRCut=0;CPXPARAM_MIP_Cuts_PathCut=1;CPXPARAM_MIP_Limits_AggForCut=3;CPXPARAM_MIP_Limits_CutPasses=0;CPXPARAM_MIP_Limits_CutsFactor=-1;CPXPARAM_MIP_Limits_GomoryCand=25;CPXPARAM_MIP_Limits_GomoryPass=0;CPXPARAM_MIP_Limits_Nodes=9223372036800000000;CPXPARAM_MIP_Limits_ProbeTime=1e+75;CPXPARAM_MIP_Limits_RepairTries=0;CPXPARAM_MIP_Limits_StrongCand=10;CPXPARAM_MIP_Limits_StrongIt=0;CPXPARAM_MIP_OrderType=0;CPXPARAM_MIP_Strategy_BBInterval=7;CPXPARAM_MIP_Strategy_Branch=-1;CPXPARAM_MIP_Strategy_Dive=0;CPXPARAM_MIP_Strategy_File=1;CPXPARAM_MIP_Strategy_HeuristicFreq=0;CPXPARAM_MIP_Strategy_LBHeur=0;CPXPARAM_MIP_Strategy_NodeSelect=2;CPXPARAM_MIP_Strategy_Order=1;CPXPARAM_MIP_Strategy_PresolveNode=0;CPXPARAM_MIP_Strategy_Probe=1;CPXPARAM_MIP_Strategy_RINSHeur=0;CPXPARAM_MIP_Strategy_StartAlgorithm=0;CPXPARAM_MIP_Strategy_SubAlgorithm=0;CPXPARAM_MIP_Strategy_VariableSelect=4;CPXPARAM_Network_NetFind=2;CPXPARAM_Network_Pricing=0;CPXPARAM_Parallel=1;CPXPARAM_Preprocessing_Aggregator=-1;CPXPARAM_Preprocessing_BoundStrength=-1;CPXPARAM_Preprocessing_CoeffReduce=-1;CPXPARAM_Preprocessing_Dependency=-1;CPXPARAM_Preprocessing_Dual=0;CPXPARAM_Preprocessing_Fill=10;CPXPARAM_Preprocessing_NumPass=-1;CPXPARAM_Preprocessing_Presolve=1;CPXPARAM_Preprocessing_QPMakePSD=1;CPXPARAM_Preprocessing_Reduce=3;CPXPARAM_Preprocessing_Relax=-1;CPXPARAM_Preprocessing_RepeatPresolve=-1;CPXPARAM_Preprocessing_Symmetry=-1;CPXPARAM_Read_Scale=0;CPXPARAM_Sifting_Algorithm=0;CPXPARAM_Simplex_Crash=1;CPXPARAM_Simplex_DGradient=0;CPXPARAM_Simplex_Limits_Perturbation=0;CPXPARAM_Simplex_Limits_Singularity=10;CPXPARAM_Simplex_PGradient=0;CPXPARAM_Simplex_Pricing=0;CPXPARAM_Simplex_Refactor=0
10640995211631710094,0,CPXPARAM_Advance=1;CPXPARAM_Barrier_Algorithm=0;CPXPARAM_Barrier_ColNonzeros=0;CPXPARAM_Barrier_Crossover=0;CPXPARAM_Barrier_Limits_Corrections=-1;CPXPARAM_Barrier_Ordering=0;CPXPARAM_Barrier_StartAlg=1;CPXPARAM_Emphasis_MIP=3;CPXPARAM_Emphasis_Memory=0;CPXPARAM_Emphasis_Numerical=0;CPXPARAM_Feasopt_Mode=0;CPXPARAM_LPMethod=0;CPXPARAM_MIP_Cuts_Cliques=-1;CPXPARAM_MIP_Cuts_Covers=0;CPXPARAM_MIP_Cuts_Disjunctive=1;CPXPARAM_MIP_Cuts_FlowCovers=0;CPXPARAM_MIP_Cuts_GUBCovers=1;CPXPARAM_MIP_Cuts_Gomory=0;CPXPARAM_MIP_Cuts_Implied=1;CPXPARAM_MIP_Cuts_MIRCut=0;CPXPARAM_MIP_Cuts_PathCut=1;CPXPARAM_MIP_Limits_AggForCut=3;CPXPARAM_MIP_Limits_CutPasses=0;CPXPARAM_MIP_Limits_CutsFactor=-1;CPXPARAM_MIP_Limits_GomoryCand=25;CPXPARAM_MIP_Limits_GomoryPass=0;CPXPARAM_MIP_Limits_Nodes=9223372036800000000;CPXPARAM_MIP_Limits_ProbeTime=1e+75;CPXPARAM_MIP_Limits_RepairTries=0;CPXPARAM_MIP_Limits_StrongCand=10;CPXPARAM_MIP_Limits_StrongIt=0;CPXPARAM_MIP_OrderType=0;CPXPARAM_MIP_Strategy_BBInterval=7;CPXPARAM_MIP_Strategy_Branch=-1;CPXPARAM_MIP_Strategy_Dive=0;CPXPARAM_MIP_Strategy_File=1;CPXPARAM_MIP_Strategy_HeuristicFreq=0;CPXPARAM_MIP_Strategy_LBHeur=0;CPXPARAM_MIP_Strategy_NodeSelect=2;CPXPARAM_MIP_Strategy_Order=1;CPXPARAM_MIP_Strategy_PresolveNode=0;CPXPARAM_MIP_Strategy_Probe=1;CPXPARAM_MIP_Strategy_RINSHeur=0;CPXPARAM_MIP_Strategy_StartAlgorithm=0;CPXPARAM_MIP_Strategy_SubAlgorithm=0;CPXPARAM_MIP_Strategy_VariableSelect=4;CPXPARAM_Network_NetFind=2;CPXPARAM_Network_Pricing=0;CPXPARAM_Parallel=1;CPXPARAM_Preprocessing_Aggregator=-1;CPXPARAM_Preprocessing_BoundStrength=-1;CPXPARAM_Preprocessing_CoeffReduce=-1;CPXPARAM_Preprocessing_Dependency=-1;CPXPARAM_Preprocessing_Dual=0;CPXPARAM_Preprocessing_Fill=10;CPXPARAM_Preprocessing_NumPass=-1;CPXPARAM_Preprocessing_Presolve=1;CPXPARAM_Preprocessing_QPMakePSD=1;CPXPARAM_Preprocessing_Reduce=3;CPXPARAM_Preprocessing_Relax=-1;CPXPARAM_Preprocessing_RepeatPresolve=-1;CPXPARAM_Preprocessing_Symmetry=-1;CPXPARAM_Read_Scale=0;CPXPARAM_Sifting_Algorithm=0;CPXPARAM_Simplex_Crash=1;CPXPARAM_Simplex_DGradient=0;CPXPARAM_Simplex_Limits_Perturbation=0;CPXPARAM_Simplex_Limits_Singularity=10;CPXPARAM_Simplex_PGradient=0;CPXPARAM_Simplex_Pricing=0;CPXPARAM_Simplex_Refactor=0
506386036074034437,0,CPXPARAM_Advance=1;CPXPARAM_Barrier_Algorithm=0;CPXPARAM_Barrier_ColNonzeros=0;CPXPARAM_Barrier_Crossover=0;CPXPARAM_Barrier_Limits_Corrections=-1;CPXPARAM_Barrier_Ordering=0;CPXPARAM_Barrier_StartAlg=1;CPXPARAM_Emphasis_MIP=5;CPXPARAM_Emphasis_Memory=0;CPXPARAM_Emphasis_Numerical=0;CPXPARAM_Feasopt_Mode=0;CPXPARAM_LPMethod=0;CPXPARAM_MIP_Cuts_Cliques=3;CPXPARAM_MIP_Cuts_Covers=-1;CPXPARAM_MIP_Cuts_Disjunctive=-1;CPXPARAM_MIP_Cuts_FlowCovers=-1;CPXPARAM_MIP_Cuts_GUBCovers=1;CPXPARAM_MIP_Cuts_Gomory=2;CPXPARAM_MIP_Cuts_Implied=-1;CPXPARAM_MIP_Cuts_MIRCut=1;CPXPARAM_MIP_Cuts_PathCut=-1;CPXPARAM_MIP_Limits_AggForCut=5;CPXPARAM_MIP_Limits_CutPasses=0;CPXPARAM_MIP_Limits_CutsFactor=-1;CPXPARAM_MIP_Limits_GomoryCand=25;CPXPARAM_MIP_Limits_GomoryPass=0;CPXPARAM_MIP_Limits_Nodes=9223372036800000000;CPXPARAM_MIP_Limits_ProbeTime=1e+75;CPXPARAM_MIP_Limits_RepairTries=0;CPXPARAM_MIP_Limits_StrongCand=10;CPXPARAM_MIP_Limits_StrongIt=0;CPXPARAM_MIP_OrderType=3;CPXPARAM_MIP_Strategy_BBInterval=7;CPXPARAM_MIP_Strategy_Branch=-1;CPXPARAM_MIP_Strategy_Dive=0;CPXPARAM_MIP_Strategy_File=1;CPXPARAM_MIP_Strategy_HeuristicFreq=0;CPXPARAM_MIP_Strategy_LBHeur=0;CPXPARAM_MIP_Strategy_NodeSelect=3;CPXPARAM_MIP_Strategy_Order=1;CPXPARAM_MIP_Strategy_PresolveNode=-1;CPXPARAM_MIP_Strategy_Probe=2;CPXPARAM_MIP_Strategy_RINSHeur=0;CPXPARAM_MIP_Strategy_StartAlgorithm=0;CPXPARAM_MIP_Strategy_SubAlgorithm=0;CPXPARAM_MIP_Strategy_VariableSelect=0;CPXPARAM_Network_NetFind=2;CPXPARAM_Network_Pricing=0;CPXPARAM_Parallel=1;CPXPARAM_Preprocessing_Aggregator=-1;CPXPARAM_Preprocessing_BoundStrength=-1;CPXPARAM_Preprocessing_CoeffReduce=-1;CPXPARAM_Preprocessing_Dependency=-1;CPXPARAM_Preprocessing_Dual=0;CPXPARAM_Preprocessing_Fill=10;CPXPARAM_Preprocessing_NumPass=-1;CPXPARAM_Preprocessing_Presolve=1;CPXPARAM_Preprocessing_QPMakePSD=1;CPXPARAM_Preprocessing_Reduce=1;CPXPARAM_Preprocessing_Relax=-1;CPXPARAM_Preprocessing_RepeatPresolve=-1;CPXPARAM_Preprocessing_Symmetry=-1;CPXPARAM_Read_Scale=0;CPXPARAM_Sifting_Algorithm=0;CPXPARAM_Simplex_Crash=1;CPXPARAM_Simplex_DGradient=0;CPXPARAM_Simplex_Limits_Perturbation=0;CPXPARAM_Simplex_Limits_Singularity=10;CPXPARAM_Simplex_PGradient=0;CPXPARAM_Simplex_Pricing=0;CPXPARAM_Simplex_Refactor=0
14145265105253111328,0,CPXPARAM_Advance=1;CPXPARAM_Barrier_Algorithm=0;CPXPARAM_Barrier_ColNonzeros=0;CPXPARAM_Barrier_Crossover=0;CPXPARAM_Barrier_Limits_Corrections=-1;CPXPARAM_Barrier_Ordering=0;CPXPARAM_Barrier_StartAlg=1;CPXPARAM_Emphasis_MIP=5;CPXPARAM_Emphasis_Memory=0;CPXPARAM_Emphasis_Numerical=0;CPXPARAM_Feasopt_Mode=0;CPXPARAM_LPMethod=0;CPXPARAM_MIP_Cuts_Cliques=-1;CPXPARAM_MIP_Cuts_Covers=-1;CPXPARAM_MIP_Cuts_Disjunctive=-1;CPXPARAM_MIP_Cuts_FlowCovers=0;CPXPARAM_MIP_Cuts_GUBCovers=1;CPXPARAM_MIP_Cuts_Gomory=-1;CPXPARAM_MIP_Cuts_Implied=2;CPXPARAM_MIP_Cuts_MIRCut=-1;CPXPARAM_MIP_Cuts_PathCut=0;CPXPARAM_MIP_Limits_AggForCut=0;CPXPARAM_MIP_Limits_CutPasses=0;CPXPARAM_MIP_Limits_CutsFactor=-1;CPXPARAM_MIP_Limits_GomoryCand=200;CPXPARAM_MIP_Limits_GomoryPass=0;CPXPARAM_MIP_Limits_Nodes=9223372036800000000;CPXPARAM_MIP_Limits_ProbeTime=1e+75;CPXPARAM_MIP_Limits_RepairTries=0;CPXPARAM_MIP_Limits_StrongCand=10;CPXPARAM_MIP_Limits_StrongIt=0;CPXPARAM_MIP_OrderType=3;CPXPARAM_MIP_Strategy_BBInterval=7;CPXPARAM_MIP_Strategy_Branch=0;CPXPARAM_MIP_Strategy_Dive=0;CPXPARAM_MIP_Strategy_File=1;CPXPARAM_MIP_Strategy_HeuristicFreq=0;CPXPARAM_MIP_Strategy_LBHeur=0;CPXPARAM_MIP_Strategy_NodeSelect=0;CPXPARAM_MIP_Strategy_Order=1;CPXPARAM_MIP_Strategy_PresolveNode=3;CPXPARAM_MIP_Strategy_Probe=1;CPXPARAM_MIP_Strategy_RINSHeur=0;CPXPARAM_MIP_Strategy_StartAlgorithm=0;CPXPARAM_MIP_Strategy_SubAlgorithm=0;CPXPARAM_MIP_Strategy_VariableSelect=-1;CPXPARAM_Network_NetFind=2;CPXPARAM_Network_Pricing=0;CPXPARAM_Parallel=1;CPXPARAM_Preprocessing_Aggregator=-1;CPXPARAM_Preprocessing_BoundStrength=-1;CPXPARAM_Preprocessing_CoeffReduce=-1;CPXPARAM_Preprocessing_Dependency=-1;CPXPARAM_Preprocessing_Dual=0;CPXPARAM_Preprocessing_Fill=5;CPXPARAM_Preprocessing_NumPass=-1;CPXPARAM_Preprocessing_Presolve=1;CPXPARAM_Preprocessing_QPMakePSD=1;CPXPARAM_Preprocessing_Reduce=0;CPXPARAM_Preprocessing_Relax=-1;CPXPARAM_Preprocessing_RepeatPresolve=-1;CPXPARAM_Preprocessing_Symmetry=-1;CPXPARAM_Read_Scale=0;CPXPARAM_Sifting_Algorithm=0;CPXPARAM_Simplex_Crash=1;CPXPARAM_Simplex_DGradient=0;CPXPARAM_Simplex_Limits_Perturbation=0;CPXPARAM_Simplex_Limits_Singularity=10;CPXPARAM_Simplex_PGradient=0;CPXPARAM_Simplex_Pricing=0;CPXPARAM_Simplex_Refactor=0
6346119942805633589,0,CPXPARAM_Advance=1;CPXPARAM_Barrier_Algorithm=0;CPXPARAM_Barrier_ColNonzeros=0;CPXPARAM_Barrier_Crossover=0;CPXPARAM_Barrier_Limits_Corrections=-1;CPXPARAM_Barrier_Ordering=0;CPXPARAM_Barrier_StartAlg=1;CPXPARAM_Emphasis_MIP=0;CPXPARAM_Emphasis_Memory=0;CPXPARAM_Emphasis_Numerical=0;CPXPARAM_Feasopt_Mode=0;CPXPARAM_LPMethod=0;CPXPARAM_MIP_Cuts_Cliques=3;CPXPARAM_MIP_Cuts_Covers=0;CPXPARAM_MIP_Cuts_Disjunctive=0;CPXPARAM_MIP_Cuts_FlowCovers=-1;CPXPARAM_MIP_Cuts_GUBCovers=1;CPXPARAM_MIP_Cuts_Gomory=0;CPXPARAM_MIP_Cuts_Implied=-1;CPXPARAM_MIP_Cuts_MIRCut=2;CPXPARAM_MIP_Cuts_PathCut=0;CPXPARAM_MIP_Limits_AggForCut=3;CPXPARAM_MIP_Limits_CutPasses=0;CPXPARAM_MIP_Limits_CutsFactor=-1;CPXPARAM_MIP_Limits_GomoryCand=200;CPXPARAM_MIP_Limits_GomoryPass=0;CPXPARAM_MIP_Limits_Nodes=9223372036800000000;CPXPARAM_MIP_Limits_ProbeTime=1e+75;CPXPARAM_MIP_Limits_RepairTries=0;CPXPARAM_MIP_Limits_StrongCand=10;CPXPARAM_MIP_Limits_StrongIt=0;CPXPARAM_MIP_OrderType=0;CPXPARAM_MIP_Strategy_BBInterval=7;CPXPARAM_MIP_Strategy_Branch=-1;CPXPARAM_MIP_Strategy_Dive=0;CPXPARAM_MIP_Strategy_File=1;CPXPARAM_MIP_Strategy_HeuristicFreq=0;CPXPARAM_MIP_Strategy_LBHeur=0;CPXPARAM_MIP_Strategy_NodeSelect=2;CPXPARAM_MIP_Strategy_Order=1;CPXPARAM_MIP_Strategy_PresolveNode=2;CPXPARAM_MIP_Strategy_Probe=3;CPXPARAM_MIP_Strategy_RINSHeur=0;CPXPARAM_MIP_Strategy_StartAlgorithm=0;CPXPARAM_MIP_Strategy_SubAlgorithm=3;CPXPARAM_MIP_Strategy_VariableSelect=-1;CPXPARAM_Network_NetFind=2;CPXPARAM_Network_Pricing=0;CPXPARAM_Parallel=1;CPXPARAM_Preprocessing_Aggregator=-1;CPXPARAM_Preprocessing_BoundStrength=-1;CPXPARAM_Preprocessing_CoeffReduce=-1;CPXPARAM_Preprocessing_Dependency=-1;CPXPARAM_Preprocessing_Dual=0;CPXPARAM_Preprocessing_Fill=10;CPXPARAM_Preprocessing_NumPass=-1;CPXPARAM_Preprocessing_Presolve=1;CPXPARAM_Preprocessing_QPMakePSD=1;CPXPARAM_Preprocessing_Reduce=3;CPXPARAM_Preprocessing_Relax=-1;CPXPARAM_Preprocessing_RepeatPresolve=-1;CPXPARAM_Preprocessing_Symmetry=-1;CPXPARAM_Read_Scale=0;CPXPARAM_Sifting_Algorithm=0;CPXPARAM_Simplex_Crash=1;CPXPARAM_Simplex_DGradient=0;CPXPARAM_Simplex_Limits_Perturbation=0;CPXPARAM_Simplex_Limits_Singularity=10;CPXPARAM_Simplex_PGradient=0;CPXPARAM_Simplex_Pricing=0;CPXPARAM_Simplex_Refactor=0
14697483670465986656,0,CPXPARAM_Advance=1;CPXPARAM_Barrier_Algorithm=0;CPXPARAM_Barrier_ColNonzeros=0;CPXPARAM_Barrier_Crossover=0;CPXPARAM_Barrier_Limits_Corrections=-1;CPXPARAM_Barrier_Ordering=0;CPXPARAM_Barrier_StartAlg=1;CPXPARAM_Emphasis_MIP=0;CPXPARAM_Emphasis_Memory=0;CPXPARAM_Emphasis_Numerical=0;CPXPARAM_Feasopt_Mode=0;CPXPARAM_LPMethod=0;CPXPARAM_MIP_Cuts_Cliques=3;CPXPARAM_MIP_Cuts_Covers=0;CPXPARAM_MIP_Cuts_Disjunctive=0;CPXPARAM_MIP_Cuts_FlowCovers=2;CPXPARAM_MIP_Cuts_GUBCovers=1;CPXPARAM_MIP_Cuts_Gomory=0;CPXPARAM_MIP_Cuts_Implied=-1;CPXPARAM_MIP_Cuts_MIRCut=2;CPXPARAM_MIP_Cuts_PathCut=0;CPXPARAM_MIP_Limits_AggForCut=3;CPXPARAM_MIP_Limits_CutPasses=0;CPXPARAM_MIP_Limits_CutsFactor=-1;CPXPARAM_MIP_Limits_GomoryCand=200;CPXPARAM_MIP_Limits_GomoryPass=0;CPXPARAM_MIP_Limits_Nodes=9223372036800000000;CPXPARAM_MIP_Limits_ProbeTime=1e+75;CPXPARAM_MIP_Limits_RepairTries=0;CPXPARAM_MIP_Limits_StrongCand=10;CPXPARAM_MIP_Limits_StrongIt=0;CPXPARAM_MIP_OrderType=0;CPXPARAM_MIP_Strategy_BBInterval=7;CPXPARAM_MIP_Strategy_Branch=-1;CPXPARAM_MIP_Strategy_Dive=0;CPXPARAM_MIP_Strategy_File=1;CPXPARAM_MIP_Strategy_HeuristicFreq=0;CPXPARAM_MIP_Strategy_LBHeur=0;CPXPARAM_MIP_Strategy_NodeSelect=2;CPXPARAM_MIP_Strategy_Order=1;CPXPARAM_MIP_Strategy_PresolveNode=2;CPXPARAM_MIP_Strategy_Probe=3;CPXPARAM_MIP_Strategy_RINSHeur=0;CPXPARAM_MIP_Strategy_StartAlgorithm=0;CPXPARAM_MIP_Strategy_SubAlgorithm=3;CPXPARAM_MIP_Strategy_VariableSelect=3;CPXPARAM_Network_NetFind=2;CPXPARAM_Network_Pricing=0;CPXPARAM_Parallel=1;CPXPARAM_Preprocessing_Aggregator=-1;CPXPARAM_Preprocessing_BoundStrength=-1;CPXPARAM_Preprocessing_CoeffReduce=-1;CPXPARAM_Preprocessing_Dependency=-1;CPXPARAM_Preprocessing_Dual=0;CPXPARAM_Preprocessing_Fill=10;CPXPARAM_Preprocessing_NumPass=-1;CPXPARAM_Preprocessing_Presolve=1;CPXPARAM_Preprocessing_QPMakePSD=1;CPXPARAM_Preprocessing_Reduce=3;CPXPARAM_Preprocessing_Relax=-1;CPXPARAM_Preprocessing_RepeatPresolve=-1;CPXPARAM_Preprocessing_Symmetry=-1;CPXPARAM_Read_Scale=0;CPXPARAM_Sifting_Algorithm=0;CPXPARAM_Simplex_Crash=1;CPXPARAM_Simplex_DGradient=0;CPXPARAM_Simplex_Limits_Perturbation=0;CPXPARAM_Simplex_Limits_Singularity=10;CPXPARAM_Simplex_PGradient=0;CPXPARAM_Simplex_Pricing=0;CPXPARAM_Simplex_Refactor=0
17228297721836653590,0,CPXPARAM_Advance=1;CPXPARAM_Barrier_Algorithm=0;CPXPARAM_Barrier_ColNonzeros=0;CPXPARAM_Barrier_Crossover=0;CPXPARAM_Barrier_Limits_Corrections=-1;CPXPARAM_Barrier_Ordering=0;CPXPARAM_Barrier_StartAlg=1;CPXPARAM_Emphasis_MIP=5;CPXPARAM_Emphasis_Memory=0;CPXPARAM_Emphasis_Numerical=0;CPXPARAM_Feasopt_Mode=0;CPXPARAM_LPMethod=0;CPXPARAM_MIP_Cuts_Cliques=2;CPXPARAM_MIP_Cuts_Covers=1;CPXPARAM_MIP_Cuts_Disjunctive=-1;CPXPARAM_MIP_Cuts_FlowCovers=0;CPXPARAM_MIP_Cuts_GUBCovers=-1;CPXPARAM_MIP_Cuts_Gomory=2;CPXPARAM_MIP_Cuts_Implied=-1;CPXPARAM_MIP_Cuts_MIRCut=1;CPXPARAM_MIP_Cuts_PathCut=-1;CPXPARAM_MIP_Limits_AggForCut=3;CPXPARAM_MIP_Limits_CutPasses=0;CPXPARAM_MIP_Limits_CutsFactor=-1;CPXPARAM_MIP_Limits_GomoryCand=200;CPXPARAM_MIP_Limits_GomoryPass=0;CPXPARAM_MIP_Limits_Nodes=9223372036800000000;CPXPARAM_MIP_Limits_ProbeTime=1e+75;CPXPARAM_MIP_Limits_RepairTries=0;CPXPARAM_MIP_Limits_StrongCand=10;CPXPARAM_MIP_Limits_StrongIt=0;CPXPARAM_MIP_OrderType=0;CPXPARAM_MIP_Strategy_BBInterval=7;CPXPARAM_MIP_Strategy_Branch=1;CPXPARAM_MIP_Strategy_Dive=0;CPXPARAM_MIP_Strategy_File=1;CPXPARAM_MIP_Strategy_HeuristicFreq=0;CPXPARAM_MIP_Strategy_LBHeur=0;CPXPARAM_MIP_Strategy_NodeSelect=0;CPXPARAM_MIP_Strategy_Order=1;CPXPARAM_MIP_Strategy_PresolveNode=1;CPXPARAM_MIP_Strategy_Probe=3;CPXPARAM_MIP_Strategy_RINSHeur=0;CPXPARAM_MIP_Strategy_StartAlgorithm=0;CPXPARAM_MIP_Strategy_SubAlgorithm=2;CPXPARAM_MIP_Strategy_VariableSelect=2;CPXPARAM_Network_NetFind=2;CPXPARAM_Network_Pricing=0;CPXPARAM_Parallel=1;CPXPARAM_Preprocessing_Aggregator=-1;CPXPARAM_Preprocessing_BoundStrength=-1;CPXPARAM_Preprocessing_CoeffReduce=-1;CPXPARAM_Preprocessing_Dependency=-1;CPXPARAM_Preprocessing_Dual=0;CPXPARAM_Preprocessing_Fill=10;CPXPARAM_Preprocessing_NumPass=-1;CPXPARAM_Preprocessing_Presolve=1;CPXPARAM_Preprocessing_QPMakePSD=1;CPXPARAM_Preprocessing_Reduce=3;CPXPARAM_Preprocessing_Relax=-1;CPXPARAM_Preprocessing_RepeatPresolve=-1;CPXPARAM_Preprocessing_Symmetry=-1;CPXPARAM_Read_Scale=0;CPXPARAM_Sifting_Algorithm=0;CPXPARAM_Simplex_Crash=1;CPXPARAM_Simplex_DGradient=0;CPXPARAM_Simplex_Limits_Perturbation=0;CPXPARAM_Simplex_Limits_Singularity=10;CPXPARAM_Simplex_PGradient=0;CPXPARAM_Simplex_Pricing=0;CPXPARAM_Simplex_Refactor=0
9637073748461940233,0,CPXPARAM_Advance=1;CPXPARAM_Barrier_Algorithm=0;CPXPARAM_Barrier_ColNonzeros=0;CPXPARAM_Barrier_Crossover=0;CPXPARAM_Barrier_Limits_Corrections=-1;CPXPARAM_Barrier_Ordering=0;CPXPARAM_Barrier_StartAlg=1;CPXPARAM_Emphasis_MIP=5;CPXPARAM_Emphasis_Memory=0;CPXPARAM_Emphasis_Numerical=0;CPXPARAM_Feasopt_Mode=0;CPXPARAM_LPMethod=0;CPXPARAM_MIP_Cuts_Cliques=2;CPXPARAM_MIP_Cuts_Covers=1;CPXPARAM_MIP_Cuts_Disjunctive=-1;CPXPARAM_MIP_Cuts_FlowCovers=0;CPXPARAM_MIP_Cuts_GUBCovers=2;CPXPARAM_MIP_Cuts_Gomory=2;CPXPARAM_MIP_Cuts_Implied=-1;CPXPARAM_MIP_Cuts_MIRCut=1;CPXPARAM_MIP_Cuts_PathCut=-1;CPXPARAM_MIP_Limits_AggForCut=3;CPXPARAM_MIP_Limits_CutPasses=0;CPXPARAM_MIP_Limits_CutsFactor=-1;CPXPARAM_MIP_Limits_GomoryCand=200;CPXPARAM_MIP_Limits_GomoryPass=0;CPXPARAM_MIP_Limits_Nodes=9223372036800000000;CPXPARAM_MIP_Limits_ProbeTime=1e+75;CPXPARAM_MIP_Limits_RepairTries=0;CPXPARAM_MIP_Limits_StrongCand=10;CPXPARAM_MIP_Limits_StrongIt=0;CPXPARAM_MIP_OrderType=0;CPXPARAM_MIP_Strategy_BBInterval=7;CPXPARAM_MIP_Strategy_Branch=1;CPXPARAM_MIP_Strategy_Dive=0;CPXPARAM_MIP_Strategy_File=1;CPXPARAM_MIP_Strategy_HeuristicFreq=0;CPXPARAM_MIP_Strategy_LBHeur=0;CPXPARAM_MIP_Strategy_NodeSelect=0;CPXPARAM_MIP_Strategy_Order=1;CPXPARAM_MIP_Strategy_PresolveNode=1;CPXPARAM_MIP_Strategy_Probe=1;CPXPARAM_MIP_Strategy_RINSHeur=0;CPXPARAM_MIP_Strategy_StartAlgorithm=0;CPXPARAM_MIP_Strategy_SubAlgorithm=2;CPXPARAM_MIP_Strategy_VariableSelect=2;CPXPARAM_Network_NetFind=2;CPXPARAM_Network_Pricing=0;CPXPARAM_Parallel=1;CPXPARAM_Preprocessing_Aggregator=-1;CPXPARAM_Preprocessing_BoundStrength=-1;CPXPARAM_Preprocessing_CoeffReduce=-1;CPXPARAM_Preprocessing_Dependency=-1;CPXPARAM_Preprocessing_Dual=0;CPXPARAM_Preprocessing_Fill=10;CPXPARAM_Preprocessing_NumPass=-1;CPXPARAM_Preprocessing_Presolve=1;CPXPARAM_Preprocessing_QPMakePSD=1;CPXPARAM_Preprocessing_Reduce=3;CPXPARAM_Preprocessing_Relax=-1;CPXPARAM_Preprocessing_RepeatPresolve=-1;CPXPARAM_Preprocessing_Symmetry=-1;CPXPARAM_Read_Scale=0;CPXPARAM_Sifting_Algorithm=0;CPXPARAM_Simplex_Crash=1;CPXPARAM_Simplex_DGradient=0;CPXPARAM_Simplex_Limits_Perturbation=0;CPXPARAM_Simplex_Limits_Singularity=10;CPXPARAM_Simplex_PGradient=0;CPXPARAM_Simplex_Pricing=0;CPXPARAM_Simplex_Refactor=0
16933023664767384239,0,CPXPARAM_Advance=1;CPXPARAM_Barrier_Algorithm=0;CPXPARAM_Barrier_ColNonzeros=0;CPXPARAM_Barrier_Crossover=0;CPXPARAM_Barrier_Limits_Corrections=-1;CPXPARAM_Barrier_Ordering=0;CPXPARAM_Barrier_StartAlg=1;CPXPARAM_Emphasis_MIP=2;CPXPARAM_Emphasis_Memory=0;CPXPARAM_Emphasis_Numerical=0;CPXPARAM_Feasopt_Mode=0;CPXPARAM_LPMethod=0;CPXPARAM_MIP_Cuts_Cliques=-1;CPXPARAM_MIP_Cuts_Covers=2;CPXPARAM_MIP_Cuts_Disjunctive=1;CPXPARAM_MIP_Cuts_FlowCovers=2;CPXPARAM_MIP_Cuts_GUBCovers=1;CPXPARAM_MIP_Cuts_Gomory=0;CPXPARAM_MIP_Cuts_Implied=-1;CPXPARAM_MIP_Cuts_MIRCut=-1;CPXPARAM_MIP_Cuts_PathCut=-1;CPXPARAM_MIP_Limits_AggForCut=3;CPXPARAM_MIP_Limits_CutPasses=0;CPXPARAM_MIP_Limits_CutsFactor=-1;CPXPARAM_MIP_Limits_GomoryCand=400;CPXPARAM_MIP_Limits_GomoryPass=0;CPXPARAM_MIP_Limits_Nodes=9223372036800000000;CPXPARAM_MIP_Limits_ProbeTime=60;CPXPARAM_MIP_Limits_RepairTries=0;CPXPARAM_MIP_Limits_StrongCand=10;CPXPARAM_MIP_Limits_StrongIt=0;CPXPARAM_MIP_OrderType=0;CPXPARAM_MIP_Strategy_BBInterval=7;CPXPARAM_MIP_Strategy_Branch=0;CPXPARAM_MIP_Strategy_Dive=0;CPXPARAM_MIP_Strategy_File=1;CPXPARAM_MIP_Strategy_HeuristicFreq=0;CPXPARAM_MIP_Strategy_LBHeur=0;CPXPARAM_MIP_Strategy_NodeSelect=1;CPXPARAM_MIP_Strategy_Order=1;CPXPARAM_MIP_Strategy_PresolveNode=0;CPXPARAM_MIP_Strategy_Probe=0;CPXPARAM_MIP_Strategy_RINSHeur=0;CPXPARAM_MIP_Strategy_StartAlgorithm=0;CPXPARAM_MIP_Strategy_SubAlgorithm=0;CPXPARAM_MIP_Strategy_VariableSelect=0;CPXPARAM_Network_NetFind=2;CPXPARAM_Network_Pricing=0;CPXPARAM_Parallel=1;CPXPARAM_Preprocessing_Aggregator=-1;CPXPARAM_Preprocessing_BoundStrength=-1;CPXPARAM_Preprocessing_CoeffReduce=-1;CPXPARAM_Preprocessing_Dependency=-1;CPXPARAM_Preprocessing_Dual=0;CPXPARAM_Preprocessing_Fill=10;CPXPARAM_Preprocessing_NumPass=-1;CPXPARAM_Preprocessing_Presolve=1;CPXPARAM_Preprocessing_QPMakePSD=1;CPXPARAM_Preprocessing_Reduce=3;CPXPARAM_Preprocessing_Relax=-1;CPXPARAM_Preprocessing_RepeatPresolve=-1;CPXPARAM_Preprocessing_Symmetry=-1;CPXPARAM_Read_Scale=0;CPXPARAM_Sifting_Algorithm=0;CPXPARAM_Simplex_Crash=1;CPXPARAM_Simplex_DGradient=0;CPXPARAM_Simplex_Limits_Perturbation=0;CPXPARAM_Simplex_Limits_Singularity=10;CPXPARAM_Simplex_PGradient=0;CPXPARAM_Simplex_Pricing=0;CPXPARAM_Simplex_Refactor=0
12011269284085623611,0,CPXPARAM_Advance=1;CPXPARAM_Barrier_Algorithm=0;CPXPARAM_Barrier_ColNonzeros=0;CPXPARAM_Barrier_Crossover=0;CPXPARAM_Barrier_Limits_Corrections=-1;CPXPARAM_Barrier_Ordering=0;CPXPARAM_Barrier_StartAlg=1;CPXPARAM_Emphasis_MIP=0;CPXPARAM_Emphasis_Memory=0;CPXPARAM_Emphasis_Numerical=0;CPXPARAM_Feasopt_Mode=0;CPXPARAM_LPMethod=0;CPXPARAM_MIP_Cuts_Cliques=3;CPXPARAM_MIP_Cuts_Covers=-1;CPXPARAM_MIP_Cuts_Disjunctive=0;CPXPARAM_MIP_Cuts_FlowCovers=2;CPXPARAM_MIP_Cuts_GUBCovers=0;CPXPARAM_MIP_Cuts_Gomory=-1;CPXPARAM_MIP_Cuts_Implied=1;CPXPARAM_MIP_Cuts_MIRCut=1;CPXPARAM_MIP_Cuts_PathCut=0;CPXPARAM_MIP_Limits_AggForCut=3;CPXPARAM_MIP_Limits_CutPasses=0;CPXPARAM_MIP_Limits_CutsFactor=-1;CPXPARAM_MIP_Limits_GomoryCand=10;CPXPARAM_MIP_Limits_GomoryPass=0;CPXPARAM_MIP_Limits_Nodes=9223372036800000000;CPXPARAM_MIP_Limits_ProbeTime=1e+75;CPXPARAM_MIP_Limits_RepairTries=0;CPXPARAM_MIP_Limits_StrongCand=10;CPXPARAM_MIP_Limits_StrongIt=0;CPXPARAM_MIP_OrderType=0;CPXPARAM_MIP_Strategy_BBInterval=7;CPXPARAM_MIP_Strategy_Branch=0;CPXPARAM_MIP_Strategy_Dive=0;CPXPARAM_MIP_Strategy_File=1;CPXPARAM_MIP_Strategy_HeuristicFreq=0;CPXPARAM_MIP_Strategy_LBHeur=0;CPXPARAM_MIP_Strategy_NodeSelect=2;CPXPARAM_MIP_Strategy_Order=1;CPXPARAM_MIP_Strategy_PresolveNode=0;CPXPARAM_MIP_Strategy_Probe=0;CPXPARAM_MIP_Strategy_RINSHeur=0;CPXPARAM_MIP_Strategy_StartAlgorithm=0;CPXPARAM_MIP_Strategy_SubAlgorithm=0;CPXPARAM_MIP_Strategy_VariableSelect=-1;CPXPARAM_Network_NetFind=2;CPXPARAM_Network_Pricing=0;CPXPARAM_Parallel=1;CPXPARAM_Preprocessing_Aggregator=-1;CPXPARAM_Preprocessing_BoundStrength=-1;CPXPARAM_Preprocessing_CoeffReduce=-1;CPXPARAM_Preprocessing_Dependency=-1;CPXPARAM_Preprocessing_Dual=0;CPXPARAM_Preprocessing_Fill=10;CPXPARAM_Preprocessing_NumPass=-1;CPXPARAM_Preprocessing_Presolve=1;CPXPARAM_Preprocessing_QPMakePSD=1;CPXPARAM_Preprocessing_Reduce=3;CPXPARAM_Preprocessing_Relax=-1;CPXPARAM_Preprocessing_RepeatPresolve=-1;CPXPARAM_Preprocessing_Symmetry=-1;CPXPARAM_Read_Scale=0;CPXPARAM_Sifting_Algorithm=0;CPXPARAM_Simplex_Crash=1;CPXPARAM_Simplex_DGradient=0;CPXPARAM_Simplex_Limits_Perturbation=0;CPXPARAM_Simplex_Limits_Singularity=10;CPXPARAM_Simplex_PGradient=0;CPXPARAM_Simplex_Pricing=0;CPXPARAM_Simplex_Refactor=0
17694267110216692796,0,CPXPARAM_Advance=1;CPXPARAM_Barrier_Algorithm=0;CPXPARAM_Barrier_ColNonzeros=0;CPXPARAM_Barrier_Crossover=0;CPXPARAM_Barrier_Limits_Corrections=-1;CPXPARAM_Barrier_Ordering=0;CPXPARAM_Barrier_StartAlg=1;CPXPARAM_Emphasis_MIP=5;CPXPARAM_Emphasis_Memory=0;CPXPARAM_Emphasis_Numerical=0;CPXPARAM_Feasopt_Mode=0;CPXPARAM_LPMethod=0;CPXPARAM_MIP_Cuts_Cliques=2;CPXPARAM_MIP_Cuts_Covers=1;CPXPARAM_MIP_Cuts_Disjunctive=-1;CPXPARAM_MIP_Cuts_FlowCovers=2;CPXPARAM_MIP_Cuts_GUBCovers=2;CPXPARAM_MIP_Cuts_Gomory=2;CPXPARAM_MIP_Cuts_Implied=-1;CPXPARAM_MIP_Cuts_MIRCut=-1;CPXPARAM_MIP_Cuts_PathCut=-1;CPXPARAM_MIP_Limits_AggForCut=3;CPXPARAM_MIP_Limits_CutPasses=0;CPXPARAM_MIP_Limits_CutsFactor=-1;CPXPARAM_MIP_Limits_GomoryCand=200;CPXPARAM_MIP_Limits_GomoryPass=0;CPXPARAM_MIP_Limits_Nodes=9223372036800000000;CPXPARAM_MIP_Limits_ProbeTime=1e+75;CPXPARAM_MIP_Limits_RepairTries=0;CPXPARAM_MIP_Limits_StrongCand=10;CPXPARAM_MIP_Limits_StrongIt=0;CPXPARAM_MIP_OrderType=0;CPXPARAM_MIP_Strategy_BBInterval=7;CPXPARAM_MIP_Strategy_Branch=1;CPXPARAM_MIP_Strategy_Dive=0;CPXPARAM_MIP_Strategy_File=1;CPXPARAM_MIP_Strategy_HeuristicFreq=0;CPXPARAM_MIP_Strategy_LBHeur=0;CPXPARAM_MIP_Strategy_NodeSelect=0;CPXPARAM_MIP_Strategy_Order=1;CPXPARAM_MIP_Strategy_PresolveNode=1;CPXPARAM_MIP_Strategy_Probe=3;CPXPARAM_MIP_Strategy_RINSHeur=0;CPXPARAM_MIP_Strategy_StartAlgorithm=0;CPXPARAM_MIP_Strategy_SubAlgorithm=2;CPXPARAM_MIP_Strategy_VariableSelect=2;CPXPARAM_Network_NetFind=2;CPXPARAM_Network_Pricing=0;CPXPARAM_Parallel=1;CPXPARAM_Preprocessing_Aggregator=-1;CPXPARAM_Preprocessing_BoundStrength=-1;CPXPARAM_Preprocessing_CoeffReduce=-1;CPXPARAM_Preprocessing_Dependency=-1;CPXPARAM_Preprocessing_Dual=0;CPXPARAM_Preprocessing_Fill=10;CPXPARAM_Preprocessing_NumPass=-1;CPXPARAM_Preprocessing_Presolve=1;CPXPARAM_Preprocessing_QPMakePSD=1;CPXPARAM_Preprocessing_Reduce=3;CPXPARAM_Preprocessing_Relax=-1;CPXPARAM_Preprocessing_RepeatPresolve=-1;CPXPARAM_Preprocessing_Symmetry=-1;CPXPARAM_Read_Scale=0;CPXPARAM_Sifting_Algorithm=0;CPXPARAM_Simplex_Crash=1;CPXPARAM_Simplex_DGradient=0;CPXPARAM_Simplex_Limits_Perturbation=0;CPXPARAM_Simplex_Limits_Singularity=10;CPXPARAM_Simplex_PGradient=0;CPXPARAM_Simplex_Pricing=0;CPXPARAM_Simplex_Refactor=0
13287314436481760915,0,CPXPARAM_Advance=1;CPXPARAM_Barrier_Algorithm=0;CPXPARAM_Barrier_ColNonzeros=0;CPXPARAM_Barrier_Crossover=0;CPXPARAM_Barrier_Limits_Corrections=-1;CPXPARAM_Barrier_Ordering=0;CPXPARAM_Barrier_StartAlg=1;CPXPARAM_Emphasis_MIP=0;CPXPARAM_Emphasis_Memory=0;CPXPARAM_Emphasis_Numerical=0;CPXPARAM_Feasopt_Mode=0;CPXPARAM_LPMethod=0;CPXPARAM_MIP_Cuts_Cliques=0;CPXPARAM_MIP_Cuts_Covers=1;CPXPARAM_MIP_Cuts_Disjunctive=0;CPXPARAM_MIP_Cuts_FlowCovers=2;CPXPARAM_MIP_Cuts_GUBCovers=2;CPXPARAM_MIP_Cuts_Gomory=0;CPXPARAM_MIP_Cuts_Implied=0;CPXPARAM_MIP_Cuts_MIRCut=2;CPXPARAM_MIP_Cuts_PathCut=1;CPXPARAM_MIP_Limits_AggForCut=3;CPXPARAM_MIP_Limits_CutPasses=0;CPXPARAM_MIP_Limits_CutsFactor=-1;CPXPARAM_MIP_Limits_GomoryCand=150;CPXPARAM_MIP_Limits_GomoryPass=0;CPXPARAM_MIP_Limits_Nodes=9223372036800000000;CPXPARAM_MIP_Limits_ProbeTime=1e+75;CPXPARAM_MIP_Limits_RepairTries=0;CPXPARAM_MIP_Limits_StrongCand=10;CPXPARAM_MIP_Limits_StrongIt=0;CPXPARAM_MIP_OrderType=0;CPXPARAM_MIP_Strategy_BBInterval=7;CPXPARAM_MIP_Strategy_Branch=0;CPXPARAM_MIP_Strategy_Dive=0;CPXPARAM_MIP_Strategy_File=1;CPXPARAM_MIP_Strategy_HeuristicFreq=0;CPXPARAM_MIP_Strategy_LBHeur=0;CPXPARAM_MIP_Strategy_NodeSelect=1;CPXPARAM_MIP_Strategy_Order=1;CPXPARAM_MIP_Strategy_PresolveNode=0;CPXPARAM_MIP_Strategy_Probe=0;CPXPARAM_MIP_Strategy_RINSHeur=0;CPXPARAM_MIP_Strategy_StartAlgorithm=0;CPXPARAM_MIP_Strategy_SubAlgorithm=0;CPXPARAM_MIP_Strategy_VariableSelect=0;CPXPARAM_Network_NetFind=2;CPXPARAM_Network_Pricing=0;CPXPARAM_Parallel=1;CPXPARAM_Preprocessing_Aggregator=-1;CPXPARAM_Preprocessing_BoundStrength=-1;CPXPARAM_Preprocessing_CoeffReduce=-1;CPXPARAM_Preprocessing_Dependency=-1;CPXPARAM_Preprocessing_Dual=0;CPXPARAM_Preprocessing_Fill=10;CPXPARAM_Preprocessing_NumPass=-1;CPXPARAM_Preprocessing_Presolve=1;CPXPARAM_Preprocessing_QPMakePSD=1;CPXPARAM_Preprocessing_Reduce=3;CPXPARAM_Preprocessing_Relax=-1;CPXPARAM_Preprocessing_RepeatPresolve=-1;CPXPARAM_Preprocessing_Symmetry=-1;CPXPARAM_Read_Scale=0;CPXPARAM_Sifting_Algorithm=0;CPXPARAM_Simplex_Crash=1;CPXPARAM_Simplex_DGradient=0;CPXPARAM_Simplex_Limits_Perturbation=0;CPXPARAM_Simplex_Limits_Singularity=10;CPXPARAM_Simplex_PGradient=0;CPXPARAM_Simplex_Pricing=0;CPXPARAM_Simplex_Refactor=0
7982412708833371335,0,CPXPARAM_Advance=1;CPXPARAM_Barrier_Algorithm=0;CPXPARAM_Barrier_ColNonzeros=0;CPXPARAM_Barrier_Crossover=0;CPXPARAM_Barrier_Limits_Corrections=-1;CPXPARAM_Barrier_Ordering=0;CPXPARAM_Barrier_StartAlg=1;CPXPARAM_Emphasis_MIP=2;CPXPARAM_Emphasis_Memory=0;CPXPARAM_Emphasis_Numerical=0;CPXPARAM_Feasopt_Mode=0;CPXPARAM_LPMethod=0;CPXPARAM_MIP_Cuts_Cliques=1;CPXPARAM_MIP_Cuts_Covers=0;CPXPARAM_MIP_Cuts_Disjunctive=-1;CPXPARAM_MIP_Cuts_FlowCovers=2;CPXPARAM_MIP_Cuts_GUBCovers=0;CPXPARAM_MIP_Cuts_Gomory=1;CPXPARAM_MIP_Cuts_Implied=2;CPXPARAM_MIP_Cuts_MIRCut=-1;CPXPARAM_MIP_Cuts_PathCut=1;CPXPARAM_MIP_Limits_AggForCut=3;CPXPARAM_MIP_Limits_CutPasses=0;CPXPARAM_MIP_Limits_CutsFactor=-1;CPXPARAM_MIP_Limits_GomoryCand=200;CPXPARAM_MIP_Limits_GomoryPass=0;CPXPARAM_MIP_Limits_Nodes=9223372036800000000;CPXPARAM_MIP_Limits_ProbeTime=1e+75;CPXPARAM_MIP_Limits_RepairTries=0;CPXPARAM_MIP_Limits_StrongCand=10;CPXPARAM_MIP_Limits_StrongIt=0;CPXPARAM_MIP_OrderType=0;CPXPARAM_MIP_Strategy_BBInterval=7;CPXPARAM_MIP_Strategy_Branch=0;CPXPARAM_MIP_Strategy_Dive=0;CPXPARAM_MIP_Strategy_File=1;CPXPARAM_MIP_Strategy_HeuristicFreq=0;CPXPARAM_MIP_Strategy_LBHeur=0;CPXPARAM_MIP_Strategy_NodeSelect=1;CPXPARAM_MIP_Strategy_Order=1;CPXPARAM_MIP_Strategy_PresolveNode=0;CPXPARAM_MIP_Strategy_Probe=0;CPXPARAM_MIP_Strategy_RINSHeur=0;CPXPARAM_MIP_Strategy_StartAlgorithm=0;CPXPARAM_MIP_Strategy_SubAlgorithm=0;CPXPARAM_MIP_Strategy_VariableSelect=0;CPXPARAM_Network_NetFind=2;CPXPARAM_Network_Pricing=0;CPXPARAM_Parallel=1;CPXPARAM_Preprocessing_Aggregator=-1;CPXPARAM_Preprocessing_BoundStrength=-1;CPXPARAM_Preprocessing_CoeffReduce=-1;CPXPARAM_Preprocessing_Dependency=-1;CPXPARAM_Preprocessing_Dual=0;CPXPARAM_Preprocessing_Fill=10;CPXPARAM_Preprocessing_NumPass=-1;CPXPARAM_Preprocessing_Presolve=1;CPXPARAM_Preprocessing_QPMakePSD=1;CPXPARAM_Preprocessing_Reduce=3;CPXPARAM_Preprocessing_Relax=-1;CPXPARAM_Preprocessing_RepeatPresolve=-1;CPXPARAM_Preprocessing_Symmetry=-1;CPXPARAM_Read_Scale=0;CPXPARAM_Sifting_Algorithm=0;CPXPARAM_Simplex_Crash=1;CPXPARAM_Simplex_DGradient=0;CPXPARAM_Simplex_Limits_Perturbation=0;CPXPARAM_Simplex_Limits_Singularity=10;CPXPARAM_Simplex_PGradient=0;CPXPARAM_Simplex_Pricing=0;CPXPARAM_Simplex_Refactor=0
14707971288165433523,0,CPXPARAM_Advance=1;CPXPARAM_Barrier_Algorithm=0;CPXPARAM_Barrier_ColNonzeros=0;CPXPARAM_Barrier_Crossover=0;CPXPARAM_Barrier_Limits_Corrections=-1;CPXPARAM_Barrier_Ordering=0;CPXPARAM_Barrier_StartAlg=1;CPXPARAM_Emphasis_MIP=5;CPXPARAM_Emphasis_Memory=0;CPXPARAM_Emphasis_Numerical=0;CPXPARAM_Feasopt_Mode=0;CPXPARAM_LPMethod=0;CPXPARAM_MIP_Cuts_Cliques=2;CPXPARAM_MIP_Cuts_Covers=1;CPXPARAM_MIP_Cuts_Disjunctive=-1;CPXPARAM_MIP_Cuts_FlowCovers=0;CPXPARAM_MIP_Cuts_GUBCovers=2;CPXPARAM_MIP_Cuts_Gomory=2;CPXPARAM_MIP_Cuts_Implied=-1;CPXPARAM_MIP_Cuts_MIRCut=-1;CPXPARAM_MIP_Cuts_PathCut=-1;CPXPARAM_MIP_Limits_AggForCut=3;CPXPARAM_MIP_Limits_CutPasses=0;CPXPARAM_MIP_Limits_CutsFactor=-1;CPXPARAM_MIP_Limits_GomoryCand=100;CPXPARAM_MIP_Limits_GomoryPass=0;CPXPARAM_MIP_Limits_Nodes=9223372036800000000;CPXPARAM_MIP_Limits_ProbeTime=1e+75;CPXPARAM_MIP_Limits_RepairTries=0;CPXPARAM_MIP_Limits_StrongCand=10;CPXPARAM_MIP_Limits_StrongIt=0;CPXPARAM_MIP_OrderType=0;CPXPARAM_MIP_Strategy_BBInterval=7;CPXPARAM_MIP_Strategy_Branch=1;CPXPARAM_MIP_Strategy_Dive=0;CPXPARAM_MIP_Strategy_File=1;CPXPARAM_MIP_Strategy_HeuristicFreq=0;CPXPARAM_MIP_Strategy_LBHeur=0;CPXPARAM_MIP_Strategy_NodeSelect=0;CPXPARAM_MIP_Strategy_Order=1;CPXPARAM_MIP_Strategy_PresolveNode=1;CPXPARAM_MIP_Strategy_Probe=3;CPXPARAM_MIP_Strategy_RINSHeur=0;CPXPARAM_MIP_Strategy_StartAlgorithm=0;CPXPARAM_MIP_Strategy_SubAlgorithm=2;CPXPARAM_MIP_Strategy_VariableSelect=2;CPXPARAM_Network_NetFind=2;CPXPARAM_Network_Pricing=0;CPXPARAM_Parallel=1;CPXPARAM_Preprocessing_Aggregator=-1;CPXPARAM_Preprocessing_BoundStrength=-1;CPXPARAM_Preprocessing_CoeffReduce=-1;CPXPARAM_Preprocessing_Dependency=-1;CPXPARAM_Preprocessing_Dual=0;CPXPARAM_Preprocessing_Fill=10;CPXPARAM_Preprocessing_NumPass=-1;CPXPARAM_Preprocessing_Presolve=1;CPXPARAM_Preprocessing_QPMakePSD=1;CPXPARAM_Preprocessing_Reduce=3;CPXPARAM_Preprocessing_Relax=-1;CPXPARAM_Preprocessing_RepeatPresolve=-1;CPXPARAM_Preprocessing_Symmetry=-1;CPXPARAM_Read_Scale=0;CPXPARAM_Sifting_Algorithm=0;CPXPARAM_Simplex_Crash=1;CPXPARAM_Simplex_DGradient=0;CPXPARAM_Simplex_Limits_Perturbation=0;CPXPARAM_Simplex_Limits_Singularity=10;CPXPARAM_Simplex_PGradient=0;CPXPARAM_Simplex_Pricing=0;CPXPARAM_Simplex_Refactor=0
14196041093450995340,0,CPXPARAM_Advance=1;CPXPARAM_Barrier_Algorithm=0;CPXPARAM_Barrier_ColNonzeros=0;CPXPARAM_Barrier_Crossover=0;CPXPARAM_Barrier_Limits_Corrections=-1;CPXPARAM_Barrier_Ordering=0;CPXPARAM_Barrier_StartAlg=1;CPXPARAM_Emphasis_MIP=5;CPXPARAM_Emphasis_Memory=0;CPXPARAM_Emphasis_Numerical=0;CPXPARAM_Feasopt_Mode=0;CPXPARAM_LPMethod=0;CPXPARAM_MIP_Cuts_Cliques=-1;CPXPARAM_MIP_Cuts_Covers=-1;CPXPARAM_MIP_Cuts_Disjunctive=1;CPXPARAM_MIP_Cuts_FlowCovers=0;CPXPARAM_MIP_Cuts_GUBCovers=0;CPXPARAM_MIP_Cuts_Gomory=-1;CPXPARAM_MIP_Cuts_Implied=2;CPXPARAM_MIP_Cuts_MIRCut=-1;CPXPARAM_MIP_Cuts_PathCut=0;CPXPARAM_MIP_Limits_AggForCut=3;CPXPARAM_MIP_Limits_CutPasses=0;CPXPARAM_MIP_Limits_CutsFactor=-1;CPXPARAM_MIP_Limits_GomoryCand=400;CPXPARAM_MIP_Limits_GomoryPass=0;CPXPARAM_MIP_Limits_Nodes=9223372036800000000;CPXPARAM_MIP_Limits_ProbeTime=1e+75;CPXPARAM_MIP_Limits_RepairTries=0;CPXPARAM_MIP_Limits_StrongCand=10;CPXPARAM_MIP_Limits_StrongIt=0;CPXPARAM_MIP_OrderType=0;CPXPARAM_MIP_Strategy_BBInterval=7;CPXPARAM_MIP_Strategy_Branch=0;CPXPARAM_MIP_Strategy_Dive=0;CPXPARAM_MIP_Strategy_File=1;CPXPARAM_MIP_Strategy_HeuristicFreq=0;CPXPARAM_MIP_Strategy_LBHeur=0;CPXPARAM_MIP_Strategy_NodeSelect=2;CPXPARAM_MIP_Strategy_Order=1;CPXPARAM_MIP_Strategy_PresolveNode=1;CPXPARAM_MIP_Strategy_Probe=2;CPXPARAM_MIP_Strategy_RINSHeur=0;CPXPARAM_MIP_Strategy_StartAlgorithm=0;CPXPARAM_MIP_Strategy_SubAlgorithm=3;CPXPARAM_MIP_Strategy_VariableSelect=1;CPXPARAM_Network_NetFind=2;CPXPARAM_Network_Pricing=0;CPXPARAM_Parallel=1;CPXPARAM_Preprocessing_Aggregator=-1;CPXPARAM_Preprocessing_BoundStrength=-1;CPXPARAM_Preprocessing_CoeffReduce=-1;CPXPARAM_Preprocessing_Dependency=-1;CPXPARAM_Preprocessing_Dual=0;CPXPARAM_Preprocessing_Fill=10;CPXPARAM_Preprocessing_NumPass=-1;CPXPARAM_Preprocessing_Presolve=1;CPXPARAM_Preprocessing_QPMakePSD=1;CPXPARAM_Preprocessing_Reduce=3;CPXPARAM_Preprocessing_Relax=-1;CPXPARAM_Preprocessing_RepeatPresolve=-1;CPXPARAM_Preprocessing_Symmetry=-1;CPXPARAM_Read_Scale=0;CPXPARAM_Sifting_Algorithm=0;CPXPARAM_Simplex_Crash=1;CPXPARAM_Simplex_DGradient=0;CPXPARAM_Simplex_Limits_Perturbation=0;CPXPARAM_Simplex_Limits_Singularity=10;CPXPARAM_Simplex_PGradient=0;CPXPARAM_Simplex_Pricing=0;CPXPARAM_Simplex_Refactor=0
13024073044780915379,0,CPXPARAM_Advance=1;CPXPARAM_Barrier_Algorithm=0;CPXPARAM_Barrier_ColNonzeros=0;CPXPARAM_Barrier_Crossover=0;CPXPARAM_Barrier_Limits_Corrections=-1;CPXPARAM_Barrier_Ordering=0;CPXPARAM_Barrier_StartAlg=1;CPXPARAM_Emphasis_MIP=0;CPXPARAM_Emphasis_Memory=0;CPXPARAM_Emphasis_Numerical=0;CPXPARAM_Feasopt_Mode=0;CPXPARAM_LPMethod=0;CPXPARAM_MIP_Cuts_Cliques=-1;CPXPARAM_MIP_Cuts_Covers=-1;CPXPARAM_MIP_Cuts_Disjunctive=1;CPXPARAM_MIP_Cuts_FlowCovers=0;CPXPARAM_MIP_Cuts_GUBCovers=0;CPXPARAM_MIP_Cuts_Gomory=-1;CPXPARAM_MIP_Cuts_Implied=2;CPXPARAM_MIP_Cuts_MIRCut=-1;CPXPARAM_MIP_Cuts_PathCut=0;CPXPARAM_MIP_Limits_AggForCut=3;CPXPARAM_MIP_Limits_CutPasses=0;CPXPARAM_MIP_Limits_CutsFactor=-1;CPXPARAM_MIP_Limits_GomoryCand=400;CPXPARAM_MIP_Limits_GomoryPass=0;CPXPARAM_MIP_Limits_Nodes=9223372036800000000;CPXPARAM_MIP_Limits_ProbeTime=1e+75;CPXPARAM_MIP_Limits_RepairTries=0;CPXPARAM_MIP_Limits_StrongCand=10;CPXPARAM_MIP_Limits_StrongIt=0;CPXPARAM_MIP_OrderType=0;CPXPARAM_MIP_Strategy_BBInterval=7;CPXPARAM_MIP_Strategy_Branch=0;CPXPARAM_MIP_Strategy_Dive=0;CPXPARAM_MIP_Strategy_File=1;CPXPARAM_MIP_Strategy_HeuristicFreq=0;CPXPARAM_MIP_Strategy_LBHeur=0;CPXPARAM_MIP_Strategy_NodeSelect=0;CPXPARAM_MIP_Strategy_Order=1;CPXPARAM_MIP_Strategy_PresolveNode=1;CPXPARAM_MIP_Strategy_Probe=2;CPXPARAM_MIP_Strategy_RINSHeur=0;CPXPARAM_MIP_Strategy_StartAlgorithm=0;CPXPARAM_MIP_Strategy_SubAlgorithm=3;CPXPARAM_MIP_Strategy_VariableSelect=1;CPXPARAM_Network_NetFind=2;CPXPARAM_Network_Pricing=0;CPXPARAM_Parallel=1;CPXPARAM_Preprocessing_Aggregator=-1;CPXPARAM_Preprocessing_BoundStrength=-1;CPXPARAM_Preprocessing_CoeffReduce=-1;CPXPARAM_Preprocessing_Dependency=-1;CPXPARAM_Preprocessing_Dual=0;CPXPARAM_Preprocessing_Fill=10;CPXPARAM_Preprocessing_NumPass=-1;CPXPARAM_Preprocessing_Presolve=1;CPXPARAM_Preprocessing_QPMakePSD=1;CPXPARAM_Preprocessing_Reduce=3;CPXPARAM_Preprocessing_Relax=-1;CPXPARAM_Preprocessing_RepeatPresolve=-1;CPXPARAM_Preprocessing_Symmetry=-1;CPXPARAM_Read_Scale=0;CPXPARAM_Sifting_Algorithm=0;CPXPARAM_Simplex_Crash=1;CPXPARAM_Simplex_DGradient=0;CPXPARAM_Simplex_Limits_Perturbation=0;CPXPARAM_Simplex_Limits_Singularity=10;CPXPARAM_Simplex_PGradient=0;CPXPARAM_Simplex_Pricing=0;CPXPARAM_Simplex_Refactor=0
16607111739978514348,0,CPXPARAM_Advance=1;CPXPARAM_Barrier_Algorithm=0;CPXPARAM_Barrier_ColNonzeros=0;CPXPARAM_Barrier_Crossover=0;CPXPARAM_Barrier_Limits_Corrections=-1;CPXPARAM_Barrier_Ordering=0;CPXPARAM_Barrier_StartAlg=1;CPXPARAM_Emphasis_MIP=0;CPXPARAM_Emphasis_Memory=0;CPXPARAM_Emphasis_Numerical=0;CPXPARAM_Feasopt_Mode=0;CPXPARAM_LPMethod=0;CPXPARAM_MIP_Cuts_Cliques=-1;CPXPARAM_MIP_Cuts_Covers=-1;CPXPARAM_MIP_Cuts_Disjunctive=1;CPXPARAM_MIP_Cuts_FlowCovers=0;CPXPARAM_MIP_Cuts_GUBCovers=0;CPXPARAM_MIP_Cuts_Gomory=-1;CPXPARAM_MIP_Cuts_Implied=2;CPXPARAM_MIP_Cuts_MIRCut=-1;CPXPARAM_MIP_Cuts_PathCut=2;CPXPARAM_MIP_Limits_AggForCut=3;CPXPARAM_MIP_Limits_CutPasses=0;CPXPARAM_MIP_Limits_CutsFactor=-1;CPXPARAM_MIP_Limits_GomoryCand=400;CPXPARAM_MIP_Limits_GomoryPass=0;CPXPARAM_MIP_Limits_Nodes=9223372036800000000;CPXPARAM_MIP_Limits_ProbeTime=1e+75;CPXPARAM_MIP_Limits_RepairTries=0;CPXPARAM_MIP_Limits_StrongCand=10;CPXPARAM_MIP_Limits_StrongIt=0;CPXPARAM_MIP_OrderType=0;CPXPARAM_MIP_Strategy_BBInterval=7;CPXPARAM_MIP_Strategy_Branch=0;CPXPARAM_MIP_Strategy_Dive=0;CPXPARAM_MIP_Strategy_File=1;CPXPARAM_MIP_Strategy_HeuristicFreq=0;CPXPARAM_MIP_Strategy_LBHeur=0;CPXPARAM_MIP_Strategy_NodeSelect=2;CPXPARAM_MIP_Strategy_Order=1;CPXPARAM_MIP_Strategy_PresolveNode=1;CPXPARAM_MIP_Strategy_Probe=2;CPXPARAM_MIP_Strategy_RINSHeur=0;CPXPARAM_MIP_Strategy_StartAlgorithm=0;CPXPARAM_MIP_Strategy_SubAlgorithm=3;CPXPARAM_MIP_Strategy_VariableSelect=1;CPXPARAM_Network_NetFind=2;CPXPARAM_Network_Pricing=0;CPXPARAM_Parallel=1;CPXPARAM_Preprocessing_Aggregator=-1;CPXPARAM_Preprocessing_BoundStrength=-1;CPXPARAM_Preprocessing_CoeffReduce=-1;CPXPARAM_Preprocessing_Dependency=-1;CPXPARAM_Preprocessing_Dual=0;CPXPARAM_Preprocessing_Fill=10;CPXPARAM_Preprocessing_NumPass=-1;CPXPARAM_Preprocessing_Presolve=1;CPXPARAM_Preprocessing_QPMakePSD=1;CPXPARAM_Preprocessing_Reduce=3;CPXPARAM_Preprocessing_Relax=-1;CPXPARAM_Preprocessing_RepeatPresolve=-1;CPXPARAM_Preprocessing_Symmetry=-1;CPXPARAM_Read_Scale=0;CPXPARAM_Sifting_Algorithm=0;CPXPARAM_Simplex_Crash=1;CPXPARAM_Simplex_DGradient=0;CPXPARAM_Simplex_Limits_Perturbation=0;CPXPARAM_Simplex_Limits_Singularity=10;CPXPARAM_Simplex_PGradient=0;CPXPARAM_Simplex_Pricing=0;CPXPARAM_Simplex_Refactor=0
4113023761351790574,0,CPXPARAM_Advance=1;CPXPARAM_Barrier_Algorithm=0;CPXPARAM_Barrier_ColNonzeros=0;CPXPARAM_Barrier_Crossover=0;CPXPARAM_Barrier_Limits_Corrections=-1;CPXPARAM_Barrier_Ordering=0;CPXPARAM_Barrier_StartAlg=1;CPXPARAM_Emphasis_MIP=2;CPXPARAM_Emphasis_Memory=0;CPXPARAM_Emphasis_Numerical=0;CPXPARAM_Feasopt_Mode=0;CPXPARAM_LPMethod=0;CPXPARAM_MIP_Cuts_Cliques=-1;CPXPARAM_MIP_Cuts_Covers=2;CPXPARAM_MIP_Cuts_Disjunctive=1;CPXPARAM_MIP_Cuts_FlowCovers=2;CPXPARAM_MIP_Cuts_GUBCovers=1;CPXPARAM_MIP_Cuts_Gomory=0;CPXPARAM_MIP_Cuts_Implied=-1;CPXPARAM_MIP_Cuts_MIRCut=-1;CPXPARAM_MIP_Cuts_PathCut=-1;CPXPARAM_MIP_Limits_AggForCut=0;CPXPARAM_MIP_Limits_CutPasses=0;CPXPARAM_MIP_Limits_CutsFactor=-1;CPXPARAM_MIP_Limits_GomoryCand=400;CPXPARAM_MIP_Limits_GomoryPass=0;CPXPARAM_MIP_Limits_Nodes=9223372036800000000;CPXPARAM_MIP_Limits_ProbeTime=1e+75;CPXPARAM_MIP_Limits_RepairTries=0;CPXPARAM_MIP_Limits_StrongCand=10;CPXPARAM_MIP_Limits_StrongIt=0;CPXPARAM_MIP_OrderType=0;CPXPARAM_MIP_Strategy_BBInterval=7;CPXPARAM_MIP_Strategy_Branch=0;CPXPARAM_MIP_Strategy_Dive=0;CPXPARAM_MIP_Strategy_File=1;CPXPARAM_MIP_Strategy_HeuristicFreq=0;CPXPARAM_MIP_Strategy_LBHeur=0;CPXPARAM_MIP_Strategy_NodeSelect=1;CPXPARAM_MIP_Strategy_Order=1;CPXPARAM_MIP_Strategy_PresolveNode=0;CPXPARAM_MIP_Strategy_Probe=0;CPXPARAM_MIP_Strategy_RINSHeur=0;CPXPARAM_MIP_Strategy_StartAlgorithm=0;CPXPARAM_MIP_Strategy_SubAlgorithm=0;CPXPARAM_MIP_Strategy_VariableSelect=0;CPXPARAM_Network_NetFind=2;CPXPARAM_Network_Pricing=0;CPXPARAM_Parallel=1;CPXPARAM_Preprocessing_Aggregator=-1;CPXPARAM_Preprocessing_BoundStrength=-1;CPXPARAM_Preprocessing_CoeffReduce=-1;CPXPARAM_Preprocessing_Dependency=-1;CPXPARAM_Preprocessing_Dual=0;CPXPARAM_Preprocessing_Fill=10;CPXPARAM_Preprocessing_NumPass=-1;CPXPARAM_Preprocessing_Presolve=1;CPXPARAM_Preprocessing_QPMakePSD=1;CPXPARAM_Preprocessing_Reduce=3;CPXPARAM_Preprocessing_Relax=-1;CPXPARAM_Preprocessing_RepeatPresolve=-1;CPXPARAM_Preprocessing_Symmetry=-1;CPXPARAM_Read_Scale=0;CPXPARAM_Sifting_Algorithm=0;CPXPARAM_Simplex_Crash=1;CPXPARAM_Simplex_DGradient=0;CPXPARAM_Simplex_Limits_Perturbation=0;CPXPARAM_Simplex_Limits_Singularity=10;CPXPARAM_Simplex_PGradient=0;CPXPARAM_Simplex_Pricing=0;CPXPARAM_Simplex_Refactor=0
2711244154499477505,0,CPXPARAM_Advance=1;CPXPARAM_Barrier_Algorithm=0;CPXPARAM_Barrier_ColNonzeros=0;CPXPARAM_Barrier_Crossover=0;CPXPARAM_Barrier_Limits_Corrections=-1;CPXPARAM_Barrier_Ordering=0;CPXPARAM_Barrier_StartAlg=1;CPXPARAM_Emphasis_MIP=1;CPXPARAM_Emphasis_Memory=0;CPXPARAM_Emphasis_Numerical=0;CPXPARAM_Feasopt_Mode=0;CPXPARAM_LPMethod=0;CPXPARAM_MIP_Cuts_Cliques=0;CPXPARAM_MIP_Cuts_Covers=2;CPXPARAM_MIP_Cuts_Disjunctive=-1;CPXPARAM_MIP_Cuts_FlowCovers=0;CPXPARAM_MIP_Cuts_GUBCovers=2;CPXPARAM_MIP_Cuts_Gomory=2;CPXPARAM_MIP_Cuts_Implied=2;CPXPARAM_MIP_Cuts_MIRCut=-1;CPXPARAM_MIP_Cuts_PathCut=2;CPXPARAM_MIP_Limits_AggForCut=3;CPXPARAM_MIP_Limits_CutPasses=0;CPXPARAM_MIP_Limits_CutsFactor=-1;CPXPARAM_MIP_Limits_GomoryCand=400;CPXPARAM_MIP_Limits_GomoryPass=0;CPXPARAM_MIP_Limits_Nodes=9223372036800000000;CPXPARAM_MIP_Limits_ProbeTime=1e+75;CPXPARAM_MIP_Limits_RepairTries=0;CPXPARAM_MIP_Limits_StrongCand=10;CPXPARAM_MIP_Limits_StrongIt=0;CPXPARAM_MIP_OrderType=0;CPXPARAM_MIP_Strategy_BBInterval=7;CPXPARAM_MIP_Strategy_Branch=0;CPXPARAM_MIP_Strategy_Dive=0;CPXPARAM_MIP_Strategy_File=1;CPXPARAM_MIP_Strategy_HeuristicFreq=0;CPXPARAM_MIP_Strategy_LBHeur=0;CPXPARAM_MIP_Strategy_NodeSelect=1;CPXPARAM_MIP_Strategy_Order=1;CPXPARAM_MIP_Strategy_PresolveNode=0;CPXPARAM_MIP_Strategy_Probe=1;CPXPARAM_MIP_Strategy_RINSHeur=0;CPXPARAM_MIP_Strategy_StartAlgorithm=0;CPXPARAM_MIP_Strategy_SubAlgorithm=0;CPXPARAM_MIP_Strategy_VariableSelect=0;CPXPARAM_Network_NetFind=2;CPXPARAM_Network_Pricing=0;CPXPARAM_Parallel=1;CPXPARAM_Preprocessing_Aggregator=-1;CPXPARAM_Preprocessing_BoundStrength=-1;CPXPARAM_Preprocessing_CoeffReduce=-1;CPXPARAM_Preprocessing_Dependency=-1;CPXPARAM_Preprocessing_Dual=0;CPXPARAM_Preprocessing_Fill=10;CPXPARAM_Preprocessing_NumPass=-1;CPXPARAM_Preprocessing_Presolve=1;CPXPARAM_Preprocessing_QPMakePSD=1;CPXPARAM_Preprocessing_Reduce=3;CPXPARAM_Preprocessing_Relax=-1;CPXPARAM_Preprocessing_RepeatPresolve=-1;CPXPARAM_Preprocessing_Symmetry=-1;CPXPARAM_Read_Scale=0;CPXPARAM_Sifting_Algorithm=0;CPXPARAM_Simplex_Crash=1;CPXPARAM_Simplex_DGradient=0;CPXPARAM_Simplex_Limits_Perturbation=0;CPXPARAM_Simplex_Limits_Singularity=10;CPXPARAM_Simplex_PGradient=0;CPXPARAM_Simplex_Pricing=0;CPXPARAM_Simplex_Refactor=0
9345255616661635446,0,CPXPARAM_Advance=1;CPXPARAM_Barrier_Algorithm=0;CPXPARAM_Barrier_ColNonzeros=0;CPXPARAM_Barrier_Crossover=0;CPXPARAM_Barrier_Limits_Corrections=-1;CPXPARAM_Barrier_Ordering=0;CPXPARAM_Barrier_StartAlg=1;CPXPARAM_Emphasis_MIP=2;CPXPARAM_Emphasis_Memory=0;CPXPARAM_Emphasis_Numerical=0;CPXPARAM_Feasopt_Mode=0;CPXPARAM_LPMethod=0;CPXPARAM_MIP_Cuts_Cliques=-1;CPXPARAM_MIP_Cuts_Covers=2;CPXPARAM_MIP_Cuts_Disjunctive=1;CPXPARAM_MIP_Cuts_FlowCovers=2;CPXPARAM_MIP_Cuts_GUBCovers=1;CPXPARAM_MIP_Cuts_Gomory=0;CPXPARAM_MIP_Cuts_Implied=-1;CPXPARAM_MIP_Cuts_MIRCut=-1;CPXPARAM_MIP_Cuts_PathCut=-1;CPXPARAM_MIP_Limits_AggForCut=10;CPXPARAM_MIP_Limits_CutPasses=0;CPXPARAM_MIP_Limits_CutsFactor=-1;CPXPARAM_MIP_Limits_GomoryCand=400;CPXPARAM_MIP_Limits_GomoryPass=0;CPXPARAM_MIP_Limits_Nodes=9223372036800000000;CPXPARAM_MIP_Limits_ProbeTime=1e+75;CPXPARAM_MIP_Limits_RepairTries=0;CPXPARAM_MIP_Limits_StrongCand=10;CPXPARAM_MIP_Limits_StrongIt=0;CPXPARAM_MIP_OrderType=0;CPXPARAM_MIP_Strategy_BBInterval=7;CPXPARAM_MIP_Strategy_Branch=0;CPXPARAM_MIP_Strategy_Dive=0;CPXPARAM_MIP_Strategy_File=1;CPXPARAM_MIP_Strategy_HeuristicFreq=0;CPXPARAM_MIP_Strategy_LBHeur=0;CPXPARAM_MIP_Strategy_NodeSelect=1;CPXPARAM_MIP_Strategy_Order=1;CPXPARAM_MIP_Strategy_PresolveNode=0;CPXPARAM_MIP_Strategy_Probe=0;CPXPARAM_MIP_Strategy_RINSHeur=0;CPXPARAM_MIP_Strategy_StartAlgorithm=0;CPXPARAM_MIP_Strategy_SubAlgorithm=0;CPXPARAM_MIP_Strategy_VariableSelect=0;CPXPARAM_Network_NetFind=2;CPXPARAM_Network_Pricing=0;CPXPARAM_Parallel=1;CPXPARAM_Preprocessing_Aggregator=-1;CPXPARAM_Preprocessing_BoundStrength=-1;CPXPARAM_Preprocessing_CoeffReduce=-1;CPXPARAM_Preprocessing_Dependency=-1;CPXPARAM_Preprocessing_Dual=0;CPXPARAM_Preprocessing_Fill=10;CPXPARAM_Preprocessing_NumPass=-1;CPXPARAM_Preprocessing_Presolve=1;CPXPARAM_Preprocessing_QPMakePSD=1;CPXPARAM_Preprocessing_Reduce=3;CPXPARAM_Preprocessing_Relax=-1;CPXPARAM_Preprocessing_RepeatPresolve=-1;CPXPARAM_Preprocessing_Symmetry=-1;CPXPARAM_Read_Scale=0;CPXPARAM_Sifting_Algorithm=0;CPXPARAM_Simplex_Crash=1;CPXPARAM_Simplex_DGradient=0;CPXPARAM_Simplex_Limits_Perturbation=0;CPXPARAM_Simplex_Limits_Singularity=10;CPXPARAM_Simplex_PGradient=0;CPXPARAM_Simplex_Pricing=0;CPXPARAM_Simplex_Refactor=0
18032319722688012120,0,CPXPARAM_Advance=1;CPXPARAM_Barrier_Algorithm=0;CPXPARAM_Barrier_ColNonzeros=0;CPXPARAM_Barrier_Crossover=0;CPXPARAM_Barrier_Limits_Corrections=-1;CPXPARAM_Barrier_Ordering=0;CPXPARAM_Barrier_StartAlg=1;CPXPARAM_Emphasis_MIP=2;CPXPARAM_Emphasis_Memory=0;CPXPARAM_Emphasis_Numerical=0;CPXPARAM_Feasopt_Mode=0;CPXPARAM_LPMethod=0;CPXPARAM_MIP_Cuts_Cliques=-1;CPXPARAM_MIP_Cuts_Covers=2;CPXPARAM_MIP_Cuts_Disjunctive=1;CPXPARAM_MIP_Cuts_FlowCovers=2;CPXPARAM_MIP_Cuts_GUBCovers=1;CPXPARAM_MIP_Cuts_Gomory=0;CPXPARAM_MIP_Cuts_Implied=-1;CPXPARAM_MIP_Cuts_MIRCut=-1;CPXPARAM_MIP_Cuts_PathCut=-1;CPXPARAM_MIP_Limits_AggForCut=3;CPXPARAM_MIP_Limits_CutPasses=0;CPXPARAM_MIP_Limits_CutsFactor=-1;CPXPARAM_MIP_Limits_GomoryCand=400;CPXPARAM_MIP_Limits_GomoryPass=0;CPXPARAM_MIP_Limits_Nodes=9223372036800000000;CPXPARAM_MIP_Limits_ProbeTime=1e+75;CPXPARAM_MIP_Limits_RepairTries=0;CPXPARAM_MIP_Limits_StrongCand=10;CPXPARAM_MIP_Limits_StrongIt=0;CPXPARAM_MIP_OrderType=0;CPXPARAM_MIP_Strategy_BBInterval=7;CPXPARAM_MIP_Strategy_Branch=0;CPXPARAM_MIP_Strategy_Dive=0;CPXPARAM_MIP_Strategy_File=1;CPXPARAM_MIP_Strategy_HeuristicFreq=0;CPXPARAM_MIP_Strategy_LBHeur=0;CPXPARAM_MIP_Strategy_NodeSelect=1;CPXPARAM_MIP_Strategy_Order=1;CPXPARAM_MIP_Strategy_PresolveNode=0;CPXPARAM_MIP_Strategy_Probe=0;CPXPARAM_MIP_Strategy_RINSHeur=0;CPXPARAM_MIP_Strategy_StartAlgorithm=0;CPXPARAM_MIP_Strategy_SubAlgorithm=0;CPXPARAM_MIP_Strategy_VariableSelect=0;CPXPARAM_Network_NetFind=2;CPXPARAM_Network_Pricing=0;CPXPARAM_Parallel=1;CPXPARAM_Preprocessing_Aggregator=-1;CPXPARAM_Preprocessing_BoundStrength=-1;CPXPARAM_Preprocessing_CoeffReduce=-1;CPXPARAM_Preprocessing_Dependency=-1;CPXPARAM_Preprocessing_Dual=0;CPXPARAM_Preprocessing_Fill=2;CPXPARAM_Preprocessing_NumPass=-1;CPXPARAM_Preprocessing_Presolve=1;CPXPARAM_Preprocessing_QPMakePSD=1;CPXPARAM_Preprocessing_Reduce=3;CPXPARAM_Preprocessing_Relax=-1;CPXPARAM_Preprocessing_RepeatPresolve=-1;CPXPARAM_Preprocessing_Symmetry=-1;CPXPARAM_Read_Scale=0;CPXPARAM_Sifting_Algorithm=0;CPXPARAM_Simplex_Crash=1;CPXPARAM_Simplex_DGradient=0;CPXPARAM_Simplex_Limits_Perturbation=0;CPXPARAM_Simplex_Limits_Singularity=10;CPXPARAM_Simplex_PGradient=0;CPXPARAM_Simplex_Pricing=0;CPXPARAM_Simplex_Refactor=0
9329932193716250219,0,CPXPARAM_Advance=1;CPXPARAM_Barrier_Algorithm=0;CPXPARAM_Barrier_ColNonzeros=0;CPXPARAM_Barrier_Crossover=0;CPXPARAM_Barrier_Limits_Corrections=-1;CPXPARAM_Barrier_Ordering=0;CPXPARAM_Barrier_StartAlg=1;CPXPARAM_Emphasis_MIP=2;CPXPARAM_Emphasis_Memory=0;CPXPARAM_Emphasis_Numerical=0;CPXPARAM_Feasopt_Mode=0;CPXPARAM_LPMethod=0;CPXPARAM_MIP_Cuts_Cliques=-1;CPXPARAM_MIP_Cuts_Covers=2;CPXPARAM_MIP_Cuts_Disjunctive=1;CPXPARAM_MIP_Cuts_FlowCovers=2;CPXPARAM_MIP_Cuts_GUBCovers=1;CPXPARAM_MIP_Cuts_Gomory=0;CPXPARAM_MIP_Cuts_Implied=-1;CPXPARAM_MIP_Cuts_MIRCut=-1;CPXPARAM_MIP_Cuts_PathCut=-1;CPXPARAM_MIP_Limits_AggForCut=3;CPXPARAM_MIP_Limits_CutPasses=0;CPXPARAM_MIP_Limits_CutsFactor=-1;CPXPARAM_MIP_Limits_GomoryCand=400;CPXPARAM_MIP_Limits_GomoryPass=0;CPXPARAM_MIP_Limits_Nodes=9223372036800000000;CPXPARAM_MIP_Limits_ProbeTime=1e+75;CPXPARAM_MIP_Limits_RepairTries=0;CPXPARAM_MIP_Limits_StrongCand=10;CPXPARAM_MIP_Limits_StrongIt=0;CPXPARAM_MIP_OrderType=0;CPXPARAM_MIP_Strategy_BBInterval=7;CPXPARAM_MIP_Strategy_Branch=0;CPXPARAM_MIP_Strategy_Dive=0;CPXPARAM_MIP_Strategy_File=1;CPXPARAM_MIP_Strategy_HeuristicFreq=0;CPXPARAM_MIP_Strategy_LBHeur=0;CPXPARAM_MIP_Strategy_NodeSelect=1;CPXPARAM_MIP_Strategy_Order=1;CPXPARAM_MIP_Strategy_PresolveNode=0;CPXPARAM_MIP_Strategy_Probe=0;CPXPARAM_MIP_Strategy_RINSHeur=0;CPXPARAM_MIP_Strategy_StartAlgorithm=0;CPXPARAM_MIP_Strategy_SubAlgorithm=0;CPXPARAM_MIP_Strategy_VariableSelect=0;CPXPARAM_Network_NetFind=2;CPXPARAM_Network_Pricing=0;CPXPARAM_Parallel=1;CPXPARAM_Preprocessing_Aggregator=-1;CPXPARAM_Preprocessing_BoundStrength=-1;CPXPARAM_Preprocessing_CoeffReduce=-1;CPXPARAM_Preprocessing_Dependency=-1;CPXPARAM_Preprocessing_Dual=0;CPXPARAM_Preprocessing_Fill=5;CPXPARAM_Preprocessing_NumPass=-1;CPXPARAM_Preprocessing_Presolve=1;CPXPARAM_Preprocessing_QPMakePSD=1;CPXPARAM_Preprocessing_Reduce=3;CPXPARAM_Preprocessing_Relax=-1;CPXPARAM_Preprocessing_RepeatPresolve=-1;CPXPARAM_Preprocessing_Symmetry=-1;CPXPARAM_Read_Scale=0;CPXPARAM_Sifting_Algorithm=0;CPXPARAM_Simplex_Crash=1;CPXPARAM_Simplex_DGradient=0;CPXPARAM_Simplex_Limits_Perturbation=0;CPXPARAM_Simplex_Limits_Singularity=10;CPXPARAM_Simplex_PGradient=0;CPXPARAM_Simplex_Pricing=0;CPXPARAM_Simplex_Refactor=0
6365633960094637478,0,CPXPARAM_Advance=1;CPXPARAM_Barrier_Algorithm=0;CPXPARAM_Barrier_ColNonzeros=0;CPXPARAM_Barrier_Crossover=0;CPXPARAM_Barrier_Limits_Corrections=-1;CPXPARAM_Barrier_Ordering=0;CPXPARAM_Barrier_StartAlg=1;CPXPARAM_Emphasis_MIP=2;CPXPARAM_Emphasis_Memory=0;CPXPARAM_Emphasis_Numerical=0;CPXPARAM_Feasopt_Mode=0;CPXPARAM_LPMethod=0;CPXPARAM_MIP_Cuts_Cliques=-1;CPXPARAM_MIP_Cuts_Covers=2;CPXPARAM_MIP_Cuts_Disjunctive=1;CPXPARAM_MIP_Cuts_FlowCovers=2;CPXPARAM_MIP_Cuts_GUBCovers=1;CPXPARAM_MIP_Cuts_Gomory=0;CPXPARAM_MIP_Cuts_Implied=-1;CPXPARAM_MIP_Cuts_MIRCut=-1;CPXPARAM_MIP_Cuts_PathCut=-1;CPXPARAM_MIP_Limits_AggForCut=3;CPXPARAM_MIP_Limits_CutPasses=0;CPXPARAM_MIP_Limits_CutsFactor=-1;CPXPARAM_MIP_Limits_GomoryCand=400;CPXPARAM_MIP_Limits_GomoryPass=0;CPXPARAM_MIP_Limits_Nodes=9223372036800000000;CPXPARAM_MIP_Limits_ProbeTime=1e+75;CPXPARAM_MIP_Limits_RepairTries=0;CPXPARAM_MIP_Limits_StrongCand=10;CPXPARAM_MIP_Limits_StrongIt=0;CPXPARAM_MIP_OrderType=0;CPXPARAM_MIP_Strategy_BBInterval=7;CPXPARAM_MIP_Strategy_Branch=0;CPXPARAM_MIP_Strategy_Dive=0;CPXPARAM_MIP_Strategy_File=1;CPXPARAM_MIP_Strategy_HeuristicFreq=0;CPXPARAM_MIP_Strategy_LBHeur=0;CPXPARAM_MIP_Strategy_NodeSelect=1;CPXPARAM_MIP_Strategy_Order=1;CPXPARAM_MIP_Strategy_PresolveNode=0;CPXPARAM_MIP_Strategy_Probe=0;CPXPARAM_MIP_Strategy_RINSHeur=0;CPXPARAM_MIP_Strategy_StartAlgorithm=0;CPXPARAM_MIP_Strategy_SubAlgorithm=0;CPXPARAM_MIP_Strategy_VariableSelect=0;CPXPARAM_Network_NetFind=2;CPXPARAM_Network_Pricing=1;CPXPARAM_Parallel=1;CPXPARAM_Preprocessing_Aggregator=-1;CPXPARAM_Preprocessing_BoundStrength=-1;CPXPARAM_Preprocessing_CoeffReduce=-1;CPXPARAM_Preprocessing_Dependency=-1;CPXPARAM_Preprocessing_Dual=0;CPXPARAM_Preprocessing_Fill=10;CPXPARAM_Preprocessing_NumPass=-1;CPXPARAM_Preprocessing_Presolve=1;CPXPARAM_Preprocessing_QPMakePSD=1;CPXPARAM_Preprocessing_Reduce=3;CPXPARAM_Preprocessing_Relax=-1;CPXPARAM_Preprocessing_RepeatPresolve=-1;CPXPARAM_Preprocessing_Symmetry=-1;CPXPARAM_Read_Scale=0;CPXPARAM_Sifting_Algorithm=0;CPXPARAM_Simplex_Crash=1;CPXPARAM_Simplex_DGradient=0;CPXPARAM_Simplex_Limits_Perturbation=0;CPXPARAM_Simplex_Limits_Singularity=10;CPXPARAM_Simplex_PGradient=0;CPXPARAM_Simplex_Pricing=0;CPXPARAM_Simplex_Refactor=0
705988447536632719,0,CPXPARAM_Advance=1;CPXPARAM_Barrier_Algorithm=0;CPXPARAM_Barrier_ColNonzeros=0;CPXPARAM_Barrier_Crossover=0;CPXPARAM_Barrier_Limits_Corrections=-1;CPXPARAM_Barrier_Ordering=0;CPXPARAM_Barrier_StartAlg=1;CPXPARAM_Emphasis_MIP=2;CPXPARAM_Emphasis_Memory=0;CPXPARAM_Emphasis_Numerical=0;CPXPARAM_Feasopt_Mode=0;CPXPARAM_LPMethod=0;CPXPARAM_MIP_Cuts_Cliques=-1;CPXPARAM_MIP_Cuts_Covers=2;CPXPARAM_MIP_Cuts_Disjunctive=1;CPXPARAM_MIP_Cuts_FlowCovers=2;CPXPARAM_MIP_Cuts_GUBCovers=1;CPXPARAM_MIP_Cuts_Gomory=0;CPXPARAM_MIP_Cuts_Implied=-1;CPXPARAM_MIP_Cuts_MIRCut=-1;CPXPARAM_MIP_Cuts_PathCut=-1;CPXPARAM_MIP_Limits_AggForCut=3;CPXPARAM_MIP_Limits_CutPasses=0;CPXPARAM_MIP_Limits_CutsFactor=-1;CPXPARAM_MIP_Limits_GomoryCand=400;CPXPARAM_MIP_Limits_GomoryPass=0;CPXPARAM_MIP_Limits_Nodes=9223372036800000000;CPXPARAM_MIP_Limits_ProbeTime=1e+75;CPXPARAM_MIP_Limits_RepairTries=0;CPXPARAM_MIP_Limits_StrongCand=10;CPXPARAM_MIP_Limits_StrongIt=0;CPXPARAM_MIP_OrderType=0;CPXPARAM_MIP_Strategy_BBInterval=7;CPXPARAM_MIP_Strategy_Branch=0;CPXPARAM_MIP_Strategy_Dive=0;CPXPARAM_MIP_Strategy_File=1;CPXPARAM_MIP_Strategy_HeuristicFreq=-1;CPXPARAM_MIP_Strategy_LBHeur=0;CPXPARAM_MIP_Strategy_NodeSelect=1;CPXPARAM_MIP_Strategy_Order=1;CPXPARAM_MIP_Strategy_PresolveNode=0;CPXPARAM_MIP_Strategy_Probe=0;CPXPARAM_MIP_Strategy_RINSHeur=0;CPXPARAM_MIP_Strategy_StartAlgorithm=0;CPXPARAM_MIP_Strategy_SubAlgorithm=0;CPXPARAM_MIP_Strategy_VariableSelect=0;CPXPARAM_Network_NetFind=2;CPXPARAM_Network_Pricing=0;CPXPARAM_Parallel=1;CPXPARAM_Preprocessing_Aggregator=-1;CPXPARAM_Preprocessing_BoundStrength=-1;CPXPARAM_Preprocessing_CoeffReduce=-1;CPXPARAM_Preprocessing_Dependency=-1;CPXPARAM_Preprocessing_Dual=0;CPXPARAM_Preprocessing_Fill=10;CPXPARAM_Preprocessing_NumPass=-1;CPXPARAM_Preprocessing_Presolve=1;CPXPARAM_Preprocessing_QPMakePSD=1;CPXPARAM_Preprocessing_Reduce=3;CPXPARAM_Preprocessing_Relax=-1;CPXPARAM_Preprocessing_RepeatPresolve=-1;CPXPARAM_Preprocessing_Symmetry=-1;CPXPARAM_Read_Scale=0;CPXPARAM_Sifting_Algorithm=0;CPXPARAM_Simplex_Crash=1;CPXPARAM_Simplex_DGradient=0;CPXPARAM_Simplex_Limits_Perturbation=0;CPXPARAM_Simplex_Limits_Singularity=10;CPXPARAM_Simplex_PGradient=0;CPXPARAM_Simplex_Pricing=0;CPXPARAM_Simplex_Refactor=0
4924353005593098358,0,CPXPARAM_Advance=1;CPXPARAM_Barrier_Algorithm=0;CPXPARAM_Barrier_ColNonzeros=0;CPXPARAM_Barrier_Crossover=0;CPXPARAM_Barrier_Limits_Corrections=-1;CPXPARAM_Barrier_Ordering=0;CPXPARAM_Barrier_StartAlg=1;CPXPARAM_Emphasis_MIP=2;CPXPARAM_Emphasis_Memory=0;CPXPARAM_Emphasis_Numerical=0;CPXPARAM_Feasopt_Mode=0;CPXPARAM_LPMethod=0;CPXPARAM_MIP_Cuts_Cliques=-1;CPXPARAM_MIP_Cuts_Covers=2;CPXPARAM_MIP_Cuts_Disjunctive=1;CPXPARAM_MIP_Cuts_FlowCovers=2;CPXPARAM_MIP_Cuts_GUBCovers=1;CPXPARAM_MIP_Cuts_Gomory=0;CPXPARAM_MIP_Cuts_Implied=-1;CPXPARAM_MIP_Cuts_MIRCut=-1;CPXPARAM_MIP_Cuts_PathCut=-1;CPXPARAM_MIP_Limits_AggForCut=3;CPXPARAM_MIP_Limits_CutPasses=0;CPXPARAM_MIP_Limits_CutsFactor=-1;CPXPARAM_MIP_Limits_GomoryCand=400;CPXPARAM_MIP_Limits_GomoryPass=0;CPXPARAM_MIP_Limits_Nodes=9223372036800000000;CPXPARAM_MIP_Limits_ProbeTime=1e+75;CPXPARAM_MIP_Limits_RepairTries=0;CPXPARAM_MIP_Limits_StrongCand=10;CPXPARAM_MIP_Limits_StrongIt=0;CPXPARAM_MIP_OrderType=0;CPXPARAM_MIP_Strategy_BBInterval=7;CPXPARAM_MIP_Strategy_Branch=0;CPXPARAM_MIP_Strategy_Dive=0;CPXPARAM_MIP_Strategy_File=1;CPXPARAM_MIP_Strategy_HeuristicFreq=0;CPXPARAM_MIP_Strategy_LBHeur=0;CPXPARAM_MIP_Strategy_NodeSelect=1;CPXPARAM_MIP_Strategy_Order=1;CPXPARAM_MIP_Strategy_PresolveNode=0;CPXPARAM_MIP_Strategy_Probe=0;CPXPARAM_MIP_Strategy_RINSHeur=0;CPXPARAM_MIP_Strategy_StartAlgorithm=0;CPXPARAM_MIP_Strategy_SubAlgorithm=0;CPXPARAM_MIP_Strategy_VariableSelect=0;CPXPARAM_Network_NetFind=2;CPXPARAM_Network_Pricing=0;CPXPARAM_Parallel=1;CPXPARAM_Preprocessing_Aggregator=-1;CPXPARAM_Preprocessing_BoundStrength=-1;CPXPARAM_Preprocessing_CoeffReduce=-1;CPXPARAM_Preprocessing_Dependency=-1;CPXPARAM_Preprocessing_Dual=0;CPXPARAM_Preprocessing_Fill=20;CPXPARAM_Preprocessing_NumPass=-1;CPXPARAM_Preprocessing_Presolve=1;CPXPARAM_Preprocessing_QPMakePSD=1;CPXPARAM_Preprocessing_Reduce=3;CPXPARAM_Preprocessing_Relax=-1;CPXPARAM_Preprocessing_RepeatPresolve=-1;CPXPARAM_Preprocessing_Symmetry=-1;CPXPARAM_Read_Scale=0;CPXPARAM_Sifting_Algorithm=0;CPXPARAM_Simplex_Crash=1;CPXPARAM_Simplex_DGradient=0;CPXPARAM_Simplex_Limits_Perturbation=0;CPXPARAM_Simplex_Limits_Singularity=10;CPXPARAM_Simplex_PGradient=0;CPXPARAM_Simplex_Pricing=0;CPXPARAM_Simplex_Refactor=0
957180548460211359,0,CPXPARAM_Advance=1;CPXPARAM_Barrier_Algorithm=0;CPXPARAM_Barrier_ColNonzeros=0;CPXPARAM_Barrier_Crossover=2;CPXPARAM_Barrier_Limits_Corrections=-1;CPXPARAM_Barrier_Ordering=0;CPXPARAM_Barrier_StartAlg=1;CPXPARAM_Emphasis_MIP=2;CPXPARAM_Emphasis_Memory=0;CPXPARAM_Emphasis_Numerical=0;CPXPARAM_Feasopt_Mode=0;CPXPARAM_LPMethod=0;CPXPARAM_MIP_Cuts_Cliques=-1;CPXPARAM_MIP_Cuts_Covers=2;CPXPARAM_MIP_Cuts_Disjunctive=1;CPXPARAM_MIP_Cuts_FlowCovers=2;CPXPARAM_MIP_Cuts_GUBCovers=1;CPXPARAM_MIP_Cuts_Gomory=0;CPXPARAM_MIP_Cuts_Implied=-1;CPXPARAM_MIP_Cuts_MIRCut=-1;CPXPARAM_MIP_Cuts_PathCut=-1;CPXPARAM_MIP_Limits_AggForCut=3;CPXPARAM_MIP_Limits_CutPasses=0;CPXPARAM_MIP_Limits_CutsFactor=-1;CPXPARAM_MIP_Limits_GomoryCand=400;CPXPARAM_MIP_Limits_GomoryPass=0;CPXPARAM_MIP_Limits_Nodes=9223372036800000000;CPXPARAM_MIP_Limits_ProbeTime=1e+75;CPXPARAM_MIP_Limits_RepairTries=0;CPXPARAM_MIP_Limits_StrongCand=10;CPXPARAM_MIP_Limits_StrongIt=0;CPXPARAM_MIP_OrderType=0;CPXPARAM_MIP_Strategy_BBInterval=7;CPXPARAM_MIP_Strategy_Branch=0;CPXPARAM_MIP_Strategy_Dive=0;CPXPARAM_MIP_Strategy_File=1;CPXPARAM_MIP_Strategy_HeuristicFreq=0;CPXPARAM_MIP_Strategy_LBHeur=0;CPXPARAM_MIP_Strategy_NodeSelect=1;CPXPARAM_MIP_Strategy_Order=1;CPXPARAM_MIP_Strategy_PresolveNode=0;CPXPARAM_MIP_Strategy_Probe=0;CPXPARAM_MIP_Strategy_RINSHeur=0;CPXPARAM_MIP_Strategy_StartAlgorithm=0;CPXPARAM_MIP_Strategy_SubAlgorithm=0;CPXPARAM_MIP_Strategy_VariableSelect=0;CPXPARAM_Network_NetFind=2;CPXPARAM_Network_Pricing=0;CPXPARAM_Parallel=1;CPXPARAM_Preprocessing_Aggregator=-1;CPXPARAM_Preprocessing_BoundStrength=-1;CPXPARAM_Preprocessing_CoeffReduce=-1;CPXPARAM_Preprocessing_Dependency=-1;CPXPARAM_Preprocessing_Dual=0;CPXPARAM_Preprocessing_Fill=10;CPXPARAM_Preprocessing_NumPass=-1;CPXPARAM_Preprocessing_Presolve=1;CPXPARAM_Preprocessing_QPMakePSD=1;CPXPARAM_Preprocessing_Reduce=3;CPXPARAM_Preprocessing_Relax=-1;CPXPARAM_Preprocessing_RepeatPresolve=-1;CPXPARAM_Preprocessing_Symmetry=-1;CPXPARAM_Read_Scale=0;CPXPARAM_Sifting_Algorithm=0;CPXPARAM_Simplex_Crash=1;CPXPARAM_Simplex_DGradient=0;CPXPARAM_Simplex_Limits_Perturbation=0;CPXPARAM_Simplex_Limits_Singularity=10;CPXPARAM_Simplex_PGradient=0;CPXPARAM_Simplex_Pricing=0;CPXPARAM_Simplex_Refactor=0
14720492792920992218,0,CPXPARAM_Advance=1;CPXPARAM_Barrier_Algorithm=0;CPXPARAM_Barrier_ColNonzeros=0;CPXPARAM_Barrier_Crossover=0;CPXPARAM_Barrier_Limits_Corrections=-1;CPXPARAM_Barrier_Ordering=0;CPXPARAM_Barrier_StartAlg=2;CPXPARAM_Emphasis_MIP=2;CPXPARAM_Emphasis_Memory=0;CPXPARAM_Emphasis_Numerical=0;CPXPARAM_Feasopt_Mode=0;CPXPARAM_LPMethod=0;CPXPARAM_MIP_Cuts_Cliques=-1;CPXPARAM_MIP_Cuts_Covers=2;CPXPARAM_MIP_Cuts_Disjunctive=1;CPXPARAM_MIP_Cuts_FlowCovers=2;CPXPARAM_MIP_Cuts_GUBCovers=1;CPXPARAM_MIP_Cuts_Gomory=0;CPXPARAM_MIP_Cuts_Implied=-1;CPXPARAM_MIP_Cuts_MIRCut=-1;CPXPARAM_MIP_Cuts_PathCut=-1;CPXPARAM_MIP_Limits_AggForCut=3;CPXPARAM_MIP_Limits_CutPasses=0;CPXPARAM_MIP_Limits_CutsFactor=-1;CPXPARAM_MIP_Limits_GomoryCand=400;CPXPARAM_MIP_Limits_GomoryPass=0;CPXPARAM_MIP_Limits_Nodes=9223372036800000000;CPXPARAM_MIP_Limits_ProbeTime=1e+75;CPXPARAM_MIP_Limits_RepairTries=0;CPXPARAM_MIP_Limits_StrongCand=10;CPXPARAM_MIP_Limits_StrongIt=0;CPXPARAM_MIP_OrderType=0;CPXPARAM_MIP_Strategy_BBInterval=7;CPXPARAM_MIP_Strategy_Branch=0;CPXPARAM_MIP_Strategy_Dive=0;CPXPARAM_MIP_Strategy_File=1;CPXPARAM_MIP_Strategy_HeuristicFreq=0;CPXPARAM_MIP_Strategy_LBHeur=0;CPXPARAM_MIP_Strategy_NodeSelect=1;CPXPARAM_MIP_Strategy_Order=1;CPXPARAM_MIP_Strategy_PresolveNode=0;CPXPARAM_MIP_Strategy_Probe=0;CPXPARAM_MIP_Strategy_RINSHeur=0;CPXPARAM_MIP_Strategy_StartAlgorithm=0;CPXPARAM_MIP_Strategy_SubAlgorithm=0;CPXPARAM_MIP_Strategy_VariableSelect=0;CPXPARAM_Network_NetFind=2;CPXPARAM_Network_Pricing=0;CPXPARAM_Parallel=1;CPXPARAM_Preprocessing_Aggregator=-1;CPXPARAM_Preprocessing_BoundStrength=-1;CPXPARAM_Preprocessing_CoeffReduce=-1;CPXPARAM_Preprocessing_Dependency=-1;CPXPARAM_Preprocessing_Dual=0;CPXPARAM_Preprocessing_Fill=10;CPXPARAM_Preprocessing_NumPass=-1;CPXPARAM_Preprocessing_Presolve=1;CPXPARAM_Preprocessing_QPMakePSD=1;CPXPARAM_Preprocessing_Reduce=3;CPXPARAM_Preprocessing_Relax=-1;CPXPARAM_Preprocessing_RepeatPresolve=-1;CPXPARAM_Preprocessing_Symmetry=-1;CPXPARAM_Read_Scale=0;CPXPARAM_Sifting_Algorithm=0;CPXPARAM_Simplex_Crash=1;CPXPARAM_Simplex_DGradient=0;CPXPARAM_Simplex_Limits_Perturbation=0;CPXPARAM_Simplex_Limits_Singularity=10;CPXPARAM_Simplex_PGradient=0;CPXPARAM_Simplex_Pricing=0;CPXPARAM_Simplex_Refactor=0
9845654262796484440,0,CPXPARAM_Advance=1;CPXPARAM_Barrier_Algorithm=0;CPXPARAM_Barrier_ColNonzeros=0;CPXPARAM_Barrier_Crossover=0;CPXPARAM_Barrier_Limits_Corrections=-1;CPXPARAM_Barrier_Ordering=0;CPXPARAM_Barrier_StartAlg=4;CPXPARAM_Emphasis_MIP=2;CPXPARAM_Emphasis_Memory=0;CPXPARAM_Emphasis_Numerical=0;CPXPARAM_Feasopt_Mode=0;CPXPARAM_LPMethod=0;CPXPARAM_MIP_Cuts_Cliques=-1;CPXPARAM_MIP_Cuts_Covers=2;CPXPARAM_MIP_Cuts_Disjunctive=1;CPXPARAM_MIP_Cuts_FlowCovers=2;CPXPARAM_MIP_Cuts_GUBCovers=1;CPXPARAM_MIP_Cuts_Gomory=0;CPXPARAM_MIP_Cuts_Implied=-1;CPXPARAM_MIP_Cuts_MIRCut=-1;CPXPARAM_MIP_Cuts_PathCut=-1;CPXPARAM_MIP_Limits_AggForCut=3;CPXPARAM_MIP_Limits_CutPasses=0;CPXPARAM_MIP_Limits_CutsFactor=-1;CPXPARAM_MIP_Limits_GomoryCand=400;CPXPARAM_MIP_Limits_GomoryPass=0;CPXPARAM_MIP_Limits_Nodes=9223372036800000000;CPXPARAM_MIP_Limits_ProbeTime=1e+75;CPXPARAM_MIP_Limits_RepairTries=0;CPXPARAM_MIP_Limits_StrongCand=10;CPXPARAM_MIP_Limits_StrongIt=0;CPXPARAM_MIP_OrderType=0;CPXPARAM_MIP_Strategy_BBInterval=7;CPXPARAM_MIP_Strategy_Branch=0;CPXPARAM_MIP_Strategy_Dive=0;CPXPARAM_MIP_Strategy_File=1;CPXPARAM_MIP_Strategy_HeuristicFreq=0;CPXPARAM_MIP_Strategy_LBHeur=0;CPXPARAM_MIP_Strategy_NodeSelect=1;CPXPARAM_MIP_Strategy_Order=1;CPXPARAM_MIP_Strategy_PresolveNode=0;CPXPARAM_MIP_Strategy_Probe=0;CPXPARAM_MIP_Strategy_RINSHeur=0;CPXPARAM_MIP_Strategy_StartAlgorithm=0;CPXPARAM_MIP_Strategy_SubAlgorithm=0;CPXPARAM_MIP_Strategy_VariableSelect=0;CPXPARAM_Network_NetFind=2;CPXPARAM_Network_Pricing=0;CPXPARAM_Parallel=1;CPXPARAM_Preprocessing_Aggregator=-1;CPXPARAM_Preprocessing_BoundStrength=-1;CPXPARAM_Preprocessing_CoeffReduce=-1;CPXPARAM_Preprocessing_Dependency=-1;CPXPARAM_Preprocessing_Dual=0;CPXPARAM_Preprocessing_Fill=10;CPXPARAM_Preprocessing_NumPass=-1;CPXPARAM_Preprocessing_Presolve=1;CPXPARAM_Preprocessing_QPMakePSD=1;CPXPARAM_Preprocessing_Reduce=3;CPXPARAM_Preprocessing_Relax=-1;CPXPARAM_Preprocessing_RepeatPresolve=-1;CPXPARAM_Preprocessing_Symmetry=-1;CPXPARAM_Read_Scale=0;CPXPARAM_Sifting_Algorithm=0;CPXPARAM_Simplex_Crash=1;CPXPARAM_Simplex_DGradient=0;CPXPARAM_Simplex_Limits_Perturbation=0;CPXPARAM_Simplex_Limits_Singularity=10;CPXPARAM_Simplex_PGradient=0;CPXPARAM_Simplex_Pricing=0;CPXPARAM_Simplex_Refactor=0
10393421823473312350,0,CPXPARAM_Advance=1;CPXPARAM_Barrier_Algorithm=0;CPXPARAM_Barrier_ColNonzeros=0;CPXPARAM_Barrier_Crossover=0;CPXPARAM_Barrier_Limits_Corrections=-1;CPXPARAM_Barrier_Ordering=0;CPXPARAM_Barrier_StartAlg=1;CPXPARAM_Emphasis_MIP=2;CPXPARAM_Emphasis_Memory=0;CPXPARAM_Emphasis_Numerical=0;CPXPARAM_Feasopt_Mode=0;CPXPARAM_LPMethod=0;CPXPARAM_MIP_Cuts_Cliques=-1;CPXPARAM_MIP_Cuts_Covers=2;CPXPARAM_MIP_Cuts_Disjunctive=1;CPXPARAM_MIP_Cuts_FlowCovers=2;CPXPARAM_MIP_Cuts_GUBCovers=1;CPXPARAM_MIP_Cuts_Gomory=0;CPXPARAM_MIP_Cuts_Implied=-1;CPXPARAM_MIP_Cuts_MIRCut=-1;CPXPARAM_MIP_Cuts_PathCut=-1;CPXPARAM_MIP_Limits_AggForCut=3;CPXPARAM_MIP_Limits_CutPasses=0;CPXPARAM_MIP_Limits_CutsFactor=-1;CPXPARAM_MIP_Limits_GomoryCand=400;CPXPARAM_MIP_Limits_GomoryPass=0;CPXPARAM_MIP_Limits_Nodes=9223372036800000000;CPXPARAM_MIP_Limits_ProbeTime=1e+75;CPXPARAM_MIP_Limits_RepairTries=0;CPXPARAM_MIP_Limits_StrongCand=10;CPXPARAM_MIP_Limits_StrongIt=0;CPXPARAM_MIP_OrderType=0;CPXPARAM_MIP_Strategy_BBInterval=7;CPXPARAM_MIP_Strategy_Branch=0;CPXPARAM_MIP_Strategy_Dive=0;CPXPARAM_MIP_Strategy_File=1;CPXPARAM_MIP_Strategy_HeuristicFreq=0;CPXPARAM_MIP_Strategy_LBHeur=0;CPXPARAM_MIP_Strategy_NodeSelect=1;CPXPARAM_MIP_Strategy_Order=1;CPXPARAM_MIP_Strategy_PresolveNode=0;CPXPARAM_MIP_Strategy_Probe=0;CPXPARAM_MIP_Strategy_RINSHeur=0;CPXPARAM_MIP_Strategy_StartAlgorithm=0;CPXPARAM_MIP_Strategy_SubAlgorithm=0;CPXPARAM_MIP_Strategy_VariableSelect=0;CPXPARAM_Network_NetFind=2;CPXPARAM_Network_Pricing=0;CPXPARAM_Parallel=1;CPXPARAM_Preprocessing_Aggregator=-1;CPXPARAM_Preprocessing_BoundStrength=1;CPXPARAM_Preprocessing_CoeffReduce=-1;CPXPARAM_Preprocessing_Dependency=-1;CPXPARAM_Preprocessing_Dual=0;CPXPARAM_Preprocessing_Fill=10;CPXPARAM_Preprocessing_NumPass=-1;CPXPARAM_Preprocessing_Presolve=1;CPXPARAM_Preprocessing_QPMakePSD=1;CPXPARAM_Preprocessing_Reduce=3;CPXPARAM_Preprocessing_Relax=-1;CPXPARAM_Preprocessing_RepeatPresolve=-1;CPXPARAM_Preprocessing_Symmetry=-1;CPXPARAM_Read_Scale=0;CPXPARAM_Sifting_Algorithm=0;CPXPARAM_Simplex_Crash=1;CPXPARAM_Simplex_DGradient=0;CPXPARAM_Simplex_Limits_Perturbation=0;CPXPARAM_Simplex_Limits_Singularity=10;CPXPARAM_Simplex_PGradient=0;CPXPARAM_Simplex_Pricing=0;CPXPARAM_Simplex_Refactor=0
17272529552253556977,0,CPXPARAM_Advance=1;CPXPARAM_Barrier_Algorithm=0;CPXPARAM_Barrier_ColNonzeros=0;CPXPARAM_Barrier_Crossover=0;CPXPARAM_Barrier_Limits_Corrections=-1;CPXPARAM_Barrier_Ordering=0;CPXPARAM_Barrier_StartAlg=1;CPXPARAM_Emphasis_MIP=0;CPXPARAM_Emphasis_Memory=0;CPXPARAM_Emphasis_Numerical=0;CPXPARAM_Feasopt_Mode=0;CPXPARAM_LPMethod=0;CPXPARAM_MIP_Cuts_Cliques=3;CPXPARAM_MIP_Cuts_Covers=-1;CPXPARAM_MIP_Cuts_Disjunctive=-1;CPXPARAM_MIP_Cuts_FlowCovers=-1;CPXPARAM_MIP_Cuts_GUBCovers=0;CPXPARAM_MIP_Cuts_Gomory=0;CPXPARAM_MIP_Cuts_Implied=2;CPXPARAM_MIP_Cuts_MIRCut=-1;CPXPARAM_MIP_Cuts_PathCut=-1;CPXPARAM_MIP_Limits_AggForCut=2;CPXPARAM_MIP_Limits_CutPasses=0;CPXPARAM_MIP_Limits_CutsFactor=-1;CPXPARAM_MIP_Limits_GomoryCand=800;CPXPARAM_MIP_Limits_GomoryPass=0;CPXPARAM_MIP_Limits_Nodes=9223372036800000000;CPXPARAM_MIP_Limits_ProbeTime=1e+75;CPXPARAM_MIP_Limits_RepairTries=0;CPXPARAM_MIP_Limits_StrongCand=10;CPXPARAM_MIP_Limits_StrongIt=0;CPXPARAM_MIP_OrderType=0;CPXPARAM_MIP_Strategy_BBInterval=7;CPXPARAM_MIP_Strategy_Branch=0;CPXPARAM_MIP_Strategy_Dive=0;CPXPARAM_MIP_Strategy_File=1;CPXPARAM_MIP_Strategy_HeuristicFreq=0;CPXPARAM_MIP_Strategy_LBHeur=0;CPXPARAM_MIP_Strategy_NodeSelect=0;CPXPARAM_MIP_Strategy_Order=1;CPXPARAM_MIP_Strategy_PresolveNode=3;CPXPARAM_MIP_Strategy_Probe=0;CPXPARAM_MIP_Strategy_RINSHeur=0;CPXPARAM_MIP_Strategy_StartAlgorithm=0;CPXPARAM_MIP_Strategy_SubAlgorithm=0;CPXPARAM_MIP_Strategy_VariableSelect=2;CPXPARAM_Network_NetFind=2;CPXPARAM_Network_Pricing=0;CPXPARAM_Parallel=1;CPXPARAM_Preprocessing_Aggregator=-1;CPXPARAM_Preprocessing_BoundStrength=-1;CPXPARAM_Preprocessing_CoeffReduce=-1;CPXPARAM_Preprocessing_Dependency=-1;CPXPARAM_Preprocessing_Dual=0;CPXPARAM_Preprocessing_Fill=20;CPXPARAM_Preprocessing_NumPass=-1;CPXPARAM_Preprocessing_Presolve=1;CPXPARAM_Preprocessing_QPMakePSD=1;CPXPARAM_Preprocessing_Reduce=3;CPXPARAM_Preprocessing_Relax=-1;CPXPARAM_Preprocessing_RepeatPresolve=-1;CPXPARAM_Preprocessing_Symmetry=-1;CPXPARAM_Read_Scale=0;CPXPARAM_Sifting_Algorithm=0;CPXPARAM_Simplex_Crash=1;CPXPARAM_Simplex_DGradient=0;CPXPARAM_Simplex_Limits_Perturbation=0;CPXPARAM_Simplex_Limits_Singularity=10;CPXPARAM_Simplex_PGradient=0;CPXPARAM_Simplex_Pricing=0;CPXPARAM_Simplex_Refactor=0
11595582950976531829,0,CPXPARAM_Advance=1;CPXPARAM_Barrier_Algorithm=0;CPXPARAM_Barrier_ColNonzeros=0;CPXPARAM_Barrier_Crossover=0;CPXPARAM_Barrier_Limits_Corrections=-1;CPXPARAM_Barrier_Ordering=0;CPXPARAM_Barrier_StartAlg=1;CPXPARAM_Emphasis_MIP=2;CPXPARAM_Emphasis_Memory=0;CPXPARAM_Emphasis_Numerical=0;CPXPARAM_Feasopt_Mode=0;CPXPARAM_LPMethod=0;CPXPARAM_MIP_Cuts_Cliques=-1;CPXPARAM_MIP_Cuts_Covers=2;CPXPARAM_MIP_Cuts_Disjunctive=1;CPXPARAM_MIP_Cuts_FlowCovers=2;CPXPARAM_MIP_Cuts_GUBCovers=1;CPXPARAM_MIP_Cuts_Gomory=0;CPXPARAM_MIP_Cuts_Implied=-1;CPXPARAM_MIP_Cuts_MIRCut=-1;CPXPARAM_MIP_Cuts_PathCut=-1;CPXPARAM_MIP_Limits_AggForCut=3;CPXPARAM_MIP_Limits_CutPasses=0;CPXPARAM_MIP_Limits_CutsFactor=-1;CPXPARAM_MIP_Limits_GomoryCand=400;CPXPARAM_MIP_Limits_GomoryPass=0;CPXPARAM_MIP_Limits_Nodes=9223372036800000000;CPXPARAM_MIP_Limits_ProbeTime=1e+75;CPXPARAM_MIP_Limits_RepairTries=0;CPXPARAM_MIP_Limits_StrongCand=10;CPXPARAM_MIP_Limits_StrongIt=0;CPXPARAM_MIP_OrderType=0;CPXPARAM_MIP_Strategy_BBInterval=7;CPXPARAM_MIP_Strategy_Branch=0;CPXPARAM_MIP_Strategy_Dive=0;CPXPARAM_MIP_Strategy_File=1;CPXPARAM_MIP_Strategy_HeuristicFreq=0;CPXPARAM_MIP_Strategy_LBHeur=0;CPXPARAM_MIP_Strategy_NodeSelect=1;CPXPARAM_MIP_Strategy_Order=1;CPXPARAM_MIP_Strategy_PresolveNode=0;CPXPARAM_MIP_Strategy_Probe=0;CPXPARAM_MIP_Strategy_RINSHeur=0;CPXPARAM_MIP_Strategy_StartAlgorithm=0;CPXPARAM_MIP_Strategy_SubAlgorithm=0;CPXPARAM_MIP_Strategy_VariableSelect=0;CPXPARAM_Network_NetFind=2;CPXPARAM_Network_Pricing=0;CPXPARAM_Parallel=1;CPXPARAM_Preprocessing_Aggregator=-1;CPXPARAM_Preprocessing_BoundStrength=-1;CPXPARAM_Preprocessing_CoeffReduce=0;CPXPARAM_Preprocessing_Dependency=-1;CPXPARAM_Preprocessing_Dual=0;CPXPARAM_Preprocessing_Fill=10;CPXPARAM_Preprocessing_NumPass=-1;CPXPARAM_Preprocessing_Presolve=1;CPXPARAM_Preprocessing_QPMakePSD=1;CPXPARAM_Preprocessing_Reduce=3;CPXPARAM_Preprocessing_Relax=-1;CPXPARAM_Preprocessing_RepeatPresolve=-1;CPXPARAM_Preprocessing_Symmetry=-1;CPXPARAM_Read_Scale=0;CPXPARAM_Sifting_Algorithm=0;CPXPARAM_Simplex_Crash=1;CPXPARAM_Simplex_DGradient=0;CPXPARAM_Simplex_Limits_Perturbation=0;CPXPARAM_Simplex_Limits_Singularity=10;CPXPARAM_Simplex_PGradient=0;CPXPARAM_Simplex_Pricing=0;CPXPARAM_Simplex_Refactor=0
14943561713218783843,0,CPXPARAM_Advance=1;CPXPARAM_Barrier_Algorithm=0;CPXPARAM_Barrier_ColNonzeros=0;CPXPARAM_Barrier_Crossover=0;CPXPARAM_Barrier_Limits_Corrections=-1;CPXPARAM_Barrier_Ordering=0;CPXPARAM_Barrier_StartAlg=1;CPXPARAM_Emphasis_MIP=4;CPXPARAM_Emphasis_Memory=0;CPXPARAM_Emphasis_Numerical=0;CPXPARAM_Feasopt_Mode=0;CPXPARAM_LPMethod=0;CPXPARAM_MIP_Cuts_Cliques=-1;CPXPARAM_MIP_Cuts_Covers=0;CPXPARAM_MIP_Cuts_Disjunctive=-1;CPXPARAM_MIP_Cuts_FlowCovers=1;CPXPARAM_MIP_Cuts_GUBCovers=0;CPXPARAM_MIP_Cuts_Gomory=2;CPXPARAM_MIP_Cuts_Implied=2;CPXPARAM_MIP_Cuts_MIRCut=1;CPXPARAM_MIP_Cuts_PathCut=0;CPXPARAM_MIP_Limits_AggForCut=3;CPXPARAM_MIP_Limits_CutPasses=0;CPXPARAM_MIP_Limits_CutsFactor=-1;CPXPARAM_MIP_Limits_GomoryCand=50;CPXPARAM_MIP_Limits_GomoryPass=0;CPXPARAM_MIP_Limits_Nodes=9223372036800000000;CPXPARAM_MIP_Limits_ProbeTime=1e+75;CPXPARAM_MIP_Limits_RepairTries=0;CPXPARAM_MIP_Limits_StrongCand=10;CPXPARAM_MIP_Limits_StrongIt=0;CPXPARAM_MIP_OrderType=0;CPXPARAM_MIP_Strategy_BBInterval=7;CPXPARAM_MIP_Strategy_Branch=0;CPXPARAM_MIP_Strategy_Dive=0;CPXPARAM_MIP_Strategy_File=1;CPXPARAM_MIP_Strategy_HeuristicFreq=0;CPXPARAM_MIP_Strategy_LBHeur=0;CPXPARAM_MIP_Strategy_NodeSelect=1;CPXPARAM_MIP_Strategy_Order=1;CPXPARAM_MIP_Strategy_PresolveNode=0;CPXPARAM_MIP_Strategy_Probe=0;CPXPARAM_MIP_Strategy_RINSHeur=0;CPXPARAM_MIP_Strategy_StartAlgorithm=0;CPXPARAM_MIP_Strategy_SubAlgorithm=0;CPXPARAM_MIP_Strategy_VariableSelect=0;CPXPARAM_Network_NetFind=2;CPXPARAM_Network_Pricing=0;CPXPARAM_Parallel=1;CPXPARAM_Preprocessing_Aggregator=-1;CPXPARAM_Preprocessing_BoundStrength=-1;CPXPARAM_Preprocessing_CoeffReduce=-1;CPXPARAM_Preprocessing_Dependency=-1;CPXPARAM_Preprocessing_Dual=0;CPXPARAM_Preprocessing_Fill=10;CPXPARAM_Preprocessing_NumPass=-1;CPXPARAM_Preprocessing_Presolve=1;CPXPARAM_Preprocessing_QPMakePSD=1;CPXPARAM_Preprocessing_Reduce=3;CPXPARAM_Preprocessing_Relax=-1;CPXPARAM_Preprocessing_RepeatPresolve=-1;CPXPARAM_Preprocessing_Symmetry=-1;CPXPARAM_Read_Scale=0;CPXPARAM_Sifting_Algorithm=0;CPXPARAM_Simplex_Crash=1;CPXPARAM_Simplex_DGradient=0;CPXPARAM_Simplex_Limits_Perturbation=0;CPXPARAM_Simplex_Limits_Singularity=10;CPXPARAM_Simplex_PGradient=0;CPXPARAM_Simplex_Pricing=0;CPXPARAM_Simplex_Refactor=0
11610603788895449671,0,CPXPARAM_Advance=1;CPXPARAM_Barrier_Algorithm=0;CPXPARAM_Barrier_ColNonzeros=0;CPXPARAM_Barrier_Crossover=0;CPXPARAM_Barrier_Limits_Corrections=-1;CPXPARAM_Barrier_Ordering=0;CPXPARAM_Barrier_StartAlg=1;CPXPARAM_Emphasis_MIP=2;CPXPARAM_Emphasis_Memory=0;CPXPARAM_Emphasis_Numerical=0;CPXPARAM_Feasopt_Mode=0;CPXPARAM_LPMethod=0;CPXPARAM_MIP_Cuts_Cliques=-1;CPXPARAM_MIP_Cuts_Covers=2;CPXPARAM_MIP_Cuts_Disjunctive=1;CPXPARAM_MIP_Cuts_FlowCovers=2;CPXPARAM_MIP_Cuts_GUBCovers=1;CPXPARAM_MIP_Cuts_Gomory=0;CPXPARAM_MIP_Cuts_Implied=-1;CPXPARAM_MIP_Cuts_MIRCut=-1;CPXPARAM_MIP_Cuts_PathCut=-1;CPXPARAM_MIP_Limits_AggForCut=3;CPXPARAM_MIP_Limits_CutPasses=0;CPXPARAM_MIP_Limits_CutsFactor=-1;CPXPARAM_MIP_Limits_GomoryCand=400;CPXPARAM_MIP_Limits_GomoryPass=0;CPXPARAM_MIP_Limits_Nodes=9223372036800000000;CPXPARAM_MIP_Limits_ProbeTime=1e+75;CPXPARAM_MIP_Limits_RepairTries=0;CPXPARAM_MIP_Limits_StrongCand=10;CPXPARAM_MIP_Limits_StrongIt=0;CPXPARAM_MIP_OrderType=0;CPXPARAM_MIP_Strategy_BBInterval=7;CPXPARAM_MIP_Strategy_Branch=0;CPXPARAM_MIP_Strategy_Dive=0;CPXPARAM_MIP_Strategy_File=1;CPXPARAM_MIP_Strategy_HeuristicFreq=0;CPXPARAM_MIP_Strategy_LBHeur=0;CPXPARAM_MIP_Strategy_NodeSelect=1;CPXPARAM_MIP_Strategy_Order=1;CPXPARAM_MIP_Strategy_PresolveNode=0;CPXPARAM_MIP_Strategy_Probe=0;CPXPARAM_MIP_Strategy_RINSHeur=0;CPXPARAM_MIP_Strategy_StartAlgorithm=0;CPXPARAM_MIP_Strategy_SubAlgorithm=0;CPXPARAM_MIP_Strategy_VariableSelect=0;CPXPARAM_Network_NetFind=2;CPXPARAM_Network_Pricing=0;CPXPARAM_Parallel=1;CPXPARAM_Preprocessing_Aggregator=-1;CPXPARAM_Preprocessing_BoundStrength=-1;CPXPARAM_Preprocessing_CoeffReduce=2;CPXPARAM_Preprocessing_Dependency=-1;CPXPARAM_Preprocessing_Dual=0;CPXPARAM_Preprocessing_Fill=10;CPXPARAM_Preprocessing_NumPass=-1;CPXPARAM_Preprocessing_Presolve=1;CPXPARAM_Preprocessing_QPMakePSD=1;CPXPARAM_Preprocessing_Reduce=3;CPXPARAM_Preprocessing_Relax=-1;CPXPARAM_Preprocessing_RepeatPresolve=-1;CPXPARAM_Preprocessing_Symmetry=-1;CPXPARAM_Read_Scale=0;CPXPARAM_Sifting_Algorithm=0;CPXPARAM_Simplex_Crash=1;CPXPARAM_Simplex_DGradient=0;CPXPARAM_Simplex_Limits_Perturbation=0;CPXPARAM_Simplex_Limits_Singularity=10;CPXPARAM_Simplex_PGradient=0;CPXPARAM_Simplex_Pricing=0;CPXPARAM_Simplex_Refactor=0
15368860926025345005,0,CPXPARAM_Advance=1;CPXPARAM_Barrier_Algorithm=0;CPXPARAM_Barrier_ColNonzeros=0;CPXPARAM_Barrier_Crossover=0;CPXPARAM_Barrier_Limits_Corrections=-1;CPXPARAM_Barrier_Ordering=0;CPXPARAM_Barrier_StartAlg=1;CPXPARAM_Emphasis_MIP=5;CPXPARAM_Emphasis_Memory=0;CPXPARAM_Emphasis_Numerical=0;CPXPARAM_Feasopt_Mode=0;CPXPARAM_LPMethod=0;CPXPARAM_MIP_Cuts_Cliques=0;CPXPARAM_MIP_Cuts_Covers=0;CPXPARAM_MIP_Cuts_Disjunctive=1;CPXPARAM_MIP_Cuts_FlowCovers=0;CPXPARAM_MIP_Cuts_GUBCovers=2;CPXPARAM_MIP_Cuts_Gomory=0;CPXPARAM_MIP_Cuts_Implied=-1;CPXPARAM_MIP_Cuts_MIRCut=1;CPXPARAM_MIP_Cuts_PathCut=1;CPXPARAM_MIP_Limits_AggForCut=3;CPXPARAM_MIP_Limits_CutPasses=0;CPXPARAM_MIP_Limits_CutsFactor=-1;CPXPARAM_MIP_Limits_GomoryCand=150;CPXPARAM_MIP_Limits_GomoryPass=0;CPXPARAM_MIP_Limits_Nodes=9223372036800000000;CPXPARAM_MIP_Limits_ProbeTime=1e+75;CPXPARAM_MIP_Limits_RepairTries=0;CPXPARAM_MIP_Limits_StrongCand=10;CPXPARAM_MIP_Limits_StrongIt=0;CPXPARAM_MIP_OrderType=0;CPXPARAM_MIP_Strategy_BBInterval=7;CPXPARAM_MIP_Strategy_Branch=0;CPXPARAM_MIP_Strategy_Dive=0;CPXPARAM_MIP_Strategy_File=1;CPXPARAM_MIP_Strategy_HeuristicFreq=0;CPXPARAM_MIP_Strategy_LBHeur=0;CPXPARAM_MIP_Strategy_NodeSelect=1;CPXPARAM_MIP_Strategy_Order=1;CPXPARAM_MIP_Strategy_PresolveNode=0;CPXPARAM_MIP_Strategy_Probe=0;CPXPARAM_MIP_Strategy_RINSHeur=0;CPXPARAM_MIP_Strategy_StartAlgorithm=0;CPXPARAM_MIP_Strategy_SubAlgorithm=0;CPXPARAM_MIP_Strategy_VariableSelect=0;CPXPARAM_Network_NetFind=2;CPXPARAM_Network_Pricing=0;CPXPARAM_Parallel=1;CPXPARAM_Preprocessing_Aggregator=-1;CPXPARAM_Preprocessing_BoundStrength=-1;CPXPARAM_Preprocessing_CoeffReduce=-1;CPXPARAM_Preprocessing_Dependency=-1;CPXPARAM_Preprocessing_Dual=0;CPXPARAM_Preprocessing_Fill=10;CPXPARAM_Preprocessing_NumPass=-1;CPXPARAM_Preprocessing_Presolve=1;CPXPARAM_Preprocessing_QPMakePSD=1;CPXPARAM_Preprocessing_Reduce=3;CPXPARAM_Preprocessing_Relax=-1;CPXPARAM_Preprocessing_RepeatPresolve=-1;CPXPARAM_Preprocessing_Symmetry=-1;CPXPARAM_Read_Scale=0;CPXPARAM_Sifting_Algorithm=0;CPXPARAM_Simplex_Crash=1;CPXPARAM_Simplex_DGradient=0;CPXPARAM_Simplex_Limits_Perturbation=0;CPXPARAM_Simplex_Limits_Singularity=10;CPXPARAM_Simplex_PGradient=0;CPXPARAM_Simplex_Pricing=0;CPXPARAM_Simplex_Refactor=0
9215888812235054480,0,CPXPARAM_Advance=1;CPXPARAM_Barrier_Algorithm=0;CPXPARAM_Barrier_ColNonzeros=0;CPXPARAM_Barrier_Crossover=0;CPXPARAM_Barrier_Limits_Corrections=-1;CPXPARAM_Barrier_Ordering=0;CPXPARAM_Barrier_StartAlg=1;CPXPARAM_Emphasis_MIP=2;CPXPARAM_Emphasis_Memory=0;CPXPARAM_Emphasis_Numerical=0;CPXPARAM_Feasopt_Mode=0;CPXPARAM_LPMethod=0;CPXPARAM_MIP_Cuts_Cliques=-1;CPXPARAM_MIP_Cuts_Covers=2;CPXPARAM_MIP_Cuts_Disjunctive=1;CPXPARAM_MIP_Cuts_FlowCovers=2;CPXPARAM_MIP_Cuts_GUBCovers=1;CPXPARAM_MIP_Cuts_Gomory=0;CPXPARAM_MIP_Cuts_Implied=-1;CPXPARAM_MIP_Cuts_MIRCut=-1;CPXPARAM_MIP_Cuts_PathCut=-1;CPXPARAM_MIP_Limits_AggForCut=3;CPXPARAM_MIP_Limits_CutPasses=0;CPXPARAM_MIP_Limits_CutsFactor=-1;CPXPARAM_MIP_Limits_GomoryCand=400;CPXPARAM_MIP_Limits_GomoryPass=0;CPXPARAM_MIP_Limits_Nodes=9223372036800000000;CPXPARAM_MIP_Limits_ProbeTime=1e+75;CPXPARAM_MIP_Limits_RepairTries=0;CPXPARAM_MIP_Limits_StrongCand=10;CPXPARAM_MIP_Limits_StrongIt=0;CPXPARAM_MIP_OrderType=0;CPXPARAM_MIP_Strategy_BBInterval=7;CPXPARAM_MIP_Strategy_Branch=0;CPXPARAM_MIP_Strategy_Dive=0;CPXPARAM_MIP_Strategy_File=1;CPXPARAM_MIP_Strategy_HeuristicFreq=0;CPXPARAM_MIP_Strategy_LBHeur=0;CPXPARAM_MIP_Strategy_NodeSelect=1;CPXPARAM_MIP_Strategy_Order=1;CPXPARAM_MIP_Strategy_PresolveNode=0;CPXPARAM_MIP_Strategy_Probe=0;CPXPARAM_MIP_Strategy_RINSHeur=0;CPXPARAM_MIP_Strategy_StartAlgorithm=0;CPXPARAM_MIP_Strategy_SubAlgorithm=0;CPXPARAM_MIP_Strategy_VariableSelect=0;CPXPARAM_Network_NetFind=2;CPXPARAM_Network_Pricing=0;CPXPARAM_Parallel=1;CPXPARAM_Preprocessing_Aggregator=-1;CPXPARAM_Preprocessing_BoundStrength=-1;CPXPARAM_Preprocessing_CoeffReduce=3;CPXPARAM_Preprocessing_Dependency=-1;CPXPARAM_Preprocessing_Dual=0;CPXPARAM_Preprocessing_Fill=10;CPXPARAM_Preprocessing_NumPass=-1;CPXPARAM_Preprocessing_Presolve=1;CPXPARAM_Preprocessing_QPMakePSD=1;CPXPARAM_Preprocessing_Reduce=3;CPXPARAM_Preprocessing_Relax=-1;CPXPARAM_Preprocessing_RepeatPresolve=-1;CPXPARAM_Preprocessing_Symmetry=-1;CPXPARAM_Read_Scale=0;CPXPARAM_Sifting_Algorithm=0;CPXPARAM_Simplex_Crash=1;CPXPARAM_Simplex_DGradient=0;CPXPARAM_Simplex_Limits_Perturbation=0;CPXPARAM_Simplex_Limits_Singularity=10;CPXPARAM_Simplex_PGradient=0;CPXPARAM_Simplex_Pricing=0;CPXPARAM_Simplex_Refactor=0
9070770360971155589,0,CPXPARAM_Advance=1;CPXPARAM_Barrier_Algorithm=0;CPXPARAM_Barrier_ColNonzeros=0;CPXPARAM_Barrier_Crossover=0;CPXPARAM_Barrier_Limits_Corrections=-1;CPXPARAM_Barrier_Ordering=0;CPXPARAM_Barrier_StartAlg=1;CPXPARAM_Emphasis_MIP=2;CPXPARAM_Emphasis_Memory=0;CPXPARAM_Emphasis_Numerical=0;CPXPARAM_Feasopt_Mode=0;CPXPARAM_LPMethod=0;CPXPARAM_MIP_Cuts_Cliques=-1;CPXPARAM_MIP_Cuts_Covers=2;CPXPARAM_MIP_Cuts_Disjunctive=1;CPXPARAM_MIP_Cuts_FlowCovers=2;CPXPARAM_MIP_Cuts_GUBCovers=1;CPXPARAM_MIP_Cuts_Gomory=0;CPXPARAM_MIP_Cuts_Implied=-1;CPXPARAM_MIP_Cuts_MIRCut=-1;CPXPARAM_MIP_Cuts_PathCut=-1;CPXPARAM_MIP_Limits_AggForCut=3;CPXPARAM_MIP_Limits_CutPasses=0;CPXPARAM_MIP_Limits_CutsFactor=-1;CPXPARAM_MIP_Limits_GomoryCand=400;CPXPARAM_MIP_Limits_GomoryPass=0;CPXPARAM_MIP_Limits_Nodes=9223372036800000000;CPXPARAM_MIP_Limits_ProbeTime=1e+75;CPXPARAM_MIP_Limits_RepairTries=0;CPXPARAM_MIP_Limits_StrongCand=10;CPXPARAM_MIP_Limits_StrongIt=0;CPXPARAM_MIP_OrderType=0;CPXPARAM_MIP_Strategy_BBInterval=7;CPXPARAM_MIP_Strategy_Branch=0;CPXPARAM_MIP_Strategy_Dive=0;CPXPARAM_MIP_Strategy_File=1;CPXPARAM_MIP_Strategy_HeuristicFreq=0;CPXPARAM_MIP_Strategy_LBHeur=0;CPXPARAM_MIP_Strategy_NodeSelect=1;CPXPARAM_MIP_Strategy_Order=1;CPXPARAM_MIP_Strategy_PresolveNode=0;CPXPARAM_MIP_Strategy_Probe=0;CPXPARAM_MIP_Strategy_RINSHeur=0;CPXPARAM_MIP_Strategy_StartAlgorithm=0;CPXPARAM_MIP_Strategy_SubAlgorithm=0;CPXPARAM_MIP_Strategy_VariableSelect=0;CPXPARAM_Network_NetFind=2;CPXPARAM_Network_Pricing=0;CPXPARAM_Parallel=1;CPXPARAM_Preprocessing_Aggregator=-1;CPXPARAM_Preprocessing_BoundStrength=-1;CPXPARAM_Preprocessing_CoeffReduce=-1;CPXPARAM_Preprocessing_Dependency=3;CPXPARAM_Preprocessing_Dual=0;CPXPARAM_Preprocessing_Fill=10;CPXPARAM_Preprocessing_NumPass=-1;CPXPARAM_Preprocessing_Presolve=1;CPXPARAM_Preprocessing_QPMakePSD=1;CPXPARAM_Preprocessing_Reduce=3;CPXPARAM_Preprocessing_Relax=-1;CPXPARAM_Preprocessing_RepeatPresolve=-1;CPXPARAM_Preprocessing_Symmetry=-1;CPXPARAM_Read_Scale=0;CPXPARAM_Sifting_Algorithm=0;CPXPARAM_Simplex_Crash=1;CPXPARAM_Simplex_DGradient=0;CPXPARAM_Simplex_Limits_Perturbation=0;CPXPARAM_Simplex_Limits_Singularity=10;CPXPARAM_Simplex_PGradient=0;CPXPARAM_Simplex_Pricing=0;CPXPARAM_Simplex_Refactor=0
864938824560324297,0,CPXPARAM_Advance=1;CPXPARAM_Barrier_Algorithm=0;CPXPARAM_Barrier_ColNonzeros=0;CPXPARAM_Barrier_Crossover=0;CPXPARAM_Barrier_Limits_Corrections=-1;CPXPARAM_Barrier_Ordering=0;CPXPARAM_Barrier_StartAlg=1;CPXPARAM_Emphasis_MIP=2;CPXPARAM_Emphasis_Memory=0;CPXPARAM_Emphasis_Numerical=0;CPXPARAM_Feasopt_Mode=3;CPXPARAM_LPMethod=0;CPXPARAM_MIP_Cuts_Cliques=-1;CPXPARAM_MIP_Cuts_Covers=2;CPXPARAM_MIP_Cuts_Disjunctive=1;CPXPARAM_MIP_Cuts_FlowCovers=2;CPXPARAM_MIP_Cuts_GUBCovers=1;CPXPARAM_MIP_Cuts_Gomory=0;CPXPARAM_MIP_Cuts_Implied=-1;CPXPARAM_MIP_Cuts_MIRCut=-1;CPXPARAM_MIP_Cuts_PathCut=-1;CPXPARAM_MIP_Limits_AggForCut=3;CPXPARAM_MIP_Limits_CutPasses=0;CPXPARAM_MIP_Limits_CutsFactor=-1;CPXPARAM_MIP_Limits_GomoryCand=400;CPXPARAM_MIP_Limits_GomoryPass=0;CPXPARAM_MIP_Limits_Nodes=9223372036800000000;CPXPARAM_MIP_Limits_ProbeTime=1e+75;CPXPARAM_MIP_Limits_RepairTries=0;CPXPARAM_MIP_Limits_StrongCand=10;CPXPARAM_MIP_Limits_StrongIt=0;CPXPARAM_MIP_OrderType=0;CPXPARAM_MIP_Strategy_BBInterval=7;CPXPARAM_MIP_Strategy_Branch=0;CPXPARAM_MIP_Strategy_Dive=0;CPXPARAM_MIP_Strategy_File=1;CPXPARAM_MIP_Strategy_HeuristicFreq=0;CPXPARAM_MIP_Strategy_LBHeur=0;CPXPARAM_MIP_Strategy_NodeSelect=1;CPXPARAM_MIP_Strategy_Order=1;CPXPARAM_MIP_Strategy_PresolveNode=0;CPXPARAM_MIP_Strategy_Probe=0;CPXPARAM_MIP_Strategy_RINSHeur=0;CPXPARAM_MIP_Strategy_StartAlgorithm=0;CPXPARAM_MIP_Strategy_SubAlgorithm=0;CPXPARAM_MIP_Strategy_VariableSelect=0;CPXPARAM_Network_NetFind=2;CPXPARAM_Network_Pricing=0;CPXPARAM_Parallel=1;CPXPARAM_Preprocessing_Aggregator=-1;CPXPARAM_Preprocessing_BoundStrength=-1;CPXPARAM_Preprocessing_CoeffReduce=-1;CPXPARAM_Preprocessing_Dependency=-1;CPXPARAM_Preprocessing_Dual=0;CPXPARAM_Preprocessing_Fill=10;CPXPARAM_Preprocessing_NumPass=-1;CPXPARAM_Preprocessing_Presolve=1;CPXPARAM_Preprocessing_QPMakePSD=1;CPXPARAM_Preprocessing_Reduce=3;CPXPARAM_Preprocessing_Relax=-1;CPXPARAM_Preprocessing_RepeatPresolve=-1;CPXPARAM_Preprocessing_Symmetry=-1;CPXPARAM_Read_Scale=0;CPXPARAM_Sifting_Algorithm=0;CPXPARAM_Simplex_Crash=1;CPXPARAM_Simplex_DGradient=0;CPXPARAM_Simplex_Limits_Perturbation=0;CPXPARAM_Simplex_Limits_Singularity=10;CPXPARAM_Simplex_PGradient=0;CPXPARAM_Simplex_Pricing=0;CPXPARAM_Simplex_Refactor=0
17959998259300463513,0,CPXPARAM_Advance=1;CPXPARAM_Barrier_Algorithm=0;CPXPARAM_Barrier_ColNonzeros=0;CPXPARAM_Barrier_Crossover=0;CPXPARAM_Barrier_Limits_Corrections=-1;CPXPARAM_Barrier_Ordering=0;CPXPARAM_Barrier_StartAlg=1;CPXPARAM_Emphasis_MIP=2;CPXPARAM_Emphasis_Memory=0;CPXPARAM_Emphasis_Numerical=0;CPXPARAM_Feasopt_Mode=0;CPXPARAM_LPMethod=0;CPXPARAM_MIP_Cuts_Cliques=-1;CPXPARAM_MIP_Cuts_Covers=2;CPXPARAM_MIP_Cuts_Disjunctive=1;CPXPARAM_MIP_Cuts_FlowCovers=2;CPXPARAM_MIP_Cuts_GUBCovers=1;CPXPARAM_MIP_Cuts_Gomory=0;CPXPARAM_MIP_Cuts_Implied=-1;CPXPARAM_MIP_Cuts_MIRCut=-1;CPXPARAM_MIP_Cuts_PathCut=-1;CPXPARAM_MIP_Limits_AggForCut=3;CPXPARAM_MIP_Limits_CutPasses=0;CPXPARAM_MIP_Limits_CutsFactor=-1;CPXPARAM_MIP_Limits_GomoryCand=400;CPXPARAM_MIP_Limits_GomoryPass=0;CPXPARAM_MIP_Limits_Nodes=9223372036800000000;CPXPARAM_MIP_Limits_ProbeTime=1e+75;CPXPARAM_MIP_Limits_RepairTries=0;CPXPARAM_MIP_Limits_StrongCand=10;CPXPARAM_MIP_Limits_StrongIt=0;CPXPARAM_MIP_OrderType=0;CPXPARAM_MIP_Strategy_BBInterval=7;CPXPARAM_MIP_Strategy_Branch=0;CPXPARAM_MIP_Strategy_Dive=0;CPXPARAM_MIP_Strategy_File=1;CPXPARAM_MIP_Strategy_HeuristicFreq=0;CPXPARAM_MIP_Strategy_LBHeur=0;CPXPARAM_MIP_Strategy_NodeSelect=1;CPXPARAM_MIP_Strategy_Order=1;CPXPARAM_MIP_Strategy_PresolveNode=0;CPXPARAM_MIP_Strategy_Probe=0;CPXPARAM_MIP_Strategy_RINSHeur=0;CPXPARAM_MIP_Strategy_StartAlgorithm=0;CPXPARAM_MIP_Strategy_SubAlgorithm=2;CPXPARAM_MIP_Strategy_VariableSelect=0;CPXPARAM_Network_NetFind=2;CPXPARAM_Network_Pricing=0;CPXPARAM_Parallel=1;CPXPARAM_Preprocessing_Aggregator=-1;CPXPARAM_Preprocessing_BoundStrength=-1;CPXPARAM_Preprocessing_CoeffReduce=-1;CPXPARAM_Preprocessing_Dependency=-1;CPXPARAM_Preprocessing_Dual=0;CPXPARAM_Preprocessing_Fill=10;CPXPARAM_Preprocessing_NumPass=-1;CPXPARAM_Preprocessing_Presolve=1;CPXPARAM_Preprocessing_QPMakePSD=1;CPXPARAM_Preprocessing_Reduce=3;CPXPARAM_Preprocessing_Relax=-1;CPXPARAM_Preprocessing_RepeatPresolve=-1;CPXPARAM_Preprocessing_Symmetry=-1;CPXPARAM_Read_Scale=0;CPXPARAM_Sifting_Algorithm=0;CPXPARAM_Simplex_Crash=1;CPXPARAM_Simplex_DGradient=0;CPXPARAM_Simplex_Limits_Perturbation=0;CPXPARAM_Simplex_Limits_Singularity=10;CPXPARAM_Simplex_PGradient=0;CPXPARAM_Simplex_Pricing=0;CPXPARAM_Simplex_Refactor=0
2068888043715200463,0,CPXPARAM_Advance=1;CPXPARAM_Barrier_Algorithm=0;CPXPARAM_Barrier_ColNonzeros=0;CPXPARAM_Barrier_Crossover=0;CPXPARAM_Barrier_Limits_Corrections=-1;CPXPARAM_Barrier_Ordering=0;CPXPARAM_Barrier_StartAlg=1;CPXPARAM_Emphasis_MIP=2;CPXPARAM_Emphasis_Memory=0;CPXPARAM_Emphasis_Numerical=0;CPXPARAM_Feasopt_Mode=4;CPXPARAM_LPMethod=0;CPXPARAM_MIP_Cuts_Cliques=-1;CPXPARAM_MIP_Cuts_Covers=2;CPXPARAM_MIP_Cuts_Disjunctive=1;CPXPARAM_MIP_Cuts_FlowCovers=2;CPXPARAM_MIP_Cuts_GUBCovers=1;CPXPARAM_MIP_Cuts_Gomory=0;CPXPARAM_MIP_Cuts_Implied=-1;CPXPARAM_MIP_Cuts_MIRCut=-1;CPXPARAM_MIP_Cuts_PathCut=-1;CPXPARAM_MIP_Limits_AggForCut=3;CPXPARAM_MIP_Limits_CutPasses=0;CPXPARAM_MIP_Limits_CutsFactor=-1;CPXPARAM_MIP_Limits_GomoryCand=400;CPXPARAM_MIP_Limits_GomoryPass=0;CPXPARAM_MIP_Limits_Nodes=9223372036800000000;CPXPARAM_MIP_Limits_ProbeTime=1e+75;CPXPARAM_MIP_Limits_RepairTries=0;CPXPARAM_MIP_Limits_StrongCand=10;CPXPARAM_MIP_Limits_StrongIt=0;CPXPARAM_MIP_OrderType=0;CPXPARAM_MIP_Strategy_BBInterval=7;CPXPARAM_MIP_Strategy_Branch=0;CPXPARAM_MIP_Strategy_Dive=0;CPXPARAM_MIP_Strategy_File=1;CPXPARAM_MIP_Strategy_HeuristicFreq=0;CPXPARAM_MIP_Strategy_LBHeur=0;CPXPARAM_MIP_Strategy_NodeSelect=1;CPXPARAM_MIP_Strategy_Order=1;CPXPARAM_MIP_Strategy_PresolveNode=0;CPXPARAM_MIP_Strategy_Probe=0;CPXPARAM_MIP_Strategy_RINSHeur=0;CPXPARAM_MIP_Strategy_StartAlgorithm=0;CPXPARAM_MIP_Strategy_SubAlgorithm=0;CPXPARAM_MIP_Strategy_VariableSelect=0;CPXPARAM_Network_NetFind=2;CPXPARAM_Network_Pricing=0;CPXPARAM_Parallel=1;CPXPARAM_Preprocessing_Aggregator=-1;CPXPARAM_Preprocessing_BoundStrength=-1;CPXPARAM_Preprocessing_CoeffReduce=-1;CPXPARAM_Preprocessing_Dependency=-1;CPXPARAM_Preprocessing_Dual=0;CPXPARAM_Preprocessing_Fill=10;CPXPARAM_Preprocessing_NumPass=-1;CPXPARAM_Preprocessing_Presolve=1;CPXPARAM_Preprocessing_QPMakePSD=1;CPXPARAM_Preprocessing_Reduce=3;CPXPARAM_Preprocessing_Relax=-1;CPXPARAM_Preprocessing_RepeatPresolve=-1;CPXPARAM_Preprocessing_Symmetry=-1;CPXPARAM_Read_Scale=0;CPXPARAM_Sifting_Algorithm=0;CPXPARAM_Simplex_Crash=1;CPXPARAM_Simplex_DGradient=0;CPXPARAM_Simplex_Limits_Perturbation=0;CPXPARAM_Simplex_Limits_Singularity=10;CPXPARAM_Simplex_PGradient=0;CPXPARAM_Simplex_Pricing=0;CPXPARAM_Simplex_Refactor=0
7649802769545837597,0,CPXPARAM_Advance=1;CPXPARAM_Barrier_Algorithm=0;CPXPARAM_Barrier_ColNonzeros=0;CPXPARAM_Barrier_Crossover=0;CPXPARAM_Barrier_Limits_Corrections=-1;CPXPARAM_Barrier_Ordering=0;CPXPARAM_Barrier_StartAlg=1;CPXPARAM_Emphasis_MIP=4;CPXPARAM_Emphasis_Memory=0;CPXPARAM_Emphasis_Numerical=0;CPXPARAM_Feasopt_Mode=0;CPXPARAM_LPMethod=0;CPXPARAM_MIP_Cuts_Cliques=0;CPXPARAM_MIP_Cuts_Covers=1;CPXPARAM_MIP_Cuts_Disjunctive=0;CPXPARAM_MIP_Cuts_FlowCovers=-1;CPXPARAM_MIP_Cuts_GUBCovers=2;CPXPARAM_MIP_Cuts_Gomory=0;CPXPARAM_MIP_Cuts_Implied=0;CPXPARAM_MIP_Cuts_MIRCut=2;CPXPARAM_MIP_Cuts_PathCut=1;CPXPARAM_MIP_Limits_AggForCut=3;CPXPARAM_MIP_Limits_CutPasses=0;CPXPARAM_MIP_Limits_CutsFactor=-1;CPXPARAM_MIP_Limits_GomoryCand=200;CPXPARAM_MIP_Limits_GomoryPass=0;CPXPARAM_MIP_Limits_Nodes=9223372036800000000;CPXPARAM_MIP_Limits_ProbeTime=1e+75;CPXPARAM_MIP_Limits_RepairTries=0;CPXPARAM_MIP_Limits_StrongCand=10;CPXPARAM_MIP_Limits_StrongIt=0;CPXPARAM_MIP_OrderType=0;CPXPARAM_MIP_Strategy_BBInterval=7;CPXPARAM_MIP_Strategy_Branch=0;CPXPARAM_MIP_Strategy_Dive=0;CPXPARAM_MIP_Strategy_File=1;CPXPARAM_MIP_Strategy_HeuristicFreq=0;CPXPARAM_MIP_Strategy_LBHeur=0;CPXPARAM_MIP_Strategy_NodeSelect=1;CPXPARAM_MIP_Strategy_Order=1;CPXPARAM_MIP_Strategy_PresolveNode=0;CPXPARAM_MIP_Strategy_Probe=0;CPXPARAM_MIP_Strategy_RINSHeur=0;CPXPARAM_MIP_Strategy_StartAlgorithm=0;CPXPARAM_MIP_Strategy_SubAlgorithm=0;CPXPARAM_MIP_Strategy_VariableSelect=0;CPXPARAM_Network_NetFind=2;CPXPARAM_Network_Pricing=0;CPXPARAM_Parallel=1;CPXPARAM_Preprocessing_Aggregator=-1;CPXPARAM_Preprocessing_BoundStrength=-1;CPXPARAM_Preprocessing_CoeffReduce=-1;CPXPARAM_Preprocessing_Dependency=-1;CPXPARAM_Preprocessing_Dual=0;CPXPARAM_Preprocessing_Fill=10;CPXPARAM_Preprocessing_NumPass=-1;CPXPARAM_Preprocessing_Presolve=1;CPXPARAM_Preprocessing_QPMakePSD=1;CPXPARAM_Preprocessing_Reduce=3;CPXPARAM_Preprocessing_Relax=-1;CPXPARAM_Preprocessing_RepeatPresolve=-1;CPXPARAM_Preprocessing_Symmetry=-1;CPXPARAM_Read_Scale=0;CPXPARAM_Sifting_Algorithm=0;CPXPARAM_Simplex_Crash=1;CPXPARAM_Simplex_DGradient=0;CPXPARAM_Simplex_Limits_Perturbation=0;CPXPARAM_Simplex_Limits_Singularity=10;CPXPARAM_Simplex_PGradient=0;CPXPARAM_Simplex_Pricing=0;CPXPARAM_Simplex_Refactor=0
9414735965313893369,0,CPXPARAM_Advance=1;CPXPARAM_Barrier_Algorithm=0;CPXPARAM_Barrier_ColNonzeros=0;CPXPARAM_Barrier_Crossover=0;CPXPARAM_Barrier_Limits_Corrections=-1;CPXPARAM_Barrier_Ordering=0;CPXPARAM_Barrier_StartAlg=1;CPXPARAM_Emphasis_MIP=4;CPXPARAM_Emphasis_Memory=0;CPXPARAM_Emphasis_Numerical=0;CPXPARAM_Feasopt_Mode=0;CPXPARAM_LPMethod=0;CPXPARAM_MIP_Cuts_Cliques=0;CPXPARAM_MIP_Cuts_Covers=1;CPXPARAM_MIP_Cuts_Disjunctive=0;CPXPARAM_MIP_Cuts_FlowCovers=2;CPXPARAM_MIP_Cuts_GUBCovers=2;CPXPARAM_MIP_Cuts_Gomory=0;CPXPARAM_MIP_Cuts_Implied=0;CPXPARAM_MIP_Cuts_MIRCut=2;CPXPARAM_MIP_Cuts_PathCut=1;CPXPARAM_MIP_Limits_AggForCut=3;CPXPARAM_MIP_Limits_CutPasses=0;CPXPARAM_MIP_Limits_CutsFactor=-1;CPXPARAM_MIP_Limits_GomoryCand=150;CPXPARAM_MIP_Limits_GomoryPass=0;CPXPARAM_MIP_Limits_Nodes=9223372036800000000;CPXPARAM_MIP_Limits_ProbeTime=1e+75;CPXPARAM_MIP_Limits_RepairTries=0;CPXPARAM_MIP_Limits_StrongCand=10;CPXPARAM_MIP_Limits_StrongIt=0;CPXPARAM_MIP_OrderType=0;CPXPARAM_MIP_Strategy_BBInterval=7;CPXPARAM_MIP_Strategy_Branch=0;CPXPARAM_MIP_Strategy_Dive=0;CPXPARAM_MIP_Strategy_File=1;CPXPARAM_MIP_Strategy_HeuristicFreq=0;CPXPARAM_MIP_Strategy_LBHeur=0;CPXPARAM_MIP_Strategy_NodeSelect=1;CPXPARAM_MIP_Strategy_Order=1;CPXPARAM_MIP_Strategy_PresolveNode=0;CPXPARAM_MIP_Strategy_Probe=0;CPXPARAM_MIP_Strategy_RINSHeur=0;CPXPARAM_MIP_Strategy_StartAlgorithm=0;CPXPARAM_MIP_Strategy_SubAlgorithm=0;CPXPARAM_MIP_Strategy_VariableSelect=0;CPXPARAM_Network_NetFind=2;CPXPARAM_Network_Pricing=0;CPXPARAM_Parallel=1;CPXPARAM_Preprocessing_Aggregator=-1;CPXPARAM_Preprocessing_BoundStrength=-1;CPXPARAM_Preprocessing_CoeffReduce=-1;CPXPARAM_Preprocessing_Dependency=-1;CPXPARAM_Preprocessing_Dual=0;CPXPARAM_Preprocessing_Fill=10;CPXPARAM_Preprocessing_NumPass=-1;CPXPARAM_Preprocessing_Presolve=1;CPXPARAM_Preprocessing_QPMakePSD=1;CPXPARAM_Preprocessing_Reduce=3;CPXPARAM_Preprocessing_Relax=-1;CPXPARAM_Preprocessing_RepeatPresolve=-1;CPXPARAM_Preprocessing_Symmetry=-1;CPXPARAM_Read_Scale=0;CPXPARAM_Sifting_Algorithm=0;CPXPARAM_Simplex_Crash=1;CPXPARAM_Simplex_DGradient=0;CPXPARAM_Simplex_Limits_Perturbation=0;CPXPARAM_Simplex_Limits_Singularity=10;CPXPARAM_Simplex_PGradient=0;CPXPARAM_Simplex_Pricing=0;CPXPARAM_Simplex_Refactor=0
6378981176592851567,0,CPXPARAM_Advance=1;CPXPARAM_Barrier_Algorithm=0;CPXPARAM_Barrier_ColNonzeros=0;CPXPARAM_Barrier_Crossover=0;CPXPARAM_Barrier_Limits_Corrections=-1;CPXPARAM_Barrier_Ordering=0;CPXPARAM_Barrier_StartAlg=1;CPXPARAM_Emphasis_MIP=5;CPXPARAM_Emphasis_Memory=0;CPXPARAM_Emphasis_Numerical=0;CPXPARAM_Feasopt_Mode=0;CPXPARAM_LPMethod=0;CPXPARAM_MIP_Cuts_Cliques=3;CPXPARAM_MIP_Cuts_Covers=-1;CPXPARAM_MIP_Cuts_Disjunctive=-1;CPXPARAM_MIP_Cuts_FlowCovers=1;CPXPARAM_MIP_Cuts_GUBCovers=2;CPXPARAM_MIP_Cuts_Gomory=2;CPXPARAM_MIP_Cuts_Implied=-1;CPXPARAM_MIP_Cuts_MIRCut=2;CPXPARAM_MIP_Cuts_PathCut=2;CPXPARAM_MIP_Limits_AggForCut=3;CPXPARAM_MIP_Limits_CutPasses=0;CPXPARAM_MIP_Limits_CutsFactor=-1;CPXPARAM_MIP_Limits_GomoryCand=10;CPXPARAM_MIP_Limits_GomoryPass=0;CPXPARAM_MIP_Limits_Nodes=9223372036800000000;CPXPARAM_MIP_Limits_ProbeTime=1e+75;CPXPARAM_MIP_Limits_RepairTries=0;CPXPARAM_MIP_Limits_StrongCand=10;CPXPARAM_MIP_Limits_StrongIt=0;CPXPARAM_MIP_OrderType=0;CPXPARAM_MIP_Strategy_BBInterval=7;CPXPARAM_MIP_Strategy_Branch=0;CPXPARAM_MIP_Strategy_Dive=0;CPXPARAM_MIP_Strategy_File=1;CPXPARAM_MIP_Strategy_HeuristicFreq=0;CPXPARAM_MIP_Strategy_LBHeur=0;CPXPARAM_MIP_Strategy_NodeSelect=0;CPXPARAM_MIP_Strategy_Order=1;CPXPARAM_MIP_Strategy_PresolveNode=-1;CPXPARAM_MIP_Strategy_Probe=-1;CPXPARAM_MIP_Strategy_RINSHeur=0;CPXPARAM_MIP_Strategy_StartAlgorithm=0;CPXPARAM_MIP_Strategy_SubAlgorithm=3;CPXPARAM_MIP_Strategy_VariableSelect=1;CPXPARAM_Network_NetFind=2;CPXPARAM_Network_Pricing=0;CPXPARAM_Parallel=1;CPXPARAM_Preprocessing_Aggregator=-1;CPXPARAM_Preprocessing_BoundStrength=-1;CPXPARAM_Preprocessing_CoeffReduce=-1;CPXPARAM_Preprocessing_Dependency=-1;CPXPARAM_Preprocessing_Dual=0;CPXPARAM_Preprocessing_Fill=2;CPXPARAM_Preprocessing_NumPass=-1;CPXPARAM_Preprocessing_Presolve=1;CPXPARAM_Preprocessing_QPMakePSD=1;CPXPARAM_Preprocessing_Reduce=0;CPXPARAM_Preprocessing_Relax=-1;CPXPARAM_Preprocessing_RepeatPresolve=-1;CPXPARAM_Preprocessing_Symmetry=-1;CPXPARAM_Read_Scale=0;CPXPARAM_Sifting_Algorithm=0;CPXPARAM_Simplex_Crash=1;CPXPARAM_Simplex_DGradient=0;CPXPARAM_Simplex_Limits_Perturbation=0;CPXPARAM_Simplex_Limits_Singularity=10;CPXPARAM_Simplex_PGradient=0;CPXPARAM_Simplex_Pricing=0;CPXPARAM_Simplex_Refactor=0
9686141302100832315,0,CPXPARAM_Advance=1;CPXPARAM_Barrier_Algorithm=0;CPXPARAM_Barrier_ColNonzeros=0;CPXPARAM_Barrier_Crossover=0;CPXPARAM_Barrier_Limits_Corrections=-1;CPXPARAM_Barrier_Ordering=0;CPXPARAM_Barrier_StartAlg=1;CPXPARAM_Emphasis_MIP=3;CPXPARAM_Emphasis_Memory=0;CPXPARAM_Emphasis_Numerical=0;CPXPARAM_Feasopt_Mode=0;CPXPARAM_LPMethod=0;CPXPARAM_MIP_Cuts_Cliques=-1;CPXPARAM_MIP_Cuts_Covers=2;CPXPARAM_MIP_Cuts_Disjunctive=0;CPXPARAM_MIP_Cuts_FlowCovers=-1;CPXPARAM_MIP_Cuts_GUBCovers=1;CPXPARAM_MIP_Cuts_Gomory=0;CPXPARAM_MIP_Cuts_Implied=-1;CPXPARAM_MIP_Cuts_MIRCut=1;CPXPARAM_MIP_Cuts_PathCut=-1;CPXPARAM_MIP_Limits_AggForCut=5;CPXPARAM_MIP_Limits_CutPasses=0;CPXPARAM_MIP_Limits_CutsFactor=-1;CPXPARAM_MIP_Limits_GomoryCand=200;CPXPARAM_MIP_Limits_GomoryPass=0;CPXPARAM_MIP_Limits_Nodes=9223372036800000000;CPXPARAM_MIP_Limits_ProbeTime=1e+75;CPXPARAM_MIP_Limits_RepairTries=0;CPXPARAM_MIP_Limits_StrongCand=10;CPXPARAM_MIP_Limits_StrongIt=0;CPXPARAM_MIP_OrderType=1;CPXPARAM_MIP_Strategy_BBInterval=7;CPXPARAM_MIP_Strategy_Branch=0;CPXPARAM_MIP_Strategy_Dive=0;CPXPARAM_MIP_Strategy_File=1;CPXPARAM_MIP_Strategy_HeuristicFreq=0;CPXPARAM_MIP_Strategy_LBHeur=0;CPXPARAM_MIP_Strategy_NodeSelect=1;CPXPARAM_MIP_Strategy_Order=1;CPXPARAM_MIP_Strategy_PresolveNode=1;CPXPARAM_MIP_Strategy_Probe=0;CPXPARAM_MIP_Strategy_RINSHeur=0;CPXPARAM_MIP_Strategy_StartAlgorithm=0;CPXPARAM_MIP_Strategy_SubAlgorithm=5;CPXPARAM_MIP_Strategy_VariableSelect=1;CPXPARAM_Network_NetFind=2;CPXPARAM_Network_Pricing=0;CPXPARAM_Parallel=1;CPXPARAM_Preprocessing_Aggregator=-1;CPXPARAM_Preprocessing_BoundStrength=-1;CPXPARAM_Preprocessing_CoeffReduce=-1;CPXPARAM_Preprocessing_Dependency=-1;CPXPARAM_Preprocessing_Dual=0;CPXPARAM_Preprocessing_Fill=40;CPXPARAM_Preprocessing_NumPass=-1;CPXPARAM_Preprocessing_Presolve=1;CPXPARAM_Preprocessing_QPMakePSD=1;CPXPARAM_Preprocessing_Reduce=0;CPXPARAM_Preprocessing_Relax=-1;CPXPARAM_Preprocessing_RepeatPresolve=-1;CPXPARAM_Preprocessing_Symmetry=-1;CPXPARAM_Read_Scale=0;CPXPARAM_Sifting_Algorithm=0;CPXPARAM_Simplex_Crash=1;CPXPARAM_Simplex_DGradient=0;CPXPARAM_Simplex_Limits_Perturbation=0;CPXPARAM_Simplex_Limits_Singularity=10;CPXPARAM_Simplex_PGradient=0;CPXPARAM_Simplex_Pricing=0;CPXPARAM_Simplex_Refactor=0
6834827623373328378,0,CPXPARAM_Advance=1;CPXPARAM_Barrier_Algorithm=0;CPXPARAM_Barrier_ColNonzeros=0;CPXPARAM_Barrier_Crossover=0;CPXPARAM_Barrier_Limits_Corrections=-1;CPXPARAM_Barrier_Ordering=0;CPXPARAM_Barrier_StartAlg=1;CPXPARAM_Emphasis_MIP=4;CPXPARAM_Emphasis_Memory=0;CPXPARAM_Emphasis_Numerical=0;CPXPARAM_Feasopt_Mode=0;CPXPARAM_LPMethod=0;CPXPARAM_MIP_Cuts_Cliques=0;CPXPARAM_MIP_Cuts_Covers=1;CPXPARAM_MIP_Cuts_Disjunctive=0;CPXPARAM_MIP_Cuts_FlowCovers=2;CPXPARAM_MIP_Cuts_GUBCovers=2;CPXPARAM_MIP_Cuts_Gomory=0;CPXPARAM_MIP_Cuts_Implied=0;CPXPARAM_MIP_Cuts_MIRCut=2;CPXPARAM_MIP_Cuts_PathCut=1;CPXPARAM_MIP_Limits_AggForCut=3;CPXPARAM_MIP_Limits_CutPasses=0;CPXPARAM_MIP_Limits_CutsFactor=-1;CPXPARAM_MIP_Limits_GomoryCand=400;CPXPARAM_MIP_Limits_GomoryPass=0;CPXPARAM_MIP_Limits_Nodes=9223372036800000000;CPXPARAM_MIP_Limits_ProbeTime=1e+75;CPXPARAM_MIP_Limits_RepairTries=0;CPXPARAM_MIP_Limits_StrongCand=10;CPXPARAM_MIP_Limits_StrongIt=0;CPXPARAM_MIP_OrderType=0;CPXPARAM_MIP_Strategy_BBInterval=7;CPXPARAM_MIP_Strategy_Branch=0;CPXPARAM_MIP_Strategy_Dive=0;CPXPARAM_MIP_Strategy_File=1;CPXPARAM_MIP_Strategy_HeuristicFreq=0;CPXPARAM_MIP_Strategy_LBHeur=0;CPXPARAM_MIP_Strategy_NodeSelect=1;CPXPARAM_MIP_Strategy_Order=1;CPXPARAM_MIP_Strategy_PresolveNode=0;CPXPARAM_MIP_Strategy_Probe=0;CPXPARAM_MIP_Strategy_RINSHeur=0;CPXPARAM_MIP_Strategy_StartAlgorithm=0;CPXPARAM_MIP_Strategy_SubAlgorithm=0;CPXPARAM_MIP_Strategy_VariableSelect=0;CPXPARAM_Network_NetFind=2;CPXPARAM_Network_Pricing=0;CPXPARAM_Parallel=1;CPXPARAM_Preprocessing_Aggregator=-1;CPXPARAM_Preprocessing_BoundStrength=-1;CPXPARAM_Preprocessing_CoeffReduce=-1;CPXPARAM_Preprocessing_Dependency=-1;CPXPARAM_Preprocessing_Dual=0;CPXPARAM_Preprocessing_Fill=10;CPXPARAM_Preprocessing_NumPass=-1;CPXPARAM_Preprocessing_Presolve=1;CPXPARAM_Preprocessing_QPMakePSD=1;CPXPARAM_Preprocessing_Reduce=3;CPXPARAM_Preprocessing_Relax=-1;CPXPARAM_Preprocessing_RepeatPresolve=-1;CPXPARAM_Preprocessing_Symmetry=-1;CPXPARAM_Read_Scale=0;CPXPARAM_Sifting_Algorithm=0;CPXPARAM_Simplex_Crash=1;CPXPARAM_Simplex_DGradient=0;CPXPARAM_Simplex_Limits_Perturbation=0;CPXPARAM_Simplex_Limits_Singularity=10;CPXPARAM_Simplex_PGradient=0;CPXPARAM_Simplex_Pricing=0;CPXPARAM_Simplex_Refactor=0
14663646750688416381,0,CPXPARAM_Advance=1;CPXPARAM_Barrier_Algorithm=0;CPXPARAM_Barrier_ColNonzeros=0;CPXPARAM_Barrier_Crossover=0;CPXPARAM_Barrier_Limits_Corrections=-1;CPXPARAM_Barrier_Ordering=0;CPXPARAM_Barrier_StartAlg=1;CPXPARAM_Emphasis_MIP=4;CPXPARAM_Emphasis_Memory=0;CPXPARAM_Emphasis_Numerical=0;CPXPARAM_Feasopt_Mode=0;CPXPARAM_LPMethod=0;CPXPARAM_MIP_Cuts_Cliques=-1;CPXPARAM_MIP_Cuts_Covers=1;CPXPARAM_MIP_Cuts_Disjunctive=0;CPXPARAM_MIP_Cuts_FlowCovers=2;CPXPARAM_MIP_Cuts_GUBCovers=2;CPXPARAM_MIP_Cuts_Gomory=0;CPXPARAM_MIP_Cuts_Implied=0;CPXPARAM_MIP_Cuts_MIRCut=2;CPXPARAM_MIP_Cuts_PathCut=1;CPXPARAM_MIP_Limits_AggForCut=3;CPXPARAM_MIP_Limits_CutPasses=0;CPXPARAM_MIP_Limits_CutsFactor=-1;CPXPARAM_MIP_Limits_GomoryCand=150;CPXPARAM_MIP_Limits_GomoryPass=0;CPXPARAM_MIP_Limits_Nodes=9223372036800000000;CPXPARAM_MIP_Limits_ProbeTime=1e+75;CPXPARAM_MIP_Limits_RepairTries=0;CPXPARAM_MIP_Limits_StrongCand=10;CPXPARAM_MIP_Limits_StrongIt=0;CPXPARAM_MIP_OrderType=0;CPXPARAM_MIP_Strategy_BBInterval=7;CPXPARAM_MIP_Strategy_Branch=0;CPXPARAM_MIP_Strategy_Dive=0;CPXPARAM_MIP_Strategy_File=1;CPXPARAM_MIP_Strategy_HeuristicFreq=0;CPXPARAM_MIP_Strategy_LBHeur=0;CPXPARAM_MIP_Strategy_NodeSelect=1;CPXPARAM_MIP_Strategy_Order=1;CPXPARAM_MIP_Strategy_PresolveNode=0;CPXPARAM_MIP_Strategy_Probe=0;CPXPARAM_MIP_Strategy_RINSHeur=0;CPXPARAM_MIP_Strategy_StartAlgorithm=0;CPXPARAM_MIP_Strategy_SubAlgorithm=0;CPXPARAM_MIP_Strategy_VariableSelect=0;CPXPARAM_Network_NetFind=2;CPXPARAM_Network_Pricing=0;CPXPARAM_Parallel=1;CPXPARAM_Preprocessing_Aggregator=-1;CPXPARAM_Preprocessing_BoundStrength=-1;CPXPARAM_Preprocessing_CoeffReduce=-1;CPXPARAM_Preprocessing_Dependency=-1;CPXPARAM_Preprocessing_Dual=0;CPXPARAM_Preprocessing_Fill=10;CPXPARAM_Preprocessing_NumPass=-1;CPXPARAM_Preprocessing_Presolve=1;CPXPARAM_Preprocessing_QPMakePSD=1;CPXPARAM_Preprocessing_Reduce=3;CPXPARAM_Preprocessing_Relax=-1;CPXPARAM_Preprocessing_RepeatPresolve=-1;CPXPARAM_Preprocessing_Symmetry=-1;CPXPARAM_Read_Scale=0;CPXPARAM_Sifting_Algorithm=0;CPXPARAM_Simplex_Crash=1;CPXPARAM_Simplex_DGradient=0;CPXPARAM_Simplex_Limits_Perturbation=0;CPXPARAM_Simplex_Limits_Singularity=10;CPXPARAM_Simplex_PGradient=0;CPXPARAM_Simplex_Pricing=0;CPXPARAM_Simplex_Refactor=0
5394611616929686648,0,CPXPARAM_Advance=1;CPXPARAM_Barrier_Algorithm=0;CPXPARAM_Barrier_ColNonzeros=0;CPXPARAM_Barrier_Crossover=0;CPXPARAM_Barrier_Limits_Corrections=-1;CPXPARAM_Barrier_Ordering=0;CPXPARAM_Barrier_StartAlg=1;CPXPARAM_Emphasis_MIP=5;CPXPARAM_Emphasis_Memory=0;CPXPARAM_Emphasis_Numerical=0;CPXPARAM_Feasopt_Mode=0;CPXPARAM_LPMethod=0;CPXPARAM_MIP_Cuts_Cliques=1;CPXPARAM_MIP_Cuts_Covers=0;CPXPARAM_MIP_Cuts_Disjunctive=0;CPXPARAM_MIP_Cuts_FlowCovers=1;CPXPARAM_MIP_Cuts_GUBCovers=1;CPXPARAM_MIP_Cuts_Gomory=-1;CPXPARAM_MIP_Cuts_Implied=2;CPXPARAM_MIP_Cuts_MIRCut=1;CPXPARAM_MIP_Cuts_PathCut=0;CPXPARAM_MIP_Limits_AggForCut=3;CPXPARAM_MIP_Limits_CutPasses=0;CPXPARAM_MIP_Limits_CutsFactor=-1;CPXPARAM_MIP_Limits_GomoryCand=800;CPXPARAM_MIP_Limits_GomoryPass=0;CPXPARAM_MIP_Limits_Nodes=9223372036800000000;CPXPARAM_MIP_Limits_ProbeTime=1e+75;CPXPARAM_MIP_Limits_RepairTries=0;CPXPARAM_MIP_Limits_StrongCand=10;CPXPARAM_MIP_Limits_StrongIt=0;CPXPARAM_MIP_OrderType=0;CPXPARAM_MIP_Strategy_BBInterval=7;CPXPARAM_MIP_Strategy_Branch=-1;CPXPARAM_MIP_Strategy_Dive=0;CPXPARAM_MIP_Strategy_File=1;CPXPARAM_MIP_Strategy_HeuristicFreq=0;CPXPARAM_MIP_Strategy_LBHeur=0;CPXPARAM_MIP_Strategy_NodeSelect=2;CPXPARAM_MIP_Strategy_Order=1;CPXPARAM_MIP_Strategy_PresolveNode=-1;CPXPARAM_MIP_Strategy_Probe=3;CPXPARAM_MIP_Strategy_RINSHeur=0;CPXPARAM_MIP_Strategy_StartAlgorithm=0;CPXPARAM_MIP_Strategy_SubAlgorithm=0;CPXPARAM_MIP_Strategy_VariableSelect=-1;CPXPARAM_Network_NetFind=2;CPXPARAM_Network_Pricing=0;CPXPARAM_Parallel=1;CPXPARAM_Preprocessing_Aggregator=-1;CPXPARAM_Preprocessing_BoundStrength=-1;CPXPARAM_Preprocessing_CoeffReduce=-1;CPXPARAM_Preprocessing_Dependency=-1;CPXPARAM_Preprocessing_Dual=0;CPXPARAM_Preprocessing_Fill=40;CPXPARAM_Preprocessing_NumPass=-1;CPXPARAM_Preprocessing_Presolve=1;CPXPARAM_Preprocessing_QPMakePSD=1;CPXPARAM_Preprocessing_Reduce=3;CPXPARAM_Preprocessing_Relax=-1;CPXPARAM_Preprocessing_RepeatPresolve=-1;CPXPARAM_Preprocessing_Symmetry=-1;CPXPARAM_Read_Scale=0;CPXPARAM_Sifting_Algorithm=0;CPXPARAM_Simplex_Crash=1;CPXPARAM_Simplex_DGradient=0;CPXPARAM_Simplex_Limits_Perturbation=0;CPXPARAM_Simplex_Limits_Singularity=10;CPXPARAM_Simplex_PGradient=0;CPXPARAM_Simplex_Pricing=0;CPXPARAM_Simplex_Refactor=0
12810807467652903719,0,CPXPARAM_Advance=1;CPXPARAM_Barrier_Algorithm=0;CPXPARAM_Barrier_ColNonzeros=0;CPXPARAM_Barrier_Crossover=0;CPXPARAM_Barrier_Limits_Corrections=-1;CPXPARAM_Barrier_Ordering=0;CPXPARAM_Barrier_StartAlg=1;CPXPARAM_Emphasis_MIP=5;CPXPARAM_Emphasis_Memory=0;CPXPARAM_Emphasis_Numerical=0;CPXPARAM_Feasopt_Mode=0;CPXPARAM_LPMethod=0;CPXPARAM_MIP_Cuts_Cliques=3;CPXPARAM_MIP_Cuts_Covers=0;CPXPARAM_MIP_Cuts_Disjunctive=-1;CPXPARAM_MIP_Cuts_FlowCovers=0;CPXPARAM_MIP_Cuts_GUBCovers=1;CPXPARAM_MIP_Cuts_Gomory=-1;CPXPARAM_MIP_Cuts_Implied=2;CPXPARAM_MIP_Cuts_MIRCut=-1;CPXPARAM_MIP_Cuts_PathCut=-1;CPXPARAM_MIP_Limits_AggForCut=0;CPXPARAM_MIP_Limits_CutPasses=0;CPXPARAM_MIP_Limits_CutsFactor=-1;CPXPARAM_MIP_Limits_GomoryCand=200;CPXPARAM_MIP_Limits_GomoryPass=0;CPXPARAM_MIP_Limits_Nodes=9223372036800000000;CPXPARAM_MIP_Limits_ProbeTime=1e+75;CPXPARAM_MIP_Limits_RepairTries=0;CPXPARAM_MIP_Limits_StrongCand=10;CPXPARAM_MIP_Limits_StrongIt=0;CPXPARAM_MIP_OrderType=0;CPXPARAM_MIP_Strategy_BBInterval=7;CPXPARAM_MIP_Strategy_Branch=-1;CPXPARAM_MIP_Strategy_Dive=0;CPXPARAM_MIP_Strategy_File=1;CPXPARAM_MIP_Strategy_HeuristicFreq=0;CPXPARAM_MIP_Strategy_LBHeur=0;CPXPARAM_MIP_Strategy_NodeSelect=2;CPXPARAM_MIP_Strategy_Order=1;CPXPARAM_MIP_Strategy_PresolveNode=-1;CPXPARAM_MIP_Strategy_Probe=2;CPXPARAM_MIP_Strategy_RINSHeur=0;CPXPARAM_MIP_Strategy_StartAlgorithm=0;CPXPARAM_MIP_Strategy_SubAlgorithm=3;CPXPARAM_MIP_Strategy_VariableSelect=4;CPXPARAM_Network_NetFind=2;CPXPARAM_Network_Pricing=0;CPXPARAM_Parallel=1;CPXPARAM_Preprocessing_Aggregator=-1;CPXPARAM_Preprocessing_BoundStrength=-1;CPXPARAM_Preprocessing_CoeffReduce=-1;CPXPARAM_Preprocessing_Dependency=-1;CPXPARAM_Preprocessing_Dual=0;CPXPARAM_Preprocessing_Fill=40;CPXPARAM_Preprocessing_NumPass=-1;CPXPARAM_Preprocessing_Presolve=1;CPXPARAM_Preprocessing_QPMakePSD=1;CPXPARAM_Preprocessing_Reduce=3;CPXPARAM_Preprocessing_Relax=-1;CPXPARAM_Preprocessing_RepeatPresolve=-1;CPXPARAM_Preprocessing_Symmetry=-1;CPXPARAM_Read_Scale=0;CPXPARAM_Sifting_Algorithm=0;CPXPARAM_Simplex_Crash=1;CPXPARAM_Simplex_DGradient=0;CPXPARAM_Simplex_Limits_Perturbation=0;CPXPARAM_Simplex_Limits_Singularity=10;CPXPARAM_Simplex_PGradient=0;CPXPARAM_Simplex_Pricing=0;CPXPARAM_Simplex_Refactor=0
6189810558618047997,0,CPXPARAM_Advance=1;CPXPARAM_Barrier_Algorithm=0;CPXPARAM_Barrier_ColNonzeros=0;CPXPARAM_Barrier_Crossover=0;CPXPARAM_Barrier_Limits_Corrections=-1;CPXPARAM_Barrier_Ordering=0;CPXPARAM_Barrier_StartAlg=1;CPXPARAM_Emphasis_MIP=0;CPXPARAM_Emphasis_Memory=0;CPXPARAM_Emphasis_Numerical=0;CPXPARAM_Feasopt_Mode=0;CPXPARAM_LPMethod=0;CPXPARAM_MIP_Cuts_Cliques=3;CPXPARAM_MIP_Cuts_Covers=3;CPXPARAM_MIP_Cuts_Disjunctive=-1;CPXPARAM_MIP_Cuts_FlowCovers=1;CPXPARAM_MIP_Cuts_GUBCovers=1;CPXPARAM_MIP_Cuts_Gomory=0;CPXPARAM_MIP_Cuts_Implied=-1;CPXPARAM_MIP_Cuts_MIRCut=-1;CPXPARAM_MIP_Cuts_PathCut=0;CPXPARAM_MIP_Limits_AggForCut=10;CPXPARAM_MIP_Limits_CutPasses=0;CPXPARAM_MIP_Limits_CutsFactor=-1;CPXPARAM_MIP_Limits_GomoryCand=200;CPXPARAM_MIP_Limits_GomoryPass=0;CPXPARAM_MIP_Limits_Nodes=9223372036800000000;CPXPARAM_MIP_Limits_ProbeTime=1e+75;CPXPARAM_MIP_Limits_RepairTries=0;CPXPARAM_MIP_Limits_StrongCand=10;CPXPARAM_MIP_Limits_StrongIt=0;CPXPARAM_MIP_OrderType=3;CPXPARAM_MIP_Strategy_BBInterval=7;CPXPARAM_MIP_Strategy_Branch=0;CPXPARAM_MIP_Strategy_Dive=0;CPXPARAM_MIP_Strategy_File=1;CPXPARAM_MIP_Strategy_HeuristicFreq=0;CPXPARAM_MIP_Strategy_LBHeur=0;CPXPARAM_MIP_Strategy_NodeSelect=0;CPXPARAM_MIP_Strategy_Order=1;CPXPARAM_MIP_Strategy_PresolveNode=3;CPXPARAM_MIP_Strategy_Probe=1;CPXPARAM_MIP_Strategy_RINSHeur=0;CPXPARAM_MIP_Strategy_StartAlgorithm=0;CPXPARAM_MIP_Strategy_SubAlgorithm=1;CPXPARAM_MIP_Strategy_VariableSelect=2;CPXPARAM_Network_NetFind=2;CPXPARAM_Network_Pricing=0;CPXPARAM_Parallel=1;CPXPARAM_Preprocessing_Aggregator=-1;CPXPARAM_Preprocessing_BoundStrength=-1;CPXPARAM_Preprocessing_CoeffReduce=-1;CPXPARAM_Preprocessing_Dependency=-1;CPXPARAM_Preprocessing_Dual=0;CPXPARAM_Preprocessing_Fill=5;CPXPARAM_Preprocessing_NumPass=-1;CPXPARAM_Preprocessing_Presolve=1;CPXPARAM_Preprocessing_QPMakePSD=1;CPXPARAM_Preprocessing_Reduce=3;CPXPARAM_Preprocessing_Relax=-1;CPXPARAM_Preprocessing_RepeatPresolve=-1;CPXPARAM_Preprocessing_Symmetry=-1;CPXPARAM_Read_Scale=0;CPXPARAM_Sifting_Algorithm=0;CPXPARAM_Simplex_Crash=1;CPXPARAM_Simplex_DGradient=0;CPXPARAM_Simplex_Limits_Perturbation=0;CPXPARAM_Simplex_Limits_Singularity=10;CPXPARAM_Simplex_PGradient=0;CPXPARAM_Simplex_Pricing=0;CPXPARAM_Simplex_Refactor=0
4940727657292570362,0,CPXPARAM_Advance=1;CPXPARAM_Barrier_Algorithm=0;CPXPARAM_Barrier_ColNonzeros=0;CPXPARAM_Barrier_Crossover=0;CPXPARAM_Barrier_Limits_Corrections=-1;CPXPARAM_Barrier_Ordering=0;CPXPARAM_Barrier_StartAlg=1;CPXPARAM_Emphasis_MIP=4;CPXPARAM_Emphasis_Memory=0;CPXPARAM_Emphasis_Numerical=0;CPXPARAM_Feasopt_Mode=0;CPXPARAM_LPMethod=0;CPXPARAM_MIP_Cuts_Cliques=0;CPXPARAM_MIP_Cuts_Covers=-1;CPXPARAM_MIP_Cuts_Disjunctive=0;CPXPARAM_MIP_Cuts_FlowCovers=2;CPXPARAM_MIP_Cuts_GUBCovers=2;CPXPARAM_MIP_Cuts_Gomory=0;CPXPARAM_MIP_Cuts_Implied=0;CPXPARAM_MIP_Cuts_MIRCut=2;CPXPARAM_MIP_Cuts_PathCut=1;CPXPARAM_MIP_Limits_AggForCut=3;CPXPARAM_MIP_Limits_CutPasses=0;CPXPARAM_MIP_Limits_CutsFactor=-1;CPXPARAM_MIP_Limits_GomoryCand=150;CPXPARAM_MIP_Limits_GomoryPass=0;CPXPARAM_MIP_Limits_Nodes=9223372036800000000;CPXPARAM_MIP_Limits_ProbeTime=1e+75;CPXPARAM_MIP_Limits_RepairTries=0;CPXPARAM_MIP_Limits_StrongCand=10;CPXPARAM_MIP_Limits_StrongIt=0;CPXPARAM_MIP_OrderType=0;CPXPARAM_MIP_Strategy_BBInterval=7;CPXPARAM_MIP_Strategy_Branch=0;CPXPARAM_MIP_Strategy_Dive=0;CPXPARAM_MIP_Strategy_File=1;CPXPARAM_MIP_Strategy_HeuristicFreq=0;CPXPARAM_MIP_Strategy_LBHeur=0;CPXPARAM_MIP_Strategy_NodeSelect=1;CPXPARAM_MIP_Strategy_Order=1;CPXPARAM_MIP_Strategy_PresolveNode=0;CPXPARAM_MIP_Strategy_Probe=0;CPXPARAM_MIP_Strategy_RINSHeur=0;CPXPARAM_MIP_Strategy_StartAlgorithm=0;CPXPARAM_MIP_Strategy_SubAlgorithm=0;CPXPARAM_MIP_Strategy_VariableSelect=0;CPXPARAM_Network_NetFind=2;CPXPARAM_Network_Pricing=0;CPXPARAM_Parallel=1;CPXPARAM_Preprocessing_Aggregator=-1;CPXPARAM_Preprocessing_BoundStrength=-1;CPXPARAM_Preprocessing_CoeffReduce=-1;CPXPARAM_Preprocessing_Dependency=-1;CPXPARAM_Preprocessing_Dual=0;CPXPARAM_Preprocessing_Fill=10;CPXPARAM_Preprocessing_NumPass=-1;CPXPARAM_Preprocessing_Presolve=1;CPXPARAM_Preprocessing_QPMakePSD=1;CPXPARAM_Preprocessing_Reduce=3;CPXPARAM_Preprocessing_Relax=-1;CPXPARAM_Preprocessing_RepeatPresolve=-1;CPXPARAM_Preprocessing_Symmetry=-1;CPXPARAM_Read_Scale=0;CPXPARAM_Sifting_Algorithm=0;CPXPARAM_Simplex_Crash=1;CPXPARAM_Simplex_DGradient=0;CPXPARAM_Simplex_Limits_Perturbation=0;CPXPARAM_Simplex_Limits_Singularity=10;CPXPARAM_Simplex_PGradient=0;CPXPARAM_Simplex_Pricing=0;CPXPARAM_Simplex_Refactor=0
2440455737877897223,0,CPXPARAM_Advance=1;CPXPARAM_Barrier_Algorithm=0;CPXPARAM_Barrier_ColNonzeros=0;CPXPARAM_Barrier_Crossover=0;CPXPARAM_Barrier_Limits_Corrections=-1;CPXPARAM_Barrier_Ordering=0;CPXPARAM_Barrier_StartAlg=1;CPXPARAM_Emphasis_MIP=4;CPXPARAM_Emphasis_Memory=0;CPXPARAM_Emphasis_Numerical=0;CPXPARAM_Feasopt_Mode=0;CPXPARAM_LPMethod=0;CPXPARAM_MIP_Cuts_Cliques=0;CPXPARAM_MIP_Cuts_Covers=1;CPXPARAM_MIP_Cuts_Disjunctive=0;CPXPARAM_MIP_Cuts_FlowCovers=2;CPXPARAM_MIP_Cuts_GUBCovers=2;CPXPARAM_MIP_Cuts_Gomory=0;CPXPARAM_MIP_Cuts_Implied=0;CPXPARAM_MIP_Cuts_MIRCut=2;CPXPARAM_MIP_Cuts_PathCut=2;CPXPARAM_MIP_Limits_AggForCut=3;CPXPARAM_MIP_Limits_CutPasses=0;CPXPARAM_MIP_Limits_CutsFactor=-1;CPXPARAM_MIP_Limits_GomoryCand=150;CPXPARAM_MIP_Limits_GomoryPass=0;CPXPARAM_MIP_Limits_Nodes=9223372036800000000;CPXPARAM_MIP_Limits_ProbeTime=1e+75;CPXPARAM_MIP_Limits_RepairTries=0;CPXPARAM_MIP_Limits_StrongCand=10;CPXPARAM_MIP_Limits_StrongIt=0;CPXPARAM_MIP_OrderType=0;CPXPARAM_MIP_Strategy_BBInterval=7;CPXPARAM_MIP_Strategy_Branch=0;CPXPARAM_MIP_Strategy_Dive=0;CPXPARAM_MIP_Strategy_File=1;CPXPARAM_MIP_Strategy_HeuristicFreq=0;CPXPARAM_MIP_Strategy_LBHeur=0;CPXPARAM_MIP_Strategy_NodeSelect=1;CPXPARAM_MIP_Strategy_Order=1;CPXPARAM_MIP_Strategy_PresolveNode=0;CPXPARAM_MIP_Strategy_Probe=0;CPXPARAM_MIP_Strategy_RINSHeur=0;CPXPARAM_MIP_Strategy_StartAlgorithm=0;CPXPARAM_MIP_Strategy_SubAlgorithm=0;CPXPARAM_MIP_Strategy_VariableSelect=0;CPXPARAM_Network_NetFind=2;CPXPARAM_Network_Pricing=0;CPXPARAM_Parallel=1;CPXPARAM_Preprocessing_Aggregator=-1;CPXPARAM_Preprocessing_BoundStrength=-1;CPXPARAM_Preprocessing_CoeffReduce=-1;CPXPARAM_Preprocessing_Dependency=-1;CPXPARAM_Preprocessing_Dual=0;CPXPARAM_Preprocessing_Fill=10;CPXPARAM_Preprocessing_NumPass=-1;CPXPARAM_Preprocessing_Presolve=1;CPXPARAM_Preprocessing_QPMakePSD=1;CPXPARAM_Preprocessing_Reduce=3;CPXPARAM_Preprocessing_Relax=-1;CPXPARAM_Preprocessing_RepeatPresolve=-1;CPXPARAM_Preprocessing_Symmetry=-1;CPXPARAM_Read_Scale=0;CPXPARAM_Sifting_Algorithm=0;CPXPARAM_Simplex_Crash=1;CPXPARAM_Simplex_DGradient=0;CPXPARAM_Simplex_Limits_Perturbation=0;CPXPARAM_Simplex_Limits_Singularity=10;CPXPARAM_Simplex_PGradient=0;CPXPARAM_Simplex_Pricing=0;CPXPARAM_Simplex_Refactor=0
925640086748833810,0,CPXPARAM_Advance=1;CPXPARAM_Barrier_Algorithm=0;CPXPARAM_Barrier_ColNonzeros=0;CPXPARAM_Barrier_Crossover=0;CPXPARAM_Barrier_Limits_Corrections=-1;CPXPARAM_Barrier_Ordering=0;CPXPARAM_Barrier_StartAlg=1;CPXPARAM_Emphasis_MIP=4;CPXPARAM_Emphasis_Memory=0;CPXPARAM_Emphasis_Numerical=0;CPXPARAM_Feasopt_Mode=0;CPXPARAM_LPMethod=0;CPXPARAM_MIP_Cuts_Cliques=0;CPXPARAM_MIP_Cuts_Covers=1;CPXPARAM_MIP_Cuts_Disjunctive=0;CPXPARAM_MIP_Cuts_FlowCovers=2;CPXPARAM_MIP_Cuts_GUBCovers=2;CPXPARAM_MIP_Cuts_Gomory=0;CPXPARAM_MIP_Cuts_Implied=0;CPXPARAM_MIP_Cuts_MIRCut=2;CPXPARAM_MIP_Cuts_PathCut=1;CPXPARAM_MIP_Limits_AggForCut=3;CPXPARAM_MIP_Limits_CutPasses=0;CPXPARAM_MIP_Limits_CutsFactor=-1;CPXPARAM_MIP_Limits_GomoryCand=150;CPXPARAM_MIP_Limits_GomoryPass=0;CPXPARAM_MIP_Limits_Nodes=9223372036800000000;CPXPARAM_MIP_Limits_ProbeTime=1e+75;CPXPARAM_MIP_Limits_RepairTries=0;CPXPARAM_MIP_Limits_StrongCand=10;CPXPARAM_MIP_Limits_StrongIt=0;CPXPARAM_MIP_OrderType=0;CPXPARAM_MIP_Strategy_BBInterval=7;CPXPARAM_MIP_Strategy_Branch=0;CPXPARAM_MIP_Strategy_Dive=0;CPXPARAM_MIP_Strategy_File=1;CPXPARAM_MIP_Strategy_HeuristicFreq=0;CPXPARAM_MIP_Strategy_LBHeur=0;CPXPARAM_MIP_Strategy_NodeSelect=1;CPXPARAM_MIP_Strategy_Order=1;CPXPARAM_MIP_Strategy_PresolveNode=0;CPXPARAM_MIP_Strategy_Probe=0;CPXPARAM_MIP_Strategy_RINSHeur=0;CPXPARAM_MIP_Strategy_StartAlgorithm=0;CPXPARAM_MIP_Strategy_SubAlgorithm=0;CPXPARAM_MIP_Strategy_VariableSelect=2;CPXPARAM_Network_NetFind=2;CPXPARAM_Network_Pricing=0;CPXPARAM_Parallel=1;CPXPARAM_Preprocessing_Aggregator=-1;CPXPARAM_Preprocessing_BoundStrength=-1;CPXPARAM_Preprocessing_CoeffReduce=-1;CPXPARAM_Preprocessing_Dependency=-1;CPXPARAM_Preprocessing_Dual=0;CPXPARAM_Preprocessing_Fill=10;CPXPARAM_Preprocessing_NumPass=-1;CPXPARAM_Preprocessing_Presolve=1;CPXPARAM_Preprocessing_QPMakePSD=1;CPXPARAM_Preprocessing_Reduce=3;CPXPARAM_Preprocessing_Relax=-1;CPXPARAM_Preprocessing_RepeatPresolve=-1;CPXPARAM_Preprocessing_Symmetry=-1;CPXPARAM_Read_Scale=0;CPXPARAM_Sifting_Algorithm=0;CPXPARAM_Simplex_Crash=1;CPXPARAM_Simplex_DGradient=0;CPXPARAM_Simplex_Limits_Perturbation=0;CPXPARAM_Simplex_Limits_Singularity=10;CPXPARAM_Simplex_PGradient=0;CPXPARAM_Simplex_Pricing=0;CPXPARAM_Simplex_Refactor=0
6380863804155716564,0,CPXPARAM_Advance=1;CPXPARAM_Barrier_Algorithm=0;CPXPARAM_Barrier_ColNonzeros=0;CPXPARAM_Barrier_Crossover=0;CPXPARAM_Barrier_Limits_Corrections=-1;CPXPARAM_Barrier_Ordering=0;CPXPARAM_Barrier_StartAlg=1;CPXPARAM_Emphasis_MIP=4;CPXPARAM_Emphasis_Memory=0;CPXPARAM_Emphasis_Numerical=0;CPXPARAM_Feasopt_Mode=0;CPXPARAM_LPMethod=0;CPXPARAM_MIP_Cuts_Cliques=0;CPXPARAM_MIP_Cuts_Covers=1;CPXPARAM_MIP_Cuts_Disjunctive=-1;CPXPARAM_MIP_Cuts_FlowCovers=2;CPXPARAM_MIP_Cuts_GUBCovers=2;CPXPARAM_MIP_Cuts_Gomory=0;CPXPARAM_MIP_Cuts_Implied=0;CPXPARAM_MIP_Cuts_MIRCut=2;CPXPARAM_MIP_Cuts_PathCut=1;CPXPARAM_MIP_Limits_AggForCut=3;CPXPARAM_MIP_Limits_CutPasses=0;CPXPARAM_MIP_Limits_CutsFactor=-1;CPXPARAM_MIP_Limits_GomoryCand=150;CPXPARAM_MIP_Limits_GomoryPass=0;CPXPARAM_MIP_Limits_Nodes=9223372036800000000;CPXPARAM_MIP_Limits_ProbeTime=1e+75;CPXPARAM_MIP_Limits_RepairTries=0;CPXPARAM_MIP_Limits_StrongCand=10;CPXPARAM_MIP_Limits_StrongIt=0;CPXPARAM_MIP_OrderType=0;CPXPARAM_MIP_Strategy_BBInterval=7;CPXPARAM_MIP_Strategy_Branch=0;CPXPARAM_MIP_Strategy_Dive=0;CPXPARAM_MIP_Strategy_File=1;CPXPARAM_MIP_Strategy_HeuristicFreq=0;CPXPARAM_MIP_Strategy_LBHeur=0;CPXPARAM_MIP_Strategy_NodeSelect=1;CPXPARAM_MIP_Strategy_Order=1;CPXPARAM_MIP_Strategy_PresolveNode=0;CPXPARAM_MIP_Strategy_Probe=0;CPXPARAM_MIP_Strategy_RINSHeur=0;CPXPARAM_MIP_Strategy_StartAlgorithm=0;CPXPARAM_MIP_Strategy_SubAlgorithm=0;CPXPARAM_MIP_Strategy_VariableSelect=0;CPXPARAM_Network_NetFind=2;CPXPARAM_Network_Pricing=0;CPXPARAM_Parallel=1;CPXPARAM_Preprocessing_Aggregator=-1;CPXPARAM_Preprocessing_BoundStrength=-1;CPXPARAM_Preprocessing_CoeffReduce=-1;CPXPARAM_Preprocessing_Dependency=-1;CPXPARAM_Preprocessing_Dual=0;CPXPARAM_Preprocessing_Fill=10;CPXPARAM_Preprocessing_NumPass=-1;CPXPARAM_Preprocessing_Presolve=1;CPXPARAM_Preprocessing_QPMakePSD=1;CPXPARAM_Preprocessing_Reduce=3;CPXPARAM_Preprocessing_Relax=-1;CPXPARAM_Preprocessing_RepeatPresolve=-1;CPXPARAM_Preprocessing_Symmetry=-1;CPXPARAM_Read_Scale=0;CPXPARAM_Sifting_Algorithm=0;CPXPARAM_Simplex_Crash=1;CPXPARAM_Simplex_DGradient=0;CPXPARAM_Simplex_Limits_Perturbation=0;CPXPARAM_Simplex_Limits_Singularity=10;CPXPARAM_Simplex_PGradient=0;CPXPARAM_Simplex_Pricing=0;CPXPARAM_Simplex_Refactor=0
7852695157875216597,0,CPXPARAM_Advance=1;CPXPARAM_Barrier_Algorithm=0;CPXPARAM_Barrier_ColNonzeros=0;CPXPARAM_Barrier_Crossover=0;CPXPARAM_Barrier_Limits_Corrections=-1;CPXPARAM_Barrier_Ordering=0;CPXPARAM_Barrier_StartAlg=1;CPXPARAM_Emphasis_MIP=4;CPXPARAM_Emphasis_Memory=0;CPXPARAM_Emphasis_Numerical=0;CPXPARAM_Feasopt_Mode=0;CPXPARAM_LPMethod=0;CPXPARAM_MIP_Cuts_Cliques=0;CPXPARAM_MIP_Cuts_Covers=1;CPXPARAM_MIP_Cuts_Disjunctive=0;CPXPARAM_MIP_Cuts_FlowCovers=2;CPXPARAM_MIP_Cuts_GUBCovers=2;CPXPARAM_MIP_Cuts_Gomory=0;CPXPARAM_MIP_Cuts_Implied=0;CPXPARAM_MIP_Cuts_MIRCut=2;CPXPARAM_MIP_Cuts_PathCut=1;CPXPARAM_MIP_Limits_AggForCut=3;CPXPARAM_MIP_Limits_CutPasses=0;CPXPARAM_MIP_Limits_CutsFactor=-1;CPXPARAM_MIP_Limits_GomoryCand=150;CPXPARAM_MIP_Limits_GomoryPass=0;CPXPARAM_MIP_Limits_Nodes=9223372036800000000;CPXPARAM_MIP_Limits_ProbeTime=1e+75;CPXPARAM_MIP_Limits_RepairTries=0;CPXPARAM_MIP_Limits_StrongCand=10;CPXPARAM_MIP_Limits_StrongIt=0;CPXPARAM_MIP_OrderType=0;CPXPARAM_MIP_Strategy_BBInterval=7;CPXPARAM_MIP_Strategy_Branch=0;CPXPARAM_MIP_Strategy_Dive=0;CPXPARAM_MIP_Strategy_File=1;CPXPARAM_MIP_Strategy_HeuristicFreq=0;CPXPARAM_MIP_Strategy_LBHeur=0;CPXPARAM_MIP_Strategy_NodeSelect=1;CPXPARAM_MIP_Strategy_Order=1;CPXPARAM_MIP_Strategy_PresolveNode=0;CPXPARAM_MIP_Strategy_Probe=0;CPXPARAM_MIP_Strategy_RINSHeur=0;CPXPARAM_MIP_Strategy_StartAlgorithm=0;CPXPARAM_MIP_Strategy_SubAlgorithm=3;CPXPARAM_MIP_Strategy_VariableSelect=0;CPXPARAM_Network_NetFind=2;CPXPARAM_Network_Pricing=0;CPXPARAM_Parallel=1;CPXPARAM_Preprocessing_Aggregator=-1;CPXPARAM_Preprocessing_BoundStrength=-1;CPXPARAM_Preprocessing_CoeffReduce=-1;CPXPARAM_Preprocessing_Dependency=-1;CPXPARAM_Preprocessing_Dual=0;CPXPARAM_Preprocessing_Fill=10;CPXPARAM_Preprocessing_NumPass=-1;CPXPARAM_Preprocessing_Presolve=1;CPXPARAM_Preprocessing_QPMakePSD=1;CPXPARAM_Preprocessing_Reduce=3;CPXPARAM_Preprocessing_Relax=-1;CPXPARAM_Preprocessing_RepeatPresolve=-1;CPXPARAM_Preprocessing_Symmetry=-1;CPXPARAM_Read_Scale=0;CPXPARAM_Sifting_Algorithm=0;CPXPARAM_Simplex_Crash=1;CPXPARAM_Simplex_DGradient=0;CPXPARAM_Simplex_Limits_Perturbation=0;CPXPARAM_Simplex_Limits_Singularity=10;CPXPARAM_Simplex_PGradient=0;CPXPARAM_Simplex_Pricing=0;CPXPARAM_Simplex_Refactor=0
14693612910462038697,0,CPXPARAM_Advance=1;CPXPARAM_Barrier_Algorithm=0;CPXPARAM_Barrier_ColNonzeros=0;CPXPARAM_Barrier_Crossover=0;CPXPARAM_Barrier_Limits_Corrections=-1;CPXPARAM_Barrier_Ordering=0;CPXPARAM_Barrier_StartAlg=1;CPXPARAM_Emphasis_MIP=3;CPXPARAM_Emphasis_Memory=0;CPXPARAM_Emphasis_Numerical=0;CPXPARAM_Feasopt_Mode=0;CPXPARAM_LPMethod=0;CPXPARAM_MIP_Cuts_Cliques=2;CPXPARAM_MIP_Cuts_Covers=3;CPXPARAM_MIP_Cuts_Disjunctive=1;CPXPARAM_MIP_Cuts_FlowCovers=-1;CPXPARAM_MIP_Cuts_GUBCovers=2;CPXPARAM_MIP_Cuts_Gomory=1;CPXPARAM_MIP_Cuts_Implied=2;CPXPARAM_MIP_Cuts_MIRCut=2;CPXPARAM_MIP_Cuts_PathCut=1;CPXPARAM_MIP_Limits_AggForCut=10;CPXPARAM_MIP_Limits_CutPasses=0;CPXPARAM_MIP_Limits_CutsFactor=-1;CPXPARAM_MIP_Limits_GomoryCand=400;CPXPARAM_MIP_Limits_GomoryPass=0;CPXPARAM_MIP_Limits_Nodes=9223372036800000000;CPXPARAM_MIP_Limits_ProbeTime=1e+75;CPXPARAM_MIP_Limits_RepairTries=0;CPXPARAM_MIP_Limits_StrongCand=10;CPXPARAM_MIP_Limits_StrongIt=0;CPXPARAM_MIP_OrderType=0;CPXPARAM_MIP_Strategy_BBInterval=7;CPXPARAM_MIP_Strategy_Branch=-1;CPXPARAM_MIP_Strategy_Dive=0;CPXPARAM_MIP_Strategy_File=1;CPXPARAM_MIP_Strategy_HeuristicFreq=0;CPXPARAM_MIP_Strategy_LBHeur=0;CPXPARAM_MIP_Strategy_NodeSelect=2;CPXPARAM_MIP_Strategy_Order=1;CPXPARAM_MIP_Strategy_PresolveNode=-1;CPXPARAM_MIP_Strategy_Probe=1;CPXPARAM_MIP_Strategy_RINSHeur=0;CPXPARAM_MIP_Strategy_StartAlgorithm=0;CPXPARAM_MIP_Strategy_SubAlgorithm=1;CPXPARAM_MIP_Strategy_VariableSelect=1;CPXPARAM_Network_NetFind=2;CPXPARAM_Network_Pricing=0;CPXPARAM_Parallel=1;CPXPARAM_Preprocessing_Aggregator=-1;CPXPARAM_Preprocessing_BoundStrength=-1;CPXPARAM_Preprocessing_CoeffReduce=-1;CPXPARAM_Preprocessing_Dependency=-1;CPXPARAM_Preprocessing_Dual=0;CPXPARAM_Preprocessing_Fill=5;CPXPARAM_Preprocessing_NumPass=-1;CPXPARAM_Preprocessing_Presolve=1;CPXPARAM_Preprocessing_QPMakePSD=1;CPXPARAM_Preprocessing_Reduce=3;CPXPARAM_Preprocessing_Relax=-1;CPXPARAM_Preprocessing_RepeatPresolve=-1;CPXPARAM_Preprocessing_Symmetry=-1;CPXPARAM_Read_Scale=0;CPXPARAM_Sifting_Algorithm=0;CPXPARAM_Simplex_Crash=1;CPXPARAM_Simplex_DGradient=0;CPXPARAM_Simplex_Limits_Perturbation=0;CPXPARAM_Simplex_Limits_Singularity=10;CPXPARAM_Simplex_PGradient=0;CPXPARAM_Simplex_Pricing=0;CPXPARAM_Simplex_Refactor=0
849540119244973869,0,CPXPARAM_Advance=1;CPXPARAM_Barrier_Algorithm=0;CPXPARAM_Barrier_ColNonzeros=0;CPXPARAM_Barrier_Crossover=0;CPXPARAM_Barrier_Limits_Corrections=-1;CPXPARAM_Barrier_Ordering=0;CPXPARAM_Barrier_StartAlg=1;CPXPARAM_Emphasis_MIP=0;CPXPARAM_Emphasis_Memory=0;CPXPARAM_Emphasis_Numerical=0;CPXPARAM_Feasopt_Mode=0;CPXPARAM_LPMethod=0;CPXPARAM_MIP_Cuts_Cliques=3;CPXPARAM_MIP_Cuts_Covers=3;CPXPARAM_MIP_Cuts_Disjunctive=1;CPXPARAM_MIP_Cuts_FlowCovers=0;CPXPARAM_MIP_Cuts_GUBCovers=0;CPXPARAM_MIP_Cuts_Gomory=0;CPXPARAM_MIP_Cuts_Implied=1;CPXPARAM_MIP_Cuts_MIRCut=2;CPXPARAM_MIP_Cuts_PathCut=2;CPXPARAM_MIP_Limits_AggForCut=3;CPXPARAM_MIP_Limits_CutPasses=0;CPXPARAM_MIP_Limits_CutsFactor=-1;CPXPARAM_MIP_Limits_GomoryCand=400;CPXPARAM_MIP_Limits_GomoryPass=0;CPXPARAM_MIP_Limits_Nodes=9223372036800000000;CPXPARAM_MIP_Limits_ProbeTime=1e+75;CPXPARAM_MIP_Limits_RepairTries=0;CPXPARAM_MIP_Limits_StrongCand=10;CPXPARAM_MIP_Limits_StrongIt=0;CPXPARAM_MIP_OrderType=0;CPXPARAM_MIP_Strategy_BBInterval=7;CPXPARAM_MIP_Strategy_Branch=0;CPXPARAM_MIP_Strategy_Dive=0;CPXPARAM_MIP_Strategy_File=1;CPXPARAM_MIP_Strategy_HeuristicFreq=0;CPXPARAM_MIP_Strategy_LBHeur=0;CPXPARAM_MIP_Strategy_NodeSelect=2;CPXPARAM_MIP_Strategy_Order=1;CPXPARAM_MIP_Strategy_PresolveNode=2;CPXPARAM_MIP_Strategy_Probe=1;CPXPARAM_MIP_Strategy_RINSHeur=0;CPXPARAM_MIP_Strategy_StartAlgorithm=0;CPXPARAM_MIP_Strategy_SubAlgorithm=0;CPXPARAM_MIP_Strategy_VariableSelect=3;CPXPARAM_Network_NetFind=2;CPXPARAM_Network_Pricing=0;CPXPARAM_Parallel=1;CPXPARAM_Preprocessing_Aggregator=-1;CPXPARAM_Preprocessing_BoundStrength=-1;CPXPARAM_Preprocessing_CoeffReduce=-1;CPXPARAM_Preprocessing_Dependency=-1;CPXPARAM_Preprocessing_Dual=0;CPXPARAM_Preprocessing_Fill=10;CPXPARAM_Preprocessing_NumPass=-1;CPXPARAM_Preprocessing_Presolve=1;CPXPARAM_Preprocessing_QPMakePSD=1;CPXPARAM_Preprocessing_Reduce=3;CPXPARAM_Preprocessing_Relax=-1;CPXPARAM_Preprocessing_RepeatPresolve=-1;CPXPARAM_Preprocessing_Symmetry=-1;CPXPARAM_Read_Scale=0;CPXPARAM_Sifting_Algorithm=0;CPXPARAM_Simplex_Crash=1;CPXPARAM_Simplex_DGradient=0;CPXPARAM_Simplex_Limits_Perturbation=0;CPXPARAM_Simplex_Limits_Singularity=10;CPXPARAM_Simplex_PGradient=0;CPXPARAM_Simplex_Pricing=0;CPXPARAM_Simplex_Refactor=0
7616121916240733284,0,CPXPARAM_Advance=1;CPXPARAM_Barrier_Algorithm=0;CPXPARAM_Barrier_ColNonzeros=0;CPXPARAM_Barrier_Crossover=0;CPXPARAM_Barrier_Limits_Corrections=-1;CPXPARAM_Barrier_Ordering=0;CPXPARAM_Barrier_StartAlg=1;CPXPARAM_Emphasis_MIP=4;CPXPARAM_Emphasis_Memory=0;CPXPARAM_Emphasis_Numerical=0;CPXPARAM_Feasopt_Mode=0;CPXPARAM_LPMethod=0;CPXPARAM_MIP_Cuts_Cliques=0;CPXPARAM_MIP_Cuts_Covers=1;CPXPARAM_MIP_Cuts_Disjunctive=0;CPXPARAM_MIP_Cuts_FlowCovers=2;CPXPARAM_MIP_Cuts_GUBCovers=2;CPXPARAM_MIP_Cuts_Gomory=0;CPXPARAM_MIP_Cuts_Implied=0;CPXPARAM_MIP_Cuts_MIRCut=2;CPXPARAM_MIP_Cuts_PathCut=1;CPXPARAM_MIP_Limits_AggForCut=3;CPXPARAM_MIP_Limits_CutPasses=0;CPXPARAM_MIP_Limits_CutsFactor=-1;CPXPARAM_MIP_Limits_GomoryCand=200;CPXPARAM_MIP_Limits_GomoryPass=0;CPXPARAM_MIP_Limits_Nodes=9223372036800000000;CPXPARAM_MIP_Limits_ProbeTime=1e+75;CPXPARAM_MIP_Limits_RepairTries=0;CPXPARAM_MIP_Limits_StrongCand=10;CPXPARAM_MIP_Limits_StrongIt=0;CPXPARAM_MIP_OrderType=0;CPXPARAM_MIP_Strategy_BBInterval=7;CPXPARAM_MIP_Strategy_Branch=0;CPXPARAM_MIP_Strategy_Dive=0;CPXPARAM_MIP_Strategy_File=1;CPXPARAM_MIP_Strategy_HeuristicFreq=0;CPXPARAM_MIP_Strategy_LBHeur=0;CPXPARAM_MIP_Strategy_NodeSelect=1;CPXPARAM_MIP_Strategy_Order=1;CPXPARAM_MIP_Strategy_PresolveNode=0;CPXPARAM_MIP_Strategy_Probe=0;CPXPARAM_MIP_Strategy_RINSHeur=0;CPXPARAM_MIP_Strategy_StartAlgorithm=0;CPXPARAM_MIP_Strategy_SubAlgorithm=0;CPXPARAM_MIP_Strategy_VariableSelect=0;CPXPARAM_Network_NetFind=2;CPXPARAM_Network_Pricing=0;CPXPARAM_Parallel=1;CPXPARAM_Preprocessing_Aggregator=-1;CPXPARAM_Preprocessing_BoundStrength=-1;CPXPARAM_Preprocessing_CoeffReduce=-1;CPXPARAM_Preprocessing_Dependency=-1;CPXPARAM_Preprocessing_Dual=0;CPXPARAM_Preprocessing_Fill=10;CPXPARAM_Preprocessing_NumPass=-1;CPXPARAM_Preprocessing_Presolve=1;CPXPARAM_Preprocessing_QPMakePSD=1;CPXPARAM_Preprocessing_Reduce=3;CPXPARAM_Preprocessing_Relax=-1;CPXPARAM_Preprocessing_RepeatPresolve=-1;CPXPARAM_Preprocessing_Symmetry=-1;CPXPARAM_Read_Scale=0;CPXPARAM_Sifting_Algorithm=0;CPXPARAM_Simplex_Crash=1;CPXPARAM_Simplex_DGradient=0;CPXPARAM_Simplex_Limits_Perturbation=0;CPXPARAM_Simplex_Limits_Singularity=10;CPXPARAM_Simplex_PGradient=0;CPXPARAM_Simplex_Pricing=0;CPXPARAM_Simplex_Refactor=0
1297299045870845973,0,CPXPARAM_Advance=1;CPXPARAM_Barrier_Algorithm=0;CPXPARAM_Barrier_ColNonzeros=0;CPXPARAM_Barrier_Crossover=0;CPXPARAM_Barrier_Limits_Corrections=-1;CPXPARAM_Barrier_Ordering=0;CPXPARAM_Barrier_StartAlg=1;CPXPARAM_Emphasis_MIP=0;CPXPARAM_Emphasis_Memory=0;CPXPARAM_Emphasis_Numerical=0;CPXPARAM_Feasopt_Mode=0;CPXPARAM_LPMethod=0;CPXPARAM_MIP_Cuts_Cliques=3;CPXPARAM_MIP_Cuts_Covers=3;CPXPARAM_MIP_Cuts_Disjunctive=-1;CPXPARAM_MIP_Cuts_FlowCovers=1;CPXPARAM_MIP_Cuts_GUBCovers=1;CPXPARAM_MIP_Cuts_Gomory=1;CPXPARAM_MIP_Cuts_Implied=-1;CPXPARAM_MIP_Cuts_MIRCut=-1;CPXPARAM_MIP_Cuts_PathCut=0;CPXPARAM_MIP_Limits_AggForCut=2;CPXPARAM_MIP_Limits_CutPasses=0;CPXPARAM_MIP_Limits_CutsFactor=-1;CPXPARAM_MIP_Limits_GomoryCand=200;CPXPARAM_MIP_Limits_GomoryPass=0;CPXPARAM_MIP_Limits_Nodes=9223372036800000000;CPXPARAM_MIP_Limits_ProbeTime=1e+75;CPXPARAM_MIP_Limits_RepairTries=0;CPXPARAM_MIP_Limits_StrongCand=10;CPXPARAM_MIP_Limits_StrongIt=0;CPXPARAM_MIP_OrderType=3;CPXPARAM_MIP_Strategy_BBInterval=7;CPXPARAM_MIP_Strategy_Branch=0;CPXPARAM_MIP_Strategy_Dive=0;CPXPARAM_MIP_Strategy_File=1;CPXPARAM_MIP_Strategy_HeuristicFreq=0;CPXPARAM_MIP_Strategy_LBHeur=0;CPXPARAM_MIP_Strategy_NodeSelect=0;CPXPARAM_MIP_Strategy_Order=1;CPXPARAM_MIP_Strategy_PresolveNode=3;CPXPARAM_MIP_Strategy_Probe=1;CPXPARAM_MIP_Strategy_RINSHeur=0;CPXPARAM_MIP_Strategy_StartAlgorithm=0;CPXPARAM_MIP_Strategy_SubAlgorithm=1;CPXPARAM_MIP_Strategy_VariableSelect=2;CPXPARAM_Network_NetFind=2;CPXPARAM_Network_Pricing=0;CPXPARAM_Parallel=1;CPXPARAM_Preprocessing_Aggregator=-1;CPXPARAM_Preprocessing_BoundStrength=-1;CPXPARAM_Preprocessing_CoeffReduce=-1;CPXPARAM_Preprocessing_Dependency=-1;CPXPARAM_Preprocessing_Dual=0;CPXPARAM_Preprocessing_Fill=5;CPXPARAM_Preprocessing_NumPass=-1;CPXPARAM_Preprocessing_Presolve=1;CPXPARAM_Preprocessing_QPMakePSD=1;CPXPARAM_Preprocessing_Reduce=3;CPXPARAM_Preprocessing_Relax=-1;CPXPARAM_Preprocessing_RepeatPresolve=-1;CPXPARAM_Preprocessing_Symmetry=-1;CPXPARAM_Read_Scale=0;CPXPARAM_Sifting_Algorithm=0;CPXPARAM_Simplex_Crash=1;CPXPARAM_Simplex_DGradient=0;CPXPARAM_Simplex_Limits_Perturbation=0;CPXPARAM_Simplex_Limits_Singularity=10;CPXPARAM_Simplex_PGradient=0;CPXPARAM_Simplex_Pricing=0;CPXPARAM_Simplex_Refactor=0
10416056998440635319,0,CPXPARAM_Advance=1;CPXPARAM_Barrier_Algorithm=0;CPXPARAM_Barrier_ColNonzeros=0;CPXPARAM_Barrier_Crossover=0;CPXPARAM_Barrier_Limits_Corrections=-1;CPXPARAM_Barrier_Ordering=0;CPXPARAM_Barrier_StartAlg=1;CPXPARAM_Emphasis_MIP=5;CPXPARAM_Emphasis_Memory=0;CPXPARAM_Emphasis_Numerical=0;CPXPARAM_Feasopt_Mode=0;CPXPARAM_LPMethod=0;CPXPARAM_MIP_Cuts_Cliques=-1;CPXPARAM_MIP_Cuts_Covers=1;CPXPARAM_MIP_Cuts_Disjunctive=-1;CPXPARAM_MIP_Cuts_FlowCovers=-1;CPXPARAM_MIP_Cuts_GUBCovers=0;CPXPARAM_MIP_Cuts_Gomory=0;CPXPARAM_MIP_Cuts_Implied=-1;CPXPARAM_MIP_Cuts_MIRCut=1;CPXPARAM_MIP_Cuts_PathCut=2;CPXPARAM_MIP_Limits_AggForCut=3;CPXPARAM_MIP_Limits_CutPasses=0;CPXPARAM_MIP_Limits_CutsFactor=-1;CPXPARAM_MIP_Limits_GomoryCand=800;CPXPARAM_MIP_Limits_GomoryPass=0;CPXPARAM_MIP_Limits_Nodes=9223372036800000000;CPXPARAM_MIP_Limits_ProbeTime=1e+75;CPXPARAM_MIP_Limits_RepairTries=0;CPXPARAM_MIP_Limits_StrongCand=10;CPXPARAM_MIP_Limits_StrongIt=0;CPXPARAM_MIP_OrderType=0;CPXPARAM_MIP_Strategy_BBInterval=7;CPXPARAM_MIP_Strategy_Branch=0;CPXPARAM_MIP_Strategy_Dive=0;CPXPARAM_MIP_Strategy_File=1;CPXPARAM_MIP_Strategy_HeuristicFreq=0;CPXPARAM_MIP_Strategy_LBHeur=0;CPXPARAM_MIP_Strategy_NodeSelect=2;CPXPARAM_MIP_Strategy_Order=1;CPXPARAM_MIP_Strategy_PresolveNode=1;CPXPARAM_MIP_Strategy_Probe=1;CPXPARAM_MIP_Strategy_RINSHeur=0;CPXPARAM_MIP_Strategy_StartAlgorithm=0;CPXPARAM_MIP_Strategy_SubAlgorithm=3;CPXPARAM_MIP_Strategy_VariableSelect=-1;CPXPARAM_Network_NetFind=2;CPXPARAM_Network_Pricing=0;CPXPARAM_Parallel=1;CPXPARAM_Preprocessing_Aggregator=-1;CPXPARAM_Preprocessing_BoundStrength=-1;CPXPARAM_Preprocessing_CoeffReduce=-1;CPXPARAM_Preprocessing_Dependency=-1;CPXPARAM_Preprocessing_Dual=0;CPXPARAM_Preprocessing_Fill=5;CPXPARAM_Preprocessing_NumPass=-1;CPXPARAM_Preprocessing_Presolve=1;CPXPARAM_Preprocessing_QPMakePSD=1;CPXPARAM_Preprocessing_Reduce=3;CPXPARAM_Preprocessing_Relax=-1;CPXPARAM_Preprocessing_RepeatPresolve=-1;CPXPARAM_Preprocessing_Symmetry=-1;CPXPARAM_Read_Scale=0;CPXPARAM_Sifting_Algorithm=0;CPXPARAM_Simplex_Crash=1;CPXPARAM_Simplex_DGradient=0;CPXPARAM_Simplex_Limits_Perturbation=0;CPXPARAM_Simplex_Limits_Singularity=10;CPXPARAM_Simplex_PGradient=0;CPXPARAM_Simplex_Pricing=0;CPXPARAM_Simplex_Refactor=0
1867819256603448266,0,CPXPARAM_Advance=1;CPXPARAM_Barrier_Algorithm=0;CPXPARAM_Barrier_ColNonzeros=0;CPXPARAM_Barrier_Crossover=0;CPXPARAM_Barrier_Limits_Corrections=-1;CPXPARAM_Barrier_Ordering=0;CPXPARAM_Barrier_StartAlg=1;CPXPARAM_Emphasis_MIP=4;CPXPARAM_Emphasis_Memory=0;CPXPARAM_Emphasis_Numerical=0;CPXPARAM_Feasopt_Mode=0;CPXPARAM_LPMethod=0;CPXPARAM_MIP_Cuts_Cliques=0;CPXPARAM_MIP_Cuts_Covers=1;CPXPARAM_MIP_Cuts_Disjunctive=0;CPXPARAM_MIP_Cuts_FlowCovers=2;CPXPARAM_MIP_Cuts_GUBCovers=2;CPXPARAM_MIP_Cuts_Gomory=0;CPXPARAM_MIP_Cuts_Implied=0;CPXPARAM_MIP_Cuts_MIRCut=2;CPXPARAM_MIP_Cuts_PathCut=1;CPXPARAM_MIP_Limits_AggForCut=3;CPXPARAM_MIP_Limits_CutPasses=0;CPXPARAM_MIP_Limits_CutsFactor=-1;CPXPARAM_MIP_Limits_GomoryCand=150;CPXPARAM_MIP_Limits_GomoryPass=0;CPXPARAM_MIP_Limits_Nodes=9223372036800000000;CPXPARAM_MIP_Limits_ProbeTime=1e+75;CPXPARAM_MIP_Limits_RepairTries=0;CPXPARAM_MIP_Limits_StrongCand=10;CPXPARAM_MIP_Limits_StrongIt=0;CPXPARAM_MIP_OrderType=0;CPXPARAM_MIP_Strategy_BBInterval=7;CPXPARAM_MIP_Strategy_Branch=0;CPXPARAM_MIP_Strategy_Dive=0;CPXPARAM_MIP_Strategy_File=1;CPXPARAM_MIP_Strategy_HeuristicFreq=0;CPXPARAM_MIP_Strategy_LBHeur=0;CPXPARAM_MIP_Strategy_NodeSelect=1;CPXPARAM_MIP_Strategy_Order=1;CPXPARAM_MIP_Strategy_PresolveNode=0;CPXPARAM_MIP_Strategy_Probe=2;CPXPARAM_MIP_Strategy_RINSHeur=0;CPXPARAM_MIP_Strategy_StartAlgorithm=0;CPXPARAM_MIP_Strategy_SubAlgorithm=0;CPXPARAM_MIP_Strategy_VariableSelect=0;CPXPARAM_Network_NetFind=2;CPXPARAM_Network_Pricing=0;CPXPARAM_Parallel=1;CPXPARAM_Preprocessing_Aggregator=-1;CPXPARAM_Preprocessing_BoundStrength=-1;CPXPARAM_Preprocessing_CoeffReduce=-1;CPXPARAM_Preprocessing_Dependency=-1;CPXPARAM_Preprocessing_Dual=0;CPXPARAM_Preprocessing_Fill=10;CPXPARAM_Preprocessing_NumPass=-1;CPXPARAM_Preprocessing_Presolve=1;CPXPARAM_Preprocessing_QPMakePSD=1;CPXPARAM_Preprocessing_Reduce=3;CPXPARAM_Preprocessing_Relax=-1;CPXPARAM_Preprocessing_RepeatPresolve=-1;CPXPARAM_Preprocessing_Symmetry=-1;CPXPARAM_Read_Scale=0;CPXPARAM_Sifting_Algorithm=0;CPXPARAM_Simplex_Crash=1;CPXPARAM_Simplex_DGradient=0;CPXPARAM_Simplex_Limits_Perturbation=0;CPXPARAM_Simplex_Limits_Singularity=10;CPXPARAM_Simplex_PGradient=0;CPXPARAM_Simplex_Pricing=0;CPXPARAM_Simplex_Refactor=0
11614096401542490665,0,CPXPARAM_Advance=1;CPXPARAM_Barrier_Algorithm=0;CPXPARAM_Barrier_ColNonzeros=0;CPXPARAM_Barrier_Crossover=0;CPXPARAM_Barrier_Limits_Corrections=-1;CPXPARAM_Barrier_Ordering=0;CPXPARAM_Barrier_StartAlg=1;CPXPARAM_Emphasis_MIP=4;CPXPARAM_Emphasis_Memory=0;CPXPARAM_Emphasis_Numerical=0;CPXPARAM_Feasopt_Mode=0;CPXPARAM_LPMethod=0;CPXPARAM_MIP_Cuts_Cliques=0;CPXPARAM_MIP_Cuts_Covers=1;CPXPARAM_MIP_Cuts_Disjunctive=-1;CPXPARAM_MIP_Cuts_FlowCovers=-1;CPXPARAM_MIP_Cuts_GUBCovers=2;CPXPARAM_MIP_Cuts_Gomory=0;CPXPARAM_MIP_Cuts_Implied=0;CPXPARAM_MIP_Cuts_MIRCut=0;CPXPARAM_MIP_Cuts_PathCut=1;CPXPARAM_MIP_Limits_AggForCut=3;CPXPARAM_MIP_Limits_CutPasses=0;CPXPARAM_MIP_Limits_CutsFactor=-1;CPXPARAM_MIP_Limits_GomoryCand=150;CPXPARAM_MIP_Limits_GomoryPass=0;CPXPARAM_MIP_Limits_Nodes=9223372036800000000;CPXPARAM_MIP_Limits_ProbeTime=1e+75;CPXPARAM_MIP_Limits_RepairTries=0;CPXPARAM_MIP_Limits_StrongCand=10;CPXPARAM_MIP_Limits_StrongIt=0;CPXPARAM_MIP_OrderType=0;CPXPARAM_MIP_Strategy_BBInterval=7;CPXPARAM_MIP_Strategy_Branch=0;CPXPARAM_MIP_Strategy_Dive=0;CPXPARAM_MIP_Strategy_File=1;CPXPARAM_MIP_Strategy_HeuristicFreq=0;CPXPARAM_MIP_Strategy_LBHeur=0;CPXPARAM_MIP_Strategy_NodeSelect=1;CPXPARAM_MIP_Strategy_Order=1;CPXPARAM_MIP_Strategy_PresolveNode=0;CPXPARAM_MIP_Strategy_Probe=0;CPXPARAM_MIP_Strategy_RINSHeur=0;CPXPARAM_MIP_Strategy_StartAlgorithm=0;CPXPARAM_MIP_Strategy_SubAlgorithm=0;CPXPARAM_MIP_Strategy_VariableSelect=0;CPXPARAM_Network_NetFind=2;CPXPARAM_Network_Pricing=0;CPXPARAM_Parallel=1;CPXPARAM_Preprocessing_Aggregator=-1;CPXPARAM_Preprocessing_BoundStrength=-1;CPXPARAM_Preprocessing_CoeffReduce=-1;CPXPARAM_Preprocessing_Dependency=-1;CPXPARAM_Preprocessing_Dual=0;CPXPARAM_Preprocessing_Fill=10;CPXPARAM_Preprocessing_NumPass=-1;CPXPARAM_Preprocessing_Presolve=1;CPXPARAM_Preprocessing_QPMakePSD=1;CPXPARAM_Preprocessing_Reduce=3;CPXPARAM_Preprocessing_Relax=-1;CPXPARAM_Preprocessing_RepeatPresolve=-1;CPXPARAM_Preprocessing_Symmetry=-1;CPXPARAM_Read_Scale=0;CPXPARAM_Sifting_Algorithm=0;CPXPARAM_Simplex_Crash=1;CPXPARAM_Simplex_DGradient=0;CPXPARAM_Simplex_Limits_Perturbation=0;CPXPARAM_Simplex_Limits_Singularity=10;CPXPARAM_Simplex_PGradient=0;CPXPARAM_Simplex_Pricing=0;CPXPARAM_Simplex_Refactor=0
16712145378526342599,0,CPXPARAM_Advance=1;CPXPARAM_Barrier_Algorithm=0;CPXPARAM_Barrier_ColNonzeros=0;CPXPARAM_Barrier_Crossover=0;CPXPARAM_Barrier_Limits_Corrections=-1;CPXPARAM_Barrier_Ordering=0;CPXPARAM_Barrier_StartAlg=1;CPXPARAM_Emphasis_MIP=3;CPXPARAM_Emphasis_Memory=0;CPXPARAM_Emphasis_Numerical=0;CPXPARAM_Feasopt_Mode=0;CPXPARAM_LPMethod=0;CPXPARAM_MIP_Cuts_Cliques=1;CPXPARAM_MIP_Cuts_Covers=0;CPXPARAM_MIP_Cuts_Disjunctive=0;CPXPARAM_MIP_Cuts_FlowCovers=0;CPXPARAM_MIP_Cuts_GUBCovers=0;CPXPARAM_MIP_Cuts_Gomory=0;CPXPARAM_MIP_Cuts_Implied=1;CPXPARAM_MIP_Cuts_MIRCut=0;CPXPARAM_MIP_Cuts_PathCut=1;CPXPARAM_MIP_Limits_AggForCut=3;CPXPARAM_MIP_Limits_CutPasses=0;CPXPARAM_MIP_Limits_CutsFactor=-1;CPXPARAM_MIP_Limits_GomoryCand=50;CPXPARAM_MIP_Limits_GomoryPass=0;CPXPARAM_MIP_Limits_Nodes=9223372036800000000;CPXPARAM_MIP_Limits_ProbeTime=1e+75;CPXPARAM_MIP_Limits_RepairTries=0;CPXPARAM_MIP_Limits_StrongCand=10;CPXPARAM_MIP_Limits_StrongIt=0;CPXPARAM_MIP_OrderType=0;CPXPARAM_MIP_Strategy_BBInterval=7;CPXPARAM_MIP_Strategy_Branch=1;CPXPARAM_MIP_Strategy_Dive=0;CPXPARAM_MIP_Strategy_File=1;CPXPARAM_MIP_Strategy_HeuristicFreq=0;CPXPARAM_MIP_Strategy_LBHeur=0;CPXPARAM_MIP_Strategy_NodeSelect=3;CPXPARAM_MIP_Strategy_Order=1;CPXPARAM_MIP_Strategy_PresolveNode=-1;CPXPARAM_MIP_Strategy_Probe=-1;CPXPARAM_MIP_Strategy_RINSHeur=0;CPXPARAM_MIP_Strategy_StartAlgorithm=0;CPXPARAM_MIP_Strategy_SubAlgorithm=3;CPXPARAM_MIP_Strategy_VariableSelect=2;CPXPARAM_Network_NetFind=2;CPXPARAM_Network_Pricing=0;CPXPARAM_Parallel=1;CPXPARAM_Preprocessing_Aggregator=-1;CPXPARAM_Preprocessing_BoundStrength=-1;CPXPARAM_Preprocessing_CoeffReduce=-1;CPXPARAM_Preprocessing_Dependency=-1;CPXPARAM_Preprocessing_Dual=0;CPXPARAM_Preprocessing_Fill=10;CPXPARAM_Preprocessing_NumPass=-1;CPXPARAM_Preprocessing_Presolve=1;CPXPARAM_Preprocessing_QPMakePSD=1;CPXPARAM_Preprocessing_Reduce=3;CPXPARAM_Preprocessing_Relax=-1;CPXPARAM_Preprocessing_RepeatPresolve=-1;CPXPARAM_Preprocessing_Symmetry=-1;CPXPARAM_Read_Scale=0;CPXPARAM_Sifting_Algorithm=0;CPXPARAM_Simplex_Crash=1;CPXPARAM_Simplex_DGradient=0;CPXPARAM_Simplex_Limits_Perturbation=0;CPXPARAM_Simplex_Limits_Singularity=10;CPXPARAM_Simplex_PGradient=0;CPXPARAM_Simplex_Pricing=0;CPXPARAM_Simplex_Refactor=0
9955158107618525470,0,CPXPARAM_Advance=1;CPXPARAM_Barrier_Algorithm=0;CPXPARAM_Barrier_ColNonzeros=0;CPXPARAM_Barrier_Crossover=0;CPXPARAM_Barrier_Limits_Corrections=-1;CPXPARAM_Barrier_Ordering=0;CPXPARAM_Barrier_StartAlg=1;CPXPARAM_Emphasis_MIP=5;CPXPARAM_Emphasis_Memory=0;CPXPARAM_Emphasis_Numerical=0;CPXPARAM_Feasopt_Mode=0;CPXPARAM_LPMethod=0;CPXPARAM_MIP_Cuts_Cliques=3;CPXPARAM_MIP_Cuts_Covers=2;CPXPARAM_MIP_Cuts_Disjunctive=-1;CPXPARAM_MIP_Cuts_FlowCovers=1;CPXPARAM_MIP_Cuts_GUBCovers=2;CPXPARAM_MIP_Cuts_Gomory=2;CPXPARAM_MIP_Cuts_Implied=1;CPXPARAM_MIP_Cuts_MIRCut=2;CPXPARAM_MIP_Cuts_PathCut=1;CPXPARAM_MIP_Limits_AggForCut=5;CPXPARAM_MIP_Limits_CutPasses=0;CPXPARAM_MIP_Limits_CutsFactor=-1;CPXPARAM_MIP_Limits_GomoryCand=50;CPXPARAM_MIP_Limits_GomoryPass=0;CPXPARAM_MIP_Limits_Nodes=9223372036800000000;CPXPARAM_MIP_Limits_ProbeTime=1e+75;CPXPARAM_MIP_Limits_RepairTries=0;CPXPARAM_MIP_Limits_StrongCand=10;CPXPARAM_MIP_Limits_StrongIt=0;CPXPARAM_MIP_OrderType=3;CPXPARAM_MIP_Strategy_BBInterval=7;CPXPARAM_MIP_Strategy_Branch=-1;CPXPARAM_MIP_Strategy_Dive=0;CPXPARAM_MIP_Strategy_File=1;CPXPARAM_MIP_Strategy_HeuristicFreq=0;CPXPARAM_MIP_Strategy_LBHeur=0;CPXPARAM_MIP_Strategy_NodeSelect=2;CPXPARAM_MIP_Strategy_Order=1;CPXPARAM_MIP_Strategy_PresolveNode=0;CPXPARAM_MIP_Strategy_Probe=3;CPXPARAM_MIP_Strategy_RINSHeur=0;CPXPARAM_MIP_Strategy_StartAlgorithm=0;CPXPARAM_MIP_Strategy_SubAlgorithm=2;CPXPARAM_MIP_Strategy_VariableSelect=1;CPXPARAM_Network_NetFind=2;CPXPARAM_Network_Pricing=0;CPXPARAM_Parallel=1;CPXPARAM_Preprocessing_Aggregator=-1;CPXPARAM_Preprocessing_BoundStrength=-1;CPXPARAM_Preprocessing_CoeffReduce=-1;CPXPARAM_Preprocessing_Dependency=-1;CPXPARAM_Preprocessing_Dual=0;CPXPARAM_Preprocessing_Fill=5;CPXPARAM_Preprocessing_NumPass=-1;CPXPARAM_Preprocessing_Presolve=1;CPXPARAM_Preprocessing_QPMakePSD=1;CPXPARAM_Preprocessing_Reduce=1;CPXPARAM_Preprocessing_Relax=-1;CPXPARAM_Preprocessing_RepeatPresolve=-1;CPXPARAM_Preprocessing_Symmetry=-1;CPXPARAM_Read_Scale=-1;CPXPARAM_Sifting_Algorithm=0;CPXPARAM_Simplex_Crash=1;CPXPARAM_Simplex_DGradient=0;CPXPARAM_Simplex_Limits_Perturbation=0;CPXPARAM_Simplex_Limits_Singularity=10;CPXPARAM_Simplex_PGradient=0;CPXPARAM_Simplex_Pricing=0;CPXPARAM_Simplex_Refactor=0
17783122486123586172,0,CPXPARAM_Advance=1;CPXPARAM_Barrier_Algorithm=0;CPXPARAM_Barrier_ColNonzeros=0;CPXPARAM_Barrier_Crossover=0;CPXPARAM_Barrier_Limits_Corrections=-1;CPXPARAM_Barrier_Ordering=0;CPXPARAM_Barrier_StartAlg=1;CPXPARAM_Emphasis_MIP=0;CPXPARAM_Emphasis_Memory=0;CPXPARAM_Emphasis_Numerical=0;CPXPARAM_Feasopt_Mode=0;CPXPARAM_LPMethod=0;CPXPARAM_MIP_Cuts_Cliques=1;CPXPARAM_MIP_Cuts_Covers=0;CPXPARAM_MIP_Cuts_Disjunctive=1;CPXPARAM_MIP_Cuts_FlowCovers=0;CPXPARAM_MIP_Cuts_GUBCovers=-1;CPXPARAM_MIP_Cuts_Gomory=0;CPXPARAM_MIP_Cuts_Implied=2;CPXPARAM_MIP_Cuts_MIRCut=1;CPXPARAM_MIP_Cuts_PathCut=0;CPXPARAM_MIP_Limits_AggForCut=3;CPXPARAM_MIP_Limits_CutPasses=0;CPXPARAM_MIP_Limits_CutsFactor=-1;CPXPARAM_MIP_Limits_GomoryCand=800;CPXPARAM_MIP_Limits_GomoryPass=0;CPXPARAM_MIP_Limits_Nodes=9223372036800000000;CPXPARAM_MIP_Limits_ProbeTime=1e+75;CPXPARAM_MIP_Limits_RepairTries=0;CPXPARAM_MIP_Limits_StrongCand=10;CPXPARAM_MIP_Limits_StrongIt=0;CPXPARAM_MIP_OrderType=0;CPXPARAM_MIP_Strategy_BBInterval=7;CPXPARAM_MIP_Strategy_Branch=1;CPXPARAM_MIP_Strategy_Dive=0;CPXPARAM_MIP_Strategy_File=1;CPXPARAM_MIP_Strategy_HeuristicFreq=0;CPXPARAM_MIP_Strategy_LBHeur=0;CPXPARAM_MIP_Strategy_NodeSelect=1;CPXPARAM_MIP_Strategy_Order=1;CPXPARAM_MIP_Strategy_PresolveNode=2;CPXPARAM_MIP_Strategy_Probe=0;CPXPARAM_MIP_Strategy_RINSHeur=0;CPXPARAM_MIP_Strategy_StartAlgorithm=0;CPXPARAM_MIP_Strategy_SubAlgorithm=0;CPXPARAM_MIP_Strategy_VariableSelect=2;CPXPARAM_Network_NetFind=2;CPXPARAM_Network_Pricing=0;CPXPARAM_Parallel=1;CPXPARAM_Preprocessing_Aggregator=-1;CPXPARAM_Preprocessing_BoundStrength=-1;CPXPARAM_Preprocessing_CoeffReduce=-1;CPXPARAM_Preprocessing_Dependency=-1;CPXPARAM_Preprocessing_Dual=0;CPXPARAM_Preprocessing_Fill=10;CPXPARAM_Preprocessing_NumPass=-1;CPXPARAM_Preprocessing_Presolve=1;CPXPARAM_Preprocessing_QPMakePSD=1;CPXPARAM_Preprocessing_Reduce=3;CPXPARAM_Preprocessing_Relax=-1;CPXPARAM_Preprocessing_RepeatPresolve=-1;CPXPARAM_Preprocessing_Symmetry=-1;CPXPARAM_Read_Scale=0;CPXPARAM_Sifting_Algorithm=0;CPXPARAM_Simplex_Crash=1;CPXPARAM_Simplex_DGradient=0;CPXPARAM_Simplex_Limits_Perturbation=0;CPXPARAM_Simplex_Limits_Singularity=10;CPXPARAM_Simplex_PGradient=0;CPXPARAM_Simplex_Pricing=0;CPXPARAM_Simplex_Refactor=0
16056483109432993112,0,CPXPARAM_Advance=1;CPXPARAM_Barrier_Algorithm=0;CPXPARAM_Barrier_ColNonzeros=0;CPXPARAM_Barrier_Crossover=0;CPXPARAM_Barrier_Limits_Corrections=-1;CPXPARAM_Barrier_Ordering=0;CPXPARAM_Barrier_StartAlg=1;CPXPARAM_Emphasis_MIP=0;CPXPARAM_Emphasis_Memory=0;CPXPARAM_Emphasis_Numerical=0;CPXPARAM_Feasopt_Mode=0;CPXPARAM_LPMethod=0;CPXPARAM_MIP_Cuts_Cliques=3;CPXPARAM_MIP_Cuts_Covers=-1;CPXPARAM_MIP_Cuts_Disjunctive=0;CPXPARAM_MIP_Cuts_FlowCovers=0;CPXPARAM_MIP_Cuts_GUBCovers=-1;CPXPARAM_MIP_Cuts_Gomory=0;CPXPARAM_MIP_Cuts_Implied=1;CPXPARAM_MIP_Cuts_MIRCut=-1;CPXPARAM_MIP_Cuts_PathCut=-1;CPXPARAM_MIP_Limits_AggForCut=3;CPXPARAM_MIP_Limits_CutPasses=0;CPXPARAM_MIP_Limits_CutsFactor=-1;CPXPARAM_MIP_Limits_GomoryCand=50;CPXPARAM_MIP_Limits_GomoryPass=0;CPXPARAM_MIP_Limits_Nodes=9223372036800000000;CPXPARAM_MIP_Limits_ProbeTime=1e+75;CPXPARAM_MIP_Limits_RepairTries=0;CPXPARAM_MIP_Limits_StrongCand=10;CPXPARAM_MIP_Limits_StrongIt=0;CPXPARAM_MIP_OrderType=0;CPXPARAM_MIP_Strategy_BBInterval=7;CPXPARAM_MIP_Strategy_Branch=-1;CPXPARAM_MIP_Strategy_Dive=0;CPXPARAM_MIP_Strategy_File=1;CPXPARAM_MIP_Strategy_HeuristicFreq=0;CPXPARAM_MIP_Strategy_LBHeur=0;CPXPARAM_MIP_Strategy_NodeSelect=0;CPXPARAM_MIP_Strategy_Order=1;CPXPARAM_MIP_Strategy_PresolveNode=-1;CPXPARAM_MIP_Strategy_Probe=2;CPXPARAM_MIP_Strategy_RINSHeur=0;CPXPARAM_MIP_Strategy_StartAlgorithm=0;CPXPARAM_MIP_Strategy_SubAlgorithm=0;CPXPARAM_MIP_Strategy_VariableSelect=4;CPXPARAM_Network_NetFind=2;CPXPARAM_Network_Pricing=0;CPXPARAM_Parallel=1;CPXPARAM_Preprocessing_Aggregator=-1;CPXPARAM_Preprocessing_BoundStrength=-1;CPXPARAM_Preprocessing_CoeffReduce=-1;CPXPARAM_Preprocessing_Dependency=-1;CPXPARAM_Preprocessing_Dual=0;CPXPARAM_Preprocessing_Fill=40;CPXPARAM_Preprocessing_NumPass=-1;CPXPARAM_Preprocessing_Presolve=1;CPXPARAM_Preprocessing_QPMakePSD=1;CPXPARAM_Preprocessing_Reduce=3;CPXPARAM_Preprocessing_Relax=-1;CPXPARAM_Preprocessing_RepeatPresolve=-1;CPXPARAM_Preprocessing_Symmetry=-1;CPXPARAM_Read_Scale=0;CPXPARAM_Sifting_Algorithm=0;CPXPARAM_Simplex_Crash=1;CPXPARAM_Simplex_DGradient=0;CPXPARAM_Simplex_Limits_Perturbation=0;CPXPARAM_Simplex_Limits_Singularity=10;CPXPARAM_Simplex_PGradient=0;CPXPARAM_Simplex_Pricing=0;CPXPARAM_Simplex_Refactor=0
1389932570586476295,0,CPXPARAM_Advance=1;CPXPARAM_Barrier_Algorithm=0;CPXPARAM_Barrier_ColNonzeros=0;CPXPARAM_Barrier_Crossover=0;CPXPARAM_Barrier_Limits_Corrections=-1;CPXPARAM_Barrier_Ordering=0;CPXPARAM_Barrier_StartAlg=1;CPXPARAM_Emphasis_MIP=0;CPXPARAM_Emphasis_Memory=0;CPXPARAM_Emphasis_Numerical=0;CPXPARAM_Feasopt_Mode=0;CPXPARAM_LPMethod=0;CPXPARAM_MIP_Cuts_Cliques=0;CPXPARAM_MIP_Cuts_Covers=-1;CPXPARAM_MIP_Cuts_Disjunctive=0;CPXPARAM_MIP_Cuts_FlowCovers=-1;CPXPARAM_MIP_Cuts_GUBCovers=2;CPXPARAM_MIP_Cuts_Gomory=2;CPXPARAM_MIP_Cuts_Implied=-1;CPXPARAM_MIP_Cuts_MIRCut=2;CPXPARAM_MIP_Cuts_PathCut=-1;CPXPARAM_MIP_Limits_AggForCut=2;CPXPARAM_MIP_Limits_CutPasses=0;CPXPARAM_MIP_Limits_CutsFactor=-1;CPXPARAM_MIP_Limits_GomoryCand=200;CPXPARAM_MIP_Limits_GomoryPass=0;CPXPARAM_MIP_Limits_Nodes=9223372036800000000;CPXPARAM_MIP_Limits_ProbeTime=1e+75;CPXPARAM_MIP_Limits_RepairTries=0;CPXPARAM_MIP_Limits_StrongCand=10;CPXPARAM_MIP_Limits_StrongIt=0;CPXPARAM_MIP_OrderType=0;CPXPARAM_MIP_Strategy_BBInterval=7;CPXPARAM_MIP_Strategy_Branch=-1;CPXPARAM_MIP_Strategy_Dive=0;CPXPARAM_MIP_Strategy_File=1;CPXPARAM_MIP_Strategy_HeuristicFreq=0;CPXPARAM_MIP_Strategy_LBHeur=0;CPXPARAM_MIP_Strategy_NodeSelect=0;CPXPARAM_MIP_Strategy_Order=1;CPXPARAM_MIP_Strategy_PresolveNode=0;CPXPARAM_MIP_Strategy_Probe=2;CPXPARAM_MIP_Strategy_RINSHeur=0;CPXPARAM_MIP_Strategy_StartAlgorithm=0;CPXPARAM_MIP_Strategy_SubAlgorithm=3;CPXPARAM_MIP_Strategy_VariableSelect=1;CPXPARAM_Network_NetFind=2;CPXPARAM_Network_Pricing=0;CPXPARAM_Parallel=1;CPXPARAM_Preprocessing_Aggregator=-1;CPXPARAM_Preprocessing_BoundStrength=-1;CPXPARAM_Preprocessing_CoeffReduce=-1;CPXPARAM_Preprocessing_Dependency=-1;CPXPARAM_Preprocessing_Dual=0;CPXPARAM_Preprocessing_Fill=5;CPXPARAM_Preprocessing_NumPass=-1;CPXPARAM_Preprocessing_Presolve=1;CPXPARAM_Preprocessing_QPMakePSD=1;CPXPARAM_Preprocessing_Reduce=3;CPXPARAM_Preprocessing_Relax=-1;CPXPARAM_Preprocessing_RepeatPresolve=-1;CPXPARAM_Preprocessing_Symmetry=-1;CPXPARAM_Read_Scale=0;CPXPARAM_Sifting_Algorithm=0;CPXPARAM_Simplex_Crash=1;CPXPARAM_Simplex_DGradient=0;CPXPARAM_Simplex_Limits_Perturbation=0;CPXPARAM_Simplex_Limits_Singularity=10;CPXPARAM_Simplex_PGradient=0;CPXPARAM_Simplex_Pricing=0;CPXPARAM_Simplex_Refactor=0
10579689881645609522,0,CPXPARAM_Advance=1;CPXPARAM_Barrier_Algorithm=0;CPXPARAM_Barrier_ColNonzeros=0;CPXPARAM_Barrier_Crossover=0;CPXPARAM_Barrier_Limits_Corrections=-1;CPXPARAM_Barrier_Ordering=0;CPXPARAM_Barrier_StartAlg=1;CPXPARAM_Emphasis_MIP=4;CPXPARAM_Emphasis_Memory=0;CPXPARAM_Emphasis_Numerical=0;CPXPARAM_Feasopt_Mode=0;CPXPARAM_LPMethod=0;CPXPARAM_MIP_Cuts_Cliques=0;CPXPARAM_MIP_Cuts_Covers=1;CPXPARAM_MIP_Cuts_Disjunctive=0;CPXPARAM_MIP_Cuts_FlowCovers=2;CPXPARAM_MIP_Cuts_GUBCovers=2;CPXPARAM_MIP_Cuts_Gomory=0;CPXPARAM_MIP_Cuts_Implied=0;CPXPARAM_MIP_Cuts_MIRCut=-1;CPXPARAM_MIP_Cuts_PathCut=1;CPXPARAM_MIP_Limits_AggForCut=3;CPXPARAM_MIP_Limits_CutPasses=0;CPXPARAM_MIP_Limits_CutsFactor=-1;CPXPARAM_MIP_Limits_GomoryCand=150;CPXPARAM_MIP_Limits_GomoryPass=0;CPXPARAM_MIP_Limits_Nodes=9223372036800000000;CPXPARAM_MIP_Limits_ProbeTime=1e+75;CPXPARAM_MIP_Limits_RepairTries=0;CPXPARAM_MIP_Limits_StrongCand=10;CPXPARAM_MIP_Limits_StrongIt=0;CPXPARAM_MIP_OrderType=0;CPXPARAM_MIP_Strategy_BBInterval=7;CPXPARAM_MIP_Strategy_Branch=0;CPXPARAM_MIP_Strategy_Dive=0;CPXPARAM_MIP_Strategy_File=1;CPXPARAM_MIP_Strategy_HeuristicFreq=0;CPXPARAM_MIP_Strategy_LBHeur=0;CPXPARAM_MIP_Strategy_NodeSelect=1;CPXPARAM_MIP_Strategy_Order=1;CPXPARAM_MIP_Strategy_PresolveNode=0;CPXPARAM_MIP_Strategy_Probe=0;CPXPARAM_MIP_Strategy_RINSHeur=0;CPXPARAM_MIP_Strategy_StartAlgorithm=0;CPXPARAM_MIP_Strategy_SubAlgorithm=0;CPXPARAM_MIP_Strategy_VariableSelect=0;CPXPARAM_Network_NetFind=2;CPXPARAM_Network_Pricing=0;CPXPARAM_Parallel=1;CPXPARAM_Preprocessing_Aggregator=-1;CPXPARAM_Preprocessing_BoundStrength=-1;CPXPARAM_Preprocessing_CoeffReduce=-1;CPXPARAM_Preprocessing_Dependency=-1;CPXPARAM_Preprocessing_Dual=0;CPXPARAM_Preprocessing_Fill=40;CPXPARAM_Preprocessing_NumPass=-1;CPXPARAM_Preprocessing_Presolve=1;CPXPARAM_Preprocessing_QPMakePSD=1;CPXPARAM_Preprocessing_Reduce=3;CPXPARAM_Preprocessing_Relax=-1;CPXPARAM_Preprocessing_RepeatPresolve=-1;CPXPARAM_Preprocessing_Symmetry=-1;CPXPARAM_Read_Scale=0;CPXPARAM_Sifting_Algorithm=0;CPXPARAM_Simplex_Crash=1;CPXPARAM_Simplex_DGradient=0;CPXPARAM_Simplex_Limits_Perturbation=0;CPXPARAM_Simplex_Limits_Singularity=10;CPXPARAM_Simplex_PGradient=0;CPXPARAM_Simplex_Pricing=0;CPXPARAM_Simplex_Refactor=0
12310889853684188866,0,CPXPARAM_Advance=1;CPXPARAM_Barrier_Algorithm=0;CPXPARAM_Barrier_ColNonzeros=0;CPXPARAM_Barrier_Crossover=0;CPXPARAM_Barrier_Limits_Corrections=-1;CPXPARAM_Barrier_Ordering=0;CPXPARAM_Barrier_StartAlg=1;CPXPARAM_Emphasis_MIP=0;CPXPARAM_Emphasis_Memory=0;CPXPARAM_Emphasis_Numerical=0;CPXPARAM_Feasopt_Mode=0;CPXPARAM_LPMethod=0;CPXPARAM_MIP_Cuts_Cliques=3;CPXPARAM_MIP_Cuts_Covers=-1;CPXPARAM_MIP_Cuts_Disjunctive=0;CPXPARAM_MIP_Cuts_FlowCovers=0;CPXPARAM_MIP_Cuts_GUBCovers=-1;CPXPARAM_MIP_Cuts_Gomory=0;CPXPARAM_MIP_Cuts_Implied=1;CPXPARAM_MIP_Cuts_MIRCut=-1;CPXPARAM_MIP_Cuts_PathCut=-1;CPXPARAM_MIP_Limits_AggForCut=3;CPXPARAM_MIP_Limits_CutPasses=0;CPXPARAM_MIP_Limits_CutsFactor=-1;CPXPARAM_MIP_Limits_GomoryCand=50;CPXPARAM_MIP_Limits_GomoryPass=0;CPXPARAM_MIP_Limits_Nodes=9223372036800000000;CPXPARAM_MIP_Limits_ProbeTime=1e+75;CPXPARAM_MIP_Limits_RepairTries=0;CPXPARAM_MIP_Limits_StrongCand=10;CPXPARAM_MIP_Limits_StrongIt=0;CPXPARAM_MIP_OrderType=0;CPXPARAM_MIP_Strategy_BBInterval=7;CPXPARAM_MIP_Strategy_Branch=-1;CPXPARAM_MIP_Strategy_Dive=0;CPXPARAM_MIP_Strategy_File=1;CPXPARAM_MIP_Strategy_HeuristicFreq=0;CPXPARAM_MIP_Strategy_LBHeur=0;CPXPARAM_MIP_Strategy_NodeSelect=0;CPXPARAM_MIP_Strategy_Order=1;CPXPARAM_MIP_Strategy_PresolveNode=-1;CPXPARAM_MIP_Strategy_Probe=2;CPXPARAM_MIP_Strategy_RINSHeur=0;CPXPARAM_MIP_Strategy_StartAlgorithm=0;CPXPARAM_MIP_Strategy_SubAlgorithm=0;CPXPARAM_MIP_Strategy_VariableSelect=1;CPXPARAM_Network_NetFind=2;CPXPARAM_Network_Pricing=0;CPXPARAM_Parallel=1;CPXPARAM_Preprocessing_Aggregator=-1;CPXPARAM_Preprocessing_BoundStrength=-1;CPXPARAM_Preprocessing_CoeffReduce=-1;CPXPARAM_Preprocessing_Dependency=-1;CPXPARAM_Preprocessing_Dual=0;CPXPARAM_Preprocessing_Fill=40;CPXPARAM_Preprocessing_NumPass=-1;CPXPARAM_Preprocessing_Presolve=1;CPXPARAM_Preprocessing_QPMakePSD=1;CPXPARAM_Preprocessing_Reduce=3;CPXPARAM_Preprocessing_Relax=-1;CPXPARAM_Preprocessing_RepeatPresolve=-1;CPXPARAM_Preprocessing_Symmetry=-1;CPXPARAM_Read_Scale=0;CPXPARAM_Sifting_Algorithm=0;CPXPARAM_Simplex_Crash=1;CPXPARAM_Simplex_DGradient=0;CPXPARAM_Simplex_Limits_Perturbation=0;CPXPARAM_Simplex_Limits_Singularity=10;CPXPARAM_Simplex_PGradient=0;CPXPARAM_Simplex_Pricing=0;CPXPARAM_Simplex_Refactor=0
4006035624249209897,0,CPXPARAM_Advance=1;CPXPARAM_Barrier_Algorithm=0;CPXPARAM_Barrier_ColNonzeros=0;CPXPARAM_Barrier_Crossover=0;CPXPARAM_Barrier_Limits_Corrections=-1;CPXPARAM_Barrier_Ordering=0;CPXPARAM_Barrier_StartAlg=1;CPXPARAM_Emphasis_MIP=0;CPXPARAM_Emphasis_Memory=0;CPXPARAM_Emphasis_Numerical=0;CPXPARAM_Feasopt_Mode=0;CPXPARAM_LPMethod=0;CPXPARAM_MIP_Cuts_Cliques=3;CPXPARAM_MIP_Cuts_Covers=-1;CPXPARAM_MIP_Cuts_Disjunctive=0;CPXPARAM_MIP_Cuts_FlowCovers=0;CPXPARAM_MIP_Cuts_GUBCovers=-1;CPXPARAM_MIP_Cuts_Gomory=0;CPXPARAM_MIP_Cuts_Implied=1;CPXPARAM_MIP_Cuts_MIRCut=-1;CPXPARAM_MIP_Cuts_PathCut=-1;CPXPARAM_MIP_Limits_AggForCut=3;CPXPARAM_MIP_Limits_CutPasses=0;CPXPARAM_MIP_Limits_CutsFactor=-1;CPXPARAM_MIP_Limits_GomoryCand=200;CPXPARAM_MIP_Limits_GomoryPass=0;CPXPARAM_MIP_Limits_Nodes=9223372036800000000;CPXPARAM_MIP_Limits_ProbeTime=1e+75;CPXPARAM_MIP_Limits_RepairTries=0;CPXPARAM_MIP_Limits_StrongCand=10;CPXPARAM_MIP_Limits_StrongIt=0;CPXPARAM_MIP_OrderType=0;CPXPARAM_MIP_Strategy_BBInterval=7;CPXPARAM_MIP_Strategy_Branch=-1;CPXPARAM_MIP_Strategy_Dive=0;CPXPARAM_MIP_Strategy_File=1;CPXPARAM_MIP_Strategy_HeuristicFreq=0;CPXPARAM_MIP_Strategy_LBHeur=0;CPXPARAM_MIP_Strategy_NodeSelect=0;CPXPARAM_MIP_Strategy_Order=1;CPXPARAM_MIP_Strategy_PresolveNode=-1;CPXPARAM_MIP_Strategy_Probe=2;CPXPARAM_MIP_Strategy_RINSHeur=0;CPXPARAM_MIP_Strategy_StartAlgorithm=0;CPXPARAM_MIP_Strategy_SubAlgorithm=0;CPXPARAM_MIP_Strategy_VariableSelect=1;CPXPARAM_Network_NetFind=2;CPXPARAM_Network_Pricing=0;CPXPARAM_Parallel=1;CPXPARAM_Preprocessing_Aggregator=-1;CPXPARAM_Preprocessing_BoundStrength=-1;CPXPARAM_Preprocessing_CoeffReduce=-1;CPXPARAM_Preprocessing_Dependency=-1;CPXPARAM_Preprocessing_Dual=0;CPXPARAM_Preprocessing_Fill=40;CPXPARAM_Preprocessing_NumPass=-1;CPXPARAM_Preprocessing_Presolve=1;CPXPARAM_Preprocessing_QPMakePSD=1;CPXPARAM_Preprocessing_Reduce=3;CPXPARAM_Preprocessing_Relax=-1;CPXPARAM_Preprocessing_RepeatPresolve=-1;CPXPARAM_Preprocessing_Symmetry=-1;CPXPARAM_Read_Scale=0;CPXPARAM_Sifting_Algorithm=0;CPXPARAM_Simplex_Crash=1;CPXPARAM_Simplex_DGradient=0;CPXPARAM_Simplex_Limits_Perturbation=0;CPXPARAM_Simplex_Limits_Singularity=10;CPXPARAM_Simplex_PGradient=0;CPXPARAM_Simplex_Pricing=0;CPXPARAM_Simplex_Refactor=0
10355522352363547807,0,CPXPARAM_Advance=1;CPXPARAM_Barrier_Algorithm=0;CPXPARAM_Barrier_ColNonzeros=0;CPXPARAM_Barrier_Crossover=0;CPXPARAM_Barrier_Limits_Corrections=-1;CPXPARAM_Barrier_Ordering=0;CPXPARAM_Barrier_StartAlg=1;CPXPARAM_Emphasis_MIP=0;CPXPARAM_Emphasis_Memory=0;CPXPARAM_Emphasis_Numerical=0;CPXPARAM_Feasopt_Mode=0;CPXPARAM_LPMethod=0;CPXPARAM_MIP_Cuts_Cliques=3;CPXPARAM_MIP_Cuts_Covers=-1;CPXPARAM_MIP_Cuts_Disjunctive=-1;CPXPARAM_MIP_Cuts_FlowCovers=-1;CPXPARAM_MIP_Cuts_GUBCovers=1;CPXPARAM_MIP_Cuts_Gomory=2;CPXPARAM_MIP_Cuts_Implied=-1;CPXPARAM_MIP_Cuts_MIRCut=1;CPXPARAM_MIP_Cuts_PathCut=-1;CPXPARAM_MIP_Limits_AggForCut=5;CPXPARAM_MIP_Limits_CutPasses=0;CPXPARAM_MIP_Limits_CutsFactor=-1;CPXPARAM_MIP_Limits_GomoryCand=200;CPXPARAM_MIP_Limits_GomoryPass=0;CPXPARAM_MIP_Limits_Nodes=9223372036800000000;CPXPARAM_MIP_Limits_ProbeTime=1e+75;CPXPARAM_MIP_Limits_RepairTries=0;CPXPARAM_MIP_Limits_StrongCand=10;CPXPARAM_MIP_Limits_StrongIt=0;CPXPARAM_MIP_OrderType=1;CPXPARAM_MIP_Strategy_BBInterval=7;CPXPARAM_MIP_Strategy_Branch=-1;CPXPARAM_MIP_Strategy_Dive=0;CPXPARAM_MIP_Strategy_File=1;CPXPARAM_MIP_Strategy_HeuristicFreq=0;CPXPARAM_MIP_Strategy_LBHeur=0;CPXPARAM_MIP_Strategy_NodeSelect=3;CPXPARAM_MIP_Strategy_Order=1;CPXPARAM_MIP_Strategy_PresolveNode=-1;CPXPARAM_MIP_Strategy_Probe=0;CPXPARAM_MIP_Strategy_RINSHeur=0;CPXPARAM_MIP_Strategy_StartAlgorithm=0;CPXPARAM_MIP_Strategy_SubAlgorithm=0;CPXPARAM_MIP_Strategy_VariableSelect=0;CPXPARAM_Network_NetFind=2;CPXPARAM_Network_Pricing=0;CPXPARAM_Parallel=1;CPXPARAM_Preprocessing_Aggregator=-1;CPXPARAM_Preprocessing_BoundStrength=-1;CPXPARAM_Preprocessing_CoeffReduce=-1;CPXPARAM_Preprocessing_Dependency=-1;CPXPARAM_Preprocessing_Dual=0;CPXPARAM_Preprocessing_Fill=10;CPXPARAM_Preprocessing_NumPass=-1;CPXPARAM_Preprocessing_Presolve=1;CPXPARAM_Preprocessing_QPMakePSD=1;CPXPARAM_Preprocessing_Reduce=2;CPXPARAM_Preprocessing_Relax=-1;CPXPARAM_Preprocessing_RepeatPresolve=-1;CPXPARAM_Preprocessing_Symmetry=-1;CPXPARAM_Read_Scale=0;CPXPARAM_Sifting_Algorithm=0;CPXPARAM_Simplex_Crash=1;CPXPARAM_Simplex_DGradient=0;CPXPARAM_Simplex_Limits_Perturbation=0;CPXPARAM_Simplex_Limits_Singularity=10;CPXPARAM_Simplex_PGradient=0;CPXPARAM_Simplex_Pricing=0;CPXPARAM_Simplex_Refactor=0
11783833909700916287,0,CPXPARAM_Advance=1;CPXPARAM_Barrier_Algorithm=0;CPXPARAM_Barrier_ColNonzeros=0;CPXPARAM_Barrier_Crossover=0;CPXPARAM_Barrier_Limits_Corrections=-1;CPXPARAM_Barrier_Ordering=0;CPXPARAM_Barrier_StartAlg=1;CPXPARAM_Emphasis_MIP=0;CPXPARAM_Emphasis_Memory=0;CPXPARAM_Emphasis_Numerical=0;CPXPARAM_Feasopt_Mode=0;CPXPARAM_LPMethod=0;CPXPARAM_MIP_Cuts_Cliques=2;CPXPARAM_MIP_Cuts_Covers=-1;CPXPARAM_MIP_Cuts_Disjunctive=0;CPXPARAM_MIP_Cuts_FlowCovers=0;CPXPARAM_MIP_Cuts_GUBCovers=-1;CPXPARAM_MIP_Cuts_Gomory=0;CPXPARAM_MIP_Cuts_Implied=1;CPXPARAM_MIP_Cuts_MIRCut=-1;CPXPARAM_MIP_Cuts_PathCut=-1;CPXPARAM_MIP_Limits_AggForCut=3;CPXPARAM_MIP_Limits_CutPasses=0;CPXPARAM_MIP_Limits_CutsFactor=-1;CPXPARAM_MIP_Limits_GomoryCand=200;CPXPARAM_MIP_Limits_GomoryPass=0;CPXPARAM_MIP_Limits_Nodes=9223372036800000000;CPXPARAM_MIP_Limits_ProbeTime=1e+75;CPXPARAM_MIP_Limits_RepairTries=0;CPXPARAM_MIP_Limits_StrongCand=10;CPXPARAM_MIP_Limits_StrongIt=0;CPXPARAM_MIP_OrderType=0;CPXPARAM_MIP_Strategy_BBInterval=7;CPXPARAM_MIP_Strategy_Branch=-1;CPXPARAM_MIP_Strategy_Dive=0;CPXPARAM_MIP_Strategy_File=1;CPXPARAM_MIP_Strategy_HeuristicFreq=0;CPXPARAM_MIP_Strategy_LBHeur=0;CPXPARAM_MIP_Strategy_NodeSelect=0;CPXPARAM_MIP_Strategy_Order=1;CPXPARAM_MIP_Strategy_PresolveNode=-1;CPXPARAM_MIP_Strategy_Probe=2;CPXPARAM_MIP_Strategy_RINSHeur=0;CPXPARAM_MIP_Strategy_StartAlgorithm=0;CPXPARAM_MIP_Strategy_SubAlgorithm=0;CPXPARAM_MIP_Strategy_VariableSelect=1;CPXPARAM_Network_NetFind=2;CPXPARAM_Network_Pricing=0;CPXPARAM_Parallel=1;CPXPARAM_Preprocessing_Aggregator=-1;CPXPARAM_Preprocessing_BoundStrength=-1;CPXPARAM_Preprocessing_CoeffReduce=-1;CPXPARAM_Preprocessing_Dependency=-1;CPXPARAM_Preprocessing_Dual=0;CPXPARAM_Preprocessing_Fill=40;CPXPARAM_Preprocessing_NumPass=-1;CPXPARAM_Preprocessing_Presolve=1;CPXPARAM_Preprocessing_QPMakePSD=1;CPXPARAM_Preprocessing_Reduce=3;CPXPARAM_Preprocessing_Relax=-1;CPXPARAM_Preprocessing_RepeatPresolve=-1;CPXPARAM_Preprocessing_Symmetry=-1;CPXPARAM_Read_Scale=0;CPXPARAM_Sifting_Algorithm=0;CPXPARAM_Simplex_Crash=1;CPXPARAM_Simplex_DGradient=0;CPXPARAM_Simplex_Limits_Perturbation=0;CPXPARAM_Simplex_Limits_Singularity=10;CPXPARAM_Simplex_PGradient=0;CPXPARAM_Simplex_Pricing=0;CPXPARAM_Simplex_Refactor=0
8222841071261934014,0,CPXPARAM_Advance=1;CPXPARAM_Barrier_Algorithm=0;CPXPARAM_Barrier_ColNonzeros=0;CPXPARAM_Barrier_Crossover=0;CPXPARAM_Barrier_Limits_Corrections=-1;CPXPARAM_Barrier_Ordering=0;CPXPARAM_Barrier_StartAlg=1;CPXPARAM_Emphasis_MIP=0;CPXPARAM_Emphasis_Memory=0;CPXPARAM_Emphasis_Numerical=0;CPXPARAM_Feasopt_Mode=0;CPXPARAM_LPMethod=0;CPXPARAM_MIP_Cuts_Cliques=2;CPXPARAM_MIP_Cuts_Covers=-1;CPXPARAM_MIP_Cuts_Disjunctive=0;CPXPARAM_MIP_Cuts_FlowCovers=2;CPXPARAM_MIP_Cuts_GUBCovers=0;CPXPARAM_MIP_Cuts_Gomory=-1;CPXPARAM_MIP_Cuts_Implied=1;CPXPARAM_MIP_Cuts_MIRCut=1;CPXPARAM_MIP_Cuts_PathCut=0;CPXPARAM_MIP_Limits_AggForCut=3;CPXPARAM_MIP_Limits_CutPasses=0;CPXPARAM_MIP_Limits_CutsFactor=-1;CPXPARAM_MIP_Limits_GomoryCand=10;CPXPARAM_MIP_Limits_GomoryPass=0;CPXPARAM_MIP_Limits_Nodes=9223372036800000000;CPXPARAM_MIP_Limits_ProbeTime=1e+75;CPXPARAM_MIP_Limits_RepairTries=0;CPXPARAM_MIP_Limits_StrongCand=10;CPXPARAM_MIP_Limits_StrongIt=0;CPXPARAM_MIP_OrderType=0;CPXPARAM_MIP_Strategy_BBInterval=7;CPXPARAM_MIP_Strategy_Branch=0;CPXPARAM_MIP_Strategy_Dive=0;CPXPARAM_MIP_Strategy_File=1;CPXPARAM_MIP_Strategy_HeuristicFreq=0;CPXPARAM_MIP_Strategy_LBHeur=0;CPXPARAM_MIP_Strategy_NodeSelect=2;CPXPARAM_MIP_Strategy_Order=1;CPXPARAM_MIP_Strategy_PresolveNode=2;CPXPARAM_MIP_Strategy_Probe=0;CPXPARAM_MIP_Strategy_RINSHeur=0;CPXPARAM_MIP_Strategy_StartAlgorithm=0;CPXPARAM_MIP_Strategy_SubAlgorithm=0;CPXPARAM_MIP_Strategy_VariableSelect=4;CPXPARAM_Network_NetFind=2;CPXPARAM_Network_Pricing=0;CPXPARAM_Parallel=1;CPXPARAM_Preprocessing_Aggregator=-1;CPXPARAM_Preprocessing_BoundStrength=-1;CPXPARAM_Preprocessing_CoeffReduce=-1;CPXPARAM_Preprocessing_Dependency=-1;CPXPARAM_Preprocessing_Dual=0;CPXPARAM_Preprocessing_Fill=10;CPXPARAM_Preprocessing_NumPass=-1;CPXPARAM_Preprocessing_Presolve=1;CPXPARAM_Preprocessing_QPMakePSD=1;CPXPARAM_Preprocessing_Reduce=3;CPXPARAM_Preprocessing_Relax=-1;CPXPARAM_Preprocessing_RepeatPresolve=-1;CPXPARAM_Preprocessing_Symmetry=-1;CPXPARAM_Read_Scale=0;CPXPARAM_Sifting_Algorithm=0;CPXPARAM_Simplex_Crash=1;CPXPARAM_Simplex_DGradient=0;CPXPARAM_Simplex_Limits_Perturbation=0;CPXPARAM_Simplex_Limits_Singularity=10;CPXPARAM_Simplex_PGradient=0;CPXPARAM_Simplex_Pricing=0;CPXPARAM_Simplex_Refactor=0
9759582117471818554,0,CPXPARAM_Advance=1;CPXPARAM_Barrier_Algorithm=0;CPXPARAM_Barrier_ColNonzeros=0;CPXPARAM_Barrier_Crossover=0;CPXPARAM_Barrier_Limits_Corrections=-1;CPXPARAM_Barrier_Ordering=0;CPXPARAM_Barrier_StartAlg=1;CPXPARAM_Emphasis_MIP=3;CPXPARAM_Emphasis_Memory=0;CPXPARAM_Emphasis_Numerical=0;CPXPARAM_Feasopt_Mode=0;CPXPARAM_LPMethod=0;CPXPARAM_MIP_Cuts_Cliques=-1;CPXPARAM_MIP_Cuts_Covers=0;CPXPARAM_MIP_Cuts_Disjunctive=1;CPXPARAM_MIP_Cuts_FlowCovers=1;CPXPARAM_MIP_Cuts_GUBCovers=0;CPXPARAM_MIP_Cuts_Gomory=-1;CPXPARAM_MIP_Cuts_Implied=-1;CPXPARAM_MIP_Cuts_MIRCut=-1;CPXPARAM_MIP_Cuts_PathCut=-1;CPXPARAM_MIP_Limits_AggForCut=3;CPXPARAM_MIP_Limits_CutPasses=0;CPXPARAM_MIP_Limits_CutsFactor=-1;CPXPARAM_MIP_Limits_GomoryCand=200;CPXPARAM_MIP_Limits_GomoryPass=0;CPXPARAM_MIP_Limits_Nodes=9223372036800000000;CPXPARAM_MIP_Limits_ProbeTime=1e+75;CPXPARAM_MIP_Limits_RepairTries=0;CPXPARAM_MIP_Limits_StrongCand=10;CPXPARAM_MIP_Limits_StrongIt=0;CPXPARAM_MIP_OrderType=0;CPXPARAM_MIP_Strategy_BBInterval=7;CPXPARAM_MIP_Strategy_Branch=0;CPXPARAM_MIP_Strategy_Dive=0;CPXPARAM_MIP_Strategy_File=1;CPXPARAM_MIP_Strategy_HeuristicFreq=0;CPXPARAM_MIP_Strategy_LBHeur=0;CPXPARAM_MIP_Strategy_NodeSelect=1;CPXPARAM_MIP_Strategy_Order=1;CPXPARAM_MIP_Strategy_PresolveNode=0;CPXPARAM_MIP_Strategy_Probe=0;CPXPARAM_MIP_Strategy_RINSHeur=0;CPXPARAM_MIP_Strategy_StartAlgorithm=0;CPXPARAM_MIP_Strategy_SubAlgorithm=0;CPXPARAM_MIP_Strategy_VariableSelect=0;CPXPARAM_Network_NetFind=2;CPXPARAM_Network_Pricing=0;CPXPARAM_Parallel=1;CPXPARAM_Preprocessing_Aggregator=-1;CPXPARAM_Preprocessing_BoundStrength=-1;CPXPARAM_Preprocessing_CoeffReduce=-1;CPXPARAM_Preprocessing_Dependency=-1;CPXPARAM_Preprocessing_Dual=0;CPXPARAM_Preprocessing_Fill=10;CPXPARAM_Preprocessing_NumPass=-1;CPXPARAM_Preprocessing_Presolve=1;CPXPARAM_Preprocessing_QPMakePSD=1;CPXPARAM_Preprocessing_Reduce=3;CPXPARAM_Preprocessing_Relax=-1;CPXPARAM_Preprocessing_RepeatPresolve=-1;CPXPARAM_Preprocessing_Symmetry=-1;CPXPARAM_Read_Scale=0;CPXPARAM_Sifting_Algorithm=0;CPXPARAM_Simplex_Crash=1;CPXPARAM_Simplex_DGradient=0;CPXPARAM_Simplex_Limits_Perturbation=0;CPXPARAM_Simplex_Limits_Singularity=10;CPXPARAM_Simplex_PGradient=0;CPXPARAM_Simplex_Pricing=0;CPXPARAM_Simplex_Refactor=0
3957640444300478504,0,CPXPARAM_Advance=1;CPXPARAM_Barrier_Algorithm=0;CPXPARAM_Barrier_ColNonzeros=0;CPXPARAM_Barrier_Crossover=0;CPXPARAM_Barrier_Limits_Corrections=-1;CPXPARAM_Barrier_Ordering=0;CPXPARAM_Barrier_StartAlg=1;CPXPARAM_Emphasis_MIP=0;CPXPARAM_Emphasis_Memory=0;CPXPARAM_Emphasis_Numerical=0;CPXPARAM_Feasopt_Mode=0;CPXPARAM_LPMethod=0;CPXPARAM_MIP_Cuts_Cliques=3;CPXPARAM_MIP_Cuts_Covers=-1;CPXPARAM_MIP_Cuts_Disjunctive=0;CPXPARAM_MIP_Cuts_FlowCovers=0;CPXPARAM_MIP_Cuts_GUBCovers=-1;CPXPARAM_MIP_Cuts_Gomory=0;CPXPARAM_MIP_Cuts_Implied=1;CPXPARAM_MIP_Cuts_MIRCut=-1;CPXPARAM_MIP_Cuts_PathCut=-1;CPXPARAM_MIP_Limits_AggForCut=3;CPXPARAM_MIP_Limits_CutPasses=0;CPXPARAM_MIP_Limits_CutsFactor=-1;CPXPARAM_MIP_Limits_GomoryCand=200;CPXPARAM_MIP_Limits_GomoryPass=0;CPXPARAM_MIP_Limits_Nodes=9223372036800000000;CPXPARAM_MIP_Limits_ProbeTime=1e+75;CPXPARAM_MIP_Limits_RepairTries=0;CPXPARAM_MIP_Limits_StrongCand=10;CPXPARAM_MIP_Limits_StrongIt=0;CPXPARAM_MIP_OrderType=0;CPXPARAM_MIP_Strategy_BBInterval=7;CPXPARAM_MIP_Strategy_Branch=-1;CPXPARAM_MIP_Strategy_Dive=0;CPXPARAM_MIP_Strategy_File=1;CPXPARAM_MIP_Strategy_HeuristicFreq=0;CPXPARAM_MIP_Strategy_LBHeur=0;CPXPARAM_MIP_Strategy_NodeSelect=0;CPXPARAM_MIP_Strategy_Order=1;CPXPARAM_MIP_Strategy_PresolveNode=-1;CPXPARAM_MIP_Strategy_Probe=2;CPXPARAM_MIP_Strategy_RINSHeur=0;CPXPARAM_MIP_Strategy_StartAlgorithm=0;CPXPARAM_MIP_Strategy_SubAlgorithm=0;CPXPARAM_MIP_Strategy_VariableSelect=1;CPXPARAM_Network_NetFind=2;CPXPARAM_Network_Pricing=0;CPXPARAM_Parallel=1;CPXPARAM_Preprocessing_Aggregator=-1;CPXPARAM_Preprocessing_BoundStrength=-1;CPXPARAM_Preprocessing_CoeffReduce=-1;CPXPARAM_Preprocessing_Dependency=-1;CPXPARAM_Preprocessing_Dual=0;CPXPARAM_Preprocessing_Fill=2;CPXPARAM_Preprocessing_NumPass=-1;CPXPARAM_Preprocessing_Presolve=1;CPXPARAM_Preprocessing_QPMakePSD=1;CPXPARAM_Preprocessing_Reduce=3;CPXPARAM_Preprocessing_Relax=-1;CPXPARAM_Preprocessing_RepeatPresolve=-1;CPXPARAM_Preprocessing_Symmetry=-1;CPXPARAM_Read_Scale=0;CPXPARAM_Sifting_Algorithm=0;CPXPARAM_Simplex_Crash=1;CPXPARAM_Simplex_DGradient=0;CPXPARAM_Simplex_Limits_Perturbation=0;CPXPARAM_Simplex_Limits_Singularity=10;CPXPARAM_Simplex_PGradient=0;CPXPARAM_Simplex_Pricing=0;CPXPARAM_Simplex_Refactor=0
16130503619494017033,0,CPXPARAM_Advance=1;CPXPARAM_Barrier_Algorithm=0;CPXPARAM_Barrier_ColNonzeros=0;CPXPARAM_Barrier_Crossover=0;CPXPARAM_Barrier_Limits_Corrections=-1;CPXPARAM_Barrier_Ordering=0;CPXPARAM_Barrier_StartAlg=1;CPXPARAM_Emphasis_MIP=0;CPXPARAM_Emphasis_Memory=0;CPXPARAM_Emphasis_Numerical=0;CPXPARAM_Feasopt_Mode=0;CPXPARAM_LPMethod=0;CPXPARAM_MIP_Cuts_Cliques=1;CPXPARAM_MIP_Cuts_Covers=0;CPXPARAM_MIP_Cuts_Disjunctive=-1;CPXPARAM_MIP_Cuts_FlowCovers=2;CPXPARAM_MIP_Cuts_GUBCovers=0;CPXPARAM_MIP_Cuts_Gomory=1;CPXPARAM_MIP_Cuts_Implied=2;CPXPARAM_MIP_Cuts_MIRCut=-1;CPXPARAM_MIP_Cuts_PathCut=1;CPXPARAM_MIP_Limits_AggForCut=3;CPXPARAM_MIP_Limits_CutPasses=0;CPXPARAM_MIP_Limits_CutsFactor=-1;CPXPARAM_MIP_Limits_GomoryCand=200;CPXPARAM_MIP_Limits_GomoryPass=0;CPXPARAM_MIP_Limits_Nodes=9223372036800000000;CPXPARAM_MIP_Limits_ProbeTime=1e+75;CPXPARAM_MIP_Limits_RepairTries=0;CPXPARAM_MIP_Limits_StrongCand=10;CPXPARAM_MIP_Limits_StrongIt=0;CPXPARAM_MIP_OrderType=0;CPXPARAM_MIP_Strategy_BBInterval=7;CPXPARAM_MIP_Strategy_Branch=0;CPXPARAM_MIP_Strategy_Dive=0;CPXPARAM_MIP_Strategy_File=1;CPXPARAM_MIP_Strategy_HeuristicFreq=0;CPXPARAM_MIP_Strategy_LBHeur=0;CPXPARAM_MIP_Strategy_NodeSelect=1;CPXPARAM_MIP_Strategy_Order=1;CPXPARAM_MIP_Strategy_PresolveNode=0;CPXPARAM_MIP_Strategy_Probe=0;CPXPARAM_MIP_Strategy_RINSHeur=0;CPXPARAM_MIP_Strategy_StartAlgorithm=0;CPXPARAM_MIP_Strategy_SubAlgorithm=0;CPXPARAM_MIP_Strategy_VariableSelect=0;CPXPARAM_Network_NetFind=2;CPXPARAM_Network_Pricing=0;CPXPARAM_Parallel=1;CPXPARAM_Preprocessing_Aggregator=-1;CPXPARAM_Preprocessing_BoundStrength=-1;CPXPARAM_Preprocessing_CoeffReduce=-1;CPXPARAM_Preprocessing_Dependency=-1;CPXPARAM_Preprocessing_Dual=0;CPXPARAM_Preprocessing_Fill=10;CPXPARAM_Preprocessing_NumPass=-1;CPXPARAM_Preprocessing_Presolve=1;CPXPARAM_Preprocessing_QPMakePSD=1;CPXPARAM_Preprocessing_Reduce=3;CPXPARAM_Preprocessing_Relax=-1;CPXPARAM_Preprocessing_RepeatPresolve=-1;CPXPARAM_Preprocessing_Symmetry=-1;CPXPARAM_Read_Scale=0;CPXPARAM_Sifting_Algorithm=0;CPXPARAM_Simplex_Crash=1;CPXPARAM_Simplex_DGradient=0;CPXPARAM_Simplex_Limits_Perturbation=0;CPXPARAM_Simplex_Limits_Singularity=10;CPXPARAM_Simplex_PGradient=0;CPXPARAM_Simplex_Pricing=0;CPXPARAM_Simplex_Refactor=0
2493254740870792844,0,CPXPARAM_Advance=1;CPXPARAM_Barrier_Algorithm=0;CPXPARAM_Barrier_ColNonzeros=0;CPXPARAM_Barrier_Crossover=0;CPXPARAM_Barrier_Limits_Corrections=-1;CPXPARAM_Barrier_Ordering=0;CPXPARAM_Barrier_StartAlg=1;CPXPARAM_Emphasis_MIP=0;CPXPARAM_Emphasis_Memory=0;CPXPARAM_Emphasis_Numerical=0;CPXPARAM_Feasopt_Mode=0;CPXPARAM_LPMethod=0;CPXPARAM_MIP_Cuts_Cliques=3;CPXPARAM_MIP_Cuts_Covers=0;CPXPARAM_MIP_Cuts_Disjunctive=0;CPXPARAM_MIP_Cuts_FlowCovers=2;CPXPARAM_MIP_Cuts_GUBCovers=2;CPXPARAM_MIP_Cuts_Gomory=0;CPXPARAM_MIP_Cuts_Implied=-1;CPXPARAM_MIP_Cuts_MIRCut=1;CPXPARAM_MIP_Cuts_PathCut=1;CPXPARAM_MIP_Limits_AggForCut=0;CPXPARAM_MIP_Limits_CutPasses=0;CPXPARAM_MIP_Limits_CutsFactor=-1;CPXPARAM_MIP_Limits_GomoryCand=25;CPXPARAM_MIP_Limits_GomoryPass=0;CPXPARAM_MIP_Limits_Nodes=9223372036800000000;CPXPARAM_MIP_Limits_ProbeTime=1e+75;CPXPARAM_MIP_Limits_RepairTries=0;CPXPARAM_MIP_Limits_StrongCand=10;CPXPARAM_MIP_Limits_StrongIt=0;CPXPARAM_MIP_OrderType=0;CPXPARAM_MIP_Strategy_BBInterval=7;CPXPARAM_MIP_Strategy_Branch=-1;CPXPARAM_MIP_Strategy_Dive=0;CPXPARAM_MIP_Strategy_File=1;CPXPARAM_MIP_Strategy_HeuristicFreq=0;CPXPARAM_MIP_Strategy_LBHeur=0;CPXPARAM_MIP_Strategy_NodeSelect=0;CPXPARAM_MIP_Strategy_Order=1;CPXPARAM_MIP_Strategy_PresolveNode=1;CPXPARAM_MIP_Strategy_Probe=2;CPXPARAM_MIP_Strategy_RINSHeur=0;CPXPARAM_MIP_Strategy_StartAlgorithm=0;CPXPARAM_MIP_Strategy_SubAlgorithm=0;CPXPARAM_MIP_Strategy_VariableSelect=4;CPXPARAM_Network_NetFind=2;CPXPARAM_Network_Pricing=0;CPXPARAM_Parallel=1;CPXPARAM_Preprocessing_Aggregator=-1;CPXPARAM_Preprocessing_BoundStrength=-1;CPXPARAM_Preprocessing_CoeffReduce=-1;CPXPARAM_Preprocessing_Dependency=-1;CPXPARAM_Preprocessing_Dual=0;CPXPARAM_Preprocessing_Fill=5;CPXPARAM_Preprocessing_NumPass=-1;CPXPARAM_Preprocessing_Presolve=1;CPXPARAM_Preprocessing_QPMakePSD=1;CPXPARAM_Preprocessing_Reduce=3;CPXPARAM_Preprocessing_Relax=-1;CPXPARAM_Preprocessing_RepeatPresolve=-1;CPXPARAM_Preprocessing_Symmetry=-1;CPXPARAM_Read_Scale=0;CPXPARAM_Sifting_Algorithm=0;CPXPARAM_Simplex_Crash=1;CPXPARAM_Simplex_DGradient=0;CPXPARAM_Simplex_Limits_Perturbation=0;CPXPARAM_Simplex_Limits_Singularity=10;CPXPARAM_Simplex_PGradient=0;CPXPARAM_Simplex_Pricing=0;CPXPARAM_Simplex_Refactor=0
7904899245550054109,0,CPXPARAM_Advance=1;CPXPARAM_Barrier_Algorithm=0;CPXPARAM_Barrier_ColNonzeros=0;CPXPARAM_Barrier_Crossover=0;CPXPARAM_Barrier_Limits_Corrections=-1;CPXPARAM_Barrier_Ordering=0;CPXPARAM_Barrier_StartAlg=1;CPXPARAM_Emphasis_MIP=0;CPXPARAM_Emphasis_Memory=0;CPXPARAM_Emphasis_Numerical=0;CPXPARAM_Feasopt_Mode=0;CPXPARAM_LPMethod=0;CPXPARAM_MIP_Cuts_Cliques=3;CPXPARAM_MIP_Cuts_Covers=-1;CPXPARAM_MIP_Cuts_Disjunctive=0;CPXPARAM_MIP_Cuts_FlowCovers=0;CPXPARAM_MIP_Cuts_GUBCovers=-1;CPXPARAM_MIP_Cuts_Gomory=0;CPXPARAM_MIP_Cuts_Implied=1;CPXPARAM_MIP_Cuts_MIRCut=-1;CPXPARAM_MIP_Cuts_PathCut=-1;CPXPARAM_MIP_Limits_AggForCut=3;CPXPARAM_MIP_Limits_CutPasses=0;CPXPARAM_MIP_Limits_CutsFactor=-1;CPXPARAM_MIP_Limits_GomoryCand=200;CPXPARAM_MIP_Limits_GomoryPass=0;CPXPARAM_MIP_Limits_Nodes=9223372036800000000;CPXPARAM_MIP_Limits_ProbeTime=1e+75;CPXPARAM_MIP_Limits_RepairTries=0;CPXPARAM_MIP_Limits_StrongCand=10;CPXPARAM_MIP_Limits_StrongIt=0;CPXPARAM_MIP_OrderType=0;CPXPARAM_MIP_Strategy_BBInterval=7;CPXPARAM_MIP_Strategy_Branch=-1;CPXPARAM_MIP_Strategy_Dive=0;CPXPARAM_MIP_Strategy_File=1;CPXPARAM_MIP_Strategy_HeuristicFreq=0;CPXPARAM_MIP_Strategy_LBHeur=0;CPXPARAM_MIP_Strategy_NodeSelect=0;CPXPARAM_MIP_Strategy_Order=1;CPXPARAM_MIP_Strategy_PresolveNode=-1;CPXPARAM_MIP_Strategy_Probe=1;CPXPARAM_MIP_Strategy_RINSHeur=0;CPXPARAM_MIP_Strategy_StartAlgorithm=0;CPXPARAM_MIP_Strategy_SubAlgorithm=0;CPXPARAM_MIP_Strategy_VariableSelect=1;CPXPARAM_Network_NetFind=2;CPXPARAM_Network_Pricing=0;CPXPARAM_Parallel=1;CPXPARAM_Preprocessing_Aggregator=-1;CPXPARAM_Preprocessing_BoundStrength=-1;CPXPARAM_Preprocessing_CoeffReduce=-1;CPXPARAM_Preprocessing_Dependency=-1;CPXPARAM_Preprocessing_Dual=0;CPXPARAM_Preprocessing_Fill=40;CPXPARAM_Preprocessing_NumPass=-1;CPXPARAM_Preprocessing_Presolve=1;CPXPARAM_Preprocessing_QPMakePSD=1;CPXPARAM_Preprocessing_Reduce=3;CPXPARAM_Preprocessing_Relax=-1;CPXPARAM_Preprocessing_RepeatPresolve=-1;CPXPARAM_Preprocessing_Symmetry=-1;CPXPARAM_Read_Scale=0;CPXPARAM_Sifting_Algorithm=0;CPXPARAM_Simplex_Crash=1;CPXPARAM_Simplex_DGradient=0;CPXPARAM_Simplex_Limits_Perturbation=0;CPXPARAM_Simplex_Limits_Singularity=10;CPXPARAM_Simplex_PGradient=0;CPXPARAM_Simplex_Pricing=0;CPXPARAM_Simplex_Refactor=0
2361129046668284951,0,CPXPARAM_Advance=1;CPXPARAM_Barrier_Algorithm=0;CPXPARAM_Barrier_ColNonzeros=0;CPXPARAM_Barrier_Crossover=0;CPXPARAM_Barrier_Limits_Corrections=-1;CPXPARAM_Barrier_Ordering=0;CPXPARAM_Barrier_StartAlg=1;CPXPARAM_Emphasis_MIP=3;CPXPARAM_Emphasis_Memory=0;CPXPARAM_Emphasis_Numerical=0;CPXPARAM_Feasopt_Mode=0;CPXPARAM_LPMethod=0;CPXPARAM_MIP_Cuts_Cliques=-1;CPXPARAM_MIP_Cuts_Covers=0;CPXPARAM_MIP_Cuts_Disjunctive=1;CPXPARAM_MIP_Cuts_FlowCovers=2;CPXPARAM_MIP_Cuts_GUBCovers=2;CPXPARAM_MIP_Cuts_Gomory=2;CPXPARAM_MIP_Cuts_Implied=0;CPXPARAM_MIP_Cuts_MIRCut=1;CPXPARAM_MIP_Cuts_PathCut=-1;CPXPARAM_MIP_Limits_AggForCut=3;CPXPARAM_MIP_Limits_CutPasses=0;CPXPARAM_MIP_Limits_CutsFactor=-1;CPXPARAM_MIP_Limits_GomoryCand=25;CPXPARAM_MIP_Limits_GomoryPass=0;CPXPARAM_MIP_Limits_Nodes=9223372036800000000;CPXPARAM_MIP_Limits_ProbeTime=1e+75;CPXPARAM_MIP_Limits_RepairTries=0;CPXPARAM_MIP_Limits_StrongCand=10;CPXPARAM_MIP_Limits_StrongIt=0;CPXPARAM_MIP_OrderType=0;CPXPARAM_MIP_Strategy_BBInterval=7;CPXPARAM_MIP_Strategy_Branch=0;CPXPARAM_MIP_Strategy_Dive=0;CPXPARAM_MIP_Strategy_File=1;CPXPARAM_MIP_Strategy_HeuristicFreq=0;CPXPARAM_MIP_Strategy_LBHeur=0;CPXPARAM_MIP_Strategy_NodeSelect=1;CPXPARAM_MIP_Strategy_Order=1;CPXPARAM_MIP_Strategy_PresolveNode=0;CPXPARAM_MIP_Strategy_Probe=0;CPXPARAM_MIP_Strategy_RINSHeur=0;CPXPARAM_MIP_Strategy_StartAlgorithm=0;CPXPARAM_MIP_Strategy_SubAlgorithm=0;CPXPARAM_MIP_Strategy_VariableSelect=0;CPXPARAM_Network_NetFind=2;CPXPARAM_Network_Pricing=0;CPXPARAM_Parallel=1;CPXPARAM_Preprocessing_Aggregator=-1;CPXPARAM_Preprocessing_BoundStrength=-1;CPXPARAM_Preprocessing_CoeffReduce=-1;CPXPARAM_Preprocessing_Dependency=-1;CPXPARAM_Preprocessing_Dual=0;CPXPARAM_Preprocessing_Fill=10;CPXPARAM_Preprocessing_NumPass=-1;CPXPARAM_Preprocessing_Presolve=1;CPXPARAM_Preprocessing_QPMakePSD=1;CPXPARAM_Preprocessing_Reduce=3;CPXPARAM_Preprocessing_Relax=-1;CPXPARAM_Preprocessing_RepeatPresolve=-1;CPXPARAM_Preprocessing_Symmetry=-1;CPXPARAM_Read_Scale=0;CPXPARAM_Sifting_Algorithm=0;CPXPARAM_Simplex_Crash=1;CPXPARAM_Simplex_DGradient=0;CPXPARAM_Simplex_Limits_Perturbation=0;CPXPARAM_Simplex_Limits_Singularity=10;CPXPARAM_Simplex_PGradient=0;CPXPARAM_Simplex_Pricing=0;CPXPARAM_Simplex_Refactor=0
2311314492237168170,0,CPXPARAM_Advance=1;CPXPARAM_Barrier_Algorithm=0;CPXPARAM_Barrier_ColNonzeros=0;CPXPARAM_Barrier_Crossover=0;CPXPARAM_Barrier_Limits_Corrections=-1;CPXPARAM_Barrier_Ordering=0;CPXPARAM_Barrier_StartAlg=1;CPXPARAM_Emphasis_MIP=0;CPXPARAM_Emphasis_Memory=0;CPXPARAM_Emphasis_Numerical=0;CPXPARAM_Feasopt_Mode=0;CPXPARAM_LPMethod=0;CPXPARAM_MIP_Cuts_Cliques=3;CPXPARAM_MIP_Cuts_Covers=2;CPXPARAM_MIP_Cuts_Disjunctive=1;CPXPARAM_MIP_Cuts_FlowCovers=0;CPXPARAM_MIP_Cuts_GUBCovers=0;CPXPARAM_MIP_Cuts_Gomory=-1;CPXPARAM_MIP_Cuts_Implied=1;CPXPARAM_MIP_Cuts_MIRCut=2;CPXPARAM_MIP_Cuts_PathCut=2;CPXPARAM_MIP_Limits_AggForCut=3;CPXPARAM_MIP_Limits_CutPasses=0;CPXPARAM_MIP_Limits_CutsFactor=-1;CPXPARAM_MIP_Limits_GomoryCand=200;CPXPARAM_MIP_Limits_GomoryPass=0;CPXPARAM_MIP_Limits_Nodes=9223372036800000000;CPXPARAM_MIP_Limits_ProbeTime=1e+75;CPXPARAM_MIP_Limits_RepairTries=0;CPXPARAM_MIP_Limits_StrongCand=10;CPXPARAM_MIP_Limits_StrongIt=0;CPXPARAM_MIP_OrderType=0;CPXPARAM_MIP_Strategy_BBInterval=7;CPXPARAM_MIP_Strategy_Branch=0;CPXPARAM_MIP_Strategy_Dive=0;CPXPARAM_MIP_Strategy_File=1;CPXPARAM_MIP_Strategy_HeuristicFreq=0;CPXPARAM_MIP_Strategy_LBHeur=0;CPXPARAM_MIP_Strategy_NodeSelect=2;CPXPARAM_MIP_Strategy_Order=1;CPXPARAM_MIP_Strategy_PresolveNode=2;CPXPARAM_MIP_Strategy_Probe=1;CPXPARAM_MIP_Strategy_RINSHeur=0;CPXPARAM_MIP_Strategy_StartAlgorithm=0;CPXPARAM_MIP_Strategy_SubAlgorithm=0;CPXPARAM_MIP_Strategy_VariableSelect=3;CPXPARAM_Network_NetFind=2;CPXPARAM_Network_Pricing=0;CPXPARAM_Parallel=1;CPXPARAM_Preprocessing_Aggregator=-1;CPXPARAM_Preprocessing_BoundStrength=-1;CPXPARAM_Preprocessing_CoeffReduce=-1;CPXPARAM_Preprocessing_Dependency=-1;CPXPARAM_Preprocessing_Dual=0;CPXPARAM_Preprocessing_Fill=10;CPXPARAM_Preprocessing_NumPass=-1;CPXPARAM_Preprocessing_Presolve=1;CPXPARAM_Preprocessing_QPMakePSD=1;CPXPARAM_Preprocessing_Reduce=3;CPXPARAM_Preprocessing_Relax=-1;CPXPARAM_Preprocessing_RepeatPresolve=-1;CPXPARAM_Preprocessing_Symmetry=-1;CPXPARAM_Read_Scale=0;CPXPARAM_Sifting_Algorithm=0;CPXPARAM_Simplex_Crash=1;CPXPARAM_Simplex_DGradient=0;CPXPARAM_Simplex_Limits_Perturbation=0;CPXPARAM_Simplex_Limits_Singularity=10;CPXPARAM_Simplex_PGradient=0;CPXPARAM_Simplex_Pricing=0;CPXPARAM_Simplex_Refactor=0
321268780566170047,0,CPXPARAM_Advance=1;CPXPARAM_Barrier_Algorithm=0;CPXPARAM_Barrier_ColNonzeros=0;CPXPARAM_Barrier_Crossover=0;CPXPARAM_Barrier_Limits_Corrections=-1;CPXPARAM_Barrier_Ordering=0;CPXPARAM_Barrier_StartAlg=1;CPXPARAM_Emphasis_MIP=0;CPXPARAM_Emphasis_Memory=0;CPXPARAM_Emphasis_Numerical=0;CPXPARAM_Feasopt_Mode=0;CPXPARAM_LPMethod=0;CPXPARAM_MIP_Cuts_Cliques=3;CPXPARAM_MIP_Cuts_Covers=-1;CPXPARAM_MIP_Cuts_Disjunctive=0;CPXPARAM_MIP_Cuts_FlowCovers=-1;CPXPARAM_MIP_Cuts_GUBCovers=-1;CPXPARAM_MIP_Cuts_Gomory=0;CPXPARAM_MIP_Cuts_Implied=1;CPXPARAM_MIP_Cuts_MIRCut=-1;CPXPARAM_MIP_Cuts_PathCut=-1;CPXPARAM_MIP_Limits_AggForCut=3;CPXPARAM_MIP_Limits_CutPasses=0;CPXPARAM_MIP_Limits_CutsFactor=-1;CPXPARAM_MIP_Limits_GomoryCand=200;CPXPARAM_MIP_Limits_GomoryPass=0;CPXPARAM_MIP_Limits_Nodes=9223372036800000000;CPXPARAM_MIP_Limits_ProbeTime=1e+75;CPXPARAM_MIP_Limits_RepairTries=0;CPXPARAM_MIP_Limits_StrongCand=10;CPXPARAM_MIP_Limits_StrongIt=0;CPXPARAM_MIP_OrderType=0;CPXPARAM_MIP_Strategy_BBInterval=7;CPXPARAM_MIP_Strategy_Branch=-1;CPXPARAM_MIP_Strategy_Dive=0;CPXPARAM_MIP_Strategy_File=1;CPXPARAM_MIP_Strategy_HeuristicFreq=0;CPXPARAM_MIP_Strategy_LBHeur=0;CPXPARAM_MIP_Strategy_NodeSelect=0;CPXPARAM_MIP_Strategy_Order=1;CPXPARAM_MIP_Strategy_PresolveNode=-1;CPXPARAM_MIP_Strategy_Probe=2;CPXPARAM_MIP_Strategy_RINSHeur=0;CPXPARAM_MIP_Strategy_StartAlgorithm=0;CPXPARAM_MIP_Strategy_SubAlgorithm=0;CPXPARAM_MIP_Strategy_VariableSelect=1;CPXPARAM_Network_NetFind=2;CPXPARAM_Network_Pricing=0;CPXPARAM_Parallel=1;CPXPARAM_Preprocessing_Aggregator=-1;CPXPARAM_Preprocessing_BoundStrength=-1;CPXPARAM_Preprocessing_CoeffReduce=-1;CPXPARAM_Preprocessing_Dependency=-1;CPXPARAM_Preprocessing_Dual=0;CPXPARAM_Preprocessing_Fill=40;CPXPARAM_Preprocessing_NumPass=-1;CPXPARAM_Preprocessing_Presolve=1;CPXPARAM_Preprocessing_QPMakePSD=1;CPXPARAM_Preprocessing_Reduce=3;CPXPARAM_Preprocessing_Relax=-1;CPXPARAM_Preprocessing_RepeatPresolve=-1;CPXPARAM_Preprocessing_Symmetry=-1;CPXPARAM_Read_Scale=0;CPXPARAM_Sifting_Algorithm=0;CPXPARAM_Simplex_Crash=1;CPXPARAM_Simplex_DGradient=0;CPXPARAM_Simplex_Limits_Perturbation=0;CPXPARAM_Simplex_Limits_Singularity=10;CPXPARAM_Simplex_PGradient=0;CPXPARAM_Simplex_Pricing=0;CPXPARAM_Simplex_Refactor=0
12168203010531991510,0,CPXPARAM_Advance=1;CPXPARAM_Barrier_Algorithm=0;CPXPARAM_Barrier_ColNonzeros=0;CPXPARAM_Barrier_Crossover=0;CPXPARAM_Barrier_Limits_Corrections=-1;CPXPARAM_Barrier_Ordering=0;CPXPARAM_Barrier_StartAlg=1;CPXPARAM_Emphasis_MIP=0;CPXPARAM_Emphasis_Memory=0;CPXPARAM_Emphasis_Numerical=0;CPXPARAM_Feasopt_Mode=0;CPXPARAM_LPMethod=0;CPXPARAM_MIP_Cuts_Cliques=3;CPXPARAM_MIP_Cuts_Covers=-1;CPXPARAM_MIP_Cuts_Disjunctive=0;CPXPARAM_MIP_Cuts_FlowCovers=0;CPXPARAM_MIP_Cuts_GUBCovers=-1;CPXPARAM_MIP_Cuts_Gomory=0;CPXPARAM_MIP_Cuts_Implied=1;CPXPARAM_MIP_Cuts_MIRCut=-1;CPXPARAM_MIP_Cuts_PathCut=-1;CPXPARAM_MIP_Limits_AggForCut=0;CPXPARAM_MIP_Limits_CutPasses=0;CPXPARAM_MIP_Limits_CutsFactor=-1;CPXPARAM_MIP_Limits_GomoryCand=200;CPXPARAM_MIP_Limits_GomoryPass=0;CPXPARAM_MIP_Limits_Nodes=9223372036800000000;CPXPARAM_MIP_Limits_ProbeTime=1e+75;CPXPARAM_MIP_Limits_RepairTries=0;CPXPARAM_MIP_Limits_StrongCand=10;CPXPARAM_MIP_Limits_StrongIt=0;CPXPARAM_MIP_OrderType=0;CPXPARAM_MIP_Strategy_BBInterval=7;CPXPARAM_MIP_Strategy_Branch=-1;CPXPARAM_MIP_Strategy_Dive=0;CPXPARAM_MIP_Strategy_File=1;CPXPARAM_MIP_Strategy_HeuristicFreq=0;CPXPARAM_MIP_Strategy_LBHeur=0;CPXPARAM_MIP_Strategy_NodeSelect=0;CPXPARAM_MIP_Strategy_Order=1;CPXPARAM_MIP_Strategy_PresolveNode=-1;CPXPARAM_MIP_Strategy_Probe=2;CPXPARAM_MIP_Strategy_RINSHeur=0;CPXPARAM_MIP_Strategy_StartAlgorithm=0;CPXPARAM_MIP_Strategy_SubAlgorithm=0;CPXPARAM_MIP_Strategy_VariableSelect=1;CPXPARAM_Network_NetFind=2;CPXPARAM_Network_Pricing=0;CPXPARAM_Parallel=1;CPXPARAM_Preprocessing_Aggregator=-1;CPXPARAM_Preprocessing_BoundStrength=-1;CPXPARAM_Preprocessing_CoeffReduce=-1;CPXPARAM_Preprocessing_Dependency=-1;CPXPARAM_Preprocessing_Dual=0;CPXPARAM_Preprocessing_Fill=40;CPXPARAM_Preprocessing_NumPass=-1;CPXPARAM_Preprocessing_Presolve=1;CPXPARAM_Preprocessing_QPMakePSD=1;CPXPARAM_Preprocessing_Reduce=3;CPXPARAM_Preprocessing_Relax=-1;CPXPARAM_Preprocessing_RepeatPresolve=-1;CPXPARAM_Preprocessing_Symmetry=-1;CPXPARAM_Read_Scale=0;CPXPARAM_Sifting_Algorithm=0;CPXPARAM_Simplex_Crash=1;CPXPARAM_Simplex_DGradient=0;CPXPARAM_Simplex_Limits_Perturbation=0;CPXPARAM_Simplex_Limits_Singularity=10;CPXPARAM_Simplex_PGradient=0;CPXPARAM_Simplex_Pricing=0;CPXPARAM_Simplex_Refactor=0
3914939851431543044,0,CPXPARAM_Advance=1;CPXPARAM_Barrier_Algorithm=0;CPXPARAM_Barrier_ColNonzeros=0;CPXPARAM_Barrier_Crossover=0;CPXPARAM_Barrier_Limits_Corrections=-1;CPXPARAM_Barrier_Ordering=0;CPXPARAM_Barrier_StartAlg=1;CPXPARAM_Emphasis_MIP=5;CPXPARAM_Emphasis_Memory=0;CPXPARAM_Emphasis_Numerical=0;CPXPARAM_Feasopt_Mode=0;CPXPARAM_LPMethod=0;CPXPARAM_MIP_Cuts_Cliques=3;CPXPARAM_MIP_Cuts_Covers=0;CPXPARAM_MIP_Cuts_Disjunctive=-1;CPXPARAM_MIP_Cuts_FlowCovers=0;CPXPARAM_MIP_Cuts_GUBCovers=1;CPXPARAM_MIP_Cuts_Gomory=-1;CPXPARAM_MIP_Cuts_Implied=2;CPXPARAM_MIP_Cuts_MIRCut=1;CPXPARAM_MIP_Cuts_PathCut=-1;CPXPARAM_MIP_Limits_AggForCut=0;CPXPARAM_MIP_Limits_CutPasses=0;CPXPARAM_MIP_Limits_CutsFactor=-1;CPXPARAM_MIP_Limits_GomoryCand=200;CPXPARAM_MIP_Limits_GomoryPass=0;CPXPARAM_MIP_Limits_Nodes=9223372036800000000;CPXPARAM_MIP_Limits_ProbeTime=1e+75;CPXPARAM_MIP_Limits_RepairTries=0;CPXPARAM_MIP_Limits_StrongCand=10;CPXPARAM_MIP_Limits_StrongIt=0;CPXPARAM_MIP_OrderType=0;CPXPARAM_MIP_Strategy_BBInterval=7;CPXPARAM_MIP_Strategy_Branch=-1;CPXPARAM_MIP_Strategy_Dive=0;CPXPARAM_MIP_Strategy_File=1;CPXPARAM_MIP_Strategy_HeuristicFreq=0;CPXPARAM_MIP_Strategy_LBHeur=0;CPXPARAM_MIP_Strategy_NodeSelect=2;CPXPARAM_MIP_Strategy_Order=1;CPXPARAM_MIP_Strategy_PresolveNode=-1;CPXPARAM_MIP_Strategy_Probe=2;CPXPARAM_MIP_Strategy_RINSHeur=0;CPXPARAM_MIP_Strategy_StartAlgorithm=0;CPXPARAM_MIP_Strategy_SubAlgorithm=3;CPXPARAM_MIP_Strategy_VariableSelect=4;CPXPARAM_Network_NetFind=2;CPXPARAM_Network_Pricing=0;CPXPARAM_Parallel=1;CPXPARAM_Preprocessing_Aggregator=-1;CPXPARAM_Preprocessing_BoundStrength=-1;CPXPARAM_Preprocessing_CoeffReduce=-1;CPXPARAM_Preprocessing_Dependency=-1;CPXPARAM_Preprocessing_Dual=0;CPXPARAM_Preprocessing_Fill=20;CPXPARAM_Preprocessing_NumPass=-1;CPXPARAM_Preprocessing_Presolve=1;CPXPARAM_Preprocessing_QPMakePSD=1;CPXPARAM_Preprocessing_Reduce=3;CPXPARAM_Preprocessing_Relax=-1;CPXPARAM_Preprocessing_RepeatPresolve=-1;CPXPARAM_Preprocessing_Symmetry=-1;CPXPARAM_Read_Scale=0;CPXPARAM_Sifting_Algorithm=0;CPXPARAM_Simplex_Crash=1;CPXPARAM_Simplex_DGradient=0;CPXPARAM_Simplex_Limits_Perturbation=0;CPXPARAM_Simplex_Limits_Singularity=10;CPXPARAM_Simplex_PGradient=0;CPXPARAM_Simplex_Pricing=0;CPXPARAM_Simplex_Refactor=0
2089306711551677849,0,CPXPARAM_Advance=1;CPXPARAM_Barrier_Algorithm=0;CPXPARAM_Barrier_ColNonzeros=0;CPXPARAM_Barrier_Crossover=0;CPXPARAM_Barrier_Limits_Corrections=-1;CPXPARAM_Barrier_Ordering=0;CPXPARAM_Barrier_StartAlg=1;CPXPARAM_Emphasis_MIP=5;CPXPARAM_Emphasis_Memory=0;CPXPARAM_Emphasis_Numerical=0;CPXPARAM_Feasopt_Mode=0;CPXPARAM_LPMethod=0;CPXPARAM_MIP_Cuts_Cliques=2;CPXPARAM_MIP_Cuts_Covers=0;CPXPARAM_MIP_Cuts_Disjunctive=1;CPXPARAM_MIP_Cuts_FlowCovers=1;CPXPARAM_MIP_Cuts_GUBCovers=0;CPXPARAM_MIP_Cuts_Gomory=-1;CPXPARAM_MIP_Cuts_Implied=1;CPXPARAM_MIP_Cuts_MIRCut=1;CPXPARAM_MIP_Cuts_PathCut=0;CPXPARAM_MIP_Limits_AggForCut=3;CPXPARAM_MIP_Limits_CutPasses=0;CPXPARAM_MIP_Limits_CutsFactor=-1;CPXPARAM_MIP_Limits_GomoryCand=400;CPXPARAM_MIP_Limits_GomoryPass=0;CPXPARAM_MIP_Limits_Nodes=9223372036800000000;CPXPARAM_MIP_Limits_ProbeTime=1e+75;CPXPARAM_MIP_Limits_RepairTries=0;CPXPARAM_MIP_Limits_StrongCand=10;CPXPARAM_MIP_Limits_StrongIt=0;CPXPARAM_MIP_OrderType=0;CPXPARAM_MIP_Strategy_BBInterval=7;CPXPARAM_MIP_Strategy_Branch=0;CPXPARAM_MIP_Strategy_Dive=0;CPXPARAM_MIP_Strategy_File=1;CPXPARAM_MIP_Strategy_HeuristicFreq=0;CPXPARAM_MIP_Strategy_LBHeur=0;CPXPARAM_MIP_Strategy_NodeSelect=2;CPXPARAM_MIP_Strategy_Order=1;CPXPARAM_MIP_Strategy_PresolveNode=1;CPXPARAM_MIP_Strategy_Probe=0;CPXPARAM_MIP_Strategy_RINSHeur=0;CPXPARAM_MIP_Strategy_StartAlgorithm=0;CPXPARAM_MIP_Strategy_SubAlgorithm=0;CPXPARAM_MIP_Strategy_VariableSelect=2;CPXPARAM_Network_NetFind=2;CPXPARAM_Network_Pricing=0;CPXPARAM_Parallel=1;CPXPARAM_Preprocessing_Aggregator=-1;CPXPARAM_Preprocessing_BoundStrength=-1;CPXPARAM_Preprocessing_CoeffReduce=-1;CPXPARAM_Preprocessing_Dependency=-1;CPXPARAM_Preprocessing_Dual=0;CPXPARAM_Preprocessing_Fill=10;CPXPARAM_Preprocessing_NumPass=-1;CPXPARAM_Preprocessing_Presolve=1;CPXPARAM_Preprocessing_QPMakePSD=1;CPXPARAM_Preprocessing_Reduce=3;CPXPARAM_Preprocessing_Relax=-1;CPXPARAM_Preprocessing_RepeatPresolve=-1;CPXPARAM_Preprocessing_Symmetry=-1;CPXPARAM_Read_Scale=0;CPXPARAM_Sifting_Algorithm=0;CPXPARAM_Simplex_Crash=1;CPXPARAM_Simplex_DGradient=0;CPXPARAM_Simplex_Limits_Perturbation=0;CPXPARAM_Simplex_Limits_Singularity=10;CPXPARAM_Simplex_PGradient=0;CPXPARAM_Simplex_Pricing=0;CPXPARAM_Simplex_Refactor=0
17969521516005555914,0,CPXPARAM_Advance=1;CPXPARAM_Barrier_Algorithm=0;CPXPARAM_Barrier_ColNonzeros=0;CPXPARAM_Barrier_Crossover=0;CPXPARAM_Barrier_Limits_Corrections=-1;CPXPARAM_Barrier_Ordering=0;CPXPARAM_Barrier_StartAlg=1;CPXPARAM_Emphasis_MIP=0;CPXPARAM_Emphasis_Memory=0;CPXPARAM_Emphasis_Numerical=0;CPXPARAM_Feasopt_Mode=0;CPXPARAM_LPMethod=0;CPXPARAM_MIP_Cuts_Cliques=3;CPXPARAM_MIP_Cuts_Covers=-1;CPXPARAM_MIP_Cuts_Disjunctive=0;CPXPARAM_MIP_Cuts_FlowCovers=0;CPXPARAM_MIP_Cuts_GUBCovers=-1;CPXPARAM_MIP_Cuts_Gomory=0;CPXPARAM_MIP_Cuts_Implied=1;CPXPARAM_MIP_Cuts_MIRCut=-1;CPXPARAM_MIP_Cuts_PathCut=-1;CPXPARAM_MIP_Limits_AggForCut=2;CPXPARAM_MIP_Limits_CutPasses=0;CPXPARAM_MIP_Limits_CutsFactor=-1;CPXPARAM_MIP_Limits_GomoryCand=200;CPXPARAM_MIP_Limits_GomoryPass=0;CPXPARAM_MIP_Limits_Nodes=9223372036800000000;CPXPARAM_MIP_Limits_ProbeTime=1e+75;CPXPARAM_MIP_Limits_RepairTries=0;CPXPARAM_MIP_Limits_StrongCand=10;CPXPARAM_MIP_Limits_StrongIt=0;CPXPARAM_MIP_OrderType=0;CPXPARAM_MIP_Strategy_BBInterval=7;CPXPARAM_MIP_Strategy_Branch=-1;CPXPARAM_MIP_Strategy_Dive=0;CPXPARAM_MIP_Strategy_File=1;CPXPARAM_MIP_Strategy_HeuristicFreq=0;CPXPARAM_MIP_Strategy_LBHeur=0;CPXPARAM_MIP_Strategy_NodeSelect=0;CPXPARAM_MIP_Strategy_Order=1;CPXPARAM_MIP_Strategy_PresolveNode=-1;CPXPARAM_MIP_Strategy_Probe=2;CPXPARAM_MIP_Strategy_RINSHeur=0;CPXPARAM_MIP_Strategy_StartAlgorithm=0;CPXPARAM_MIP_Strategy_SubAlgorithm=0;CPXPARAM_MIP_Strategy_VariableSelect=1;CPXPARAM_Network_NetFind=2;CPXPARAM_Network_Pricing=0;CPXPARAM_Parallel=1;CPXPARAM_Preprocessing_Aggregator=-1;CPXPARAM_Preprocessing_BoundStrength=-1;CPXPARAM_Preprocessing_CoeffReduce=-1;CPXPARAM_Preprocessing_Dependency=-1;CPXPARAM_Preprocessing_Dual=0;CPXPARAM_Preprocessing_Fill=40;CPXPARAM_Preprocessing_NumPass=-1;CPXPARAM_Preprocessing_Presolve=1;CPXPARAM_Preprocessing_QPMakePSD=1;CPXPARAM_Preprocessing_Reduce=3;CPXPARAM_Preprocessing_Relax=-1;CPXPARAM_Preprocessing_RepeatPresolve=-1;CPXPARAM_Preprocessing_Symmetry=-1;CPXPARAM_Read_Scale=0;CPXPARAM_Sifting_Algorithm=0;CPXPARAM_Simplex_Crash=1;CPXPARAM_Simplex_DGradient=0;CPXPARAM_Simplex_Limits_Perturbation=0;CPXPARAM_Simplex_Limits_Singularity=10;CPXPARAM_Simplex_PGradient=0;CPXPARAM_Simplex_Pricing=0;CPXPARAM_Simplex_Refactor=0
8891047282586109724,0,CPXPARAM_Advance=1;CPXPARAM_Barrier_Algorithm=0;CPXPARAM_Barrier_ColNonzeros=0;CPXPARAM_Barrier_Crossover=0;CPXPARAM_Barrier_Limits_Corrections=-1;CPXPARAM_Barrier_Ordering=0;CPXPARAM_Barrier_StartAlg=1;CPXPARAM_Emphasis_MIP=0;CPXPARAM_Emphasis_Memory=0;CPXPARAM_Emphasis_Numerical=0;CPXPARAM_Feasopt_Mode=0;CPXPARAM_LPMethod=0;CPXPARAM_MIP_Cuts_Cliques=3;CPXPARAM_MIP_Cuts_Covers=-1;CPXPARAM_MIP_Cuts_Disjunctive=0;CPXPARAM_MIP_Cuts_FlowCovers=0;CPXPARAM_MIP_Cuts_GUBCovers=-1;CPXPARAM_MIP_Cuts_Gomory=0;CPXPARAM_MIP_Cuts_Implied=1;CPXPARAM_MIP_Cuts_MIRCut=-1;CPXPARAM_MIP_Cuts_PathCut=-1;CPXPARAM_MIP_Limits_AggForCut=3;CPXPARAM_MIP_Limits_CutPasses=0;CPXPARAM_MIP_Limits_CutsFactor=-1;CPXPARAM_MIP_Limits_GomoryCand=25;CPXPARAM_MIP_Limits_GomoryPass=0;CPXPARAM_MIP_Limits_Nodes=9223372036800000000;CPXPARAM_MIP_Limits_ProbeTime=1e+75;CPXPARAM_MIP_Limits_RepairTries=0;CPXPARAM_MIP_Limits_StrongCand=10;CPXPARAM_MIP_Limits_StrongIt=0;CPXPARAM_MIP_OrderType=0;CPXPARAM_MIP_Strategy_BBInterval=7;CPXPARAM_MIP_Strategy_Branch=-1;CPXPARAM_MIP_Strategy_Dive=0;CPXPARAM_MIP_Strategy_File=1;CPXPARAM_MIP_Strategy_HeuristicFreq=0;CPXPARAM_MIP_Strategy_LBHeur=0;CPXPARAM_MIP_Strategy_NodeSelect=3;CPXPARAM_MIP_Strategy_Order=1;CPXPARAM_MIP_Strategy_PresolveNode=-1;CPXPARAM_MIP_Strategy_Probe=2;CPXPARAM_MIP_Strategy_RINSHeur=0;CPXPARAM_MIP_Strategy_StartAlgorithm=0;CPXPARAM_MIP_Strategy_SubAlgorithm=0;CPXPARAM_MIP_Strategy_VariableSelect=1;CPXPARAM_Network_NetFind=2;CPXPARAM_Network_Pricing=0;CPXPARAM_Parallel=1;CPXPARAM_Preprocessing_Aggregator=-1;CPXPARAM_Preprocessing_BoundStrength=-1;CPXPARAM_Preprocessing_CoeffReduce=-1;CPXPARAM_Preprocessing_Dependency=-1;CPXPARAM_Preprocessing_Dual=0;CPXPARAM_Preprocessing_Fill=40;CPXPARAM_Preprocessing_NumPass=-1;CPXPARAM_Preprocessing_Presolve=1;CPXPARAM_Preprocessing_QPMakePSD=1;CPXPARAM_Preprocessing_Reduce=3;CPXPARAM_Preprocessing_Relax=-1;CPXPARAM_Preprocessing_RepeatPresolve=-1;CPXPARAM_Preprocessing_Symmetry=-1;CPXPARAM_Read_Scale=0;CPXPARAM_Sifting_Algorithm=0;CPXPARAM_Simplex_Crash=1;CPXPARAM_Simplex_DGradient=0;CPXPARAM_Simplex_Limits_Perturbation=0;CPXPARAM_Simplex_Limits_Singularity=10;CPXPARAM_Simplex_PGradient=0;CPXPARAM_Simplex_Pricing=0;CPXPARAM_Simplex_Refactor=0
4283157082837013510,0,CPXPARAM_Advance=1;CPXPARAM_Barrier_Algorithm=0;CPXPARAM_Barrier_ColNonzeros=0;CPXPARAM_Barrier_Crossover=0;CPXPARAM_Barrier_Limits_Corrections=-1;CPXPARAM_Barrier_Ordering=0;CPXPARAM_Barrier_StartAlg=1;CPXPARAM_Emphasis_MIP=2;CPXPARAM_Emphasis_Memory=0;CPXPARAM_Emphasis_Numerical=0;CPXPARAM_Feasopt_Mode=0;CPXPARAM_LPMethod=0;CPXPARAM_MIP_Cuts_Cliques=-1;CPXPARAM_MIP_Cuts_Covers=2;CPXPARAM_MIP_Cuts_Disjunctive=1;CPXPARAM_MIP_Cuts_FlowCovers=2;CPXPARAM_MIP_Cuts_GUBCovers=1;CPXPARAM_MIP_Cuts_Gomory=0;CPXPARAM_MIP_Cuts_Implied=-1;CPXPARAM_MIP_Cuts_MIRCut=-1;CPXPARAM_MIP_Cuts_PathCut=-1;CPXPARAM_MIP_Limits_AggForCut=3;CPXPARAM_MIP_Limits_CutPasses=0;CPXPARAM_MIP_Limits_CutsFactor=-1;CPXPARAM_MIP_Limits_GomoryCand=400;CPXPARAM_MIP_Limits_GomoryPass=0;CPXPARAM_MIP_Limits_Nodes=9223372036800000000;CPXPARAM_MIP_Limits_ProbeTime=1e+75;CPXPARAM_MIP_Limits_RepairTries=0;CPXPARAM_MIP_Limits_StrongCand=10;CPXPARAM_MIP_Limits_StrongIt=0;CPXPARAM_MIP_OrderType=0;CPXPARAM_MIP_Strategy_BBInterval=7;CPXPARAM_MIP_Strategy_Branch=0;CPXPARAM_MIP_Strategy_Dive=0;CPXPARAM_MIP_Strategy_File=1;CPXPARAM_MIP_Strategy_HeuristicFreq=0;CPXPARAM_MIP_Strategy_LBHeur=0;CPXPARAM_MIP_Strategy_NodeSelect=1;CPXPARAM_MIP_Strategy_Order=1;CPXPARAM_MIP_Strategy_PresolveNode=0;CPXPARAM_MIP_Strategy_Probe=0;CPXPARAM_MIP_Strategy_RINSHeur=0;CPXPARAM_MIP_Strategy_StartAlgorithm=0;CPXPARAM_MIP_Strategy_SubAlgorithm=0;CPXPARAM_MIP_Strategy_VariableSelect=2;CPXPARAM_Network_NetFind=2;CPXPARAM_Network_Pricing=0;CPXPARAM_Parallel=1;CPXPARAM_Preprocessing_Aggregator=-1;CPXPARAM_Preprocessing_BoundStrength=-1;CPXPARAM_Preprocessing_CoeffReduce=-1;CPXPARAM_Preprocessing_Dependency=-1;CPXPARAM_Preprocessing_Dual=0;CPXPARAM_Preprocessing_Fill=10;CPXPARAM_Preprocessing_NumPass=-1;CPXPARAM_Preprocessing_Presolve=1;CPXPARAM_Preprocessing_QPMakePSD=1;CPXPARAM_Preprocessing_Reduce=3;CPXPARAM_Preprocessing_Relax=-1;CPXPARAM_Preprocessing_RepeatPresolve=-1;CPXPARAM_Preprocessing_Symmetry=-1;CPXPARAM_Read_Scale=0;CPXPARAM_Sifting_Algorithm=0;CPXPARAM_Simplex_Crash=1;CPXPARAM_Simplex_DGradient=0;CPXPARAM_Simplex_Limits_Perturbation=0;CPXPARAM_Simplex_Limits_Singularity=10;CPXPARAM_Simplex_PGradient=0;CPXPARAM_Simplex_Pricing=0;CPXPARAM_Simplex_Refactor=0
6429039211116650285,0,CPXPARAM_Advance=1;CPXPARAM_Barrier_Algorithm=0;CPXPARAM_Barrier_ColNonzeros=0;CPXPARAM_Barrier_Crossover=0;CPXPARAM_Barrier_Limits_Corrections=-1;CPXPARAM_Barrier_Ordering=0;CPXPARAM_Barrier_StartAlg=1;CPXPARAM_Emphasis_MIP=0;CPXPARAM_Emphasis_Memory=0;CPXPARAM_Emphasis_Numerical=0;CPXPARAM_Feasopt_Mode=0;CPXPARAM_LPMethod=0;CPXPARAM_MIP_Cuts_Cliques=3;CPXPARAM_MIP_Cuts_Covers=0;CPXPARAM_MIP_Cuts_Disjunctive=0;CPXPARAM_MIP_Cuts_FlowCovers=2;CPXPARAM_MIP_Cuts_GUBCovers=2;CPXPARAM_MIP_Cuts_Gomory=0;CPXPARAM_MIP_Cuts_Implied=-1;CPXPARAM_MIP_Cuts_MIRCut=1;CPXPARAM_MIP_Cuts_PathCut=1;CPXPARAM_MIP_Limits_AggForCut=0;CPXPARAM_MIP_Limits_CutPasses=0;CPXPARAM_MIP_Limits_CutsFactor=-1;CPXPARAM_MIP_Limits_GomoryCand=25;CPXPARAM_MIP_Limits_GomoryPass=0;CPXPARAM_MIP_Limits_Nodes=9223372036800000000;CPXPARAM_MIP_Limits_ProbeTime=1e+75;CPXPARAM_MIP_Limits_RepairTries=0;CPXPARAM_MIP_Limits_StrongCand=10;CPXPARAM_MIP_Limits_StrongIt=0;CPXPARAM_MIP_OrderType=0;CPXPARAM_MIP_Strategy_BBInterval=7;CPXPARAM_MIP_Strategy_Branch=-1;CPXPARAM_MIP_Strategy_Dive=0;CPXPARAM_MIP_Strategy_File=1;CPXPARAM_MIP_Strategy_HeuristicFreq=0;CPXPARAM_MIP_Strategy_LBHeur=0;CPXPARAM_MIP_Strategy_NodeSelect=3;CPXPARAM_MIP_Strategy_Order=1;CPXPARAM_MIP_Strategy_PresolveNode=1;CPXPARAM_MIP_Strategy_Probe=2;CPXPARAM_MIP_Strategy_RINSHeur=0;CPXPARAM_MIP_Strategy_StartAlgorithm=0;CPXPARAM_MIP_Strategy_SubAlgorithm=3;CPXPARAM_MIP_Strategy_VariableSelect=4;CPXPARAM_Network_NetFind=2;CPXPARAM_Network_Pricing=0;CPXPARAM_Parallel=1;CPXPARAM_Preprocessing_Aggregator=-1;CPXPARAM_Preprocessing_BoundStrength=-1;CPXPARAM_Preprocessing_CoeffReduce=-1;CPXPARAM_Preprocessing_Dependency=-1;CPXPARAM_Preprocessing_Dual=0;CPXPARAM_Preprocessing_Fill=5;CPXPARAM_Preprocessing_NumPass=-1;CPXPARAM_Preprocessing_Presolve=1;CPXPARAM_Preprocessing_QPMakePSD=1;CPXPARAM_Preprocessing_Reduce=3;CPXPARAM_Preprocessing_Relax=-1;CPXPARAM_Preprocessing_RepeatPresolve=-1;CPXPARAM_Preprocessing_Symmetry=-1;CPXPARAM_Read_Scale=0;CPXPARAM_Sifting_Algorithm=0;CPXPARAM_Simplex_Crash=1;CPXPARAM_Simplex_DGradient=0;CPXPARAM_Simplex_Limits_Perturbation=0;CPXPARAM_Simplex_Limits_Singularity=10;CPXPARAM_Simplex_PGradient=0;CPXPARAM_Simplex_Pricing=0;CPXPARAM_Simplex_Refactor=0
8536983254468883319,0,CPXPARAM_Advance=1;CPXPARAM_Barrier_Algorithm=0;CPXPARAM_Barrier_ColNonzeros=0;CPXPARAM_Barrier_Crossover=0;CPXPARAM_Barrier_Limits_Corrections=-1;CPXPARAM_Barrier_Ordering=0;CPXPARAM_Barrier_StartAlg=1;CPXPARAM_Emphasis_MIP=5;CPXPARAM_Emphasis_Memory=0;CPXPARAM_Emphasis_Numerical=0;CPXPARAM_Feasopt_Mode=0;CPXPARAM_LPMethod=0;CPXPARAM_MIP_Cuts_Cliques=3;CPXPARAM_MIP_Cuts_Covers=0;CPXPARAM_MIP_Cuts_Disjunctive=0;CPXPARAM_MIP_Cuts_FlowCovers=2;CPXPARAM_MIP_Cuts_GUBCovers=2;CPXPARAM_MIP_Cuts_Gomory=0;CPXPARAM_MIP_Cuts_Implied=-1;CPXPARAM_MIP_Cuts_MIRCut=1;CPXPARAM_MIP_Cuts_PathCut=1;CPXPARAM_MIP_Limits_AggForCut=0;CPXPARAM_MIP_Limits_CutPasses=0;CPXPARAM_MIP_Limits_CutsFactor=-1;CPXPARAM_MIP_Limits_GomoryCand=25;CPXPARAM_MIP_Limits_GomoryPass=0;CPXPARAM_MIP_Limits_Nodes=9223372036800000000;CPXPARAM_MIP_Limits_ProbeTime=1e+75;CPXPARAM_MIP_Limits_RepairTries=0;CPXPARAM_MIP_Limits_StrongCand=10;CPXPARAM_MIP_Limits_StrongIt=0;CPXPARAM_MIP_OrderType=0;CPXPARAM_MIP_Strategy_BBInterval=7;CPXPARAM_MIP_Strategy_Branch=-1;CPXPARAM_MIP_Strategy_Dive=0;CPXPARAM_MIP_Strategy_File=1;CPXPARAM_MIP_Strategy_HeuristicFreq=0;CPXPARAM_MIP_Strategy_LBHeur=0;CPXPARAM_MIP_Strategy_NodeSelect=3;CPXPARAM_MIP_Strategy_Order=1;CPXPARAM_MIP_Strategy_PresolveNode=1;CPXPARAM_MIP_Strategy_Probe=2;CPXPARAM_MIP_Strategy_RINSHeur=0;CPXPARAM_MIP_Strategy_StartAlgorithm=0;CPXPARAM_MIP_Strategy_SubAlgorithm=0;CPXPARAM_MIP_Strategy_VariableSelect=4;CPXPARAM_Network_NetFind=2;CPXPARAM_Network_Pricing=0;CPXPARAM_Parallel=1;CPXPARAM_Preprocessing_Aggregator=-1;CPXPARAM_Preprocessing_BoundStrength=-1;CPXPARAM_Preprocessing_CoeffReduce=-1;CPXPARAM_Preprocessing_Dependency=-1;CPXPARAM_Preprocessing_Dual=0;CPXPARAM_Preprocessing_Fill=5;CPXPARAM_Preprocessing_NumPass=-1;CPXPARAM_Preprocessing_Presolve=1;CPXPARAM_Preprocessing_QPMakePSD=1;CPXPARAM_Preprocessing_Reduce=3;CPXPARAM_Preprocessing_Relax=-1;CPXPARAM_Preprocessing_RepeatPresolve=-1;CPXPARAM_Preprocessing_Symmetry=-1;CPXPARAM_Read_Scale=0;CPXPARAM_Sifting_Algorithm=0;CPXPARAM_Simplex_Crash=1;CPXPARAM_Simplex_DGradient=0;CPXPARAM_Simplex_Limits_Perturbation=0;CPXPARAM_Simplex_Limits_Singularity=10;CPXPARAM_Simplex_PGradient=0;CPXPARAM_Simplex_Pricing=0;CPXPARAM_Simplex_Refactor=0
1721762596716515679,0,CPXPARAM_Advance=1;CPXPARAM_Barrier_Algorithm=0;CPXPARAM_Barrier_ColNonzeros=0;CPXPARAM_Barrier_Crossover=0;CPXPARAM_Barrier_Limits_Corrections=-1;CPXPARAM_Barrier_Ordering=0;CPXPARAM_Barrier_StartAlg=1;CPXPARAM_Emphasis_MIP=0;CPXPARAM_Emphasis_Memory=0;CPXPARAM_Emphasis_Numerical=0;CPXPARAM_Feasopt_Mode=0;CPXPARAM_LPMethod=0;CPXPARAM_MIP_Cuts_Cliques=3;CPXPARAM_MIP_Cuts_Covers=0;CPXPARAM_MIP_Cuts_Disjunctive=0;CPXPARAM_MIP_Cuts_FlowCovers=2;CPXPARAM_MIP_Cuts_GUBCovers=2;CPXPARAM_MIP_Cuts_Gomory=0;CPXPARAM_MIP_Cuts_Implied=2;CPXPARAM_MIP_Cuts_MIRCut=1;CPXPARAM_MIP_Cuts_PathCut=1;CPXPARAM_MIP_Limits_AggForCut=0;CPXPARAM_MIP_Limits_CutPasses=0;CPXPARAM_MIP_Limits_CutsFactor=-1;CPXPARAM_MIP_Limits_GomoryCand=25;CPXPARAM_MIP_Limits_GomoryPass=0;CPXPARAM_MIP_Limits_Nodes=9223372036800000000;CPXPARAM_MIP_Limits_ProbeTime=1e+75;CPXPARAM_MIP_Limits_RepairTries=0;CPXPARAM_MIP_Limits_StrongCand=10;CPXPARAM_MIP_Limits_StrongIt=0;CPXPARAM_MIP_OrderType=0;CPXPARAM_MIP_Strategy_BBInterval=7;CPXPARAM_MIP_Strategy_Branch=-1;CPXPARAM_MIP_Strategy_Dive=0;CPXPARAM_MIP_Strategy_File=1;CPXPARAM_MIP_Strategy_HeuristicFreq=0;CPXPARAM_MIP_Strategy_LBHeur=0;CPXPARAM_MIP_Strategy_NodeSelect=3;CPXPARAM_MIP_Strategy_Order=1;CPXPARAM_MIP_Strategy_PresolveNode=1;CPXPARAM_MIP_Strategy_Probe=2;CPXPARAM_MIP_Strategy_RINSHeur=0;CPXPARAM_MIP_Strategy_StartAlgorithm=0;CPXPARAM_MIP_Strategy_SubAlgorithm=0;CPXPARAM_MIP_Strategy_VariableSelect=4;CPXPARAM_Network_NetFind=2;CPXPARAM_Network_Pricing=0;CPXPARAM_Parallel=1;CPXPARAM_Preprocessing_Aggregator=-1;CPXPARAM_Preprocessing_BoundStrength=-1;CPXPARAM_Preprocessing_CoeffReduce=-1;CPXPARAM_Preprocessing_Dependency=-1;CPXPARAM_Preprocessing_Dual=0;CPXPARAM_Preprocessing_Fill=5;CPXPARAM_Preprocessing_NumPass=-1;CPXPARAM_Preprocessing_Presolve=1;CPXPARAM_Preprocessing_QPMakePSD=1;CPXPARAM_Preprocessing_Reduce=3;CPXPARAM_Preprocessing_Relax=-1;CPXPARAM_Preprocessing_RepeatPresolve=-1;CPXPARAM_Preprocessing_Symmetry=-1;CPXPARAM_Read_Scale=0;CPXPARAM_Sifting_Algorithm=0;CPXPARAM_Simplex_Crash=1;CPXPARAM_Simplex_DGradient=0;CPXPARAM_Simplex_Limits_Perturbation=0;CPXPARAM_Simplex_Limits_Singularity=10;CPXPARAM_Simplex_PGradient=0;CPXPARAM_Simplex_Pricing=0;CPXPARAM_Simplex_Refactor=0
17312860560172518809,0,CPXPARAM_Advance=1;CPXPARAM_Barrier_Algorithm=0;CPXPARAM_Barrier_ColNonzeros=0;CPXPARAM_Barrier_Crossover=0;CPXPARAM_Barrier_Limits_Corrections=-1;CPXPARAM_Barrier_Ordering=0;CPXPARAM_Barrier_StartAlg=1;CPXPARAM_Emphasis_MIP=0;CPXPARAM_Emphasis_Memory=0;CPXPARAM_Emphasis_Numerical=0;CPXPARAM_Feasopt_Mode=0;CPXPARAM_LPMethod=0;CPXPARAM_MIP_Cuts_Cliques=3;CPXPARAM_MIP_Cuts_Covers=0;CPXPARAM_MIP_Cuts_Disjunctive=-1;CPXPARAM_MIP_Cuts_FlowCovers=-1;CPXPARAM_MIP_Cuts_GUBCovers=1;CPXPARAM_MIP_Cuts_Gomory=-1;CPXPARAM_MIP_Cuts_Implied=0;CPXPARAM_MIP_Cuts_MIRCut=1;CPXPARAM_MIP_Cuts_PathCut=-1;CPXPARAM_MIP_Limits_AggForCut=5;CPXPARAM_MIP_Limits_CutPasses=0;CPXPARAM_MIP_Limits_CutsFactor=-1;CPXPARAM_MIP_Limits_GomoryCand=10;CPXPARAM_MIP_Limits_GomoryPass=0;CPXPARAM_MIP_Limits_Nodes=9223372036800000000;CPXPARAM_MIP_Limits_ProbeTime=1e+75;CPXPARAM_MIP_Limits_RepairTries=0;CPXPARAM_MIP_Limits_StrongCand=10;CPXPARAM_MIP_Limits_StrongIt=0;CPXPARAM_MIP_OrderType=0;CPXPARAM_MIP_Strategy_BBInterval=7;CPXPARAM_MIP_Strategy_Branch=0;CPXPARAM_MIP_Strategy_Dive=0;CPXPARAM_MIP_Strategy_File=1;CPXPARAM_MIP_Strategy_HeuristicFreq=0;CPXPARAM_MIP_Strategy_LBHeur=0;CPXPARAM_MIP_Strategy_NodeSelect=3;CPXPARAM_MIP_Strategy_Order=1;CPXPARAM_MIP_Strategy_PresolveNode=-1;CPXPARAM_MIP_Strategy_Probe=2;CPXPARAM_MIP_Strategy_RINSHeur=0;CPXPARAM_MIP_Strategy_StartAlgorithm=0;CPXPARAM_MIP_Strategy_SubAlgorithm=0;CPXPARAM_MIP_Strategy_VariableSelect=4;CPXPARAM_Network_NetFind=2;CPXPARAM_Network_Pricing=0;CPXPARAM_Parallel=1;CPXPARAM_Preprocessing_Aggregator=-1;CPXPARAM_Preprocessing_BoundStrength=-1;CPXPARAM_Preprocessing_CoeffReduce=-1;CPXPARAM_Preprocessing_Dependency=-1;CPXPARAM_Preprocessing_Dual=0;CPXPARAM_Preprocessing_Fill=40;CPXPARAM_Preprocessing_NumPass=-1;CPXPARAM_Preprocessing_Presolve=1;CPXPARAM_Preprocessing_QPMakePSD=1;CPXPARAM_Preprocessing_Reduce=0;CPXPARAM_Preprocessing_Relax=-1;CPXPARAM_Preprocessing_RepeatPresolve=-1;CPXPARAM_Preprocessing_Symmetry=-1;CPXPARAM_Read_Scale=1;CPXPARAM_Sifting_Algorithm=0;CPXPARAM_Simplex_Crash=1;CPXPARAM_Simplex_DGradient=0;CPXPARAM_Simplex_Limits_Perturbation=0;CPXPARAM_Simplex_Limits_Singularity=10;CPXPARAM_Simplex_PGradient=0;CPXPARAM_Simplex_Pricing=0;CPXPARAM_Simplex_Refactor=0
7907719898018054329,0,CPXPARAM_Advance=1;CPXPARAM_Barrier_Algorithm=0;CPXPARAM_Barrier_ColNonzeros=0;CPXPARAM_Barrier_Crossover=0;CPXPARAM_Barrier_Limits_Corrections=-1;CPXPARAM_Barrier_Ordering=0;CPXPARAM_Barrier_StartAlg=1;CPXPARAM_Emphasis_MIP=4;CPXPARAM_Emphasis_Memory=0;CPXPARAM_Emphasis_Numerical=0;CPXPARAM_Feasopt_Mode=0;CPXPARAM_LPMethod=0;CPXPARAM_MIP_Cuts_Cliques=-1;CPXPARAM_MIP_Cuts_Covers=0;CPXPARAM_MIP_Cuts_Disjunctive=-1;CPXPARAM_MIP_Cuts_FlowCovers=1;CPXPARAM_MIP_Cuts_GUBCovers=-1;CPXPARAM_MIP_Cuts_Gomory=2;CPXPARAM_MIP_Cuts_Implied=0;CPXPARAM_MIP_Cuts_MIRCut=1;CPXPARAM_MIP_Cuts_PathCut=0;CPXPARAM_MIP_Limits_AggForCut=3;CPXPARAM_MIP_Limits_CutPasses=0;CPXPARAM_MIP_Limits_CutsFactor=-1;CPXPARAM_MIP_Limits_GomoryCand=50;CPXPARAM_MIP_Limits_GomoryPass=0;CPXPARAM_MIP_Limits_Nodes=9223372036800000000;CPXPARAM_MIP_Limits_ProbeTime=1e+75;CPXPARAM_MIP_Limits_RepairTries=0;CPXPARAM_MIP_Limits_StrongCand=10;CPXPARAM_MIP_Limits_StrongIt=0;CPXPARAM_MIP_OrderType=0;CPXPARAM_MIP_Strategy_BBInterval=7;CPXPARAM_MIP_Strategy_Branch=0;CPXPARAM_MIP_Strategy_Dive=0;CPXPARAM_MIP_Strategy_File=1;CPXPARAM_MIP_Strategy_HeuristicFreq=0;CPXPARAM_MIP_Strategy_LBHeur=0;CPXPARAM_MIP_Strategy_NodeSelect=1;CPXPARAM_MIP_Strategy_Order=1;CPXPARAM_MIP_Strategy_PresolveNode=0;CPXPARAM_MIP_Strategy_Probe=0;CPXPARAM_MIP_Strategy_RINSHeur=0;CPXPARAM_MIP_Strategy_StartAlgorithm=0;CPXPARAM_MIP_Strategy_SubAlgorithm=0;CPXPARAM_MIP_Strategy_VariableSelect=0;CPXPARAM_Network_NetFind=2;CPXPARAM_Network_Pricing=0;CPXPARAM_Parallel=1;CPXPARAM_Preprocessing_Aggregator=-1;CPXPARAM_Preprocessing_BoundStrength=-1;CPXPARAM_Preprocessing_CoeffReduce=-1;CPXPARAM_Preprocessing_Dependency=-1;CPXPARAM_Preprocessing_Dual=0;CPXPARAM_Preprocessing_Fill=10;CPXPARAM_Preprocessing_NumPass=-1;CPXPARAM_Preprocessing_Presolve=1;CPXPARAM_Preprocessing_QPMakePSD=1;CPXPARAM_Preprocessing_Reduce=3;CPXPARAM_Preprocessing_Relax=-1;CPXPARAM_Preprocessing_RepeatPresolve=-1;CPXPARAM_Preprocessing_Symmetry=-1;CPXPARAM_Read_Scale=0;CPXPARAM_Sifting_Algorithm=0;CPXPARAM_Simplex_Crash=1;CPXPARAM_Simplex_DGradient=0;CPXPARAM_Simplex_Limits_Perturbation=0;CPXPARAM_Simplex_Limits_Singularity=10;CPXPARAM_Simplex_PGradient=0;CPXPARAM_Simplex_Pricing=0;CPXPARAM_Simplex_Refactor=0
2349567156132520037,0,CPXPARAM_Advance=1;CPXPARAM_Barrier_Algorithm=0;CPXPARAM_Barrier_ColNonzeros=0;CPXPARAM_Barrier_Crossover=0;CPXPARAM_Barrier_Limits_Corrections=-1;CPXPARAM_Barrier_Ordering=0;CPXPARAM_Barrier_StartAlg=1;CPXPARAM_Emphasis_MIP=3;CPXPARAM_Emphasis_Memory=0;CPXPARAM_Emphasis_Numerical=0;CPXPARAM_Feasopt_Mode=0;CPXPARAM_LPMethod=0;CPXPARAM_MIP_Cuts_Cliques=3;CPXPARAM_MIP_Cuts_Covers=0;CPXPARAM_MIP_Cuts_Disjunctive=0;CPXPARAM_MIP_Cuts_FlowCovers=1;CPXPARAM_MIP_Cuts_GUBCovers=1;CPXPARAM_MIP_Cuts_Gomory=2;CPXPARAM_MIP_Cuts_Implied=-1;CPXPARAM_MIP_Cuts_MIRCut=0;CPXPARAM_MIP_Cuts_PathCut=-1;CPXPARAM_MIP_Limits_AggForCut=3;CPXPARAM_MIP_Limits_CutPasses=0;CPXPARAM_MIP_Limits_CutsFactor=-1;CPXPARAM_MIP_Limits_GomoryCand=200;CPXPARAM_MIP_Limits_GomoryPass=0;CPXPARAM_MIP_Limits_Nodes=9223372036800000000;CPXPARAM_MIP_Limits_ProbeTime=1e+75;CPXPARAM_MIP_Limits_RepairTries=0;CPXPARAM_MIP_Limits_StrongCand=10;CPXPARAM_MIP_Limits_StrongIt=0;CPXPARAM_MIP_OrderType=0;CPXPARAM_MIP_Strategy_BBInterval=7;CPXPARAM_MIP_Strategy_Branch=0;CPXPARAM_MIP_Strategy_Dive=0;CPXPARAM_MIP_Strategy_File=1;CPXPARAM_MIP_Strategy_HeuristicFreq=0;CPXPARAM_MIP_Strategy_LBHeur=0;CPXPARAM_MIP_Strategy_NodeSelect=1;CPXPARAM_MIP_Strategy_Order=1;CPXPARAM_MIP_Strategy_PresolveNode=0;CPXPARAM_MIP_Strategy_Probe=0;CPXPARAM_MIP_Strategy_RINSHeur=0;CPXPARAM_MIP_Strategy_StartAlgorithm=0;CPXPARAM_MIP_Strategy_SubAlgorithm=0;CPXPARAM_MIP_Strategy_VariableSelect=0;CPXPARAM_Network_NetFind=2;CPXPARAM_Network_Pricing=0;CPXPARAM_Parallel=1;CPXPARAM_Preprocessing_Aggregator=-1;CPXPARAM_Preprocessing_BoundStrength=-1;CPXPARAM_Preprocessing_CoeffReduce=-1;CPXPARAM_Preprocessing_Dependency=-1;CPXPARAM_Preprocessing_Dual=0;CPXPARAM_Preprocessing_Fill=10;CPXPARAM_Preprocessing_NumPass=-1;CPXPARAM_Preprocessing_Presolve=1;CPXPARAM_Preprocessing_QPMakePSD=1;CPXPARAM_Preprocessing_Reduce=3;CPXPARAM_Preprocessing_Relax=-1;CPXPARAM_Preprocessing_RepeatPresolve=-1;CPXPARAM_Preprocessing_Symmetry=-1;CPXPARAM_Read_Scale=0;CPXPARAM_Sifting_Algorithm=0;CPXPARAM_Simplex_Crash=1;CPXPARAM_Simplex_DGradient=0;CPXPARAM_Simplex_Limits_Perturbation=0;CPXPARAM_Simplex_Limits_Singularity=10;CPXPARAM_Simplex_PGradient=0;CPXPARAM_Simplex_Pricing=0;CPXPARAM_Simplex_Refactor=0
13274840097815247638,0,CPXPARAM_Advance=1;CPXPARAM_Barrier_Algorithm=0;CPXPARAM_Barrier_ColNonzeros=0;CPXPARAM_Barrier_Crossover=0;CPXPARAM_Barrier_Limits_Corrections=-1;CPXPARAM_Barrier_Ordering=0;CPXPARAM_Barrier_StartAlg=1;CPXPARAM_Emphasis_MIP=5;CPXPARAM_Emphasis_Memory=0;CPXPARAM_Emphasis_Numerical=0;CPXPARAM_Feasopt_Mode=0;CPXPARAM_LPMethod=0;CPXPARAM_MIP_Cuts_Cliques=2;CPXPARAM_MIP_Cuts_Covers=1;CPXPARAM_MIP_Cuts_Disjunctive=-1;CPXPARAM_MIP_Cuts_FlowCovers=0;CPXPARAM_MIP_Cuts_GUBCovers=2;CPXPARAM_MIP_Cuts_Gomory=2;CPXPARAM_MIP_Cuts_Implied=-1;CPXPARAM_MIP_Cuts_MIRCut=-1;CPXPARAM_MIP_Cuts_PathCut=-1;CPXPARAM_MIP_Limits_AggForCut=3;CPXPARAM_MIP_Limits_CutPasses=0;CPXPARAM_MIP_Limits_CutsFactor=-1;CPXPARAM_MIP_Limits_GomoryCand=200;CPXPARAM_MIP_Limits_GomoryPass=0;CPXPARAM_MIP_Limits_Nodes=9223372036800000000;CPXPARAM_MIP_Limits_ProbeTime=1e+75;CPXPARAM_MIP_Limits_RepairTries=0;CPXPARAM_MIP_Limits_StrongCand=10;CPXPARAM_MIP_Limits_StrongIt=0;CPXPARAM_MIP_OrderType=0;CPXPARAM_MIP_Strategy_BBInterval=7;CPXPARAM_MIP_Strategy_Branch=1;CPXPARAM_MIP_Strategy_Dive=0;CPXPARAM_MIP_Strategy_File=1;CPXPARAM_MIP_Strategy_HeuristicFreq=0;CPXPARAM_MIP_Strategy_LBHeur=0;CPXPARAM_MIP_Strategy_NodeSelect=0;CPXPARAM_MIP_Strategy_Order=1;CPXPARAM_MIP_Strategy_PresolveNode=1;CPXPARAM_MIP_Strategy_Probe=3;CPXPARAM_MIP_Strategy_RINSHeur=0;CPXPARAM_MIP_Strategy_StartAlgorithm=0;CPXPARAM_MIP_Strategy_SubAlgorithm=2;CPXPARAM_MIP_Strategy_VariableSelect=2;CPXPARAM_Network_NetFind=2;CPXPARAM_Network_Pricing=0;CPXPARAM_Parallel=1;CPXPARAM_Preprocessing_Aggregator=-1;CPXPARAM_Preprocessing_BoundStrength=-1;CPXPARAM_Preprocessing_CoeffReduce=-1;CPXPARAM_Preprocessing_Dependency=-1;CPXPARAM_Preprocessing_Dual=0;CPXPARAM_Preprocessing_Fill=10;CPXPARAM_Preprocessing_NumPass=-1;CPXPARAM_Preprocessing_Presolve=1;CPXPARAM_Preprocessing_QPMakePSD=1;CPXPARAM_Preprocessing_Reduce=3;CPXPARAM_Preprocessing_Relax=-1;CPXPARAM_Preprocessing_RepeatPresolve=-1;CPXPARAM_Preprocessing_Symmetry=-1;CPXPARAM_Read_Scale=0;CPXPARAM_Sifting_Algorithm=0;CPXPARAM_Simplex_Crash=1;CPXPARAM_Simplex_DGradient=0;CPXPARAM_Simplex_Limits_Perturbation=0;CPXPARAM_Simplex_Limits_Singularity=10;CPXPARAM_Simplex_PGradient=0;CPXPARAM_Simplex_Pricing=0;CPXPARAM_Simplex_Refactor=0
5873270764144052784,0,CPXPARAM_Advance=1;CPXPARAM_Barrier_Algorithm=0;CPXPARAM_Barrier_ColNonzeros=0;CPXPARAM_Barrier_Crossover=0;CPXPARAM_Barrier_Limits_Corrections=-1;CPXPARAM_Barrier_Ordering=0;CPXPARAM_Barrier_StartAlg=1;CPXPARAM_Emphasis_MIP=0;CPXPARAM_Emphasis_Memory=0;CPXPARAM_Emphasis_Numerical=0;CPXPARAM_Feasopt_Mode=0;CPXPARAM_LPMethod=0;CPXPARAM_MIP_Cuts_Cliques=3;CPXPARAM_MIP_Cuts_Covers=0;CPXPARAM_MIP_Cuts_Disjunctive=0;CPXPARAM_MIP_Cuts_FlowCovers=2;CPXPARAM_MIP_Cuts_GUBCovers=2;CPXPARAM_MIP_Cuts_Gomory=0;CPXPARAM_MIP_Cuts_Implied=-1;CPXPARAM_MIP_Cuts_MIRCut=1;CPXPARAM_MIP_Cuts_PathCut=1;CPXPARAM_MIP_Limits_AggForCut=2;CPXPARAM_MIP_Limits_CutPasses=0;CPXPARAM_MIP_Limits_CutsFactor=-1;CPXPARAM_MIP_Limits_GomoryCand=25;CPXPARAM_MIP_Limits_GomoryPass=0;CPXPARAM_MIP_Limits_Nodes=9223372036800000000;CPXPARAM_MIP_Limits_ProbeTime=1e+75;CPXPARAM_MIP_Limits_RepairTries=0;CPXPARAM_MIP_Limits_StrongCand=10;CPXPARAM_MIP_Limits_StrongIt=0;CPXPARAM_MIP_OrderType=0;CPXPARAM_MIP_Strategy_BBInterval=7;CPXPARAM_MIP_Strategy_Branch=-1;CPXPARAM_MIP_Strategy_Dive=0;CPXPARAM_MIP_Strategy_File=1;CPXPARAM_MIP_Strategy_HeuristicFreq=0;CPXPARAM_MIP_Strategy_LBHeur=0;CPXPARAM_MIP_Strategy_NodeSelect=3;CPXPARAM_MIP_Strategy_Order=1;CPXPARAM_MIP_Strategy_PresolveNode=1;CPXPARAM_MIP_Strategy_Probe=2;CPXPARAM_MIP_Strategy_RINSHeur=0;CPXPARAM_MIP_Strategy_StartAlgorithm=0;CPXPARAM_MIP_Strategy_SubAlgorithm=0;CPXPARAM_MIP_Strategy_VariableSelect=4;CPXPARAM_Network_NetFind=2;CPXPARAM_Network_Pricing=0;CPXPARAM_Parallel=1;CPXPARAM_Preprocessing_Aggregator=-1;CPXPARAM_Preprocessing_BoundStrength=-1;CPXPARAM_Preprocessing_CoeffReduce=-1;CPXPARAM_Preprocessing_Dependency=-1;CPXPARAM_Preprocessing_Dual=0;CPXPARAM_Preprocessing_Fill=5;CPXPARAM_Preprocessing_NumPass=-1;CPXPARAM_Preprocessing_Presolve=1;CPXPARAM_Preprocessing_QPMakePSD=1;CPXPARAM_Preprocessing_Reduce=3;CPXPARAM_Preprocessing_Relax=-1;CPXPARAM_Preprocessing_RepeatPresolve=-1;CPXPARAM_Preprocessing_Symmetry=-1;CPXPARAM_Read_Scale=0;CPXPARAM_Sifting_Algorithm=0;CPXPARAM_Simplex_Crash=1;CPXPARAM_Simplex_DGradient=0;CPXPARAM_Simplex_Limits_Perturbation=0;CPXPARAM_Simplex_Limits_Singularity=10;CPXPARAM_Simplex_PGradient=0;CPXPARAM_Simplex_Pricing=0;CPXPARAM_Simplex_Refactor=0
10048635178344961850,0,CPXPARAM_Advance=1;CPXPARAM_Barrier_Algorithm=0;CPXPARAM_Barrier_ColNonzeros=0;CPXPARAM_Barrier_Crossover=0;CPXPARAM_Barrier_Limits_Corrections=-1;CPXPARAM_Barrier_Ordering=0;CPXPARAM_Barrier_StartAlg=1;CPXPARAM_Emphasis_MIP=4;CPXPARAM_Emphasis_Memory=0;CPXPARAM_Emphasis_Numerical=0;CPXPARAM_Feasopt_Mode=0;CPXPARAM_LPMethod=0;CPXPARAM_MIP_Cuts_Cliques=0;CPXPARAM_MIP_Cuts_Covers=0;CPXPARAM_MIP_Cuts_Disjunctive=0;CPXPARAM_MIP_Cuts_FlowCovers=-1;CPXPARAM_MIP_Cuts_GUBCovers=2;CPXPARAM_MIP_Cuts_Gomory=0;CPXPARAM_MIP_Cuts_Implied=0;CPXPARAM_MIP_Cuts_MIRCut=-1;CPXPARAM_MIP_Cuts_PathCut=1;CPXPARAM_MIP_Limits_AggForCut=3;CPXPARAM_MIP_Limits_CutPasses=0;CPXPARAM_MIP_Limits_CutsFactor=-1;CPXPARAM_MIP_Limits_GomoryCand=400;CPXPARAM_MIP_Limits_GomoryPass=0;CPXPARAM_MIP_Limits_Nodes=9223372036800000000;CPXPARAM_MIP_Limits_ProbeTime=1e+75;CPXPARAM_MIP_Limits_RepairTries=0;CPXPARAM_MIP_Limits_StrongCand=10;CPXPARAM_MIP_Limits_StrongIt=0;CPXPARAM_MIP_OrderType=0;CPXPARAM_MIP_Strategy_BBInterval=7;CPXPARAM_MIP_Strategy_Branch=0;CPXPARAM_MIP_Strategy_Dive=0;CPXPARAM_MIP_Strategy_File=1;CPXPARAM_MIP_Strategy_HeuristicFreq=0;CPXPARAM_MIP_Strategy_LBHeur=0;CPXPARAM_MIP_Strategy_NodeSelect=1;CPXPARAM_MIP_Strategy_Order=1;CPXPARAM_MIP_Strategy_PresolveNode=0;CPXPARAM_MIP_Strategy_Probe=0;CPXPARAM_MIP_Strategy_RINSHeur=0;CPXPARAM_MIP_Strategy_StartAlgorithm=0;CPXPARAM_MIP_Strategy_SubAlgorithm=0;CPXPARAM_MIP_Strategy_VariableSelect=0;CPXPARAM_Network_NetFind=2;CPXPARAM_Network_Pricing=0;CPXPARAM_Parallel=1;CPXPARAM_Preprocessing_Aggregator=-1;CPXPARAM_Preprocessing_BoundStrength=-1;CPXPARAM_Preprocessing_CoeffReduce=-1;CPXPARAM_Preprocessing_Dependency=-1;CPXPARAM_Preprocessing_Dual=0;CPXPARAM_Preprocessing_Fill=10;CPXPARAM_Preprocessing_NumPass=-1;CPXPARAM_Preprocessing_Presolve=1;CPXPARAM_Preprocessing_QPMakePSD=1;CPXPARAM_Preprocessing_Reduce=3;CPXPARAM_Preprocessing_Relax=-1;CPXPARAM_Preprocessing_RepeatPresolve=-1;CPXPARAM_Preprocessing_Symmetry=-1;CPXPARAM_Read_Scale=0;CPXPARAM_Sifting_Algorithm=0;CPXPARAM_Simplex_Crash=1;CPXPARAM_Simplex_DGradient=0;CPXPARAM_Simplex_Limits_Perturbation=0;CPXPARAM_Simplex_Limits_Singularity=10;CPXPARAM_Simplex_PGradient=0;CPXPARAM_Simplex_Pricing=0;CPXPARAM_Simplex_Refactor=0
10551991113883374312,0,CPXPARAM_Advance=1;CPXPARAM_Barrier_Algorithm=0;CPXPARAM_Barrier_ColNonzeros=0;CPXPARAM_Barrier_Crossover=0;CPXPARAM_Barrier_Limits_Corrections=-1;CPXPARAM_Barrier_Ordering=0;CPXPARAM_Barrier_StartAlg=1;CPXPARAM_Emphasis_MIP=0;CPXPARAM_Emphasis_Memory=0;CPXPARAM_Emphasis_Numerical=0;CPXPARAM_Feasopt_Mode=0;CPXPARAM_LPMethod=0;CPXPARAM_MIP_Cuts_Cliques=3;CPXPARAM_MIP_Cuts_Covers=0;CPXPARAM_MIP_Cuts_Disjunctive=0;CPXPARAM_MIP_Cuts_FlowCovers=2;CPXPARAM_MIP_Cuts_GUBCovers=2;CPXPARAM_MIP_Cuts_Gomory=0;CPXPARAM_MIP_Cuts_Implied=-1;CPXPARAM_MIP_Cuts_MIRCut=1;CPXPARAM_MIP_Cuts_PathCut=1;CPXPARAM_MIP_Limits_AggForCut=0;CPXPARAM_MIP_Limits_CutPasses=0;CPXPARAM_MIP_Limits_CutsFactor=-1;CPXPARAM_MIP_Limits_GomoryCand=25;CPXPARAM_MIP_Limits_GomoryPass=0;CPXPARAM_MIP_Limits_Nodes=9223372036800000000;CPXPARAM_MIP_Limits_ProbeTime=1e+75;CPXPARAM_MIP_Limits_RepairTries=0;CPXPARAM_MIP_Limits_StrongCand=10;CPXPARAM_MIP_Limits_StrongIt=0;CPXPARAM_MIP_OrderType=0;CPXPARAM_MIP_Strategy_BBInterval=7;CPXPARAM_MIP_Strategy_Branch=-1;CPXPARAM_MIP_Strategy_Dive=0;CPXPARAM_MIP_Strategy_File=1;CPXPARAM_MIP_Strategy_HeuristicFreq=0;CPXPARAM_MIP_Strategy_LBHeur=0;CPXPARAM_MIP_Strategy_NodeSelect=3;CPXPARAM_MIP_Strategy_Order=1;CPXPARAM_MIP_Strategy_PresolveNode=1;CPXPARAM_MIP_Strategy_Probe=2;CPXPARAM_MIP_Strategy_RINSHeur=0;CPXPARAM_MIP_Strategy_StartAlgorithm=0;CPXPARAM_MIP_Strategy_SubAlgorithm=0;CPXPARAM_MIP_Strategy_VariableSelect=4;CPXPARAM_Network_NetFind=2;CPXPARAM_Network_Pricing=0;CPXPARAM_Parallel=1;CPXPARAM_Preprocessing_Aggregator=-1;CPXPARAM_Preprocessing_BoundStrength=-1;CPXPARAM_Preprocessing_CoeffReduce=-1;CPXPARAM_Preprocessing_Dependency=-1;CPXPARAM_Preprocessing_Dual=0;CPXPARAM_Preprocessing_Fill=20;CPXPARAM_Preprocessing_NumPass=-1;CPXPARAM_Preprocessing_Presolve=1;CPXPARAM_Preprocessing_QPMakePSD=1;CPXPARAM_Preprocessing_Reduce=3;CPXPARAM_Preprocessing_Relax=-1;CPXPARAM_Preprocessing_RepeatPresolve=-1;CPXPARAM_Preprocessing_Symmetry=-1;CPXPARAM_Read_Scale=0;CPXPARAM_Sifting_Algorithm=0;CPXPARAM_Simplex_Crash=1;CPXPARAM_Simplex_DGradient=0;CPXPARAM_Simplex_Limits_Perturbation=0;CPXPARAM_Simplex_Limits_Singularity=10;CPXPARAM_Simplex_PGradient=0;CPXPARAM_Simplex_Pricing=0;CPXPARAM_Simplex_Refactor=0
2413378575919389331,0,CPXPARAM_Advance=1;CPXPARAM_Barrier_Algorithm=0;CPXPARAM_Barrier_ColNonzeros=0;CPXPARAM_Barrier_Crossover=0;CPXPARAM_Barrier_Limits_Corrections=-1;CPXPARAM_Barrier_Ordering=0;CPXPARAM_Barrier_StartAlg=1;CPXPARAM_Emphasis_MIP=3;CPXPARAM_Emphasis_Memory=0;CPXPARAM_Emphasis_Numerical=0;CPXPARAM_Feasopt_Mode=0;CPXPARAM_LPMethod=0;CPXPARAM_MIP_Cuts_Cliques=2;CPXPARAM_MIP_Cuts_Covers=2;CPXPARAM_MIP_Cuts_Disjunctive=1;CPXPARAM_MIP_Cuts_FlowCovers=-1;CPXPARAM_MIP_Cuts_GUBCovers=0;CPXPARAM_MIP_Cuts_Gomory=-1;CPXPARAM_MIP_Cuts_Implied=-1;CPXPARAM_MIP_Cuts_MIRCut=-1;CPXPARAM_MIP_Cuts_PathCut=2;CPXPARAM_MIP_Limits_AggForCut=3;CPXPARAM_MIP_Limits_CutPasses=0;CPXPARAM_MIP_Limits_CutsFactor=-1;CPXPARAM_MIP_Limits_GomoryCand=10;CPXPARAM_MIP_Limits_GomoryPass=0;CPXPARAM_MIP_Limits_Nodes=9223372036800000000;CPXPARAM_MIP_Limits_ProbeTime=1e+75;CPXPARAM_MIP_Limits_RepairTries=0;CPXPARAM_MIP_Limits_StrongCand=10;CPXPARAM_MIP_Limits_StrongIt=0;CPXPARAM_MIP_OrderType=0;CPXPARAM_MIP_Strategy_BBInterval=7;CPXPARAM_MIP_Strategy_Branch=1;CPXPARAM_MIP_Strategy_Dive=0;CPXPARAM_MIP_Strategy_File=1;CPXPARAM_MIP_Strategy_HeuristicFreq=0;CPXPARAM_MIP_Strategy_LBHeur=0;CPXPARAM_MIP_Strategy_NodeSelect=1;CPXPARAM_MIP_Strategy_Order=1;CPXPARAM_MIP_Strategy_PresolveNode=0;CPXPARAM_MIP_Strategy_Probe=0;CPXPARAM_MIP_Strategy_RINSHeur=0;CPXPARAM_MIP_Strategy_StartAlgorithm=0;CPXPARAM_MIP_Strategy_SubAlgorithm=0;CPXPARAM_MIP_Strategy_VariableSelect=0;CPXPARAM_Network_NetFind=2;CPXPARAM_Network_Pricing=0;CPXPARAM_Parallel=1;CPXPARAM_Preprocessing_Aggregator=-1;CPXPARAM_Preprocessing_BoundStrength=-1;CPXPARAM_Preprocessing_CoeffReduce=-1;CPXPARAM_Preprocessing_Dependency=-1;CPXPARAM_Preprocessing_Dual=0;CPXPARAM_Preprocessing_Fill=10;CPXPARAM_Preprocessing_NumPass=-1;CPXPARAM_Preprocessing_Presolve=1;CPXPARAM_Preprocessing_QPMakePSD=1;CPXPARAM_Preprocessing_Reduce=3;CPXPARAM_Preprocessing_Relax=-1;CPXPARAM_Preprocessing_RepeatPresolve=-1;CPXPARAM_Preprocessing_Symmetry=-1;CPXPARAM_Read_Scale=0;CPXPARAM_Sifting_Algorithm=0;CPXPARAM_Simplex_Crash=1;CPXPARAM_Simplex_DGradient=0;CPXPARAM_Simplex_Limits_Perturbation=0;CPXPARAM_Simplex_Limits_Singularity=10;CPXPARAM_Simplex_PGradient=0;CPXPARAM_Simplex_Pricing=0;CPXPARAM_Simplex_Refactor=0
12346522641340971211,0,CPXPARAM_Advance=1;CPXPARAM_Barrier_Algorithm=0;CPXPARAM_Barrier_ColNonzeros=0;CPXPARAM_Barrier_Crossover=0;CPXPARAM_Barrier_Limits_Corrections=-1;CPXPARAM_Barrier_Ordering=0;CPXPARAM_Barrier_StartAlg=1;CPXPARAM_Emphasis_MIP=0;CPXPARAM_Emphasis_Memory=0;CPXPARAM_Emphasis_Numerical=0;CPXPARAM_Feasopt_Mode=0;CPXPARAM_LPMethod=0;CPXPARAM_MIP_Cuts_Cliques=1;CPXPARAM_MIP_Cuts_Covers=0;CPXPARAM_MIP_Cuts_Disjunctive=0;CPXPARAM_MIP_Cuts_FlowCovers=2;CPXPARAM_MIP_Cuts_GUBCovers=2;CPXPARAM_MIP_Cuts_Gomory=0;CPXPARAM_MIP_Cuts_Implied=-1;CPXPARAM_MIP_Cuts_MIRCut=1;CPXPARAM_MIP_Cuts_PathCut=1;CPXPARAM_MIP_Limits_AggForCut=0;CPXPARAM_MIP_Limits_CutPasses=0;CPXPARAM_MIP_Limits_CutsFactor=-1;CPXPARAM_MIP_Limits_GomoryCand=25;CPXPARAM_MIP_Limits_GomoryPass=0;CPXPARAM_MIP_Limits_Nodes=9223372036800000000;CPXPARAM_MIP_Limits_ProbeTime=1e+75;CPXPARAM_MIP_Limits_RepairTries=0;CPXPARAM_MIP_Limits_StrongCand=10;CPXPARAM_MIP_Limits_StrongIt=0;CPXPARAM_MIP_OrderType=0;CPXPARAM_MIP_Strategy_BBInterval=7;CPXPARAM_MIP_Strategy_Branch=-1;CPXPARAM_MIP_Strategy_Dive=0;CPXPARAM_MIP_Strategy_File=1;CPXPARAM_MIP_Strategy_HeuristicFreq=0;CPXPARAM_MIP_Strategy_LBHeur=0;CPXPARAM_MIP_Strategy_NodeSelect=3;CPXPARAM_MIP_Strategy_Order=1;CPXPARAM_MIP_Strategy_PresolveNode=1;CPXPARAM_MIP_Strategy_Probe=2;CPXPARAM_MIP_Strategy_RINSHeur=0;CPXPARAM_MIP_Strategy_StartAlgorithm=0;CPXPARAM_MIP_Strategy_SubAlgorithm=0;CPXPARAM_MIP_Strategy_VariableSelect=4;CPXPARAM_Network_NetFind=2;CPXPARAM_Network_Pricing=0;CPXPARAM_Parallel=1;CPXPARAM_Preprocessing_Aggregator=-1;CPXPARAM_Preprocessing_BoundStrength=-1;CPXPARAM_Preprocessing_CoeffReduce=-1;CPXPARAM_Preprocessing_Dependency=-1;CPXPARAM_Preprocessing_Dual=0;CPXPARAM_Preprocessing_Fill=5;CPXPARAM_Preprocessing_NumPass=-1;CPXPARAM_Preprocessing_Presolve=1;CPXPARAM_Preprocessing_QPMakePSD=1;CPXPARAM_Preprocessing_Reduce=3;CPXPARAM_Preprocessing_Relax=-1;CPXPARAM_Preprocessing_RepeatPresolve=-1;CPXPARAM_Preprocessing_Symmetry=-1;CPXPARAM_Read_Scale=0;CPXPARAM_Sifting_Algorithm=0;CPXPARAM_Simplex_Crash=1;CPXPARAM_Simplex_DGradient=0;CPXPARAM_Simplex_Limits_Perturbation=0;CPXPARAM_Simplex_Limits_Singularity=10;CPXPARAM_Simplex_PGradient=0;CPXPARAM_Simplex_Pricing=0;CPXPARAM_Simplex_Refactor=0
874175084070049660,0,CPXPARAM_Advance=1;CPXPARAM_Barrier_Algorithm=0;CPXPARAM_Barrier_ColNonzeros=0;CPXPARAM_Barrier_Crossover=0;CPXPARAM_Barrier_Limits_Corrections=-1;CPXPARAM_Barrier_Ordering=0;CPXPARAM_Barrier_StartAlg=1;CPXPARAM_Emphasis_MIP=4;CPXPARAM_Emphasis_Memory=0;CPXPARAM_Emphasis_Numerical=0;CPXPARAM_Feasopt_Mode=0;CPXPARAM_LPMethod=0;CPXPARAM_MIP_Cuts_Cliques=1;CPXPARAM_MIP_Cuts_Covers=1;CPXPARAM_MIP_Cuts_Disjunctive=0;CPXPARAM_MIP_Cuts_FlowCovers=2;CPXPARAM_MIP_Cuts_GUBCovers=2;CPXPARAM_MIP_Cuts_Gomory=0;CPXPARAM_MIP_Cuts_Implied=0;CPXPARAM_MIP_Cuts_MIRCut=2;CPXPARAM_MIP_Cuts_PathCut=1;CPXPARAM_MIP_Limits_AggForCut=3;CPXPARAM_MIP_Limits_CutPasses=0;CPXPARAM_MIP_Limits_CutsFactor=-1;CPXPARAM_MIP_Limits_GomoryCand=150;CPXPARAM_MIP_Limits_GomoryPass=0;CPXPARAM_MIP_Limits_Nodes=9223372036800000000;CPXPARAM_MIP_Limits_ProbeTime=1e+75;CPXPARAM_MIP_Limits_RepairTries=0;CPXPARAM_MIP_Limits_StrongCand=10;CPXPARAM_MIP_Limits_StrongIt=0;CPXPARAM_MIP_OrderType=0;CPXPARAM_MIP_Strategy_BBInterval=7;CPXPARAM_MIP_Strategy_Branch=0;CPXPARAM_MIP_Strategy_Dive=0;CPXPARAM_MIP_Strategy_File=1;CPXPARAM_MIP_Strategy_HeuristicFreq=0;CPXPARAM_MIP_Strategy_LBHeur=0;CPXPARAM_MIP_Strategy_NodeSelect=1;CPXPARAM_MIP_Strategy_Order=1;CPXPARAM_MIP_Strategy_PresolveNode=0;CPXPARAM_MIP_Strategy_Probe=0;CPXPARAM_MIP_Strategy_RINSHeur=0;CPXPARAM_MIP_Strategy_StartAlgorithm=0;CPXPARAM_MIP_Strategy_SubAlgorithm=0;CPXPARAM_MIP_Strategy_VariableSelect=0;CPXPARAM_Network_NetFind=2;CPXPARAM_Network_Pricing=0;CPXPARAM_Parallel=1;CPXPARAM_Preprocessing_Aggregator=-1;CPXPARAM_Preprocessing_BoundStrength=-1;CPXPARAM_Preprocessing_CoeffReduce=-1;CPXPARAM_Preprocessing_Dependency=-1;CPXPARAM_Preprocessing_Dual=0;CPXPARAM_Preprocessing_Fill=10;CPXPARAM_Preprocessing_NumPass=-1;CPXPARAM_Preprocessing_Presolve=1;CPXPARAM_Preprocessing_QPMakePSD=1;CPXPARAM_Preprocessing_Reduce=3;CPXPARAM_Preprocessing_Relax=-1;CPXPARAM_Preprocessing_RepeatPresolve=-1;CPXPARAM_Preprocessing_Symmetry=-1;CPXPARAM_Read_Scale=0;CPXPARAM_Sifting_Algorithm=0;CPXPARAM_Simplex_Crash=1;CPXPARAM_Simplex_DGradient=0;CPXPARAM_Simplex_Limits_Perturbation=0;CPXPARAM_Simplex_Limits_Singularity=10;CPXPARAM_Simplex_PGradient=0;CPXPARAM_Simplex_Pricing=0;CPXPARAM_Simplex_Refactor=0
6942873801764465568,0,CPXPARAM_Advance=1;CPXPARAM_Barrier_Algorithm=0;CPXPARAM_Barrier_ColNonzeros=0;CPXPARAM_Barrier_Crossover=0;CPXPARAM_Barrier_Limits_Corrections=-1;CPXPARAM_Barrier_Ordering=0;CPXPARAM_Barrier_StartAlg=1;CPXPARAM_Emphasis_MIP=0;CPXPARAM_Emphasis_Memory=0;CPXPARAM_Emphasis_Numerical=0;CPXPARAM_Feasopt_Mode=0;CPXPARAM_LPMethod=0;CPXPARAM_MIP_Cuts_Cliques=-1;CPXPARAM_MIP_Cuts_Covers=0;CPXPARAM_MIP_Cuts_Disjunctive=0;CPXPARAM_MIP_Cuts_FlowCovers=2;CPXPARAM_MIP_Cuts_GUBCovers=2;CPXPARAM_MIP_Cuts_Gomory=0;CPXPARAM_MIP_Cuts_Implied=-1;CPXPARAM_MIP_Cuts_MIRCut=1;CPXPARAM_MIP_Cuts_PathCut=1;CPXPARAM_MIP_Limits_AggForCut=0;CPXPARAM_MIP_Limits_CutPasses=0;CPXPARAM_MIP_Limits_CutsFactor=-1;CPXPARAM_MIP_Limits_GomoryCand=25;CPXPARAM_MIP_Limits_GomoryPass=0;CPXPARAM_MIP_Limits_Nodes=9223372036800000000;CPXPARAM_MIP_Limits_ProbeTime=1e+75;CPXPARAM_MIP_Limits_RepairTries=0;CPXPARAM_MIP_Limits_StrongCand=10;CPXPARAM_MIP_Limits_StrongIt=0;CPXPARAM_MIP_OrderType=0;CPXPARAM_MIP_Strategy_BBInterval=7;CPXPARAM_MIP_Strategy_Branch=-1;CPXPARAM_MIP_Strategy_Dive=0;CPXPARAM_MIP_Strategy_File=1;CPXPARAM_MIP_Strategy_HeuristicFreq=0;CPXPARAM_MIP_Strategy_LBHeur=0;CPXPARAM_MIP_Strategy_NodeSelect=3;CPXPARAM_MIP_Strategy_Order=1;CPXPARAM_MIP_Strategy_PresolveNode=1;CPXPARAM_MIP_Strategy_Probe=2;CPXPARAM_MIP_Strategy_RINSHeur=0;CPXPARAM_MIP_Strategy_StartAlgorithm=0;CPXPARAM_MIP_Strategy_SubAlgorithm=0;CPXPARAM_MIP_Strategy_VariableSelect=4;CPXPARAM_Network_NetFind=2;CPXPARAM_Network_Pricing=0;CPXPARAM_Parallel=1;CPXPARAM_Preprocessing_Aggregator=-1;CPXPARAM_Preprocessing_BoundStrength=-1;CPXPARAM_Preprocessing_CoeffReduce=-1;CPXPARAM_Preprocessing_Dependency=-1;CPXPARAM_Preprocessing_Dual=0;CPXPARAM_Preprocessing_Fill=5;CPXPARAM_Preprocessing_NumPass=-1;CPXPARAM_Preprocessing_Presolve=1;CPXPARAM_Preprocessing_QPMakePSD=1;CPXPARAM_Preprocessing_Reduce=3;CPXPARAM_Preprocessing_Relax=-1;CPXPARAM_Preprocessing_RepeatPresolve=-1;CPXPARAM_Preprocessing_Symmetry=-1;CPXPARAM_Read_Scale=0;CPXPARAM_Sifting_Algorithm=0;CPXPARAM_Simplex_Crash=1;CPXPARAM_Simplex_DGradient=0;CPXPARAM_Simplex_Limits_Perturbation=0;CPXPARAM_Simplex_Limits_Singularity=10;CPXPARAM_Simplex_PGradient=0;CPXPARAM_Simplex_Pricing=0;CPXPARAM_Simplex_Refactor=0
4006450596971545554,0,CPXPARAM_Advance=1;CPXPARAM_Barrier_Algorithm=0;CPXPARAM_Barrier_ColNonzeros=0;CPXPARAM_Barrier_Crossover=0;CPXPARAM_Barrier_Limits_Corrections=-1;CPXPARAM_Barrier_Ordering=0;CPXPARAM_Barrier_StartAlg=1;CPXPARAM_Emphasis_MIP=5;CPXPARAM_Emphasis_Memory=0;CPXPARAM_Emphasis_Numerical=0;CPXPARAM_Feasopt_Mode=0;CPXPARAM_LPMethod=0;CPXPARAM_MIP_Cuts_Cliques=2;CPXPARAM_MIP_Cuts_Covers=-1;CPXPARAM_MIP_Cuts_Disjunctive=0;CPXPARAM_MIP_Cuts_FlowCovers=-1;CPXPARAM_MIP_Cuts_GUBCovers=-1;CPXPARAM_MIP_Cuts_Gomory=-1;CPXPARAM_MIP_Cuts_Implied=-1;CPXPARAM_MIP_Cuts_MIRCut=2;CPXPARAM_MIP_Cuts_PathCut=2;CPXPARAM_MIP_Limits_AggForCut=3;CPXPARAM_MIP_Limits_CutPasses=0;CPXPARAM_MIP_Limits_CutsFactor=-1;CPXPARAM_MIP_Limits_GomoryCand=50;CPXPARAM_MIP_Limits_GomoryPass=0;CPXPARAM_MIP_Limits_Nodes=9223372036800000000;CPXPARAM_MIP_Limits_ProbeTime=1e+75;CPXPARAM_MIP_Limits_RepairTries=0;CPXPARAM_MIP_Limits_StrongCand=10;CPXPARAM_MIP_Limits_StrongIt=0;CPXPARAM_MIP_OrderType=0;CPXPARAM_MIP_Strategy_BBInterval=7;CPXPARAM_MIP_Strategy_Branch=0;CPXPARAM_MIP_Strategy_Dive=0;CPXPARAM_MIP_Strategy_File=1;CPXPARAM_MIP_Strategy_HeuristicFreq=0;CPXPARAM_MIP_Strategy_LBHeur=0;CPXPARAM_MIP_Strategy_NodeSelect=1;CPXPARAM_MIP_Strategy_Order=1;CPXPARAM_MIP_Strategy_PresolveNode=0;CPXPARAM_MIP_Strategy_Probe=0;CPXPARAM_MIP_Strategy_RINSHeur=0;CPXPARAM_MIP_Strategy_StartAlgorithm=0;CPXPARAM_MIP_Strategy_SubAlgorithm=0;CPXPARAM_MIP_Strategy_VariableSelect=1;CPXPARAM_Network_NetFind=2;CPXPARAM_Network_Pricing=0;CPXPARAM_Parallel=1;CPXPARAM_Preprocessing_Aggregator=-1;CPXPARAM_Preprocessing_BoundStrength=-1;CPXPARAM_Preprocessing_CoeffReduce=-1;CPXPARAM_Preprocessing_Dependency=-1;CPXPARAM_Preprocessing_Dual=0;CPXPARAM_Preprocessing_Fill=10;CPXPARAM_Preprocessing_NumPass=-1;CPXPARAM_Preprocessing_Presolve=1;CPXPARAM_Preprocessing_QPMakePSD=1;CPXPARAM_Preprocessing_Reduce=3;CPXPARAM_Preprocessing_Relax=-1;CPXPARAM_Preprocessing_RepeatPresolve=-1;CPXPARAM_Preprocessing_Symmetry=-1;CPXPARAM_Read_Scale=0;CPXPARAM_Sifting_Algorithm=0;CPXPARAM_Simplex_Crash=1;CPXPARAM_Simplex_DGradient=0;CPXPARAM_Simplex_Limits_Perturbation=0;CPXPARAM_Simplex_Limits_Singularity=10;CPXPARAM_Simplex_PGradient=0;CPXPARAM_Simplex_Pricing=0;CPXPARAM_Simplex_Refactor=0
5323844928765964687,0,CPXPARAM_Advance=1;CPXPARAM_Barrier_Algorithm=0;CPXPARAM_Barrier_ColNonzeros=0;CPXPARAM_Barrier_Crossover=0;CPXPARAM_Barrier_Limits_Corrections=-1;CPXPARAM_Barrier_Ordering=0;CPXPARAM_Barrier_StartAlg=1;CPXPARAM_Emphasis_MIP=0;CPXPARAM_Emphasis_Memory=0;CPXPARAM_Emphasis_Numerical=0;CPXPARAM_Feasopt_Mode=0;CPXPARAM_LPMethod=0;CPXPARAM_MIP_Cuts_Cliques=3;CPXPARAM_MIP_Cuts_Covers=0;CPXPARAM_MIP_Cuts_Disjunctive=0;CPXPARAM_MIP_Cuts_FlowCovers=2;CPXPARAM_MIP_Cuts_GUBCovers=2;CPXPARAM_MIP_Cuts_Gomory=0;CPXPARAM_MIP_Cuts_Implied=-1;CPXPARAM_MIP_Cuts_MIRCut=1;CPXPARAM_MIP_Cuts_PathCut=1;CPXPARAM_MIP_Limits_AggForCut=0;CPXPARAM_MIP_Limits_CutPasses=0;CPXPARAM_MIP_Limits_CutsFactor=-1;CPXPARAM_MIP_Limits_GomoryCand=25;CPXPARAM_MIP_Limits_GomoryPass=0;CPXPARAM_MIP_Limits_Nodes=9223372036800000000;CPXPARAM_MIP_Limits_ProbeTime=1e+75;CPXPARAM_MIP_Limits_RepairTries=0;CPXPARAM_MIP_Limits_StrongCand=10;CPXPARAM_MIP_Limits_StrongIt=0;CPXPARAM_MIP_OrderType=0;CPXPARAM_MIP_Strategy_BBInterval=7;CPXPARAM_MIP_Strategy_Branch=-1;CPXPARAM_MIP_Strategy_Dive=0;CPXPARAM_MIP_Strategy_File=1;CPXPARAM_MIP_Strategy_HeuristicFreq=0;CPXPARAM_MIP_Strategy_LBHeur=0;CPXPARAM_MIP_Strategy_NodeSelect=3;CPXPARAM_MIP_Strategy_Order=1;CPXPARAM_MIP_Strategy_PresolveNode=1;CPXPARAM_MIP_Strategy_Probe=2;CPXPARAM_MIP_Strategy_RINSHeur=0;CPXPARAM_MIP_Strategy_StartAlgorithm=0;CPXPARAM_MIP_Strategy_SubAlgorithm=0;CPXPARAM_MIP_Strategy_VariableSelect=4;CPXPARAM_Network_NetFind=2;CPXPARAM_Network_Pricing=0;CPXPARAM_Parallel=1;CPXPARAM_Preprocessing_Aggregator=-1;CPXPARAM_Preprocessing_BoundStrength=-1;CPXPARAM_Preprocessing_CoeffReduce=-1;CPXPARAM_Preprocessing_Dependency=-1;CPXPARAM_Preprocessing_Dual=0;CPXPARAM_Preprocessing_Fill=2;CPXPARAM_Preprocessing_NumPass=-1;CPXPARAM_Preprocessing_Presolve=1;CPXPARAM_Preprocessing_QPMakePSD=1;CPXPARAM_Preprocessing_Reduce=3;CPXPARAM_Preprocessing_Relax=-1;CPXPARAM_Preprocessing_RepeatPresolve=-1;CPXPARAM_Preprocessing_Symmetry=-1;CPXPARAM_Read_Scale=0;CPXPARAM_Sifting_Algorithm=0;CPXPARAM_Simplex_Crash=1;CPXPARAM_Simplex_DGradient=0;CPXPARAM_Simplex_Limits_Perturbation=0;CPXPARAM_Simplex_Limits_Singularity=10;CPXPARAM_Simplex_PGradient=0;CPXPARAM_Simplex_Pricing=0;CPXPARAM_Simplex_Refactor=0
10123131310283449541,0,CPXPARAM_Advance=1;CPXPARAM_Barrier_Algorithm=0;CPXPARAM_Barrier_ColNonzeros=0;CPXPARAM_Barrier_Crossover=0;CPXPARAM_Barrier_Limits_Corrections=-1;CPXPARAM_Barrier_Ordering=0;CPXPARAM_Barrier_StartAlg=1;CPXPARAM_Emphasis_MIP=0;CPXPARAM_Emphasis_Memory=0;CPXPARAM_Emphasis_Numerical=0;CPXPARAM_Feasopt_Mode=0;CPXPARAM_LPMethod=0;CPXPARAM_MIP_Cuts_Cliques=3;CPXPARAM_MIP_Cuts_Covers=0;CPXPARAM_MIP_Cuts_Disjunctive=0;CPXPARAM_MIP_Cuts_FlowCovers=2;CPXPARAM_MIP_Cuts_GUBCovers=2;CPXPARAM_MIP_Cuts_Gomory=0;CPXPARAM_MIP_Cuts_Implied=-1;CPXPARAM_MIP_Cuts_MIRCut=2;CPXPARAM_MIP_Cuts_PathCut=1;CPXPARAM_MIP_Limits_AggForCut=0;CPXPARAM_MIP_Limits_CutPasses=0;CPXPARAM_MIP_Limits_CutsFactor=-1;CPXPARAM_MIP_Limits_GomoryCand=25;CPXPARAM_MIP_Limits_GomoryPass=0;CPXPARAM_MIP_Limits_Nodes=9223372036800000000;CPXPARAM_MIP_Limits_ProbeTime=1e+75;CPXPARAM_MIP_Limits_RepairTries=0;CPXPARAM_MIP_Limits_StrongCand=10;CPXPARAM_MIP_Limits_StrongIt=0;CPXPARAM_MIP_OrderType=0;CPXPARAM_MIP_Strategy_BBInterval=7;CPXPARAM_MIP_Strategy_Branch=-1;CPXPARAM_MIP_Strategy_Dive=0;CPXPARAM_MIP_Strategy_File=1;CPXPARAM_MIP_Strategy_HeuristicFreq=0;CPXPARAM_MIP_Strategy_LBHeur=0;CPXPARAM_MIP_Strategy_NodeSelect=3;CPXPARAM_MIP_Strategy_Order=1;CPXPARAM_MIP_Strategy_PresolveNode=1;CPXPARAM_MIP_Strategy_Probe=2;CPXPARAM_MIP_Strategy_RINSHeur=0;CPXPARAM_MIP_Strategy_StartAlgorithm=0;CPXPARAM_MIP_Strategy_SubAlgorithm=0;CPXPARAM_MIP_Strategy_VariableSelect=4;CPXPARAM_Network_NetFind=2;CPXPARAM_Network_Pricing=0;CPXPARAM_Parallel=1;CPXPARAM_Preprocessing_Aggregator=-1;CPXPARAM_Preprocessing_BoundStrength=-1;CPXPARAM_Preprocessing_CoeffReduce=-1;CPXPARAM_Preprocessing_Dependency=-1;CPXPARAM_Preprocessing_Dual=0;CPXPARAM_Preprocessing_Fill=5;CPXPARAM_Preprocessing_NumPass=-1;CPXPARAM_Preprocessing_Presolve=1;CPXPARAM_Preprocessing_QPMakePSD=1;CPXPARAM_Preprocessing_Reduce=3;CPXPARAM_Preprocessing_Relax=-1;CPXPARAM_Preprocessing_RepeatPresolve=-1;CPXPARAM_Preprocessing_Symmetry=-1;CPXPARAM_Read_Scale=0;CPXPARAM_Sifting_Algorithm=0;CPXPARAM_Simplex_Crash=1;CPXPARAM_Simplex_DGradient=0;CPXPARAM_Simplex_Limits_Perturbation=0;CPXPARAM_Simplex_Limits_Singularity=10;CPXPARAM_Simplex_PGradient=0;CPXPARAM_Simplex_Pricing=0;CPXPARAM_Simplex_Refactor=0
12266858527525061259,0,CPXPARAM_Advance=1;CPXPARAM_Barrier_Algorithm=0;CPXPARAM_Barrier_ColNonzeros=0;CPXPARAM_Barrier_Crossover=0;CPXPARAM_Barrier_Limits_Corrections=-1;CPXPARAM_Barrier_Ordering=0;CPXPARAM_Barrier_StartAlg=1;CPXPARAM_Emphasis_MIP=2;CPXPARAM_Emphasis_Memory=0;CPXPARAM_Emphasis_Numerical=0;CPXPARAM_Feasopt_Mode=0;CPXPARAM_LPMethod=0;CPXPARAM_MIP_Cuts_Cliques=1;CPXPARAM_MIP_Cuts_Covers=-1;CPXPARAM_MIP_Cuts_Disjunctive=1;CPXPARAM_MIP_Cuts_FlowCovers=1;CPXPARAM_MIP_Cuts_GUBCovers=-1;CPXPARAM_MIP_Cuts_Gomory=2;CPXPARAM_MIP_Cuts_Implied=-1;CPXPARAM_MIP_Cuts_MIRCut=2;CPXPARAM_MIP_Cuts_PathCut=1;CPXPARAM_MIP_Limits_AggForCut=5;CPXPARAM_MIP_Limits_CutPasses=0;CPXPARAM_MIP_Limits_CutsFactor=-1;CPXPARAM_MIP_Limits_GomoryCand=100;CPXPARAM_MIP_Limits_GomoryPass=0;CPXPARAM_MIP_Limits_Nodes=9223372036800000000;CPXPARAM_MIP_Limits_ProbeTime=1e+75;CPXPARAM_MIP_Limits_RepairTries=0;CPXPARAM_MIP_Limits_StrongCand=10;CPXPARAM_MIP_Limits_StrongIt=0;CPXPARAM_MIP_OrderType=0;CPXPARAM_MIP_Strategy_BBInterval=7;CPXPARAM_MIP_Strategy_Branch=-1;CPXPARAM_MIP_Strategy_Dive=0;CPXPARAM_MIP_Strategy_File=1;CPXPARAM_MIP_Strategy_HeuristicFreq=0;CPXPARAM_MIP_Strategy_LBHeur=0;CPXPARAM_MIP_Strategy_NodeSelect=0;CPXPARAM_MIP_Strategy_Order=1;CPXPARAM_MIP_Strategy_PresolveNode=0;CPXPARAM_MIP_Strategy_Probe=1;CPXPARAM_MIP_Strategy_RINSHeur=0;CPXPARAM_MIP_Strategy_StartAlgorithm=0;CPXPARAM_MIP_Strategy_SubAlgorithm=0;CPXPARAM_MIP_Strategy_VariableSelect=4;CPXPARAM_Network_NetFind=2;CPXPARAM_Network_Pricing=0;CPXPARAM_Parallel=1;CPXPARAM_Preprocessing_Aggregator=-1;CPXPARAM_Preprocessing_BoundStrength=-1;CPXPARAM_Preprocessing_CoeffReduce=-1;CPXPARAM_Preprocessing_Dependency=-1;CPXPARAM_Preprocessing_Dual=0;CPXPARAM_Preprocessing_Fill=10;CPXPARAM_Preprocessing_NumPass=-1;CPXPARAM_Preprocessing_Presolve=1;CPXPARAM_Preprocessing_QPMakePSD=1;CPXPARAM_Preprocessing_Reduce=3;CPXPARAM_Preprocessing_Relax=-1;CPXPARAM_Preprocessing_RepeatPresolve=-1;CPXPARAM_Preprocessing_Symmetry=-1;CPXPARAM_Read_Scale=0;CPXPARAM_Sifting_Algorithm=0;CPXPARAM_Simplex_Crash=1;CPXPARAM_Simplex_DGradient=0;CPXPARAM_Simplex_Limits_Perturbation=0;CPXPARAM_Simplex_Limits_Singularity=10;CPXPARAM_Simplex_PGradient=0;CPXPARAM_Simplex_Pricing=0;CPXPARAM_Simplex_Refactor=0
12325776088632415744,0,CPXPARAM_Advance=1;CPXPARAM_Barrier_Algorithm=0;CPXPARAM_Barrier_ColNonzeros=0;CPXPARAM_Barrier_Crossover=0;CPXPARAM_Barrier_Limits_Corrections=-1;CPXPARAM_Barrier_Ordering=0;CPXPARAM_Barrier_StartAlg=1;CPXPARAM_Emphasis_MIP=0;CPXPARAM_Emphasis_Memory=0;CPXPARAM_Emphasis_Numerical=0;CPXPARAM_Feasopt_Mode=0;CPXPARAM_LPMethod=0;CPXPARAM_MIP_Cuts_Cliques=1;CPXPARAM_MIP_Cuts_Covers=-1;CPXPARAM_MIP_Cuts_Disjunctive=-1;CPXPARAM_MIP_Cuts_FlowCovers=-1;CPXPARAM_MIP_Cuts_GUBCovers=1;CPXPARAM_MIP_Cuts_Gomory=-1;CPXPARAM_MIP_Cuts_Implied=-1;CPXPARAM_MIP_Cuts_MIRCut=-1;CPXPARAM_MIP_Cuts_PathCut=-1;CPXPARAM_MIP_Limits_AggForCut=5;CPXPARAM_MIP_Limits_CutPasses=0;CPXPARAM_MIP_Limits_CutsFactor=-1;CPXPARAM_MIP_Limits_GomoryCand=200;CPXPARAM_MIP_Limits_GomoryPass=0;CPXPARAM_MIP_Limits_Nodes=9223372036800000000;CPXPARAM_MIP_Limits_ProbeTime=1e+75;CPXPARAM_MIP_Limits_RepairTries=0;CPXPARAM_MIP_Limits_StrongCand=10;CPXPARAM_MIP_Limits_StrongIt=0;CPXPARAM_MIP_OrderType=3;CPXPARAM_MIP_Strategy_BBInterval=7;CPXPARAM_MIP_Strategy_Branch=-1;CPXPARAM_MIP_Strategy_Dive=0;CPXPARAM_MIP_Strategy_File=1;CPXPARAM_MIP_Strategy_HeuristicFreq=0;CPXPARAM_MIP_Strategy_LBHeur=0;CPXPARAM_MIP_Strategy_NodeSelect=3;CPXPARAM_MIP_Strategy_Order=1;CPXPARAM_MIP_Strategy_PresolveNode=-1;CPXPARAM_MIP_Strategy_Probe=0;CPXPARAM_MIP_Strategy_RINSHeur=0;CPXPARAM_MIP_Strategy_StartAlgorithm=0;CPXPARAM_MIP_Strategy_SubAlgorithm=0;CPXPARAM_MIP_Strategy_VariableSelect=0;CPXPARAM_Network_NetFind=2;CPXPARAM_Network_Pricing=0;CPXPARAM_Parallel=1;CPXPARAM_Preprocessing_Aggregator=-1;CPXPARAM_Preprocessing_BoundStrength=-1;CPXPARAM_Preprocessing_CoeffReduce=-1;CPXPARAM_Preprocessing_Dependency=-1;CPXPARAM_Preprocessing_Dual=0;CPXPARAM_Preprocessing_Fill=10;CPXPARAM_Preprocessing_NumPass=-1;CPXPARAM_Preprocessing_Presolve=1;CPXPARAM_Preprocessing_QPMakePSD=1;CPXPARAM_Preprocessing_Reduce=2;CPXPARAM_Preprocessing_Relax=-1;CPXPARAM_Preprocessing_RepeatPresolve=-1;CPXPARAM_Preprocessing_Symmetry=-1;CPXPARAM_Read_Scale=0;CPXPARAM_Sifting_Algorithm=0;CPXPARAM_Simplex_Crash=1;CPXPARAM_Simplex_DGradient=0;CPXPARAM_Simplex_Limits_Perturbation=0;CPXPARAM_Simplex_Limits_Singularity=10;CPXPARAM_Simplex_PGradient=0;CPXPARAM_Simplex_Pricing=0;CPXPARAM_Simplex_Refactor=0
12837114992375933904,0,CPXPARAM_Advance=1;CPXPARAM_Barrier_Algorithm=0;CPXPARAM_Barrier_ColNonzeros=0;CPXPARAM_Barrier_Crossover=0;CPXPARAM_Barrier_Limits_Corrections=-1;CPXPARAM_Barrier_Ordering=0;CPXPARAM_Barrier_StartAlg=1;CPXPARAM_Emphasis_MIP=2;CPXPARAM_Emphasis_Memory=0;CPXPARAM_Emphasis_Numerical=0;CPXPARAM_Feasopt_Mode=0;CPXPARAM_LPMethod=0;CPXPARAM_MIP_Cuts_Cliques=1;CPXPARAM_MIP_Cuts_Covers=-1;CPXPARAM_MIP_Cuts_Disjunctive=1;CPXPARAM_MIP_Cuts_FlowCovers=1;CPXPARAM_MIP_Cuts_GUBCovers=-1;CPXPARAM_MIP_Cuts_Gomory=2;CPXPARAM_MIP_Cuts_Implied=-1;CPXPARAM_MIP_Cuts_MIRCut=2;CPXPARAM_MIP_Cuts_PathCut=2;CPXPARAM_MIP_Limits_AggForCut=5;CPXPARAM_MIP_Limits_CutPasses=0;CPXPARAM_MIP_Limits_CutsFactor=-1;CPXPARAM_MIP_Limits_GomoryCand=100;CPXPARAM_MIP_Limits_GomoryPass=0;CPXPARAM_MIP_Limits_Nodes=9223372036800000000;CPXPARAM_MIP_Limits_ProbeTime=1e+75;CPXPARAM_MIP_Limits_RepairTries=0;CPXPARAM_MIP_Limits_StrongCand=10;CPXPARAM_MIP_Limits_StrongIt=0;CPXPARAM_MIP_OrderType=0;CPXPARAM_MIP_Strategy_BBInterval=7;CPXPARAM_MIP_Strategy_Branch=-1;CPXPARAM_MIP_Strategy_Dive=0;CPXPARAM_MIP_Strategy_File=1;CPXPARAM_MIP_Strategy_HeuristicFreq=0;CPXPARAM_MIP_Strategy_LBHeur=0;CPXPARAM_MIP_Strategy_NodeSelect=0;CPXPARAM_MIP_Strategy_Order=1;CPXPARAM_MIP_Strategy_PresolveNode=0;CPXPARAM_MIP_Strategy_Probe=1;CPXPARAM_MIP_Strategy_RINSHeur=0;CPXPARAM_MIP_Strategy_StartAlgorithm=0;CPXPARAM_MIP_Strategy_SubAlgorithm=0;CPXPARAM_MIP_Strategy_VariableSelect=4;CPXPARAM_Network_NetFind=2;CPXPARAM_Network_Pricing=0;CPXPARAM_Parallel=1;CPXPARAM_Preprocessing_Aggregator=-1;CPXPARAM_Preprocessing_BoundStrength=-1;CPXPARAM_Preprocessing_CoeffReduce=-1;CPXPARAM_Preprocessing_Dependency=-1;CPXPARAM_Preprocessing_Dual=0;CPXPARAM_Preprocessing_Fill=10;CPXPARAM_Preprocessing_NumPass=-1;CPXPARAM_Preprocessing_Presolve=1;CPXPARAM_Preprocessing_QPMakePSD=1;CPXPARAM_Preprocessing_Reduce=3;CPXPARAM_Preprocessing_Relax=-1;CPXPARAM_Preprocessing_RepeatPresolve=-1;CPXPARAM_Preprocessing_Symmetry=-1;CPXPARAM_Read_Scale=0;CPXPARAM_Sifting_Algorithm=0;CPXPARAM_Simplex_Crash=1;CPXPARAM_Simplex_DGradient=0;CPXPARAM_Simplex_Limits_Perturbation=0;CPXPARAM_Simplex_Limits_Singularity=10;CPXPARAM_Simplex_PGradient=0;CPXPARAM_Simplex_Pricing=0;CPXPARAM_Simplex_Refactor=0
9341511460769552867,0,CPXPARAM_Advance=1;CPXPARAM_Barrier_Algorithm=0;CPXPARAM_Barrier_ColNonzeros=0;CPXPARAM_Barrier_Crossover=0;CPXPARAM_Barrier_Limits_Corrections=-1;CPXPARAM_Barrier_Ordering=0;CPXPARAM_Barrier_StartAlg=1;CPXPARAM_Emphasis_MIP=2;CPXPARAM_Emphasis_Memory=0;CPXPARAM_Emphasis_Numerical=0;CPXPARAM_Feasopt_Mode=0;CPXPARAM_LPMethod=0;CPXPARAM_MIP_Cuts_Cliques=1;CPXPARAM_MIP_Cuts_Covers=-1;CPXPARAM_MIP_Cuts_Disjunctive=1;CPXPARAM_MIP_Cuts_FlowCovers=0;CPXPARAM_MIP_Cuts_GUBCovers=-1;CPXPARAM_MIP_Cuts_Gomory=2;CPXPARAM_MIP_Cuts_Implied=-1;CPXPARAM_MIP_Cuts_MIRCut=2;CPXPARAM_MIP_Cuts_PathCut=1;CPXPARAM_MIP_Limits_AggForCut=5;CPXPARAM_MIP_Limits_CutPasses=0;CPXPARAM_MIP_Limits_CutsFactor=-1;CPXPARAM_MIP_Limits_GomoryCand=25;CPXPARAM_MIP_Limits_GomoryPass=0;CPXPARAM_MIP_Limits_Nodes=9223372036800000000;CPXPARAM_MIP_Limits_ProbeTime=1e+75;CPXPARAM_MIP_Limits_RepairTries=0;CPXPARAM_MIP_Limits_StrongCand=10;CPXPARAM_MIP_Limits_StrongIt=0;CPXPARAM_MIP_OrderType=0;CPXPARAM_MIP_Strategy_BBInterval=7;CPXPARAM_MIP_Strategy_Branch=-1;CPXPARAM_MIP_Strategy_Dive=0;CPXPARAM_MIP_Strategy_File=1;CPXPARAM_MIP_Strategy_HeuristicFreq=0;CPXPARAM_MIP_Strategy_LBHeur=0;CPXPARAM_MIP_Strategy_NodeSelect=0;CPXPARAM_MIP_Strategy_Order=1;CPXPARAM_MIP_Strategy_PresolveNode=0;CPXPARAM_MIP_Strategy_Probe=1;CPXPARAM_MIP_Strategy_RINSHeur=0;CPXPARAM_MIP_Strategy_StartAlgorithm=0;CPXPARAM_MIP_Strategy_SubAlgorithm=0;CPXPARAM_MIP_Strategy_VariableSelect=4;CPXPARAM_Network_NetFind=2;CPXPARAM_Network_Pricing=0;CPXPARAM_Parallel=1;CPXPARAM_Preprocessing_Aggregator=-1;CPXPARAM_Preprocessing_BoundStrength=-1;CPXPARAM_Preprocessing_CoeffReduce=-1;CPXPARAM_Preprocessing_Dependency=-1;CPXPARAM_Preprocessing_Dual=0;CPXPARAM_Preprocessing_Fill=10;CPXPARAM_Preprocessing_NumPass=-1;CPXPARAM_Preprocessing_Presolve=1;CPXPARAM_Preprocessing_QPMakePSD=1;CPXPARAM_Preprocessing_Reduce=3;CPXPARAM_Preprocessing_Relax=-1;CPXPARAM_Preprocessing_RepeatPresolve=-1;CPXPARAM_Preprocessing_Symmetry=-1;CPXPARAM_Read_Scale=0;CPXPARAM_Sifting_Algorithm=0;CPXPARAM_Simplex_Crash=1;CPXPARAM_Simplex_DGradient=0;CPXPARAM_Simplex_Limits_Perturbation=0;CPXPARAM_Simplex_Limits_Singularity=10;CPXPARAM_Simplex_PGradient=0;CPXPARAM_Simplex_Pricing=0;CPXPARAM_Simplex_Refactor=0
461842092716788231,0,CPXPARAM_Advance=1;CPXPARAM_Barrier_Algorithm=0;CPXPARAM_Barrier_ColNonzeros=0;CPXPARAM_Barrier_Crossover=0;CPXPARAM_Barrier_Limits_Corrections=-1;CPXPARAM_Barrier_Ordering=0;CPXPARAM_Barrier_StartAlg=1;CPXPARAM_Emphasis_MIP=2;CPXPARAM_Emphasis_Memory=0;CPXPARAM_Emphasis_Numerical=0;CPXPARAM_Feasopt_Mode=0;CPXPARAM_LPMethod=0;CPXPARAM_MIP_Cuts_Cliques=1;CPXPARAM_MIP_Cuts_Covers=-1;CPXPARAM_MIP_Cuts_Disjunctive=1;CPXPARAM_MIP_Cuts_FlowCovers=1;CPXPARAM_MIP_Cuts_GUBCovers=-1;CPXPARAM_MIP_Cuts_Gomory=2;CPXPARAM_MIP_Cuts_Implied=1;CPXPARAM_MIP_Cuts_MIRCut=2;CPXPARAM_MIP_Cuts_PathCut=1;CPXPARAM_MIP_Limits_AggForCut=5;CPXPARAM_MIP_Limits_CutPasses=0;CPXPARAM_MIP_Limits_CutsFactor=-1;CPXPARAM_MIP_Limits_GomoryCand=25;CPXPARAM_MIP_Limits_GomoryPass=0;CPXPARAM_MIP_Limits_Nodes=9223372036800000000;CPXPARAM_MIP_Limits_ProbeTime=1e+75;CPXPARAM_MIP_Limits_RepairTries=0;CPXPARAM_MIP_Limits_StrongCand=10;CPXPARAM_MIP_Limits_StrongIt=0;CPXPARAM_MIP_OrderType=0;CPXPARAM_MIP_Strategy_BBInterval=7;CPXPARAM_MIP_Strategy_Branch=-1;CPXPARAM_MIP_Strategy_Dive=0;CPXPARAM_MIP_Strategy_File=1;CPXPARAM_MIP_Strategy_HeuristicFreq=0;CPXPARAM_MIP_Strategy_LBHeur=0;CPXPARAM_MIP_Strategy_NodeSelect=0;CPXPARAM_MIP_Strategy_Order=1;CPXPARAM_MIP_Strategy_PresolveNode=0;CPXPARAM_MIP_Strategy_Probe=1;CPXPARAM_MIP_Strategy_RINSHeur=0;CPXPARAM_MIP_Strategy_StartAlgorithm=0;CPXPARAM_MIP_Strategy_SubAlgorithm=0;CPXPARAM_MIP_Strategy_VariableSelect=4;CPXPARAM_Network_NetFind=2;CPXPARAM_Network_Pricing=0;CPXPARAM_Parallel=1;CPXPARAM_Preprocessing_Aggregator=-1;CPXPARAM_Preprocessing_BoundStrength=-1;CPXPARAM_Preprocessing_CoeffReduce=-1;CPXPARAM_Preprocessing_Dependency=-1;CPXPARAM_Preprocessing_Dual=0;CPXPARAM_Preprocessing_Fill=10;CPXPARAM_Preprocessing_NumPass=-1;CPXPARAM_Preprocessing_Presolve=1;CPXPARAM_Preprocessing_QPMakePSD=1;CPXPARAM_Preprocessing_Reduce=3;CPXPARAM_Preprocessing_Relax=-1;CPXPARAM_Preprocessing_RepeatPresolve=-1;CPXPARAM_Preprocessing_Symmetry=-1;CPXPARAM_Read_Scale=0;CPXPARAM_Sifting_Algorithm=0;CPXPARAM_Simplex_Crash=1;CPXPARAM_Simplex_DGradient=0;CPXPARAM_Simplex_Limits_Perturbation=0;CPXPARAM_Simplex_Limits_Singularity=10;CPXPARAM_Simplex_PGradient=0;CPXPARAM_Simplex_Pricing=0;CPXPARAM_Simplex_Refactor=0
6932376228272672198,0,CPXPARAM_Advance=1;CPXPARAM_Barrier_Algorithm=0;CPXPARAM_Barrier_ColNonzeros=0;CPXPARAM_Barrier_Crossover=0;CPXPARAM_Barrier_Limits_Corrections=-1;CPXPARAM_Barrier_Ordering=0;CPXPARAM_Barrier_StartAlg=1;CPXPARAM_Emphasis_MIP=2;CPXPARAM_Emphasis_Memory=0;CPXPARAM_Emphasis_Numerical=0;CPXPARAM_Feasopt_Mode=0;CPXPARAM_LPMethod=0;CPXPARAM_MIP_Cuts_Cliques=1;CPXPARAM_MIP_Cuts_Covers=-1;CPXPARAM_MIP_Cuts_Disjunctive=1;CPXPARAM_MIP_Cuts_FlowCovers=1;CPXPARAM_MIP_Cuts_GUBCovers=-1;CPXPARAM_MIP_Cuts_Gomory=2;CPXPARAM_MIP_Cuts_Implied=-1;CPXPARAM_MIP_Cuts_MIRCut=2;CPXPARAM_MIP_Cuts_PathCut=1;CPXPARAM_MIP_Limits_AggForCut=5;CPXPARAM_MIP_Limits_CutPasses=0;CPXPARAM_MIP_Limits_CutsFactor=-1;CPXPARAM_MIP_Limits_GomoryCand=800;CPXPARAM_MIP_Limits_GomoryPass=0;CPXPARAM_MIP_Limits_Nodes=9223372036800000000;CPXPARAM_MIP_Limits_ProbeTime=1e+75;CPXPARAM_MIP_Limits_RepairTries=0;CPXPARAM_MIP_Limits_StrongCand=10;CPXPARAM_MIP_Limits_StrongIt=0;CPXPARAM_MIP_OrderType=0;CPXPARAM_MIP_Strategy_BBInterval=7;CPXPARAM_MIP_Strategy_Branch=-1;CPXPARAM_MIP_Strategy_Dive=0;CPXPARAM_MIP_Strategy_File=1;CPXPARAM_MIP_Strategy_HeuristicFreq=0;CPXPARAM_MIP_Strategy_LBHeur=0;CPXPARAM_MIP_Strategy_NodeSelect=0;CPXPARAM_MIP_Strategy_Order=1;CPXPARAM_MIP_Strategy_PresolveNode=0;CPXPARAM_MIP_Strategy_Probe=1;CPXPARAM_MIP_Strategy_RINSHeur=0;CPXPARAM_MIP_Strategy_StartAlgorithm=0;CPXPARAM_MIP_Strategy_SubAlgorithm=0;CPXPARAM_MIP_Strategy_VariableSelect=4;CPXPARAM_Network_NetFind=2;CPXPARAM_Network_Pricing=0;CPXPARAM_Parallel=1;CPXPARAM_Preprocessing_Aggregator=-1;CPXPARAM_Preprocessing_BoundStrength=-1;CPXPARAM_Preprocessing_CoeffReduce=-1;CPXPARAM_Preprocessing_Dependency=-1;CPXPARAM_Preprocessing_Dual=0;CPXPARAM_Preprocessing_Fill=10;CPXPARAM_Preprocessing_NumPass=-1;CPXPARAM_Preprocessing_Presolve=1;CPXPARAM_Preprocessing_QPMakePSD=1;CPXPARAM_Preprocessing_Reduce=3;CPXPARAM_Preprocessing_Relax=-1;CPXPARAM_Preprocessing_RepeatPresolve=-1;CPXPARAM_Preprocessing_Symmetry=-1;CPXPARAM_Read_Scale=0;CPXPARAM_Sifting_Algorithm=0;CPXPARAM_Simplex_Crash=1;CPXPARAM_Simplex_DGradient=0;CPXPARAM_Simplex_Limits_Perturbation=0;CPXPARAM_Simplex_Limits_Singularity=10;CPXPARAM_Simplex_PGradient=0;CPXPARAM_Simplex_Pricing=0;CPXPARAM_Simplex_Refactor=0
440733666297350043,0,CPXPARAM_Advance=1;CPXPARAM_Barrier_Algorithm=0;CPXPARAM_Barrier_ColNonzeros=0;CPXPARAM_Barrier_Crossover=0;CPXPARAM_Barrier_Limits_Corrections=-1;CPXPARAM_Barrier_Ordering=0;CPXPARAM_Barrier_StartAlg=1;CPXPARAM_Emphasis_MIP=4;CPXPARAM_Emphasis_Memory=0;CPXPARAM_Emphasis_Numerical=0;CPXPARAM_Feasopt_Mode=0;CPXPARAM_LPMethod=0;CPXPARAM_MIP_Cuts_Cliques=0;CPXPARAM_MIP_Cuts_Covers=1;CPXPARAM_MIP_Cuts_Disjunctive=0;CPXPARAM_MIP_Cuts_FlowCovers=2;CPXPARAM_MIP_Cuts_GUBCovers=2;CPXPARAM_MIP_Cuts_Gomory=0;CPXPARAM_MIP_Cuts_Implied=0;CPXPARAM_MIP_Cuts_MIRCut=2;CPXPARAM_MIP_Cuts_PathCut=1;CPXPARAM_MIP_Limits_AggForCut=3;CPXPARAM_MIP_Limits_CutPasses=0;CPXPARAM_MIP_Limits_CutsFactor=-1;CPXPARAM_MIP_Limits_GomoryCand=10;CPXPARAM_MIP_Limits_GomoryPass=0;CPXPARAM_MIP_Limits_Nodes=9223372036800000000;CPXPARAM_MIP_Limits_ProbeTime=1e+75;CPXPARAM_MIP_Limits_RepairTries=0;CPXPARAM_MIP_Limits_StrongCand=10;CPXPARAM_MIP_Limits_StrongIt=0;CPXPARAM_MIP_OrderType=0;CPXPARAM_MIP_Strategy_BBInterval=7;CPXPARAM_MIP_Strategy_Branch=0;CPXPARAM_MIP_Strategy_Dive=0;CPXPARAM_MIP_Strategy_File=1;CPXPARAM_MIP_Strategy_HeuristicFreq=0;CPXPARAM_MIP_Strategy_LBHeur=0;CPXPARAM_MIP_Strategy_NodeSelect=1;CPXPARAM_MIP_Strategy_Order=1;CPXPARAM_MIP_Strategy_PresolveNode=0;CPXPARAM_MIP_Strategy_Probe=0;CPXPARAM_MIP_Strategy_RINSHeur=0;CPXPARAM_MIP_Strategy_StartAlgorithm=0;CPXPARAM_MIP_Strategy_SubAlgorithm=0;CPXPARAM_MIP_Strategy_VariableSelect=0;CPXPARAM_Network_NetFind=2;CPXPARAM_Network_Pricing=0;CPXPARAM_Parallel=1;CPXPARAM_Preprocessing_Aggregator=-1;CPXPARAM_Preprocessing_BoundStrength=-1;CPXPARAM_Preprocessing_CoeffReduce=-1;CPXPARAM_Preprocessing_Dependency=-1;CPXPARAM_Preprocessing_Dual=0;CPXPARAM_Preprocessing_Fill=10;CPXPARAM_Preprocessing_NumPass=-1;CPXPARAM_Preprocessing_Presolve=1;CPXPARAM_Preprocessing_QPMakePSD=1;CPXPARAM_Preprocessing_Reduce=3;CPXPARAM_Preprocessing_Relax=-1;CPXPARAM_Preprocessing_RepeatPresolve=-1;CPXPARAM_Preprocessing_Symmetry=-1;CPXPARAM_Read_Scale=0;CPXPARAM_Sifting_Algorithm=0;CPXPARAM_Simplex_Crash=1;CPXPARAM_Simplex_DGradient=0;CPXPARAM_Simplex_Limits_Perturbation=0;CPXPARAM_Simplex_Limits_Singularity=10;CPXPARAM_Simplex_PGradient=0;CPXPARAM_Simplex_Pricing=0;CPXPARAM_Simplex_Refactor=0
5300388660043294384,0,CPXPARAM_Advance=1;CPXPARAM_Barrier_Algorithm=0;CPXPARAM_Barrier_ColNonzeros=0;CPXPARAM_Barrier_Crossover=0;CPXPARAM_Barrier_Limits_Corrections=-1;CPXPARAM_Barrier_Ordering=0;CPXPARAM_Barrier_StartAlg=1;CPXPARAM_Emphasis_MIP=2;CPXPARAM_Emphasis_Memory=0;CPXPARAM_Emphasis_Numerical=0;CPXPARAM_Feasopt_Mode=0;CPXPARAM_LPMethod=0;CPXPARAM_MIP_Cuts_Cliques=-1;CPXPARAM_MIP_Cuts_Covers=-1;CPXPARAM_MIP_Cuts_Disjunctive=1;CPXPARAM_MIP_Cuts_FlowCovers=1;CPXPARAM_MIP_Cuts_GUBCovers=-1;CPXPARAM_MIP_Cuts_Gomory=2;CPXPARAM_MIP_Cuts_Implied=-1;CPXPARAM_MIP_Cuts_MIRCut=2;CPXPARAM_MIP_Cuts_PathCut=1;CPXPARAM_MIP_Limits_AggForCut=5;CPXPARAM_MIP_Limits_CutPasses=0;CPXPARAM_MIP_Limits_CutsFactor=-1;CPXPARAM_MIP_Limits_GomoryCand=25;CPXPARAM_MIP_Limits_GomoryPass=0;CPXPARAM_MIP_Limits_Nodes=9223372036800000000;CPXPARAM_MIP_Limits_ProbeTime=1e+75;CPXPARAM_MIP_Limits_RepairTries=0;CPXPARAM_MIP_Limits_StrongCand=10;CPXPARAM_MIP_Limits_StrongIt=0;CPXPARAM_MIP_OrderType=0;CPXPARAM_MIP_Strategy_BBInterval=7;CPXPARAM_MIP_Strategy_Branch=-1;CPXPARAM_MIP_Strategy_Dive=0;CPXPARAM_MIP_Strategy_File=1;CPXPARAM_MIP_Strategy_HeuristicFreq=0;CPXPARAM_MIP_Strategy_LBHeur=0;CPXPARAM_MIP_Strategy_NodeSelect=0;CPXPARAM_MIP_Strategy_Order=1;CPXPARAM_MIP_Strategy_PresolveNode=0;CPXPARAM_MIP_Strategy_Probe=1;CPXPARAM_MIP_Strategy_RINSHeur=0;CPXPARAM_MIP_Strategy_StartAlgorithm=0;CPXPARAM_MIP_Strategy_SubAlgorithm=0;CPXPARAM_MIP_Strategy_VariableSelect=4;CPXPARAM_Network_NetFind=2;CPXPARAM_Network_Pricing=0;CPXPARAM_Parallel=1;CPXPARAM_Preprocessing_Aggregator=-1;CPXPARAM_Preprocessing_BoundStrength=-1;CPXPARAM_Preprocessing_CoeffReduce=-1;CPXPARAM_Preprocessing_Dependency=-1;CPXPARAM_Preprocessing_Dual=0;CPXPARAM_Preprocessing_Fill=10;CPXPARAM_Preprocessing_NumPass=-1;CPXPARAM_Preprocessing_Presolve=1;CPXPARAM_Preprocessing_QPMakePSD=1;CPXPARAM_Preprocessing_Reduce=3;CPXPARAM_Preprocessing_Relax=-1;CPXPARAM_Preprocessing_RepeatPresolve=-1;CPXPARAM_Preprocessing_Symmetry=-1;CPXPARAM_Read_Scale=0;CPXPARAM_Sifting_Algorithm=0;CPXPARAM_Simplex_Crash=1;CPXPARAM_Simplex_DGradient=0;CPXPARAM_Simplex_Limits_Perturbation=0;CPXPARAM_Simplex_Limits_Singularity=10;CPXPARAM_Simplex_PGradient=0;CPXPARAM_Simplex_Pricing=0;CPXPARAM_Simplex_Refactor=0
959969162473484172,0,CPXPARAM_Advance=1;CPXPARAM_Barrier_Algorithm=0;CPXPARAM_Barrier_ColNonzeros=0;CPXPARAM_Barrier_Crossover=0;CPXPARAM_Barrier_Limits_Corrections=-1;CPXPARAM_Barrier_Ordering=0;CPXPARAM_Barrier_StartAlg=1;CPXPARAM_Emphasis_MIP=0;CPXPARAM_Emphasis_Memory=0;CPXPARAM_Emphasis_Numerical=0;CPXPARAM_Feasopt_Mode=0;CPXPARAM_LPMethod=0;CPXPARAM_MIP_Cuts_Cliques=0;CPXPARAM_MIP_Cuts_Covers=2;CPXPARAM_MIP_Cuts_Disjunctive=0;CPXPARAM_MIP_Cuts_FlowCovers=-1;CPXPARAM_MIP_Cuts_GUBCovers=-1;CPXPARAM_MIP_Cuts_Gomory=1;CPXPARAM_MIP_Cuts_Implied=1;CPXPARAM_MIP_Cuts_MIRCut=2;CPXPARAM_MIP_Cuts_PathCut=1;CPXPARAM_MIP_Limits_AggForCut=3;CPXPARAM_MIP_Limits_CutPasses=0;CPXPARAM_MIP_Limits_CutsFactor=-1;CPXPARAM_MIP_Limits_GomoryCand=400;CPXPARAM_MIP_Limits_GomoryPass=0;CPXPARAM_MIP_Limits_Nodes=9223372036800000000;CPXPARAM_MIP_Limits_ProbeTime=1e+75;CPXPARAM_MIP_Limits_RepairTries=0;CPXPARAM_MIP_Limits_StrongCand=10;CPXPARAM_MIP_Limits_StrongIt=0;CPXPARAM_MIP_OrderType=0;CPXPARAM_MIP_Strategy_BBInterval=7;CPXPARAM_MIP_Strategy_Branch=1;CPXPARAM_MIP_Strategy_Dive=0;CPXPARAM_MIP_Strategy_File=1;CPXPARAM_MIP_Strategy_HeuristicFreq=0;CPXPARAM_MIP_Strategy_LBHeur=0;CPXPARAM_MIP_Strategy_NodeSelect=3;CPXPARAM_MIP_Strategy_Order=1;CPXPARAM_MIP_Strategy_PresolveNode=1;CPXPARAM_MIP_Strategy_Probe=0;CPXPARAM_MIP_Strategy_RINSHeur=0;CPXPARAM_MIP_Strategy_StartAlgorithm=0;CPXPARAM_MIP_Strategy_SubAlgorithm=3;CPXPARAM_MIP_Strategy_VariableSelect=-1;CPXPARAM_Network_NetFind=2;CPXPARAM_Network_Pricing=0;CPXPARAM_Parallel=1;CPXPARAM_Preprocessing_Aggregator=-1;CPXPARAM_Preprocessing_BoundStrength=-1;CPXPARAM_Preprocessing_CoeffReduce=-1;CPXPARAM_Preprocessing_Dependency=-1;CPXPARAM_Preprocessing_Dual=0;CPXPARAM_Preprocessing_Fill=2;CPXPARAM_Preprocessing_NumPass=-1;CPXPARAM_Preprocessing_Presolve=1;CPXPARAM_Preprocessing_QPMakePSD=1;CPXPARAM_Preprocessing_Reduce=0;CPXPARAM_Preprocessing_Relax=-1;CPXPARAM_Preprocessing_RepeatPresolve=-1;CPXPARAM_Preprocessing_Symmetry=-1;CPXPARAM_Read_Scale=0;CPXPARAM_Sifting_Algorithm=0;CPXPARAM_Simplex_Crash=1;CPXPARAM_Simplex_DGradient=0;CPXPARAM_Simplex_Limits_Perturbation=0;CPXPARAM_Simplex_Limits_Singularity=10;CPXPARAM_Simplex_PGradient=0;CPXPARAM_Simplex_Pricing=0;CPXPARAM_Simplex_Refactor=0
10871870486190245939,0,CPXPARAM_Advance=1;CPXPARAM_Barrier_Algorithm=0;CPXPARAM_Barrier_ColNonzeros=0;CPXPARAM_Barrier_Crossover=0;CPXPARAM_Barrier_Limits_Corrections=-1;CPXPARAM_Barrier_Ordering=0;CPXPARAM_Barrier_StartAlg=1;CPXPARAM_Emphasis_MIP=0;CPXPARAM_Emphasis_Memory=0;CPXPARAM_Emphasis_Numerical=0;CPXPARAM_Feasopt_Mode=0;CPXPARAM_LPMethod=0;CPXPARAM_MIP_Cuts_Cliques=-1;CPXPARAM_MIP_Cuts_Covers=3;CPXPARAM_MIP_Cuts_Disjunctive=0;CPXPARAM_MIP_Cuts_FlowCovers=-1;CPXPARAM_MIP_Cuts_GUBCovers=0;CPXPARAM_MIP_Cuts_Gomory=-1;CPXPARAM_MIP_Cuts_Implied=-1;CPXPARAM_MIP_Cuts_MIRCut=-1;CPXPARAM_MIP_Cuts_PathCut=1;CPXPARAM_MIP_Limits_AggForCut=3;CPXPARAM_MIP_Limits_CutPasses=0;CPXPARAM_MIP_Limits_CutsFactor=-1;CPXPARAM_MIP_Limits_GomoryCand=400;CPXPARAM_MIP_Limits_GomoryPass=0;CPXPARAM_MIP_Limits_Nodes=9223372036800000000;CPXPARAM_MIP_Limits_ProbeTime=1e+75;CPXPARAM_MIP_Limits_RepairTries=0;CPXPARAM_MIP_Limits_StrongCand=10;CPXPARAM_MIP_Limits_StrongIt=0;CPXPARAM_MIP_OrderType=0;CPXPARAM_MIP_Strategy_BBInterval=7;CPXPARAM_MIP_Strategy_Branch=0;CPXPARAM_MIP_Strategy_Dive=0;CPXPARAM_MIP_Strategy_File=1;CPXPARAM_MIP_Strategy_HeuristicFreq=0;CPXPARAM_MIP_Strategy_LBHeur=0;CPXPARAM_MIP_Strategy_NodeSelect=3;CPXPARAM_MIP_Strategy_Order=1;CPXPARAM_MIP_Strategy_PresolveNode=-1;CPXPARAM_MIP_Strategy_Probe=0;CPXPARAM_MIP_Strategy_RINSHeur=0;CPXPARAM_MIP_Strategy_StartAlgorithm=0;CPXPARAM_MIP_Strategy_SubAlgorithm=0;CPXPARAM_MIP_Strategy_VariableSelect=3;CPXPARAM_Network_NetFind=2;CPXPARAM_Network_Pricing=0;CPXPARAM_Parallel=1;CPXPARAM_Preprocessing_Aggregator=-1;CPXPARAM_Preprocessing_BoundStrength=-1;CPXPARAM_Preprocessing_CoeffReduce=-1;CPXPARAM_Preprocessing_Dependency=-1;CPXPARAM_Preprocessing_Dual=0;CPXPARAM_Preprocessing_Fill=10;CPXPARAM_Preprocessing_NumPass=-1;CPXPARAM_Preprocessing_Presolve=1;CPXPARAM_Preprocessing_QPMakePSD=1;CPXPARAM_Preprocessing_Reduce=3;CPXPARAM_Preprocessing_Relax=-1;CPXPARAM_Preprocessing_RepeatPresolve=-1;CPXPARAM_Preprocessing_Symmetry=-1;CPXPARAM_Read_Scale=0;CPXPARAM_Sifting_Algorithm=0;CPXPARAM_Simplex_Crash=1;CPXPARAM_Simplex_DGradient=0;CPXPARAM_Simplex_Limits_Perturbation=0;CPXPARAM_Simplex_Limits_Singularity=10;CPXPARAM_Simplex_PGradient=0;CPXPARAM_Simplex_Pricing=0;CPXPARAM_Simplex_Refactor=0
4007539161757831442,0,CPXPARAM_Advance=1;CPXPARAM_Barrier_Algorithm=0;CPXPARAM_Barrier_ColNonzeros=0;CPXPARAM_Barrier_Crossover=0;CPXPARAM_Barrier_Limits_Corrections=-1;CPXPARAM_Barrier_Ordering=0;CPXPARAM_Barrier_StartAlg=1;CPXPARAM_Emphasis_MIP=2;CPXPARAM_Emphasis_Memory=0;CPXPARAM_Emphasis_Numerical=0;CPXPARAM_Feasopt_Mode=0;CPXPARAM_LPMethod=0;CPXPARAM_MIP_Cuts_Cliques=1;CPXPARAM_MIP_Cuts_Covers=-1;CPXPARAM_MIP_Cuts_Disjunctive=1;CPXPARAM_MIP_Cuts_FlowCovers=1;CPXPARAM_MIP_Cuts_GUBCovers=-1;CPXPARAM_MIP_Cuts_Gomory=2;CPXPARAM_MIP_Cuts_Implied=-1;CPXPARAM_MIP_Cuts_MIRCut=2;CPXPARAM_MIP_Cuts_PathCut=1;CPXPARAM_MIP_Limits_AggForCut=1;CPXPARAM_MIP_Limits_CutPasses=0;CPXPARAM_MIP_Limits_CutsFactor=-1;CPXPARAM_MIP_Limits_GomoryCand=25;CPXPARAM_MIP_Limits_GomoryPass=0;CPXPARAM_MIP_Limits_Nodes=9223372036800000000;CPXPARAM_MIP_Limits_ProbeTime=1e+75;CPXPARAM_MIP_Limits_RepairTries=0;CPXPARAM_MIP_Limits_StrongCand=10;CPXPARAM_MIP_Limits_StrongIt=0;CPXPARAM_MIP_OrderType=0;CPXPARAM_MIP_Strategy_BBInterval=7;CPXPARAM_MIP_Strategy_Branch=-1;CPXPARAM_MIP_Strategy_Dive=0;CPXPARAM_MIP_Strategy_File=1;CPXPARAM_MIP_Strategy_HeuristicFreq=0;CPXPARAM_MIP_Strategy_LBHeur=0;CPXPARAM_MIP_Strategy_NodeSelect=0;CPXPARAM_MIP_Strategy_Order=1;CPXPARAM_MIP_Strategy_PresolveNode=0;CPXPARAM_MIP_Strategy_Probe=1;CPXPARAM_MIP_Strategy_RINSHeur=0;CPXPARAM_MIP_Strategy_StartAlgorithm=0;CPXPARAM_MIP_Strategy_SubAlgorithm=0;CPXPARAM_MIP_Strategy_VariableSelect=4;CPXPARAM_Network_NetFind=2;CPXPARAM_Network_Pricing=0;CPXPARAM_Parallel=1;CPXPARAM_Preprocessing_Aggregator=-1;CPXPARAM_Preprocessing_BoundStrength=-1;CPXPARAM_Preprocessing_CoeffReduce=-1;CPXPARAM_Preprocessing_Dependency=-1;CPXPARAM_Preprocessing_Dual=0;CPXPARAM_Preprocessing_Fill=10;CPXPARAM_Preprocessing_NumPass=-1;CPXPARAM_Preprocessing_Presolve=1;CPXPARAM_Preprocessing_QPMakePSD=1;CPXPARAM_Preprocessing_Reduce=3;CPXPARAM_Preprocessing_Relax=-1;CPXPARAM_Preprocessing_RepeatPresolve=-1;CPXPARAM_Preprocessing_Symmetry=-1;CPXPARAM_Read_Scale=0;CPXPARAM_Sifting_Algorithm=0;CPXPARAM_Simplex_Crash=1;CPXPARAM_Simplex_DGradient=0;CPXPARAM_Simplex_Limits_Perturbation=0;CPXPARAM_Simplex_Limits_Singularity=10;CPXPARAM_Simplex_PGradient=0;CPXPARAM_Simplex_Pricing=0;CPXPARAM_Simplex_Refactor=0
10564685284690922628,0,CPXPARAM_Advance=1;CPXPARAM_Barrier_Algorithm=0;CPXPARAM_Barrier_ColNonzeros=0;CPXPARAM_Barrier_Crossover=0;CPXPARAM_Barrier_Limits_Corrections=-1;CPXPARAM_Barrier_Ordering=0;CPXPARAM_Barrier_StartAlg=1;CPXPARAM_Emphasis_MIP=2;CPXPARAM_Emphasis_Memory=0;CPXPARAM_Emphasis_Numerical=0;CPXPARAM_Feasopt_Mode=0;CPXPARAM_LPMethod=0;CPXPARAM_MIP_Cuts_Cliques=1;CPXPARAM_MIP_Cuts_Covers=-1;CPXPARAM_MIP_Cuts_Disjunctive=1;CPXPARAM_MIP_Cuts_FlowCovers=1;CPXPARAM_MIP_Cuts_GUBCovers=-1;CPXPARAM_MIP_Cuts_Gomory=2;CPXPARAM_MIP_Cuts_Implied=-1;CPXPARAM_MIP_Cuts_MIRCut=2;CPXPARAM_MIP_Cuts_PathCut=1;CPXPARAM_MIP_Limits_AggForCut=3;CPXPARAM_MIP_Limits_CutPasses=0;CPXPARAM_MIP_Limits_CutsFactor=-1;CPXPARAM_MIP_Limits_GomoryCand=25;CPXPARAM_MIP_Limits_GomoryPass=0;CPXPARAM_MIP_Limits_Nodes=9223372036800000000;CPXPARAM_MIP_Limits_ProbeTime=1e+75;CPXPARAM_MIP_Limits_RepairTries=0;CPXPARAM_MIP_Limits_StrongCand=10;CPXPARAM_MIP_Limits_StrongIt=0;CPXPARAM_MIP_OrderType=0;CPXPARAM_MIP_Strategy_BBInterval=7;CPXPARAM_MIP_Strategy_Branch=-1;CPXPARAM_MIP_Strategy_Dive=0;CPXPARAM_MIP_Strategy_File=1;CPXPARAM_MIP_Strategy_HeuristicFreq=0;CPXPARAM_MIP_Strategy_LBHeur=0;CPXPARAM_MIP_Strategy_NodeSelect=0;CPXPARAM_MIP_Strategy_Order=1;CPXPARAM_MIP_Strategy_PresolveNode=0;CPXPARAM_MIP_Strategy_Probe=1;CPXPARAM_MIP_Strategy_RINSHeur=0;CPXPARAM_MIP_Strategy_StartAlgorithm=0;CPXPARAM_MIP_Strategy_SubAlgorithm=0;CPXPARAM_MIP_Strategy_VariableSelect=4;CPXPARAM_Network_NetFind=2;CPXPARAM_Network_Pricing=0;CPXPARAM_Parallel=1;CPXPARAM_Preprocessing_Aggregator=-1;CPXPARAM_Preprocessing_BoundStrength=-1;CPXPARAM_Preprocessing_CoeffReduce=-1;CPXPARAM_Preprocessing_Dependency=-1;CPXPARAM_Preprocessing_Dual=0;CPXPARAM_Preprocessing_Fill=10;CPXPARAM_Preprocessing_NumPass=-1;CPXPARAM_Preprocessing_Presolve=1;CPXPARAM_Preprocessing_QPMakePSD=1;CPXPARAM_Preprocessing_Reduce=3;CPXPARAM_Preprocessing_Relax=-1;CPXPARAM_Preprocessing_RepeatPresolve=-1;CPXPARAM_Preprocessing_Symmetry=-1;CPXPARAM_Read_Scale=0;CPXPARAM_Sifting_Algorithm=0;CPXPARAM_Simplex_Crash=1;CPXPARAM_Simplex_DGradient=0;CPXPARAM_Simplex_Limits_Perturbation=0;CPXPARAM_Simplex_Limits_Singularity=10;CPXPARAM_Simplex_PGradient=0;CPXPARAM_Simplex_Pricing=0;CPXPARAM_Simplex_Refactor=0
17581043172286419260,0,CPXPARAM_Advance=1;CPXPARAM_Barrier_Algorithm=0;CPXPARAM_Barrier_ColNonzeros=0;CPXPARAM_Barrier_Crossover=0;CPXPARAM_Barrier_Limits_Corrections=-1;CPXPARAM_Barrier_Ordering=0;CPXPARAM_Barrier_StartAlg=1;CPXPARAM_Emphasis_MIP=2;CPXPARAM_Emphasis_Memory=0;CPXPARAM_Emphasis_Numerical=0;CPXPARAM_Feasopt_Mode=0;CPXPARAM_LPMethod=0;CPXPARAM_MIP_Cuts_Cliques=1;CPXPARAM_MIP_Cuts_Covers=-1;CPXPARAM_MIP_Cuts_Disjunctive=1;CPXPARAM_MIP_Cuts_FlowCovers=1;CPXPARAM_MIP_Cuts_GUBCovers=-1;CPXPARAM_MIP_Cuts_Gomory=2;CPXPARAM_MIP_Cuts_Implied=-1;CPXPARAM_MIP_Cuts_MIRCut=2;CPXPARAM_MIP_Cuts_PathCut=1;CPXPARAM_MIP_Limits_AggForCut=10;CPXPARAM_MIP_Limits_CutPasses=0;CPXPARAM_MIP_Limits_CutsFactor=-1;CPXPARAM_MIP_Limits_GomoryCand=25;CPXPARAM_MIP_Limits_GomoryPass=0;CPXPARAM_MIP_Limits_Nodes=9223372036800000000;CPXPARAM_MIP_Limits_ProbeTime=1e+75;CPXPARAM_MIP_Limits_RepairTries=0;CPXPARAM_MIP_Limits_StrongCand=10;CPXPARAM_MIP_Limits_StrongIt=0;CPXPARAM_MIP_OrderType=0;CPXPARAM_MIP_Strategy_BBInterval=7;CPXPARAM_MIP_Strategy_Branch=-1;CPXPARAM_MIP_Strategy_Dive=0;CPXPARAM_MIP_Strategy_File=1;CPXPARAM_MIP_Strategy_HeuristicFreq=0;CPXPARAM_MIP_Strategy_LBHeur=0;CPXPARAM_MIP_Strategy_NodeSelect=0;CPXPARAM_MIP_Strategy_Order=1;CPXPARAM_MIP_Strategy_PresolveNode=0;CPXPARAM_MIP_Strategy_Probe=1;CPXPARAM_MIP_Strategy_RINSHeur=0;CPXPARAM_MIP_Strategy_StartAlgorithm=0;CPXPARAM_MIP_Strategy_SubAlgorithm=0;CPXPARAM_MIP_Strategy_VariableSelect=4;CPXPARAM_Network_NetFind=2;CPXPARAM_Network_Pricing=0;CPXPARAM_Parallel=1;CPXPARAM_Preprocessing_Aggregator=-1;CPXPARAM_Preprocessing_BoundStrength=-1;CPXPARAM_Preprocessing_CoeffReduce=-1;CPXPARAM_Preprocessing_Dependency=-1;CPXPARAM_Preprocessing_Dual=0;CPXPARAM_Preprocessing_Fill=10;CPXPARAM_Preprocessing_NumPass=-1;CPXPARAM_Preprocessing_Presolve=1;CPXPARAM_Preprocessing_QPMakePSD=1;CPXPARAM_Preprocessing_Reduce=3;CPXPARAM_Preprocessing_Relax=-1;CPXPARAM_Preprocessing_RepeatPresolve=-1;CPXPARAM_Preprocessing_Symmetry=-1;CPXPARAM_Read_Scale=0;CPXPARAM_Sifting_Algorithm=0;CPXPARAM_Simplex_Crash=1;CPXPARAM_Simplex_DGradient=0;CPXPARAM_Simplex_Limits_Perturbation=0;CPXPARAM_Simplex_Limits_Singularity=10;CPXPARAM_Simplex_PGradient=0;CPXPARAM_Simplex_Pricing=0;CPXPARAM_Simplex_Refactor=0
9435597919412620117,0,CPXPARAM_Advance=1;CPXPARAM_Barrier_Algorithm=0;CPXPARAM_Barrier_ColNonzeros=0;CPXPARAM_Barrier_Crossover=0;CPXPARAM_Barrier_Limits_Corrections=-1;CPXPARAM_Barrier_Ordering=0;CPXPARAM_Barrier_StartAlg=1;CPXPARAM_Emphasis_MIP=2;CPXPARAM_Emphasis_Memory=0;CPXPARAM_Emphasis_Numerical=0;CPXPARAM_Feasopt_Mode=0;CPXPARAM_LPMethod=0;CPXPARAM_MIP_Cuts_Cliques=-1;CPXPARAM_MIP_Cuts_Covers=2;CPXPARAM_MIP_Cuts_Disjunctive=1;CPXPARAM_MIP_Cuts_FlowCovers=2;CPXPARAM_MIP_Cuts_GUBCovers=1;CPXPARAM_MIP_Cuts_Gomory=0;CPXPARAM_MIP_Cuts_Implied=-1;CPXPARAM_MIP_Cuts_MIRCut=-1;CPXPARAM_MIP_Cuts_PathCut=-1;CPXPARAM_MIP_Limits_AggForCut=3;CPXPARAM_MIP_Limits_CutPasses=0;CPXPARAM_MIP_Limits_CutsFactor=-1;CPXPARAM_MIP_Limits_GomoryCand=400;CPXPARAM_MIP_Limits_GomoryPass=0;CPXPARAM_MIP_Limits_Nodes=9223372036800000000;CPXPARAM_MIP_Limits_ProbeTime=1e+75;CPXPARAM_MIP_Limits_RepairTries=0;CPXPARAM_MIP_Limits_StrongCand=10;CPXPARAM_MIP_Limits_StrongIt=0;CPXPARAM_MIP_OrderType=0;CPXPARAM_MIP_Strategy_BBInterval=7;CPXPARAM_MIP_Strategy_Branch=0;CPXPARAM_MIP_Strategy_Dive=0;CPXPARAM_MIP_Strategy_File=1;CPXPARAM_MIP_Strategy_HeuristicFreq=0;CPXPARAM_MIP_Strategy_LBHeur=0;CPXPARAM_MIP_Strategy_NodeSelect=1;CPXPARAM_MIP_Strategy_Order=1;CPXPARAM_MIP_Strategy_PresolveNode=0;CPXPARAM_MIP_Strategy_Probe=0;CPXPARAM_MIP_Strategy_RINSHeur=0;CPXPARAM_MIP_Strategy_StartAlgorithm=0;CPXPARAM_MIP_Strategy_SubAlgorithm=0;CPXPARAM_MIP_Strategy_VariableSelect=0;CPXPARAM_Network_NetFind=2;CPXPARAM_Network_Pricing=0;CPXPARAM_Parallel=1;CPXPARAM_Preprocessing_Aggregator=-1;CPXPARAM_Preprocessing_BoundStrength=-1;CPXPARAM_Preprocessing_CoeffReduce=-1;CPXPARAM_Preprocessing_Dependency=-1;CPXPARAM_Preprocessing_Dual=0;CPXPARAM_Preprocessing_Fill=10;CPXPARAM_Preprocessing_NumPass=-1;CPXPARAM_Preprocessing_Presolve=1;CPXPARAM_Preprocessing_QPMakePSD=1;CPXPARAM_Preprocessing_Reduce=3;CPXPARAM_Preprocessing_Relax=-1;CPXPARAM_Preprocessing_RepeatPresolve=3;CPXPARAM_Preprocessing_Symmetry=-1;CPXPARAM_Read_Scale=0;CPXPARAM_Sifting_Algorithm=0;CPXPARAM_Simplex_Crash=1;CPXPARAM_Simplex_DGradient=0;CPXPARAM_Simplex_Limits_Perturbation=0;CPXPARAM_Simplex_Limits_Singularity=10;CPXPARAM_Simplex_PGradient=0;CPXPARAM_Simplex_Pricing=0;CPXPARAM_Simplex_Refactor=0
10873741064093414989,0,CPXPARAM_Advance=1;CPXPARAM_Barrier_Algorithm=0;CPXPARAM_Barrier_ColNonzeros=0;CPXPARAM_Barrier_Crossover=0;CPXPARAM_Barrier_Limits_Corrections=-1;CPXPARAM_Barrier_Ordering=0;CPXPARAM_Barrier_StartAlg=1;CPXPARAM_Emphasis_MIP=1;CPXPARAM_Emphasis_Memory=0;CPXPARAM_Emphasis_Numerical=0;CPXPARAM_Feasopt_Mode=0;CPXPARAM_LPMethod=0;CPXPARAM_MIP_Cuts_Cliques=-1;CPXPARAM_MIP_Cuts_Covers=0;CPXPARAM_MIP_Cuts_Disjunctive=-1;CPXPARAM_MIP_Cuts_FlowCovers=1;CPXPARAM_MIP_Cuts_GUBCovers=-1;CPXPARAM_MIP_Cuts_Gomory=0;CPXPARAM_MIP_Cuts_Implied=1;CPXPARAM_MIP_Cuts_MIRCut=0;CPXPARAM_MIP_Cuts_PathCut=-1;CPXPARAM_MIP_Limits_AggForCut=3;CPXPARAM_MIP_Limits_CutPasses=0;CPXPARAM_MIP_Limits_CutsFactor=-1;CPXPARAM_MIP_Limits_GomoryCand=100;CPXPARAM_MIP_Limits_GomoryPass=0;CPXPARAM_MIP_Limits_Nodes=9223372036800000000;CPXPARAM_MIP_Limits_ProbeTime=1e+75;CPXPARAM_MIP_Limits_RepairTries=0;CPXPARAM_MIP_Limits_StrongCand=10;CPXPARAM_MIP_Limits_StrongIt=0;CPXPARAM_MIP_OrderType=0;CPXPARAM_MIP_Strategy_BBInterval=7;CPXPARAM_MIP_Strategy_Branch=0;CPXPARAM_MIP_Strategy_Dive=0;CPXPARAM_MIP_Strategy_File=1;CPXPARAM_MIP_Strategy_HeuristicFreq=0;CPXPARAM_MIP_Strategy_LBHeur=0;CPXPARAM_MIP_Strategy_NodeSelect=1;CPXPARAM_MIP_Strategy_Order=1;CPXPARAM_MIP_Strategy_PresolveNode=1;CPXPARAM_MIP_Strategy_Probe=1;CPXPARAM_MIP_Strategy_RINSHeur=0;CPXPARAM_MIP_Strategy_StartAlgorithm=0;CPXPARAM_MIP_Strategy_SubAlgorithm=0;CPXPARAM_MIP_Strategy_VariableSelect=1;CPXPARAM_Network_NetFind=2;CPXPARAM_Network_Pricing=0;CPXPARAM_Parallel=1;CPXPARAM_Preprocessing_Aggregator=-1;CPXPARAM_Preprocessing_BoundStrength=-1;CPXPARAM_Preprocessing_CoeffReduce=-1;CPXPARAM_Preprocessing_Dependency=-1;CPXPARAM_Preprocessing_Dual=0;CPXPARAM_Preprocessing_Fill=10;CPXPARAM_Preprocessing_NumPass=-1;CPXPARAM_Preprocessing_Presolve=1;CPXPARAM_Preprocessing_QPMakePSD=1;CPXPARAM_Preprocessing_Reduce=3;CPXPARAM_Preprocessing_Relax=-1;CPXPARAM_Preprocessing_RepeatPresolve=-1;CPXPARAM_Preprocessing_Symmetry=-1;CPXPARAM_Read_Scale=0;CPXPARAM_Sifting_Algorithm=0;CPXPARAM_Simplex_Crash=1;CPXPARAM_Simplex_DGradient=0;CPXPARAM_Simplex_Limits_Perturbation=0;CPXPARAM_Simplex_Limits_Singularity=10;CPXPARAM_Simplex_PGradient=0;CPXPARAM_Simplex_Pricing=0;CPXPARAM_Simplex_Refactor=0
3192765573970199215,0,CPXPARAM_Advance=1;CPXPARAM_Barrier_Algorithm=0;CPXPARAM_Barrier_ColNonzeros=0;CPXPARAM_Barrier_Crossover=0;CPXPARAM_Barrier_Limits_Corrections=-1;CPXPARAM_Barrier_Ordering=0;CPXPARAM_Barrier_StartAlg=1;CPXPARAM_Emphasis_MIP=2;CPXPARAM_Emphasis_Memory=0;CPXPARAM_Emphasis_Numerical=0;CPXPARAM_Feasopt_Mode=0;CPXPARAM_LPMethod=0;CPXPARAM_MIP_Cuts_Cliques=1;CPXPARAM_MIP_Cuts_Covers=-1;CPXPARAM_MIP_Cuts_Disjunctive=1;CPXPARAM_MIP_Cuts_FlowCovers=1;CPXPARAM_MIP_Cuts_GUBCovers=-1;CPXPARAM_MIP_Cuts_Gomory=2;CPXPARAM_MIP_Cuts_Implied=-1;CPXPARAM_MIP_Cuts_MIRCut=2;CPXPARAM_MIP_Cuts_PathCut=-1;CPXPARAM_MIP_Limits_AggForCut=5;CPXPARAM_MIP_Limits_CutPasses=0;CPXPARAM_MIP_Limits_CutsFactor=-1;CPXPARAM_MIP_Limits_GomoryCand=25;CPXPARAM_MIP_Limits_GomoryPass=0;CPXPARAM_MIP_Limits_Nodes=9223372036800000000;CPXPARAM_MIP_Limits_ProbeTime=1e+75;CPXPARAM_MIP_Limits_RepairTries=0;CPXPARAM_MIP_Limits_StrongCand=10;CPXPARAM_MIP_Limits_StrongIt=0;CPXPARAM_MIP_OrderType=0;CPXPARAM_MIP_Strategy_BBInterval=7;CPXPARAM_MIP_Strategy_Branch=-1;CPXPARAM_MIP_Strategy_Dive=0;CPXPARAM_MIP_Strategy_File=1;CPXPARAM_MIP_Strategy_HeuristicFreq=0;CPXPARAM_MIP_Strategy_LBHeur=0;CPXPARAM_MIP_Strategy_NodeSelect=0;CPXPARAM_MIP_Strategy_Order=1;CPXPARAM_MIP_Strategy_PresolveNode=0;CPXPARAM_MIP_Strategy_Probe=1;CPXPARAM_MIP_Strategy_RINSHeur=0;CPXPARAM_MIP_Strategy_StartAlgorithm=0;CPXPARAM_MIP_Strategy_SubAlgorithm=0;CPXPARAM_MIP_Strategy_VariableSelect=4;CPXPARAM_Network_NetFind=2;CPXPARAM_Network_Pricing=0;CPXPARAM_Parallel=1;CPXPARAM_Preprocessing_Aggregator=-1;CPXPARAM_Preprocessing_BoundStrength=-1;CPXPARAM_Preprocessing_CoeffReduce=-1;CPXPARAM_Preprocessing_Dependency=-1;CPXPARAM_Preprocessing_Dual=0;CPXPARAM_Preprocessing_Fill=10;CPXPARAM_Preprocessing_NumPass=-1;CPXPARAM_Preprocessing_Presolve=1;CPXPARAM_Preprocessing_QPMakePSD=1;CPXPARAM_Preprocessing_Reduce=3;CPXPARAM_Preprocessing_Relax=-1;CPXPARAM_Preprocessing_RepeatPresolve=-1;CPXPARAM_Preprocessing_Symmetry=-1;CPXPARAM_Read_Scale=0;CPXPARAM_Sifting_Algorithm=0;CPXPARAM_Simplex_Crash=1;CPXPARAM_Simplex_DGradient=0;CPXPARAM_Simplex_Limits_Perturbation=0;CPXPARAM_Simplex_Limits_Singularity=10;CPXPARAM_Simplex_PGradient=0;CPXPARAM_Simplex_Pricing=0;CPXPARAM_Simplex_Refactor=0
3566380259447156644,0,CPXPARAM_Advance=1;CPXPARAM_Barrier_Algorithm=0;CPXPARAM_Barrier_ColNonzeros=0;CPXPARAM_Barrier_Crossover=0;CPXPARAM_Barrier_Limits_Corrections=-1;CPXPARAM_Barrier_Ordering=0;CPXPARAM_Barrier_StartAlg=1;CPXPARAM_Emphasis_MIP=2;CPXPARAM_Emphasis_Memory=0;CPXPARAM_Emphasis_Numerical=0;CPXPARAM_Feasopt_Mode=0;CPXPARAM_LPMethod=0;CPXPARAM_MIP_Cuts_Cliques=1;CPXPARAM_MIP_Cuts_Covers=-1;CPXPARAM_MIP_Cuts_Disjunctive=1;CPXPARAM_MIP_Cuts_FlowCovers=1;CPXPARAM_MIP_Cuts_GUBCovers=-1;CPXPARAM_MIP_Cuts_Gomory=2;CPXPARAM_MIP_Cuts_Implied=-1;CPXPARAM_MIP_Cuts_MIRCut=2;CPXPARAM_MIP_Cuts_PathCut=0;CPXPARAM_MIP_Limits_AggForCut=5;CPXPARAM_MIP_Limits_CutPasses=0;CPXPARAM_MIP_Limits_CutsFactor=-1;CPXPARAM_MIP_Limits_GomoryCand=25;CPXPARAM_MIP_Limits_GomoryPass=0;CPXPARAM_MIP_Limits_Nodes=9223372036800000000;CPXPARAM_MIP_Limits_ProbeTime=1e+75;CPXPARAM_MIP_Limits_RepairTries=0;CPXPARAM_MIP_Limits_StrongCand=10;CPXPARAM_MIP_Limits_StrongIt=0;CPXPARAM_MIP_OrderType=0;CPXPARAM_MIP_Strategy_BBInterval=7;CPXPARAM_MIP_Strategy_Branch=-1;CPXPARAM_MIP_Strategy_Dive=0;CPXPARAM_MIP_Strategy_File=1;CPXPARAM_MIP_Strategy_HeuristicFreq=0;CPXPARAM_MIP_Strategy_LBHeur=0;CPXPARAM_MIP_Strategy_NodeSelect=0;CPXPARAM_MIP_Strategy_Order=1;CPXPARAM_MIP_Strategy_PresolveNode=0;CPXPARAM_MIP_Strategy_Probe=1;CPXPARAM_MIP_Strategy_RINSHeur=0;CPXPARAM_MIP_Strategy_StartAlgorithm=0;CPXPARAM_MIP_Strategy_SubAlgorithm=0;CPXPARAM_MIP_Strategy_VariableSelect=4;CPXPARAM_Network_NetFind=2;CPXPARAM_Network_Pricing=0;CPXPARAM_Parallel=1;CPXPARAM_Preprocessing_Aggregator=-1;CPXPARAM_Preprocessing_BoundStrength=-1;CPXPARAM_Preprocessing_CoeffReduce=-1;CPXPARAM_Preprocessing_Dependency=-1;CPXPARAM_Preprocessing_Dual=0;CPXPARAM_Preprocessing_Fill=10;CPXPARAM_Preprocessing_NumPass=-1;CPXPARAM_Preprocessing_Presolve=1;CPXPARAM_Preprocessing_QPMakePSD=1;CPXPARAM_Preprocessing_Reduce=3;CPXPARAM_Preprocessing_Relax=-1;CPXPARAM_Preprocessing_RepeatPresolve=-1;CPXPARAM_Preprocessing_Symmetry=-1;CPXPARAM_Read_Scale=0;CPXPARAM_Sifting_Algorithm=0;CPXPARAM_Simplex_Crash=1;CPXPARAM_Simplex_DGradient=0;CPXPARAM_Simplex_Limits_Perturbation=0;CPXPARAM_Simplex_Limits_Singularity=10;CPXPARAM_Simplex_PGradient=0;CPXPARAM_Simplex_Pricing=0;CPXPARAM_Simplex_Refactor=0
11524475940327218991,0,CPXPARAM_Advance=1;CPXPARAM_Barrier_Algorithm=0;CPXPARAM_Barrier_ColNonzeros=0;CPXPARAM_Barrier_Crossover=0;CPXPARAM_Barrier_Limits_Corrections=-1;CPXPARAM_Barrier_Ordering=0;CPXPARAM_Barrier_StartAlg=1;CPXPARAM_Emphasis_MIP=3;CPXPARAM_Emphasis_Memory=0;CPXPARAM_Emphasis_Numerical=0;CPXPARAM_Feasopt_Mode=0;CPXPARAM_LPMethod=0;CPXPARAM_MIP_Cuts_Cliques=2;CPXPARAM_MIP_Cuts_Covers=3;CPXPARAM_MIP_Cuts_Disjunctive=-1;CPXPARAM_MIP_Cuts_FlowCovers=-1;CPXPARAM_MIP_Cuts_GUBCovers=2;CPXPARAM_MIP_Cuts_Gomory=1;CPXPARAM_MIP_Cuts_Implied=2;CPXPARAM_MIP_Cuts_MIRCut=2;CPXPARAM_MIP_Cuts_PathCut=1;CPXPARAM_MIP_Limits_AggForCut=10;CPXPARAM_MIP_Limits_CutPasses=0;CPXPARAM_MIP_Limits_CutsFactor=-1;CPXPARAM_MIP_Limits_GomoryCand=400;CPXPARAM_MIP_Limits_GomoryPass=0;CPXPARAM_MIP_Limits_Nodes=9223372036800000000;CPXPARAM_MIP_Limits_ProbeTime=1e+75;CPXPARAM_MIP_Limits_RepairTries=0;CPXPARAM_MIP_Limits_StrongCand=10;CPXPARAM_MIP_Limits_StrongIt=0;CPXPARAM_MIP_OrderType=0;CPXPARAM_MIP_Strategy_BBInterval=7;CPXPARAM_MIP_Strategy_Branch=-1;CPXPARAM_MIP_Strategy_Dive=0;CPXPARAM_MIP_Strategy_File=1;CPXPARAM_MIP_Strategy_HeuristicFreq=0;CPXPARAM_MIP_Strategy_LBHeur=0;CPXPARAM_MIP_Strategy_NodeSelect=2;CPXPARAM_MIP_Strategy_Order=1;CPXPARAM_MIP_Strategy_PresolveNode=-1;CPXPARAM_MIP_Strategy_Probe=1;CPXPARAM_MIP_Strategy_RINSHeur=0;CPXPARAM_MIP_Strategy_StartAlgorithm=0;CPXPARAM_MIP_Strategy_SubAlgorithm=1;CPXPARAM_MIP_Strategy_VariableSelect=0;CPXPARAM_Network_NetFind=2;CPXPARAM_Network_Pricing=0;CPXPARAM_Parallel=1;CPXPARAM_Preprocessing_Aggregator=-1;CPXPARAM_Preprocessing_BoundStrength=-1;CPXPARAM_Preprocessing_CoeffReduce=-1;CPXPARAM_Preprocessing_Dependency=-1;CPXPARAM_Preprocessing_Dual=0;CPXPARAM_Preprocessing_Fill=5;CPXPARAM_Preprocessing_NumPass=-1;CPXPARAM_Preprocessing_Presolve=1;CPXPARAM_Preprocessing_QPMakePSD=1;CPXPARAM_Preprocessing_Reduce=3;CPXPARAM_Preprocessing_Relax=-1;CPXPARAM_Preprocessing_RepeatPresolve=-1;CPXPARAM_Preprocessing_Symmetry=-1;CPXPARAM_Read_Scale=0;CPXPARAM_Sifting_Algorithm=0;CPXPARAM_Simplex_Crash=1;CPXPARAM_Simplex_DGradient=0;CPXPARAM_Simplex_Limits_Perturbation=0;CPXPARAM_Simplex_Limits_Singularity=10;CPXPARAM_Simplex_PGradient=0;CPXPARAM_Simplex_Pricing=0;CPXPARAM_Simplex_Refactor=0
10649548078986364173,0,CPXPARAM_Advance=1;CPXPARAM_Barrier_Algorithm=0;CPXPARAM_Barrier_ColNonzeros=0;CPXPARAM_Barrier_Crossover=0;CPXPARAM_Barrier_Limits_Corrections=-1;CPXPARAM_Barrier_Ordering=0;CPXPARAM_Barrier_StartAlg=1;CPXPARAM_Emphasis_MIP=0;CPXPARAM_Emphasis_Memory=0;CPXPARAM_Emphasis_Numerical=0;CPXPARAM_Feasopt_Mode=0;CPXPARAM_LPMethod=0;CPXPARAM_MIP_Cuts_Cliques=-1;CPXPARAM_MIP_Cuts_Covers=2;CPXPARAM_MIP_Cuts_Disjunctive=0;CPXPARAM_MIP_Cuts_FlowCovers=-1;CPXPARAM_MIP_Cuts_GUBCovers=1;CPXPARAM_MIP_Cuts_Gomory=0;CPXPARAM_MIP_Cuts_Implied=0;CPXPARAM_MIP_Cuts_MIRCut=-1;CPXPARAM_MIP_Cuts_PathCut=1;CPXPARAM_MIP_Limits_AggForCut=10;CPXPARAM_MIP_Limits_CutPasses=0;CPXPARAM_MIP_Limits_CutsFactor=-1;CPXPARAM_MIP_Limits_GomoryCand=100;CPXPARAM_MIP_Limits_GomoryPass=0;CPXPARAM_MIP_Limits_Nodes=9223372036800000000;CPXPARAM_MIP_Limits_ProbeTime=1e+75;CPXPARAM_MIP_Limits_RepairTries=0;CPXPARAM_MIP_Limits_StrongCand=10;CPXPARAM_MIP_Limits_StrongIt=0;CPXPARAM_MIP_OrderType=1;CPXPARAM_MIP_Strategy_BBInterval=7;CPXPARAM_MIP_Strategy_Branch=0;CPXPARAM_MIP_Strategy_Dive=0;CPXPARAM_MIP_Strategy_File=1;CPXPARAM_MIP_Strategy_HeuristicFreq=0;CPXPARAM_MIP_Strategy_LBHeur=0;CPXPARAM_MIP_Strategy_NodeSelect=0;CPXPARAM_MIP_Strategy_Order=1;CPXPARAM_MIP_Strategy_PresolveNode=-1;CPXPARAM_MIP_Strategy_Probe=3;CPXPARAM_MIP_Strategy_RINSHeur=0;CPXPARAM_MIP_Strategy_StartAlgorithm=0;CPXPARAM_MIP_Strategy_SubAlgorithm=0;CPXPARAM_MIP_Strategy_VariableSelect=2;CPXPARAM_Network_NetFind=2;CPXPARAM_Network_Pricing=0;CPXPARAM_Parallel=1;CPXPARAM_Preprocessing_Aggregator=-1;CPXPARAM_Preprocessing_BoundStrength=-1;CPXPARAM_Preprocessing_CoeffReduce=-1;CPXPARAM_Preprocessing_Dependency=-1;CPXPARAM_Preprocessing_Dual=0;CPXPARAM_Preprocessing_Fill=2;CPXPARAM_Preprocessing_NumPass=-1;CPXPARAM_Preprocessing_Presolve=1;CPXPARAM_Preprocessing_QPMakePSD=1;CPXPARAM_Preprocessing_Reduce=1;CPXPARAM_Preprocessing_Relax=-1;CPXPARAM_Preprocessing_RepeatPresolve=-1;CPXPARAM_Preprocessing_Symmetry=-1;CPXPARAM_Read_Scale=0;CPXPARAM_Sifting_Algorithm=0;CPXPARAM_Simplex_Crash=1;CPXPARAM_Simplex_DGradient=0;CPXPARAM_Simplex_Limits_Perturbation=0;CPXPARAM_Simplex_Limits_Singularity=10;CPXPARAM_Simplex_PGradient=0;CPXPARAM_Simplex_Pricing=0;CPXPARAM_Simplex_Refactor=0
11390748568968160009,0,CPXPARAM_Advance=1;CPXPARAM_Barrier_Algorithm=2;CPXPARAM_Barrier_ColNonzeros=0;CPXPARAM_Barrier_Crossover=0;CPXPARAM_Barrier_Limits_Corrections=-1;CPXPARAM_Barrier_Ordering=0;CPXPARAM_Barrier_StartAlg=1;CPXPARAM_Emphasis_MIP=2;CPXPARAM_Emphasis_Memory=0;CPXPARAM_Emphasis_Numerical=0;CPXPARAM_Feasopt_Mode=0;CPXPARAM_LPMethod=0;CPXPARAM_MIP_Cuts_Cliques=-1;CPXPARAM_MIP_Cuts_Covers=2;CPXPARAM_MIP_Cuts_Disjunctive=1;CPXPARAM_MIP_Cuts_FlowCovers=2;CPXPARAM_MIP_Cuts_GUBCovers=1;CPXPARAM_MIP_Cuts_Gomory=0;CPXPARAM_MIP_Cuts_Implied=-1;CPXPARAM_MIP_Cuts_MIRCut=-1;CPXPARAM_MIP_Cuts_PathCut=-1;CPXPARAM_MIP_Limits_AggForCut=3;CPXPARAM_MIP_Limits_CutPasses=0;CPXPARAM_MIP_Limits_CutsFactor=-1;CPXPARAM_MIP_Limits_GomoryCand=400;CPXPARAM_MIP_Limits_GomoryPass=0;CPXPARAM_MIP_Limits_Nodes=9223372036800000000;CPXPARAM_MIP_Limits_ProbeTime=1e+75;CPXPARAM_MIP_Limits_RepairTries=0;CPXPARAM_MIP_Limits_StrongCand=10;CPXPARAM_MIP_Limits_StrongIt=0;CPXPARAM_MIP_OrderType=0;CPXPARAM_MIP_Strategy_BBInterval=7;CPXPARAM_MIP_Strategy_Branch=0;CPXPARAM_MIP_Strategy_Dive=0;CPXPARAM_MIP_Strategy_File=1;CPXPARAM_MIP_Strategy_HeuristicFreq=0;CPXPARAM_MIP_Strategy_LBHeur=0;CPXPARAM_MIP_Strategy_NodeSelect=1;CPXPARAM_MIP_Strategy_Order=1;CPXPARAM_MIP_Strategy_PresolveNode=0;CPXPARAM_MIP_Strategy_Probe=0;CPXPARAM_MIP_Strategy_RINSHeur=0;CPXPARAM_MIP_Strategy_StartAlgorithm=0;CPXPARAM_MIP_Strategy_SubAlgorithm=0;CPXPARAM_MIP_Strategy_VariableSelect=0;CPXPARAM_Network_NetFind=2;CPXPARAM_Network_Pricing=0;CPXPARAM_Parallel=1;CPXPARAM_Preprocessing_Aggregator=-1;CPXPARAM_Preprocessing_BoundStrength=-1;CPXPARAM_Preprocessing_CoeffReduce=-1;CPXPARAM_Preprocessing_Dependency=-1;CPXPARAM_Preprocessing_Dual=0;CPXPARAM_Preprocessing_Fill=10;CPXPARAM_Preprocessing_NumPass=-1;CPXPARAM_Preprocessing_Presolve=1;CPXPARAM_Preprocessing_QPMakePSD=1;CPXPARAM_Preprocessing_Reduce=3;CPXPARAM_Preprocessing_Relax=-1;CPXPARAM_Preprocessing_RepeatPresolve=-1;CPXPARAM_Preprocessing_Symmetry=-1;CPXPARAM_Read_Scale=0;CPXPARAM_Sifting_Algorithm=0;CPXPARAM_Simplex_Crash=1;CPXPARAM_Simplex_DGradient=0;CPXPARAM_Simplex_Limits_Perturbation=0;CPXPARAM_Simplex_Limits_Singularity=10;CPXPARAM_Simplex_PGradient=0;CPXPARAM_Simplex_Pricing=0;CPXPARAM_Simplex_Refactor=0
14914059876654400090,0,CPXPARAM_Advance=1;CPXPARAM_Barrier_Algorithm=0;CPXPARAM_Barrier_ColNonzeros=0;CPXPARAM_Barrier_Crossover=0;CPXPARAM_Barrier_Limits_Corrections=-1;CPXPARAM_Barrier_Ordering=0;CPXPARAM_Barrier_StartAlg=1;CPXPARAM_Emphasis_MIP=2;CPXPARAM_Emphasis_Memory=0;CPXPARAM_Emphasis_Numerical=0;CPXPARAM_Feasopt_Mode=0;CPXPARAM_LPMethod=0;CPXPARAM_MIP_Cuts_Cliques=-1;CPXPARAM_MIP_Cuts_Covers=2;CPXPARAM_MIP_Cuts_Disjunctive=1;CPXPARAM_MIP_Cuts_FlowCovers=2;CPXPARAM_MIP_Cuts_GUBCovers=1;CPXPARAM_MIP_Cuts_Gomory=0;CPXPARAM_MIP_Cuts_Implied=-1;CPXPARAM_MIP_Cuts_MIRCut=-1;CPXPARAM_MIP_Cuts_PathCut=-1;CPXPARAM_MIP_Limits_AggForCut=3;CPXPARAM_MIP_Limits_CutPasses=0;CPXPARAM_MIP_Limits_CutsFactor=1;CPXPARAM_MIP_Limits_GomoryCand=400;CPXPARAM_MIP_Limits_GomoryPass=0;CPXPARAM_MIP_Limits_Nodes=9223372036800000000;CPXPARAM_MIP_Limits_ProbeTime=1e+75;CPXPARAM_MIP_Limits_RepairTries=0;CPXPARAM_MIP_Limits_StrongCand=10;CPXPARAM_MIP_Limits_StrongIt=0;CPXPARAM_MIP_OrderType=0;CPXPARAM_MIP_Strategy_BBInterval=7;CPXPARAM_MIP_Strategy_Branch=0;CPXPARAM_MIP_Strategy_Dive=0;CPXPARAM_MIP_Strategy_File=1;CPXPARAM_MIP_Strategy_HeuristicFreq=0;CPXPARAM_MIP_Strategy_LBHeur=0;CPXPARAM_MIP_Strategy_NodeSelect=1;CPXPARAM_MIP_Strategy_Order=1;CPXPARAM_MIP_Strategy_PresolveNode=0;CPXPARAM_MIP_Strategy_Probe=0;CPXPARAM_MIP_Strategy_RINSHeur=0;CPXPARAM_MIP_Strategy_StartAlgorithm=0;CPXPARAM_MIP_Strategy_SubAlgorithm=0;CPXPARAM_MIP_Strategy_VariableSelect=0;CPXPARAM_Network_NetFind=2;CPXPARAM_Network_Pricing=0;CPXPARAM_Parallel=1;CPXPARAM_Preprocessing_Aggregator=-1;CPXPARAM_Preprocessing_BoundStrength=-1;CPXPARAM_Preprocessing_CoeffReduce=-1;CPXPARAM_Preprocessing_Dependency=-1;CPXPARAM_Preprocessing_Dual=0;CPXPARAM_Preprocessing_Fill=10;CPXPARAM_Preprocessing_NumPass=-1;CPXPARAM_Preprocessing_Presolve=1;CPXPARAM_Preprocessing_QPMakePSD=1;CPXPARAM_Preprocessing_Reduce=3;CPXPARAM_Preprocessing_Relax=-1;CPXPARAM_Preprocessing_RepeatPresolve=-1;CPXPARAM_Preprocessing_Symmetry=-1;CPXPARAM_Read_Scale=0;CPXPARAM_Sifting_Algorithm=0;CPXPARAM_Simplex_Crash=1;CPXPARAM_Simplex_DGradient=0;CPXPARAM_Simplex_Limits_Perturbation=0;CPXPARAM_Simplex_Limits_Singularity=10;CPXPARAM_Simplex_PGradient=0;CPXPARAM_Simplex_Pricing=0;CPXPARAM_Simplex_Refactor=0
12736718176827253721,0,CPXPARAM_Advance=1;CPXPARAM_Barrier_Algorithm=0;CPXPARAM_Barrier_ColNonzeros=0;CPXPARAM_Barrier_Crossover=0;CPXPARAM_Barrier_Limits_Corrections=-1;CPXPARAM_Barrier_Ordering=0;CPXPARAM_Barrier_StartAlg=1;CPXPARAM_Emphasis_MIP=3;CPXPARAM_Emphasis_Memory=0;CPXPARAM_Emphasis_Numerical=0;CPXPARAM_Feasopt_Mode=0;CPXPARAM_LPMethod=0;CPXPARAM_MIP_Cuts_Cliques=2;CPXPARAM_MIP_Cuts_Covers=-1;CPXPARAM_MIP_Cuts_Disjunctive=-1;CPXPARAM_MIP_Cuts_FlowCovers=-1;CPXPARAM_MIP_Cuts_GUBCovers=2;CPXPARAM_MIP_Cuts_Gomory=1;CPXPARAM_MIP_Cuts_Implied=2;CPXPARAM_MIP_Cuts_MIRCut=2;CPXPARAM_MIP_Cuts_PathCut=1;CPXPARAM_MIP_Limits_AggForCut=10;CPXPARAM_MIP_Limits_CutPasses=0;CPXPARAM_MIP_Limits_CutsFactor=-1;CPXPARAM_MIP_Limits_GomoryCand=400;CPXPARAM_MIP_Limits_GomoryPass=0;CPXPARAM_MIP_Limits_Nodes=9223372036800000000;CPXPARAM_MIP_Limits_ProbeTime=1e+75;CPXPARAM_MIP_Limits_RepairTries=0;CPXPARAM_MIP_Limits_StrongCand=10;CPXPARAM_MIP_Limits_StrongIt=0;CPXPARAM_MIP_OrderType=0;CPXPARAM_MIP_Strategy_BBInterval=7;CPXPARAM_MIP_Strategy_Branch=-1;CPXPARAM_MIP_Strategy_Dive=0;CPXPARAM_MIP_Strategy_File=1;CPXPARAM_MIP_Strategy_HeuristicFreq=0;CPXPARAM_MIP_Strategy_LBHeur=0;CPXPARAM_MIP_Strategy_NodeSelect=2;CPXPARAM_MIP_Strategy_Order=1;CPXPARAM_MIP_Strategy_PresolveNode=-1;CPXPARAM_MIP_Strategy_Probe=1;CPXPARAM_MIP_Strategy_RINSHeur=0;CPXPARAM_MIP_Strategy_StartAlgorithm=0;CPXPARAM_MIP_Strategy_SubAlgorithm=1;CPXPARAM_MIP_Strategy_VariableSelect=1;CPXPARAM_Network_NetFind=2;CPXPARAM_Network_Pricing=0;CPXPARAM_Parallel=1;CPXPARAM_Preprocessing_Aggregator=-1;CPXPARAM_Preprocessing_BoundStrength=-1;CPXPARAM_Preprocessing_CoeffReduce=-1;CPXPARAM_Preprocessing_Dependency=-1;CPXPARAM_Preprocessing_Dual=0;CPXPARAM_Preprocessing_Fill=5;CPXPARAM_Preprocessing_NumPass=-1;CPXPARAM_Preprocessing_Presolve=1;CPXPARAM_Preprocessing_QPMakePSD=1;CPXPARAM_Preprocessing_Reduce=3;CPXPARAM_Preprocessing_Relax=-1;CPXPARAM_Preprocessing_RepeatPresolve=-1;CPXPARAM_Preprocessing_Symmetry=-1;CPXPARAM_Read_Scale=0;CPXPARAM_Sifting_Algorithm=0;CPXPARAM_Simplex_Crash=1;CPXPARAM_Simplex_DGradient=0;CPXPARAM_Simplex_Limits_Perturbation=0;CPXPARAM_Simplex_Limits_Singularity=10;CPXPARAM_Simplex_PGradient=0;CPXPARAM_Simplex_Pricing=0;CPXPARAM_Simplex_Refactor=0
17266702231735382878,0,CPXPARAM_Advance=1;CPXPARAM_Barrier_Algorithm=0;CPXPARAM_Barrier_ColNonzeros=0;CPXPARAM_Barrier_Crossover=0;CPXPARAM_Barrier_Limits_Corrections=-1;CPXPARAM_Barrier_Ordering=0;CPXPARAM_Barrier_StartAlg=1;CPXPARAM_Emphasis_MIP=3;CPXPARAM_Emphasis_Memory=0;CPXPARAM_Emphasis_Numerical=0;CPXPARAM_Feasopt_Mode=0;CPXPARAM_LPMethod=0;CPXPARAM_MIP_Cuts_Cliques=2;CPXPARAM_MIP_Cuts_Covers=3;CPXPARAM_MIP_Cuts_Disjunctive=-1;CPXPARAM_MIP_Cuts_FlowCovers=-1;CPXPARAM_MIP_Cuts_GUBCovers=2;CPXPARAM_MIP_Cuts_Gomory=1;CPXPARAM_MIP_Cuts_Implied=2;CPXPARAM_MIP_Cuts_MIRCut=2;CPXPARAM_MIP_Cuts_PathCut=1;CPXPARAM_MIP_Limits_AggForCut=10;CPXPARAM_MIP_Limits_CutPasses=0;CPXPARAM_MIP_Limits_CutsFactor=-1;CPXPARAM_MIP_Limits_GomoryCand=50;CPXPARAM_MIP_Limits_GomoryPass=0;CPXPARAM_MIP_Limits_Nodes=9223372036800000000;CPXPARAM_MIP_Limits_ProbeTime=1e+75;CPXPARAM_MIP_Limits_RepairTries=0;CPXPARAM_MIP_Limits_StrongCand=10;CPXPARAM_MIP_Limits_StrongIt=0;CPXPARAM_MIP_OrderType=0;CPXPARAM_MIP_Strategy_BBInterval=7;CPXPARAM_MIP_Strategy_Branch=-1;CPXPARAM_MIP_Strategy_Dive=0;CPXPARAM_MIP_Strategy_File=1;CPXPARAM_MIP_Strategy_HeuristicFreq=0;CPXPARAM_MIP_Strategy_LBHeur=0;CPXPARAM_MIP_Strategy_NodeSelect=2;CPXPARAM_MIP_Strategy_Order=1;CPXPARAM_MIP_Strategy_PresolveNode=-1;CPXPARAM_MIP_Strategy_Probe=1;CPXPARAM_MIP_Strategy_RINSHeur=0;CPXPARAM_MIP_Strategy_StartAlgorithm=0;CPXPARAM_MIP_Strategy_SubAlgorithm=1;CPXPARAM_MIP_Strategy_VariableSelect=0;CPXPARAM_Network_NetFind=2;CPXPARAM_Network_Pricing=0;CPXPARAM_Parallel=1;CPXPARAM_Preprocessing_Aggregator=-1;CPXPARAM_Preprocessing_BoundStrength=-1;CPXPARAM_Preprocessing_CoeffReduce=-1;CPXPARAM_Preprocessing_Dependency=-1;CPXPARAM_Preprocessing_Dual=0;CPXPARAM_Preprocessing_Fill=5;CPXPARAM_Preprocessing_NumPass=-1;CPXPARAM_Preprocessing_Presolve=1;CPXPARAM_Preprocessing_QPMakePSD=1;CPXPARAM_Preprocessing_Reduce=3;CPXPARAM_Preprocessing_Relax=-1;CPXPARAM_Preprocessing_RepeatPresolve=-1;CPXPARAM_Preprocessing_Symmetry=-1;CPXPARAM_Read_Scale=0;CPXPARAM_Sifting_Algorithm=0;CPXPARAM_Simplex_Crash=1;CPXPARAM_Simplex_DGradient=0;CPXPARAM_Simplex_Limits_Perturbation=0;CPXPARAM_Simplex_Limits_Singularity=10;CPXPARAM_Simplex_PGradient=0;CPXPARAM_Simplex_Pricing=0;CPXPARAM_Simplex_Refactor=0
6415749064760723949,0,CPXPARAM_Advance=1;CPXPARAM_Barrier_Algorithm=0;CPXPARAM_Barrier_ColNonzeros=0;CPXPARAM_Barrier_Crossover=0;CPXPARAM_Barrier_Limits_Corrections=-1;CPXPARAM_Barrier_Ordering=0;CPXPARAM_Barrier_StartAlg=1;CPXPARAM_Emphasis_MIP=5;CPXPARAM_Emphasis_Memory=0;CPXPARAM_Emphasis_Numerical=0;CPXPARAM_Feasopt_Mode=0;CPXPARAM_LPMethod=0;CPXPARAM_MIP_Cuts_Cliques=0;CPXPARAM_MIP_Cuts_Covers=3;CPXPARAM_MIP_Cuts_Disjunctive=-1;CPXPARAM_MIP_Cuts_FlowCovers=-1;CPXPARAM_MIP_Cuts_GUBCovers=-1;CPXPARAM_MIP_Cuts_Gomory=0;CPXPARAM_MIP_Cuts_Implied=1;CPXPARAM_MIP_Cuts_MIRCut=1;CPXPARAM_MIP_Cuts_PathCut=1;CPXPARAM_MIP_Limits_AggForCut=3;CPXPARAM_MIP_Limits_CutPasses=0;CPXPARAM_MIP_Limits_CutsFactor=-1;CPXPARAM_MIP_Limits_GomoryCand=800;CPXPARAM_MIP_Limits_GomoryPass=0;CPXPARAM_MIP_Limits_Nodes=9223372036800000000;CPXPARAM_MIP_Limits_ProbeTime=1e+75;CPXPARAM_MIP_Limits_RepairTries=0;CPXPARAM_MIP_Limits_StrongCand=10;CPXPARAM_MIP_Limits_StrongIt=0;CPXPARAM_MIP_OrderType=0;CPXPARAM_MIP_Strategy_BBInterval=7;CPXPARAM_MIP_Strategy_Branch=1;CPXPARAM_MIP_Strategy_Dive=0;CPXPARAM_MIP_Strategy_File=1;CPXPARAM_MIP_Strategy_HeuristicFreq=0;CPXPARAM_MIP_Strategy_LBHeur=0;CPXPARAM_MIP_Strategy_NodeSelect=0;CPXPARAM_MIP_Strategy_Order=1;CPXPARAM_MIP_Strategy_PresolveNode=0;CPXPARAM_MIP_Strategy_Probe=-1;CPXPARAM_MIP_Strategy_RINSHeur=0;CPXPARAM_MIP_Strategy_StartAlgorithm=0;CPXPARAM_MIP_Strategy_SubAlgorithm=0;CPXPARAM_MIP_Strategy_VariableSelect=1;CPXPARAM_Network_NetFind=2;CPXPARAM_Network_Pricing=0;CPXPARAM_Parallel=1;CPXPARAM_Preprocessing_Aggregator=-1;CPXPARAM_Preprocessing_BoundStrength=-1;CPXPARAM_Preprocessing_CoeffReduce=-1;CPXPARAM_Preprocessing_Dependency=-1;CPXPARAM_Preprocessing_Dual=0;CPXPARAM_Preprocessing_Fill=10;CPXPARAM_Preprocessing_NumPass=-1;CPXPARAM_Preprocessing_Presolve=1;CPXPARAM_Preprocessing_QPMakePSD=1;CPXPARAM_Preprocessing_Reduce=3;CPXPARAM_Preprocessing_Relax=-1;CPXPARAM_Preprocessing_RepeatPresolve=-1;CPXPARAM_Preprocessing_Symmetry=-1;CPXPARAM_Read_Scale=0;CPXPARAM_Sifting_Algorithm=0;CPXPARAM_Simplex_Crash=1;CPXPARAM_Simplex_DGradient=0;CPXPARAM_Simplex_Limits_Perturbation=0;CPXPARAM_Simplex_Limits_Singularity=10;CPXPARAM_Simplex_PGradient=0;CPXPARAM_Simplex_Pricing=0;CPXPARAM_Simplex_Refactor=0
3670887420605037695,0,CPXPARAM_Advance=1;CPXPARAM_Barrier_Algorithm=0;CPXPARAM_Barrier_ColNonzeros=0;CPXPARAM_Barrier_Crossover=0;CPXPARAM_Barrier_Limits_Corrections=-1;CPXPARAM_Barrier_Ordering=0;CPXPARAM_Barrier_StartAlg=1;CPXPARAM_Emphasis_MIP=3;CPXPARAM_Emphasis_Memory=0;CPXPARAM_Emphasis_Numerical=0;CPXPARAM_Feasopt_Mode=0;CPXPARAM_LPMethod=0;CPXPARAM_MIP_Cuts_Cliques=2;CPXPARAM_MIP_Cuts_Covers=3;CPXPARAM_MIP_Cuts_Disjunctive=-1;CPXPARAM_MIP_Cuts_FlowCovers=-1;CPXPARAM_MIP_Cuts_GUBCovers=2;CPXPARAM_MIP_Cuts_Gomory=1;CPXPARAM_MIP_Cuts_Implied=2;CPXPARAM_MIP_Cuts_MIRCut=2;CPXPARAM_MIP_Cuts_PathCut=1;CPXPARAM_MIP_Limits_AggForCut=3;CPXPARAM_MIP_Limits_CutPasses=0;CPXPARAM_MIP_Limits_CutsFactor=-1;CPXPARAM_MIP_Limits_GomoryCand=400;CPXPARAM_MIP_Limits_GomoryPass=0;CPXPARAM_MIP_Limits_Nodes=9223372036800000000;CPXPARAM_MIP_Limits_ProbeTime=1e+75;CPXPARAM_MIP_Limits_RepairTries=0;CPXPARAM_MIP_Limits_StrongCand=10;CPXPARAM_MIP_Limits_StrongIt=0;CPXPARAM_MIP_OrderType=0;CPXPARAM_MIP_Strategy_BBInterval=7;CPXPARAM_MIP_Strategy_Branch=-1;CPXPARAM_MIP_Strategy_Dive=0;CPXPARAM_MIP_Strategy_File=1;CPXPARAM_MIP_Strategy_HeuristicFreq=0;CPXPARAM_MIP_Strategy_LBHeur=0;CPXPARAM_MIP_Strategy_NodeSelect=2;CPXPARAM_MIP_Strategy_Order=1;CPXPARAM_MIP_Strategy_PresolveNode=-1;CPXPARAM_MIP_Strategy_Probe=1;CPXPARAM_MIP_Strategy_RINSHeur=0;CPXPARAM_MIP_Strategy_StartAlgorithm=0;CPXPARAM_MIP_Strategy_SubAlgorithm=1;CPXPARAM_MIP_Strategy_VariableSelect=0;CPXPARAM_Network_NetFind=2;CPXPARAM_Network_Pricing=0;CPXPARAM_Parallel=1;CPXPARAM_Preprocessing_Aggregator=-1;CPXPARAM_Preprocessing_BoundStrength=-1;CPXPARAM_Preprocessing_CoeffReduce=-1;CPXPARAM_Preprocessing_Dependency=-1;CPXPARAM_Preprocessing_Dual=0;CPXPARAM_Preprocessing_Fill=5;CPXPARAM_Preprocessing_NumPass=-1;CPXPARAM_Preprocessing_Presolve=1;CPXPARAM_Preprocessing_QPMakePSD=1;CPXPARAM_Preprocessing_Reduce=3;CPXPARAM_Preprocessing_Relax=-1;CPXPARAM_Preprocessing_RepeatPresolve=-1;CPXPARAM_Preprocessing_Symmetry=-1;CPXPARAM_Read_Scale=0;CPXPARAM_Sifting_Algorithm=0;CPXPARAM_Simplex_Crash=1;CPXPARAM_Simplex_DGradient=0;CPXPARAM_Simplex_Limits_Perturbation=0;CPXPARAM_Simplex_Limits_Singularity=10;CPXPARAM_Simplex_PGradient=0;CPXPARAM_Simplex_Pricing=0;CPXPARAM_Simplex_Refactor=0
8714120888752299381,0,CPXPARAM_Advance=1;CPXPARAM_Barrier_Algorithm=0;CPXPARAM_Barrier_ColNonzeros=0;CPXPARAM_Barrier_Crossover=0;CPXPARAM_Barrier_Limits_Corrections=-1;CPXPARAM_Barrier_Ordering=0;CPXPARAM_Barrier_StartAlg=1;CPXPARAM_Emphasis_MIP=2;CPXPARAM_Emphasis_Memory=0;CPXPARAM_Emphasis_Numerical=0;CPXPARAM_Feasopt_Mode=0;CPXPARAM_LPMethod=0;CPXPARAM_MIP_Cuts_Cliques=-1;CPXPARAM_MIP_Cuts_Covers=2;CPXPARAM_MIP_Cuts_Disjunctive=1;CPXPARAM_MIP_Cuts_FlowCovers=2;CPXPARAM_MIP_Cuts_GUBCovers=1;CPXPARAM_MIP_Cuts_Gomory=0;CPXPARAM_MIP_Cuts_Implied=-1;CPXPARAM_MIP_Cuts_MIRCut=-1;CPXPARAM_MIP_Cuts_PathCut=-1;CPXPARAM_MIP_Limits_AggForCut=3;CPXPARAM_MIP_Limits_CutPasses=0;CPXPARAM_MIP_Limits_CutsFactor=-1;CPXPARAM_MIP_Limits_GomoryCand=400;CPXPARAM_MIP_Limits_GomoryPass=0;CPXPARAM_MIP_Limits_Nodes=9223372036800000000;CPXPARAM_MIP_Limits_ProbeTime=1e+75;CPXPARAM_MIP_Limits_RepairTries=0;CPXPARAM_MIP_Limits_StrongCand=10;CPXPARAM_MIP_Limits_StrongIt=0;CPXPARAM_MIP_OrderType=0;CPXPARAM_MIP_Strategy_BBInterval=7;CPXPARAM_MIP_Strategy_Branch=0;CPXPARAM_MIP_Strategy_Dive=0;CPXPARAM_MIP_Strategy_File=1;CPXPARAM_MIP_Strategy_HeuristicFreq=0;CPXPARAM_MIP_Strategy_LBHeur=0;CPXPARAM_MIP_Strategy_NodeSelect=1;CPXPARAM_MIP_Strategy_Order=1;CPXPARAM_MIP_Strategy_PresolveNode=0;CPXPARAM_MIP_Strategy_Probe=0;CPXPARAM_MIP_Strategy_RINSHeur=0;CPXPARAM_MIP_Strategy_StartAlgorithm=0;CPXPARAM_MIP_Strategy_SubAlgorithm=0;CPXPARAM_MIP_Strategy_VariableSelect=0;CPXPARAM_Network_NetFind=3;CPXPARAM_Network_Pricing=0;CPXPARAM_Parallel=1;CPXPARAM_Preprocessing_Aggregator=-1;CPXPARAM_Preprocessing_BoundStrength=-1;CPXPARAM_Preprocessing_CoeffReduce=-1;CPXPARAM_Preprocessing_Dependency=-1;CPXPARAM_Preprocessing_Dual=0;CPXPARAM_Preprocessing_Fill=10;CPXPARAM_Preprocessing_NumPass=-1;CPXPARAM_Preprocessing_Presolve=1;CPXPARAM_Preprocessing_QPMakePSD=1;CPXPARAM_Preprocessing_Reduce=3;CPXPARAM_Preprocessing_Relax=-1;CPXPARAM_Preprocessing_RepeatPresolve=-1;CPXPARAM_Preprocessing_Symmetry=-1;CPXPARAM_Read_Scale=0;CPXPARAM_Sifting_Algorithm=0;CPXPARAM_Simplex_Crash=1;CPXPARAM_Simplex_DGradient=0;CPXPARAM_Simplex_Limits_Perturbation=0;CPXPARAM_Simplex_Limits_Singularity=10;CPXPARAM_Simplex_PGradient=0;CPXPARAM_Simplex_Pricing=0;CPXPARAM_Simplex_Refactor=0
8972662991327521794,0,CPXPARAM_Advance=1;CPXPARAM_Barrier_Algorithm=0;CPXPARAM_Barrier_ColNonzeros=0;CPXPARAM_Barrier_Crossover=0;CPXPARAM_Barrier_Limits_Corrections=-1;CPXPARAM_Barrier_Ordering=0;CPXPARAM_Barrier_StartAlg=1;CPXPARAM_Emphasis_MIP=3;CPXPARAM_Emphasis_Memory=0;CPXPARAM_Emphasis_Numerical=0;CPXPARAM_Feasopt_Mode=0;CPXPARAM_LPMethod=0;CPXPARAM_MIP_Cuts_Cliques=2;CPXPARAM_MIP_Cuts_Covers=2;CPXPARAM_MIP_Cuts_Disjunctive=1;CPXPARAM_MIP_Cuts_FlowCovers=-1;CPXPARAM_MIP_Cuts_GUBCovers=0;CPXPARAM_MIP_Cuts_Gomory=-1;CPXPARAM_MIP_Cuts_Implied=-1;CPXPARAM_MIP_Cuts_MIRCut=-1;CPXPARAM_MIP_Cuts_PathCut=2;CPXPARAM_MIP_Limits_AggForCut=3;CPXPARAM_MIP_Limits_CutPasses=0;CPXPARAM_MIP_Limits_CutsFactor=-1;CPXPARAM_MIP_Limits_GomoryCand=10;CPXPARAM_MIP_Limits_GomoryPass=0;CPXPARAM_MIP_Limits_Nodes=9223372036800000000;CPXPARAM_MIP_Limits_ProbeTime=1e+75;CPXPARAM_MIP_Limits_RepairTries=0;CPXPARAM_MIP_Limits_StrongCand=10;CPXPARAM_MIP_Limits_StrongIt=0;CPXPARAM_MIP_OrderType=0;CPXPARAM_MIP_Strategy_BBInterval=7;CPXPARAM_MIP_Strategy_Branch=1;CPXPARAM_MIP_Strategy_Dive=0;CPXPARAM_MIP_Strategy_File=1;CPXPARAM_MIP_Strategy_HeuristicFreq=0;CPXPARAM_MIP_Strategy_LBHeur=0;CPXPARAM_MIP_Strategy_NodeSelect=1;CPXPARAM_MIP_Strategy_Order=1;CPXPARAM_MIP_Strategy_PresolveNode=2;CPXPARAM_MIP_Strategy_Probe=-1;CPXPARAM_MIP_Strategy_RINSHeur=0;CPXPARAM_MIP_Strategy_StartAlgorithm=0;CPXPARAM_MIP_Strategy_SubAlgorithm=0;CPXPARAM_MIP_Strategy_VariableSelect=0;CPXPARAM_Network_NetFind=2;CPXPARAM_Network_Pricing=0;CPXPARAM_Parallel=1;CPXPARAM_Preprocessing_Aggregator=-1;CPXPARAM_Preprocessing_BoundStrength=-1;CPXPARAM_Preprocessing_CoeffReduce=-1;CPXPARAM_Preprocessing_Dependency=-1;CPXPARAM_Preprocessing_Dual=0;CPXPARAM_Preprocessing_Fill=10;CPXPARAM_Preprocessing_NumPass=-1;CPXPARAM_Preprocessing_Presolve=1;CPXPARAM_Preprocessing_QPMakePSD=1;CPXPARAM_Preprocessing_Reduce=3;CPXPARAM_Preprocessing_Relax=-1;CPXPARAM_Preprocessing_RepeatPresolve=-1;CPXPARAM_Preprocessing_Symmetry=-1;CPXPARAM_Read_Scale=0;CPXPARAM_Sifting_Algorithm=0;CPXPARAM_Simplex_Crash=1;CPXPARAM_Simplex_DGradient=0;CPXPARAM_Simplex_Limits_Perturbation=0;CPXPARAM_Simplex_Limits_Singularity=10;CPXPARAM_Simplex_PGradient=0;CPXPARAM_Simplex_Pricing=0;CPXPARAM_Simplex_Refactor=0
8235204638540833901,0,CPXPARAM_Advance=1;CPXPARAM_Barrier_Algorithm=0;CPXPARAM_Barrier_ColNonzeros=0;CPXPARAM_Barrier_Crossover=0;CPXPARAM_Barrier_Limits_Corrections=-1;CPXPARAM_Barrier_Ordering=0;CPXPARAM_Barrier_StartAlg=1;CPXPARAM_Emphasis_MIP=0;CPXPARAM_Emphasis_Memory=0;CPXPARAM_Emphasis_Numerical=0;CPXPARAM_Feasopt_Mode=0;CPXPARAM_LPMethod=0;CPXPARAM_MIP_Cuts_Cliques=3;CPXPARAM_MIP_Cuts_Covers=0;CPXPARAM_MIP_Cuts_Disjunctive=0;CPXPARAM_MIP_Cuts_FlowCovers=2;CPXPARAM_MIP_Cuts_GUBCovers=1;CPXPARAM_MIP_Cuts_Gomory=0;CPXPARAM_MIP_Cuts_Implied=2;CPXPARAM_MIP_Cuts_MIRCut=2;CPXPARAM_MIP_Cuts_PathCut=0;CPXPARAM_MIP_Limits_AggForCut=3;CPXPARAM_MIP_Limits_CutPasses=0;CPXPARAM_MIP_Limits_CutsFactor=-1;CPXPARAM_MIP_Limits_GomoryCand=200;CPXPARAM_MIP_Limits_GomoryPass=0;CPXPARAM_MIP_Limits_Nodes=9223372036800000000;CPXPARAM_MIP_Limits_ProbeTime=1e+75;CPXPARAM_MIP_Limits_RepairTries=0;CPXPARAM_MIP_Limits_StrongCand=10;CPXPARAM_MIP_Limits_StrongIt=0;CPXPARAM_MIP_OrderType=0;CPXPARAM_MIP_Strategy_BBInterval=7;CPXPARAM_MIP_Strategy_Branch=-1;CPXPARAM_MIP_Strategy_Dive=0;CPXPARAM_MIP_Strategy_File=1;CPXPARAM_MIP_Strategy_HeuristicFreq=0;CPXPARAM_MIP_Strategy_LBHeur=0;CPXPARAM_MIP_Strategy_NodeSelect=2;CPXPARAM_MIP_Strategy_Order=1;CPXPARAM_MIP_Strategy_PresolveNode=2;CPXPARAM_MIP_Strategy_Probe=3;CPXPARAM_MIP_Strategy_RINSHeur=0;CPXPARAM_MIP_Strategy_StartAlgorithm=0;CPXPARAM_MIP_Strategy_SubAlgorithm=3;CPXPARAM_MIP_Strategy_VariableSelect=-1;CPXPARAM_Network_NetFind=2;CPXPARAM_Network_Pricing=0;CPXPARAM_Parallel=1;CPXPARAM_Preprocessing_Aggregator=-1;CPXPARAM_Preprocessing_BoundStrength=-1;CPXPARAM_Preprocessing_CoeffReduce=-1;CPXPARAM_Preprocessing_Dependency=-1;CPXPARAM_Preprocessing_Dual=0;CPXPARAM_Preprocessing_Fill=10;CPXPARAM_Preprocessing_NumPass=-1;CPXPARAM_Preprocessing_Presolve=1;CPXPARAM_Preprocessing_QPMakePSD=1;CPXPARAM_Preprocessing_Reduce=3;CPXPARAM_Preprocessing_Relax=-1;CPXPARAM_Preprocessing_RepeatPresolve=-1;CPXPARAM_Preprocessing_Symmetry=-1;CPXPARAM_Read_Scale=0;CPXPARAM_Sifting_Algorithm=0;CPXPARAM_Simplex_Crash=1;CPXPARAM_Simplex_DGradient=0;CPXPARAM_Simplex_Limits_Perturbation=0;CPXPARAM_Simplex_Limits_Singularity=10;CPXPARAM_Simplex_PGradient=0;CPXPARAM_Simplex_Pricing=0;CPXPARAM_Simplex_Refactor=0
12096853251969516760,0,CPXPARAM_Advance=1;CPXPARAM_Barrier_Algorithm=0;CPXPARAM_Barrier_ColNonzeros=0;CPXPARAM_Barrier_Crossover=0;CPXPARAM_Barrier_Limits_Corrections=-1;CPXPARAM_Barrier_Ordering=0;CPXPARAM_Barrier_StartAlg=1;CPXPARAM_Emphasis_MIP=3;CPXPARAM_Emphasis_Memory=0;CPXPARAM_Emphasis_Numerical=0;CPXPARAM_Feasopt_Mode=0;CPXPARAM_LPMethod=0;CPXPARAM_MIP_Cuts_Cliques=2;CPXPARAM_MIP_Cuts_Covers=3;CPXPARAM_MIP_Cuts_Disjunctive=-1;CPXPARAM_MIP_Cuts_FlowCovers=-1;CPXPARAM_MIP_Cuts_GUBCovers=2;CPXPARAM_MIP_Cuts_Gomory=1;CPXPARAM_MIP_Cuts_Implied=2;CPXPARAM_MIP_Cuts_MIRCut=2;CPXPARAM_MIP_Cuts_PathCut=-1;CPXPARAM_MIP_Limits_AggForCut=10;CPXPARAM_MIP_Limits_CutPasses=0;CPXPARAM_MIP_Limits_CutsFactor=-1;CPXPARAM_MIP_Limits_GomoryCand=400;CPXPARAM_MIP_Limits_GomoryPass=0;CPXPARAM_MIP_Limits_Nodes=9223372036800000000;CPXPARAM_MIP_Limits_ProbeTime=1e+75;CPXPARAM_MIP_Limits_RepairTries=0;CPXPARAM_MIP_Limits_StrongCand=10;CPXPARAM_MIP_Limits_StrongIt=0;CPXPARAM_MIP_OrderType=0;CPXPARAM_MIP_Strategy_BBInterval=7;CPXPARAM_MIP_Strategy_Branch=-1;CPXPARAM_MIP_Strategy_Dive=0;CPXPARAM_MIP_Strategy_File=1;CPXPARAM_MIP_Strategy_HeuristicFreq=0;CPXPARAM_MIP_Strategy_LBHeur=0;CPXPARAM_MIP_Strategy_NodeSelect=2;CPXPARAM_MIP_Strategy_Order=1;CPXPARAM_MIP_Strategy_PresolveNode=-1;CPXPARAM_MIP_Strategy_Probe=1;CPXPARAM_MIP_Strategy_RINSHeur=0;CPXPARAM_MIP_Strategy_StartAlgorithm=0;CPXPARAM_MIP_Strategy_SubAlgorithm=1;CPXPARAM_MIP_Strategy_VariableSelect=1;CPXPARAM_Network_NetFind=2;CPXPARAM_Network_Pricing=0;CPXPARAM_Parallel=1;CPXPARAM_Preprocessing_Aggregator=-1;CPXPARAM_Preprocessing_BoundStrength=-1;CPXPARAM_Preprocessing_CoeffReduce=-1;CPXPARAM_Preprocessing_Dependency=-1;CPXPARAM_Preprocessing_Dual=0;CPXPARAM_Preprocessing_Fill=5;CPXPARAM_Preprocessing_NumPass=-1;CPXPARAM_Preprocessing_Presolve=1;CPXPARAM_Preprocessing_QPMakePSD=1;CPXPARAM_Preprocessing_Reduce=3;CPXPARAM_Preprocessing_Relax=-1;CPXPARAM_Preprocessing_RepeatPresolve=-1;CPXPARAM_Preprocessing_Symmetry=-1;CPXPARAM_Read_Scale=0;CPXPARAM_Sifting_Algorithm=0;CPXPARAM_Simplex_Crash=1;CPXPARAM_Simplex_DGradient=0;CPXPARAM_Simplex_Limits_Perturbation=0;CPXPARAM_Simplex_Limits_Singularity=10;CPXPARAM_Simplex_PGradient=0;CPXPARAM_Simplex_Pricing=0;CPXPARAM_Simplex_Refactor=0
15915907003717788643,0,CPXPARAM_Advance=1;CPXPARAM_Barrier_Algorithm=0;CPXPARAM_Barrier_ColNonzeros=0;CPXPARAM_Barrier_Crossover=0;CPXPARAM_Barrier_Limits_Corrections=-1;CPXPARAM_Barrier_Ordering=0;CPXPARAM_Barrier_StartAlg=1;CPXPARAM_Emphasis_MIP=3;CPXPARAM_Emphasis_Memory=0;CPXPARAM_Emphasis_Numerical=0;CPXPARAM_Feasopt_Mode=0;CPXPARAM_LPMethod=0;CPXPARAM_MIP_Cuts_Cliques=2;CPXPARAM_MIP_Cuts_Covers=3;CPXPARAM_MIP_Cuts_Disjunctive=-1;CPXPARAM_MIP_Cuts_FlowCovers=-1;CPXPARAM_MIP_Cuts_GUBCovers=2;CPXPARAM_MIP_Cuts_Gomory=1;CPXPARAM_MIP_Cuts_Implied=2;CPXPARAM_MIP_Cuts_MIRCut=2;CPXPARAM_MIP_Cuts_PathCut=1;CPXPARAM_MIP_Limits_AggForCut=10;CPXPARAM_MIP_Limits_CutPasses=0;CPXPARAM_MIP_Limits_CutsFactor=-1;CPXPARAM_MIP_Limits_GomoryCand=400;CPXPARAM_MIP_Limits_GomoryPass=0;CPXPARAM_MIP_Limits_Nodes=9223372036800000000;CPXPARAM_MIP_Limits_ProbeTime=1e+75;CPXPARAM_MIP_Limits_RepairTries=0;CPXPARAM_MIP_Limits_StrongCand=10;CPXPARAM_MIP_Limits_StrongIt=0;CPXPARAM_MIP_OrderType=0;CPXPARAM_MIP_Strategy_BBInterval=7;CPXPARAM_MIP_Strategy_Branch=0;CPXPARAM_MIP_Strategy_Dive=0;CPXPARAM_MIP_Strategy_File=1;CPXPARAM_MIP_Strategy_HeuristicFreq=0;CPXPARAM_MIP_Strategy_LBHeur=0;CPXPARAM_MIP_Strategy_NodeSelect=2;CPXPARAM_MIP_Strategy_Order=1;CPXPARAM_MIP_Strategy_PresolveNode=-1;CPXPARAM_MIP_Strategy_Probe=1;CPXPARAM_MIP_Strategy_RINSHeur=0;CPXPARAM_MIP_Strategy_StartAlgorithm=0;CPXPARAM_MIP_Strategy_SubAlgorithm=1;CPXPARAM_MIP_Strategy_VariableSelect=1;CPXPARAM_Network_NetFind=2;CPXPARAM_Network_Pricing=0;CPXPARAM_Parallel=1;CPXPARAM_Preprocessing_Aggregator=-1;CPXPARAM_Preprocessing_BoundStrength=-1;CPXPARAM_Preprocessing_CoeffReduce=-1;CPXPARAM_Preprocessing_Dependency=-1;CPXPARAM_Preprocessing_Dual=0;CPXPARAM_Preprocessing_Fill=5;CPXPARAM_Preprocessing_NumPass=-1;CPXPARAM_Preprocessing_Presolve=1;CPXPARAM_Preprocessing_QPMakePSD=1;CPXPARAM_Preprocessing_Reduce=3;CPXPARAM_Preprocessing_Relax=-1;CPXPARAM_Preprocessing_RepeatPresolve=-1;CPXPARAM_Preprocessing_Symmetry=-1;CPXPARAM_Read_Scale=0;CPXPARAM_Sifting_Algorithm=0;CPXPARAM_Simplex_Crash=1;CPXPARAM_Simplex_DGradient=0;CPXPARAM_Simplex_Limits_Perturbation=0;CPXPARAM_Simplex_Limits_Singularity=10;CPXPARAM_Simplex_PGradient=0;CPXPARAM_Simplex_Pricing=0;CPXPARAM_Simplex_Refactor=0
11707741417354487420,0,CPXPARAM_Advance=1;CPXPARAM_Barrier_Algorithm=0;CPXPARAM_Barrier_ColNonzeros=0;CPXPARAM_Barrier_Crossover=0;CPXPARAM_Barrier_Limits_Corrections=-1;CPXPARAM_Barrier_Ordering=0;CPXPARAM_Barrier_StartAlg=1;CPXPARAM_Emphasis_MIP=4;CPXPARAM_Emphasis_Memory=0;CPXPARAM_Emphasis_Numerical=0;CPXPARAM_Feasopt_Mode=0;CPXPARAM_LPMethod=0;CPXPARAM_MIP_Cuts_Cliques=0;CPXPARAM_MIP_Cuts_Covers=1;CPXPARAM_MIP_Cuts_Disjunctive=0;CPXPARAM_MIP_Cuts_FlowCovers=-1;CPXPARAM_MIP_Cuts_GUBCovers=2;CPXPARAM_MIP_Cuts_Gomory=0;CPXPARAM_MIP_Cuts_Implied=0;CPXPARAM_MIP_Cuts_MIRCut=2;CPXPARAM_MIP_Cuts_PathCut=1;CPXPARAM_MIP_Limits_AggForCut=3;CPXPARAM_MIP_Limits_CutPasses=0;CPXPARAM_MIP_Limits_CutsFactor=-1;CPXPARAM_MIP_Limits_GomoryCand=10;CPXPARAM_MIP_Limits_GomoryPass=0;CPXPARAM_MIP_Limits_Nodes=9223372036800000000;CPXPARAM_MIP_Limits_ProbeTime=1e+75;CPXPARAM_MIP_Limits_RepairTries=0;CPXPARAM_MIP_Limits_StrongCand=10;CPXPARAM_MIP_Limits_StrongIt=0;CPXPARAM_MIP_OrderType=0;CPXPARAM_MIP_Strategy_BBInterval=7;CPXPARAM_MIP_Strategy_Branch=0;CPXPARAM_MIP_Strategy_Dive=0;CPXPARAM_MIP_Strategy_File=1;CPXPARAM_MIP_Strategy_HeuristicFreq=0;CPXPARAM_MIP_Strategy_LBHeur=0;CPXPARAM_MIP_Strategy_NodeSelect=1;CPXPARAM_MIP_Strategy_Order=1;CPXPARAM_MIP_Strategy_PresolveNode=0;CPXPARAM_MIP_Strategy_Probe=0;CPXPARAM_MIP_Strategy_RINSHeur=0;CPXPARAM_MIP_Strategy_StartAlgorithm=0;CPXPARAM_MIP_Strategy_SubAlgorithm=0;CPXPARAM_MIP_Strategy_VariableSelect=0;CPXPARAM_Network_NetFind=2;CPXPARAM_Network_Pricing=0;CPXPARAM_Parallel=1;CPXPARAM_Preprocessing_Aggregator=-1;CPXPARAM_Preprocessing_BoundStrength=-1;CPXPARAM_Preprocessing_CoeffReduce=-1;CPXPARAM_Preprocessing_Dependency=-1;CPXPARAM_Preprocessing_Dual=0;CPXPARAM_Preprocessing_Fill=10;CPXPARAM_Preprocessing_NumPass=-1;CPXPARAM_Preprocessing_Presolve=1;CPXPARAM_Preprocessing_QPMakePSD=1;CPXPARAM_Preprocessing_Reduce=3;CPXPARAM_Preprocessing_Relax=-1;CPXPARAM_Preprocessing_RepeatPresolve=-1;CPXPARAM_Preprocessing_Symmetry=-1;CPXPARAM_Read_Scale=0;CPXPARAM_Sifting_Algorithm=0;CPXPARAM_Simplex_Crash=1;CPXPARAM_Simplex_DGradient=0;CPXPARAM_Simplex_Limits_Perturbation=0;CPXPARAM_Simplex_Limits_Singularity=10;CPXPARAM_Simplex_PGradient=0;CPXPARAM_Simplex_Pricing=0;CPXPARAM_Simplex_Refactor=0
13828505338235187774,0,CPXPARAM_Advance=1;CPXPARAM_Barrier_Algorithm=0;CPXPARAM_Barrier_ColNonzeros=0;CPXPARAM_Barrier_Crossover=0;CPXPARAM_Barrier_Limits_Corrections=-1;CPXPARAM_Barrier_Ordering=0;CPXPARAM_Barrier_StartAlg=1;CPXPARAM_Emphasis_MIP=3;CPXPARAM_Emphasis_Memory=0;CPXPARAM_Emphasis_Numerical=0;CPXPARAM_Feasopt_Mode=0;CPXPARAM_LPMethod=0;CPXPARAM_MIP_Cuts_Cliques=2;CPXPARAM_MIP_Cuts_Covers=3;CPXPARAM_MIP_Cuts_Disjunctive=0;CPXPARAM_MIP_Cuts_FlowCovers=-1;CPXPARAM_MIP_Cuts_GUBCovers=2;CPXPARAM_MIP_Cuts_Gomory=1;CPXPARAM_MIP_Cuts_Implied=2;CPXPARAM_MIP_Cuts_MIRCut=2;CPXPARAM_MIP_Cuts_PathCut=1;CPXPARAM_MIP_Limits_AggForCut=10;CPXPARAM_MIP_Limits_CutPasses=0;CPXPARAM_MIP_Limits_CutsFactor=-1;CPXPARAM_MIP_Limits_GomoryCand=400;CPXPARAM_MIP_Limits_GomoryPass=0;CPXPARAM_MIP_Limits_Nodes=9223372036800000000;CPXPARAM_MIP_Limits_ProbeTime=1e+75;CPXPARAM_MIP_Limits_RepairTries=0;CPXPARAM_MIP_Limits_StrongCand=10;CPXPARAM_MIP_Limits_StrongIt=0;CPXPARAM_MIP_OrderType=0;CPXPARAM_MIP_Strategy_BBInterval=7;CPXPARAM_MIP_Strategy_Branch=-1;CPXPARAM_MIP_Strategy_Dive=0;CPXPARAM_MIP_Strategy_File=1;CPXPARAM_MIP_Strategy_HeuristicFreq=0;CPXPARAM_MIP_Strategy_LBHeur=0;CPXPARAM_MIP_Strategy_NodeSelect=2;CPXPARAM_MIP_Strategy_Order=1;CPXPARAM_MIP_Strategy_PresolveNode=-1;CPXPARAM_MIP_Strategy_Probe=1;CPXPARAM_MIP_Strategy_RINSHeur=0;CPXPARAM_MIP_Strategy_StartAlgorithm=0;CPXPARAM_MIP_Strategy_SubAlgorithm=1;CPXPARAM_MIP_Strategy_VariableSelect=1;CPXPARAM_Network_NetFind=2;CPXPARAM_Network_Pricing=0;CPXPARAM_Parallel=1;CPXPARAM_Preprocessing_Aggregator=-1;CPXPARAM_Preprocessing_BoundStrength=-1;CPXPARAM_Preprocessing_CoeffReduce=-1;CPXPARAM_Preprocessing_Dependency=-1;CPXPARAM_Preprocessing_Dual=0;CPXPARAM_Preprocessing_Fill=5;CPXPARAM_Preprocessing_NumPass=-1;CPXPARAM_Preprocessing_Presolve=1;CPXPARAM_Preprocessing_QPMakePSD=1;CPXPARAM_Preprocessing_Reduce=3;CPXPARAM_Preprocessing_Relax=-1;CPXPARAM_Preprocessing_RepeatPresolve=-1;CPXPARAM_Preprocessing_Symmetry=-1;CPXPARAM_Read_Scale=0;CPXPARAM_Sifting_Algorithm=0;CPXPARAM_Simplex_Crash=1;CPXPARAM_Simplex_DGradient=0;CPXPARAM_Simplex_Limits_Perturbation=0;CPXPARAM_Simplex_Limits_Singularity=10;CPXPARAM_Simplex_PGradient=0;CPXPARAM_Simplex_Pricing=0;CPXPARAM_Simplex_Refactor=0
15165244968408756811,0,CPXPARAM_Advance=1;CPXPARAM_Barrier_Algorithm=0;CPXPARAM_Barrier_ColNonzeros=0;CPXPARAM_Barrier_Crossover=0;CPXPARAM_Barrier_Limits_Corrections=-1;CPXPARAM_Barrier_Ordering=0;CPXPARAM_Barrier_StartAlg=1;CPXPARAM_Emphasis_MIP=4;CPXPARAM_Emphasis_Memory=0;CPXPARAM_Emphasis_Numerical=0;CPXPARAM_Feasopt_Mode=0;CPXPARAM_LPMethod=0;CPXPARAM_MIP_Cuts_Cliques=0;CPXPARAM_MIP_Cuts_Covers=0;CPXPARAM_MIP_Cuts_Disjunctive=-1;CPXPARAM_MIP_Cuts_FlowCovers=2;CPXPARAM_MIP_Cuts_GUBCovers=2;CPXPARAM_MIP_Cuts_Gomory=2;CPXPARAM_MIP_Cuts_Implied=-1;CPXPARAM_MIP_Cuts_MIRCut=0;CPXPARAM_MIP_Cuts_PathCut=2;CPXPARAM_MIP_Limits_AggForCut=3;CPXPARAM_MIP_Limits_CutPasses=0;CPXPARAM_MIP_Limits_CutsFactor=-1;CPXPARAM_MIP_Limits_GomoryCand=150;CPXPARAM_MIP_Limits_GomoryPass=0;CPXPARAM_MIP_Limits_Nodes=9223372036800000000;CPXPARAM_MIP_Limits_ProbeTime=1e+75;CPXPARAM_MIP_Limits_RepairTries=0;CPXPARAM_MIP_Limits_StrongCand=10;CPXPARAM_MIP_Limits_StrongIt=0;CPXPARAM_MIP_OrderType=0;CPXPARAM_MIP_Strategy_BBInterval=7;CPXPARAM_MIP_Strategy_Branch=0;CPXPARAM_MIP_Strategy_Dive=0;CPXPARAM_MIP_Strategy_File=1;CPXPARAM_MIP_Strategy_HeuristicFreq=0;CPXPARAM_MIP_Strategy_LBHeur=0;CPXPARAM_MIP_Strategy_NodeSelect=1;CPXPARAM_MIP_Strategy_Order=1;CPXPARAM_MIP_Strategy_PresolveNode=0;CPXPARAM_MIP_Strategy_Probe=0;CPXPARAM_MIP_Strategy_RINSHeur=0;CPXPARAM_MIP_Strategy_StartAlgorithm=0;CPXPARAM_MIP_Strategy_SubAlgorithm=0;CPXPARAM_MIP_Strategy_VariableSelect=0;CPXPARAM_Network_NetFind=2;CPXPARAM_Network_Pricing=0;CPXPARAM_Parallel=1;CPXPARAM_Preprocessing_Aggregator=-1;CPXPARAM_Preprocessing_BoundStrength=-1;CPXPARAM_Preprocessing_CoeffReduce=-1;CPXPARAM_Preprocessing_Dependency=-1;CPXPARAM_Preprocessing_Dual=0;CPXPARAM_Preprocessing_Fill=10;CPXPARAM_Preprocessing_NumPass=-1;CPXPARAM_Preprocessing_Presolve=1;CPXPARAM_Preprocessing_QPMakePSD=1;CPXPARAM_Preprocessing_Reduce=3;CPXPARAM_Preprocessing_Relax=-1;CPXPARAM_Preprocessing_RepeatPresolve=-1;CPXPARAM_Preprocessing_Symmetry=-1;CPXPARAM_Read_Scale=0;CPXPARAM_Sifting_Algorithm=0;CPXPARAM_Simplex_Crash=1;CPXPARAM_Simplex_DGradient=0;CPXPARAM_Simplex_Limits_Perturbation=0;CPXPARAM_Simplex_Limits_Singularity=10;CPXPARAM_Simplex_PGradient=0;CPXPARAM_Simplex_Pricing=0;CPXPARAM_Simplex_Refactor=0
15805311128803065167,0,CPXPARAM_Advance=1;CPXPARAM_Barrier_Algorithm=0;CPXPARAM_Barrier_ColNonzeros=0;CPXPARAM_Barrier_Crossover=0;CPXPARAM_Barrier_Limits_Corrections=-1;CPXPARAM_Barrier_Ordering=0;CPXPARAM_Barrier_StartAlg=1;CPXPARAM_Emphasis_MIP=3;CPXPARAM_Emphasis_Memory=0;CPXPARAM_Emphasis_Numerical=0;CPXPARAM_Feasopt_Mode=0;CPXPARAM_LPMethod=0;CPXPARAM_MIP_Cuts_Cliques=-1;CPXPARAM_MIP_Cuts_Covers=0;CPXPARAM_MIP_Cuts_Disjunctive=1;CPXPARAM_MIP_Cuts_FlowCovers=0;CPXPARAM_MIP_Cuts_GUBCovers=-1;CPXPARAM_MIP_Cuts_Gomory=2;CPXPARAM_MIP_Cuts_Implied=-1;CPXPARAM_MIP_Cuts_MIRCut=0;CPXPARAM_MIP_Cuts_PathCut=2;CPXPARAM_MIP_Limits_AggForCut=2;CPXPARAM_MIP_Limits_CutPasses=0;CPXPARAM_MIP_Limits_CutsFactor=-1;CPXPARAM_MIP_Limits_GomoryCand=200;CPXPARAM_MIP_Limits_GomoryPass=0;CPXPARAM_MIP_Limits_Nodes=9223372036800000000;CPXPARAM_MIP_Limits_ProbeTime=1e+75;CPXPARAM_MIP_Limits_RepairTries=0;CPXPARAM_MIP_Limits_StrongCand=10;CPXPARAM_MIP_Limits_StrongIt=0;CPXPARAM_MIP_OrderType=0;CPXPARAM_MIP_Strategy_BBInterval=7;CPXPARAM_MIP_Strategy_Branch=-1;CPXPARAM_MIP_Strategy_Dive=0;CPXPARAM_MIP_Strategy_File=1;CPXPARAM_MIP_Strategy_HeuristicFreq=0;CPXPARAM_MIP_Strategy_LBHeur=0;CPXPARAM_MIP_Strategy_NodeSelect=0;CPXPARAM_MIP_Strategy_Order=1;CPXPARAM_MIP_Strategy_PresolveNode=0;CPXPARAM_MIP_Strategy_Probe=2;CPXPARAM_MIP_Strategy_RINSHeur=0;CPXPARAM_MIP_Strategy_StartAlgorithm=0;CPXPARAM_MIP_Strategy_SubAlgorithm=0;CPXPARAM_MIP_Strategy_VariableSelect=-1;CPXPARAM_Network_NetFind=2;CPXPARAM_Network_Pricing=0;CPXPARAM_Parallel=1;CPXPARAM_Preprocessing_Aggregator=-1;CPXPARAM_Preprocessing_BoundStrength=-1;CPXPARAM_Preprocessing_CoeffReduce=-1;CPXPARAM_Preprocessing_Dependency=-1;CPXPARAM_Preprocessing_Dual=0;CPXPARAM_Preprocessing_Fill=5;CPXPARAM_Preprocessing_NumPass=-1;CPXPARAM_Preprocessing_Presolve=1;CPXPARAM_Preprocessing_QPMakePSD=1;CPXPARAM_Preprocessing_Reduce=3;CPXPARAM_Preprocessing_Relax=-1;CPXPARAM_Preprocessing_RepeatPresolve=-1;CPXPARAM_Preprocessing_Symmetry=-1;CPXPARAM_Read_Scale=0;CPXPARAM_Sifting_Algorithm=0;CPXPARAM_Simplex_Crash=1;CPXPARAM_Simplex_DGradient=0;CPXPARAM_Simplex_Limits_Perturbation=0;CPXPARAM_Simplex_Limits_Singularity=10;CPXPARAM_Simplex_PGradient=0;CPXPARAM_Simplex_Pricing=0;CPXPARAM_Simplex_Refactor=0
3608323524317076123,0,CPXPARAM_Advance=1;CPXPARAM_Barrier_Algorithm=0;CPXPARAM_Barrier_ColNonzeros=0;CPXPARAM_Barrier_Crossover=0;CPXPARAM_Barrier_Limits_Corrections=-1;CPXPARAM_Barrier_Ordering=0;CPXPARAM_Barrier_StartAlg=1;CPXPARAM_Emphasis_MIP=2;CPXPARAM_Emphasis_Memory=0;CPXPARAM_Emphasis_Numerical=0;CPXPARAM_Feasopt_Mode=0;CPXPARAM_LPMethod=0;CPXPARAM_MIP_Cuts_Cliques=-1;CPXPARAM_MIP_Cuts_Covers=2;CPXPARAM_MIP_Cuts_Disjunctive=1;CPXPARAM_MIP_Cuts_FlowCovers=2;CPXPARAM_MIP_Cuts_GUBCovers=1;CPXPARAM_MIP_Cuts_Gomory=0;CPXPARAM_MIP_Cuts_Implied=-1;CPXPARAM_MIP_Cuts_MIRCut=-1;CPXPARAM_MIP_Cuts_PathCut=-1;CPXPARAM_MIP_Limits_AggForCut=3;CPXPARAM_MIP_Limits_CutPasses=0;CPXPARAM_MIP_Limits_CutsFactor=-1;CPXPARAM_MIP_Limits_GomoryCand=400;CPXPARAM_MIP_Limits_GomoryPass=0;CPXPARAM_MIP_Limits_Nodes=9223372036800000000;CPXPARAM_MIP_Limits_ProbeTime=1e+75;CPXPARAM_MIP_Limits_RepairTries=0;CPXPARAM_MIP_Limits_StrongCand=10;CPXPARAM_MIP_Limits_StrongIt=0;CPXPARAM_MIP_OrderType=0;CPXPARAM_MIP_Strategy_BBInterval=7;CPXPARAM_MIP_Strategy_Branch=0;CPXPARAM_MIP_Strategy_Dive=0;CPXPARAM_MIP_Strategy_File=1;CPXPARAM_MIP_Strategy_HeuristicFreq=0;CPXPARAM_MIP_Strategy_LBHeur=0;CPXPARAM_MIP_Strategy_NodeSelect=1;CPXPARAM_MIP_Strategy_Order=1;CPXPARAM_MIP_Strategy_PresolveNode=1;CPXPARAM_MIP_Strategy_Probe=0;CPXPARAM_MIP_Strategy_RINSHeur=0;CPXPARAM_MIP_Strategy_StartAlgorithm=0;CPXPARAM_MIP_Strategy_SubAlgorithm=0;CPXPARAM_MIP_Strategy_VariableSelect=0;CPXPARAM_Network_NetFind=2;CPXPARAM_Network_Pricing=0;CPXPARAM_Parallel=1;CPXPARAM_Preprocessing_Aggregator=-1;CPXPARAM_Preprocessing_BoundStrength=-1;CPXPARAM_Preprocessing_CoeffReduce=-1;CPXPARAM_Preprocessing_Dependency=-1;CPXPARAM_Preprocessing_Dual=0;CPXPARAM_Preprocessing_Fill=10;CPXPARAM_Preprocessing_NumPass=-1;CPXPARAM_Preprocessing_Presolve=1;CPXPARAM_Preprocessing_QPMakePSD=1;CPXPARAM_Preprocessing_Reduce=3;CPXPARAM_Preprocessing_Relax=-1;CPXPARAM_Preprocessing_RepeatPresolve=-1;CPXPARAM_Preprocessing_Symmetry=-1;CPXPARAM_Read_Scale=0;CPXPARAM_Sifting_Algorithm=0;CPXPARAM_Simplex_Crash=1;CPXPARAM_Simplex_DGradient=0;CPXPARAM_Simplex_Limits_Perturbation=0;CPXPARAM_Simplex_Limits_Singularity=10;CPXPARAM_Simplex_PGradient=0;CPXPARAM_Simplex_Pricing=0;CPXPARAM_Simplex_Refactor=0
14772841376728688236,0,CPXPARAM_Advance=1;CPXPARAM_Barrier_Algorithm=0;CPXPARAM_Barrier_ColNonzeros=0;CPXPARAM_Barrier_Crossover=0;CPXPARAM_Barrier_Limits_Corrections=-1;CPXPARAM_Barrier_Ordering=0;CPXPARAM_Barrier_StartAlg=1;CPXPARAM_Emphasis_MIP=3;CPXPARAM_Emphasis_Memory=0;CPXPARAM_Emphasis_Numerical=0;CPXPARAM_Feasopt_Mode=0;CPXPARAM_LPMethod=0;CPXPARAM_MIP_Cuts_Cliques=-1;CPXPARAM_MIP_Cuts_Covers=0;CPXPARAM_MIP_Cuts_Disjunctive=-1;CPXPARAM_MIP_Cuts_FlowCovers=0;CPXPARAM_MIP_Cuts_GUBCovers=-1;CPXPARAM_MIP_Cuts_Gomory=2;CPXPARAM_MIP_Cuts_Implied=-1;CPXPARAM_MIP_Cuts_MIRCut=0;CPXPARAM_MIP_Cuts_PathCut=2;CPXPARAM_MIP_Limits_AggForCut=2;CPXPARAM_MIP_Limits_CutPasses=0;CPXPARAM_MIP_Limits_CutsFactor=-1;CPXPARAM_MIP_Limits_GomoryCand=200;CPXPARAM_MIP_Limits_GomoryPass=0;CPXPARAM_MIP_Limits_Nodes=9223372036800000000;CPXPARAM_MIP_Limits_ProbeTime=1e+75;CPXPARAM_MIP_Limits_RepairTries=0;CPXPARAM_MIP_Limits_StrongCand=10;CPXPARAM_MIP_Limits_StrongIt=0;CPXPARAM_MIP_OrderType=0;CPXPARAM_MIP_Strategy_BBInterval=7;CPXPARAM_MIP_Strategy_Branch=-1;CPXPARAM_MIP_Strategy_Dive=0;CPXPARAM_MIP_Strategy_File=1;CPXPARAM_MIP_Strategy_HeuristicFreq=0;CPXPARAM_MIP_Strategy_LBHeur=0;CPXPARAM_MIP_Strategy_NodeSelect=0;CPXPARAM_MIP_Strategy_Order=1;CPXPARAM_MIP_Strategy_PresolveNode=0;CPXPARAM_MIP_Strategy_Probe=2;CPXPARAM_MIP_Strategy_RINSHeur=0;CPXPARAM_MIP_Strategy_StartAlgorithm=0;CPXPARAM_MIP_Strategy_SubAlgorithm=0;CPXPARAM_MIP_Strategy_VariableSelect=-1;CPXPARAM_Network_NetFind=2;CPXPARAM_Network_Pricing=0;CPXPARAM_Parallel=1;CPXPARAM_Preprocessing_Aggregator=-1;CPXPARAM_Preprocessing_BoundStrength=-1;CPXPARAM_Preprocessing_CoeffReduce=-1;CPXPARAM_Preprocessing_Dependency=-1;CPXPARAM_Preprocessing_Dual=0;CPXPARAM_Preprocessing_Fill=5;CPXPARAM_Preprocessing_NumPass=-1;CPXPARAM_Preprocessing_Presolve=1;CPXPARAM_Preprocessing_QPMakePSD=1;CPXPARAM_Preprocessing_Reduce=3;CPXPARAM_Preprocessing_Relax=-1;CPXPARAM_Preprocessing_RepeatPresolve=-1;CPXPARAM_Preprocessing_Symmetry=-1;CPXPARAM_Read_Scale=0;CPXPARAM_Sifting_Algorithm=0;CPXPARAM_Simplex_Crash=1;CPXPARAM_Simplex_DGradient=0;CPXPARAM_Simplex_Limits_Perturbation=0;CPXPARAM_Simplex_Limits_Singularity=10;CPXPARAM_Simplex_PGradient=0;CPXPARAM_Simplex_Pricing=0;CPXPARAM_Simplex_Refactor=0
2161408275581444321,0,CPXPARAM_Advance=1;CPXPARAM_Barrier_Algorithm=0;CPXPARAM_Barrier_ColNonzeros=0;CPXPARAM_Barrier_Crossover=0;CPXPARAM_Barrier_Limits_Corrections=-1;CPXPARAM_Barrier_Ordering=0;CPXPARAM_Barrier_StartAlg=1;CPXPARAM_Emphasis_MIP=3;CPXPARAM_Emphasis_Memory=0;CPXPARAM_Emphasis_Numerical=0;CPXPARAM_Feasopt_Mode=0;CPXPARAM_LPMethod=0;CPXPARAM_MIP_Cuts_Cliques=-1;CPXPARAM_MIP_Cuts_Covers=0;CPXPARAM_MIP_Cuts_Disjunctive=1;CPXPARAM_MIP_Cuts_FlowCovers=0;CPXPARAM_MIP_Cuts_GUBCovers=-1;CPXPARAM_MIP_Cuts_Gomory=2;CPXPARAM_MIP_Cuts_Implied=-1;CPXPARAM_MIP_Cuts_MIRCut=0;CPXPARAM_MIP_Cuts_PathCut=2;CPXPARAM_MIP_Limits_AggForCut=0;CPXPARAM_MIP_Limits_CutPasses=0;CPXPARAM_MIP_Limits_CutsFactor=-1;CPXPARAM_MIP_Limits_GomoryCand=200;CPXPARAM_MIP_Limits_GomoryPass=0;CPXPARAM_MIP_Limits_Nodes=9223372036800000000;CPXPARAM_MIP_Limits_ProbeTime=1e+75;CPXPARAM_MIP_Limits_RepairTries=0;CPXPARAM_MIP_Limits_StrongCand=10;CPXPARAM_MIP_Limits_StrongIt=0;CPXPARAM_MIP_OrderType=0;CPXPARAM_MIP_Strategy_BBInterval=7;CPXPARAM_MIP_Strategy_Branch=-1;CPXPARAM_MIP_Strategy_Dive=0;CPXPARAM_MIP_Strategy_File=1;CPXPARAM_MIP_Strategy_HeuristicFreq=0;CPXPARAM_MIP_Strategy_LBHeur=0;CPXPARAM_MIP_Strategy_NodeSelect=2;CPXPARAM_MIP_Strategy_Order=1;CPXPARAM_MIP_Strategy_PresolveNode=0;CPXPARAM_MIP_Strategy_Probe=2;CPXPARAM_MIP_Strategy_RINSHeur=0;CPXPARAM_MIP_Strategy_StartAlgorithm=0;CPXPARAM_MIP_Strategy_SubAlgorithm=0;CPXPARAM_MIP_Strategy_VariableSelect=-1;CPXPARAM_Network_NetFind=2;CPXPARAM_Network_Pricing=0;CPXPARAM_Parallel=1;CPXPARAM_Preprocessing_Aggregator=-1;CPXPARAM_Preprocessing_BoundStrength=-1;CPXPARAM_Preprocessing_CoeffReduce=-1;CPXPARAM_Preprocessing_Dependency=-1;CPXPARAM_Preprocessing_Dual=0;CPXPARAM_Preprocessing_Fill=5;CPXPARAM_Preprocessing_NumPass=-1;CPXPARAM_Preprocessing_Presolve=1;CPXPARAM_Preprocessing_QPMakePSD=1;CPXPARAM_Preprocessing_Reduce=3;CPXPARAM_Preprocessing_Relax=-1;CPXPARAM_Preprocessing_RepeatPresolve=-1;CPXPARAM_Preprocessing_Symmetry=-1;CPXPARAM_Read_Scale=0;CPXPARAM_Sifting_Algorithm=0;CPXPARAM_Simplex_Crash=1;CPXPARAM_Simplex_DGradient=0;CPXPARAM_Simplex_Limits_Perturbation=0;CPXPARAM_Simplex_Limits_Singularity=10;CPXPARAM_Simplex_PGradient=0;CPXPARAM_Simplex_Pricing=0;CPXPARAM_Simplex_Refactor=0
11520968252402576001,0,CPXPARAM_Advance=1;CPXPARAM_Barrier_Algorithm=0;CPXPARAM_Barrier_ColNonzeros=0;CPXPARAM_Barrier_Crossover=0;CPXPARAM_Barrier_Limits_Corrections=-1;CPXPARAM_Barrier_Ordering=0;CPXPARAM_Barrier_StartAlg=1;CPXPARAM_Emphasis_MIP=3;CPXPARAM_Emphasis_Memory=0;CPXPARAM_Emphasis_Numerical=0;CPXPARAM_Feasopt_Mode=0;CPXPARAM_LPMethod=0;CPXPARAM_MIP_Cuts_Cliques=-1;CPXPARAM_MIP_Cuts_Covers=0;CPXPARAM_MIP_Cuts_Disjunctive=0;CPXPARAM_MIP_Cuts_FlowCovers=0;CPXPARAM_MIP_Cuts_GUBCovers=-1;CPXPARAM_MIP_Cuts_Gomory=2;CPXPARAM_MIP_Cuts_Implied=-1;CPXPARAM_MIP_Cuts_MIRCut=0;CPXPARAM_MIP_Cuts_PathCut=2;CPXPARAM_MIP_Limits_AggForCut=0;CPXPARAM_MIP_Limits_CutPasses=0;CPXPARAM_MIP_Limits_CutsFactor=-1;CPXPARAM_MIP_Limits_GomoryCand=200;CPXPARAM_MIP_Limits_GomoryPass=0;CPXPARAM_MIP_Limits_Nodes=9223372036800000000;CPXPARAM_MIP_Limits_ProbeTime=1e+75;CPXPARAM_MIP_Limits_RepairTries=0;CPXPARAM_MIP_Limits_StrongCand=10;CPXPARAM_MIP_Limits_StrongIt=0;CPXPARAM_MIP_OrderType=0;CPXPARAM_MIP_Strategy_BBInterval=7;CPXPARAM_MIP_Strategy_Branch=-1;CPXPARAM_MIP_Strategy_Dive=0;CPXPARAM_MIP_Strategy_File=1;CPXPARAM_MIP_Strategy_HeuristicFreq=0;CPXPARAM_MIP_Strategy_LBHeur=0;CPXPARAM_MIP_Strategy_NodeSelect=2;CPXPARAM_MIP_Strategy_Order=1;CPXPARAM_MIP_Strategy_PresolveNode=0;CPXPARAM_MIP_Strategy_Probe=2;CPXPARAM_MIP_Strategy_RINSHeur=0;CPXPARAM_MIP_Strategy_StartAlgorithm=0;CPXPARAM_MIP_Strategy_SubAlgorithm=0;CPXPARAM_MIP_Strategy_VariableSelect=-1;CPXPARAM_Network_NetFind=2;CPXPARAM_Network_Pricing=0;CPXPARAM_Parallel=1;CPXPARAM_Preprocessing_Aggregator=-1;CPXPARAM_Preprocessing_BoundStrength=-1;CPXPARAM_Preprocessing_CoeffReduce=-1;CPXPARAM_Preprocessing_Dependency=-1;CPXPARAM_Preprocessing_Dual=0;CPXPARAM_Preprocessing_Fill=5;CPXPARAM_Preprocessing_NumPass=-1;CPXPARAM_Preprocessing_Presolve=1;CPXPARAM_Preprocessing_QPMakePSD=1;CPXPARAM_Preprocessing_Reduce=3;CPXPARAM_Preprocessing_Relax=-1;CPXPARAM_Preprocessing_RepeatPresolve=-1;CPXPARAM_Preprocessing_Symmetry=-1;CPXPARAM_Read_Scale=0;CPXPARAM_Sifting_Algorithm=0;CPXPARAM_Simplex_Crash=1;CPXPARAM_Simplex_DGradient=0;CPXPARAM_Simplex_Limits_Perturbation=0;CPXPARAM_Simplex_Limits_Singularity=10;CPXPARAM_Simplex_PGradient=0;CPXPARAM_Simplex_Pricing=0;CPXPARAM_Simplex_Refactor=0
18013096530523900928,0,CPXPARAM_Advance=1;CPXPARAM_Barrier_Algorithm=0;CPXPARAM_Barrier_ColNonzeros=0;CPXPARAM_Barrier_Crossover=0;CPXPARAM_Barrier_Limits_Corrections=-1;CPXPARAM_Barrier_Ordering=0;CPXPARAM_Barrier_StartAlg=1;CPXPARAM_Emphasis_MIP=3;CPXPARAM_Emphasis_Memory=0;CPXPARAM_Emphasis_Numerical=0;CPXPARAM_Feasopt_Mode=0;CPXPARAM_LPMethod=0;CPXPARAM_MIP_Cuts_Cliques=0;CPXPARAM_MIP_Cuts_Covers=3;CPXPARAM_MIP_Cuts_Disjunctive=-1;CPXPARAM_MIP_Cuts_FlowCovers=-1;CPXPARAM_MIP_Cuts_GUBCovers=1;CPXPARAM_MIP_Cuts_Gomory=0;CPXPARAM_MIP_Cuts_Implied=1;CPXPARAM_MIP_Cuts_MIRCut=0;CPXPARAM_MIP_Cuts_PathCut=2;CPXPARAM_MIP_Limits_AggForCut=1;CPXPARAM_MIP_Limits_CutPasses=0;CPXPARAM_MIP_Limits_CutsFactor=-1;CPXPARAM_MIP_Limits_GomoryCand=50;CPXPARAM_MIP_Limits_GomoryPass=0;CPXPARAM_MIP_Limits_Nodes=9223372036800000000;CPXPARAM_MIP_Limits_ProbeTime=1e+75;CPXPARAM_MIP_Limits_RepairTries=0;CPXPARAM_MIP_Limits_StrongCand=10;CPXPARAM_MIP_Limits_StrongIt=0;CPXPARAM_MIP_OrderType=0;CPXPARAM_MIP_Strategy_BBInterval=7;CPXPARAM_MIP_Strategy_Branch=1;CPXPARAM_MIP_Strategy_Dive=0;CPXPARAM_MIP_Strategy_File=1;CPXPARAM_MIP_Strategy_HeuristicFreq=0;CPXPARAM_MIP_Strategy_LBHeur=0;CPXPARAM_MIP_Strategy_NodeSelect=0;CPXPARAM_MIP_Strategy_Order=1;CPXPARAM_MIP_Strategy_PresolveNode=3;CPXPARAM_MIP_Strategy_Probe=3;CPXPARAM_MIP_Strategy_RINSHeur=0;CPXPARAM_MIP_Strategy_StartAlgorithm=0;CPXPARAM_MIP_Strategy_SubAlgorithm=0;CPXPARAM_MIP_Strategy_VariableSelect=2;CPXPARAM_Network_NetFind=2;CPXPARAM_Network_Pricing=0;CPXPARAM_Parallel=1;CPXPARAM_Preprocessing_Aggregator=-1;CPXPARAM_Preprocessing_BoundStrength=-1;CPXPARAM_Preprocessing_CoeffReduce=-1;CPXPARAM_Preprocessing_Dependency=-1;CPXPARAM_Preprocessing_Dual=0;CPXPARAM_Preprocessing_Fill=5;CPXPARAM_Preprocessing_NumPass=-1;CPXPARAM_Preprocessing_Presolve=1;CPXPARAM_Preprocessing_QPMakePSD=1;CPXPARAM_Preprocessing_Reduce=3;CPXPARAM_Preprocessing_Relax=-1;CPXPARAM_Preprocessing_RepeatPresolve=-1;CPXPARAM_Preprocessing_Symmetry=-1;CPXPARAM_Read_Scale=0;CPXPARAM_Sifting_Algorithm=0;CPXPARAM_Simplex_Crash=1;CPXPARAM_Simplex_DGradient=0;CPXPARAM_Simplex_Limits_Perturbation=0;CPXPARAM_Simplex_Limits_Singularity=10;CPXPARAM_Simplex_PGradient=0;CPXPARAM_Simplex_Pricing=0;CPXPARAM_Simplex_Refactor=0
11125982555424701892,0,CPXPARAM_Advance=1;CPXPARAM_Barrier_Algorithm=0;CPXPARAM_Barrier_ColNonzeros=0;CPXPARAM_Barrier_Crossover=0;CPXPARAM_Barrier_Limits_Corrections=-1;CPXPARAM_Barrier_Ordering=0;CPXPARAM_Barrier_StartAlg=1;CPXPARAM_Emphasis_MIP=5;CPXPARAM_Emphasis_Memory=0;CPXPARAM_Emphasis_Numerical=0;CPXPARAM_Feasopt_Mode=0;CPXPARAM_LPMethod=0;CPXPARAM_MIP_Cuts_Cliques=2;CPXPARAM_MIP_Cuts_Covers=-1;CPXPARAM_MIP_Cuts_Disjunctive=1;CPXPARAM_MIP_Cuts_FlowCovers=1;CPXPARAM_MIP_Cuts_GUBCovers=0;CPXPARAM_MIP_Cuts_Gomory=-1;CPXPARAM_MIP_Cuts_Implied=1;CPXPARAM_MIP_Cuts_MIRCut=1;CPXPARAM_MIP_Cuts_PathCut=2;CPXPARAM_MIP_Limits_AggForCut=3;CPXPARAM_MIP_Limits_CutPasses=0;CPXPARAM_MIP_Limits_CutsFactor=-1;CPXPARAM_MIP_Limits_GomoryCand=400;CPXPARAM_MIP_Limits_GomoryPass=0;CPXPARAM_MIP_Limits_Nodes=9223372036800000000;CPXPARAM_MIP_Limits_ProbeTime=1e+75;CPXPARAM_MIP_Limits_RepairTries=0;CPXPARAM_MIP_Limits_StrongCand=10;CPXPARAM_MIP_Limits_StrongIt=0;CPXPARAM_MIP_OrderType=0;CPXPARAM_MIP_Strategy_BBInterval=7;CPXPARAM_MIP_Strategy_Branch=0;CPXPARAM_MIP_Strategy_Dive=0;CPXPARAM_MIP_Strategy_File=1;CPXPARAM_MIP_Strategy_HeuristicFreq=0;CPXPARAM_MIP_Strategy_LBHeur=0;CPXPARAM_MIP_Strategy_NodeSelect=2;CPXPARAM_MIP_Strategy_Order=1;CPXPARAM_MIP_Strategy_PresolveNode=1;CPXPARAM_MIP_Strategy_Probe=0;CPXPARAM_MIP_Strategy_RINSHeur=0;CPXPARAM_MIP_Strategy_StartAlgorithm=0;CPXPARAM_MIP_Strategy_SubAlgorithm=0;CPXPARAM_MIP_Strategy_VariableSelect=2;CPXPARAM_Network_NetFind=2;CPXPARAM_Network_Pricing=0;CPXPARAM_Parallel=1;CPXPARAM_Preprocessing_Aggregator=-1;CPXPARAM_Preprocessing_BoundStrength=-1;CPXPARAM_Preprocessing_CoeffReduce=-1;CPXPARAM_Preprocessing_Dependency=-1;CPXPARAM_Preprocessing_Dual=0;CPXPARAM_Preprocessing_Fill=10;CPXPARAM_Preprocessing_NumPass=-1;CPXPARAM_Preprocessing_Presolve=1;CPXPARAM_Preprocessing_QPMakePSD=1;CPXPARAM_Preprocessing_Reduce=3;CPXPARAM_Preprocessing_Relax=-1;CPXPARAM_Preprocessing_RepeatPresolve=-1;CPXPARAM_Preprocessing_Symmetry=-1;CPXPARAM_Read_Scale=0;CPXPARAM_Sifting_Algorithm=0;CPXPARAM_Simplex_Crash=1;CPXPARAM_Simplex_DGradient=0;CPXPARAM_Simplex_Limits_Perturbation=0;CPXPARAM_Simplex_Limits_Singularity=10;CPXPARAM_Simplex_PGradient=0;CPXPARAM_Simplex_Pricing=0;CPXPARAM_Simplex_Refactor=0
16309420784829810524,0,CPXPARAM_Advance=1;CPXPARAM_Barrier_Algorithm=0;CPXPARAM_Barrier_ColNonzeros=0;CPXPARAM_Barrier_Crossover=0;CPXPARAM_Barrier_Limits_Corrections=-1;CPXPARAM_Barrier_Ordering=0;CPXPARAM_Barrier_StartAlg=1;CPXPARAM_Emphasis_MIP=3;CPXPARAM_Emphasis_Memory=0;CPXPARAM_Emphasis_Numerical=0;CPXPARAM_Feasopt_Mode=0;CPXPARAM_LPMethod=0;CPXPARAM_MIP_Cuts_Cliques=-1;CPXPARAM_MIP_Cuts_Covers=0;CPXPARAM_MIP_Cuts_Disjunctive=1;CPXPARAM_MIP_Cuts_FlowCovers=0;CPXPARAM_MIP_Cuts_GUBCovers=-1;CPXPARAM_MIP_Cuts_Gomory=2;CPXPARAM_MIP_Cuts_Implied=-1;CPXPARAM_MIP_Cuts_MIRCut=0;CPXPARAM_MIP_Cuts_PathCut=2;CPXPARAM_MIP_Limits_AggForCut=0;CPXPARAM_MIP_Limits_CutPasses=0;CPXPARAM_MIP_Limits_CutsFactor=-1;CPXPARAM_MIP_Limits_GomoryCand=400;CPXPARAM_MIP_Limits_GomoryPass=0;CPXPARAM_MIP_Limits_Nodes=9223372036800000000;CPXPARAM_MIP_Limits_ProbeTime=1e+75;CPXPARAM_MIP_Limits_RepairTries=0;CPXPARAM_MIP_Limits_StrongCand=10;CPXPARAM_MIP_Limits_StrongIt=0;CPXPARAM_MIP_OrderType=0;CPXPARAM_MIP_Strategy_BBInterval=7;CPXPARAM_MIP_Strategy_Branch=-1;CPXPARAM_MIP_Strategy_Dive=0;CPXPARAM_MIP_Strategy_File=1;CPXPARAM_MIP_Strategy_HeuristicFreq=0;CPXPARAM_MIP_Strategy_LBHeur=0;CPXPARAM_MIP_Strategy_NodeSelect=2;CPXPARAM_MIP_Strategy_Order=1;CPXPARAM_MIP_Strategy_PresolveNode=0;CPXPARAM_MIP_Strategy_Probe=2;CPXPARAM_MIP_Strategy_RINSHeur=0;CPXPARAM_MIP_Strategy_StartAlgorithm=0;CPXPARAM_MIP_Strategy_SubAlgorithm=0;CPXPARAM_MIP_Strategy_VariableSelect=-1;CPXPARAM_Network_NetFind=2;CPXPARAM_Network_Pricing=0;CPXPARAM_Parallel=1;CPXPARAM_Preprocessing_Aggregator=-1;CPXPARAM_Preprocessing_BoundStrength=-1;CPXPARAM_Preprocessing_CoeffReduce=-1;CPXPARAM_Preprocessing_Dependency=-1;CPXPARAM_Preprocessing_Dual=0;CPXPARAM_Preprocessing_Fill=5;CPXPARAM_Preprocessing_NumPass=-1;CPXPARAM_Preprocessing_Presolve=1;CPXPARAM_Preprocessing_QPMakePSD=1;CPXPARAM_Preprocessing_Reduce=3;CPXPARAM_Preprocessing_Relax=-1;CPXPARAM_Preprocessing_RepeatPresolve=-1;CPXPARAM_Preprocessing_Symmetry=-1;CPXPARAM_Read_Scale=0;CPXPARAM_Sifting_Algorithm=0;CPXPARAM_Simplex_Crash=1;CPXPARAM_Simplex_DGradient=0;CPXPARAM_Simplex_Limits_Perturbation=0;CPXPARAM_Simplex_Limits_Singularity=10;CPXPARAM_Simplex_PGradient=0;CPXPARAM_Simplex_Pricing=0;CPXPARAM_Simplex_Refactor=0
5837315420099259562,0,CPXPARAM_Advance=1;CPXPARAM_Barrier_Algorithm=0;CPXPARAM_Barrier_ColNonzeros=0;CPXPARAM_Barrier_Crossover=0;CPXPARAM_Barrier_Limits_Corrections=-1;CPXPARAM_Barrier_Ordering=0;CPXPARAM_Barrier_StartAlg=1;CPXPARAM_Emphasis_MIP=0;CPXPARAM_Emphasis_Memory=0;CPXPARAM_Emphasis_Numerical=0;CPXPARAM_Feasopt_Mode=0;CPXPARAM_LPMethod=0;CPXPARAM_MIP_Cuts_Cliques=-1;CPXPARAM_MIP_Cuts_Covers=2;CPXPARAM_MIP_Cuts_Disjunctive=1;CPXPARAM_MIP_Cuts_FlowCovers=-1;CPXPARAM_MIP_Cuts_GUBCovers=1;CPXPARAM_MIP_Cuts_Gomory=0;CPXPARAM_MIP_Cuts_Implied=2;CPXPARAM_MIP_Cuts_MIRCut=-1;CPXPARAM_MIP_Cuts_PathCut=1;CPXPARAM_MIP_Limits_AggForCut=10;CPXPARAM_MIP_Limits_CutPasses=0;CPXPARAM_MIP_Limits_CutsFactor=-1;CPXPARAM_MIP_Limits_GomoryCand=100;CPXPARAM_MIP_Limits_GomoryPass=0;CPXPARAM_MIP_Limits_Nodes=9223372036800000000;CPXPARAM_MIP_Limits_ProbeTime=1e+75;CPXPARAM_MIP_Limits_RepairTries=0;CPXPARAM_MIP_Limits_StrongCand=10;CPXPARAM_MIP_Limits_StrongIt=0;CPXPARAM_MIP_OrderType=1;CPXPARAM_MIP_Strategy_BBInterval=7;CPXPARAM_MIP_Strategy_Branch=0;CPXPARAM_MIP_Strategy_Dive=0;CPXPARAM_MIP_Strategy_File=1;CPXPARAM_MIP_Strategy_HeuristicFreq=0;CPXPARAM_MIP_Strategy_LBHeur=0;CPXPARAM_MIP_Strategy_NodeSelect=0;CPXPARAM_MIP_Strategy_Order=1;CPXPARAM_MIP_Strategy_PresolveNode=-1;CPXPARAM_MIP_Strategy_Probe=3;CPXPARAM_MIP_Strategy_RINSHeur=0;CPXPARAM_MIP_Strategy_StartAlgorithm=0;CPXPARAM_MIP_Strategy_SubAlgorithm=0;CPXPARAM_MIP_Strategy_VariableSelect=2;CPXPARAM_Network_NetFind=2;CPXPARAM_Network_Pricing=0;CPXPARAM_Parallel=1;CPXPARAM_Preprocessing_Aggregator=-1;CPXPARAM_Preprocessing_BoundStrength=-1;CPXPARAM_Preprocessing_CoeffReduce=-1;CPXPARAM_Preprocessing_Dependency=-1;CPXPARAM_Preprocessing_Dual=0;CPXPARAM_Preprocessing_Fill=2;CPXPARAM_Preprocessing_NumPass=-1;CPXPARAM_Preprocessing_Presolve=1;CPXPARAM_Preprocessing_QPMakePSD=1;CPXPARAM_Preprocessing_Reduce=1;CPXPARAM_Preprocessing_Relax=-1;CPXPARAM_Preprocessing_RepeatPresolve=-1;CPXPARAM_Preprocessing_Symmetry=-1;CPXPARAM_Read_Scale=0;CPXPARAM_Sifting_Algorithm=0;CPXPARAM_Simplex_Crash=1;CPXPARAM_Simplex_DGradient=0;CPXPARAM_Simplex_Limits_Perturbation=0;CPXPARAM_Simplex_Limits_Singularity=10;CPXPARAM_Simplex_PGradient=0;CPXPARAM_Simplex_Pricing=0;CPXPARAM_Simplex_Refactor=0
9787960019373801136,0,CPXPARAM_Advance=1;CPXPARAM_Barrier_Algorithm=0;CPXPARAM_Barrier_ColNonzeros=0;CPXPARAM_Barrier_Crossover=0;CPXPARAM_Barrier_Limits_Corrections=-1;CPXPARAM_Barrier_Ordering=0;CPXPARAM_Barrier_StartAlg=1;CPXPARAM_Emphasis_MIP=4;CPXPARAM_Emphasis_Memory=0;CPXPARAM_Emphasis_Numerical=0;CPXPARAM_Feasopt_Mode=0;CPXPARAM_LPMethod=0;CPXPARAM_MIP_Cuts_Cliques=-1;CPXPARAM_MIP_Cuts_Covers=0;CPXPARAM_MIP_Cuts_Disjunctive=-1;CPXPARAM_MIP_Cuts_FlowCovers=0;CPXPARAM_MIP_Cuts_GUBCovers=0;CPXPARAM_MIP_Cuts_Gomory=2;CPXPARAM_MIP_Cuts_Implied=0;CPXPARAM_MIP_Cuts_MIRCut=1;CPXPARAM_MIP_Cuts_PathCut=0;CPXPARAM_MIP_Limits_AggForCut=3;CPXPARAM_MIP_Limits_CutPasses=0;CPXPARAM_MIP_Limits_CutsFactor=-1;CPXPARAM_MIP_Limits_GomoryCand=50;CPXPARAM_MIP_Limits_GomoryPass=0;CPXPARAM_MIP_Limits_Nodes=9223372036800000000;CPXPARAM_MIP_Limits_ProbeTime=1e+75;CPXPARAM_MIP_Limits_RepairTries=0;CPXPARAM_MIP_Limits_StrongCand=10;CPXPARAM_MIP_Limits_StrongIt=0;CPXPARAM_MIP_OrderType=0;CPXPARAM_MIP_Strategy_BBInterval=7;CPXPARAM_MIP_Strategy_Branch=0;CPXPARAM_MIP_Strategy_Dive=0;CPXPARAM_MIP_Strategy_File=1;CPXPARAM_MIP_Strategy_HeuristicFreq=0;CPXPARAM_MIP_Strategy_LBHeur=0;CPXPARAM_MIP_Strategy_NodeSelect=1;CPXPARAM_MIP_Strategy_Order=1;CPXPARAM_MIP_Strategy_PresolveNode=0;CPXPARAM_MIP_Strategy_Probe=0;CPXPARAM_MIP_Strategy_RINSHeur=0;CPXPARAM_MIP_Strategy_StartAlgorithm=0;CPXPARAM_MIP_Strategy_SubAlgorithm=0;CPXPARAM_MIP_Strategy_VariableSelect=0;CPXPARAM_Network_NetFind=2;CPXPARAM_Network_Pricing=0;CPXPARAM_Parallel=1;CPXPARAM_Preprocessing_Aggregator=-1;CPXPARAM_Preprocessing_BoundStrength=-1;CPXPARAM_Preprocessing_CoeffReduce=-1;CPXPARAM_Preprocessing_Dependency=-1;CPXPARAM_Preprocessing_Dual=0;CPXPARAM_Preprocessing_Fill=10;CPXPARAM_Preprocessing_NumPass=-1;CPXPARAM_Preprocessing_Presolve=1;CPXPARAM_Preprocessing_QPMakePSD=1;CPXPARAM_Preprocessing_Reduce=3;CPXPARAM_Preprocessing_Relax=-1;CPXPARAM_Preprocessing_RepeatPresolve=-1;CPXPARAM_Preprocessing_Symmetry=-1;CPXPARAM_Read_Scale=0;CPXPARAM_Sifting_Algorithm=0;CPXPARAM_Simplex_Crash=1;CPXPARAM_Simplex_DGradient=0;CPXPARAM_Simplex_Limits_Perturbation=0;CPXPARAM_Simplex_Limits_Singularity=10;CPXPARAM_Simplex_PGradient=0;CPXPARAM_Simplex_Pricing=0;CPXPARAM_Simplex_Refactor=0
14315270241184611591,0,CPXPARAM_Advance=1;CPXPARAM_Barrier_Algorithm=0;CPXPARAM_Barrier_ColNonzeros=0;CPXPARAM_Barrier_Crossover=0;CPXPARAM_Barrier_Limits_Corrections=-1;CPXPARAM_Barrier_Ordering=0;CPXPARAM_Barrier_StartAlg=1;CPXPARAM_Emphasis_MIP=0;CPXPARAM_Emphasis_Memory=0;CPXPARAM_Emphasis_Numerical=0;CPXPARAM_Feasopt_Mode=0;CPXPARAM_LPMethod=0;CPXPARAM_MIP_Cuts_Cliques=-1;CPXPARAM_MIP_Cuts_Covers=0;CPXPARAM_MIP_Cuts_Disjunctive=1;CPXPARAM_MIP_Cuts_FlowCovers=0;CPXPARAM_MIP_Cuts_GUBCovers=-1;CPXPARAM_MIP_Cuts_Gomory=2;CPXPARAM_MIP_Cuts_Implied=-1;CPXPARAM_MIP_Cuts_MIRCut=1;CPXPARAM_MIP_Cuts_PathCut=2;CPXPARAM_MIP_Limits_AggForCut=0;CPXPARAM_MIP_Limits_CutPasses=0;CPXPARAM_MIP_Limits_CutsFactor=-1;CPXPARAM_MIP_Limits_GomoryCand=200;CPXPARAM_MIP_Limits_GomoryPass=0;CPXPARAM_MIP_Limits_Nodes=9223372036800000000;CPXPARAM_MIP_Limits_ProbeTime=1e+75;CPXPARAM_MIP_Limits_RepairTries=0;CPXPARAM_MIP_Limits_StrongCand=10;CPXPARAM_MIP_Limits_StrongIt=0;CPXPARAM_MIP_OrderType=0;CPXPARAM_MIP_Strategy_BBInterval=7;CPXPARAM_MIP_Strategy_Branch=-1;CPXPARAM_MIP_Strategy_Dive=0;CPXPARAM_MIP_Strategy_File=1;CPXPARAM_MIP_Strategy_HeuristicFreq=0;CPXPARAM_MIP_Strategy_LBHeur=0;CPXPARAM_MIP_Strategy_NodeSelect=2;CPXPARAM_MIP_Strategy_Order=1;CPXPARAM_MIP_Strategy_PresolveNode=0;CPXPARAM_MIP_Strategy_Probe=2;CPXPARAM_MIP_Strategy_RINSHeur=0;CPXPARAM_MIP_Strategy_StartAlgorithm=0;CPXPARAM_MIP_Strategy_SubAlgorithm=0;CPXPARAM_MIP_Strategy_VariableSelect=-1;CPXPARAM_Network_NetFind=2;CPXPARAM_Network_Pricing=0;CPXPARAM_Parallel=1;CPXPARAM_Preprocessing_Aggregator=-1;CPXPARAM_Preprocessing_BoundStrength=-1;CPXPARAM_Preprocessing_CoeffReduce=-1;CPXPARAM_Preprocessing_Dependency=-1;CPXPARAM_Preprocessing_Dual=0;CPXPARAM_Preprocessing_Fill=5;CPXPARAM_Preprocessing_NumPass=-1;CPXPARAM_Preprocessing_Presolve=1;CPXPARAM_Preprocessing_QPMakePSD=1;CPXPARAM_Preprocessing_Reduce=3;CPXPARAM_Preprocessing_Relax=-1;CPXPARAM_Preprocessing_RepeatPresolve=-1;CPXPARAM_Preprocessing_Symmetry=-1;CPXPARAM_Read_Scale=0;CPXPARAM_Sifting_Algorithm=0;CPXPARAM_Simplex_Crash=1;CPXPARAM_Simplex_DGradient=0;CPXPARAM_Simplex_Limits_Perturbation=0;CPXPARAM_Simplex_Limits_Singularity=10;CPXPARAM_Simplex_PGradient=0;CPXPARAM_Simplex_Pricing=0;CPXPARAM_Simplex_Refactor=0
44168703721464284,0,CPXPARAM_Advance=1;CPXPARAM_Barrier_Algorithm=0;CPXPARAM_Barrier_ColNonzeros=0;CPXPARAM_Barrier_Crossover=0;CPXPARAM_Barrier_Limits_Corrections=-1;CPXPARAM_Barrier_Ordering=0;CPXPARAM_Barrier_StartAlg=1;CPXPARAM_Emphasis_MIP=2;CPXPARAM_Emphasis_Memory=0;CPXPARAM_Emphasis_Numerical=0;CPXPARAM_Feasopt_Mode=2;CPXPARAM_LPMethod=0;CPXPARAM_MIP_Cuts_Cliques=-1;CPXPARAM_MIP_Cuts_Covers=2;CPXPARAM_MIP_Cuts_Disjunctive=1;CPXPARAM_MIP_Cuts_FlowCovers=2;CPXPARAM_MIP_Cuts_GUBCovers=1;CPXPARAM_MIP_Cuts_Gomory=0;CPXPARAM_MIP_Cuts_Implied=-1;CPXPARAM_MIP_Cuts_MIRCut=-1;CPXPARAM_MIP_Cuts_PathCut=-1;CPXPARAM_MIP_Limits_AggForCut=3;CPXPARAM_MIP_Limits_CutPasses=0;CPXPARAM_MIP_Limits_CutsFactor=-1;CPXPARAM_MIP_Limits_GomoryCand=400;CPXPARAM_MIP_Limits_GomoryPass=0;CPXPARAM_MIP_Limits_Nodes=9223372036800000000;CPXPARAM_MIP_Limits_ProbeTime=1e+75;CPXPARAM_MIP_Limits_RepairTries=0;CPXPARAM_MIP_Limits_StrongCand=10;CPXPARAM_MIP_Limits_StrongIt=0;CPXPARAM_MIP_OrderType=0;CPXPARAM_MIP_Strategy_BBInterval=7;CPXPARAM_MIP_Strategy_Branch=0;CPXPARAM_MIP_Strategy_Dive=0;CPXPARAM_MIP_Strategy_File=1;CPXPARAM_MIP_Strategy_HeuristicFreq=0;CPXPARAM_MIP_Strategy_LBHeur=0;CPXPARAM_MIP_Strategy_NodeSelect=1;CPXPARAM_MIP_Strategy_Order=1;CPXPARAM_MIP_Strategy_PresolveNode=0;CPXPARAM_MIP_Strategy_Probe=0;CPXPARAM_MIP_Strategy_RINSHeur=0;CPXPARAM_MIP_Strategy_StartAlgorithm=0;CPXPARAM_MIP_Strategy_SubAlgorithm=0;CPXPARAM_MIP_Strategy_VariableSelect=0;CPXPARAM_Network_NetFind=2;CPXPARAM_Network_Pricing=0;CPXPARAM_Parallel=1;CPXPARAM_Preprocessing_Aggregator=-1;CPXPARAM_Preprocessing_BoundStrength=-1;CPXPARAM_Preprocessing_CoeffReduce=-1;CPXPARAM_Preprocessing_Dependency=-1;CPXPARAM_Preprocessing_Dual=0;CPXPARAM_Preprocessing_Fill=10;CPXPARAM_Preprocessing_NumPass=-1;CPXPARAM_Preprocessing_Presolve=1;CPXPARAM_Preprocessing_QPMakePSD=1;CPXPARAM_Preprocessing_Reduce=3;CPXPARAM_Preprocessing_Relax=-1;CPXPARAM_Preprocessing_RepeatPresolve=-1;CPXPARAM_Preprocessing_Symmetry=-1;CPXPARAM_Read_Scale=0;CPXPARAM_Sifting_Algorithm=0;CPXPARAM_Simplex_Crash=1;CPXPARAM_Simplex_DGradient=0;CPXPARAM_Simplex_Limits_Perturbation=0;CPXPARAM_Simplex_Limits_Singularity=10;CPXPARAM_Simplex_PGradient=0;CPXPARAM_Simplex_Pricing=0;CPXPARAM_Simplex_Refactor=0
16617971045631461996,0,CPXPARAM_Advance=1;CPXPARAM_Barrier_Algorithm=0;CPXPARAM_Barrier_ColNonzeros=0;CPXPARAM_Barrier_Crossover=0;CPXPARAM_Barrier_Limits_Corrections=-1;CPXPARAM_Barrier_Ordering=0;CPXPARAM_Barrier_StartAlg=1;CPXPARAM_Emphasis_MIP=2;CPXPARAM_Emphasis_Memory=0;CPXPARAM_Emphasis_Numerical=0;CPXPARAM_Feasopt_Mode=0;CPXPARAM_LPMethod=0;CPXPARAM_MIP_Cuts_Cliques=-1;CPXPARAM_MIP_Cuts_Covers=2;CPXPARAM_MIP_Cuts_Disjunctive=1;CPXPARAM_MIP_Cuts_FlowCovers=2;CPXPARAM_MIP_Cuts_GUBCovers=1;CPXPARAM_MIP_Cuts_Gomory=0;CPXPARAM_MIP_Cuts_Implied=-1;CPXPARAM_MIP_Cuts_MIRCut=-1;CPXPARAM_MIP_Cuts_PathCut=-1;CPXPARAM_MIP_Limits_AggForCut=3;CPXPARAM_MIP_Limits_CutPasses=0;CPXPARAM_MIP_Limits_CutsFactor=-1;CPXPARAM_MIP_Limits_GomoryCand=400;CPXPARAM_MIP_Limits_GomoryPass=0;CPXPARAM_MIP_Limits_Nodes=9223372036800000000;CPXPARAM_MIP_Limits_ProbeTime=1e+75;CPXPARAM_MIP_Limits_RepairTries=0;CPXPARAM_MIP_Limits_StrongCand=10;CPXPARAM_MIP_Limits_StrongIt=0;CPXPARAM_MIP_OrderType=0;CPXPARAM_MIP_Strategy_BBInterval=7;CPXPARAM_MIP_Strategy_Branch=0;CPXPARAM_MIP_Strategy_Dive=0;CPXPARAM_MIP_Strategy_File=1;CPXPARAM_MIP_Strategy_HeuristicFreq=0;CPXPARAM_MIP_Strategy_LBHeur=0;CPXPARAM_MIP_Strategy_NodeSelect=1;CPXPARAM_MIP_Strategy_Order=1;CPXPARAM_MIP_Strategy_PresolveNode=0;CPXPARAM_MIP_Strategy_Probe=0;CPXPARAM_MIP_Strategy_RINSHeur=0;CPXPARAM_MIP_Strategy_StartAlgorithm=0;CPXPARAM_MIP_Strategy_SubAlgorithm=0;CPXPARAM_MIP_Strategy_VariableSelect=0;CPXPARAM_Network_NetFind=2;CPXPARAM_Network_Pricing=0;CPXPARAM_Parallel=1;CPXPARAM_Preprocessing_Aggregator=-1;CPXPARAM_Preprocessing_BoundStrength=-1;CPXPARAM_Preprocessing_CoeffReduce=-1;CPXPARAM_Preprocessing_Dependency=-1;CPXPARAM_Preprocessing_Dual=0;CPXPARAM_Preprocessing_Fill=10;CPXPARAM_Preprocessing_NumPass=-1;CPXPARAM_Preprocessing_Presolve=1;CPXPARAM_Preprocessing_QPMakePSD=1;CPXPARAM_Preprocessing_Reduce=3;CPXPARAM_Preprocessing_Relax=1;CPXPARAM_Preprocessing_RepeatPresolve=-1;CPXPARAM_Preprocessing_Symmetry=-1;CPXPARAM_Read_Scale=0;CPXPARAM_Sifting_Algorithm=0;CPXPARAM_Simplex_Crash=1;CPXPARAM_Simplex_DGradient=0;CPXPARAM_Simplex_Limits_Perturbation=0;CPXPARAM_Simplex_Limits_Singularity=10;CPXPARAM_Simplex_PGradient=0;CPXPARAM_Simplex_Pricing=0;CPXPARAM_Simplex_Refactor=0
6065993652002292959,0,CPXPARAM_Advance=1;CPXPARAM_Barrier_Algorithm=0;CPXPARAM_Barrier_ColNonzeros=0;CPXPARAM_Barrier_Crossover=0;CPXPARAM_Barrier_Limits_Corrections=-1;CPXPARAM_Barrier_Ordering=0;CPXPARAM_Barrier_StartAlg=1;CPXPARAM_Emphasis_MIP=3;CPXPARAM_Emphasis_Memory=0;CPXPARAM_Emphasis_Numerical=0;CPXPARAM_Feasopt_Mode=0;CPXPARAM_LPMethod=0;CPXPARAM_MIP_Cuts_Cliques=-1;CPXPARAM_MIP_Cuts_Covers=0;CPXPARAM_MIP_Cuts_Disjunctive=1;CPXPARAM_MIP_Cuts_FlowCovers=0;CPXPARAM_MIP_Cuts_GUBCovers=-1;CPXPARAM_MIP_Cuts_Gomory=2;CPXPARAM_MIP_Cuts_Implied=-1;CPXPARAM_MIP_Cuts_MIRCut=1;CPXPARAM_MIP_Cuts_PathCut=2;CPXPARAM_MIP_Limits_AggForCut=10;CPXPARAM_MIP_Limits_CutPasses=0;CPXPARAM_MIP_Limits_CutsFactor=-1;CPXPARAM_MIP_Limits_GomoryCand=200;CPXPARAM_MIP_Limits_GomoryPass=0;CPXPARAM_MIP_Limits_Nodes=9223372036800000000;CPXPARAM_MIP_Limits_ProbeTime=1e+75;CPXPARAM_MIP_Limits_RepairTries=0;CPXPARAM_MIP_Limits_StrongCand=10;CPXPARAM_MIP_Limits_StrongIt=0;CPXPARAM_MIP_OrderType=0;CPXPARAM_MIP_Strategy_BBInterval=7;CPXPARAM_MIP_Strategy_Branch=0;CPXPARAM_MIP_Strategy_Dive=0;CPXPARAM_MIP_Strategy_File=1;CPXPARAM_MIP_Strategy_HeuristicFreq=0;CPXPARAM_MIP_Strategy_LBHeur=0;CPXPARAM_MIP_Strategy_NodeSelect=2;CPXPARAM_MIP_Strategy_Order=1;CPXPARAM_MIP_Strategy_PresolveNode=0;CPXPARAM_MIP_Strategy_Probe=2;CPXPARAM_MIP_Strategy_RINSHeur=0;CPXPARAM_MIP_Strategy_StartAlgorithm=0;CPXPARAM_MIP_Strategy_SubAlgorithm=0;CPXPARAM_MIP_Strategy_VariableSelect=-1;CPXPARAM_Network_NetFind=2;CPXPARAM_Network_Pricing=0;CPXPARAM_Parallel=1;CPXPARAM_Preprocessing_Aggregator=-1;CPXPARAM_Preprocessing_BoundStrength=-1;CPXPARAM_Preprocessing_CoeffReduce=-1;CPXPARAM_Preprocessing_Dependency=-1;CPXPARAM_Preprocessing_Dual=0;CPXPARAM_Preprocessing_Fill=5;CPXPARAM_Preprocessing_NumPass=-1;CPXPARAM_Preprocessing_Presolve=1;CPXPARAM_Preprocessing_QPMakePSD=1;CPXPARAM_Preprocessing_Reduce=3;CPXPARAM_Preprocessing_Relax=-1;CPXPARAM_Preprocessing_RepeatPresolve=-1;CPXPARAM_Preprocessing_Symmetry=-1;CPXPARAM_Read_Scale=0;CPXPARAM_Sifting_Algorithm=0;CPXPARAM_Simplex_Crash=1;CPXPARAM_Simplex_DGradient=0;CPXPARAM_Simplex_Limits_Perturbation=0;CPXPARAM_Simplex_Limits_Singularity=10;CPXPARAM_Simplex_PGradient=0;CPXPARAM_Simplex_Pricing=0;CPXPARAM_Simplex_Refactor=0
5231670513262198996,0,CPXPARAM_Advance=1;CPXPARAM_Barrier_Algorithm=0;CPXPARAM_Barrier_ColNonzeros=0;CPXPARAM_Barrier_Crossover=0;CPXPARAM_Barrier_Limits_Corrections=-1;CPXPARAM_Barrier_Ordering=0;CPXPARAM_Barrier_StartAlg=1;CPXPARAM_Emphasis_MIP=3;CPXPARAM_Emphasis_Memory=0;CPXPARAM_Emphasis_Numerical=0;CPXPARAM_Feasopt_Mode=0;CPXPARAM_LPMethod=0;CPXPARAM_MIP_Cuts_Cliques=-1;CPXPARAM_MIP_Cuts_Covers=0;CPXPARAM_MIP_Cuts_Disjunctive=1;CPXPARAM_MIP_Cuts_FlowCovers=2;CPXPARAM_MIP_Cuts_GUBCovers=-1;CPXPARAM_MIP_Cuts_Gomory=2;CPXPARAM_MIP_Cuts_Implied=-1;CPXPARAM_MIP_Cuts_MIRCut=1;CPXPARAM_MIP_Cuts_PathCut=2;CPXPARAM_MIP_Limits_AggForCut=10;CPXPARAM_MIP_Limits_CutPasses=0;CPXPARAM_MIP_Limits_CutsFactor=-1;CPXPARAM_MIP_Limits_GomoryCand=200;CPXPARAM_MIP_Limits_GomoryPass=0;CPXPARAM_MIP_Limits_Nodes=9223372036800000000;CPXPARAM_MIP_Limits_ProbeTime=1e+75;CPXPARAM_MIP_Limits_RepairTries=0;CPXPARAM_MIP_Limits_StrongCand=10;CPXPARAM_MIP_Limits_StrongIt=0;CPXPARAM_MIP_OrderType=0;CPXPARAM_MIP_Strategy_BBInterval=7;CPXPARAM_MIP_Strategy_Branch=0;CPXPARAM_MIP_Strategy_Dive=0;CPXPARAM_MIP_Strategy_File=1;CPXPARAM_MIP_Strategy_HeuristicFreq=0;CPXPARAM_MIP_Strategy_LBHeur=0;CPXPARAM_MIP_Strategy_NodeSelect=2;CPXPARAM_MIP_Strategy_Order=1;CPXPARAM_MIP_Strategy_PresolveNode=0;CPXPARAM_MIP_Strategy_Probe=2;CPXPARAM_MIP_Strategy_RINSHeur=0;CPXPARAM_MIP_Strategy_StartAlgorithm=0;CPXPARAM_MIP_Strategy_SubAlgorithm=0;CPXPARAM_MIP_Strategy_VariableSelect=-1;CPXPARAM_Network_NetFind=2;CPXPARAM_Network_Pricing=0;CPXPARAM_Parallel=1;CPXPARAM_Preprocessing_Aggregator=-1;CPXPARAM_Preprocessing_BoundStrength=-1;CPXPARAM_Preprocessing_CoeffReduce=-1;CPXPARAM_Preprocessing_Dependency=-1;CPXPARAM_Preprocessing_Dual=0;CPXPARAM_Preprocessing_Fill=5;CPXPARAM_Preprocessing_NumPass=-1;CPXPARAM_Preprocessing_Presolve=1;CPXPARAM_Preprocessing_QPMakePSD=1;CPXPARAM_Preprocessing_Reduce=3;CPXPARAM_Preprocessing_Relax=-1;CPXPARAM_Preprocessing_RepeatPresolve=-1;CPXPARAM_Preprocessing_Symmetry=-1;CPXPARAM_Read_Scale=0;CPXPARAM_Sifting_Algorithm=0;CPXPARAM_Simplex_Crash=1;CPXPARAM_Simplex_DGradient=0;CPXPARAM_Simplex_Limits_Perturbation=0;CPXPARAM_Simplex_Limits_Singularity=10;CPXPARAM_Simplex_PGradient=0;CPXPARAM_Simplex_Pricing=0;CPXPARAM_Simplex_Refactor=0
2114855211970395773,0,CPXPARAM_Advance=1;CPXPARAM_Barrier_Algorithm=0;CPXPARAM_Barrier_ColNonzeros=0;CPXPARAM_Barrier_Crossover=0;CPXPARAM_Barrier_Limits_Corrections=-1;CPXPARAM_Barrier_Ordering=0;CPXPARAM_Barrier_StartAlg=1;CPXPARAM_Emphasis_MIP=3;CPXPARAM_Emphasis_Memory=0;CPXPARAM_Emphasis_Numerical=0;CPXPARAM_Feasopt_Mode=0;CPXPARAM_LPMethod=0;CPXPARAM_MIP_Cuts_Cliques=-1;CPXPARAM_MIP_Cuts_Covers=0;CPXPARAM_MIP_Cuts_Disjunctive=1;CPXPARAM_MIP_Cuts_FlowCovers=0;CPXPARAM_MIP_Cuts_GUBCovers=1;CPXPARAM_MIP_Cuts_Gomory=2;CPXPARAM_MIP_Cuts_Implied=-1;CPXPARAM_MIP_Cuts_MIRCut=0;CPXPARAM_MIP_Cuts_PathCut=2;CPXPARAM_MIP_Limits_AggForCut=2;CPXPARAM_MIP_Limits_CutPasses=0;CPXPARAM_MIP_Limits_CutsFactor=-1;CPXPARAM_MIP_Limits_GomoryCand=200;CPXPARAM_MIP_Limits_GomoryPass=0;CPXPARAM_MIP_Limits_Nodes=9223372036800000000;CPXPARAM_MIP_Limits_ProbeTime=1e+75;CPXPARAM_MIP_Limits_RepairTries=0;CPXPARAM_MIP_Limits_StrongCand=10;CPXPARAM_MIP_Limits_StrongIt=0;CPXPARAM_MIP_OrderType=0;CPXPARAM_MIP_Strategy_BBInterval=7;CPXPARAM_MIP_Strategy_Branch=-1;CPXPARAM_MIP_Strategy_Dive=0;CPXPARAM_MIP_Strategy_File=1;CPXPARAM_MIP_Strategy_HeuristicFreq=0;CPXPARAM_MIP_Strategy_LBHeur=0;CPXPARAM_MIP_Strategy_NodeSelect=2;CPXPARAM_MIP_Strategy_Order=1;CPXPARAM_MIP_Strategy_PresolveNode=0;CPXPARAM_MIP_Strategy_Probe=2;CPXPARAM_MIP_Strategy_RINSHeur=0;CPXPARAM_MIP_Strategy_StartAlgorithm=0;CPXPARAM_MIP_Strategy_SubAlgorithm=0;CPXPARAM_MIP_Strategy_VariableSelect=-1;CPXPARAM_Network_NetFind=2;CPXPARAM_Network_Pricing=0;CPXPARAM_Parallel=1;CPXPARAM_Preprocessing_Aggregator=-1;CPXPARAM_Preprocessing_BoundStrength=-1;CPXPARAM_Preprocessing_CoeffReduce=-1;CPXPARAM_Preprocessing_Dependency=-1;CPXPARAM_Preprocessing_Dual=0;CPXPARAM_Preprocessing_Fill=5;CPXPARAM_Preprocessing_NumPass=-1;CPXPARAM_Preprocessing_Presolve=1;CPXPARAM_Preprocessing_QPMakePSD=1;CPXPARAM_Preprocessing_Reduce=3;CPXPARAM_Preprocessing_Relax=-1;CPXPARAM_Preprocessing_RepeatPresolve=-1;CPXPARAM_Preprocessing_Symmetry=-1;CPXPARAM_Read_Scale=0;CPXPARAM_Sifting_Algorithm=0;CPXPARAM_Simplex_Crash=1;CPXPARAM_Simplex_DGradient=0;CPXPARAM_Simplex_Limits_Perturbation=0;CPXPARAM_Simplex_Limits_Singularity=10;CPXPARAM_Simplex_PGradient=0;CPXPARAM_Simplex_Pricing=0;CPXPARAM_Simplex_Refactor=0
14761100991497663302,0,CPXPARAM_Advance=1;CPXPARAM_Barrier_Algorithm=0;CPXPARAM_Barrier_ColNonzeros=0;CPXPARAM_Barrier_Crossover=0;CPXPARAM_Barrier_Limits_Corrections=-1;CPXPARAM_Barrier_Ordering=0;CPXPARAM_Barrier_StartAlg=1;CPXPARAM_Emphasis_MIP=0;CPXPARAM_Emphasis_Memory=0;CPXPARAM_Emphasis_Numerical=0;CPXPARAM_Feasopt_Mode=0;CPXPARAM_LPMethod=0;CPXPARAM_MIP_Cuts_Cliques=3;CPXPARAM_MIP_Cuts_Covers=-1;CPXPARAM_MIP_Cuts_Disjunctive=-1;CPXPARAM_MIP_Cuts_FlowCovers=-1;CPXPARAM_MIP_Cuts_GUBCovers=2;CPXPARAM_MIP_Cuts_Gomory=2;CPXPARAM_MIP_Cuts_Implied=-1;CPXPARAM_MIP_Cuts_MIRCut=2;CPXPARAM_MIP_Cuts_PathCut=2;CPXPARAM_MIP_Limits_AggForCut=3;CPXPARAM_MIP_Limits_CutPasses=0;CPXPARAM_MIP_Limits_CutsFactor=-1;CPXPARAM_MIP_Limits_GomoryCand=200;CPXPARAM_MIP_Limits_GomoryPass=0;CPXPARAM_MIP_Limits_Nodes=9223372036800000000;CPXPARAM_MIP_Limits_ProbeTime=1e+75;CPXPARAM_MIP_Limits_RepairTries=0;CPXPARAM_MIP_Limits_StrongCand=10;CPXPARAM_MIP_Limits_StrongIt=0;CPXPARAM_MIP_OrderType=0;CPXPARAM_MIP_Strategy_BBInterval=7;CPXPARAM_MIP_Strategy_Branch=0;CPXPARAM_MIP_Strategy_Dive=0;CPXPARAM_MIP_Strategy_File=1;CPXPARAM_MIP_Strategy_HeuristicFreq=0;CPXPARAM_MIP_Strategy_LBHeur=0;CPXPARAM_MIP_Strategy_NodeSelect=0;CPXPARAM_MIP_Strategy_Order=1;CPXPARAM_MIP_Strategy_PresolveNode=-1;CPXPARAM_MIP_Strategy_Probe=-1;CPXPARAM_MIP_Strategy_RINSHeur=0;CPXPARAM_MIP_Strategy_StartAlgorithm=0;CPXPARAM_MIP_Strategy_SubAlgorithm=3;CPXPARAM_MIP_Strategy_VariableSelect=1;CPXPARAM_Network_NetFind=2;CPXPARAM_Network_Pricing=0;CPXPARAM_Parallel=1;CPXPARAM_Preprocessing_Aggregator=-1;CPXPARAM_Preprocessing_BoundStrength=-1;CPXPARAM_Preprocessing_CoeffReduce=-1;CPXPARAM_Preprocessing_Dependency=-1;CPXPARAM_Preprocessing_Dual=0;CPXPARAM_Preprocessing_Fill=2;CPXPARAM_Preprocessing_NumPass=-1;CPXPARAM_Preprocessing_Presolve=1;CPXPARAM_Preprocessing_QPMakePSD=1;CPXPARAM_Preprocessing_Reduce=0;CPXPARAM_Preprocessing_Relax=-1;CPXPARAM_Preprocessing_RepeatPresolve=-1;CPXPARAM_Preprocessing_Symmetry=-1;CPXPARAM_Read_Scale=0;CPXPARAM_Sifting_Algorithm=0;CPXPARAM_Simplex_Crash=1;CPXPARAM_Simplex_DGradient=0;CPXPARAM_Simplex_Limits_Perturbation=0;CPXPARAM_Simplex_Limits_Singularity=10;CPXPARAM_Simplex_PGradient=0;CPXPARAM_Simplex_Pricing=0;CPXPARAM_Simplex_Refactor=0
16330696511976839357,0,CPXPARAM_Advance=1;CPXPARAM_Barrier_Algorithm=0;CPXPARAM_Barrier_ColNonzeros=0;CPXPARAM_Barrier_Crossover=0;CPXPARAM_Barrier_Limits_Corrections=-1;CPXPARAM_Barrier_Ordering=0;CPXPARAM_Barrier_StartAlg=1;CPXPARAM_Emphasis_MIP=3;CPXPARAM_Emphasis_Memory=0;CPXPARAM_Emphasis_Numerical=0;CPXPARAM_Feasopt_Mode=0;CPXPARAM_LPMethod=0;CPXPARAM_MIP_Cuts_Cliques=0;CPXPARAM_MIP_Cuts_Covers=3;CPXPARAM_MIP_Cuts_Disjunctive=-1;CPXPARAM_MIP_Cuts_FlowCovers=-1;CPXPARAM_MIP_Cuts_GUBCovers=0;CPXPARAM_MIP_Cuts_Gomory=-1;CPXPARAM_MIP_Cuts_Implied=1;CPXPARAM_MIP_Cuts_MIRCut=0;CPXPARAM_MIP_Cuts_PathCut=2;CPXPARAM_MIP_Limits_AggForCut=1;CPXPARAM_MIP_Limits_CutPasses=0;CPXPARAM_MIP_Limits_CutsFactor=-1;CPXPARAM_MIP_Limits_GomoryCand=50;CPXPARAM_MIP_Limits_GomoryPass=0;CPXPARAM_MIP_Limits_Nodes=9223372036800000000;CPXPARAM_MIP_Limits_ProbeTime=1e+75;CPXPARAM_MIP_Limits_RepairTries=0;CPXPARAM_MIP_Limits_StrongCand=10;CPXPARAM_MIP_Limits_StrongIt=0;CPXPARAM_MIP_OrderType=0;CPXPARAM_MIP_Strategy_BBInterval=7;CPXPARAM_MIP_Strategy_Branch=1;CPXPARAM_MIP_Strategy_Dive=0;CPXPARAM_MIP_Strategy_File=1;CPXPARAM_MIP_Strategy_HeuristicFreq=0;CPXPARAM_MIP_Strategy_LBHeur=0;CPXPARAM_MIP_Strategy_NodeSelect=0;CPXPARAM_MIP_Strategy_Order=1;CPXPARAM_MIP_Strategy_PresolveNode=3;CPXPARAM_MIP_Strategy_Probe=3;CPXPARAM_MIP_Strategy_RINSHeur=0;CPXPARAM_MIP_Strategy_StartAlgorithm=0;CPXPARAM_MIP_Strategy_SubAlgorithm=0;CPXPARAM_MIP_Strategy_VariableSelect=2;CPXPARAM_Network_NetFind=2;CPXPARAM_Network_Pricing=0;CPXPARAM_Parallel=1;CPXPARAM_Preprocessing_Aggregator=-1;CPXPARAM_Preprocessing_BoundStrength=-1;CPXPARAM_Preprocessing_CoeffReduce=-1;CPXPARAM_Preprocessing_Dependency=-1;CPXPARAM_Preprocessing_Dual=0;CPXPARAM_Preprocessing_Fill=5;CPXPARAM_Preprocessing_NumPass=-1;CPXPARAM_Preprocessing_Presolve=1;CPXPARAM_Preprocessing_QPMakePSD=1;CPXPARAM_Preprocessing_Reduce=3;CPXPARAM_Preprocessing_Relax=-1;CPXPARAM_Preprocessing_RepeatPresolve=-1;CPXPARAM_Preprocessing_Symmetry=-1;CPXPARAM_Read_Scale=0;CPXPARAM_Sifting_Algorithm=0;CPXPARAM_Simplex_Crash=1;CPXPARAM_Simplex_DGradient=0;CPXPARAM_Simplex_Limits_Perturbation=0;CPXPARAM_Simplex_Limits_Singularity=10;CPXPARAM_Simplex_PGradient=0;CPXPARAM_Simplex_Pricing=0;CPXPARAM_Simplex_Refactor=0
3366682891665281260,0,CPXPARAM_Advance=1;CPXPARAM_Barrier_Algorithm=0;CPXPARAM_Barrier_ColNonzeros=0;CPXPARAM_Barrier_Crossover=0;CPXPARAM_Barrier_Limits_Corrections=-1;CPXPARAM_Barrier_Ordering=0;CPXPARAM_Barrier_StartAlg=1;CPXPARAM_Emphasis_MIP=0;CPXPARAM_Emphasis_Memory=0;CPXPARAM_Emphasis_Numerical=0;CPXPARAM_Feasopt_Mode=0;CPXPARAM_LPMethod=0;CPXPARAM_MIP_Cuts_Cliques=-1;CPXPARAM_MIP_Cuts_Covers=0;CPXPARAM_MIP_Cuts_Disjunctive=1;CPXPARAM_MIP_Cuts_FlowCovers=-1;CPXPARAM_MIP_Cuts_GUBCovers=2;CPXPARAM_MIP_Cuts_Gomory=2;CPXPARAM_MIP_Cuts_Implied=1;CPXPARAM_MIP_Cuts_MIRCut=1;CPXPARAM_MIP_Cuts_PathCut=1;CPXPARAM_MIP_Limits_AggForCut=3;CPXPARAM_MIP_Limits_CutPasses=0;CPXPARAM_MIP_Limits_CutsFactor=-1;CPXPARAM_MIP_Limits_GomoryCand=200;CPXPARAM_MIP_Limits_GomoryPass=0;CPXPARAM_MIP_Limits_Nodes=9223372036800000000;CPXPARAM_MIP_Limits_ProbeTime=1e+75;CPXPARAM_MIP_Limits_RepairTries=0;CPXPARAM_MIP_Limits_StrongCand=10;CPXPARAM_MIP_Limits_StrongIt=0;CPXPARAM_MIP_OrderType=0;CPXPARAM_MIP_Strategy_BBInterval=7;CPXPARAM_MIP_Strategy_Branch=0;CPXPARAM_MIP_Strategy_Dive=0;CPXPARAM_MIP_Strategy_File=1;CPXPARAM_MIP_Strategy_HeuristicFreq=0;CPXPARAM_MIP_Strategy_LBHeur=0;CPXPARAM_MIP_Strategy_NodeSelect=1;CPXPARAM_MIP_Strategy_Order=1;CPXPARAM_MIP_Strategy_PresolveNode=0;CPXPARAM_MIP_Strategy_Probe=0;CPXPARAM_MIP_Strategy_RINSHeur=0;CPXPARAM_MIP_Strategy_StartAlgorithm=0;CPXPARAM_MIP_Strategy_SubAlgorithm=0;CPXPARAM_MIP_Strategy_VariableSelect=0;CPXPARAM_Network_NetFind=2;CPXPARAM_Network_Pricing=0;CPXPARAM_Parallel=1;CPXPARAM_Preprocessing_Aggregator=-1;CPXPARAM_Preprocessing_BoundStrength=-1;CPXPARAM_Preprocessing_CoeffReduce=-1;CPXPARAM_Preprocessing_Dependency=-1;CPXPARAM_Preprocessing_Dual=0;CPXPARAM_Preprocessing_Fill=10;CPXPARAM_Preprocessing_NumPass=-1;CPXPARAM_Preprocessing_Presolve=1;CPXPARAM_Preprocessing_QPMakePSD=1;CPXPARAM_Preprocessing_Reduce=3;CPXPARAM_Preprocessing_Relax=-1;CPXPARAM_Preprocessing_RepeatPresolve=-1;CPXPARAM_Preprocessing_Symmetry=-1;CPXPARAM_Read_Scale=0;CPXPARAM_Sifting_Algorithm=0;CPXPARAM_Simplex_Crash=1;CPXPARAM_Simplex_DGradient=0;CPXPARAM_Simplex_Limits_Perturbation=0;CPXPARAM_Simplex_Limits_Singularity=10;CPXPARAM_Simplex_PGradient=0;CPXPARAM_Simplex_Pricing=0;CPXPARAM_Simplex_Refactor=0
7147873184199949561,0,CPXPARAM_Advance=1;CPXPARAM_Barrier_Algorithm=0;CPXPARAM_Barrier_ColNonzeros=0;CPXPARAM_Barrier_Crossover=0;CPXPARAM_Barrier_Limits_Corrections=-1;CPXPARAM_Barrier_Ordering=0;CPXPARAM_Barrier_StartAlg=1;CPXPARAM_Emphasis_MIP=5;CPXPARAM_Emphasis_Memory=0;CPXPARAM_Emphasis_Numerical=0;CPXPARAM_Feasopt_Mode=0;CPXPARAM_LPMethod=0;CPXPARAM_MIP_Cuts_Cliques=-1;CPXPARAM_MIP_Cuts_Covers=1;CPXPARAM_MIP_Cuts_Disjunctive=-1;CPXPARAM_MIP_Cuts_FlowCovers=-1;CPXPARAM_MIP_Cuts_GUBCovers=0;CPXPARAM_MIP_Cuts_Gomory=0;CPXPARAM_MIP_Cuts_Implied=-1;CPXPARAM_MIP_Cuts_MIRCut=1;CPXPARAM_MIP_Cuts_PathCut=2;CPXPARAM_MIP_Limits_AggForCut=3;CPXPARAM_MIP_Limits_CutPasses=0;CPXPARAM_MIP_Limits_CutsFactor=-1;CPXPARAM_MIP_Limits_GomoryCand=800;CPXPARAM_MIP_Limits_GomoryPass=0;CPXPARAM_MIP_Limits_Nodes=9223372036800000000;CPXPARAM_MIP_Limits_ProbeTime=1e+75;CPXPARAM_MIP_Limits_RepairTries=0;CPXPARAM_MIP_Limits_StrongCand=10;CPXPARAM_MIP_Limits_StrongIt=0;CPXPARAM_MIP_OrderType=0;CPXPARAM_MIP_Strategy_BBInterval=7;CPXPARAM_MIP_Strategy_Branch=0;CPXPARAM_MIP_Strategy_Dive=0;CPXPARAM_MIP_Strategy_File=1;CPXPARAM_MIP_Strategy_HeuristicFreq=0;CPXPARAM_MIP_Strategy_LBHeur=0;CPXPARAM_MIP_Strategy_NodeSelect=2;CPXPARAM_MIP_Strategy_Order=1;CPXPARAM_MIP_Strategy_PresolveNode=1;CPXPARAM_MIP_Strategy_Probe=3;CPXPARAM_MIP_Strategy_RINSHeur=0;CPXPARAM_MIP_Strategy_StartAlgorithm=0;CPXPARAM_MIP_Strategy_SubAlgorithm=3;CPXPARAM_MIP_Strategy_VariableSelect=-1;CPXPARAM_Network_NetFind=2;CPXPARAM_Network_Pricing=0;CPXPARAM_Parallel=1;CPXPARAM_Preprocessing_Aggregator=-1;CPXPARAM_Preprocessing_BoundStrength=-1;CPXPARAM_Preprocessing_CoeffReduce=-1;CPXPARAM_Preprocessing_Dependency=-1;CPXPARAM_Preprocessing_Dual=0;CPXPARAM_Preprocessing_Fill=5;CPXPARAM_Preprocessing_NumPass=-1;CPXPARAM_Preprocessing_Presolve=1;CPXPARAM_Preprocessing_QPMakePSD=1;CPXPARAM_Preprocessing_Reduce=3;CPXPARAM_Preprocessing_Relax=-1;CPXPARAM_Preprocessing_RepeatPresolve=-1;CPXPARAM_Preprocessing_Symmetry=-1;CPXPARAM_Read_Scale=0;CPXPARAM_Sifting_Algorithm=0;CPXPARAM_Simplex_Crash=1;CPXPARAM_Simplex_DGradient=0;CPXPARAM_Simplex_Limits_Perturbation=0;CPXPARAM_Simplex_Limits_Singularity=10;CPXPARAM_Simplex_PGradient=0;CPXPARAM_Simplex_Pricing=0;CPXPARAM_Simplex_Refactor=0
18033484578175096850,0,CPXPARAM_Advance=1;CPXPARAM_Barrier_Algorithm=0;CPXPARAM_Barrier_ColNonzeros=0;CPXPARAM_Barrier_Crossover=0;CPXPARAM_Barrier_Limits_Corrections=-1;CPXPARAM_Barrier_Ordering=0;CPXPARAM_Barrier_StartAlg=1;CPXPARAM_Emphasis_MIP=4;CPXPARAM_Emphasis_Memory=0;CPXPARAM_Emphasis_Numerical=0;CPXPARAM_Feasopt_Mode=0;CPXPARAM_LPMethod=0;CPXPARAM_MIP_Cuts_Cliques=0;CPXPARAM_MIP_Cuts_Covers=0;CPXPARAM_MIP_Cuts_Disjunctive=0;CPXPARAM_MIP_Cuts_FlowCovers=-1;CPXPARAM_MIP_Cuts_GUBCovers=2;CPXPARAM_MIP_Cuts_Gomory=0;CPXPARAM_MIP_Cuts_Implied=0;CPXPARAM_MIP_Cuts_MIRCut=0;CPXPARAM_MIP_Cuts_PathCut=1;CPXPARAM_MIP_Limits_AggForCut=3;CPXPARAM_MIP_Limits_CutPasses=0;CPXPARAM_MIP_Limits_CutsFactor=-1;CPXPARAM_MIP_Limits_GomoryCand=150;CPXPARAM_MIP_Limits_GomoryPass=0;CPXPARAM_MIP_Limits_Nodes=9223372036800000000;CPXPARAM_MIP_Limits_ProbeTime=1e+75;CPXPARAM_MIP_Limits_RepairTries=0;CPXPARAM_MIP_Limits_StrongCand=10;CPXPARAM_MIP_Limits_StrongIt=0;CPXPARAM_MIP_OrderType=0;CPXPARAM_MIP_Strategy_BBInterval=7;CPXPARAM_MIP_Strategy_Branch=0;CPXPARAM_MIP_Strategy_Dive=0;CPXPARAM_MIP_Strategy_File=1;CPXPARAM_MIP_Strategy_HeuristicFreq=0;CPXPARAM_MIP_Strategy_LBHeur=0;CPXPARAM_MIP_Strategy_NodeSelect=1;CPXPARAM_MIP_Strategy_Order=1;CPXPARAM_MIP_Strategy_PresolveNode=0;CPXPARAM_MIP_Strategy_Probe=1;CPXPARAM_MIP_Strategy_RINSHeur=0;CPXPARAM_MIP_Strategy_StartAlgorithm=0;CPXPARAM_MIP_Strategy_SubAlgorithm=0;CPXPARAM_MIP_Strategy_VariableSelect=0;CPXPARAM_Network_NetFind=2;CPXPARAM_Network_Pricing=0;CPXPARAM_Parallel=1;CPXPARAM_Preprocessing_Aggregator=-1;CPXPARAM_Preprocessing_BoundStrength=-1;CPXPARAM_Preprocessing_CoeffReduce=-1;CPXPARAM_Preprocessing_Dependency=-1;CPXPARAM_Preprocessing_Dual=0;CPXPARAM_Preprocessing_Fill=10;CPXPARAM_Preprocessing_NumPass=-1;CPXPARAM_Preprocessing_Presolve=1;CPXPARAM_Preprocessing_QPMakePSD=1;CPXPARAM_Preprocessing_Reduce=3;CPXPARAM_Preprocessing_Relax=-1;CPXPARAM_Preprocessing_RepeatPresolve=-1;CPXPARAM_Preprocessing_Symmetry=-1;CPXPARAM_Read_Scale=0;CPXPARAM_Sifting_Algorithm=0;CPXPARAM_Simplex_Crash=1;CPXPARAM_Simplex_DGradient=0;CPXPARAM_Simplex_Limits_Perturbation=0;CPXPARAM_Simplex_Limits_Singularity=10;CPXPARAM_Simplex_PGradient=0;CPXPARAM_Simplex_Pricing=0;CPXPARAM_Simplex_Refactor=0
10492970810259187830,0,CPXPARAM_Advance=1;CPXPARAM_Barrier_Algorithm=0;CPXPARAM_Barrier_ColNonzeros=0;CPXPARAM_Barrier_Crossover=0;CPXPARAM_Barrier_Limits_Corrections=-1;CPXPARAM_Barrier_Ordering=0;CPXPARAM_Barrier_StartAlg=1;CPXPARAM_Emphasis_MIP=0;CPXPARAM_Emphasis_Memory=0;CPXPARAM_Emphasis_Numerical=0;CPXPARAM_Feasopt_Mode=0;CPXPARAM_LPMethod=0;CPXPARAM_MIP_Cuts_Cliques=-1;CPXPARAM_MIP_Cuts_Covers=0;CPXPARAM_MIP_Cuts_Disjunctive=1;CPXPARAM_MIP_Cuts_FlowCovers=0;CPXPARAM_MIP_Cuts_GUBCovers=2;CPXPARAM_MIP_Cuts_Gomory=2;CPXPARAM_MIP_Cuts_Implied=1;CPXPARAM_MIP_Cuts_MIRCut=-1;CPXPARAM_MIP_Cuts_PathCut=1;CPXPARAM_MIP_Limits_AggForCut=3;CPXPARAM_MIP_Limits_CutPasses=0;CPXPARAM_MIP_Limits_CutsFactor=-1;CPXPARAM_MIP_Limits_GomoryCand=200;CPXPARAM_MIP_Limits_GomoryPass=0;CPXPARAM_MIP_Limits_Nodes=9223372036800000000;CPXPARAM_MIP_Limits_ProbeTime=1e+75;CPXPARAM_MIP_Limits_RepairTries=0;CPXPARAM_MIP_Limits_StrongCand=10;CPXPARAM_MIP_Limits_StrongIt=0;CPXPARAM_MIP_OrderType=0;CPXPARAM_MIP_Strategy_BBInterval=7;CPXPARAM_MIP_Strategy_Branch=0;CPXPARAM_MIP_Strategy_Dive=0;CPXPARAM_MIP_Strategy_File=1;CPXPARAM_MIP_Strategy_HeuristicFreq=0;CPXPARAM_MIP_Strategy_LBHeur=0;CPXPARAM_MIP_Strategy_NodeSelect=1;CPXPARAM_MIP_Strategy_Order=1;CPXPARAM_MIP_Strategy_PresolveNode=0;CPXPARAM_MIP_Strategy_Probe=0;CPXPARAM_MIP_Strategy_RINSHeur=0;CPXPARAM_MIP_Strategy_StartAlgorithm=0;CPXPARAM_MIP_Strategy_SubAlgorithm=0;CPXPARAM_MIP_Strategy_VariableSelect=0;CPXPARAM_Network_NetFind=2;CPXPARAM_Network_Pricing=0;CPXPARAM_Parallel=1;CPXPARAM_Preprocessing_Aggregator=-1;CPXPARAM_Preprocessing_BoundStrength=-1;CPXPARAM_Preprocessing_CoeffReduce=-1;CPXPARAM_Preprocessing_Dependency=-1;CPXPARAM_Preprocessing_Dual=0;CPXPARAM_Preprocessing_Fill=10;CPXPARAM_Preprocessing_NumPass=-1;CPXPARAM_Preprocessing_Presolve=1;CPXPARAM_Preprocessing_QPMakePSD=1;CPXPARAM_Preprocessing_Reduce=3;CPXPARAM_Preprocessing_Relax=-1;CPXPARAM_Preprocessing_RepeatPresolve=-1;CPXPARAM_Preprocessing_Symmetry=-1;CPXPARAM_Read_Scale=0;CPXPARAM_Sifting_Algorithm=0;CPXPARAM_Simplex_Crash=1;CPXPARAM_Simplex_DGradient=0;CPXPARAM_Simplex_Limits_Perturbation=0;CPXPARAM_Simplex_Limits_Singularity=10;CPXPARAM_Simplex_PGradient=0;CPXPARAM_Simplex_Pricing=0;CPXPARAM_Simplex_Refactor=0
15496839349388393411,0,CPXPARAM_Advance=1;CPXPARAM_Barrier_Algorithm=0;CPXPARAM_Barrier_ColNonzeros=0;CPXPARAM_Barrier_Crossover=0;CPXPARAM_Barrier_Limits_Corrections=-1;CPXPARAM_Barrier_Ordering=0;CPXPARAM_Barrier_StartAlg=1;CPXPARAM_Emphasis_MIP=5;CPXPARAM_Emphasis_Memory=0;CPXPARAM_Emphasis_Numerical=0;CPXPARAM_Feasopt_Mode=0;CPXPARAM_LPMethod=0;CPXPARAM_MIP_Cuts_Cliques=-1;CPXPARAM_MIP_Cuts_Covers=1;CPXPARAM_MIP_Cuts_Disjunctive=-1;CPXPARAM_MIP_Cuts_FlowCovers=-1;CPXPARAM_MIP_Cuts_GUBCovers=0;CPXPARAM_MIP_Cuts_Gomory=0;CPXPARAM_MIP_Cuts_Implied=-1;CPXPARAM_MIP_Cuts_MIRCut=1;CPXPARAM_MIP_Cuts_PathCut=2;CPXPARAM_MIP_Limits_AggForCut=3;CPXPARAM_MIP_Limits_CutPasses=0;CPXPARAM_MIP_Limits_CutsFactor=-1;CPXPARAM_MIP_Limits_GomoryCand=800;CPXPARAM_MIP_Limits_GomoryPass=0;CPXPARAM_MIP_Limits_Nodes=9223372036800000000;CPXPARAM_MIP_Limits_ProbeTime=1e+75;CPXPARAM_MIP_Limits_RepairTries=0;CPXPARAM_MIP_Limits_StrongCand=10;CPXPARAM_MIP_Limits_StrongIt=0;CPXPARAM_MIP_OrderType=0;CPXPARAM_MIP_Strategy_BBInterval=7;CPXPARAM_MIP_Strategy_Branch=0;CPXPARAM_MIP_Strategy_Dive=0;CPXPARAM_MIP_Strategy_File=1;CPXPARAM_MIP_Strategy_HeuristicFreq=0;CPXPARAM_MIP_Strategy_LBHeur=0;CPXPARAM_MIP_Strategy_NodeSelect=2;CPXPARAM_MIP_Strategy_Order=1;CPXPARAM_MIP_Strategy_PresolveNode=1;CPXPARAM_MIP_Strategy_Probe=3;CPXPARAM_MIP_Strategy_RINSHeur=0;CPXPARAM_MIP_Strategy_StartAlgorithm=0;CPXPARAM_MIP_Strategy_SubAlgorithm=3;CPXPARAM_MIP_Strategy_VariableSelect=-1;CPXPARAM_Network_NetFind=2;CPXPARAM_Network_Pricing=0;CPXPARAM_Parallel=1;CPXPARAM_Preprocessing_Aggregator=-1;CPXPARAM_Preprocessing_BoundStrength=-1;CPXPARAM_Preprocessing_CoeffReduce=-1;CPXPARAM_Preprocessing_Dependency=-1;CPXPARAM_Preprocessing_Dual=0;CPXPARAM_Preprocessing_Fill=2;CPXPARAM_Preprocessing_NumPass=-1;CPXPARAM_Preprocessing_Presolve=1;CPXPARAM_Preprocessing_QPMakePSD=1;CPXPARAM_Preprocessing_Reduce=3;CPXPARAM_Preprocessing_Relax=-1;CPXPARAM_Preprocessing_RepeatPresolve=-1;CPXPARAM_Preprocessing_Symmetry=-1;CPXPARAM_Read_Scale=0;CPXPARAM_Sifting_Algorithm=0;CPXPARAM_Simplex_Crash=1;CPXPARAM_Simplex_DGradient=0;CPXPARAM_Simplex_Limits_Perturbation=0;CPXPARAM_Simplex_Limits_Singularity=10;CPXPARAM_Simplex_PGradient=0;CPXPARAM_Simplex_Pricing=0;CPXPARAM_Simplex_Refactor=0
9540882095348667977,0,CPXPARAM_Advance=1;CPXPARAM_Barrier_Algorithm=0;CPXPARAM_Barrier_ColNonzeros=0;CPXPARAM_Barrier_Crossover=0;CPXPARAM_Barrier_Limits_Corrections=-1;CPXPARAM_Barrier_Ordering=0;CPXPARAM_Barrier_StartAlg=1;CPXPARAM_Emphasis_MIP=3;CPXPARAM_Emphasis_Memory=0;CPXPARAM_Emphasis_Numerical=0;CPXPARAM_Feasopt_Mode=0;CPXPARAM_LPMethod=0;CPXPARAM_MIP_Cuts_Cliques=0;CPXPARAM_MIP_Cuts_Covers=1;CPXPARAM_MIP_Cuts_Disjunctive=0;CPXPARAM_MIP_Cuts_FlowCovers=-1;CPXPARAM_MIP_Cuts_GUBCovers=0;CPXPARAM_MIP_Cuts_Gomory=0;CPXPARAM_MIP_Cuts_Implied=-1;CPXPARAM_MIP_Cuts_MIRCut=-1;CPXPARAM_MIP_Cuts_PathCut=-1;CPXPARAM_MIP_Limits_AggForCut=2;CPXPARAM_MIP_Limits_CutPasses=0;CPXPARAM_MIP_Limits_CutsFactor=-1;CPXPARAM_MIP_Limits_GomoryCand=150;CPXPARAM_MIP_Limits_GomoryPass=0;CPXPARAM_MIP_Limits_Nodes=9223372036800000000;CPXPARAM_MIP_Limits_ProbeTime=1e+75;CPXPARAM_MIP_Limits_RepairTries=0;CPXPARAM_MIP_Limits_StrongCand=10;CPXPARAM_MIP_Limits_StrongIt=0;CPXPARAM_MIP_OrderType=0;CPXPARAM_MIP_Strategy_BBInterval=7;CPXPARAM_MIP_Strategy_Branch=0;CPXPARAM_MIP_Strategy_Dive=0;CPXPARAM_MIP_Strategy_File=1;CPXPARAM_MIP_Strategy_HeuristicFreq=0;CPXPARAM_MIP_Strategy_LBHeur=0;CPXPARAM_MIP_Strategy_NodeSelect=0;CPXPARAM_MIP_Strategy_Order=1;CPXPARAM_MIP_Strategy_PresolveNode=-1;CPXPARAM_MIP_Strategy_Probe=1;CPXPARAM_MIP_Strategy_RINSHeur=0;CPXPARAM_MIP_Strategy_StartAlgorithm=0;CPXPARAM_MIP_Strategy_SubAlgorithm=5;CPXPARAM_MIP_Strategy_VariableSelect=2;CPXPARAM_Network_NetFind=2;CPXPARAM_Network_Pricing=0;CPXPARAM_Parallel=1;CPXPARAM_Preprocessing_Aggregator=-1;CPXPARAM_Preprocessing_BoundStrength=-1;CPXPARAM_Preprocessing_CoeffReduce=-1;CPXPARAM_Preprocessing_Dependency=-1;CPXPARAM_Preprocessing_Dual=0;CPXPARAM_Preprocessing_Fill=5;CPXPARAM_Preprocessing_NumPass=-1;CPXPARAM_Preprocessing_Presolve=1;CPXPARAM_Preprocessing_QPMakePSD=1;CPXPARAM_Preprocessing_Reduce=3;CPXPARAM_Preprocessing_Relax=-1;CPXPARAM_Preprocessing_RepeatPresolve=-1;CPXPARAM_Preprocessing_Symmetry=-1;CPXPARAM_Read_Scale=0;CPXPARAM_Sifting_Algorithm=0;CPXPARAM_Simplex_Crash=1;CPXPARAM_Simplex_DGradient=0;CPXPARAM_Simplex_Limits_Perturbation=0;CPXPARAM_Simplex_Limits_Singularity=10;CPXPARAM_Simplex_PGradient=0;CPXPARAM_Simplex_Pricing=0;CPXPARAM_Simplex_Refactor=0
7421723473961372532,0,CPXPARAM_Advance=1;CPXPARAM_Barrier_Algorithm=0;CPXPARAM_Barrier_ColNonzeros=0;CPXPARAM_Barrier_Crossover=0;CPXPARAM_Barrier_Limits_Corrections=-1;CPXPARAM_Barrier_Ordering=0;CPXPARAM_Barrier_StartAlg=1;CPXPARAM_Emphasis_MIP=5;CPXPARAM_Emphasis_Memory=0;CPXPARAM_Emphasis_Numerical=0;CPXPARAM_Feasopt_Mode=0;CPXPARAM_LPMethod=0;CPXPARAM_MIP_Cuts_Cliques=-1;CPXPARAM_MIP_Cuts_Covers=1;CPXPARAM_MIP_Cuts_Disjunctive=-1;CPXPARAM_MIP_Cuts_FlowCovers=-1;CPXPARAM_MIP_Cuts_GUBCovers=0;CPXPARAM_MIP_Cuts_Gomory=0;CPXPARAM_MIP_Cuts_Implied=-1;CPXPARAM_MIP_Cuts_MIRCut=1;CPXPARAM_MIP_Cuts_PathCut=2;CPXPARAM_MIP_Limits_AggForCut=3;CPXPARAM_MIP_Limits_CutPasses=0;CPXPARAM_MIP_Limits_CutsFactor=-1;CPXPARAM_MIP_Limits_GomoryCand=400;CPXPARAM_MIP_Limits_GomoryPass=0;CPXPARAM_MIP_Limits_Nodes=9223372036800000000;CPXPARAM_MIP_Limits_ProbeTime=1e+75;CPXPARAM_MIP_Limits_RepairTries=0;CPXPARAM_MIP_Limits_StrongCand=10;CPXPARAM_MIP_Limits_StrongIt=0;CPXPARAM_MIP_OrderType=0;CPXPARAM_MIP_Strategy_BBInterval=7;CPXPARAM_MIP_Strategy_Branch=0;CPXPARAM_MIP_Strategy_Dive=0;CPXPARAM_MIP_Strategy_File=1;CPXPARAM_MIP_Strategy_HeuristicFreq=0;CPXPARAM_MIP_Strategy_LBHeur=0;CPXPARAM_MIP_Strategy_NodeSelect=2;CPXPARAM_MIP_Strategy_Order=1;CPXPARAM_MIP_Strategy_PresolveNode=1;CPXPARAM_MIP_Strategy_Probe=3;CPXPARAM_MIP_Strategy_RINSHeur=0;CPXPARAM_MIP_Strategy_StartAlgorithm=0;CPXPARAM_MIP_Strategy_SubAlgorithm=0;CPXPARAM_MIP_Strategy_VariableSelect=-1;CPXPARAM_Network_NetFind=2;CPXPARAM_Network_Pricing=0;CPXPARAM_Parallel=1;CPXPARAM_Preprocessing_Aggregator=-1;CPXPARAM_Preprocessing_BoundStrength=-1;CPXPARAM_Preprocessing_CoeffReduce=-1;CPXPARAM_Preprocessing_Dependency=-1;CPXPARAM_Preprocessing_Dual=0;CPXPARAM_Preprocessing_Fill=5;CPXPARAM_Preprocessing_NumPass=-1;CPXPARAM_Preprocessing_Presolve=1;CPXPARAM_Preprocessing_QPMakePSD=1;CPXPARAM_Preprocessing_Reduce=3;CPXPARAM_Preprocessing_Relax=-1;CPXPARAM_Preprocessing_RepeatPresolve=-1;CPXPARAM_Preprocessing_Symmetry=-1;CPXPARAM_Read_Scale=0;CPXPARAM_Sifting_Algorithm=0;CPXPARAM_Simplex_Crash=1;CPXPARAM_Simplex_DGradient=0;CPXPARAM_Simplex_Limits_Perturbation=0;CPXPARAM_Simplex_Limits_Singularity=10;CPXPARAM_Simplex_PGradient=0;CPXPARAM_Simplex_Pricing=0;CPXPARAM_Simplex_Refactor=0
14833940056897950638,0,CPXPARAM_Advance=1;CPXPARAM_Barrier_Algorithm=0;CPXPARAM_Barrier_ColNonzeros=0;CPXPARAM_Barrier_Crossover=0;CPXPARAM_Barrier_Limits_Corrections=-1;CPXPARAM_Barrier_Ordering=0;CPXPARAM_Barrier_StartAlg=1;CPXPARAM_Emphasis_MIP=2;CPXPARAM_Emphasis_Memory=0;CPXPARAM_Emphasis_Numerical=0;CPXPARAM_Feasopt_Mode=0;CPXPARAM_LPMethod=0;CPXPARAM_MIP_Cuts_Cliques=1;CPXPARAM_MIP_Cuts_Covers=3;CPXPARAM_MIP_Cuts_Disjunctive=1;CPXPARAM_MIP_Cuts_FlowCovers=1;CPXPARAM_MIP_Cuts_GUBCovers=1;CPXPARAM_MIP_Cuts_Gomory=0;CPXPARAM_MIP_Cuts_Implied=2;CPXPARAM_MIP_Cuts_MIRCut=2;CPXPARAM_MIP_Cuts_PathCut=2;CPXPARAM_MIP_Limits_AggForCut=5;CPXPARAM_MIP_Limits_CutPasses=0;CPXPARAM_MIP_Limits_CutsFactor=-1;CPXPARAM_MIP_Limits_GomoryCand=50;CPXPARAM_MIP_Limits_GomoryPass=0;CPXPARAM_MIP_Limits_Nodes=9223372036800000000;CPXPARAM_MIP_Limits_ProbeTime=1e+75;CPXPARAM_MIP_Limits_RepairTries=0;CPXPARAM_MIP_Limits_StrongCand=10;CPXPARAM_MIP_Limits_StrongIt=0;CPXPARAM_MIP_OrderType=1;CPXPARAM_MIP_Strategy_BBInterval=7;CPXPARAM_MIP_Strategy_Branch=0;CPXPARAM_MIP_Strategy_Dive=0;CPXPARAM_MIP_Strategy_File=1;CPXPARAM_MIP_Strategy_HeuristicFreq=0;CPXPARAM_MIP_Strategy_LBHeur=0;CPXPARAM_MIP_Strategy_NodeSelect=0;CPXPARAM_MIP_Strategy_Order=1;CPXPARAM_MIP_Strategy_PresolveNode=-1;CPXPARAM_MIP_Strategy_Probe=-1;CPXPARAM_MIP_Strategy_RINSHeur=0;CPXPARAM_MIP_Strategy_StartAlgorithm=0;CPXPARAM_MIP_Strategy_SubAlgorithm=0;CPXPARAM_MIP_Strategy_VariableSelect=1;CPXPARAM_Network_NetFind=2;CPXPARAM_Network_Pricing=0;CPXPARAM_Parallel=1;CPXPARAM_Preprocessing_Aggregator=-1;CPXPARAM_Preprocessing_BoundStrength=-1;CPXPARAM_Preprocessing_CoeffReduce=-1;CPXPARAM_Preprocessing_Dependency=-1;CPXPARAM_Preprocessing_Dual=0;CPXPARAM_Preprocessing_Fill=40;CPXPARAM_Preprocessing_NumPass=-1;CPXPARAM_Preprocessing_Presolve=1;CPXPARAM_Preprocessing_QPMakePSD=1;CPXPARAM_Preprocessing_Reduce=1;CPXPARAM_Preprocessing_Relax=-1;CPXPARAM_Preprocessing_RepeatPresolve=-1;CPXPARAM_Preprocessing_Symmetry=-1;CPXPARAM_Read_Scale=-1;CPXPARAM_Sifting_Algorithm=0;CPXPARAM_Simplex_Crash=1;CPXPARAM_Simplex_DGradient=0;CPXPARAM_Simplex_Limits_Perturbation=0;CPXPARAM_Simplex_Limits_Singularity=10;CPXPARAM_Simplex_PGradient=0;CPXPARAM_Simplex_Pricing=0;CPXPARAM_Simplex_Refactor=0
4456206676617044224,0,CPXPARAM_Advance=1;CPXPARAM_Barrier_Algorithm=0;CPXPARAM_Barrier_ColNonzeros=0;CPXPARAM_Barrier_Crossover=0;CPXPARAM_Barrier_Limits_Corrections=-1;CPXPARAM_Barrier_Ordering=0;CPXPARAM_Barrier_StartAlg=1;CPXPARAM_Emphasis_MIP=5;CPXPARAM_Emphasis_Memory=0;CPXPARAM_Emphasis_Numerical=0;CPXPARAM_Feasopt_Mode=0;CPXPARAM_LPMethod=0;CPXPARAM_MIP_Cuts_Cliques=-1;CPXPARAM_MIP_Cuts_Covers=1;CPXPARAM_MIP_Cuts_Disjunctive=-1;CPXPARAM_MIP_Cuts_FlowCovers=-1;CPXPARAM_MIP_Cuts_GUBCovers=1;CPXPARAM_MIP_Cuts_Gomory=0;CPXPARAM_MIP_Cuts_Implied=-1;CPXPARAM_MIP_Cuts_MIRCut=1;CPXPARAM_MIP_Cuts_PathCut=2;CPXPARAM_MIP_Limits_AggForCut=3;CPXPARAM_MIP_Limits_CutPasses=0;CPXPARAM_MIP_Limits_CutsFactor=-1;CPXPARAM_MIP_Limits_GomoryCand=800;CPXPARAM_MIP_Limits_GomoryPass=0;CPXPARAM_MIP_Limits_Nodes=9223372036800000000;CPXPARAM_MIP_Limits_ProbeTime=1e+75;CPXPARAM_MIP_Limits_RepairTries=0;CPXPARAM_MIP_Limits_StrongCand=10;CPXPARAM_MIP_Limits_StrongIt=0;CPXPARAM_MIP_OrderType=0;CPXPARAM_MIP_Strategy_BBInterval=7;CPXPARAM_MIP_Strategy_Branch=0;CPXPARAM_MIP_Strategy_Dive=0;CPXPARAM_MIP_Strategy_File=1;CPXPARAM_MIP_Strategy_HeuristicFreq=0;CPXPARAM_MIP_Strategy_LBHeur=0;CPXPARAM_MIP_Strategy_NodeSelect=2;CPXPARAM_MIP_Strategy_Order=1;CPXPARAM_MIP_Strategy_PresolveNode=1;CPXPARAM_MIP_Strategy_Probe=3;CPXPARAM_MIP_Strategy_RINSHeur=0;CPXPARAM_MIP_Strategy_StartAlgorithm=0;CPXPARAM_MIP_Strategy_SubAlgorithm=0;CPXPARAM_MIP_Strategy_VariableSelect=-1;CPXPARAM_Network_NetFind=2;CPXPARAM_Network_Pricing=0;CPXPARAM_Parallel=1;CPXPARAM_Preprocessing_Aggregator=-1;CPXPARAM_Preprocessing_BoundStrength=-1;CPXPARAM_Preprocessing_CoeffReduce=-1;CPXPARAM_Preprocessing_Dependency=-1;CPXPARAM_Preprocessing_Dual=0;CPXPARAM_Preprocessing_Fill=5;CPXPARAM_Preprocessing_NumPass=-1;CPXPARAM_Preprocessing_Presolve=1;CPXPARAM_Preprocessing_QPMakePSD=1;CPXPARAM_Preprocessing_Reduce=3;CPXPARAM_Preprocessing_Relax=-1;CPXPARAM_Preprocessing_RepeatPresolve=-1;CPXPARAM_Preprocessing_Symmetry=-1;CPXPARAM_Read_Scale=0;CPXPARAM_Sifting_Algorithm=0;CPXPARAM_Simplex_Crash=1;CPXPARAM_Simplex_DGradient=0;CPXPARAM_Simplex_Limits_Perturbation=0;CPXPARAM_Simplex_Limits_Singularity=10;CPXPARAM_Simplex_PGradient=0;CPXPARAM_Simplex_Pricing=0;CPXPARAM_Simplex_Refactor=0
10781282139585327381,0,CPXPARAM_Advance=1;CPXPARAM_Barrier_Algorithm=0;CPXPARAM_Barrier_ColNonzeros=0;CPXPARAM_Barrier_Crossover=0;CPXPARAM_Barrier_Limits_Corrections=-1;CPXPARAM_Barrier_Ordering=0;CPXPARAM_Barrier_StartAlg=1;CPXPARAM_Emphasis_MIP=5;CPXPARAM_Emphasis_Memory=0;CPXPARAM_Emphasis_Numerical=0;CPXPARAM_Feasopt_Mode=0;CPXPARAM_LPMethod=0;CPXPARAM_MIP_Cuts_Cliques=0;CPXPARAM_MIP_Cuts_Covers=0;CPXPARAM_MIP_Cuts_Disjunctive=0;CPXPARAM_MIP_Cuts_FlowCovers=1;CPXPARAM_MIP_Cuts_GUBCovers=1;CPXPARAM_MIP_Cuts_Gomory=-1;CPXPARAM_MIP_Cuts_Implied=2;CPXPARAM_MIP_Cuts_MIRCut=1;CPXPARAM_MIP_Cuts_PathCut=0;CPXPARAM_MIP_Limits_AggForCut=5;CPXPARAM_MIP_Limits_CutPasses=0;CPXPARAM_MIP_Limits_CutsFactor=-1;CPXPARAM_MIP_Limits_GomoryCand=800;CPXPARAM_MIP_Limits_GomoryPass=0;CPXPARAM_MIP_Limits_Nodes=9223372036800000000;CPXPARAM_MIP_Limits_ProbeTime=1e+75;CPXPARAM_MIP_Limits_RepairTries=0;CPXPARAM_MIP_Limits_StrongCand=10;CPXPARAM_MIP_Limits_StrongIt=0;CPXPARAM_MIP_OrderType=0;CPXPARAM_MIP_Strategy_BBInterval=7;CPXPARAM_MIP_Strategy_Branch=-1;CPXPARAM_MIP_Strategy_Dive=0;CPXPARAM_MIP_Strategy_File=1;CPXPARAM_MIP_Strategy_HeuristicFreq=0;CPXPARAM_MIP_Strategy_LBHeur=0;CPXPARAM_MIP_Strategy_NodeSelect=2;CPXPARAM_MIP_Strategy_Order=1;CPXPARAM_MIP_Strategy_PresolveNode=-1;CPXPARAM_MIP_Strategy_Probe=3;CPXPARAM_MIP_Strategy_RINSHeur=0;CPXPARAM_MIP_Strategy_StartAlgorithm=0;CPXPARAM_MIP_Strategy_SubAlgorithm=0;CPXPARAM_MIP_Strategy_VariableSelect=4;CPXPARAM_Network_NetFind=2;CPXPARAM_Network_Pricing=0;CPXPARAM_Parallel=1;CPXPARAM_Preprocessing_Aggregator=-1;CPXPARAM_Preprocessing_BoundStrength=-1;CPXPARAM_Preprocessing_CoeffReduce=-1;CPXPARAM_Preprocessing_Dependency=-1;CPXPARAM_Preprocessing_Dual=0;CPXPARAM_Preprocessing_Fill=40;CPXPARAM_Preprocessing_NumPass=-1;CPXPARAM_Preprocessing_Presolve=1;CPXPARAM_Preprocessing_QPMakePSD=1;CPXPARAM_Preprocessing_Reduce=3;CPXPARAM_Preprocessing_Relax=-1;CPXPARAM_Preprocessing_RepeatPresolve=-1;CPXPARAM_Preprocessing_Symmetry=-1;CPXPARAM_Read_Scale=0;CPXPARAM_Sifting_Algorithm=0;CPXPARAM_Simplex_Crash=1;CPXPARAM_Simplex_DGradient=0;CPXPARAM_Simplex_Limits_Perturbation=0;CPXPARAM_Simplex_Limits_Singularity=10;CPXPARAM_Simplex_PGradient=0;CPXPARAM_Simplex_Pricing=0;CPXPARAM_Simplex_Refactor=0
4331165418091229958,0,CPXPARAM_Advance=1;CPXPARAM_Barrier_Algorithm=0;CPXPARAM_Barrier_ColNonzeros=0;CPXPARAM_Barrier_Crossover=0;CPXPARAM_Barrier_Limits_Corrections=-1;CPXPARAM_Barrier_Ordering=0;CPXPARAM_Barrier_StartAlg=1;CPXPARAM_Emphasis_MIP=0;CPXPARAM_Emphasis_Memory=0;CPXPARAM_Emphasis_Numerical=0;CPXPARAM_Feasopt_Mode=0;CPXPARAM_LPMethod=0;CPXPARAM_MIP_Cuts_Cliques=3;CPXPARAM_MIP_Cuts_Covers=3;CPXPARAM_MIP_Cuts_Disjunctive=-1;CPXPARAM_MIP_Cuts_FlowCovers=1;CPXPARAM_MIP_Cuts_GUBCovers=1;CPXPARAM_MIP_Cuts_Gomory=0;CPXPARAM_MIP_Cuts_Implied=-1;CPXPARAM_MIP_Cuts_MIRCut=-1;CPXPARAM_MIP_Cuts_PathCut=0;CPXPARAM_MIP_Limits_AggForCut=2;CPXPARAM_MIP_Limits_CutPasses=0;CPXPARAM_MIP_Limits_CutsFactor=-1;CPXPARAM_MIP_Limits_GomoryCand=400;CPXPARAM_MIP_Limits_GomoryPass=0;CPXPARAM_MIP_Limits_Nodes=9223372036800000000;CPXPARAM_MIP_Limits_ProbeTime=1e+75;CPXPARAM_MIP_Limits_RepairTries=0;CPXPARAM_MIP_Limits_StrongCand=10;CPXPARAM_MIP_Limits_StrongIt=0;CPXPARAM_MIP_OrderType=3;CPXPARAM_MIP_Strategy_BBInterval=7;CPXPARAM_MIP_Strategy_Branch=0;CPXPARAM_MIP_Strategy_Dive=0;CPXPARAM_MIP_Strategy_File=1;CPXPARAM_MIP_Strategy_HeuristicFreq=0;CPXPARAM_MIP_Strategy_LBHeur=0;CPXPARAM_MIP_Strategy_NodeSelect=0;CPXPARAM_MIP_Strategy_Order=1;CPXPARAM_MIP_Strategy_PresolveNode=3;CPXPARAM_MIP_Strategy_Probe=1;CPXPARAM_MIP_Strategy_RINSHeur=0;CPXPARAM_MIP_Strategy_StartAlgorithm=0;CPXPARAM_MIP_Strategy_SubAlgorithm=1;CPXPARAM_MIP_Strategy_VariableSelect=2;CPXPARAM_Network_NetFind=2;CPXPARAM_Network_Pricing=0;CPXPARAM_Parallel=1;CPXPARAM_Preprocessing_Aggregator=-1;CPXPARAM_Preprocessing_BoundStrength=-1;CPXPARAM_Preprocessing_CoeffReduce=-1;CPXPARAM_Preprocessing_Dependency=-1;CPXPARAM_Preprocessing_Dual=0;CPXPARAM_Preprocessing_Fill=5;CPXPARAM_Preprocessing_NumPass=-1;CPXPARAM_Preprocessing_Presolve=1;CPXPARAM_Preprocessing_QPMakePSD=1;CPXPARAM_Preprocessing_Reduce=3;CPXPARAM_Preprocessing_Relax=-1;CPXPARAM_Preprocessing_RepeatPresolve=-1;CPXPARAM_Preprocessing_Symmetry=-1;CPXPARAM_Read_Scale=0;CPXPARAM_Sifting_Algorithm=0;CPXPARAM_Simplex_Crash=1;CPXPARAM_Simplex_DGradient=0;CPXPARAM_Simplex_Limits_Perturbation=0;CPXPARAM_Simplex_Limits_Singularity=10;CPXPARAM_Simplex_PGradient=0;CPXPARAM_Simplex_Pricing=0;CPXPARAM_Simplex_Refactor=0
9642880495757071063,0,CPXPARAM_Advance=1;CPXPARAM_Barrier_Algorithm=0;CPXPARAM_Barrier_ColNonzeros=0;CPXPARAM_Barrier_Crossover=0;CPXPARAM_Barrier_Limits_Corrections=-1;CPXPARAM_Barrier_Ordering=0;CPXPARAM_Barrier_StartAlg=1;CPXPARAM_Emphasis_MIP=5;CPXPARAM_Emphasis_Memory=0;CPXPARAM_Emphasis_Numerical=0;CPXPARAM_Feasopt_Mode=0;CPXPARAM_LPMethod=0;CPXPARAM_MIP_Cuts_Cliques=0;CPXPARAM_MIP_Cuts_Covers=0;CPXPARAM_MIP_Cuts_Disjunctive=0;CPXPARAM_MIP_Cuts_FlowCovers=1;CPXPARAM_MIP_Cuts_GUBCovers=1;CPXPARAM_MIP_Cuts_Gomory=-1;CPXPARAM_MIP_Cuts_Implied=2;CPXPARAM_MIP_Cuts_MIRCut=2;CPXPARAM_MIP_Cuts_PathCut=0;CPXPARAM_MIP_Limits_AggForCut=3;CPXPARAM_MIP_Limits_CutPasses=0;CPXPARAM_MIP_Limits_CutsFactor=-1;CPXPARAM_MIP_Limits_GomoryCand=800;CPXPARAM_MIP_Limits_GomoryPass=0;CPXPARAM_MIP_Limits_Nodes=9223372036800000000;CPXPARAM_MIP_Limits_ProbeTime=1e+75;CPXPARAM_MIP_Limits_RepairTries=0;CPXPARAM_MIP_Limits_StrongCand=10;CPXPARAM_MIP_Limits_StrongIt=0;CPXPARAM_MIP_OrderType=0;CPXPARAM_MIP_Strategy_BBInterval=7;CPXPARAM_MIP_Strategy_Branch=-1;CPXPARAM_MIP_Strategy_Dive=0;CPXPARAM_MIP_Strategy_File=1;CPXPARAM_MIP_Strategy_HeuristicFreq=0;CPXPARAM_MIP_Strategy_LBHeur=0;CPXPARAM_MIP_Strategy_NodeSelect=2;CPXPARAM_MIP_Strategy_Order=1;CPXPARAM_MIP_Strategy_PresolveNode=-1;CPXPARAM_MIP_Strategy_Probe=3;CPXPARAM_MIP_Strategy_RINSHeur=0;CPXPARAM_MIP_Strategy_StartAlgorithm=0;CPXPARAM_MIP_Strategy_SubAlgorithm=0;CPXPARAM_MIP_Strategy_VariableSelect=4;CPXPARAM_Network_NetFind=2;CPXPARAM_Network_Pricing=0;CPXPARAM_Parallel=1;CPXPARAM_Preprocessing_Aggregator=-1;CPXPARAM_Preprocessing_BoundStrength=-1;CPXPARAM_Preprocessing_CoeffReduce=-1;CPXPARAM_Preprocessing_Dependency=-1;CPXPARAM_Preprocessing_Dual=0;CPXPARAM_Preprocessing_Fill=40;CPXPARAM_Preprocessing_NumPass=-1;CPXPARAM_Preprocessing_Presolve=1;CPXPARAM_Preprocessing_QPMakePSD=1;CPXPARAM_Preprocessing_Reduce=3;CPXPARAM_Preprocessing_Relax=-1;CPXPARAM_Preprocessing_RepeatPresolve=-1;CPXPARAM_Preprocessing_Symmetry=-1;CPXPARAM_Read_Scale=0;CPXPARAM_Sifting_Algorithm=0;CPXPARAM_Simplex_Crash=1;CPXPARAM_Simplex_DGradient=0;CPXPARAM_Simplex_Limits_Perturbation=0;CPXPARAM_Simplex_Limits_Singularity=10;CPXPARAM_Simplex_PGradient=0;CPXPARAM_Simplex_Pricing=0;CPXPARAM_Simplex_Refactor=0
4290417368563340850,0,CPXPARAM_Advance=1;CPXPARAM_Barrier_Algorithm=0;CPXPARAM_Barrier_ColNonzeros=0;CPXPARAM_Barrier_Crossover=0;CPXPARAM_Barrier_Limits_Corrections=-1;CPXPARAM_Barrier_Ordering=0;CPXPARAM_Barrier_StartAlg=1;CPXPARAM_Emphasis_MIP=5;CPXPARAM_Emphasis_Memory=0;CPXPARAM_Emphasis_Numerical=0;CPXPARAM_Feasopt_Mode=0;CPXPARAM_LPMethod=0;CPXPARAM_MIP_Cuts_Cliques=0;CPXPARAM_MIP_Cuts_Covers=0;CPXPARAM_MIP_Cuts_Disjunctive=0;CPXPARAM_MIP_Cuts_FlowCovers=1;CPXPARAM_MIP_Cuts_GUBCovers=1;CPXPARAM_MIP_Cuts_Gomory=-1;CPXPARAM_MIP_Cuts_Implied=2;CPXPARAM_MIP_Cuts_MIRCut=1;CPXPARAM_MIP_Cuts_PathCut=0;CPXPARAM_MIP_Limits_AggForCut=3;CPXPARAM_MIP_Limits_CutPasses=0;CPXPARAM_MIP_Limits_CutsFactor=-1;CPXPARAM_MIP_Limits_GomoryCand=800;CPXPARAM_MIP_Limits_GomoryPass=0;CPXPARAM_MIP_Limits_Nodes=9223372036800000000;CPXPARAM_MIP_Limits_ProbeTime=1e+75;CPXPARAM_MIP_Limits_RepairTries=0;CPXPARAM_MIP_Limits_StrongCand=10;CPXPARAM_MIP_Limits_StrongIt=0;CPXPARAM_MIP_OrderType=0;CPXPARAM_MIP_Strategy_BBInterval=7;CPXPARAM_MIP_Strategy_Branch=-1;CPXPARAM_MIP_Strategy_Dive=0;CPXPARAM_MIP_Strategy_File=1;CPXPARAM_MIP_Strategy_HeuristicFreq=0;CPXPARAM_MIP_Strategy_LBHeur=0;CPXPARAM_MIP_Strategy_NodeSelect=2;CPXPARAM_MIP_Strategy_Order=1;CPXPARAM_MIP_Strategy_PresolveNode=-1;CPXPARAM_MIP_Strategy_Probe=3;CPXPARAM_MIP_Strategy_RINSHeur=0;CPXPARAM_MIP_Strategy_StartAlgorithm=0;CPXPARAM_MIP_Strategy_SubAlgorithm=0;CPXPARAM_MIP_Strategy_VariableSelect=4;CPXPARAM_Network_NetFind=2;CPXPARAM_Network_Pricing=0;CPXPARAM_Parallel=1;CPXPARAM_Preprocessing_Aggregator=-1;CPXPARAM_Preprocessing_BoundStrength=-1;CPXPARAM_Preprocessing_CoeffReduce=-1;CPXPARAM_Preprocessing_Dependency=-1;CPXPARAM_Preprocessing_Dual=0;CPXPARAM_Preprocessing_Fill=20;CPXPARAM_Preprocessing_NumPass=-1;CPXPARAM_Preprocessing_Presolve=1;CPXPARAM_Preprocessing_QPMakePSD=1;CPXPARAM_Preprocessing_Reduce=3;CPXPARAM_Preprocessing_Relax=-1;CPXPARAM_Preprocessing_RepeatPresolve=-1;CPXPARAM_Preprocessing_Symmetry=-1;CPXPARAM_Read_Scale=0;CPXPARAM_Sifting_Algorithm=0;CPXPARAM_Simplex_Crash=1;CPXPARAM_Simplex_DGradient=0;CPXPARAM_Simplex_Limits_Perturbation=0;CPXPARAM_Simplex_Limits_Singularity=10;CPXPARAM_Simplex_PGradient=0;CPXPARAM_Simplex_Pricing=0;CPXPARAM_Simplex_Refactor=0
16817228398230093010,0,CPXPARAM_Advance=1;CPXPARAM_Barrier_Algorithm=0;CPXPARAM_Barrier_ColNonzeros=0;CPXPARAM_Barrier_Crossover=0;CPXPARAM_Barrier_Limits_Corrections=-1;CPXPARAM_Barrier_Ordering=0;CPXPARAM_Barrier_StartAlg=1;CPXPARAM_Emphasis_MIP=0;CPXPARAM_Emphasis_Memory=0;CPXPARAM_Emphasis_Numerical=0;CPXPARAM_Feasopt_Mode=0;CPXPARAM_LPMethod=0;CPXPARAM_MIP_Cuts_Cliques=3;CPXPARAM_MIP_Cuts_Covers=-1;CPXPARAM_MIP_Cuts_Disjunctive=-1;CPXPARAM_MIP_Cuts_FlowCovers=-1;CPXPARAM_MIP_Cuts_GUBCovers=1;CPXPARAM_MIP_Cuts_Gomory=-1;CPXPARAM_MIP_Cuts_Implied=2;CPXPARAM_MIP_Cuts_MIRCut=-1;CPXPARAM_MIP_Cuts_PathCut=2;CPXPARAM_MIP_Limits_AggForCut=3;CPXPARAM_MIP_Limits_CutPasses=0;CPXPARAM_MIP_Limits_CutsFactor=-1;CPXPARAM_MIP_Limits_GomoryCand=400;CPXPARAM_MIP_Limits_GomoryPass=0;CPXPARAM_MIP_Limits_Nodes=9223372036800000000;CPXPARAM_MIP_Limits_ProbeTime=1e+75;CPXPARAM_MIP_Limits_RepairTries=0;CPXPARAM_MIP_Limits_StrongCand=10;CPXPARAM_MIP_Limits_StrongIt=0;CPXPARAM_MIP_OrderType=0;CPXPARAM_MIP_Strategy_BBInterval=7;CPXPARAM_MIP_Strategy_Branch=-1;CPXPARAM_MIP_Strategy_Dive=0;CPXPARAM_MIP_Strategy_File=1;CPXPARAM_MIP_Strategy_HeuristicFreq=0;CPXPARAM_MIP_Strategy_LBHeur=0;CPXPARAM_MIP_Strategy_NodeSelect=3;CPXPARAM_MIP_Strategy_Order=1;CPXPARAM_MIP_Strategy_PresolveNode=1;CPXPARAM_MIP_Strategy_Probe=2;CPXPARAM_MIP_Strategy_RINSHeur=0;CPXPARAM_MIP_Strategy_StartAlgorithm=0;CPXPARAM_MIP_Strategy_SubAlgorithm=0;CPXPARAM_MIP_Strategy_VariableSelect=2;CPXPARAM_Network_NetFind=2;CPXPARAM_Network_Pricing=0;CPXPARAM_Parallel=1;CPXPARAM_Preprocessing_Aggregator=-1;CPXPARAM_Preprocessing_BoundStrength=-1;CPXPARAM_Preprocessing_CoeffReduce=-1;CPXPARAM_Preprocessing_Dependency=-1;CPXPARAM_Preprocessing_Dual=0;CPXPARAM_Preprocessing_Fill=10;CPXPARAM_Preprocessing_NumPass=-1;CPXPARAM_Preprocessing_Presolve=1;CPXPARAM_Preprocessing_QPMakePSD=1;CPXPARAM_Preprocessing_Reduce=3;CPXPARAM_Preprocessing_Relax=-1;CPXPARAM_Preprocessing_RepeatPresolve=-1;CPXPARAM_Preprocessing_Symmetry=-1;CPXPARAM_Read_Scale=0;CPXPARAM_Sifting_Algorithm=0;CPXPARAM_Simplex_Crash=1;CPXPARAM_Simplex_DGradient=0;CPXPARAM_Simplex_Limits_Perturbation=0;CPXPARAM_Simplex_Limits_Singularity=10;CPXPARAM_Simplex_PGradient=0;CPXPARAM_Simplex_Pricing=0;CPXPARAM_Simplex_Refactor=0
212248729895382553,0,CPXPARAM_Advance=1;CPXPARAM_Barrier_Algorithm=0;CPXPARAM_Barrier_ColNonzeros=0;CPXPARAM_Barrier_Crossover=0;CPXPARAM_Barrier_Limits_Corrections=-1;CPXPARAM_Barrier_Ordering=0;CPXPARAM_Barrier_StartAlg=1;CPXPARAM_Emphasis_MIP=5;CPXPARAM_Emphasis_Memory=0;CPXPARAM_Emphasis_Numerical=0;CPXPARAM_Feasopt_Mode=0;CPXPARAM_LPMethod=0;CPXPARAM_MIP_Cuts_Cliques=0;CPXPARAM_MIP_Cuts_Covers=0;CPXPARAM_MIP_Cuts_Disjunctive=0;CPXPARAM_MIP_Cuts_FlowCovers=1;CPXPARAM_MIP_Cuts_GUBCovers=1;CPXPARAM_MIP_Cuts_Gomory=-1;CPXPARAM_MIP_Cuts_Implied=2;CPXPARAM_MIP_Cuts_MIRCut=1;CPXPARAM_MIP_Cuts_PathCut=0;CPXPARAM_MIP_Limits_AggForCut=3;CPXPARAM_MIP_Limits_CutPasses=0;CPXPARAM_MIP_Limits_CutsFactor=-1;CPXPARAM_MIP_Limits_GomoryCand=800;CPXPARAM_MIP_Limits_GomoryPass=0;CPXPARAM_MIP_Limits_Nodes=9223372036800000000;CPXPARAM_MIP_Limits_ProbeTime=1e+75;CPXPARAM_MIP_Limits_RepairTries=0;CPXPARAM_MIP_Limits_StrongCand=10;CPXPARAM_MIP_Limits_StrongIt=0;CPXPARAM_MIP_OrderType=0;CPXPARAM_MIP_Strategy_BBInterval=7;CPXPARAM_MIP_Strategy_Branch=-1;CPXPARAM_MIP_Strategy_Dive=0;CPXPARAM_MIP_Strategy_File=1;CPXPARAM_MIP_Strategy_HeuristicFreq=0;CPXPARAM_MIP_Strategy_LBHeur=0;CPXPARAM_MIP_Strategy_NodeSelect=2;CPXPARAM_MIP_Strategy_Order=1;CPXPARAM_MIP_Strategy_PresolveNode=-1;CPXPARAM_MIP_Strategy_Probe=3;CPXPARAM_MIP_Strategy_RINSHeur=0;CPXPARAM_MIP_Strategy_StartAlgorithm=0;CPXPARAM_MIP_Strategy_SubAlgorithm=0;CPXPARAM_MIP_Strategy_VariableSelect=-1;CPXPARAM_Network_NetFind=2;CPXPARAM_Network_Pricing=0;CPXPARAM_Parallel=1;CPXPARAM_Preprocessing_Aggregator=-1;CPXPARAM_Preprocessing_BoundStrength=-1;CPXPARAM_Preprocessing_CoeffReduce=-1;CPXPARAM_Preprocessing_Dependency=-1;CPXPARAM_Preprocessing_Dual=0;CPXPARAM_Preprocessing_Fill=40;CPXPARAM_Preprocessing_NumPass=-1;CPXPARAM_Preprocessing_Presolve=1;CPXPARAM_Preprocessing_QPMakePSD=1;CPXPARAM_Preprocessing_Reduce=3;CPXPARAM_Preprocessing_Relax=-1;CPXPARAM_Preprocessing_RepeatPresolve=-1;CPXPARAM_Preprocessing_Symmetry=-1;CPXPARAM_Read_Scale=0;CPXPARAM_Sifting_Algorithm=0;CPXPARAM_Simplex_Crash=1;CPXPARAM_Simplex_DGradient=0;CPXPARAM_Simplex_Limits_Perturbation=0;CPXPARAM_Simplex_Limits_Singularity=10;CPXPARAM_Simplex_PGradient=0;CPXPARAM_Simplex_Pricing=0;CPXPARAM_Simplex_Refactor=0
17383462351496801179,0,CPXPARAM_Advance=1;CPXPARAM_Barrier_Algorithm=0;CPXPARAM_Barrier_ColNonzeros=0;CPXPARAM_Barrier_Crossover=0;CPXPARAM_Barrier_Limits_Corrections=-1;CPXPARAM_Barrier_Ordering=0;CPXPARAM_Barrier_StartAlg=1;CPXPARAM_Emphasis_MIP=5;CPXPARAM_Emphasis_Memory=0;CPXPARAM_Emphasis_Numerical=0;CPXPARAM_Feasopt_Mode=0;CPXPARAM_LPMethod=0;CPXPARAM_MIP_Cuts_Cliques=0;CPXPARAM_MIP_Cuts_Covers=0;CPXPARAM_MIP_Cuts_Disjunctive=0;CPXPARAM_MIP_Cuts_FlowCovers=1;CPXPARAM_MIP_Cuts_GUBCovers=1;CPXPARAM_MIP_Cuts_Gomory=-1;CPXPARAM_MIP_Cuts_Implied=1;CPXPARAM_MIP_Cuts_MIRCut=1;CPXPARAM_MIP_Cuts_PathCut=0;CPXPARAM_MIP_Limits_AggForCut=3;CPXPARAM_MIP_Limits_CutPasses=0;CPXPARAM_MIP_Limits_CutsFactor=-1;CPXPARAM_MIP_Limits_GomoryCand=800;CPXPARAM_MIP_Limits_GomoryPass=0;CPXPARAM_MIP_Limits_Nodes=9223372036800000000;CPXPARAM_MIP_Limits_ProbeTime=1e+75;CPXPARAM_MIP_Limits_RepairTries=0;CPXPARAM_MIP_Limits_StrongCand=10;CPXPARAM_MIP_Limits_StrongIt=0;CPXPARAM_MIP_OrderType=0;CPXPARAM_MIP_Strategy_BBInterval=7;CPXPARAM_MIP_Strategy_Branch=-1;CPXPARAM_MIP_Strategy_Dive=0;CPXPARAM_MIP_Strategy_File=1;CPXPARAM_MIP_Strategy_HeuristicFreq=0;CPXPARAM_MIP_Strategy_LBHeur=0;CPXPARAM_MIP_Strategy_NodeSelect=2;CPXPARAM_MIP_Strategy_Order=1;CPXPARAM_MIP_Strategy_PresolveNode=-1;CPXPARAM_MIP_Strategy_Probe=3;CPXPARAM_MIP_Strategy_RINSHeur=0;CPXPARAM_MIP_Strategy_StartAlgorithm=0;CPXPARAM_MIP_Strategy_SubAlgorithm=0;CPXPARAM_MIP_Strategy_VariableSelect=-1;CPXPARAM_Network_NetFind=2;CPXPARAM_Network_Pricing=0;CPXPARAM_Parallel=1;CPXPARAM_Preprocessing_Aggregator=-1;CPXPARAM_Preprocessing_BoundStrength=-1;CPXPARAM_Preprocessing_CoeffReduce=-1;CPXPARAM_Preprocessing_Dependency=-1;CPXPARAM_Preprocessing_Dual=0;CPXPARAM_Preprocessing_Fill=40;CPXPARAM_Preprocessing_NumPass=-1;CPXPARAM_Preprocessing_Presolve=1;CPXPARAM_Preprocessing_QPMakePSD=1;CPXPARAM_Preprocessing_Reduce=3;CPXPARAM_Preprocessing_Relax=-1;CPXPARAM_Preprocessing_RepeatPresolve=-1;CPXPARAM_Preprocessing_Symmetry=-1;CPXPARAM_Read_Scale=0;CPXPARAM_Sifting_Algorithm=0;CPXPARAM_Simplex_Crash=1;CPXPARAM_Simplex_DGradient=0;CPXPARAM_Simplex_Limits_Perturbation=0;CPXPARAM_Simplex_Limits_Singularity=10;CPXPARAM_Simplex_PGradient=0;CPXPARAM_Simplex_Pricing=0;CPXPARAM_Simplex_Refactor=0
6977891278743039208,0,CPXPARAM_Advance=1;CPXPARAM_Barrier_Algorithm=0;CPXPARAM_Barrier_ColNonzeros=0;CPXPARAM_Barrier_Crossover=0;CPXPARAM_Barrier_Limits_Corrections=-1;CPXPARAM_Barrier_Ordering=0;CPXPARAM_Barrier_StartAlg=1;CPXPARAM_Emphasis_MIP=5;CPXPARAM_Emphasis_Memory=0;CPXPARAM_Emphasis_Numerical=0;CPXPARAM_Feasopt_Mode=0;CPXPARAM_LPMethod=0;CPXPARAM_MIP_Cuts_Cliques=3;CPXPARAM_MIP_Cuts_Covers=0;CPXPARAM_MIP_Cuts_Disjunctive=-1;CPXPARAM_MIP_Cuts_FlowCovers=0;CPXPARAM_MIP_Cuts_GUBCovers=1;CPXPARAM_MIP_Cuts_Gomory=-1;CPXPARAM_MIP_Cuts_Implied=2;CPXPARAM_MIP_Cuts_MIRCut=-1;CPXPARAM_MIP_Cuts_PathCut=-1;CPXPARAM_MIP_Limits_AggForCut=0;CPXPARAM_MIP_Limits_CutPasses=0;CPXPARAM_MIP_Limits_CutsFactor=-1;CPXPARAM_MIP_Limits_GomoryCand=200;CPXPARAM_MIP_Limits_GomoryPass=0;CPXPARAM_MIP_Limits_Nodes=9223372036800000000;CPXPARAM_MIP_Limits_ProbeTime=1e+75;CPXPARAM_MIP_Limits_RepairTries=0;CPXPARAM_MIP_Limits_StrongCand=10;CPXPARAM_MIP_Limits_StrongIt=0;CPXPARAM_MIP_OrderType=0;CPXPARAM_MIP_Strategy_BBInterval=7;CPXPARAM_MIP_Strategy_Branch=-1;CPXPARAM_MIP_Strategy_Dive=0;CPXPARAM_MIP_Strategy_File=1;CPXPARAM_MIP_Strategy_HeuristicFreq=0;CPXPARAM_MIP_Strategy_LBHeur=0;CPXPARAM_MIP_Strategy_NodeSelect=0;CPXPARAM_MIP_Strategy_Order=1;CPXPARAM_MIP_Strategy_PresolveNode=-1;CPXPARAM_MIP_Strategy_Probe=2;CPXPARAM_MIP_Strategy_RINSHeur=0;CPXPARAM_MIP_Strategy_StartAlgorithm=0;CPXPARAM_MIP_Strategy_SubAlgorithm=3;CPXPARAM_MIP_Strategy_VariableSelect=4;CPXPARAM_Network_NetFind=2;CPXPARAM_Network_Pricing=0;CPXPARAM_Parallel=1;CPXPARAM_Preprocessing_Aggregator=-1;CPXPARAM_Preprocessing_BoundStrength=-1;CPXPARAM_Preprocessing_CoeffReduce=-1;CPXPARAM_Preprocessing_Dependency=-1;CPXPARAM_Preprocessing_Dual=0;CPXPARAM_Preprocessing_Fill=20;CPXPARAM_Preprocessing_NumPass=-1;CPXPARAM_Preprocessing_Presolve=1;CPXPARAM_Preprocessing_QPMakePSD=1;CPXPARAM_Preprocessing_Reduce=3;CPXPARAM_Preprocessing_Relax=-1;CPXPARAM_Preprocessing_RepeatPresolve=-1;CPXPARAM_Preprocessing_Symmetry=-1;CPXPARAM_Read_Scale=0;CPXPARAM_Sifting_Algorithm=0;CPXPARAM_Simplex_Crash=1;CPXPARAM_Simplex_DGradient=0;CPXPARAM_Simplex_Limits_Perturbation=0;CPXPARAM_Simplex_Limits_Singularity=10;CPXPARAM_Simplex_PGradient=0;CPXPARAM_Simplex_Pricing=0;CPXPARAM_Simplex_Refactor=0
109689376606026385,0,CPXPARAM_Advance=1;CPXPARAM_Barrier_Algorithm=0;CPXPARAM_Barrier_ColNonzeros=0;CPXPARAM_Barrier_Crossover=0;CPXPARAM_Barrier_Limits_Corrections=-1;CPXPARAM_Barrier_Ordering=0;CPXPARAM_Barrier_StartAlg=1;CPXPARAM_Emphasis_MIP=5;CPXPARAM_Emphasis_Memory=0;CPXPARAM_Emphasis_Numerical=0;CPXPARAM_Feasopt_Mode=0;CPXPARAM_LPMethod=0;CPXPARAM_MIP_Cuts_Cliques=-1;CPXPARAM_MIP_Cuts_Covers=0;CPXPARAM_MIP_Cuts_Disjunctive=0;CPXPARAM_MIP_Cuts_FlowCovers=1;CPXPARAM_MIP_Cuts_GUBCovers=1;CPXPARAM_MIP_Cuts_Gomory=-1;CPXPARAM_MIP_Cuts_Implied=2;CPXPARAM_MIP_Cuts_MIRCut=1;CPXPARAM_MIP_Cuts_PathCut=0;CPXPARAM_MIP_Limits_AggForCut=3;CPXPARAM_MIP_Limits_CutPasses=0;CPXPARAM_MIP_Limits_CutsFactor=-1;CPXPARAM_MIP_Limits_GomoryCand=800;CPXPARAM_MIP_Limits_GomoryPass=0;CPXPARAM_MIP_Limits_Nodes=9223372036800000000;CPXPARAM_MIP_Limits_ProbeTime=1e+75;CPXPARAM_MIP_Limits_RepairTries=0;CPXPARAM_MIP_Limits_StrongCand=10;CPXPARAM_MIP_Limits_StrongIt=0;CPXPARAM_MIP_OrderType=0;CPXPARAM_MIP_Strategy_BBInterval=7;CPXPARAM_MIP_Strategy_Branch=-1;CPXPARAM_MIP_Strategy_Dive=0;CPXPARAM_MIP_Strategy_File=1;CPXPARAM_MIP_Strategy_HeuristicFreq=0;CPXPARAM_MIP_Strategy_LBHeur=0;CPXPARAM_MIP_Strategy_NodeSelect=2;CPXPARAM_MIP_Strategy_Order=1;CPXPARAM_MIP_Strategy_PresolveNode=-1;CPXPARAM_MIP_Strategy_Probe=3;CPXPARAM_MIP_Strategy_RINSHeur=0;CPXPARAM_MIP_Strategy_StartAlgorithm=0;CPXPARAM_MIP_Strategy_SubAlgorithm=0;CPXPARAM_MIP_Strategy_VariableSelect=-1;CPXPARAM_Network_NetFind=2;CPXPARAM_Network_Pricing=0;CPXPARAM_Parallel=1;CPXPARAM_Preprocessing_Aggregator=-1;CPXPARAM_Preprocessing_BoundStrength=-1;CPXPARAM_Preprocessing_CoeffReduce=-1;CPXPARAM_Preprocessing_Dependency=-1;CPXPARAM_Preprocessing_Dual=0;CPXPARAM_Preprocessing_Fill=40;CPXPARAM_Preprocessing_NumPass=-1;CPXPARAM_Preprocessing_Presolve=1;CPXPARAM_Preprocessing_QPMakePSD=1;CPXPARAM_Preprocessing_Reduce=3;CPXPARAM_Preprocessing_Relax=-1;CPXPARAM_Preprocessing_RepeatPresolve=-1;CPXPARAM_Preprocessing_Symmetry=-1;CPXPARAM_Read_Scale=0;CPXPARAM_Sifting_Algorithm=0;CPXPARAM_Simplex_Crash=1;CPXPARAM_Simplex_DGradient=0;CPXPARAM_Simplex_Limits_Perturbation=0;CPXPARAM_Simplex_Limits_Singularity=10;CPXPARAM_Simplex_PGradient=0;CPXPARAM_Simplex_Pricing=0;CPXPARAM_Simplex_Refactor=0
8083796328193429802,0,CPXPARAM_Advance=1;CPXPARAM_Barrier_Algorithm=0;CPXPARAM_Barrier_ColNonzeros=0;CPXPARAM_Barrier_Crossover=0;CPXPARAM_Barrier_Limits_Corrections=-1;CPXPARAM_Barrier_Ordering=0;CPXPARAM_Barrier_StartAlg=1;CPXPARAM_Emphasis_MIP=4;CPXPARAM_Emphasis_Memory=0;CPXPARAM_Emphasis_Numerical=0;CPXPARAM_Feasopt_Mode=0;CPXPARAM_LPMethod=0;CPXPARAM_MIP_Cuts_Cliques=0;CPXPARAM_MIP_Cuts_Covers=1;CPXPARAM_MIP_Cuts_Disjunctive=0;CPXPARAM_MIP_Cuts_FlowCovers=2;CPXPARAM_MIP_Cuts_GUBCovers=2;CPXPARAM_MIP_Cuts_Gomory=0;CPXPARAM_MIP_Cuts_Implied=0;CPXPARAM_MIP_Cuts_MIRCut=-1;CPXPARAM_MIP_Cuts_PathCut=1;CPXPARAM_MIP_Limits_AggForCut=3;CPXPARAM_MIP_Limits_CutPasses=0;CPXPARAM_MIP_Limits_CutsFactor=-1;CPXPARAM_MIP_Limits_GomoryCand=400;CPXPARAM_MIP_Limits_GomoryPass=0;CPXPARAM_MIP_Limits_Nodes=9223372036800000000;CPXPARAM_MIP_Limits_ProbeTime=1e+75;CPXPARAM_MIP_Limits_RepairTries=0;CPXPARAM_MIP_Limits_StrongCand=10;CPXPARAM_MIP_Limits_StrongIt=0;CPXPARAM_MIP_OrderType=0;CPXPARAM_MIP_Strategy_BBInterval=7;CPXPARAM_MIP_Strategy_Branch=0;CPXPARAM_MIP_Strategy_Dive=0;CPXPARAM_MIP_Strategy_File=1;CPXPARAM_MIP_Strategy_HeuristicFreq=0;CPXPARAM_MIP_Strategy_LBHeur=0;CPXPARAM_MIP_Strategy_NodeSelect=1;CPXPARAM_MIP_Strategy_Order=1;CPXPARAM_MIP_Strategy_PresolveNode=0;CPXPARAM_MIP_Strategy_Probe=0;CPXPARAM_MIP_Strategy_RINSHeur=0;CPXPARAM_MIP_Strategy_StartAlgorithm=0;CPXPARAM_MIP_Strategy_SubAlgorithm=0;CPXPARAM_MIP_Strategy_VariableSelect=0;CPXPARAM_Network_NetFind=2;CPXPARAM_Network_Pricing=0;CPXPARAM_Parallel=1;CPXPARAM_Preprocessing_Aggregator=-1;CPXPARAM_Preprocessing_BoundStrength=-1;CPXPARAM_Preprocessing_CoeffReduce=-1;CPXPARAM_Preprocessing_Dependency=-1;CPXPARAM_Preprocessing_Dual=0;CPXPARAM_Preprocessing_Fill=10;CPXPARAM_Preprocessing_NumPass=-1;CPXPARAM_Preprocessing_Presolve=1;CPXPARAM_Preprocessing_QPMakePSD=1;CPXPARAM_Preprocessing_Reduce=3;CPXPARAM_Preprocessing_Relax=-1;CPXPARAM_Preprocessing_RepeatPresolve=-1;CPXPARAM_Preprocessing_Symmetry=-1;CPXPARAM_Read_Scale=0;CPXPARAM_Sifting_Algorithm=0;CPXPARAM_Simplex_Crash=1;CPXPARAM_Simplex_DGradient=0;CPXPARAM_Simplex_Limits_Perturbation=0;CPXPARAM_Simplex_Limits_Singularity=10;CPXPARAM_Simplex_PGradient=0;CPXPARAM_Simplex_Pricing=0;CPXPARAM_Simplex_Refactor=0
5007453935098634933,0,CPXPARAM_Advance=1;CPXPARAM_Barrier_Algorithm=0;CPXPARAM_Barrier_ColNonzeros=0;CPXPARAM_Barrier_Crossover=0;CPXPARAM_Barrier_Limits_Corrections=-1;CPXPARAM_Barrier_Ordering=0;CPXPARAM_Barrier_StartAlg=1;CPXPARAM_Emphasis_MIP=0;CPXPARAM_Emphasis_Memory=0;CPXPARAM_Emphasis_Numerical=0;CPXPARAM_Feasopt_Mode=0;CPXPARAM_LPMethod=0;CPXPARAM_MIP_Cuts_Cliques=-1;CPXPARAM_MIP_Cuts_Covers=-1;CPXPARAM_MIP_Cuts_Disjunctive=0;CPXPARAM_MIP_Cuts_FlowCovers=2;CPXPARAM_MIP_Cuts_GUBCovers=1;CPXPARAM_MIP_Cuts_Gomory=1;CPXPARAM_MIP_Cuts_Implied=1;CPXPARAM_MIP_Cuts_MIRCut=1;CPXPARAM_MIP_Cuts_PathCut=0;CPXPARAM_MIP_Limits_AggForCut=3;CPXPARAM_MIP_Limits_CutPasses=0;CPXPARAM_MIP_Limits_CutsFactor=-1;CPXPARAM_MIP_Limits_GomoryCand=50;CPXPARAM_MIP_Limits_GomoryPass=0;CPXPARAM_MIP_Limits_Nodes=9223372036800000000;CPXPARAM_MIP_Limits_ProbeTime=1e+75;CPXPARAM_MIP_Limits_RepairTries=0;CPXPARAM_MIP_Limits_StrongCand=10;CPXPARAM_MIP_Limits_StrongIt=0;CPXPARAM_MIP_OrderType=0;CPXPARAM_MIP_Strategy_BBInterval=7;CPXPARAM_MIP_Strategy_Branch=0;CPXPARAM_MIP_Strategy_Dive=0;CPXPARAM_MIP_Strategy_File=1;CPXPARAM_MIP_Strategy_HeuristicFreq=0;CPXPARAM_MIP_Strategy_LBHeur=0;CPXPARAM_MIP_Strategy_NodeSelect=3;CPXPARAM_MIP_Strategy_Order=1;CPXPARAM_MIP_Strategy_PresolveNode=3;CPXPARAM_MIP_Strategy_Probe=1;CPXPARAM_MIP_Strategy_RINSHeur=0;CPXPARAM_MIP_Strategy_StartAlgorithm=0;CPXPARAM_MIP_Strategy_SubAlgorithm=2;CPXPARAM_MIP_Strategy_VariableSelect=2;CPXPARAM_Network_NetFind=2;CPXPARAM_Network_Pricing=0;CPXPARAM_Parallel=1;CPXPARAM_Preprocessing_Aggregator=-1;CPXPARAM_Preprocessing_BoundStrength=-1;CPXPARAM_Preprocessing_CoeffReduce=-1;CPXPARAM_Preprocessing_Dependency=-1;CPXPARAM_Preprocessing_Dual=0;CPXPARAM_Preprocessing_Fill=20;CPXPARAM_Preprocessing_NumPass=-1;CPXPARAM_Preprocessing_Presolve=1;CPXPARAM_Preprocessing_QPMakePSD=1;CPXPARAM_Preprocessing_Reduce=3;CPXPARAM_Preprocessing_Relax=-1;CPXPARAM_Preprocessing_RepeatPresolve=-1;CPXPARAM_Preprocessing_Symmetry=-1;CPXPARAM_Read_Scale=0;CPXPARAM_Sifting_Algorithm=0;CPXPARAM_Simplex_Crash=1;CPXPARAM_Simplex_DGradient=0;CPXPARAM_Simplex_Limits_Perturbation=0;CPXPARAM_Simplex_Limits_Singularity=10;CPXPARAM_Simplex_PGradient=0;CPXPARAM_Simplex_Pricing=0;CPXPARAM_Simplex_Refactor=0
13557595439230653653,0,CPXPARAM_Advance=1;CPXPARAM_Barrier_Algorithm=0;CPXPARAM_Barrier_ColNonzeros=0;CPXPARAM_Barrier_Crossover=0;CPXPARAM_Barrier_Limits_Corrections=-1;CPXPARAM_Barrier_Ordering=0;CPXPARAM_Barrier_StartAlg=1;CPXPARAM_Emphasis_MIP=0;CPXPARAM_Emphasis_Memory=0;CPXPARAM_Emphasis_Numerical=0;CPXPARAM_Feasopt_Mode=0;CPXPARAM_LPMethod=0;CPXPARAM_MIP_Cuts_Cliques=-1;CPXPARAM_MIP_Cuts_Covers=-1;CPXPARAM_MIP_Cuts_Disjunctive=0;CPXPARAM_MIP_Cuts_FlowCovers=2;CPXPARAM_MIP_Cuts_GUBCovers=1;CPXPARAM_MIP_Cuts_Gomory=1;CPXPARAM_MIP_Cuts_Implied=1;CPXPARAM_MIP_Cuts_MIRCut=1;CPXPARAM_MIP_Cuts_PathCut=0;CPXPARAM_MIP_Limits_AggForCut=3;CPXPARAM_MIP_Limits_CutPasses=0;CPXPARAM_MIP_Limits_CutsFactor=-1;CPXPARAM_MIP_Limits_GomoryCand=400;CPXPARAM_MIP_Limits_GomoryPass=0;CPXPARAM_MIP_Limits_Nodes=9223372036800000000;CPXPARAM_MIP_Limits_ProbeTime=1e+75;CPXPARAM_MIP_Limits_RepairTries=0;CPXPARAM_MIP_Limits_StrongCand=10;CPXPARAM_MIP_Limits_StrongIt=0;CPXPARAM_MIP_OrderType=0;CPXPARAM_MIP_Strategy_BBInterval=7;CPXPARAM_MIP_Strategy_Branch=0;CPXPARAM_MIP_Strategy_Dive=0;CPXPARAM_MIP_Strategy_File=1;CPXPARAM_MIP_Strategy_HeuristicFreq=0;CPXPARAM_MIP_Strategy_LBHeur=0;CPXPARAM_MIP_Strategy_NodeSelect=3;CPXPARAM_MIP_Strategy_Order=1;CPXPARAM_MIP_Strategy_PresolveNode=3;CPXPARAM_MIP_Strategy_Probe=1;CPXPARAM_MIP_Strategy_RINSHeur=0;CPXPARAM_MIP_Strategy_StartAlgorithm=0;CPXPARAM_MIP_Strategy_SubAlgorithm=2;CPXPARAM_MIP_Strategy_VariableSelect=2;CPXPARAM_Network_NetFind=2;CPXPARAM_Network_Pricing=0;CPXPARAM_Parallel=1;CPXPARAM_Preprocessing_Aggregator=-1;CPXPARAM_Preprocessing_BoundStrength=-1;CPXPARAM_Preprocessing_CoeffReduce=-1;CPXPARAM_Preprocessing_Dependency=-1;CPXPARAM_Preprocessing_Dual=0;CPXPARAM_Preprocessing_Fill=5;CPXPARAM_Preprocessing_NumPass=-1;CPXPARAM_Preprocessing_Presolve=1;CPXPARAM_Preprocessing_QPMakePSD=1;CPXPARAM_Preprocessing_Reduce=3;CPXPARAM_Preprocessing_Relax=-1;CPXPARAM_Preprocessing_RepeatPresolve=-1;CPXPARAM_Preprocessing_Symmetry=-1;CPXPARAM_Read_Scale=0;CPXPARAM_Sifting_Algorithm=0;CPXPARAM_Simplex_Crash=1;CPXPARAM_Simplex_DGradient=0;CPXPARAM_Simplex_Limits_Perturbation=0;CPXPARAM_Simplex_Limits_Singularity=10;CPXPARAM_Simplex_PGradient=0;CPXPARAM_Simplex_Pricing=0;CPXPARAM_Simplex_Refactor=0
2214428440927383763,0,CPXPARAM_Advance=1;CPXPARAM_Barrier_Algorithm=0;CPXPARAM_Barrier_ColNonzeros=0;CPXPARAM_Barrier_Crossover=0;CPXPARAM_Barrier_Limits_Corrections=-1;CPXPARAM_Barrier_Ordering=0;CPXPARAM_Barrier_StartAlg=1;CPXPARAM_Emphasis_MIP=0;CPXPARAM_Emphasis_Memory=0;CPXPARAM_Emphasis_Numerical=0;CPXPARAM_Feasopt_Mode=0;CPXPARAM_LPMethod=0;CPXPARAM_MIP_Cuts_Cliques=-1;CPXPARAM_MIP_Cuts_Covers=-1;CPXPARAM_MIP_Cuts_Disjunctive=0;CPXPARAM_MIP_Cuts_FlowCovers=2;CPXPARAM_MIP_Cuts_GUBCovers=1;CPXPARAM_MIP_Cuts_Gomory=1;CPXPARAM_MIP_Cuts_Implied=1;CPXPARAM_MIP_Cuts_MIRCut=1;CPXPARAM_MIP_Cuts_PathCut=0;CPXPARAM_MIP_Limits_AggForCut=5;CPXPARAM_MIP_Limits_CutPasses=0;CPXPARAM_MIP_Limits_CutsFactor=-1;CPXPARAM_MIP_Limits_GomoryCand=50;CPXPARAM_MIP_Limits_GomoryPass=0;CPXPARAM_MIP_Limits_Nodes=9223372036800000000;CPXPARAM_MIP_Limits_ProbeTime=1e+75;CPXPARAM_MIP_Limits_RepairTries=0;CPXPARAM_MIP_Limits_StrongCand=10;CPXPARAM_MIP_Limits_StrongIt=0;CPXPARAM_MIP_OrderType=0;CPXPARAM_MIP_Strategy_BBInterval=7;CPXPARAM_MIP_Strategy_Branch=0;CPXPARAM_MIP_Strategy_Dive=0;CPXPARAM_MIP_Strategy_File=1;CPXPARAM_MIP_Strategy_HeuristicFreq=0;CPXPARAM_MIP_Strategy_LBHeur=0;CPXPARAM_MIP_Strategy_NodeSelect=3;CPXPARAM_MIP_Strategy_Order=1;CPXPARAM_MIP_Strategy_PresolveNode=3;CPXPARAM_MIP_Strategy_Probe=1;CPXPARAM_MIP_Strategy_RINSHeur=0;CPXPARAM_MIP_Strategy_StartAlgorithm=0;CPXPARAM_MIP_Strategy_SubAlgorithm=2;CPXPARAM_MIP_Strategy_VariableSelect=2;CPXPARAM_Network_NetFind=2;CPXPARAM_Network_Pricing=0;CPXPARAM_Parallel=1;CPXPARAM_Preprocessing_Aggregator=-1;CPXPARAM_Preprocessing_BoundStrength=-1;CPXPARAM_Preprocessing_CoeffReduce=-1;CPXPARAM_Preprocessing_Dependency=-1;CPXPARAM_Preprocessing_Dual=0;CPXPARAM_Preprocessing_Fill=5;CPXPARAM_Preprocessing_NumPass=-1;CPXPARAM_Preprocessing_Presolve=1;CPXPARAM_Preprocessing_QPMakePSD=1;CPXPARAM_Preprocessing_Reduce=3;CPXPARAM_Preprocessing_Relax=-1;CPXPARAM_Preprocessing_RepeatPresolve=-1;CPXPARAM_Preprocessing_Symmetry=-1;CPXPARAM_Read_Scale=0;CPXPARAM_Sifting_Algorithm=0;CPXPARAM_Simplex_Crash=1;CPXPARAM_Simplex_DGradient=0;CPXPARAM_Simplex_Limits_Perturbation=0;CPXPARAM_Simplex_Limits_Singularity=10;CPXPARAM_Simplex_PGradient=0;CPXPARAM_Simplex_Pricing=0;CPXPARAM_Simplex_Refactor=0
10965187850291184528,0,CPXPARAM_Advance=1;CPXPARAM_Barrier_Algorithm=0;CPXPARAM_Barrier_ColNonzeros=0;CPXPARAM_Barrier_Crossover=0;CPXPARAM_Barrier_Limits_Corrections=-1;CPXPARAM_Barrier_Ordering=0;CPXPARAM_Barrier_StartAlg=1;CPXPARAM_Emphasis_MIP=3;CPXPARAM_Emphasis_Memory=0;CPXPARAM_Emphasis_Numerical=0;CPXPARAM_Feasopt_Mode=0;CPXPARAM_LPMethod=0;CPXPARAM_MIP_Cuts_Cliques=3;CPXPARAM_MIP_Cuts_Covers=0;CPXPARAM_MIP_Cuts_Disjunctive=0;CPXPARAM_MIP_Cuts_FlowCovers=0;CPXPARAM_MIP_Cuts_GUBCovers=0;CPXPARAM_MIP_Cuts_Gomory=2;CPXPARAM_MIP_Cuts_Implied=-1;CPXPARAM_MIP_Cuts_MIRCut=0;CPXPARAM_MIP_Cuts_PathCut=-1;CPXPARAM_MIP_Limits_AggForCut=3;CPXPARAM_MIP_Limits_CutPasses=0;CPXPARAM_MIP_Limits_CutsFactor=-1;CPXPARAM_MIP_Limits_GomoryCand=200;CPXPARAM_MIP_Limits_GomoryPass=0;CPXPARAM_MIP_Limits_Nodes=9223372036800000000;CPXPARAM_MIP_Limits_ProbeTime=1e+75;CPXPARAM_MIP_Limits_RepairTries=0;CPXPARAM_MIP_Limits_StrongCand=10;CPXPARAM_MIP_Limits_StrongIt=0;CPXPARAM_MIP_OrderType=0;CPXPARAM_MIP_Strategy_BBInterval=7;CPXPARAM_MIP_Strategy_Branch=0;CPXPARAM_MIP_Strategy_Dive=0;CPXPARAM_MIP_Strategy_File=1;CPXPARAM_MIP_Strategy_HeuristicFreq=0;CPXPARAM_MIP_Strategy_LBHeur=0;CPXPARAM_MIP_Strategy_NodeSelect=1;CPXPARAM_MIP_Strategy_Order=1;CPXPARAM_MIP_Strategy_PresolveNode=0;CPXPARAM_MIP_Strategy_Probe=0;CPXPARAM_MIP_Strategy_RINSHeur=0;CPXPARAM_MIP_Strategy_StartAlgorithm=0;CPXPARAM_MIP_Strategy_SubAlgorithm=0;CPXPARAM_MIP_Strategy_VariableSelect=0;CPXPARAM_Network_NetFind=2;CPXPARAM_Network_Pricing=0;CPXPARAM_Parallel=1;CPXPARAM_Preprocessing_Aggregator=-1;CPXPARAM_Preprocessing_BoundStrength=-1;CPXPARAM_Preprocessing_CoeffReduce=-1;CPXPARAM_Preprocessing_Dependency=-1;CPXPARAM_Preprocessing_Dual=0;CPXPARAM_Preprocessing_Fill=10;CPXPARAM_Preprocessing_NumPass=-1;CPXPARAM_Preprocessing_Presolve=1;CPXPARAM_Preprocessing_QPMakePSD=1;CPXPARAM_Preprocessing_Reduce=3;CPXPARAM_Preprocessing_Relax=-1;CPXPARAM_Preprocessing_RepeatPresolve=-1;CPXPARAM_Preprocessing_Symmetry=-1;CPXPARAM_Read_Scale=0;CPXPARAM_Sifting_Algorithm=0;CPXPARAM_Simplex_Crash=1;CPXPARAM_Simplex_DGradient=0;CPXPARAM_Simplex_Limits_Perturbation=0;CPXPARAM_Simplex_Limits_Singularity=10;CPXPARAM_Simplex_PGradient=0;CPXPARAM_Simplex_Pricing=0;CPXPARAM_Simplex_Refactor=0
840722007241659690,0,CPXPARAM_Advance=1;CPXPARAM_Barrier_Algorithm=0;CPXPARAM_Barrier_ColNonzeros=0;CPXPARAM_Barrier_Crossover=0;CPXPARAM_Barrier_Limits_Corrections=-1;CPXPARAM_Barrier_Ordering=0;CPXPARAM_Barrier_StartAlg=1;CPXPARAM_Emphasis_MIP=0;CPXPARAM_Emphasis_Memory=0;CPXPARAM_Emphasis_Numerical=0;CPXPARAM_Feasopt_Mode=0;CPXPARAM_LPMethod=0;CPXPARAM_MIP_Cuts_Cliques=-1;CPXPARAM_MIP_Cuts_Covers=-1;CPXPARAM_MIP_Cuts_Disjunctive=0;CPXPARAM_MIP_Cuts_FlowCovers=2;CPXPARAM_MIP_Cuts_GUBCovers=1;CPXPARAM_MIP_Cuts_Gomory=1;CPXPARAM_MIP_Cuts_Implied=1;CPXPARAM_MIP_Cuts_MIRCut=1;CPXPARAM_MIP_Cuts_PathCut=0;CPXPARAM_MIP_Limits_AggForCut=3;CPXPARAM_MIP_Limits_CutPasses=0;CPXPARAM_MIP_Limits_CutsFactor=-1;CPXPARAM_MIP_Limits_GomoryCand=25;CPXPARAM_MIP_Limits_GomoryPass=0;CPXPARAM_MIP_Limits_Nodes=9223372036800000000;CPXPARAM_MIP_Limits_ProbeTime=1e+75;CPXPARAM_MIP_Limits_RepairTries=0;CPXPARAM_MIP_Limits_StrongCand=10;CPXPARAM_MIP_Limits_StrongIt=0;CPXPARAM_MIP_OrderType=0;CPXPARAM_MIP_Strategy_BBInterval=7;CPXPARAM_MIP_Strategy_Branch=0;CPXPARAM_MIP_Strategy_Dive=0;CPXPARAM_MIP_Strategy_File=1;CPXPARAM_MIP_Strategy_HeuristicFreq=0;CPXPARAM_MIP_Strategy_LBHeur=0;CPXPARAM_MIP_Strategy_NodeSelect=3;CPXPARAM_MIP_Strategy_Order=1;CPXPARAM_MIP_Strategy_PresolveNode=3;CPXPARAM_MIP_Strategy_Probe=1;CPXPARAM_MIP_Strategy_RINSHeur=0;CPXPARAM_MIP_Strategy_StartAlgorithm=0;CPXPARAM_MIP_Strategy_SubAlgorithm=2;CPXPARAM_MIP_Strategy_VariableSelect=2;CPXPARAM_Network_NetFind=2;CPXPARAM_Network_Pricing=0;CPXPARAM_Parallel=1;CPXPARAM_Preprocessing_Aggregator=-1;CPXPARAM_Preprocessing_BoundStrength=-1;CPXPARAM_Preprocessing_CoeffReduce=-1;CPXPARAM_Preprocessing_Dependency=-1;CPXPARAM_Preprocessing_Dual=0;CPXPARAM_Preprocessing_Fill=5;CPXPARAM_Preprocessing_NumPass=-1;CPXPARAM_Preprocessing_Presolve=1;CPXPARAM_Preprocessing_QPMakePSD=1;CPXPARAM_Preprocessing_Reduce=3;CPXPARAM_Preprocessing_Relax=-1;CPXPARAM_Preprocessing_RepeatPresolve=-1;CPXPARAM_Preprocessing_Symmetry=-1;CPXPARAM_Read_Scale=0;CPXPARAM_Sifting_Algorithm=0;CPXPARAM_Simplex_Crash=1;CPXPARAM_Simplex_DGradient=0;CPXPARAM_Simplex_Limits_Perturbation=0;CPXPARAM_Simplex_Limits_Singularity=10;CPXPARAM_Simplex_PGradient=0;CPXPARAM_Simplex_Pricing=0;CPXPARAM_Simplex_Refactor=0
4168601204565607209,0,CPXPARAM_Advance=1;CPXPARAM_Barrier_Algorithm=0;CPXPARAM_Barrier_ColNonzeros=0;CPXPARAM_Barrier_Crossover=0;CPXPARAM_Barrier_Limits_Corrections=-1;CPXPARAM_Barrier_Ordering=0;CPXPARAM_Barrier_StartAlg=1;CPXPARAM_Emphasis_MIP=0;CPXPARAM_Emphasis_Memory=0;CPXPARAM_Emphasis_Numerical=0;CPXPARAM_Feasopt_Mode=0;CPXPARAM_LPMethod=0;CPXPARAM_MIP_Cuts_Cliques=-1;CPXPARAM_MIP_Cuts_Covers=-1;CPXPARAM_MIP_Cuts_Disjunctive=0;CPXPARAM_MIP_Cuts_FlowCovers=2;CPXPARAM_MIP_Cuts_GUBCovers=1;CPXPARAM_MIP_Cuts_Gomory=1;CPXPARAM_MIP_Cuts_Implied=1;CPXPARAM_MIP_Cuts_MIRCut=1;CPXPARAM_MIP_Cuts_PathCut=0;CPXPARAM_MIP_Limits_AggForCut=3;CPXPARAM_MIP_Limits_CutPasses=0;CPXPARAM_MIP_Limits_CutsFactor=-1;CPXPARAM_MIP_Limits_GomoryCand=150;CPXPARAM_MIP_Limits_GomoryPass=0;CPXPARAM_MIP_Limits_Nodes=9223372036800000000;CPXPARAM_MIP_Limits_ProbeTime=1e+75;CPXPARAM_MIP_Limits_RepairTries=0;CPXPARAM_MIP_Limits_StrongCand=10;CPXPARAM_MIP_Limits_StrongIt=0;CPXPARAM_MIP_OrderType=0;CPXPARAM_MIP_Strategy_BBInterval=7;CPXPARAM_MIP_Strategy_Branch=0;CPXPARAM_MIP_Strategy_Dive=0;CPXPARAM_MIP_Strategy_File=1;CPXPARAM_MIP_Strategy_HeuristicFreq=0;CPXPARAM_MIP_Strategy_LBHeur=0;CPXPARAM_MIP_Strategy_NodeSelect=3;CPXPARAM_MIP_Strategy_Order=1;CPXPARAM_MIP_Strategy_PresolveNode=3;CPXPARAM_MIP_Strategy_Probe=1;CPXPARAM_MIP_Strategy_RINSHeur=0;CPXPARAM_MIP_Strategy_StartAlgorithm=0;CPXPARAM_MIP_Strategy_SubAlgorithm=2;CPXPARAM_MIP_Strategy_VariableSelect=2;CPXPARAM_Network_NetFind=2;CPXPARAM_Network_Pricing=0;CPXPARAM_Parallel=1;CPXPARAM_Preprocessing_Aggregator=-1;CPXPARAM_Preprocessing_BoundStrength=-1;CPXPARAM_Preprocessing_CoeffReduce=-1;CPXPARAM_Preprocessing_Dependency=-1;CPXPARAM_Preprocessing_Dual=0;CPXPARAM_Preprocessing_Fill=5;CPXPARAM_Preprocessing_NumPass=-1;CPXPARAM_Preprocessing_Presolve=1;CPXPARAM_Preprocessing_QPMakePSD=1;CPXPARAM_Preprocessing_Reduce=3;CPXPARAM_Preprocessing_Relax=-1;CPXPARAM_Preprocessing_RepeatPresolve=-1;CPXPARAM_Preprocessing_Symmetry=-1;CPXPARAM_Read_Scale=0;CPXPARAM_Sifting_Algorithm=0;CPXPARAM_Simplex_Crash=1;CPXPARAM_Simplex_DGradient=0;CPXPARAM_Simplex_Limits_Perturbation=0;CPXPARAM_Simplex_Limits_Singularity=10;CPXPARAM_Simplex_PGradient=0;CPXPARAM_Simplex_Pricing=0;CPXPARAM_Simplex_Refactor=0
200044596277572387,0,CPXPARAM_Advance=1;CPXPARAM_Barrier_Algorithm=0;CPXPARAM_Barrier_ColNonzeros=0;CPXPARAM_Barrier_Crossover=0;CPXPARAM_Barrier_Limits_Corrections=-1;CPXPARAM_Barrier_Ordering=0;CPXPARAM_Barrier_StartAlg=1;CPXPARAM_Emphasis_MIP=3;CPXPARAM_Emphasis_Memory=0;CPXPARAM_Emphasis_Numerical=0;CPXPARAM_Feasopt_Mode=0;CPXPARAM_LPMethod=0;CPXPARAM_MIP_Cuts_Cliques=2;CPXPARAM_MIP_Cuts_Covers=0;CPXPARAM_MIP_Cuts_Disjunctive=1;CPXPARAM_MIP_Cuts_FlowCovers=0;CPXPARAM_MIP_Cuts_GUBCovers=0;CPXPARAM_MIP_Cuts_Gomory=-1;CPXPARAM_MIP_Cuts_Implied=2;CPXPARAM_MIP_Cuts_MIRCut=0;CPXPARAM_MIP_Cuts_PathCut=-1;CPXPARAM_MIP_Limits_AggForCut=10;CPXPARAM_MIP_Limits_CutPasses=0;CPXPARAM_MIP_Limits_CutsFactor=-1;CPXPARAM_MIP_Limits_GomoryCand=200;CPXPARAM_MIP_Limits_GomoryPass=0;CPXPARAM_MIP_Limits_Nodes=9223372036800000000;CPXPARAM_MIP_Limits_ProbeTime=1e+75;CPXPARAM_MIP_Limits_RepairTries=0;CPXPARAM_MIP_Limits_StrongCand=10;CPXPARAM_MIP_Limits_StrongIt=0;CPXPARAM_MIP_OrderType=0;CPXPARAM_MIP_Strategy_BBInterval=7;CPXPARAM_MIP_Strategy_Branch=0;CPXPARAM_MIP_Strategy_Dive=0;CPXPARAM_MIP_Strategy_File=1;CPXPARAM_MIP_Strategy_HeuristicFreq=0;CPXPARAM_MIP_Strategy_LBHeur=0;CPXPARAM_MIP_Strategy_NodeSelect=0;CPXPARAM_MIP_Strategy_Order=1;CPXPARAM_MIP_Strategy_PresolveNode=-1;CPXPARAM_MIP_Strategy_Probe=3;CPXPARAM_MIP_Strategy_RINSHeur=0;CPXPARAM_MIP_Strategy_StartAlgorithm=0;CPXPARAM_MIP_Strategy_SubAlgorithm=0;CPXPARAM_MIP_Strategy_VariableSelect=-1;CPXPARAM_Network_NetFind=2;CPXPARAM_Network_Pricing=0;CPXPARAM_Parallel=1;CPXPARAM_Preprocessing_Aggregator=-1;CPXPARAM_Preprocessing_BoundStrength=-1;CPXPARAM_Preprocessing_CoeffReduce=-1;CPXPARAM_Preprocessing_Dependency=-1;CPXPARAM_Preprocessing_Dual=0;CPXPARAM_Preprocessing_Fill=10;CPXPARAM_Preprocessing_NumPass=-1;CPXPARAM_Preprocessing_Presolve=1;CPXPARAM_Preprocessing_QPMakePSD=1;CPXPARAM_Preprocessing_Reduce=3;CPXPARAM_Preprocessing_Relax=-1;CPXPARAM_Preprocessing_RepeatPresolve=-1;CPXPARAM_Preprocessing_Symmetry=-1;CPXPARAM_Read_Scale=0;CPXPARAM_Sifting_Algorithm=0;CPXPARAM_Simplex_Crash=1;CPXPARAM_Simplex_DGradient=0;CPXPARAM_Simplex_Limits_Perturbation=0;CPXPARAM_Simplex_Limits_Singularity=10;CPXPARAM_Simplex_PGradient=0;CPXPARAM_Simplex_Pricing=0;CPXPARAM_Simplex_Refactor=0
14392847992500198221,0,CPXPARAM_Advance=1;CPXPARAM_Barrier_Algorithm=0;CPXPARAM_Barrier_ColNonzeros=0;CPXPARAM_Barrier_Crossover=0;CPXPARAM_Barrier_Limits_Corrections=-1;CPXPARAM_Barrier_Ordering=0;CPXPARAM_Barrier_StartAlg=1;CPXPARAM_Emphasis_MIP=0;CPXPARAM_Emphasis_Memory=0;CPXPARAM_Emphasis_Numerical=0;CPXPARAM_Feasopt_Mode=0;CPXPARAM_LPMethod=0;CPXPARAM_MIP_Cuts_Cliques=-1;CPXPARAM_MIP_Cuts_Covers=-1;CPXPARAM_MIP_Cuts_Disjunctive=0;CPXPARAM_MIP_Cuts_FlowCovers=2;CPXPARAM_MIP_Cuts_GUBCovers=1;CPXPARAM_MIP_Cuts_Gomory=1;CPXPARAM_MIP_Cuts_Implied=2;CPXPARAM_MIP_Cuts_MIRCut=1;CPXPARAM_MIP_Cuts_PathCut=0;CPXPARAM_MIP_Limits_AggForCut=3;CPXPARAM_MIP_Limits_CutPasses=0;CPXPARAM_MIP_Limits_CutsFactor=-1;CPXPARAM_MIP_Limits_GomoryCand=25;CPXPARAM_MIP_Limits_GomoryPass=0;CPXPARAM_MIP_Limits_Nodes=9223372036800000000;CPXPARAM_MIP_Limits_ProbeTime=1e+75;CPXPARAM_MIP_Limits_RepairTries=0;CPXPARAM_MIP_Limits_StrongCand=10;CPXPARAM_MIP_Limits_StrongIt=0;CPXPARAM_MIP_OrderType=0;CPXPARAM_MIP_Strategy_BBInterval=7;CPXPARAM_MIP_Strategy_Branch=0;CPXPARAM_MIP_Strategy_Dive=0;CPXPARAM_MIP_Strategy_File=1;CPXPARAM_MIP_Strategy_HeuristicFreq=0;CPXPARAM_MIP_Strategy_LBHeur=0;CPXPARAM_MIP_Strategy_NodeSelect=3;CPXPARAM_MIP_Strategy_Order=1;CPXPARAM_MIP_Strategy_PresolveNode=3;CPXPARAM_MIP_Strategy_Probe=1;CPXPARAM_MIP_Strategy_RINSHeur=0;CPXPARAM_MIP_Strategy_StartAlgorithm=0;CPXPARAM_MIP_Strategy_SubAlgorithm=2;CPXPARAM_MIP_Strategy_VariableSelect=2;CPXPARAM_Network_NetFind=2;CPXPARAM_Network_Pricing=0;CPXPARAM_Parallel=1;CPXPARAM_Preprocessing_Aggregator=-1;CPXPARAM_Preprocessing_BoundStrength=-1;CPXPARAM_Preprocessing_CoeffReduce=-1;CPXPARAM_Preprocessing_Dependency=-1;CPXPARAM_Preprocessing_Dual=0;CPXPARAM_Preprocessing_Fill=5;CPXPARAM_Preprocessing_NumPass=-1;CPXPARAM_Preprocessing_Presolve=1;CPXPARAM_Preprocessing_QPMakePSD=1;CPXPARAM_Preprocessing_Reduce=3;CPXPARAM_Preprocessing_Relax=-1;CPXPARAM_Preprocessing_RepeatPresolve=-1;CPXPARAM_Preprocessing_Symmetry=-1;CPXPARAM_Read_Scale=0;CPXPARAM_Sifting_Algorithm=0;CPXPARAM_Simplex_Crash=1;CPXPARAM_Simplex_DGradient=0;CPXPARAM_Simplex_Limits_Perturbation=0;CPXPARAM_Simplex_Limits_Singularity=10;CPXPARAM_Simplex_PGradient=0;CPXPARAM_Simplex_Pricing=0;CPXPARAM_Simplex_Refactor=0
1684793235355016245,0,CPXPARAM_Advance=1;CPXPARAM_Barrier_Algorithm=0;CPXPARAM_Barrier_ColNonzeros=0;CPXPARAM_Barrier_Crossover=0;CPXPARAM_Barrier_Limits_Corrections=-1;CPXPARAM_Barrier_Ordering=0;CPXPARAM_Barrier_StartAlg=1;CPXPARAM_Emphasis_MIP=0;CPXPARAM_Emphasis_Memory=0;CPXPARAM_Emphasis_Numerical=0;CPXPARAM_Feasopt_Mode=0;CPXPARAM_LPMethod=0;CPXPARAM_MIP_Cuts_Cliques=-1;CPXPARAM_MIP_Cuts_Covers=-1;CPXPARAM_MIP_Cuts_Disjunctive=0;CPXPARAM_MIP_Cuts_FlowCovers=2;CPXPARAM_MIP_Cuts_GUBCovers=1;CPXPARAM_MIP_Cuts_Gomory=1;CPXPARAM_MIP_Cuts_Implied=1;CPXPARAM_MIP_Cuts_MIRCut=1;CPXPARAM_MIP_Cuts_PathCut=0;CPXPARAM_MIP_Limits_AggForCut=3;CPXPARAM_MIP_Limits_CutPasses=0;CPXPARAM_MIP_Limits_CutsFactor=-1;CPXPARAM_MIP_Limits_GomoryCand=25;CPXPARAM_MIP_Limits_GomoryPass=0;CPXPARAM_MIP_Limits_Nodes=9223372036800000000;CPXPARAM_MIP_Limits_ProbeTime=1e+75;CPXPARAM_MIP_Limits_RepairTries=0;CPXPARAM_MIP_Limits_StrongCand=10;CPXPARAM_MIP_Limits_StrongIt=0;CPXPARAM_MIP_OrderType=0;CPXPARAM_MIP_Strategy_BBInterval=7;CPXPARAM_MIP_Strategy_Branch=0;CPXPARAM_MIP_Strategy_Dive=0;CPXPARAM_MIP_Strategy_File=1;CPXPARAM_MIP_Strategy_HeuristicFreq=0;CPXPARAM_MIP_Strategy_LBHeur=0;CPXPARAM_MIP_Strategy_NodeSelect=3;CPXPARAM_MIP_Strategy_Order=1;CPXPARAM_MIP_Strategy_PresolveNode=3;CPXPARAM_MIP_Strategy_Probe=1;CPXPARAM_MIP_Strategy_RINSHeur=0;CPXPARAM_MIP_Strategy_StartAlgorithm=0;CPXPARAM_MIP_Strategy_SubAlgorithm=2;CPXPARAM_MIP_Strategy_VariableSelect=2;CPXPARAM_Network_NetFind=2;CPXPARAM_Network_Pricing=0;CPXPARAM_Parallel=1;CPXPARAM_Preprocessing_Aggregator=-1;CPXPARAM_Preprocessing_BoundStrength=-1;CPXPARAM_Preprocessing_CoeffReduce=-1;CPXPARAM_Preprocessing_Dependency=-1;CPXPARAM_Preprocessing_Dual=0;CPXPARAM_Preprocessing_Fill=20;CPXPARAM_Preprocessing_NumPass=-1;CPXPARAM_Preprocessing_Presolve=1;CPXPARAM_Preprocessing_QPMakePSD=1;CPXPARAM_Preprocessing_Reduce=3;CPXPARAM_Preprocessing_Relax=-1;CPXPARAM_Preprocessing_RepeatPresolve=-1;CPXPARAM_Preprocessing_Symmetry=-1;CPXPARAM_Read_Scale=0;CPXPARAM_Sifting_Algorithm=0;CPXPARAM_Simplex_Crash=1;CPXPARAM_Simplex_DGradient=0;CPXPARAM_Simplex_Limits_Perturbation=0;CPXPARAM_Simplex_Limits_Singularity=10;CPXPARAM_Simplex_PGradient=0;CPXPARAM_Simplex_Pricing=0;CPXPARAM_Simplex_Refactor=0
417769045966366223,0,CPXPARAM_Advance=1;CPXPARAM_Barrier_Algorithm=0;CPXPARAM_Barrier_ColNonzeros=0;CPXPARAM_Barrier_Crossover=0;CPXPARAM_Barrier_Limits_Corrections=-1;CPXPARAM_Barrier_Ordering=0;CPXPARAM_Barrier_StartAlg=1;CPXPARAM_Emphasis_MIP=3;CPXPARAM_Emphasis_Memory=0;CPXPARAM_Emphasis_Numerical=0;CPXPARAM_Feasopt_Mode=0;CPXPARAM_LPMethod=0;CPXPARAM_MIP_Cuts_Cliques=2;CPXPARAM_MIP_Cuts_Covers=-1;CPXPARAM_MIP_Cuts_Disjunctive=1;CPXPARAM_MIP_Cuts_FlowCovers=-1;CPXPARAM_MIP_Cuts_GUBCovers=-1;CPXPARAM_MIP_Cuts_Gomory=-1;CPXPARAM_MIP_Cuts_Implied=-1;CPXPARAM_MIP_Cuts_MIRCut=-1;CPXPARAM_MIP_Cuts_PathCut=2;CPXPARAM_MIP_Limits_AggForCut=3;CPXPARAM_MIP_Limits_CutPasses=0;CPXPARAM_MIP_Limits_CutsFactor=-1;CPXPARAM_MIP_Limits_GomoryCand=10;CPXPARAM_MIP_Limits_GomoryPass=0;CPXPARAM_MIP_Limits_Nodes=9223372036800000000;CPXPARAM_MIP_Limits_ProbeTime=1e+75;CPXPARAM_MIP_Limits_RepairTries=0;CPXPARAM_MIP_Limits_StrongCand=10;CPXPARAM_MIP_Limits_StrongIt=0;CPXPARAM_MIP_OrderType=0;CPXPARAM_MIP_Strategy_BBInterval=7;CPXPARAM_MIP_Strategy_Branch=1;CPXPARAM_MIP_Strategy_Dive=0;CPXPARAM_MIP_Strategy_File=1;CPXPARAM_MIP_Strategy_HeuristicFreq=0;CPXPARAM_MIP_Strategy_LBHeur=0;CPXPARAM_MIP_Strategy_NodeSelect=3;CPXPARAM_MIP_Strategy_Order=1;CPXPARAM_MIP_Strategy_PresolveNode=0;CPXPARAM_MIP_Strategy_Probe=-1;CPXPARAM_MIP_Strategy_RINSHeur=0;CPXPARAM_MIP_Strategy_StartAlgorithm=0;CPXPARAM_MIP_Strategy_SubAlgorithm=0;CPXPARAM_MIP_Strategy_VariableSelect=1;CPXPARAM_Network_NetFind=2;CPXPARAM_Network_Pricing=0;CPXPARAM_Parallel=1;CPXPARAM_Preprocessing_Aggregator=-1;CPXPARAM_Preprocessing_BoundStrength=-1;CPXPARAM_Preprocessing_CoeffReduce=-1;CPXPARAM_Preprocessing_Dependency=-1;CPXPARAM_Preprocessing_Dual=0;CPXPARAM_Preprocessing_Fill=10;CPXPARAM_Preprocessing_NumPass=-1;CPXPARAM_Preprocessing_Presolve=1;CPXPARAM_Preprocessing_QPMakePSD=1;CPXPARAM_Preprocessing_Reduce=3;CPXPARAM_Preprocessing_Relax=-1;CPXPARAM_Preprocessing_RepeatPresolve=-1;CPXPARAM_Preprocessing_Symmetry=-1;CPXPARAM_Read_Scale=0;CPXPARAM_Sifting_Algorithm=0;CPXPARAM_Simplex_Crash=1;CPXPARAM_Simplex_DGradient=0;CPXPARAM_Simplex_Limits_Perturbation=0;CPXPARAM_Simplex_Limits_Singularity=10;CPXPARAM_Simplex_PGradient=0;CPXPARAM_Simplex_Pricing=0;CPXPARAM_Simplex_Refactor=0
18363959365644569055,0,CPXPARAM_Advance=1;CPXPARAM_Barrier_Algorithm=0;CPXPARAM_Barrier_ColNonzeros=0;CPXPARAM_Barrier_Crossover=0;CPXPARAM_Barrier_Limits_Corrections=-1;CPXPARAM_Barrier_Ordering=0;CPXPARAM_Barrier_StartAlg=1;CPXPARAM_Emphasis_MIP=3;CPXPARAM_Emphasis_Memory=0;CPXPARAM_Emphasis_Numerical=0;CPXPARAM_Feasopt_Mode=0;CPXPARAM_LPMethod=0;CPXPARAM_MIP_Cuts_Cliques=-1;CPXPARAM_MIP_Cuts_Covers=0;CPXPARAM_MIP_Cuts_Disjunctive=1;CPXPARAM_MIP_Cuts_FlowCovers=0;CPXPARAM_MIP_Cuts_GUBCovers=-1;CPXPARAM_MIP_Cuts_Gomory=2;CPXPARAM_MIP_Cuts_Implied=-1;CPXPARAM_MIP_Cuts_MIRCut=0;CPXPARAM_MIP_Cuts_PathCut=2;CPXPARAM_MIP_Limits_AggForCut=0;CPXPARAM_MIP_Limits_CutPasses=0;CPXPARAM_MIP_Limits_CutsFactor=-1;CPXPARAM_MIP_Limits_GomoryCand=200;CPXPARAM_MIP_Limits_GomoryPass=0;CPXPARAM_MIP_Limits_Nodes=9223372036800000000;CPXPARAM_MIP_Limits_ProbeTime=1e+75;CPXPARAM_MIP_Limits_RepairTries=0;CPXPARAM_MIP_Limits_StrongCand=10;CPXPARAM_MIP_Limits_StrongIt=0;CPXPARAM_MIP_OrderType=0;CPXPARAM_MIP_Strategy_BBInterval=7;CPXPARAM_MIP_Strategy_Branch=-1;CPXPARAM_MIP_Strategy_Dive=0;CPXPARAM_MIP_Strategy_File=1;CPXPARAM_MIP_Strategy_HeuristicFreq=0;CPXPARAM_MIP_Strategy_LBHeur=0;CPXPARAM_MIP_Strategy_NodeSelect=2;CPXPARAM_MIP_Strategy_Order=1;CPXPARAM_MIP_Strategy_PresolveNode=0;CPXPARAM_MIP_Strategy_Probe=2;CPXPARAM_MIP_Strategy_RINSHeur=0;CPXPARAM_MIP_Strategy_StartAlgorithm=0;CPXPARAM_MIP_Strategy_SubAlgorithm=0;CPXPARAM_MIP_Strategy_VariableSelect=2;CPXPARAM_Network_NetFind=2;CPXPARAM_Network_Pricing=0;CPXPARAM_Parallel=1;CPXPARAM_Preprocessing_Aggregator=-1;CPXPARAM_Preprocessing_BoundStrength=-1;CPXPARAM_Preprocessing_CoeffReduce=-1;CPXPARAM_Preprocessing_Dependency=-1;CPXPARAM_Preprocessing_Dual=0;CPXPARAM_Preprocessing_Fill=5;CPXPARAM_Preprocessing_NumPass=-1;CPXPARAM_Preprocessing_Presolve=1;CPXPARAM_Preprocessing_QPMakePSD=1;CPXPARAM_Preprocessing_Reduce=3;CPXPARAM_Preprocessing_Relax=-1;CPXPARAM_Preprocessing_RepeatPresolve=-1;CPXPARAM_Preprocessing_Symmetry=-1;CPXPARAM_Read_Scale=0;CPXPARAM_Sifting_Algorithm=0;CPXPARAM_Simplex_Crash=1;CPXPARAM_Simplex_DGradient=0;CPXPARAM_Simplex_Limits_Perturbation=0;CPXPARAM_Simplex_Limits_Singularity=10;CPXPARAM_Simplex_PGradient=0;CPXPARAM_Simplex_Pricing=0;CPXPARAM_Simplex_Refactor=0
9065299840504530855,0,CPXPARAM_Advance=1;CPXPARAM_Barrier_Algorithm=0;CPXPARAM_Barrier_ColNonzeros=0;CPXPARAM_Barrier_Crossover=0;CPXPARAM_Barrier_Limits_Corrections=-1;CPXPARAM_Barrier_Ordering=0;CPXPARAM_Barrier_StartAlg=1;CPXPARAM_Emphasis_MIP=0;CPXPARAM_Emphasis_Memory=0;CPXPARAM_Emphasis_Numerical=0;CPXPARAM_Feasopt_Mode=0;CPXPARAM_LPMethod=0;CPXPARAM_MIP_Cuts_Cliques=-1;CPXPARAM_MIP_Cuts_Covers=-1;CPXPARAM_MIP_Cuts_Disjunctive=0;CPXPARAM_MIP_Cuts_FlowCovers=2;CPXPARAM_MIP_Cuts_GUBCovers=1;CPXPARAM_MIP_Cuts_Gomory=1;CPXPARAM_MIP_Cuts_Implied=1;CPXPARAM_MIP_Cuts_MIRCut=1;CPXPARAM_MIP_Cuts_PathCut=0;CPXPARAM_MIP_Limits_AggForCut=3;CPXPARAM_MIP_Limits_CutPasses=0;CPXPARAM_MIP_Limits_CutsFactor=-1;CPXPARAM_MIP_Limits_GomoryCand=25;CPXPARAM_MIP_Limits_GomoryPass=0;CPXPARAM_MIP_Limits_Nodes=9223372036800000000;CPXPARAM_MIP_Limits_ProbeTime=1e+75;CPXPARAM_MIP_Limits_RepairTries=0;CPXPARAM_MIP_Limits_StrongCand=10;CPXPARAM_MIP_Limits_StrongIt=0;CPXPARAM_MIP_OrderType=0;CPXPARAM_MIP_Strategy_BBInterval=7;CPXPARAM_MIP_Strategy_Branch=0;CPXPARAM_MIP_Strategy_Dive=0;CPXPARAM_MIP_Strategy_File=1;CPXPARAM_MIP_Strategy_HeuristicFreq=0;CPXPARAM_MIP_Strategy_LBHeur=0;CPXPARAM_MIP_Strategy_NodeSelect=3;CPXPARAM_MIP_Strategy_Order=1;CPXPARAM_MIP_Strategy_PresolveNode=-1;CPXPARAM_MIP_Strategy_Probe=1;CPXPARAM_MIP_Strategy_RINSHeur=0;CPXPARAM_MIP_Strategy_StartAlgorithm=0;CPXPARAM_MIP_Strategy_SubAlgorithm=2;CPXPARAM_MIP_Strategy_VariableSelect=2;CPXPARAM_Network_NetFind=2;CPXPARAM_Network_Pricing=0;CPXPARAM_Parallel=1;CPXPARAM_Preprocessing_Aggregator=-1;CPXPARAM_Preprocessing_BoundStrength=-1;CPXPARAM_Preprocessing_CoeffReduce=-1;CPXPARAM_Preprocessing_Dependency=-1;CPXPARAM_Preprocessing_Dual=0;CPXPARAM_Preprocessing_Fill=5;CPXPARAM_Preprocessing_NumPass=-1;CPXPARAM_Preprocessing_Presolve=1;CPXPARAM_Preprocessing_QPMakePSD=1;CPXPARAM_Preprocessing_Reduce=3;CPXPARAM_Preprocessing_Relax=-1;CPXPARAM_Preprocessing_RepeatPresolve=-1;CPXPARAM_Preprocessing_Symmetry=-1;CPXPARAM_Read_Scale=0;CPXPARAM_Sifting_Algorithm=0;CPXPARAM_Simplex_Crash=1;CPXPARAM_Simplex_DGradient=0;CPXPARAM_Simplex_Limits_Perturbation=0;CPXPARAM_Simplex_Limits_Singularity=10;CPXPARAM_Simplex_PGradient=0;CPXPARAM_Simplex_Pricing=0;CPXPARAM_Simplex_Refactor=0
13056668606265037017,0,CPXPARAM_Advance=1;CPXPARAM_Barrier_Algorithm=0;CPXPARAM_Barrier_ColNonzeros=0;CPXPARAM_Barrier_Crossover=0;CPXPARAM_Barrier_Limits_Corrections=-1;CPXPARAM_Barrier_Ordering=0;CPXPARAM_Barrier_StartAlg=1;CPXPARAM_Emphasis_MIP=3;CPXPARAM_Emphasis_Memory=0;CPXPARAM_Emphasis_Numerical=0;CPXPARAM_Feasopt_Mode=0;CPXPARAM_LPMethod=0;CPXPARAM_MIP_Cuts_Cliques=0;CPXPARAM_MIP_Cuts_Covers=3;CPXPARAM_MIP_Cuts_Disjunctive=-1;CPXPARAM_MIP_Cuts_FlowCovers=-1;CPXPARAM_MIP_Cuts_GUBCovers=-1;CPXPARAM_MIP_Cuts_Gomory=0;CPXPARAM_MIP_Cuts_Implied=1;CPXPARAM_MIP_Cuts_MIRCut=0;CPXPARAM_MIP_Cuts_PathCut=2;CPXPARAM_MIP_Limits_AggForCut=1;CPXPARAM_MIP_Limits_CutPasses=0;CPXPARAM_MIP_Limits_CutsFactor=-1;CPXPARAM_MIP_Limits_GomoryCand=50;CPXPARAM_MIP_Limits_GomoryPass=0;CPXPARAM_MIP_Limits_Nodes=9223372036800000000;CPXPARAM_MIP_Limits_ProbeTime=1e+75;CPXPARAM_MIP_Limits_RepairTries=0;CPXPARAM_MIP_Limits_StrongCand=10;CPXPARAM_MIP_Limits_StrongIt=0;CPXPARAM_MIP_OrderType=0;CPXPARAM_MIP_Strategy_BBInterval=7;CPXPARAM_MIP_Strategy_Branch=1;CPXPARAM_MIP_Strategy_Dive=0;CPXPARAM_MIP_Strategy_File=1;CPXPARAM_MIP_Strategy_HeuristicFreq=0;CPXPARAM_MIP_Strategy_LBHeur=0;CPXPARAM_MIP_Strategy_NodeSelect=0;CPXPARAM_MIP_Strategy_Order=1;CPXPARAM_MIP_Strategy_PresolveNode=3;CPXPARAM_MIP_Strategy_Probe=3;CPXPARAM_MIP_Strategy_RINSHeur=0;CPXPARAM_MIP_Strategy_StartAlgorithm=0;CPXPARAM_MIP_Strategy_SubAlgorithm=0;CPXPARAM_MIP_Strategy_VariableSelect=2;CPXPARAM_Network_NetFind=2;CPXPARAM_Network_Pricing=0;CPXPARAM_Parallel=1;CPXPARAM_Preprocessing_Aggregator=-1;CPXPARAM_Preprocessing_BoundStrength=-1;CPXPARAM_Preprocessing_CoeffReduce=-1;CPXPARAM_Preprocessing_Dependency=-1;CPXPARAM_Preprocessing_Dual=0;CPXPARAM_Preprocessing_Fill=5;CPXPARAM_Preprocessing_NumPass=-1;CPXPARAM_Preprocessing_Presolve=1;CPXPARAM_Preprocessing_QPMakePSD=1;CPXPARAM_Preprocessing_Reduce=3;CPXPARAM_Preprocessing_Relax=-1;CPXPARAM_Preprocessing_RepeatPresolve=-1;CPXPARAM_Preprocessing_Symmetry=-1;CPXPARAM_Read_Scale=0;CPXPARAM_Sifting_Algorithm=0;CPXPARAM_Simplex_Crash=1;CPXPARAM_Simplex_DGradient=0;CPXPARAM_Simplex_Limits_Perturbation=0;CPXPARAM_Simplex_Limits_Singularity=10;CPXPARAM_Simplex_PGradient=0;CPXPARAM_Simplex_Pricing=0;CPXPARAM_Simplex_Refactor=0
9971266579625261848,0,CPXPARAM_Advance=1;CPXPARAM_Barrier_Algorithm=0;CPXPARAM_Barrier_ColNonzeros=0;CPXPARAM_Barrier_Crossover=0;CPXPARAM_Barrier_Limits_Corrections=-1;CPXPARAM_Barrier_Ordering=0;CPXPARAM_Barrier_StartAlg=1;CPXPARAM_Emphasis_MIP=3;CPXPARAM_Emphasis_Memory=0;CPXPARAM_Emphasis_Numerical=0;CPXPARAM_Feasopt_Mode=0;CPXPARAM_LPMethod=0;CPXPARAM_MIP_Cuts_Cliques=0;CPXPARAM_MIP_Cuts_Covers=3;CPXPARAM_MIP_Cuts_Disjunctive=0;CPXPARAM_MIP_Cuts_FlowCovers=-1;CPXPARAM_MIP_Cuts_GUBCovers=0;CPXPARAM_MIP_Cuts_Gomory=0;CPXPARAM_MIP_Cuts_Implied=1;CPXPARAM_MIP_Cuts_MIRCut=0;CPXPARAM_MIP_Cuts_PathCut=2;CPXPARAM_MIP_Limits_AggForCut=1;CPXPARAM_MIP_Limits_CutPasses=0;CPXPARAM_MIP_Limits_CutsFactor=-1;CPXPARAM_MIP_Limits_GomoryCand=50;CPXPARAM_MIP_Limits_GomoryPass=0;CPXPARAM_MIP_Limits_Nodes=9223372036800000000;CPXPARAM_MIP_Limits_ProbeTime=1e+75;CPXPARAM_MIP_Limits_RepairTries=0;CPXPARAM_MIP_Limits_StrongCand=10;CPXPARAM_MIP_Limits_StrongIt=0;CPXPARAM_MIP_OrderType=0;CPXPARAM_MIP_Strategy_BBInterval=7;CPXPARAM_MIP_Strategy_Branch=1;CPXPARAM_MIP_Strategy_Dive=0;CPXPARAM_MIP_Strategy_File=1;CPXPARAM_MIP_Strategy_HeuristicFreq=0;CPXPARAM_MIP_Strategy_LBHeur=0;CPXPARAM_MIP_Strategy_NodeSelect=0;CPXPARAM_MIP_Strategy_Order=1;CPXPARAM_MIP_Strategy_PresolveNode=3;CPXPARAM_MIP_Strategy_Probe=3;CPXPARAM_MIP_Strategy_RINSHeur=0;CPXPARAM_MIP_Strategy_StartAlgorithm=0;CPXPARAM_MIP_Strategy_SubAlgorithm=0;CPXPARAM_MIP_Strategy_VariableSelect=2;CPXPARAM_Network_NetFind=2;CPXPARAM_Network_Pricing=0;CPXPARAM_Parallel=1;CPXPARAM_Preprocessing_Aggregator=-1;CPXPARAM_Preprocessing_BoundStrength=-1;CPXPARAM_Preprocessing_CoeffReduce=-1;CPXPARAM_Preprocessing_Dependency=-1;CPXPARAM_Preprocessing_Dual=0;CPXPARAM_Preprocessing_Fill=5;CPXPARAM_Preprocessing_NumPass=-1;CPXPARAM_Preprocessing_Presolve=1;CPXPARAM_Preprocessing_QPMakePSD=1;CPXPARAM_Preprocessing_Reduce=3;CPXPARAM_Preprocessing_Relax=-1;CPXPARAM_Preprocessing_RepeatPresolve=-1;CPXPARAM_Preprocessing_Symmetry=-1;CPXPARAM_Read_Scale=0;CPXPARAM_Sifting_Algorithm=0;CPXPARAM_Simplex_Crash=1;CPXPARAM_Simplex_DGradient=0;CPXPARAM_Simplex_Limits_Perturbation=0;CPXPARAM_Simplex_Limits_Singularity=10;CPXPARAM_Simplex_PGradient=0;CPXPARAM_Simplex_Pricing=0;CPXPARAM_Simplex_Refactor=0
5676725250194605077,0,CPXPARAM_Advance=1;CPXPARAM_Barrier_Algorithm=0;CPXPARAM_Barrier_ColNonzeros=0;CPXPARAM_Barrier_Crossover=0;CPXPARAM_Barrier_Limits_Corrections=-1;CPXPARAM_Barrier_Ordering=0;CPXPARAM_Barrier_StartAlg=1;CPXPARAM_Emphasis_MIP=3;CPXPARAM_Emphasis_Memory=0;CPXPARAM_Emphasis_Numerical=0;CPXPARAM_Feasopt_Mode=0;CPXPARAM_LPMethod=0;CPXPARAM_MIP_Cuts_Cliques=0;CPXPARAM_MIP_Cuts_Covers=3;CPXPARAM_MIP_Cuts_Disjunctive=-1;CPXPARAM_MIP_Cuts_FlowCovers=-1;CPXPARAM_MIP_Cuts_GUBCovers=0;CPXPARAM_MIP_Cuts_Gomory=0;CPXPARAM_MIP_Cuts_Implied=1;CPXPARAM_MIP_Cuts_MIRCut=-1;CPXPARAM_MIP_Cuts_PathCut=2;CPXPARAM_MIP_Limits_AggForCut=1;CPXPARAM_MIP_Limits_CutPasses=0;CPXPARAM_MIP_Limits_CutsFactor=-1;CPXPARAM_MIP_Limits_GomoryCand=50;CPXPARAM_MIP_Limits_GomoryPass=0;CPXPARAM_MIP_Limits_Nodes=9223372036800000000;CPXPARAM_MIP_Limits_ProbeTime=1e+75;CPXPARAM_MIP_Limits_RepairTries=0;CPXPARAM_MIP_Limits_StrongCand=10;CPXPARAM_MIP_Limits_StrongIt=0;CPXPARAM_MIP_OrderType=0;CPXPARAM_MIP_Strategy_BBInterval=7;CPXPARAM_MIP_Strategy_Branch=1;CPXPARAM_MIP_Strategy_Dive=0;CPXPARAM_MIP_Strategy_File=1;CPXPARAM_MIP_Strategy_HeuristicFreq=0;CPXPARAM_MIP_Strategy_LBHeur=0;CPXPARAM_MIP_Strategy_NodeSelect=0;CPXPARAM_MIP_Strategy_Order=1;CPXPARAM_MIP_Strategy_PresolveNode=3;CPXPARAM_MIP_Strategy_Probe=3;CPXPARAM_MIP_Strategy_RINSHeur=0;CPXPARAM_MIP_Strategy_StartAlgorithm=0;CPXPARAM_MIP_Strategy_SubAlgorithm=0;CPXPARAM_MIP_Strategy_VariableSelect=1;CPXPARAM_Network_NetFind=2;CPXPARAM_Network_Pricing=0;CPXPARAM_Parallel=1;CPXPARAM_Preprocessing_Aggregator=-1;CPXPARAM_Preprocessing_BoundStrength=-1;CPXPARAM_Preprocessing_CoeffReduce=-1;CPXPARAM_Preprocessing_Dependency=-1;CPXPARAM_Preprocessing_Dual=0;CPXPARAM_Preprocessing_Fill=5;CPXPARAM_Preprocessing_NumPass=-1;CPXPARAM_Preprocessing_Presolve=1;CPXPARAM_Preprocessing_QPMakePSD=1;CPXPARAM_Preprocessing_Reduce=3;CPXPARAM_Preprocessing_Relax=-1;CPXPARAM_Preprocessing_RepeatPresolve=-1;CPXPARAM_Preprocessing_Symmetry=-1;CPXPARAM_Read_Scale=0;CPXPARAM_Sifting_Algorithm=0;CPXPARAM_Simplex_Crash=1;CPXPARAM_Simplex_DGradient=0;CPXPARAM_Simplex_Limits_Perturbation=0;CPXPARAM_Simplex_Limits_Singularity=10;CPXPARAM_Simplex_PGradient=0;CPXPARAM_Simplex_Pricing=0;CPXPARAM_Simplex_Refactor=0
10127671920647785467,0,CPXPARAM_Advance=1;CPXPARAM_Barrier_Algorithm=0;CPXPARAM_Barrier_ColNonzeros=0;CPXPARAM_Barrier_Crossover=0;CPXPARAM_Barrier_Limits_Corrections=-1;CPXPARAM_Barrier_Ordering=0;CPXPARAM_Barrier_StartAlg=1;CPXPARAM_Emphasis_MIP=2;CPXPARAM_Emphasis_Memory=0;CPXPARAM_Emphasis_Numerical=0;CPXPARAM_Feasopt_Mode=0;CPXPARAM_LPMethod=0;CPXPARAM_MIP_Cuts_Cliques=-1;CPXPARAM_MIP_Cuts_Covers=2;CPXPARAM_MIP_Cuts_Disjunctive=1;CPXPARAM_MIP_Cuts_FlowCovers=2;CPXPARAM_MIP_Cuts_GUBCovers=1;CPXPARAM_MIP_Cuts_Gomory=0;CPXPARAM_MIP_Cuts_Implied=-1;CPXPARAM_MIP_Cuts_MIRCut=-1;CPXPARAM_MIP_Cuts_PathCut=-1;CPXPARAM_MIP_Limits_AggForCut=3;CPXPARAM_MIP_Limits_CutPasses=0;CPXPARAM_MIP_Limits_CutsFactor=-1;CPXPARAM_MIP_Limits_GomoryCand=400;CPXPARAM_MIP_Limits_GomoryPass=0;CPXPARAM_MIP_Limits_Nodes=9223372036800000000;CPXPARAM_MIP_Limits_ProbeTime=1e+75;CPXPARAM_MIP_Limits_RepairTries=0;CPXPARAM_MIP_Limits_StrongCand=10;CPXPARAM_MIP_Limits_StrongIt=0;CPXPARAM_MIP_OrderType=0;CPXPARAM_MIP_Strategy_BBInterval=7;CPXPARAM_MIP_Strategy_Branch=0;CPXPARAM_MIP_Strategy_Dive=0;CPXPARAM_MIP_Strategy_File=1;CPXPARAM_MIP_Strategy_HeuristicFreq=1000;CPXPARAM_MIP_Strategy_LBHeur=0;CPXPARAM_MIP_Strategy_NodeSelect=1;CPXPARAM_MIP_Strategy_Order=1;CPXPARAM_MIP_Strategy_PresolveNode=0;CPXPARAM_MIP_Strategy_Probe=0;CPXPARAM_MIP_Strategy_RINSHeur=0;CPXPARAM_MIP_Strategy_StartAlgorithm=0;CPXPARAM_MIP_Strategy_SubAlgorithm=0;CPXPARAM_MIP_Strategy_VariableSelect=0;CPXPARAM_Network_NetFind=2;CPXPARAM_Network_Pricing=0;CPXPARAM_Parallel=1;CPXPARAM_Preprocessing_Aggregator=-1;CPXPARAM_Preprocessing_BoundStrength=-1;CPXPARAM_Preprocessing_CoeffReduce=-1;CPXPARAM_Preprocessing_Dependency=-1;CPXPARAM_Preprocessing_Dual=0;CPXPARAM_Preprocessing_Fill=10;CPXPARAM_Preprocessing_NumPass=-1;CPXPARAM_Preprocessing_Presolve=1;CPXPARAM_Preprocessing_QPMakePSD=1;CPXPARAM_Preprocessing_Reduce=3;CPXPARAM_Preprocessing_Relax=-1;CPXPARAM_Preprocessing_RepeatPresolve=-1;CPXPARAM_Preprocessing_Symmetry=-1;CPXPARAM_Read_Scale=0;CPXPARAM_Sifting_Algorithm=0;CPXPARAM_Simplex_Crash=1;CPXPARAM_Simplex_DGradient=0;CPXPARAM_Simplex_Limits_Perturbation=0;CPXPARAM_Simplex_Limits_Singularity=10;CPXPARAM_Simplex_PGradient=0;CPXPARAM_Simplex_Pricing=0;CPXPARAM_Simplex_Refactor=0
15651312883504355566,0,CPXPARAM_Advance=1;CPXPARAM_Barrier_Algorithm=0;CPXPARAM_Barrier_ColNonzeros=0;CPXPARAM_Barrier_Crossover=0;CPXPARAM_Barrier_Limits_Corrections=-1;CPXPARAM_Barrier_Ordering=0;CPXPARAM_Barrier_StartAlg=1;CPXPARAM_Emphasis_MIP=3;CPXPARAM_Emphasis_Memory=0;CPXPARAM_Emphasis_Numerical=0;CPXPARAM_Feasopt_Mode=0;CPXPARAM_LPMethod=0;CPXPARAM_MIP_Cuts_Cliques=0;CPXPARAM_MIP_Cuts_Covers=3;CPXPARAM_MIP_Cuts_Disjunctive=-1;CPXPARAM_MIP_Cuts_FlowCovers=-1;CPXPARAM_MIP_Cuts_GUBCovers=0;CPXPARAM_MIP_Cuts_Gomory=0;CPXPARAM_MIP_Cuts_Implied=1;CPXPARAM_MIP_Cuts_MIRCut=-1;CPXPARAM_MIP_Cuts_PathCut=2;CPXPARAM_MIP_Limits_AggForCut=1;CPXPARAM_MIP_Limits_CutPasses=0;CPXPARAM_MIP_Limits_CutsFactor=-1;CPXPARAM_MIP_Limits_GomoryCand=150;CPXPARAM_MIP_Limits_GomoryPass=0;CPXPARAM_MIP_Limits_Nodes=9223372036800000000;CPXPARAM_MIP_Limits_ProbeTime=1e+75;CPXPARAM_MIP_Limits_RepairTries=0;CPXPARAM_MIP_Limits_StrongCand=10;CPXPARAM_MIP_Limits_StrongIt=0;CPXPARAM_MIP_OrderType=0;CPXPARAM_MIP_Strategy_BBInterval=7;CPXPARAM_MIP_Strategy_Branch=1;CPXPARAM_MIP_Strategy_Dive=0;CPXPARAM_MIP_Strategy_File=1;CPXPARAM_MIP_Strategy_HeuristicFreq=0;CPXPARAM_MIP_Strategy_LBHeur=0;CPXPARAM_MIP_Strategy_NodeSelect=0;CPXPARAM_MIP_Strategy_Order=1;CPXPARAM_MIP_Strategy_PresolveNode=3;CPXPARAM_MIP_Strategy_Probe=3;CPXPARAM_MIP_Strategy_RINSHeur=0;CPXPARAM_MIP_Strategy_StartAlgorithm=0;CPXPARAM_MIP_Strategy_SubAlgorithm=0;CPXPARAM_MIP_Strategy_VariableSelect=1;CPXPARAM_Network_NetFind=2;CPXPARAM_Network_Pricing=0;CPXPARAM_Parallel=1;CPXPARAM_Preprocessing_Aggregator=-1;CPXPARAM_Preprocessing_BoundStrength=-1;CPXPARAM_Preprocessing_CoeffReduce=-1;CPXPARAM_Preprocessing_Dependency=-1;CPXPARAM_Preprocessing_Dual=0;CPXPARAM_Preprocessing_Fill=5;CPXPARAM_Preprocessing_NumPass=-1;CPXPARAM_Preprocessing_Presolve=1;CPXPARAM_Preprocessing_QPMakePSD=1;CPXPARAM_Preprocessing_Reduce=3;CPXPARAM_Preprocessing_Relax=-1;CPXPARAM_Preprocessing_RepeatPresolve=-1;CPXPARAM_Preprocessing_Symmetry=-1;CPXPARAM_Read_Scale=0;CPXPARAM_Sifting_Algorithm=0;CPXPARAM_Simplex_Crash=1;CPXPARAM_Simplex_DGradient=0;CPXPARAM_Simplex_Limits_Perturbation=0;CPXPARAM_Simplex_Limits_Singularity=10;CPXPARAM_Simplex_PGradient=0;CPXPARAM_Simplex_Pricing=0;CPXPARAM_Simplex_Refactor=0
15601773587595405811,0,CPXPARAM_Advance=1;CPXPARAM_Barrier_Algorithm=0;CPXPARAM_Barrier_ColNonzeros=0;CPXPARAM_Barrier_Crossover=0;CPXPARAM_Barrier_Limits_Corrections=-1;CPXPARAM_Barrier_Ordering=0;CPXPARAM_Barrier_StartAlg=1;CPXPARAM_Emphasis_MIP=3;CPXPARAM_Emphasis_Memory=0;CPXPARAM_Emphasis_Numerical=0;CPXPARAM_Feasopt_Mode=0;CPXPARAM_LPMethod=0;CPXPARAM_MIP_Cuts_Cliques=0;CPXPARAM_MIP_Cuts_Covers=3;CPXPARAM_MIP_Cuts_Disjunctive=-1;CPXPARAM_MIP_Cuts_FlowCovers=-1;CPXPARAM_MIP_Cuts_GUBCovers=0;CPXPARAM_MIP_Cuts_Gomory=0;CPXPARAM_MIP_Cuts_Implied=1;CPXPARAM_MIP_Cuts_MIRCut=-1;CPXPARAM_MIP_Cuts_PathCut=2;CPXPARAM_MIP_Limits_AggForCut=1;CPXPARAM_MIP_Limits_CutPasses=0;CPXPARAM_MIP_Limits_CutsFactor=-1;CPXPARAM_MIP_Limits_GomoryCand=200;CPXPARAM_MIP_Limits_GomoryPass=0;CPXPARAM_MIP_Limits_Nodes=9223372036800000000;CPXPARAM_MIP_Limits_ProbeTime=1e+75;CPXPARAM_MIP_Limits_RepairTries=0;CPXPARAM_MIP_Limits_StrongCand=10;CPXPARAM_MIP_Limits_StrongIt=0;CPXPARAM_MIP_OrderType=0;CPXPARAM_MIP_Strategy_BBInterval=7;CPXPARAM_MIP_Strategy_Branch=1;CPXPARAM_MIP_Strategy_Dive=0;CPXPARAM_MIP_Strategy_File=1;CPXPARAM_MIP_Strategy_HeuristicFreq=0;CPXPARAM_MIP_Strategy_LBHeur=0;CPXPARAM_MIP_Strategy_NodeSelect=0;CPXPARAM_MIP_Strategy_Order=1;CPXPARAM_MIP_Strategy_PresolveNode=3;CPXPARAM_MIP_Strategy_Probe=3;CPXPARAM_MIP_Strategy_RINSHeur=0;CPXPARAM_MIP_Strategy_StartAlgorithm=0;CPXPARAM_MIP_Strategy_SubAlgorithm=0;CPXPARAM_MIP_Strategy_VariableSelect=1;CPXPARAM_Network_NetFind=2;CPXPARAM_Network_Pricing=0;CPXPARAM_Parallel=1;CPXPARAM_Preprocessing_Aggregator=-1;CPXPARAM_Preprocessing_BoundStrength=-1;CPXPARAM_Preprocessing_CoeffReduce=-1;CPXPARAM_Preprocessing_Dependency=-1;CPXPARAM_Preprocessing_Dual=0;CPXPARAM_Preprocessing_Fill=5;CPXPARAM_Preprocessing_NumPass=-1;CPXPARAM_Preprocessing_Presolve=1;CPXPARAM_Preprocessing_QPMakePSD=1;CPXPARAM_Preprocessing_Reduce=3;CPXPARAM_Preprocessing_Relax=-1;CPXPARAM_Preprocessing_RepeatPresolve=-1;CPXPARAM_Preprocessing_Symmetry=-1;CPXPARAM_Read_Scale=0;CPXPARAM_Sifting_Algorithm=0;CPXPARAM_Simplex_Crash=1;CPXPARAM_Simplex_DGradient=0;CPXPARAM_Simplex_Limits_Perturbation=0;CPXPARAM_Simplex_Limits_Singularity=10;CPXPARAM_Simplex_PGradient=0;CPXPARAM_Simplex_Pricing=0;CPXPARAM_Simplex_Refactor=0
14276745584918054269,0,CPXPARAM_Advance=1;CPXPARAM_Barrier_Algorithm=0;CPXPARAM_Barrier_ColNonzeros=0;CPXPARAM_Barrier_Crossover=0;CPXPARAM_Barrier_Limits_Corrections=-1;CPXPARAM_Barrier_Ordering=0;CPXPARAM_Barrier_StartAlg=1;CPXPARAM_Emphasis_MIP=3;CPXPARAM_Emphasis_Memory=0;CPXPARAM_Emphasis_Numerical=0;CPXPARAM_Feasopt_Mode=0;CPXPARAM_LPMethod=0;CPXPARAM_MIP_Cuts_Cliques=0;CPXPARAM_MIP_Cuts_Covers=3;CPXPARAM_MIP_Cuts_Disjunctive=-1;CPXPARAM_MIP_Cuts_FlowCovers=-1;CPXPARAM_MIP_Cuts_GUBCovers=0;CPXPARAM_MIP_Cuts_Gomory=0;CPXPARAM_MIP_Cuts_Implied=1;CPXPARAM_MIP_Cuts_MIRCut=-1;CPXPARAM_MIP_Cuts_PathCut=2;CPXPARAM_MIP_Limits_AggForCut=1;CPXPARAM_MIP_Limits_CutPasses=0;CPXPARAM_MIP_Limits_CutsFactor=-1;CPXPARAM_MIP_Limits_GomoryCand=50;CPXPARAM_MIP_Limits_GomoryPass=0;CPXPARAM_MIP_Limits_Nodes=9223372036800000000;CPXPARAM_MIP_Limits_ProbeTime=1e+75;CPXPARAM_MIP_Limits_RepairTries=0;CPXPARAM_MIP_Limits_StrongCand=10;CPXPARAM_MIP_Limits_StrongIt=0;CPXPARAM_MIP_OrderType=0;CPXPARAM_MIP_Strategy_BBInterval=7;CPXPARAM_MIP_Strategy_Branch=1;CPXPARAM_MIP_Strategy_Dive=0;CPXPARAM_MIP_Strategy_File=1;CPXPARAM_MIP_Strategy_HeuristicFreq=0;CPXPARAM_MIP_Strategy_LBHeur=0;CPXPARAM_MIP_Strategy_NodeSelect=0;CPXPARAM_MIP_Strategy_Order=1;CPXPARAM_MIP_Strategy_PresolveNode=3;CPXPARAM_MIP_Strategy_Probe=3;CPXPARAM_MIP_Strategy_RINSHeur=0;CPXPARAM_MIP_Strategy_StartAlgorithm=0;CPXPARAM_MIP_Strategy_SubAlgorithm=0;CPXPARAM_MIP_Strategy_VariableSelect=2;CPXPARAM_Network_NetFind=2;CPXPARAM_Network_Pricing=0;CPXPARAM_Parallel=1;CPXPARAM_Preprocessing_Aggregator=-1;CPXPARAM_Preprocessing_BoundStrength=-1;CPXPARAM_Preprocessing_CoeffReduce=-1;CPXPARAM_Preprocessing_Dependency=-1;CPXPARAM_Preprocessing_Dual=0;CPXPARAM_Preprocessing_Fill=5;CPXPARAM_Preprocessing_NumPass=-1;CPXPARAM_Preprocessing_Presolve=1;CPXPARAM_Preprocessing_QPMakePSD=1;CPXPARAM_Preprocessing_Reduce=3;CPXPARAM_Preprocessing_Relax=-1;CPXPARAM_Preprocessing_RepeatPresolve=-1;CPXPARAM_Preprocessing_Symmetry=-1;CPXPARAM_Read_Scale=0;CPXPARAM_Sifting_Algorithm=0;CPXPARAM_Simplex_Crash=1;CPXPARAM_Simplex_DGradient=0;CPXPARAM_Simplex_Limits_Perturbation=0;CPXPARAM_Simplex_Limits_Singularity=10;CPXPARAM_Simplex_PGradient=0;CPXPARAM_Simplex_Pricing=0;CPXPARAM_Simplex_Refactor=0
1158360941852554925,0,CPXPARAM_Advance=1;CPXPARAM_Barrier_Algorithm=0;CPXPARAM_Barrier_ColNonzeros=0;CPXPARAM_Barrier_Crossover=0;CPXPARAM_Barrier_Limits_Corrections=-1;CPXPARAM_Barrier_Ordering=0;CPXPARAM_Barrier_StartAlg=1;CPXPARAM_Emphasis_MIP=3;CPXPARAM_Emphasis_Memory=0;CPXPARAM_Emphasis_Numerical=0;CPXPARAM_Feasopt_Mode=0;CPXPARAM_LPMethod=0;CPXPARAM_MIP_Cuts_Cliques=0;CPXPARAM_MIP_Cuts_Covers=3;CPXPARAM_MIP_Cuts_Disjunctive=-1;CPXPARAM_MIP_Cuts_FlowCovers=-1;CPXPARAM_MIP_Cuts_GUBCovers=-1;CPXPARAM_MIP_Cuts_Gomory=0;CPXPARAM_MIP_Cuts_Implied=1;CPXPARAM_MIP_Cuts_MIRCut=-1;CPXPARAM_MIP_Cuts_PathCut=2;CPXPARAM_MIP_Limits_AggForCut=1;CPXPARAM_MIP_Limits_CutPasses=0;CPXPARAM_MIP_Limits_CutsFactor=-1;CPXPARAM_MIP_Limits_GomoryCand=50;CPXPARAM_MIP_Limits_GomoryPass=0;CPXPARAM_MIP_Limits_Nodes=9223372036800000000;CPXPARAM_MIP_Limits_ProbeTime=1e+75;CPXPARAM_MIP_Limits_RepairTries=0;CPXPARAM_MIP_Limits_StrongCand=10;CPXPARAM_MIP_Limits_StrongIt=0;CPXPARAM_MIP_OrderType=0;CPXPARAM_MIP_Strategy_BBInterval=7;CPXPARAM_MIP_Strategy_Branch=1;CPXPARAM_MIP_Strategy_Dive=0;CPXPARAM_MIP_Strategy_File=1;CPXPARAM_MIP_Strategy_HeuristicFreq=0;CPXPARAM_MIP_Strategy_LBHeur=0;CPXPARAM_MIP_Strategy_NodeSelect=0;CPXPARAM_MIP_Strategy_Order=1;CPXPARAM_MIP_Strategy_PresolveNode=3;CPXPARAM_MIP_Strategy_Probe=3;CPXPARAM_MIP_Strategy_RINSHeur=0;CPXPARAM_MIP_Strategy_StartAlgorithm=0;CPXPARAM_MIP_Strategy_SubAlgorithm=0;CPXPARAM_MIP_Strategy_VariableSelect=1;CPXPARAM_Network_NetFind=2;CPXPARAM_Network_Pricing=0;CPXPARAM_Parallel=1;CPXPARAM_Preprocessing_Aggregator=-1;CPXPARAM_Preprocessing_BoundStrength=-1;CPXPARAM_Preprocessing_CoeffReduce=-1;CPXPARAM_Preprocessing_Dependency=-1;CPXPARAM_Preprocessing_Dual=0;CPXPARAM_Preprocessing_Fill=5;CPXPARAM_Preprocessing_NumPass=-1;CPXPARAM_Preprocessing_Presolve=1;CPXPARAM_Preprocessing_QPMakePSD=1;CPXPARAM_Preprocessing_Reduce=3;CPXPARAM_Preprocessing_Relax=-1;CPXPARAM_Preprocessing_RepeatPresolve=-1;CPXPARAM_Preprocessing_Symmetry=-1;CPXPARAM_Read_Scale=0;CPXPARAM_Sifting_Algorithm=0;CPXPARAM_Simplex_Crash=1;CPXPARAM_Simplex_DGradient=0;CPXPARAM_Simplex_Limits_Perturbation=0;CPXPARAM_Simplex_Limits_Singularity=10;CPXPARAM_Simplex_PGradient=0;CPXPARAM_Simplex_Pricing=0;CPXPARAM_Simplex_Refactor=0
11012380425957446258,0,CPXPARAM_Advance=1;CPXPARAM_Barrier_Algorithm=0;CPXPARAM_Barrier_ColNonzeros=0;CPXPARAM_Barrier_Crossover=0;CPXPARAM_Barrier_Limits_Corrections=-1;CPXPARAM_Barrier_Ordering=0;CPXPARAM_Barrier_StartAlg=1;CPXPARAM_Emphasis_MIP=3;CPXPARAM_Emphasis_Memory=0;CPXPARAM_Emphasis_Numerical=0;CPXPARAM_Feasopt_Mode=0;CPXPARAM_LPMethod=0;CPXPARAM_MIP_Cuts_Cliques=0;CPXPARAM_MIP_Cuts_Covers=3;CPXPARAM_MIP_Cuts_Disjunctive=-1;CPXPARAM_MIP_Cuts_FlowCovers=-1;CPXPARAM_MIP_Cuts_GUBCovers=0;CPXPARAM_MIP_Cuts_Gomory=0;CPXPARAM_MIP_Cuts_Implied=1;CPXPARAM_MIP_Cuts_MIRCut=-1;CPXPARAM_MIP_Cuts_PathCut=2;CPXPARAM_MIP_Limits_AggForCut=1;CPXPARAM_MIP_Limits_CutPasses=0;CPXPARAM_MIP_Limits_CutsFactor=-1;CPXPARAM_MIP_Limits_GomoryCand=50;CPXPARAM_MIP_Limits_GomoryPass=0;CPXPARAM_MIP_Limits_Nodes=9223372036800000000;CPXPARAM_MIP_Limits_ProbeTime=1e+75;CPXPARAM_MIP_Limits_RepairTries=0;CPXPARAM_MIP_Limits_StrongCand=10;CPXPARAM_MIP_Limits_StrongIt=0;CPXPARAM_MIP_OrderType=0;CPXPARAM_MIP_Strategy_BBInterval=7;CPXPARAM_MIP_Strategy_Branch=0;CPXPARAM_MIP_Strategy_Dive=0;CPXPARAM_MIP_Strategy_File=1;CPXPARAM_MIP_Strategy_HeuristicFreq=0;CPXPARAM_MIP_Strategy_LBHeur=0;CPXPARAM_MIP_Strategy_NodeSelect=0;CPXPARAM_MIP_Strategy_Order=1;CPXPARAM_MIP_Strategy_PresolveNode=3;CPXPARAM_MIP_Strategy_Probe=3;CPXPARAM_MIP_Strategy_RINSHeur=0;CPXPARAM_MIP_Strategy_StartAlgorithm=0;CPXPARAM_MIP_Strategy_SubAlgorithm=0;CPXPARAM_MIP_Strategy_VariableSelect=1;CPXPARAM_Network_NetFind=2;CPXPARAM_Network_Pricing=0;CPXPARAM_Parallel=1;CPXPARAM_Preprocessing_Aggregator=-1;CPXPARAM_Preprocessing_BoundStrength=-1;CPXPARAM_Preprocessing_CoeffReduce=-1;CPXPARAM_Preprocessing_Dependency=-1;CPXPARAM_Preprocessing_Dual=0;CPXPARAM_Preprocessing_Fill=5;CPXPARAM_Preprocessing_NumPass=-1;CPXPARAM_Preprocessing_Presolve=1;CPXPARAM_Preprocessing_QPMakePSD=1;CPXPARAM_Preprocessing_Reduce=3;CPXPARAM_Preprocessing_Relax=-1;CPXPARAM_Preprocessing_RepeatPresolve=-1;CPXPARAM_Preprocessing_Symmetry=-1;CPXPARAM_Read_Scale=0;CPXPARAM_Sifting_Algorithm=0;CPXPARAM_Simplex_Crash=1;CPXPARAM_Simplex_DGradient=0;CPXPARAM_Simplex_Limits_Perturbation=0;CPXPARAM_Simplex_Limits_Singularity=10;CPXPARAM_Simplex_PGradient=0;CPXPARAM_Simplex_Pricing=0;CPXPARAM_Simplex_Refactor=0
12308465999927855466,0,CPXPARAM_Advance=1;CPXPARAM_Barrier_Algorithm=0;CPXPARAM_Barrier_ColNonzeros=0;CPXPARAM_Barrier_Crossover=0;CPXPARAM_Barrier_Limits_Corrections=-1;CPXPARAM_Barrier_Ordering=0;CPXPARAM_Barrier_StartAlg=1;CPXPARAM_Emphasis_MIP=3;CPXPARAM_Emphasis_Memory=0;CPXPARAM_Emphasis_Numerical=0;CPXPARAM_Feasopt_Mode=0;CPXPARAM_LPMethod=0;CPXPARAM_MIP_Cuts_Cliques=0;CPXPARAM_MIP_Cuts_Covers=3;CPXPARAM_MIP_Cuts_Disjunctive=-1;CPXPARAM_MIP_Cuts_FlowCovers=-1;CPXPARAM_MIP_Cuts_GUBCovers=0;CPXPARAM_MIP_Cuts_Gomory=0;CPXPARAM_MIP_Cuts_Implied=1;CPXPARAM_MIP_Cuts_MIRCut=-1;CPXPARAM_MIP_Cuts_PathCut=2;CPXPARAM_MIP_Limits_AggForCut=1;CPXPARAM_MIP_Limits_CutPasses=0;CPXPARAM_MIP_Limits_CutsFactor=-1;CPXPARAM_MIP_Limits_GomoryCand=50;CPXPARAM_MIP_Limits_GomoryPass=0;CPXPARAM_MIP_Limits_Nodes=9223372036800000000;CPXPARAM_MIP_Limits_ProbeTime=1e+75;CPXPARAM_MIP_Limits_RepairTries=0;CPXPARAM_MIP_Limits_StrongCand=10;CPXPARAM_MIP_Limits_StrongIt=0;CPXPARAM_MIP_OrderType=0;CPXPARAM_MIP_Strategy_BBInterval=7;CPXPARAM_MIP_Strategy_Branch=0;CPXPARAM_MIP_Strategy_Dive=0;CPXPARAM_MIP_Strategy_File=1;CPXPARAM_MIP_Strategy_HeuristicFreq=0;CPXPARAM_MIP_Strategy_LBHeur=0;CPXPARAM_MIP_Strategy_NodeSelect=0;CPXPARAM_MIP_Strategy_Order=1;CPXPARAM_MIP_Strategy_PresolveNode=3;CPXPARAM_MIP_Strategy_Probe=3;CPXPARAM_MIP_Strategy_RINSHeur=0;CPXPARAM_MIP_Strategy_StartAlgorithm=0;CPXPARAM_MIP_Strategy_SubAlgorithm=0;CPXPARAM_MIP_Strategy_VariableSelect=-1;CPXPARAM_Network_NetFind=2;CPXPARAM_Network_Pricing=0;CPXPARAM_Parallel=1;CPXPARAM_Preprocessing_Aggregator=-1;CPXPARAM_Preprocessing_BoundStrength=-1;CPXPARAM_Preprocessing_CoeffReduce=-1;CPXPARAM_Preprocessing_Dependency=-1;CPXPARAM_Preprocessing_Dual=0;CPXPARAM_Preprocessing_Fill=5;CPXPARAM_Preprocessing_NumPass=-1;CPXPARAM_Preprocessing_Presolve=1;CPXPARAM_Preprocessing_QPMakePSD=1;CPXPARAM_Preprocessing_Reduce=3;CPXPARAM_Preprocessing_Relax=-1;CPXPARAM_Preprocessing_RepeatPresolve=-1;CPXPARAM_Preprocessing_Symmetry=-1;CPXPARAM_Read_Scale=0;CPXPARAM_Sifting_Algorithm=0;CPXPARAM_Simplex_Crash=1;CPXPARAM_Simplex_DGradient=0;CPXPARAM_Simplex_Limits_Perturbation=0;CPXPARAM_Simplex_Limits_Singularity=10;CPXPARAM_Simplex_PGradient=0;CPXPARAM_Simplex_Pricing=0;CPXPARAM_Simplex_Refactor=0
8381056935434887058,0,CPXPARAM_Advance=1;CPXPARAM_Barrier_Algorithm=0;CPXPARAM_Barrier_ColNonzeros=0;CPXPARAM_Barrier_Crossover=0;CPXPARAM_Barrier_Limits_Corrections=-1;CPXPARAM_Barrier_Ordering=0;CPXPARAM_Barrier_StartAlg=1;CPXPARAM_Emphasis_MIP=0;CPXPARAM_Emphasis_Memory=0;CPXPARAM_Emphasis_Numerical=0;CPXPARAM_Feasopt_Mode=0;CPXPARAM_LPMethod=0;CPXPARAM_MIP_Cuts_Cliques=0;CPXPARAM_MIP_Cuts_Covers=2;CPXPARAM_MIP_Cuts_Disjunctive=0;CPXPARAM_MIP_Cuts_FlowCovers=-1;CPXPARAM_MIP_Cuts_GUBCovers=-1;CPXPARAM_MIP_Cuts_Gomory=1;CPXPARAM_MIP_Cuts_Implied=-1;CPXPARAM_MIP_Cuts_MIRCut=2;CPXPARAM_MIP_Cuts_PathCut=1;CPXPARAM_MIP_Limits_AggForCut=3;CPXPARAM_MIP_Limits_CutPasses=0;CPXPARAM_MIP_Limits_CutsFactor=-1;CPXPARAM_MIP_Limits_GomoryCand=800;CPXPARAM_MIP_Limits_GomoryPass=0;CPXPARAM_MIP_Limits_Nodes=9223372036800000000;CPXPARAM_MIP_Limits_ProbeTime=1e+75;CPXPARAM_MIP_Limits_RepairTries=0;CPXPARAM_MIP_Limits_StrongCand=10;CPXPARAM_MIP_Limits_StrongIt=0;CPXPARAM_MIP_OrderType=0;CPXPARAM_MIP_Strategy_BBInterval=7;CPXPARAM_MIP_Strategy_Branch=1;CPXPARAM_MIP_Strategy_Dive=0;CPXPARAM_MIP_Strategy_File=1;CPXPARAM_MIP_Strategy_HeuristicFreq=0;CPXPARAM_MIP_Strategy_LBHeur=0;CPXPARAM_MIP_Strategy_NodeSelect=3;CPXPARAM_MIP_Strategy_Order=1;CPXPARAM_MIP_Strategy_PresolveNode=1;CPXPARAM_MIP_Strategy_Probe=0;CPXPARAM_MIP_Strategy_RINSHeur=0;CPXPARAM_MIP_Strategy_StartAlgorithm=0;CPXPARAM_MIP_Strategy_SubAlgorithm=3;CPXPARAM_MIP_Strategy_VariableSelect=-1;CPXPARAM_Network_NetFind=2;CPXPARAM_Network_Pricing=0;CPXPARAM_Parallel=1;CPXPARAM_Preprocessing_Aggregator=-1;CPXPARAM_Preprocessing_BoundStrength=-1;CPXPARAM_Preprocessing_CoeffReduce=-1;CPXPARAM_Preprocessing_Dependency=-1;CPXPARAM_Preprocessing_Dual=0;CPXPARAM_Preprocessing_Fill=2;CPXPARAM_Preprocessing_NumPass=-1;CPXPARAM_Preprocessing_Presolve=1;CPXPARAM_Preprocessing_QPMakePSD=1;CPXPARAM_Preprocessing_Reduce=0;CPXPARAM_Preprocessing_Relax=-1;CPXPARAM_Preprocessing_RepeatPresolve=-1;CPXPARAM_Preprocessing_Symmetry=-1;CPXPARAM_Read_Scale=0;CPXPARAM_Sifting_Algorithm=0;CPXPARAM_Simplex_Crash=1;CPXPARAM_Simplex_DGradient=0;CPXPARAM_Simplex_Limits_Perturbation=0;CPXPARAM_Simplex_Limits_Singularity=10;CPXPARAM_Simplex_PGradient=0;CPXPARAM_Simplex_Pricing=0;CPXPARAM_Simplex_Refactor=0
11162015705783404727,0,CPXPARAM_Advance=1;CPXPARAM_Barrier_Algorithm=0;CPXPARAM_Barrier_ColNonzeros=0;CPXPARAM_Barrier_Crossover=0;CPXPARAM_Barrier_Limits_Corrections=-1;CPXPARAM_Barrier_Ordering=0;CPXPARAM_Barrier_StartAlg=1;CPXPARAM_Emphasis_MIP=3;CPXPARAM_Emphasis_Memory=0;CPXPARAM_Emphasis_Numerical=0;CPXPARAM_Feasopt_Mode=0;CPXPARAM_LPMethod=0;CPXPARAM_MIP_Cuts_Cliques=0;CPXPARAM_MIP_Cuts_Covers=3;CPXPARAM_MIP_Cuts_Disjunctive=-1;CPXPARAM_MIP_Cuts_FlowCovers=-1;CPXPARAM_MIP_Cuts_GUBCovers=0;CPXPARAM_MIP_Cuts_Gomory=0;CPXPARAM_MIP_Cuts_Implied=1;CPXPARAM_MIP_Cuts_MIRCut=-1;CPXPARAM_MIP_Cuts_PathCut=2;CPXPARAM_MIP_Limits_AggForCut=1;CPXPARAM_MIP_Limits_CutPasses=0;CPXPARAM_MIP_Limits_CutsFactor=-1;CPXPARAM_MIP_Limits_GomoryCand=50;CPXPARAM_MIP_Limits_GomoryPass=0;CPXPARAM_MIP_Limits_Nodes=9223372036800000000;CPXPARAM_MIP_Limits_ProbeTime=1e+75;CPXPARAM_MIP_Limits_RepairTries=0;CPXPARAM_MIP_Limits_StrongCand=10;CPXPARAM_MIP_Limits_StrongIt=0;CPXPARAM_MIP_OrderType=0;CPXPARAM_MIP_Strategy_BBInterval=7;CPXPARAM_MIP_Strategy_Branch=0;CPXPARAM_MIP_Strategy_Dive=0;CPXPARAM_MIP_Strategy_File=1;CPXPARAM_MIP_Strategy_HeuristicFreq=0;CPXPARAM_MIP_Strategy_LBHeur=0;CPXPARAM_MIP_Strategy_NodeSelect=2;CPXPARAM_MIP_Strategy_Order=1;CPXPARAM_MIP_Strategy_PresolveNode=3;CPXPARAM_MIP_Strategy_Probe=3;CPXPARAM_MIP_Strategy_RINSHeur=0;CPXPARAM_MIP_Strategy_StartAlgorithm=0;CPXPARAM_MIP_Strategy_SubAlgorithm=0;CPXPARAM_MIP_Strategy_VariableSelect=1;CPXPARAM_Network_NetFind=2;CPXPARAM_Network_Pricing=0;CPXPARAM_Parallel=1;CPXPARAM_Preprocessing_Aggregator=-1;CPXPARAM_Preprocessing_BoundStrength=-1;CPXPARAM_Preprocessing_CoeffReduce=-1;CPXPARAM_Preprocessing_Dependency=-1;CPXPARAM_Preprocessing_Dual=0;CPXPARAM_Preprocessing_Fill=5;CPXPARAM_Preprocessing_NumPass=-1;CPXPARAM_Preprocessing_Presolve=1;CPXPARAM_Preprocessing_QPMakePSD=1;CPXPARAM_Preprocessing_Reduce=3;CPXPARAM_Preprocessing_Relax=-1;CPXPARAM_Preprocessing_RepeatPresolve=-1;CPXPARAM_Preprocessing_Symmetry=-1;CPXPARAM_Read_Scale=0;CPXPARAM_Sifting_Algorithm=0;CPXPARAM_Simplex_Crash=1;CPXPARAM_Simplex_DGradient=0;CPXPARAM_Simplex_Limits_Perturbation=0;CPXPARAM_Simplex_Limits_Singularity=10;CPXPARAM_Simplex_PGradient=0;CPXPARAM_Simplex_Pricing=0;CPXPARAM_Simplex_Refactor=0
4069195234408129390,0,CPXPARAM_Advance=1;CPXPARAM_Barrier_Algorithm=0;CPXPARAM_Barrier_ColNonzeros=0;CPXPARAM_Barrier_Crossover=0;CPXPARAM_Barrier_Limits_Corrections=-1;CPXPARAM_Barrier_Ordering=0;CPXPARAM_Barrier_StartAlg=1;CPXPARAM_Emphasis_MIP=2;CPXPARAM_Emphasis_Memory=0;CPXPARAM_Emphasis_Numerical=0;CPXPARAM_Feasopt_Mode=0;CPXPARAM_LPMethod=0;CPXPARAM_MIP_Cuts_Cliques=3;CPXPARAM_MIP_Cuts_Covers=0;CPXPARAM_MIP_Cuts_Disjunctive=-1;CPXPARAM_MIP_Cuts_FlowCovers=2;CPXPARAM_MIP_Cuts_GUBCovers=0;CPXPARAM_MIP_Cuts_Gomory=1;CPXPARAM_MIP_Cuts_Implied=2;CPXPARAM_MIP_Cuts_MIRCut=-1;CPXPARAM_MIP_Cuts_PathCut=1;CPXPARAM_MIP_Limits_AggForCut=3;CPXPARAM_MIP_Limits_CutPasses=0;CPXPARAM_MIP_Limits_CutsFactor=-1;CPXPARAM_MIP_Limits_GomoryCand=200;CPXPARAM_MIP_Limits_GomoryPass=0;CPXPARAM_MIP_Limits_Nodes=9223372036800000000;CPXPARAM_MIP_Limits_ProbeTime=1e+75;CPXPARAM_MIP_Limits_RepairTries=0;CPXPARAM_MIP_Limits_StrongCand=10;CPXPARAM_MIP_Limits_StrongIt=0;CPXPARAM_MIP_OrderType=0;CPXPARAM_MIP_Strategy_BBInterval=7;CPXPARAM_MIP_Strategy_Branch=0;CPXPARAM_MIP_Strategy_Dive=0;CPXPARAM_MIP_Strategy_File=1;CPXPARAM_MIP_Strategy_HeuristicFreq=0;CPXPARAM_MIP_Strategy_LBHeur=0;CPXPARAM_MIP_Strategy_NodeSelect=1;CPXPARAM_MIP_Strategy_Order=1;CPXPARAM_MIP_Strategy_PresolveNode=0;CPXPARAM_MIP_Strategy_Probe=0;CPXPARAM_MIP_Strategy_RINSHeur=0;CPXPARAM_MIP_Strategy_StartAlgorithm=0;CPXPARAM_MIP_Strategy_SubAlgorithm=0;CPXPARAM_MIP_Strategy_VariableSelect=0;CPXPARAM_Network_NetFind=2;CPXPARAM_Network_Pricing=0;CPXPARAM_Parallel=1;CPXPARAM_Preprocessing_Aggregator=-1;CPXPARAM_Preprocessing_BoundStrength=-1;CPXPARAM_Preprocessing_CoeffReduce=-1;CPXPARAM_Preprocessing_Dependency=-1;CPXPARAM_Preprocessing_Dual=0;CPXPARAM_Preprocessing_Fill=10;CPXPARAM_Preprocessing_NumPass=-1;CPXPARAM_Preprocessing_Presolve=1;CPXPARAM_Preprocessing_QPMakePSD=1;CPXPARAM_Preprocessing_Reduce=3;CPXPARAM_Preprocessing_Relax=-1;CPXPARAM_Preprocessing_RepeatPresolve=-1;CPXPARAM_Preprocessing_Symmetry=-1;CPXPARAM_Read_Scale=0;CPXPARAM_Sifting_Algorithm=0;CPXPARAM_Simplex_Crash=1;CPXPARAM_Simplex_DGradient=0;CPXPARAM_Simplex_Limits_Perturbation=0;CPXPARAM_Simplex_Limits_Singularity=10;CPXPARAM_Simplex_PGradient=0;CPXPARAM_Simplex_Pricing=0;CPXPARAM_Simplex_Refactor=0
14154543934355864823,0,CPXPARAM_Advance=1;CPXPARAM_Barrier_Algorithm=0;CPXPARAM_Barrier_ColNonzeros=0;CPXPARAM_Barrier_Crossover=0;CPXPARAM_Barrier_Limits_Corrections=-1;CPXPARAM_Barrier_Ordering=0;CPXPARAM_Barrier_StartAlg=1;CPXPARAM_Emphasis_MIP=5;CPXPARAM_Emphasis_Memory=0;CPXPARAM_Emphasis_Numerical=0;CPXPARAM_Feasopt_Mode=0;CPXPARAM_LPMethod=0;CPXPARAM_MIP_Cuts_Cliques=0;CPXPARAM_MIP_Cuts_Covers=0;CPXPARAM_MIP_Cuts_Disjunctive=0;CPXPARAM_MIP_Cuts_FlowCovers=-1;CPXPARAM_MIP_Cuts_GUBCovers=2;CPXPARAM_MIP_Cuts_Gomory=0;CPXPARAM_MIP_Cuts_Implied=0;CPXPARAM_MIP_Cuts_MIRCut=-1;CPXPARAM_MIP_Cuts_PathCut=1;CPXPARAM_MIP_Limits_AggForCut=3;CPXPARAM_MIP_Limits_CutPasses=0;CPXPARAM_MIP_Limits_CutsFactor=-1;CPXPARAM_MIP_Limits_GomoryCand=150;CPXPARAM_MIP_Limits_GomoryPass=0;CPXPARAM_MIP_Limits_Nodes=9223372036800000000;CPXPARAM_MIP_Limits_ProbeTime=1e+75;CPXPARAM_MIP_Limits_RepairTries=0;CPXPARAM_MIP_Limits_StrongCand=10;CPXPARAM_MIP_Limits_StrongIt=0;CPXPARAM_MIP_OrderType=0;CPXPARAM_MIP_Strategy_BBInterval=7;CPXPARAM_MIP_Strategy_Branch=0;CPXPARAM_MIP_Strategy_Dive=0;CPXPARAM_MIP_Strategy_File=1;CPXPARAM_MIP_Strategy_HeuristicFreq=0;CPXPARAM_MIP_Strategy_LBHeur=0;CPXPARAM_MIP_Strategy_NodeSelect=1;CPXPARAM_MIP_Strategy_Order=1;CPXPARAM_MIP_Strategy_PresolveNode=0;CPXPARAM_MIP_Strategy_Probe=0;CPXPARAM_MIP_Strategy_RINSHeur=0;CPXPARAM_MIP_Strategy_StartAlgorithm=0;CPXPARAM_MIP_Strategy_SubAlgorithm=0;CPXPARAM_MIP_Strategy_VariableSelect=0;CPXPARAM_Network_NetFind=2;CPXPARAM_Network_Pricing=0;CPXPARAM_Parallel=1;CPXPARAM_Preprocessing_Aggregator=-1;CPXPARAM_Preprocessing_BoundStrength=-1;CPXPARAM_Preprocessing_CoeffReduce=-1;CPXPARAM_Preprocessing_Dependency=-1;CPXPARAM_Preprocessing_Dual=0;CPXPARAM_Preprocessing_Fill=10;CPXPARAM_Preprocessing_NumPass=-1;CPXPARAM_Preprocessing_Presolve=1;CPXPARAM_Preprocessing_QPMakePSD=1;CPXPARAM_Preprocessing_Reduce=3;CPXPARAM_Preprocessing_Relax=-1;CPXPARAM_Preprocessing_RepeatPresolve=-1;CPXPARAM_Preprocessing_Symmetry=-1;CPXPARAM_Read_Scale=0;CPXPARAM_Sifting_Algorithm=0;CPXPARAM_Simplex_Crash=1;CPXPARAM_Simplex_DGradient=0;CPXPARAM_Simplex_Limits_Perturbation=0;CPXPARAM_Simplex_Limits_Singularity=10;CPXPARAM_Simplex_PGradient=0;CPXPARAM_Simplex_Pricing=0;CPXPARAM_Simplex_Refactor=0
10925590405086684354,0,CPXPARAM_Advance=1;CPXPARAM_Barrier_Algorithm=0;CPXPARAM_Barrier_ColNonzeros=0;CPXPARAM_Barrier_Crossover=0;CPXPARAM_Barrier_Limits_Corrections=-1;CPXPARAM_Barrier_Ordering=0;CPXPARAM_Barrier_StartAlg=1;CPXPARAM_Emphasis_MIP=0;CPXPARAM_Emphasis_Memory=0;CPXPARAM_Emphasis_Numerical=0;CPXPARAM_Feasopt_Mode=0;CPXPARAM_LPMethod=0;CPXPARAM_MIP_Cuts_Cliques=3;CPXPARAM_MIP_Cuts_Covers=-1;CPXPARAM_MIP_Cuts_Disjunctive=-1;CPXPARAM_MIP_Cuts_FlowCovers=-1;CPXPARAM_MIP_Cuts_GUBCovers=0;CPXPARAM_MIP_Cuts_Gomory=0;CPXPARAM_MIP_Cuts_Implied=2;CPXPARAM_MIP_Cuts_MIRCut=-1;CPXPARAM_MIP_Cuts_PathCut=-1;CPXPARAM_MIP_Limits_AggForCut=2;CPXPARAM_MIP_Limits_CutPasses=0;CPXPARAM_MIP_Limits_CutsFactor=-1;CPXPARAM_MIP_Limits_GomoryCand=50;CPXPARAM_MIP_Limits_GomoryPass=0;CPXPARAM_MIP_Limits_Nodes=9223372036800000000;CPXPARAM_MIP_Limits_ProbeTime=1e+75;CPXPARAM_MIP_Limits_RepairTries=0;CPXPARAM_MIP_Limits_StrongCand=10;CPXPARAM_MIP_Limits_StrongIt=0;CPXPARAM_MIP_OrderType=0;CPXPARAM_MIP_Strategy_BBInterval=7;CPXPARAM_MIP_Strategy_Branch=0;CPXPARAM_MIP_Strategy_Dive=0;CPXPARAM_MIP_Strategy_File=1;CPXPARAM_MIP_Strategy_HeuristicFreq=0;CPXPARAM_MIP_Strategy_LBHeur=0;CPXPARAM_MIP_Strategy_NodeSelect=0;CPXPARAM_MIP_Strategy_Order=1;CPXPARAM_MIP_Strategy_PresolveNode=-1;CPXPARAM_MIP_Strategy_Probe=0;CPXPARAM_MIP_Strategy_RINSHeur=0;CPXPARAM_MIP_Strategy_StartAlgorithm=0;CPXPARAM_MIP_Strategy_SubAlgorithm=0;CPXPARAM_MIP_Strategy_VariableSelect=2;CPXPARAM_Network_NetFind=2;CPXPARAM_Network_Pricing=0;CPXPARAM_Parallel=1;CPXPARAM_Preprocessing_Aggregator=-1;CPXPARAM_Preprocessing_BoundStrength=-1;CPXPARAM_Preprocessing_CoeffReduce=-1;CPXPARAM_Preprocessing_Dependency=-1;CPXPARAM_Preprocessing_Dual=0;CPXPARAM_Preprocessing_Fill=20;CPXPARAM_Preprocessing_NumPass=-1;CPXPARAM_Preprocessing_Presolve=1;CPXPARAM_Preprocessing_QPMakePSD=1;CPXPARAM_Preprocessing_Reduce=3;CPXPARAM_Preprocessing_Relax=-1;CPXPARAM_Preprocessing_RepeatPresolve=-1;CPXPARAM_Preprocessing_Symmetry=-1;CPXPARAM_Read_Scale=0;CPXPARAM_Sifting_Algorithm=0;CPXPARAM_Simplex_Crash=1;CPXPARAM_Simplex_DGradient=0;CPXPARAM_Simplex_Limits_Perturbation=0;CPXPARAM_Simplex_Limits_Singularity=10;CPXPARAM_Simplex_PGradient=0;CPXPARAM_Simplex_Pricing=0;CPXPARAM_Simplex_Refactor=0
3168806370926990814,0,CPXPARAM_Advance=1;CPXPARAM_Barrier_Algorithm=0;CPXPARAM_Barrier_ColNonzeros=0;CPXPARAM_Barrier_Crossover=0;CPXPARAM_Barrier_Limits_Corrections=-1;CPXPARAM_Barrier_Ordering=0;CPXPARAM_Barrier_StartAlg=1;CPXPARAM_Emphasis_MIP=0;CPXPARAM_Emphasis_Memory=0;CPXPARAM_Emphasis_Numerical=0;CPXPARAM_Feasopt_Mode=0;CPXPARAM_LPMethod=0;CPXPARAM_MIP_Cuts_Cliques=-1;CPXPARAM_MIP_Cuts_Covers=3;CPXPARAM_MIP_Cuts_Disjunctive=0;CPXPARAM_MIP_Cuts_FlowCovers=2;CPXPARAM_MIP_Cuts_GUBCovers=2;CPXPARAM_MIP_Cuts_Gomory=1;CPXPARAM_MIP_Cuts_Implied=0;CPXPARAM_MIP_Cuts_MIRCut=-1;CPXPARAM_MIP_Cuts_PathCut=-1;CPXPARAM_MIP_Limits_AggForCut=3;CPXPARAM_MIP_Limits_CutPasses=0;CPXPARAM_MIP_Limits_CutsFactor=-1;CPXPARAM_MIP_Limits_GomoryCand=50;CPXPARAM_MIP_Limits_GomoryPass=0;CPXPARAM_MIP_Limits_Nodes=9223372036800000000;CPXPARAM_MIP_Limits_ProbeTime=1e+75;CPXPARAM_MIP_Limits_RepairTries=0;CPXPARAM_MIP_Limits_StrongCand=10;CPXPARAM_MIP_Limits_StrongIt=0;CPXPARAM_MIP_OrderType=0;CPXPARAM_MIP_Strategy_BBInterval=7;CPXPARAM_MIP_Strategy_Branch=0;CPXPARAM_MIP_Strategy_Dive=0;CPXPARAM_MIP_Strategy_File=1;CPXPARAM_MIP_Strategy_HeuristicFreq=0;CPXPARAM_MIP_Strategy_LBHeur=0;CPXPARAM_MIP_Strategy_NodeSelect=3;CPXPARAM_MIP_Strategy_Order=1;CPXPARAM_MIP_Strategy_PresolveNode=2;CPXPARAM_MIP_Strategy_Probe=0;CPXPARAM_MIP_Strategy_RINSHeur=0;CPXPARAM_MIP_Strategy_StartAlgorithm=0;CPXPARAM_MIP_Strategy_SubAlgorithm=0;CPXPARAM_MIP_Strategy_VariableSelect=2;CPXPARAM_Network_NetFind=2;CPXPARAM_Network_Pricing=0;CPXPARAM_Parallel=1;CPXPARAM_Preprocessing_Aggregator=-1;CPXPARAM_Preprocessing_BoundStrength=-1;CPXPARAM_Preprocessing_CoeffReduce=-1;CPXPARAM_Preprocessing_Dependency=-1;CPXPARAM_Preprocessing_Dual=0;CPXPARAM_Preprocessing_Fill=10;CPXPARAM_Preprocessing_NumPass=-1;CPXPARAM_Preprocessing_Presolve=1;CPXPARAM_Preprocessing_QPMakePSD=1;CPXPARAM_Preprocessing_Reduce=3;CPXPARAM_Preprocessing_Relax=-1;CPXPARAM_Preprocessing_RepeatPresolve=-1;CPXPARAM_Preprocessing_Symmetry=-1;CPXPARAM_Read_Scale=0;CPXPARAM_Sifting_Algorithm=0;CPXPARAM_Simplex_Crash=1;CPXPARAM_Simplex_DGradient=0;CPXPARAM_Simplex_Limits_Perturbation=0;CPXPARAM_Simplex_Limits_Singularity=10;CPXPARAM_Simplex_PGradient=0;CPXPARAM_Simplex_Pricing=0;CPXPARAM_Simplex_Refactor=0
6093385558349865586,0,CPXPARAM_Advance=1;CPXPARAM_Barrier_Algorithm=0;CPXPARAM_Barrier_ColNonzeros=0;CPXPARAM_Barrier_Crossover=0;CPXPARAM_Barrier_Limits_Corrections=-1;CPXPARAM_Barrier_Ordering=0;CPXPARAM_Barrier_StartAlg=1;CPXPARAM_Emphasis_MIP=3;CPXPARAM_Emphasis_Memory=0;CPXPARAM_Emphasis_Numerical=0;CPXPARAM_Feasopt_Mode=0;CPXPARAM_LPMethod=0;CPXPARAM_MIP_Cuts_Cliques=-1;CPXPARAM_MIP_Cuts_Covers=0;CPXPARAM_MIP_Cuts_Disjunctive=1;CPXPARAM_MIP_Cuts_FlowCovers=-1;CPXPARAM_MIP_Cuts_GUBCovers=0;CPXPARAM_MIP_Cuts_Gomory=-1;CPXPARAM_MIP_Cuts_Implied=-1;CPXPARAM_MIP_Cuts_MIRCut=1;CPXPARAM_MIP_Cuts_PathCut=-1;CPXPARAM_MIP_Limits_AggForCut=3;CPXPARAM_MIP_Limits_CutPasses=0;CPXPARAM_MIP_Limits_CutsFactor=-1;CPXPARAM_MIP_Limits_GomoryCand=200;CPXPARAM_MIP_Limits_GomoryPass=0;CPXPARAM_MIP_Limits_Nodes=9223372036800000000;CPXPARAM_MIP_Limits_ProbeTime=1e+75;CPXPARAM_MIP_Limits_RepairTries=0;CPXPARAM_MIP_Limits_StrongCand=10;CPXPARAM_MIP_Limits_StrongIt=0;CPXPARAM_MIP_OrderType=0;CPXPARAM_MIP_Strategy_BBInterval=7;CPXPARAM_MIP_Strategy_Branch=0;CPXPARAM_MIP_Strategy_Dive=0;CPXPARAM_MIP_Strategy_File=1;CPXPARAM_MIP_Strategy_HeuristicFreq=0;CPXPARAM_MIP_Strategy_LBHeur=0;CPXPARAM_MIP_Strategy_NodeSelect=1;CPXPARAM_MIP_Strategy_Order=1;CPXPARAM_MIP_Strategy_PresolveNode=0;CPXPARAM_MIP_Strategy_Probe=0;CPXPARAM_MIP_Strategy_RINSHeur=0;CPXPARAM_MIP_Strategy_StartAlgorithm=0;CPXPARAM_MIP_Strategy_SubAlgorithm=0;CPXPARAM_MIP_Strategy_VariableSelect=0;CPXPARAM_Network_NetFind=2;CPXPARAM_Network_Pricing=0;CPXPARAM_Parallel=1;CPXPARAM_Preprocessing_Aggregator=-1;CPXPARAM_Preprocessing_BoundStrength=-1;CPXPARAM_Preprocessing_CoeffReduce=-1;CPXPARAM_Preprocessing_Dependency=-1;CPXPARAM_Preprocessing_Dual=0;CPXPARAM_Preprocessing_Fill=10;CPXPARAM_Preprocessing_NumPass=-1;CPXPARAM_Preprocessing_Presolve=1;CPXPARAM_Preprocessing_QPMakePSD=1;CPXPARAM_Preprocessing_Reduce=3;CPXPARAM_Preprocessing_Relax=-1;CPXPARAM_Preprocessing_RepeatPresolve=-1;CPXPARAM_Preprocessing_Symmetry=-1;CPXPARAM_Read_Scale=0;CPXPARAM_Sifting_Algorithm=0;CPXPARAM_Simplex_Crash=1;CPXPARAM_Simplex_DGradient=0;CPXPARAM_Simplex_Limits_Perturbation=0;CPXPARAM_Simplex_Limits_Singularity=10;CPXPARAM_Simplex_PGradient=0;CPXPARAM_Simplex_Pricing=0;CPXPARAM_Simplex_Refactor=0
4505551650606600534,0,CPXPARAM_Advance=1;CPXPARAM_Barrier_Algorithm=0;CPXPARAM_Barrier_ColNonzeros=0;CPXPARAM_Barrier_Crossover=0;CPXPARAM_Barrier_Limits_Corrections=-1;CPXPARAM_Barrier_Ordering=0;CPXPARAM_Barrier_StartAlg=1;CPXPARAM_Emphasis_MIP=0;CPXPARAM_Emphasis_Memory=0;CPXPARAM_Emphasis_Numerical=0;CPXPARAM_Feasopt_Mode=0;CPXPARAM_LPMethod=0;CPXPARAM_MIP_Cuts_Cliques=3;CPXPARAM_MIP_Cuts_Covers=-1;CPXPARAM_MIP_Cuts_Disjunctive=-1;CPXPARAM_MIP_Cuts_FlowCovers=2;CPXPARAM_MIP_Cuts_GUBCovers=0;CPXPARAM_MIP_Cuts_Gomory=0;CPXPARAM_MIP_Cuts_Implied=2;CPXPARAM_MIP_Cuts_MIRCut=-1;CPXPARAM_MIP_Cuts_PathCut=-1;CPXPARAM_MIP_Limits_AggForCut=2;CPXPARAM_MIP_Limits_CutPasses=0;CPXPARAM_MIP_Limits_CutsFactor=-1;CPXPARAM_MIP_Limits_GomoryCand=50;CPXPARAM_MIP_Limits_GomoryPass=0;CPXPARAM_MIP_Limits_Nodes=9223372036800000000;CPXPARAM_MIP_Limits_ProbeTime=1e+75;CPXPARAM_MIP_Limits_RepairTries=0;CPXPARAM_MIP_Limits_StrongCand=10;CPXPARAM_MIP_Limits_StrongIt=0;CPXPARAM_MIP_OrderType=0;CPXPARAM_MIP_Strategy_BBInterval=7;CPXPARAM_MIP_Strategy_Branch=0;CPXPARAM_MIP_Strategy_Dive=0;CPXPARAM_MIP_Strategy_File=1;CPXPARAM_MIP_Strategy_HeuristicFreq=0;CPXPARAM_MIP_Strategy_LBHeur=0;CPXPARAM_MIP_Strategy_NodeSelect=0;CPXPARAM_MIP_Strategy_Order=1;CPXPARAM_MIP_Strategy_PresolveNode=3;CPXPARAM_MIP_Strategy_Probe=0;CPXPARAM_MIP_Strategy_RINSHeur=0;CPXPARAM_MIP_Strategy_StartAlgorithm=0;CPXPARAM_MIP_Strategy_SubAlgorithm=0;CPXPARAM_MIP_Strategy_VariableSelect=2;CPXPARAM_Network_NetFind=2;CPXPARAM_Network_Pricing=0;CPXPARAM_Parallel=1;CPXPARAM_Preprocessing_Aggregator=-1;CPXPARAM_Preprocessing_BoundStrength=-1;CPXPARAM_Preprocessing_CoeffReduce=-1;CPXPARAM_Preprocessing_Dependency=-1;CPXPARAM_Preprocessing_Dual=0;CPXPARAM_Preprocessing_Fill=20;CPXPARAM_Preprocessing_NumPass=-1;CPXPARAM_Preprocessing_Presolve=1;CPXPARAM_Preprocessing_QPMakePSD=1;CPXPARAM_Preprocessing_Reduce=3;CPXPARAM_Preprocessing_Relax=-1;CPXPARAM_Preprocessing_RepeatPresolve=-1;CPXPARAM_Preprocessing_Symmetry=-1;CPXPARAM_Read_Scale=0;CPXPARAM_Sifting_Algorithm=0;CPXPARAM_Simplex_Crash=1;CPXPARAM_Simplex_DGradient=0;CPXPARAM_Simplex_Limits_Perturbation=0;CPXPARAM_Simplex_Limits_Singularity=10;CPXPARAM_Simplex_PGradient=0;CPXPARAM_Simplex_Pricing=0;CPXPARAM_Simplex_Refactor=0
14490890517286989795,0,CPXPARAM_Advance=1;CPXPARAM_Barrier_Algorithm=0;CPXPARAM_Barrier_ColNonzeros=0;CPXPARAM_Barrier_Crossover=0;CPXPARAM_Barrier_Limits_Corrections=-1;CPXPARAM_Barrier_Ordering=0;CPXPARAM_Barrier_StartAlg=1;CPXPARAM_Emphasis_MIP=1;CPXPARAM_Emphasis_Memory=0;CPXPARAM_Emphasis_Numerical=0;CPXPARAM_Feasopt_Mode=0;CPXPARAM_LPMethod=0;CPXPARAM_MIP_Cuts_Cliques=1;CPXPARAM_MIP_Cuts_Covers=-1;CPXPARAM_MIP_Cuts_Disjunctive=0;CPXPARAM_MIP_Cuts_FlowCovers=2;CPXPARAM_MIP_Cuts_GUBCovers=1;CPXPARAM_MIP_Cuts_Gomory=2;CPXPARAM_MIP_Cuts_Implied=2;CPXPARAM_MIP_Cuts_MIRCut=1;CPXPARAM_MIP_Cuts_PathCut=0;CPXPARAM_MIP_Limits_AggForCut=3;CPXPARAM_MIP_Limits_CutPasses=0;CPXPARAM_MIP_Limits_CutsFactor=-1;CPXPARAM_MIP_Limits_GomoryCand=100;CPXPARAM_MIP_Limits_GomoryPass=0;CPXPARAM_MIP_Limits_Nodes=9223372036800000000;CPXPARAM_MIP_Limits_ProbeTime=1e+75;CPXPARAM_MIP_Limits_RepairTries=0;CPXPARAM_MIP_Limits_StrongCand=10;CPXPARAM_MIP_Limits_StrongIt=0;CPXPARAM_MIP_OrderType=0;CPXPARAM_MIP_Strategy_BBInterval=7;CPXPARAM_MIP_Strategy_Branch=1;CPXPARAM_MIP_Strategy_Dive=0;CPXPARAM_MIP_Strategy_File=1;CPXPARAM_MIP_Strategy_HeuristicFreq=0;CPXPARAM_MIP_Strategy_LBHeur=0;CPXPARAM_MIP_Strategy_NodeSelect=2;CPXPARAM_MIP_Strategy_Order=1;CPXPARAM_MIP_Strategy_PresolveNode=2;CPXPARAM_MIP_Strategy_Probe=-1;CPXPARAM_MIP_Strategy_RINSHeur=0;CPXPARAM_MIP_Strategy_StartAlgorithm=0;CPXPARAM_MIP_Strategy_SubAlgorithm=0;CPXPARAM_MIP_Strategy_VariableSelect=-1;CPXPARAM_Network_NetFind=2;CPXPARAM_Network_Pricing=0;CPXPARAM_Parallel=1;CPXPARAM_Preprocessing_Aggregator=-1;CPXPARAM_Preprocessing_BoundStrength=-1;CPXPARAM_Preprocessing_CoeffReduce=-1;CPXPARAM_Preprocessing_Dependency=-1;CPXPARAM_Preprocessing_Dual=0;CPXPARAM_Preprocessing_Fill=10;CPXPARAM_Preprocessing_NumPass=-1;CPXPARAM_Preprocessing_Presolve=1;CPXPARAM_Preprocessing_QPMakePSD=1;CPXPARAM_Preprocessing_Reduce=3;CPXPARAM_Preprocessing_Relax=-1;CPXPARAM_Preprocessing_RepeatPresolve=-1;CPXPARAM_Preprocessing_Symmetry=-1;CPXPARAM_Read_Scale=0;CPXPARAM_Sifting_Algorithm=0;CPXPARAM_Simplex_Crash=1;CPXPARAM_Simplex_DGradient=0;CPXPARAM_Simplex_Limits_Perturbation=0;CPXPARAM_Simplex_Limits_Singularity=10;CPXPARAM_Simplex_PGradient=0;CPXPARAM_Simplex_Pricing=0;CPXPARAM_Simplex_Refactor=0
5282930493191799865,0,CPXPARAM_Advance=1;CPXPARAM_Barrier_Algorithm=0;CPXPARAM_Barrier_ColNonzeros=0;CPXPARAM_Barrier_Crossover=0;CPXPARAM_Barrier_Limits_Corrections=-1;CPXPARAM_Barrier_Ordering=0;CPXPARAM_Barrier_StartAlg=1;CPXPARAM_Emphasis_MIP=2;CPXPARAM_Emphasis_Memory=0;CPXPARAM_Emphasis_Numerical=0;CPXPARAM_Feasopt_Mode=0;CPXPARAM_LPMethod=0;CPXPARAM_MIP_Cuts_Cliques=0;CPXPARAM_MIP_Cuts_Covers=-1;CPXPARAM_MIP_Cuts_Disjunctive=-1;CPXPARAM_MIP_Cuts_FlowCovers=2;CPXPARAM_MIP_Cuts_GUBCovers=1;CPXPARAM_MIP_Cuts_Gomory=0;CPXPARAM_MIP_Cuts_Implied=-1;CPXPARAM_MIP_Cuts_MIRCut=0;CPXPARAM_MIP_Cuts_PathCut=0;CPXPARAM_MIP_Limits_AggForCut=3;CPXPARAM_MIP_Limits_CutPasses=0;CPXPARAM_MIP_Limits_CutsFactor=-1;CPXPARAM_MIP_Limits_GomoryCand=150;CPXPARAM_MIP_Limits_GomoryPass=0;CPXPARAM_MIP_Limits_Nodes=9223372036800000000;CPXPARAM_MIP_Limits_ProbeTime=1e+75;CPXPARAM_MIP_Limits_RepairTries=0;CPXPARAM_MIP_Limits_StrongCand=10;CPXPARAM_MIP_Limits_StrongIt=0;CPXPARAM_MIP_OrderType=0;CPXPARAM_MIP_Strategy_BBInterval=7;CPXPARAM_MIP_Strategy_Branch=1;CPXPARAM_MIP_Strategy_Dive=0;CPXPARAM_MIP_Strategy_File=1;CPXPARAM_MIP_Strategy_HeuristicFreq=0;CPXPARAM_MIP_Strategy_LBHeur=0;CPXPARAM_MIP_Strategy_NodeSelect=0;CPXPARAM_MIP_Strategy_Order=1;CPXPARAM_MIP_Strategy_PresolveNode=-1;CPXPARAM_MIP_Strategy_Probe=3;CPXPARAM_MIP_Strategy_RINSHeur=0;CPXPARAM_MIP_Strategy_StartAlgorithm=0;CPXPARAM_MIP_Strategy_SubAlgorithm=4;CPXPARAM_MIP_Strategy_VariableSelect=3;CPXPARAM_Network_NetFind=2;CPXPARAM_Network_Pricing=0;CPXPARAM_Parallel=1;CPXPARAM_Preprocessing_Aggregator=-1;CPXPARAM_Preprocessing_BoundStrength=-1;CPXPARAM_Preprocessing_CoeffReduce=-1;CPXPARAM_Preprocessing_Dependency=-1;CPXPARAM_Preprocessing_Dual=0;CPXPARAM_Preprocessing_Fill=10;CPXPARAM_Preprocessing_NumPass=-1;CPXPARAM_Preprocessing_Presolve=1;CPXPARAM_Preprocessing_QPMakePSD=1;CPXPARAM_Preprocessing_Reduce=3;CPXPARAM_Preprocessing_Relax=-1;CPXPARAM_Preprocessing_RepeatPresolve=-1;CPXPARAM_Preprocessing_Symmetry=-1;CPXPARAM_Read_Scale=0;CPXPARAM_Sifting_Algorithm=0;CPXPARAM_Simplex_Crash=1;CPXPARAM_Simplex_DGradient=0;CPXPARAM_Simplex_Limits_Perturbation=0;CPXPARAM_Simplex_Limits_Singularity=10;CPXPARAM_Simplex_PGradient=0;CPXPARAM_Simplex_Pricing=0;CPXPARAM_Simplex_Refactor=0
15234157465812528417,0,CPXPARAM_Advance=1;CPXPARAM_Barrier_Algorithm=0;CPXPARAM_Barrier_ColNonzeros=0;CPXPARAM_Barrier_Crossover=0;CPXPARAM_Barrier_Limits_Corrections=-1;CPXPARAM_Barrier_Ordering=0;CPXPARAM_Barrier_StartAlg=1;CPXPARAM_Emphasis_MIP=3;CPXPARAM_Emphasis_Memory=0;CPXPARAM_Emphasis_Numerical=0;CPXPARAM_Feasopt_Mode=0;CPXPARAM_LPMethod=0;CPXPARAM_MIP_Cuts_Cliques=-1;CPXPARAM_MIP_Cuts_Covers=0;CPXPARAM_MIP_Cuts_Disjunctive=1;CPXPARAM_MIP_Cuts_FlowCovers=0;CPXPARAM_MIP_Cuts_GUBCovers=1;CPXPARAM_MIP_Cuts_Gomory=-1;CPXPARAM_MIP_Cuts_Implied=1;CPXPARAM_MIP_Cuts_MIRCut=0;CPXPARAM_MIP_Cuts_PathCut=0;CPXPARAM_MIP_Limits_AggForCut=3;CPXPARAM_MIP_Limits_CutPasses=0;CPXPARAM_MIP_Limits_CutsFactor=-1;CPXPARAM_MIP_Limits_GomoryCand=25;CPXPARAM_MIP_Limits_GomoryPass=0;CPXPARAM_MIP_Limits_Nodes=9223372036800000000;CPXPARAM_MIP_Limits_ProbeTime=1e+75;CPXPARAM_MIP_Limits_RepairTries=0;CPXPARAM_MIP_Limits_StrongCand=10;CPXPARAM_MIP_Limits_StrongIt=0;CPXPARAM_MIP_OrderType=0;CPXPARAM_MIP_Strategy_BBInterval=7;CPXPARAM_MIP_Strategy_Branch=-1;CPXPARAM_MIP_Strategy_Dive=0;CPXPARAM_MIP_Strategy_File=1;CPXPARAM_MIP_Strategy_HeuristicFreq=0;CPXPARAM_MIP_Strategy_LBHeur=0;CPXPARAM_MIP_Strategy_NodeSelect=2;CPXPARAM_MIP_Strategy_Order=1;CPXPARAM_MIP_Strategy_PresolveNode=0;CPXPARAM_MIP_Strategy_Probe=1;CPXPARAM_MIP_Strategy_RINSHeur=0;CPXPARAM_MIP_Strategy_StartAlgorithm=0;CPXPARAM_MIP_Strategy_SubAlgorithm=0;CPXPARAM_MIP_Strategy_VariableSelect=4;CPXPARAM_Network_NetFind=2;CPXPARAM_Network_Pricing=0;CPXPARAM_Parallel=1;CPXPARAM_Preprocessing_Aggregator=-1;CPXPARAM_Preprocessing_BoundStrength=-1;CPXPARAM_Preprocessing_CoeffReduce=-1;CPXPARAM_Preprocessing_Dependency=-1;CPXPARAM_Preprocessing_Dual=0;CPXPARAM_Preprocessing_Fill=10;CPXPARAM_Preprocessing_NumPass=-1;CPXPARAM_Preprocessing_Presolve=1;CPXPARAM_Preprocessing_QPMakePSD=1;CPXPARAM_Preprocessing_Reduce=3;CPXPARAM_Preprocessing_Relax=-1;CPXPARAM_Preprocessing_RepeatPresolve=-1;CPXPARAM_Preprocessing_Symmetry=-1;CPXPARAM_Read_Scale=0;CPXPARAM_Sifting_Algorithm=0;CPXPARAM_Simplex_Crash=1;CPXPARAM_Simplex_DGradient=0;CPXPARAM_Simplex_Limits_Perturbation=0;CPXPARAM_Simplex_Limits_Singularity=10;CPXPARAM_Simplex_PGradient=0;CPXPARAM_Simplex_Pricing=0;CPXPARAM_Simplex_Refactor=0
128525655669787380,0,CPXPARAM_Advance=1;CPXPARAM_Barrier_Algorithm=0;CPXPARAM_Barrier_ColNonzeros=0;CPXPARAM_Barrier_Crossover=0;CPXPARAM_Barrier_Limits_Corrections=-1;CPXPARAM_Barrier_Ordering=0;CPXPARAM_Barrier_StartAlg=1;CPXPARAM_Emphasis_MIP=0;CPXPARAM_Emphasis_Memory=0;CPXPARAM_Emphasis_Numerical=0;CPXPARAM_Feasopt_Mode=0;CPXPARAM_LPMethod=0;CPXPARAM_MIP_Cuts_Cliques=3;CPXPARAM_MIP_Cuts_Covers=-1;CPXPARAM_MIP_Cuts_Disjunctive=-1;CPXPARAM_MIP_Cuts_FlowCovers=-1;CPXPARAM_MIP_Cuts_GUBCovers=0;CPXPARAM_MIP_Cuts_Gomory=0;CPXPARAM_MIP_Cuts_Implied=2;CPXPARAM_MIP_Cuts_MIRCut=-1;CPXPARAM_MIP_Cuts_PathCut=-1;CPXPARAM_MIP_Limits_AggForCut=5;CPXPARAM_MIP_Limits_CutPasses=0;CPXPARAM_MIP_Limits_CutsFactor=-1;CPXPARAM_MIP_Limits_GomoryCand=50;CPXPARAM_MIP_Limits_GomoryPass=0;CPXPARAM_MIP_Limits_Nodes=9223372036800000000;CPXPARAM_MIP_Limits_ProbeTime=1e+75;CPXPARAM_MIP_Limits_RepairTries=0;CPXPARAM_MIP_Limits_StrongCand=10;CPXPARAM_MIP_Limits_StrongIt=0;CPXPARAM_MIP_OrderType=0;CPXPARAM_MIP_Strategy_BBInterval=7;CPXPARAM_MIP_Strategy_Branch=0;CPXPARAM_MIP_Strategy_Dive=0;CPXPARAM_MIP_Strategy_File=1;CPXPARAM_MIP_Strategy_HeuristicFreq=0;CPXPARAM_MIP_Strategy_LBHeur=0;CPXPARAM_MIP_Strategy_NodeSelect=0;CPXPARAM_MIP_Strategy_Order=1;CPXPARAM_MIP_Strategy_PresolveNode=3;CPXPARAM_MIP_Strategy_Probe=0;CPXPARAM_MIP_Strategy_RINSHeur=0;CPXPARAM_MIP_Strategy_StartAlgorithm=0;CPXPARAM_MIP_Strategy_SubAlgorithm=0;CPXPARAM_MIP_Strategy_VariableSelect=2;CPXPARAM_Network_NetFind=2;CPXPARAM_Network_Pricing=0;CPXPARAM_Parallel=1;CPXPARAM_Preprocessing_Aggregator=-1;CPXPARAM_Preprocessing_BoundStrength=-1;CPXPARAM_Preprocessing_CoeffReduce=-1;CPXPARAM_Preprocessing_Dependency=-1;CPXPARAM_Preprocessing_Dual=0;CPXPARAM_Preprocessing_Fill=20;CPXPARAM_Preprocessing_NumPass=-1;CPXPARAM_Preprocessing_Presolve=1;CPXPARAM_Preprocessing_QPMakePSD=1;CPXPARAM_Preprocessing_Reduce=3;CPXPARAM_Preprocessing_Relax=-1;CPXPARAM_Preprocessing_RepeatPresolve=-1;CPXPARAM_Preprocessing_Symmetry=-1;CPXPARAM_Read_Scale=0;CPXPARAM_Sifting_Algorithm=0;CPXPARAM_Simplex_Crash=1;CPXPARAM_Simplex_DGradient=0;CPXPARAM_Simplex_Limits_Perturbation=0;CPXPARAM_Simplex_Limits_Singularity=10;CPXPARAM_Simplex_PGradient=0;CPXPARAM_Simplex_Pricing=0;CPXPARAM_Simplex_Refactor=0
6684053691439621000,0,CPXPARAM_Advance=1;CPXPARAM_Barrier_Algorithm=0;CPXPARAM_Barrier_ColNonzeros=0;CPXPARAM_Barrier_Crossover=0;CPXPARAM_Barrier_Limits_Corrections=-1;CPXPARAM_Barrier_Ordering=0;CPXPARAM_Barrier_StartAlg=1;CPXPARAM_Emphasis_MIP=1;CPXPARAM_Emphasis_Memory=0;CPXPARAM_Emphasis_Numerical=0;CPXPARAM_Feasopt_Mode=0;CPXPARAM_LPMethod=0;CPXPARAM_MIP_Cuts_Cliques=1;CPXPARAM_MIP_Cuts_Covers=0;CPXPARAM_MIP_Cuts_Disjunctive=0;CPXPARAM_MIP_Cuts_FlowCovers=2;CPXPARAM_MIP_Cuts_GUBCovers=1;CPXPARAM_MIP_Cuts_Gomory=2;CPXPARAM_MIP_Cuts_Implied=2;CPXPARAM_MIP_Cuts_MIRCut=1;CPXPARAM_MIP_Cuts_PathCut=0;CPXPARAM_MIP_Limits_AggForCut=3;CPXPARAM_MIP_Limits_CutPasses=0;CPXPARAM_MIP_Limits_CutsFactor=-1;CPXPARAM_MIP_Limits_GomoryCand=100;CPXPARAM_MIP_Limits_GomoryPass=0;CPXPARAM_MIP_Limits_Nodes=9223372036800000000;CPXPARAM_MIP_Limits_ProbeTime=1e+75;CPXPARAM_MIP_Limits_RepairTries=0;CPXPARAM_MIP_Limits_StrongCand=10;CPXPARAM_MIP_Limits_StrongIt=0;CPXPARAM_MIP_OrderType=0;CPXPARAM_MIP_Strategy_BBInterval=7;CPXPARAM_MIP_Strategy_Branch=0;CPXPARAM_MIP_Strategy_Dive=0;CPXPARAM_MIP_Strategy_File=1;CPXPARAM_MIP_Strategy_HeuristicFreq=0;CPXPARAM_MIP_Strategy_LBHeur=0;CPXPARAM_MIP_Strategy_NodeSelect=2;CPXPARAM_MIP_Strategy_Order=1;CPXPARAM_MIP_Strategy_PresolveNode=2;CPXPARAM_MIP_Strategy_Probe=-1;CPXPARAM_MIP_Strategy_RINSHeur=0;CPXPARAM_MIP_Strategy_StartAlgorithm=0;CPXPARAM_MIP_Strategy_SubAlgorithm=0;CPXPARAM_MIP_Strategy_VariableSelect=-1;CPXPARAM_Network_NetFind=2;CPXPARAM_Network_Pricing=0;CPXPARAM_Parallel=1;CPXPARAM_Preprocessing_Aggregator=-1;CPXPARAM_Preprocessing_BoundStrength=-1;CPXPARAM_Preprocessing_CoeffReduce=-1;CPXPARAM_Preprocessing_Dependency=-1;CPXPARAM_Preprocessing_Dual=0;CPXPARAM_Preprocessing_Fill=10;CPXPARAM_Preprocessing_NumPass=-1;CPXPARAM_Preprocessing_Presolve=1;CPXPARAM_Preprocessing_QPMakePSD=1;CPXPARAM_Preprocessing_Reduce=3;CPXPARAM_Preprocessing_Relax=-1;CPXPARAM_Preprocessing_RepeatPresolve=-1;CPXPARAM_Preprocessing_Symmetry=-1;CPXPARAM_Read_Scale=0;CPXPARAM_Sifting_Algorithm=0;CPXPARAM_Simplex_Crash=1;CPXPARAM_Simplex_DGradient=0;CPXPARAM_Simplex_Limits_Perturbation=0;CPXPARAM_Simplex_Limits_Singularity=10;CPXPARAM_Simplex_PGradient=0;CPXPARAM_Simplex_Pricing=0;CPXPARAM_Simplex_Refactor=0
5973263275725831979,0,CPXPARAM_Advance=1;CPXPARAM_Barrier_Algorithm=0;CPXPARAM_Barrier_ColNonzeros=0;CPXPARAM_Barrier_Crossover=0;CPXPARAM_Barrier_Limits_Corrections=-1;CPXPARAM_Barrier_Ordering=0;CPXPARAM_Barrier_StartAlg=1;CPXPARAM_Emphasis_MIP=0;CPXPARAM_Emphasis_Memory=0;CPXPARAM_Emphasis_Numerical=0;CPXPARAM_Feasopt_Mode=0;CPXPARAM_LPMethod=0;CPXPARAM_MIP_Cuts_Cliques=3;CPXPARAM_MIP_Cuts_Covers=-1;CPXPARAM_MIP_Cuts_Disjunctive=-1;CPXPARAM_MIP_Cuts_FlowCovers=-1;CPXPARAM_MIP_Cuts_GUBCovers=0;CPXPARAM_MIP_Cuts_Gomory=0;CPXPARAM_MIP_Cuts_Implied=2;CPXPARAM_MIP_Cuts_MIRCut=-1;CPXPARAM_MIP_Cuts_PathCut=-1;CPXPARAM_MIP_Limits_AggForCut=3;CPXPARAM_MIP_Limits_CutPasses=0;CPXPARAM_MIP_Limits_CutsFactor=-1;CPXPARAM_MIP_Limits_GomoryCand=50;CPXPARAM_MIP_Limits_GomoryPass=0;CPXPARAM_MIP_Limits_Nodes=9223372036800000000;CPXPARAM_MIP_Limits_ProbeTime=1e+75;CPXPARAM_MIP_Limits_RepairTries=0;CPXPARAM_MIP_Limits_StrongCand=10;CPXPARAM_MIP_Limits_StrongIt=0;CPXPARAM_MIP_OrderType=0;CPXPARAM_MIP_Strategy_BBInterval=7;CPXPARAM_MIP_Strategy_Branch=0;CPXPARAM_MIP_Strategy_Dive=0;CPXPARAM_MIP_Strategy_File=1;CPXPARAM_MIP_Strategy_HeuristicFreq=0;CPXPARAM_MIP_Strategy_LBHeur=0;CPXPARAM_MIP_Strategy_NodeSelect=0;CPXPARAM_MIP_Strategy_Order=1;CPXPARAM_MIP_Strategy_PresolveNode=3;CPXPARAM_MIP_Strategy_Probe=0;CPXPARAM_MIP_Strategy_RINSHeur=0;CPXPARAM_MIP_Strategy_StartAlgorithm=0;CPXPARAM_MIP_Strategy_SubAlgorithm=0;CPXPARAM_MIP_Strategy_VariableSelect=2;CPXPARAM_Network_NetFind=2;CPXPARAM_Network_Pricing=0;CPXPARAM_Parallel=1;CPXPARAM_Preprocessing_Aggregator=-1;CPXPARAM_Preprocessing_BoundStrength=-1;CPXPARAM_Preprocessing_CoeffReduce=-1;CPXPARAM_Preprocessing_Dependency=-1;CPXPARAM_Preprocessing_Dual=0;CPXPARAM_Preprocessing_Fill=20;CPXPARAM_Preprocessing_NumPass=-1;CPXPARAM_Preprocessing_Presolve=1;CPXPARAM_Preprocessing_QPMakePSD=1;CPXPARAM_Preprocessing_Reduce=3;CPXPARAM_Preprocessing_Relax=-1;CPXPARAM_Preprocessing_RepeatPresolve=-1;CPXPARAM_Preprocessing_Symmetry=-1;CPXPARAM_Read_Scale=0;CPXPARAM_Sifting_Algorithm=0;CPXPARAM_Simplex_Crash=1;CPXPARAM_Simplex_DGradient=0;CPXPARAM_Simplex_Limits_Perturbation=0;CPXPARAM_Simplex_Limits_Singularity=10;CPXPARAM_Simplex_PGradient=0;CPXPARAM_Simplex_Pricing=0;CPXPARAM_Simplex_Refactor=0
13052969643196399317,0,CPXPARAM_Advance=1;CPXPARAM_Barrier_Algorithm=0;CPXPARAM_Barrier_ColNonzeros=0;CPXPARAM_Barrier_Crossover=0;CPXPARAM_Barrier_Limits_Corrections=-1;CPXPARAM_Barrier_Ordering=0;CPXPARAM_Barrier_StartAlg=1;CPXPARAM_Emphasis_MIP=3;CPXPARAM_Emphasis_Memory=0;CPXPARAM_Emphasis_Numerical=0;CPXPARAM_Feasopt_Mode=0;CPXPARAM_LPMethod=0;CPXPARAM_MIP_Cuts_Cliques=2;CPXPARAM_MIP_Cuts_Covers=3;CPXPARAM_MIP_Cuts_Disjunctive=0;CPXPARAM_MIP_Cuts_FlowCovers=-1;CPXPARAM_MIP_Cuts_GUBCovers=-1;CPXPARAM_MIP_Cuts_Gomory=0;CPXPARAM_MIP_Cuts_Implied=1;CPXPARAM_MIP_Cuts_MIRCut=-1;CPXPARAM_MIP_Cuts_PathCut=0;CPXPARAM_MIP_Limits_AggForCut=2;CPXPARAM_MIP_Limits_CutPasses=0;CPXPARAM_MIP_Limits_CutsFactor=-1;CPXPARAM_MIP_Limits_GomoryCand=200;CPXPARAM_MIP_Limits_GomoryPass=0;CPXPARAM_MIP_Limits_Nodes=9223372036800000000;CPXPARAM_MIP_Limits_ProbeTime=1e+75;CPXPARAM_MIP_Limits_RepairTries=0;CPXPARAM_MIP_Limits_StrongCand=10;CPXPARAM_MIP_Limits_StrongIt=0;CPXPARAM_MIP_OrderType=0;CPXPARAM_MIP_Strategy_BBInterval=7;CPXPARAM_MIP_Strategy_Branch=1;CPXPARAM_MIP_Strategy_Dive=0;CPXPARAM_MIP_Strategy_File=1;CPXPARAM_MIP_Strategy_HeuristicFreq=0;CPXPARAM_MIP_Strategy_LBHeur=0;CPXPARAM_MIP_Strategy_NodeSelect=2;CPXPARAM_MIP_Strategy_Order=1;CPXPARAM_MIP_Strategy_PresolveNode=-1;CPXPARAM_MIP_Strategy_Probe=2;CPXPARAM_MIP_Strategy_RINSHeur=0;CPXPARAM_MIP_Strategy_StartAlgorithm=0;CPXPARAM_MIP_Strategy_SubAlgorithm=3;CPXPARAM_MIP_Strategy_VariableSelect=2;CPXPARAM_Network_NetFind=2;CPXPARAM_Network_Pricing=0;CPXPARAM_Parallel=1;CPXPARAM_Preprocessing_Aggregator=-1;CPXPARAM_Preprocessing_BoundStrength=-1;CPXPARAM_Preprocessing_CoeffReduce=-1;CPXPARAM_Preprocessing_Dependency=-1;CPXPARAM_Preprocessing_Dual=0;CPXPARAM_Preprocessing_Fill=10;CPXPARAM_Preprocessing_NumPass=-1;CPXPARAM_Preprocessing_Presolve=1;CPXPARAM_Preprocessing_QPMakePSD=1;CPXPARAM_Preprocessing_Reduce=3;CPXPARAM_Preprocessing_Relax=-1;CPXPARAM_Preprocessing_RepeatPresolve=-1;CPXPARAM_Preprocessing_Symmetry=-1;CPXPARAM_Read_Scale=0;CPXPARAM_Sifting_Algorithm=0;CPXPARAM_Simplex_Crash=1;CPXPARAM_Simplex_DGradient=0;CPXPARAM_Simplex_Limits_Perturbation=0;CPXPARAM_Simplex_Limits_Singularity=10;CPXPARAM_Simplex_PGradient=0;CPXPARAM_Simplex_Pricing=0;CPXPARAM_Simplex_Refactor=0
2455131128979633580,0,CPXPARAM_Advance=1;CPXPARAM_Barrier_Algorithm=0;CPXPARAM_Barrier_ColNonzeros=0;CPXPARAM_Barrier_Crossover=0;CPXPARAM_Barrier_Limits_Corrections=-1;CPXPARAM_Barrier_Ordering=0;CPXPARAM_Barrier_StartAlg=1;CPXPARAM_Emphasis_MIP=5;CPXPARAM_Emphasis_Memory=0;CPXPARAM_Emphasis_Numerical=0;CPXPARAM_Feasopt_Mode=0;CPXPARAM_LPMethod=0;CPXPARAM_MIP_Cuts_Cliques=3;CPXPARAM_MIP_Cuts_Covers=0;CPXPARAM_MIP_Cuts_Disjunctive=-1;CPXPARAM_MIP_Cuts_FlowCovers=0;CPXPARAM_MIP_Cuts_GUBCovers=1;CPXPARAM_MIP_Cuts_Gomory=-1;CPXPARAM_MIP_Cuts_Implied=2;CPXPARAM_MIP_Cuts_MIRCut=-1;CPXPARAM_MIP_Cuts_PathCut=-1;CPXPARAM_MIP_Limits_AggForCut=0;CPXPARAM_MIP_Limits_CutPasses=0;CPXPARAM_MIP_Limits_CutsFactor=-1;CPXPARAM_MIP_Limits_GomoryCand=200;CPXPARAM_MIP_Limits_GomoryPass=0;CPXPARAM_MIP_Limits_Nodes=9223372036800000000;CPXPARAM_MIP_Limits_ProbeTime=1e+75;CPXPARAM_MIP_Limits_RepairTries=0;CPXPARAM_MIP_Limits_StrongCand=10;CPXPARAM_MIP_Limits_StrongIt=0;CPXPARAM_MIP_OrderType=0;CPXPARAM_MIP_Strategy_BBInterval=7;CPXPARAM_MIP_Strategy_Branch=-1;CPXPARAM_MIP_Strategy_Dive=0;CPXPARAM_MIP_Strategy_File=1;CPXPARAM_MIP_Strategy_HeuristicFreq=0;CPXPARAM_MIP_Strategy_LBHeur=0;CPXPARAM_MIP_Strategy_NodeSelect=2;CPXPARAM_MIP_Strategy_Order=1;CPXPARAM_MIP_Strategy_PresolveNode=-1;CPXPARAM_MIP_Strategy_Probe=2;CPXPARAM_MIP_Strategy_RINSHeur=0;CPXPARAM_MIP_Strategy_StartAlgorithm=0;CPXPARAM_MIP_Strategy_SubAlgorithm=3;CPXPARAM_MIP_Strategy_VariableSelect=4;CPXPARAM_Network_NetFind=2;CPXPARAM_Network_Pricing=0;CPXPARAM_Parallel=1;CPXPARAM_Preprocessing_Aggregator=-1;CPXPARAM_Preprocessing_BoundStrength=-1;CPXPARAM_Preprocessing_CoeffReduce=-1;CPXPARAM_Preprocessing_Dependency=-1;CPXPARAM_Preprocessing_Dual=0;CPXPARAM_Preprocessing_Fill=2;CPXPARAM_Preprocessing_NumPass=-1;CPXPARAM_Preprocessing_Presolve=1;CPXPARAM_Preprocessing_QPMakePSD=1;CPXPARAM_Preprocessing_Reduce=3;CPXPARAM_Preprocessing_Relax=-1;CPXPARAM_Preprocessing_RepeatPresolve=-1;CPXPARAM_Preprocessing_Symmetry=-1;CPXPARAM_Read_Scale=0;CPXPARAM_Sifting_Algorithm=0;CPXPARAM_Simplex_Crash=1;CPXPARAM_Simplex_DGradient=0;CPXPARAM_Simplex_Limits_Perturbation=0;CPXPARAM_Simplex_Limits_Singularity=10;CPXPARAM_Simplex_PGradient=0;CPXPARAM_Simplex_Pricing=0;CPXPARAM_Simplex_Refactor=0
510643592417891448,0,CPXPARAM_Advance=1;CPXPARAM_Barrier_Algorithm=0;CPXPARAM_Barrier_ColNonzeros=0;CPXPARAM_Barrier_Crossover=0;CPXPARAM_Barrier_Limits_Corrections=-1;CPXPARAM_Barrier_Ordering=0;CPXPARAM_Barrier_StartAlg=1;CPXPARAM_Emphasis_MIP=5;CPXPARAM_Emphasis_Memory=0;CPXPARAM_Emphasis_Numerical=0;CPXPARAM_Feasopt_Mode=0;CPXPARAM_LPMethod=0;CPXPARAM_MIP_Cuts_Cliques=0;CPXPARAM_MIP_Cuts_Covers=0;CPXPARAM_MIP_Cuts_Disjunctive=-1;CPXPARAM_MIP_Cuts_FlowCovers=-1;CPXPARAM_MIP_Cuts_GUBCovers=1;CPXPARAM_MIP_Cuts_Gomory=-1;CPXPARAM_MIP_Cuts_Implied=1;CPXPARAM_MIP_Cuts_MIRCut=2;CPXPARAM_MIP_Cuts_PathCut=0;CPXPARAM_MIP_Limits_AggForCut=2;CPXPARAM_MIP_Limits_CutPasses=0;CPXPARAM_MIP_Limits_CutsFactor=-1;CPXPARAM_MIP_Limits_GomoryCand=400;CPXPARAM_MIP_Limits_GomoryPass=0;CPXPARAM_MIP_Limits_Nodes=9223372036800000000;CPXPARAM_MIP_Limits_ProbeTime=1e+75;CPXPARAM_MIP_Limits_RepairTries=0;CPXPARAM_MIP_Limits_StrongCand=10;CPXPARAM_MIP_Limits_StrongIt=0;CPXPARAM_MIP_OrderType=3;CPXPARAM_MIP_Strategy_BBInterval=7;CPXPARAM_MIP_Strategy_Branch=-1;CPXPARAM_MIP_Strategy_Dive=0;CPXPARAM_MIP_Strategy_File=1;CPXPARAM_MIP_Strategy_HeuristicFreq=0;CPXPARAM_MIP_Strategy_LBHeur=0;CPXPARAM_MIP_Strategy_NodeSelect=0;CPXPARAM_MIP_Strategy_Order=1;CPXPARAM_MIP_Strategy_PresolveNode=1;CPXPARAM_MIP_Strategy_Probe=1;CPXPARAM_MIP_Strategy_RINSHeur=0;CPXPARAM_MIP_Strategy_StartAlgorithm=0;CPXPARAM_MIP_Strategy_SubAlgorithm=0;CPXPARAM_MIP_Strategy_VariableSelect=4;CPXPARAM_Network_NetFind=2;CPXPARAM_Network_Pricing=0;CPXPARAM_Parallel=1;CPXPARAM_Preprocessing_Aggregator=-1;CPXPARAM_Preprocessing_BoundStrength=-1;CPXPARAM_Preprocessing_CoeffReduce=-1;CPXPARAM_Preprocessing_Dependency=-1;CPXPARAM_Preprocessing_Dual=0;CPXPARAM_Preprocessing_Fill=40;CPXPARAM_Preprocessing_NumPass=-1;CPXPARAM_Preprocessing_Presolve=1;CPXPARAM_Preprocessing_QPMakePSD=1;CPXPARAM_Preprocessing_Reduce=0;CPXPARAM_Preprocessing_Relax=-1;CPXPARAM_Preprocessing_RepeatPresolve=-1;CPXPARAM_Preprocessing_Symmetry=-1;CPXPARAM_Read_Scale=0;CPXPARAM_Sifting_Algorithm=0;CPXPARAM_Simplex_Crash=1;CPXPARAM_Simplex_DGradient=0;CPXPARAM_Simplex_Limits_Perturbation=0;CPXPARAM_Simplex_Limits_Singularity=10;CPXPARAM_Simplex_PGradient=0;CPXPARAM_Simplex_Pricing=0;CPXPARAM_Simplex_Refactor=0
2105786086143600963,0,CPXPARAM_Advance=1;CPXPARAM_Barrier_Algorithm=0;CPXPARAM_Barrier_ColNonzeros=0;CPXPARAM_Barrier_Crossover=0;CPXPARAM_Barrier_Limits_Corrections=-1;CPXPARAM_Barrier_Ordering=0;CPXPARAM_Barrier_StartAlg=1;CPXPARAM_Emphasis_MIP=2;CPXPARAM_Emphasis_Memory=0;CPXPARAM_Emphasis_Numerical=0;CPXPARAM_Feasopt_Mode=0;CPXPARAM_LPMethod=0;CPXPARAM_MIP_Cuts_Cliques=-1;CPXPARAM_MIP_Cuts_Covers=0;CPXPARAM_MIP_Cuts_Disjunctive=-1;CPXPARAM_MIP_Cuts_FlowCovers=1;CPXPARAM_MIP_Cuts_GUBCovers=0;CPXPARAM_MIP_Cuts_Gomory=-1;CPXPARAM_MIP_Cuts_Implied=-1;CPXPARAM_MIP_Cuts_MIRCut=2;CPXPARAM_MIP_Cuts_PathCut=0;CPXPARAM_MIP_Limits_AggForCut=3;CPXPARAM_MIP_Limits_CutPasses=0;CPXPARAM_MIP_Limits_CutsFactor=-1;CPXPARAM_MIP_Limits_GomoryCand=10;CPXPARAM_MIP_Limits_GomoryPass=0;CPXPARAM_MIP_Limits_Nodes=9223372036800000000;CPXPARAM_MIP_Limits_ProbeTime=1e+75;CPXPARAM_MIP_Limits_RepairTries=0;CPXPARAM_MIP_Limits_StrongCand=10;CPXPARAM_MIP_Limits_StrongIt=0;CPXPARAM_MIP_OrderType=0;CPXPARAM_MIP_Strategy_BBInterval=7;CPXPARAM_MIP_Strategy_Branch=0;CPXPARAM_MIP_Strategy_Dive=0;CPXPARAM_MIP_Strategy_File=1;CPXPARAM_MIP_Strategy_HeuristicFreq=0;CPXPARAM_MIP_Strategy_LBHeur=0;CPXPARAM_MIP_Strategy_NodeSelect=1;CPXPARAM_MIP_Strategy_Order=1;CPXPARAM_MIP_Strategy_PresolveNode=0;CPXPARAM_MIP_Strategy_Probe=0;CPXPARAM_MIP_Strategy_RINSHeur=0;CPXPARAM_MIP_Strategy_StartAlgorithm=0;CPXPARAM_MIP_Strategy_SubAlgorithm=0;CPXPARAM_MIP_Strategy_VariableSelect=0;CPXPARAM_Network_NetFind=2;CPXPARAM_Network_Pricing=0;CPXPARAM_Parallel=1;CPXPARAM_Preprocessing_Aggregator=-1;CPXPARAM_Preprocessing_BoundStrength=-1;CPXPARAM_Preprocessing_CoeffReduce=-1;CPXPARAM_Preprocessing_Dependency=-1;CPXPARAM_Preprocessing_Dual=0;CPXPARAM_Preprocessing_Fill=10;CPXPARAM_Preprocessing_NumPass=-1;CPXPARAM_Preprocessing_Presolve=1;CPXPARAM_Preprocessing_QPMakePSD=1;CPXPARAM_Preprocessing_Reduce=3;CPXPARAM_Preprocessing_Relax=-1;CPXPARAM_Preprocessing_RepeatPresolve=-1;CPXPARAM_Preprocessing_Symmetry=-1;CPXPARAM_Read_Scale=0;CPXPARAM_Sifting_Algorithm=0;CPXPARAM_Simplex_Crash=1;CPXPARAM_Simplex_DGradient=0;CPXPARAM_Simplex_Limits_Perturbation=0;CPXPARAM_Simplex_Limits_Singularity=10;CPXPARAM_Simplex_PGradient=0;CPXPARAM_Simplex_Pricing=0;CPXPARAM_Simplex_Refactor=0
3998434403428352656,0,CPXPARAM_Advance=1;CPXPARAM_Barrier_Algorithm=0;CPXPARAM_Barrier_ColNonzeros=0;CPXPARAM_Barrier_Crossover=0;CPXPARAM_Barrier_Limits_Corrections=-1;CPXPARAM_Barrier_Ordering=0;CPXPARAM_Barrier_StartAlg=1;CPXPARAM_Emphasis_MIP=5;CPXPARAM_Emphasis_Memory=0;CPXPARAM_Emphasis_Numerical=0;CPXPARAM_Feasopt_Mode=0;CPXPARAM_LPMethod=0;CPXPARAM_MIP_Cuts_Cliques=3;CPXPARAM_MIP_Cuts_Covers=0;CPXPARAM_MIP_Cuts_Disjunctive=-1;CPXPARAM_MIP_Cuts_FlowCovers=0;CPXPARAM_MIP_Cuts_GUBCovers=1;CPXPARAM_MIP_Cuts_Gomory=-1;CPXPARAM_MIP_Cuts_Implied=2;CPXPARAM_MIP_Cuts_MIRCut=-1;CPXPARAM_MIP_Cuts_PathCut=1;CPXPARAM_MIP_Limits_AggForCut=0;CPXPARAM_MIP_Limits_CutPasses=0;CPXPARAM_MIP_Limits_CutsFactor=-1;CPXPARAM_MIP_Limits_GomoryCand=200;CPXPARAM_MIP_Limits_GomoryPass=0;CPXPARAM_MIP_Limits_Nodes=9223372036800000000;CPXPARAM_MIP_Limits_ProbeTime=1e+75;CPXPARAM_MIP_Limits_RepairTries=0;CPXPARAM_MIP_Limits_StrongCand=10;CPXPARAM_MIP_Limits_StrongIt=0;CPXPARAM_MIP_OrderType=0;CPXPARAM_MIP_Strategy_BBInterval=7;CPXPARAM_MIP_Strategy_Branch=-1;CPXPARAM_MIP_Strategy_Dive=0;CPXPARAM_MIP_Strategy_File=1;CPXPARAM_MIP_Strategy_HeuristicFreq=0;CPXPARAM_MIP_Strategy_LBHeur=0;CPXPARAM_MIP_Strategy_NodeSelect=2;CPXPARAM_MIP_Strategy_Order=1;CPXPARAM_MIP_Strategy_PresolveNode=-1;CPXPARAM_MIP_Strategy_Probe=2;CPXPARAM_MIP_Strategy_RINSHeur=0;CPXPARAM_MIP_Strategy_StartAlgorithm=0;CPXPARAM_MIP_Strategy_SubAlgorithm=3;CPXPARAM_MIP_Strategy_VariableSelect=4;CPXPARAM_Network_NetFind=2;CPXPARAM_Network_Pricing=0;CPXPARAM_Parallel=1;CPXPARAM_Preprocessing_Aggregator=-1;CPXPARAM_Preprocessing_BoundStrength=-1;CPXPARAM_Preprocessing_CoeffReduce=-1;CPXPARAM_Preprocessing_Dependency=-1;CPXPARAM_Preprocessing_Dual=0;CPXPARAM_Preprocessing_Fill=20;CPXPARAM_Preprocessing_NumPass=-1;CPXPARAM_Preprocessing_Presolve=1;CPXPARAM_Preprocessing_QPMakePSD=1;CPXPARAM_Preprocessing_Reduce=3;CPXPARAM_Preprocessing_Relax=-1;CPXPARAM_Preprocessing_RepeatPresolve=-1;CPXPARAM_Preprocessing_Symmetry=-1;CPXPARAM_Read_Scale=0;CPXPARAM_Sifting_Algorithm=0;CPXPARAM_Simplex_Crash=1;CPXPARAM_Simplex_DGradient=0;CPXPARAM_Simplex_Limits_Perturbation=0;CPXPARAM_Simplex_Limits_Singularity=10;CPXPARAM_Simplex_PGradient=0;CPXPARAM_Simplex_Pricing=0;CPXPARAM_Simplex_Refactor=0
14812481406614453996,0,CPXPARAM_Advance=1;CPXPARAM_Barrier_Algorithm=0;CPXPARAM_Barrier_ColNonzeros=0;CPXPARAM_Barrier_Crossover=0;CPXPARAM_Barrier_Limits_Corrections=-1;CPXPARAM_Barrier_Ordering=0;CPXPARAM_Barrier_StartAlg=1;CPXPARAM_Emphasis_MIP=5;CPXPARAM_Emphasis_Memory=0;CPXPARAM_Emphasis_Numerical=0;CPXPARAM_Feasopt_Mode=0;CPXPARAM_LPMethod=0;CPXPARAM_MIP_Cuts_Cliques=3;CPXPARAM_MIP_Cuts_Covers=0;CPXPARAM_MIP_Cuts_Disjunctive=-1;CPXPARAM_MIP_Cuts_FlowCovers=0;CPXPARAM_MIP_Cuts_GUBCovers=1;CPXPARAM_MIP_Cuts_Gomory=-1;CPXPARAM_MIP_Cuts_Implied=-1;CPXPARAM_MIP_Cuts_MIRCut=-1;CPXPARAM_MIP_Cuts_PathCut=-1;CPXPARAM_MIP_Limits_AggForCut=0;CPXPARAM_MIP_Limits_CutPasses=0;CPXPARAM_MIP_Limits_CutsFactor=-1;CPXPARAM_MIP_Limits_GomoryCand=200;CPXPARAM_MIP_Limits_GomoryPass=0;CPXPARAM_MIP_Limits_Nodes=9223372036800000000;CPXPARAM_MIP_Limits_ProbeTime=1e+75;CPXPARAM_MIP_Limits_RepairTries=0;CPXPARAM_MIP_Limits_StrongCand=10;CPXPARAM_MIP_Limits_StrongIt=0;CPXPARAM_MIP_OrderType=0;CPXPARAM_MIP_Strategy_BBInterval=7;CPXPARAM_MIP_Strategy_Branch=-1;CPXPARAM_MIP_Strategy_Dive=0;CPXPARAM_MIP_Strategy_File=1;CPXPARAM_MIP_Strategy_HeuristicFreq=0;CPXPARAM_MIP_Strategy_LBHeur=0;CPXPARAM_MIP_Strategy_NodeSelect=2;CPXPARAM_MIP_Strategy_Order=1;CPXPARAM_MIP_Strategy_PresolveNode=-1;CPXPARAM_MIP_Strategy_Probe=2;CPXPARAM_MIP_Strategy_RINSHeur=0;CPXPARAM_MIP_Strategy_StartAlgorithm=0;CPXPARAM_MIP_Strategy_SubAlgorithm=3;CPXPARAM_MIP_Strategy_VariableSelect=4;CPXPARAM_Network_NetFind=2;CPXPARAM_Network_Pricing=0;CPXPARAM_Parallel=1;CPXPARAM_Preprocessing_Aggregator=-1;CPXPARAM_Preprocessing_BoundStrength=-1;CPXPARAM_Preprocessing_CoeffReduce=-1;CPXPARAM_Preprocessing_Dependency=-1;CPXPARAM_Preprocessing_Dual=0;CPXPARAM_Preprocessing_Fill=20;CPXPARAM_Preprocessing_NumPass=-1;CPXPARAM_Preprocessing_Presolve=1;CPXPARAM_Preprocessing_QPMakePSD=1;CPXPARAM_Preprocessing_Reduce=3;CPXPARAM_Preprocessing_Relax=-1;CPXPARAM_Preprocessing_RepeatPresolve=-1;CPXPARAM_Preprocessing_Symmetry=-1;CPXPARAM_Read_Scale=0;CPXPARAM_Sifting_Algorithm=0;CPXPARAM_Simplex_Crash=1;CPXPARAM_Simplex_DGradient=0;CPXPARAM_Simplex_Limits_Perturbation=0;CPXPARAM_Simplex_Limits_Singularity=10;CPXPARAM_Simplex_PGradient=0;CPXPARAM_Simplex_Pricing=0;CPXPARAM_Simplex_Refactor=0
6735220286540600839,0,CPXPARAM_Advance=1;CPXPARAM_Barrier_Algorithm=0;CPXPARAM_Barrier_ColNonzeros=0;CPXPARAM_Barrier_Crossover=0;CPXPARAM_Barrier_Limits_Corrections=-1;CPXPARAM_Barrier_Ordering=0;CPXPARAM_Barrier_StartAlg=1;CPXPARAM_Emphasis_MIP=0;CPXPARAM_Emphasis_Memory=0;CPXPARAM_Emphasis_Numerical=0;CPXPARAM_Feasopt_Mode=0;CPXPARAM_LPMethod=0;CPXPARAM_MIP_Cuts_Cliques=1;CPXPARAM_MIP_Cuts_Covers=-1;CPXPARAM_MIP_Cuts_Disjunctive=1;CPXPARAM_MIP_Cuts_FlowCovers=2;CPXPARAM_MIP_Cuts_GUBCovers=1;CPXPARAM_MIP_Cuts_Gomory=1;CPXPARAM_MIP_Cuts_Implied=2;CPXPARAM_MIP_Cuts_MIRCut=2;CPXPARAM_MIP_Cuts_PathCut=2;CPXPARAM_MIP_Limits_AggForCut=3;CPXPARAM_MIP_Limits_CutPasses=0;CPXPARAM_MIP_Limits_CutsFactor=-1;CPXPARAM_MIP_Limits_GomoryCand=150;CPXPARAM_MIP_Limits_GomoryPass=0;CPXPARAM_MIP_Limits_Nodes=9223372036800000000;CPXPARAM_MIP_Limits_ProbeTime=1e+75;CPXPARAM_MIP_Limits_RepairTries=0;CPXPARAM_MIP_Limits_StrongCand=10;CPXPARAM_MIP_Limits_StrongIt=0;CPXPARAM_MIP_OrderType=0;CPXPARAM_MIP_Strategy_BBInterval=7;CPXPARAM_MIP_Strategy_Branch=-1;CPXPARAM_MIP_Strategy_Dive=0;CPXPARAM_MIP_Strategy_File=1;CPXPARAM_MIP_Strategy_HeuristicFreq=0;CPXPARAM_MIP_Strategy_LBHeur=0;CPXPARAM_MIP_Strategy_NodeSelect=2;CPXPARAM_MIP_Strategy_Order=1;CPXPARAM_MIP_Strategy_PresolveNode=-1;CPXPARAM_MIP_Strategy_Probe=-1;CPXPARAM_MIP_Strategy_RINSHeur=0;CPXPARAM_MIP_Strategy_StartAlgorithm=0;CPXPARAM_MIP_Strategy_SubAlgorithm=0;CPXPARAM_MIP_Strategy_VariableSelect=-1;CPXPARAM_Network_NetFind=2;CPXPARAM_Network_Pricing=0;CPXPARAM_Parallel=1;CPXPARAM_Preprocessing_Aggregator=-1;CPXPARAM_Preprocessing_BoundStrength=-1;CPXPARAM_Preprocessing_CoeffReduce=-1;CPXPARAM_Preprocessing_Dependency=-1;CPXPARAM_Preprocessing_Dual=0;CPXPARAM_Preprocessing_Fill=10;CPXPARAM_Preprocessing_NumPass=-1;CPXPARAM_Preprocessing_Presolve=1;CPXPARAM_Preprocessing_QPMakePSD=1;CPXPARAM_Preprocessing_Reduce=3;CPXPARAM_Preprocessing_Relax=-1;CPXPARAM_Preprocessing_RepeatPresolve=-1;CPXPARAM_Preprocessing_Symmetry=-1;CPXPARAM_Read_Scale=0;CPXPARAM_Sifting_Algorithm=0;CPXPARAM_Simplex_Crash=1;CPXPARAM_Simplex_DGradient=0;CPXPARAM_Simplex_Limits_Perturbation=0;CPXPARAM_Simplex_Limits_Singularity=10;CPXPARAM_Simplex_PGradient=0;CPXPARAM_Simplex_Pricing=0;CPXPARAM_Simplex_Refactor=0
522745322195132925,0,CPXPARAM_Advance=1;CPXPARAM_Barrier_Algorithm=0;CPXPARAM_Barrier_ColNonzeros=0;CPXPARAM_Barrier_Crossover=0;CPXPARAM_Barrier_Limits_Corrections=-1;CPXPARAM_Barrier_Ordering=0;CPXPARAM_Barrier_StartAlg=1;CPXPARAM_Emphasis_MIP=5;CPXPARAM_Emphasis_Memory=0;CPXPARAM_Emphasis_Numerical=0;CPXPARAM_Feasopt_Mode=0;CPXPARAM_LPMethod=0;CPXPARAM_MIP_Cuts_Cliques=3;CPXPARAM_MIP_Cuts_Covers=0;CPXPARAM_MIP_Cuts_Disjunctive=-1;CPXPARAM_MIP_Cuts_FlowCovers=0;CPXPARAM_MIP_Cuts_GUBCovers=1;CPXPARAM_MIP_Cuts_Gomory=-1;CPXPARAM_MIP_Cuts_Implied=2;CPXPARAM_MIP_Cuts_MIRCut=-1;CPXPARAM_MIP_Cuts_PathCut=-1;CPXPARAM_MIP_Limits_AggForCut=0;CPXPARAM_MIP_Limits_CutPasses=0;CPXPARAM_MIP_Limits_CutsFactor=-1;CPXPARAM_MIP_Limits_GomoryCand=200;CPXPARAM_MIP_Limits_GomoryPass=0;CPXPARAM_MIP_Limits_Nodes=9223372036800000000;CPXPARAM_MIP_Limits_ProbeTime=1e+75;CPXPARAM_MIP_Limits_RepairTries=0;CPXPARAM_MIP_Limits_StrongCand=10;CPXPARAM_MIP_Limits_StrongIt=0;CPXPARAM_MIP_OrderType=0;CPXPARAM_MIP_Strategy_BBInterval=7;CPXPARAM_MIP_Strategy_Branch=-1;CPXPARAM_MIP_Strategy_Dive=0;CPXPARAM_MIP_Strategy_File=1;CPXPARAM_MIP_Strategy_HeuristicFreq=0;CPXPARAM_MIP_Strategy_LBHeur=0;CPXPARAM_MIP_Strategy_NodeSelect=2;CPXPARAM_MIP_Strategy_Order=1;CPXPARAM_MIP_Strategy_PresolveNode=-1;CPXPARAM_MIP_Strategy_Probe=-1;CPXPARAM_MIP_Strategy_RINSHeur=0;CPXPARAM_MIP_Strategy_StartAlgorithm=0;CPXPARAM_MIP_Strategy_SubAlgorithm=3;CPXPARAM_MIP_Strategy_VariableSelect=4;CPXPARAM_Network_NetFind=2;CPXPARAM_Network_Pricing=0;CPXPARAM_Parallel=1;CPXPARAM_Preprocessing_Aggregator=-1;CPXPARAM_Preprocessing_BoundStrength=-1;CPXPARAM_Preprocessing_CoeffReduce=-1;CPXPARAM_Preprocessing_Dependency=-1;CPXPARAM_Preprocessing_Dual=0;CPXPARAM_Preprocessing_Fill=20;CPXPARAM_Preprocessing_NumPass=-1;CPXPARAM_Preprocessing_Presolve=1;CPXPARAM_Preprocessing_QPMakePSD=1;CPXPARAM_Preprocessing_Reduce=3;CPXPARAM_Preprocessing_Relax=-1;CPXPARAM_Preprocessing_RepeatPresolve=-1;CPXPARAM_Preprocessing_Symmetry=-1;CPXPARAM_Read_Scale=0;CPXPARAM_Sifting_Algorithm=0;CPXPARAM_Simplex_Crash=1;CPXPARAM_Simplex_DGradient=0;CPXPARAM_Simplex_Limits_Perturbation=0;CPXPARAM_Simplex_Limits_Singularity=10;CPXPARAM_Simplex_PGradient=0;CPXPARAM_Simplex_Pricing=0;CPXPARAM_Simplex_Refactor=0
12243314200956745501,0,CPXPARAM_Advance=1;CPXPARAM_Barrier_Algorithm=0;CPXPARAM_Barrier_ColNonzeros=0;CPXPARAM_Barrier_Crossover=0;CPXPARAM_Barrier_Limits_Corrections=-1;CPXPARAM_Barrier_Ordering=0;CPXPARAM_Barrier_StartAlg=1;CPXPARAM_Emphasis_MIP=2;CPXPARAM_Emphasis_Memory=0;CPXPARAM_Emphasis_Numerical=0;CPXPARAM_Feasopt_Mode=0;CPXPARAM_LPMethod=0;CPXPARAM_MIP_Cuts_Cliques=1;CPXPARAM_MIP_Cuts_Covers=3;CPXPARAM_MIP_Cuts_Disjunctive=1;CPXPARAM_MIP_Cuts_FlowCovers=1;CPXPARAM_MIP_Cuts_GUBCovers=1;CPXPARAM_MIP_Cuts_Gomory=0;CPXPARAM_MIP_Cuts_Implied=2;CPXPARAM_MIP_Cuts_MIRCut=1;CPXPARAM_MIP_Cuts_PathCut=1;CPXPARAM_MIP_Limits_AggForCut=2;CPXPARAM_MIP_Limits_CutPasses=0;CPXPARAM_MIP_Limits_CutsFactor=-1;CPXPARAM_MIP_Limits_GomoryCand=50;CPXPARAM_MIP_Limits_GomoryPass=0;CPXPARAM_MIP_Limits_Nodes=9223372036800000000;CPXPARAM_MIP_Limits_ProbeTime=1e+75;CPXPARAM_MIP_Limits_RepairTries=0;CPXPARAM_MIP_Limits_StrongCand=10;CPXPARAM_MIP_Limits_StrongIt=0;CPXPARAM_MIP_OrderType=1;CPXPARAM_MIP_Strategy_BBInterval=7;CPXPARAM_MIP_Strategy_Branch=0;CPXPARAM_MIP_Strategy_Dive=0;CPXPARAM_MIP_Strategy_File=1;CPXPARAM_MIP_Strategy_HeuristicFreq=0;CPXPARAM_MIP_Strategy_LBHeur=0;CPXPARAM_MIP_Strategy_NodeSelect=0;CPXPARAM_MIP_Strategy_Order=1;CPXPARAM_MIP_Strategy_PresolveNode=-1;CPXPARAM_MIP_Strategy_Probe=-1;CPXPARAM_MIP_Strategy_RINSHeur=0;CPXPARAM_MIP_Strategy_StartAlgorithm=0;CPXPARAM_MIP_Strategy_SubAlgorithm=0;CPXPARAM_MIP_Strategy_VariableSelect=1;CPXPARAM_Network_NetFind=2;CPXPARAM_Network_Pricing=0;CPXPARAM_Parallel=1;CPXPARAM_Preprocessing_Aggregator=-1;CPXPARAM_Preprocessing_BoundStrength=-1;CPXPARAM_Preprocessing_CoeffReduce=-1;CPXPARAM_Preprocessing_Dependency=-1;CPXPARAM_Preprocessing_Dual=0;CPXPARAM_Preprocessing_Fill=40;CPXPARAM_Preprocessing_NumPass=-1;CPXPARAM_Preprocessing_Presolve=1;CPXPARAM_Preprocessing_QPMakePSD=1;CPXPARAM_Preprocessing_Reduce=1;CPXPARAM_Preprocessing_Relax=-1;CPXPARAM_Preprocessing_RepeatPresolve=-1;CPXPARAM_Preprocessing_Symmetry=-1;CPXPARAM_Read_Scale=-1;CPXPARAM_Sifting_Algorithm=0;CPXPARAM_Simplex_Crash=1;CPXPARAM_Simplex_DGradient=0;CPXPARAM_Simplex_Limits_Perturbation=0;CPXPARAM_Simplex_Limits_Singularity=10;CPXPARAM_Simplex_PGradient=0;CPXPARAM_Simplex_Pricing=0;CPXPARAM_Simplex_Refactor=0
10828200704037229804,0,CPXPARAM_Advance=1;CPXPARAM_Barrier_Algorithm=0;CPXPARAM_Barrier_ColNonzeros=0;CPXPARAM_Barrier_Crossover=0;CPXPARAM_Barrier_Limits_Corrections=-1;CPXPARAM_Barrier_Ordering=0;CPXPARAM_Barrier_StartAlg=1;CPXPARAM_Emphasis_MIP=5;CPXPARAM_Emphasis_Memory=0;CPXPARAM_Emphasis_Numerical=0;CPXPARAM_Feasopt_Mode=0;CPXPARAM_LPMethod=0;CPXPARAM_MIP_Cuts_Cliques=0;CPXPARAM_MIP_Cuts_Covers=3;CPXPARAM_MIP_Cuts_Disjunctive=-1;CPXPARAM_MIP_Cuts_FlowCovers=2;CPXPARAM_MIP_Cuts_GUBCovers=-1;CPXPARAM_MIP_Cuts_Gomory=0;CPXPARAM_MIP_Cuts_Implied=1;CPXPARAM_MIP_Cuts_MIRCut=1;CPXPARAM_MIP_Cuts_PathCut=1;CPXPARAM_MIP_Limits_AggForCut=3;CPXPARAM_MIP_Limits_CutPasses=0;CPXPARAM_MIP_Limits_CutsFactor=-1;CPXPARAM_MIP_Limits_GomoryCand=800;CPXPARAM_MIP_Limits_GomoryPass=0;CPXPARAM_MIP_Limits_Nodes=9223372036800000000;CPXPARAM_MIP_Limits_ProbeTime=1e+75;CPXPARAM_MIP_Limits_RepairTries=0;CPXPARAM_MIP_Limits_StrongCand=10;CPXPARAM_MIP_Limits_StrongIt=0;CPXPARAM_MIP_OrderType=0;CPXPARAM_MIP_Strategy_BBInterval=7;CPXPARAM_MIP_Strategy_Branch=1;CPXPARAM_MIP_Strategy_Dive=0;CPXPARAM_MIP_Strategy_File=1;CPXPARAM_MIP_Strategy_HeuristicFreq=0;CPXPARAM_MIP_Strategy_LBHeur=0;CPXPARAM_MIP_Strategy_NodeSelect=3;CPXPARAM_MIP_Strategy_Order=1;CPXPARAM_MIP_Strategy_PresolveNode=1;CPXPARAM_MIP_Strategy_Probe=-1;CPXPARAM_MIP_Strategy_RINSHeur=0;CPXPARAM_MIP_Strategy_StartAlgorithm=0;CPXPARAM_MIP_Strategy_SubAlgorithm=0;CPXPARAM_MIP_Strategy_VariableSelect=1;CPXPARAM_Network_NetFind=2;CPXPARAM_Network_Pricing=0;CPXPARAM_Parallel=1;CPXPARAM_Preprocessing_Aggregator=-1;CPXPARAM_Preprocessing_BoundStrength=-1;CPXPARAM_Preprocessing_CoeffReduce=-1;CPXPARAM_Preprocessing_Dependency=-1;CPXPARAM_Preprocessing_Dual=0;CPXPARAM_Preprocessing_Fill=10;CPXPARAM_Preprocessing_NumPass=-1;CPXPARAM_Preprocessing_Presolve=1;CPXPARAM_Preprocessing_QPMakePSD=1;CPXPARAM_Preprocessing_Reduce=3;CPXPARAM_Preprocessing_Relax=-1;CPXPARAM_Preprocessing_RepeatPresolve=-1;CPXPARAM_Preprocessing_Symmetry=-1;CPXPARAM_Read_Scale=0;CPXPARAM_Sifting_Algorithm=0;CPXPARAM_Simplex_Crash=1;CPXPARAM_Simplex_DGradient=0;CPXPARAM_Simplex_Limits_Perturbation=0;CPXPARAM_Simplex_Limits_Singularity=10;CPXPARAM_Simplex_PGradient=0;CPXPARAM_Simplex_Pricing=0;CPXPARAM_Simplex_Refactor=0
3373935625572094942,0,CPXPARAM_Advance=1;CPXPARAM_Barrier_Algorithm=0;CPXPARAM_Barrier_ColNonzeros=0;CPXPARAM_Barrier_Crossover=0;CPXPARAM_Barrier_Limits_Corrections=-1;CPXPARAM_Barrier_Ordering=0;CPXPARAM_Barrier_StartAlg=1;CPXPARAM_Emphasis_MIP=5;CPXPARAM_Emphasis_Memory=0;CPXPARAM_Emphasis_Numerical=0;CPXPARAM_Feasopt_Mode=0;CPXPARAM_LPMethod=0;CPXPARAM_MIP_Cuts_Cliques=3;CPXPARAM_MIP_Cuts_Covers=0;CPXPARAM_MIP_Cuts_Disjunctive=-1;CPXPARAM_MIP_Cuts_FlowCovers=0;CPXPARAM_MIP_Cuts_GUBCovers=1;CPXPARAM_MIP_Cuts_Gomory=-1;CPXPARAM_MIP_Cuts_Implied=2;CPXPARAM_MIP_Cuts_MIRCut=-1;CPXPARAM_MIP_Cuts_PathCut=-1;CPXPARAM_MIP_Limits_AggForCut=0;CPXPARAM_MIP_Limits_CutPasses=0;CPXPARAM_MIP_Limits_CutsFactor=-1;CPXPARAM_MIP_Limits_GomoryCand=200;CPXPARAM_MIP_Limits_GomoryPass=0;CPXPARAM_MIP_Limits_Nodes=9223372036800000000;CPXPARAM_MIP_Limits_ProbeTime=1e+75;CPXPARAM_MIP_Limits_RepairTries=0;CPXPARAM_MIP_Limits_StrongCand=10;CPXPARAM_MIP_Limits_StrongIt=0;CPXPARAM_MIP_OrderType=0;CPXPARAM_MIP_Strategy_BBInterval=7;CPXPARAM_MIP_Strategy_Branch=-1;CPXPARAM_MIP_Strategy_Dive=0;CPXPARAM_MIP_Strategy_File=1;CPXPARAM_MIP_Strategy_HeuristicFreq=0;CPXPARAM_MIP_Strategy_LBHeur=0;CPXPARAM_MIP_Strategy_NodeSelect=2;CPXPARAM_MIP_Strategy_Order=1;CPXPARAM_MIP_Strategy_PresolveNode=-1;CPXPARAM_MIP_Strategy_Probe=2;CPXPARAM_MIP_Strategy_RINSHeur=0;CPXPARAM_MIP_Strategy_StartAlgorithm=0;CPXPARAM_MIP_Strategy_SubAlgorithm=3;CPXPARAM_MIP_Strategy_VariableSelect=-1;CPXPARAM_Network_NetFind=2;CPXPARAM_Network_Pricing=0;CPXPARAM_Parallel=1;CPXPARAM_Preprocessing_Aggregator=-1;CPXPARAM_Preprocessing_BoundStrength=-1;CPXPARAM_Preprocessing_CoeffReduce=-1;CPXPARAM_Preprocessing_Dependency=-1;CPXPARAM_Preprocessing_Dual=0;CPXPARAM_Preprocessing_Fill=20;CPXPARAM_Preprocessing_NumPass=-1;CPXPARAM_Preprocessing_Presolve=1;CPXPARAM_Preprocessing_QPMakePSD=1;CPXPARAM_Preprocessing_Reduce=3;CPXPARAM_Preprocessing_Relax=-1;CPXPARAM_Preprocessing_RepeatPresolve=-1;CPXPARAM_Preprocessing_Symmetry=-1;CPXPARAM_Read_Scale=0;CPXPARAM_Sifting_Algorithm=0;CPXPARAM_Simplex_Crash=1;CPXPARAM_Simplex_DGradient=0;CPXPARAM_Simplex_Limits_Perturbation=0;CPXPARAM_Simplex_Limits_Singularity=10;CPXPARAM_Simplex_PGradient=0;CPXPARAM_Simplex_Pricing=0;CPXPARAM_Simplex_Refactor=0
9332089042068023116,0,CPXPARAM_Advance=1;CPXPARAM_Barrier_Algorithm=0;CPXPARAM_Barrier_ColNonzeros=0;CPXPARAM_Barrier_Crossover=0;CPXPARAM_Barrier_Limits_Corrections=-1;CPXPARAM_Barrier_Ordering=0;CPXPARAM_Barrier_StartAlg=1;CPXPARAM_Emphasis_MIP=4;CPXPARAM_Emphasis_Memory=0;CPXPARAM_Emphasis_Numerical=0;CPXPARAM_Feasopt_Mode=0;CPXPARAM_LPMethod=0;CPXPARAM_MIP_Cuts_Cliques=0;CPXPARAM_MIP_Cuts_Covers=1;CPXPARAM_MIP_Cuts_Disjunctive=0;CPXPARAM_MIP_Cuts_FlowCovers=2;CPXPARAM_MIP_Cuts_GUBCovers=2;CPXPARAM_MIP_Cuts_Gomory=0;CPXPARAM_MIP_Cuts_Implied=0;CPXPARAM_MIP_Cuts_MIRCut=2;CPXPARAM_MIP_Cuts_PathCut=1;CPXPARAM_MIP_Limits_AggForCut=3;CPXPARAM_MIP_Limits_CutPasses=0;CPXPARAM_MIP_Limits_CutsFactor=-1;CPXPARAM_MIP_Limits_GomoryCand=800;CPXPARAM_MIP_Limits_GomoryPass=0;CPXPARAM_MIP_Limits_Nodes=9223372036800000000;CPXPARAM_MIP_Limits_ProbeTime=1e+75;CPXPARAM_MIP_Limits_RepairTries=0;CPXPARAM_MIP_Limits_StrongCand=10;CPXPARAM_MIP_Limits_StrongIt=0;CPXPARAM_MIP_OrderType=0;CPXPARAM_MIP_Strategy_BBInterval=7;CPXPARAM_MIP_Strategy_Branch=0;CPXPARAM_MIP_Strategy_Dive=0;CPXPARAM_MIP_Strategy_File=1;CPXPARAM_MIP_Strategy_HeuristicFreq=0;CPXPARAM_MIP_Strategy_LBHeur=0;CPXPARAM_MIP_Strategy_NodeSelect=1;CPXPARAM_MIP_Strategy_Order=1;CPXPARAM_MIP_Strategy_PresolveNode=0;CPXPARAM_MIP_Strategy_Probe=0;CPXPARAM_MIP_Strategy_RINSHeur=0;CPXPARAM_MIP_Strategy_StartAlgorithm=0;CPXPARAM_MIP_Strategy_SubAlgorithm=0;CPXPARAM_MIP_Strategy_VariableSelect=0;CPXPARAM_Network_NetFind=2;CPXPARAM_Network_Pricing=0;CPXPARAM_Parallel=1;CPXPARAM_Preprocessing_Aggregator=-1;CPXPARAM_Preprocessing_BoundStrength=-1;CPXPARAM_Preprocessing_CoeffReduce=-1;CPXPARAM_Preprocessing_Dependency=-1;CPXPARAM_Preprocessing_Dual=0;CPXPARAM_Preprocessing_Fill=10;CPXPARAM_Preprocessing_NumPass=-1;CPXPARAM_Preprocessing_Presolve=1;CPXPARAM_Preprocessing_QPMakePSD=1;CPXPARAM_Preprocessing_Reduce=3;CPXPARAM_Preprocessing_Relax=-1;CPXPARAM_Preprocessing_RepeatPresolve=-1;CPXPARAM_Preprocessing_Symmetry=-1;CPXPARAM_Read_Scale=0;CPXPARAM_Sifting_Algorithm=0;CPXPARAM_Simplex_Crash=1;CPXPARAM_Simplex_DGradient=0;CPXPARAM_Simplex_Limits_Perturbation=0;CPXPARAM_Simplex_Limits_Singularity=10;CPXPARAM_Simplex_PGradient=0;CPXPARAM_Simplex_Pricing=0;CPXPARAM_Simplex_Refactor=0
4173091174396393422,0,CPXPARAM_Advance=1;CPXPARAM_Barrier_Algorithm=0;CPXPARAM_Barrier_ColNonzeros=0;CPXPARAM_Barrier_Crossover=0;CPXPARAM_Barrier_Limits_Corrections=-1;CPXPARAM_Barrier_Ordering=0;CPXPARAM_Barrier_StartAlg=1;CPXPARAM_Emphasis_MIP=4;CPXPARAM_Emphasis_Memory=0;CPXPARAM_Emphasis_Numerical=0;CPXPARAM_Feasopt_Mode=0;CPXPARAM_LPMethod=0;CPXPARAM_MIP_Cuts_Cliques=0;CPXPARAM_MIP_Cuts_Covers=0;CPXPARAM_MIP_Cuts_Disjunctive=0;CPXPARAM_MIP_Cuts_FlowCovers=-1;CPXPARAM_MIP_Cuts_GUBCovers=2;CPXPARAM_MIP_Cuts_Gomory=0;CPXPARAM_MIP_Cuts_Implied=2;CPXPARAM_MIP_Cuts_MIRCut=-1;CPXPARAM_MIP_Cuts_PathCut=1;CPXPARAM_MIP_Limits_AggForCut=3;CPXPARAM_MIP_Limits_CutPasses=0;CPXPARAM_MIP_Limits_CutsFactor=-1;CPXPARAM_MIP_Limits_GomoryCand=150;CPXPARAM_MIP_Limits_GomoryPass=0;CPXPARAM_MIP_Limits_Nodes=9223372036800000000;CPXPARAM_MIP_Limits_ProbeTime=1e+75;CPXPARAM_MIP_Limits_RepairTries=0;CPXPARAM_MIP_Limits_StrongCand=10;CPXPARAM_MIP_Limits_StrongIt=0;CPXPARAM_MIP_OrderType=0;CPXPARAM_MIP_Strategy_BBInterval=7;CPXPARAM_MIP_Strategy_Branch=0;CPXPARAM_MIP_Strategy_Dive=0;CPXPARAM_MIP_Strategy_File=1;CPXPARAM_MIP_Strategy_HeuristicFreq=0;CPXPARAM_MIP_Strategy_LBHeur=0;CPXPARAM_MIP_Strategy_NodeSelect=1;CPXPARAM_MIP_Strategy_Order=1;CPXPARAM_MIP_Strategy_PresolveNode=0;CPXPARAM_MIP_Strategy_Probe=0;CPXPARAM_MIP_Strategy_RINSHeur=0;CPXPARAM_MIP_Strategy_StartAlgorithm=0;CPXPARAM_MIP_Strategy_SubAlgorithm=0;CPXPARAM_MIP_Strategy_VariableSelect=0;CPXPARAM_Network_NetFind=2;CPXPARAM_Network_Pricing=0;CPXPARAM_Parallel=1;CPXPARAM_Preprocessing_Aggregator=-1;CPXPARAM_Preprocessing_BoundStrength=-1;CPXPARAM_Preprocessing_CoeffReduce=-1;CPXPARAM_Preprocessing_Dependency=-1;CPXPARAM_Preprocessing_Dual=0;CPXPARAM_Preprocessing_Fill=10;CPXPARAM_Preprocessing_NumPass=-1;CPXPARAM_Preprocessing_Presolve=1;CPXPARAM_Preprocessing_QPMakePSD=1;CPXPARAM_Preprocessing_Reduce=3;CPXPARAM_Preprocessing_Relax=-1;CPXPARAM_Preprocessing_RepeatPresolve=-1;CPXPARAM_Preprocessing_Symmetry=-1;CPXPARAM_Read_Scale=0;CPXPARAM_Sifting_Algorithm=0;CPXPARAM_Simplex_Crash=1;CPXPARAM_Simplex_DGradient=0;CPXPARAM_Simplex_Limits_Perturbation=0;CPXPARAM_Simplex_Limits_Singularity=10;CPXPARAM_Simplex_PGradient=0;CPXPARAM_Simplex_Pricing=0;CPXPARAM_Simplex_Refactor=0
4745853252958625570,0,CPXPARAM_Advance=1;CPXPARAM_Barrier_Algorithm=0;CPXPARAM_Barrier_ColNonzeros=0;CPXPARAM_Barrier_Crossover=0;CPXPARAM_Barrier_Limits_Corrections=-1;CPXPARAM_Barrier_Ordering=0;CPXPARAM_Barrier_StartAlg=1;CPXPARAM_Emphasis_MIP=2;CPXPARAM_Emphasis_Memory=0;CPXPARAM_Emphasis_Numerical=0;CPXPARAM_Feasopt_Mode=0;CPXPARAM_LPMethod=0;CPXPARAM_MIP_Cuts_Cliques=-1;CPXPARAM_MIP_Cuts_Covers=2;CPXPARAM_MIP_Cuts_Disjunctive=1;CPXPARAM_MIP_Cuts_FlowCovers=2;CPXPARAM_MIP_Cuts_GUBCovers=1;CPXPARAM_MIP_Cuts_Gomory=0;CPXPARAM_MIP_Cuts_Implied=-1;CPXPARAM_MIP_Cuts_MIRCut=-1;CPXPARAM_MIP_Cuts_PathCut=-1;CPXPARAM_MIP_Limits_AggForCut=3;CPXPARAM_MIP_Limits_CutPasses=0;CPXPARAM_MIP_Limits_CutsFactor=-1;CPXPARAM_MIP_Limits_GomoryCand=400;CPXPARAM_MIP_Limits_GomoryPass=0;CPXPARAM_MIP_Limits_Nodes=9223372036800000000;CPXPARAM_MIP_Limits_ProbeTime=1e+75;CPXPARAM_MIP_Limits_RepairTries=0;CPXPARAM_MIP_Limits_StrongCand=10;CPXPARAM_MIP_Limits_StrongIt=0;CPXPARAM_MIP_OrderType=0;CPXPARAM_MIP_Strategy_BBInterval=7;CPXPARAM_MIP_Strategy_Branch=0;CPXPARAM_MIP_Strategy_Dive=0;CPXPARAM_MIP_Strategy_File=1;CPXPARAM_MIP_Strategy_HeuristicFreq=0;CPXPARAM_MIP_Strategy_LBHeur=0;CPXPARAM_MIP_Strategy_NodeSelect=1;CPXPARAM_MIP_Strategy_Order=1;CPXPARAM_MIP_Strategy_PresolveNode=0;CPXPARAM_MIP_Strategy_Probe=0;CPXPARAM_MIP_Strategy_RINSHeur=0;CPXPARAM_MIP_Strategy_StartAlgorithm=0;CPXPARAM_MIP_Strategy_SubAlgorithm=0;CPXPARAM_MIP_Strategy_VariableSelect=0;CPXPARAM_Network_NetFind=2;CPXPARAM_Network_Pricing=0;CPXPARAM_Parallel=1;CPXPARAM_Preprocessing_Aggregator=-1;CPXPARAM_Preprocessing_BoundStrength=-1;CPXPARAM_Preprocessing_CoeffReduce=-1;CPXPARAM_Preprocessing_Dependency=0;CPXPARAM_Preprocessing_Dual=0;CPXPARAM_Preprocessing_Fill=10;CPXPARAM_Preprocessing_NumPass=-1;CPXPARAM_Preprocessing_Presolve=1;CPXPARAM_Preprocessing_QPMakePSD=1;CPXPARAM_Preprocessing_Reduce=3;CPXPARAM_Preprocessing_Relax=-1;CPXPARAM_Preprocessing_RepeatPresolve=-1;CPXPARAM_Preprocessing_Symmetry=-1;CPXPARAM_Read_Scale=0;CPXPARAM_Sifting_Algorithm=0;CPXPARAM_Simplex_Crash=1;CPXPARAM_Simplex_DGradient=0;CPXPARAM_Simplex_Limits_Perturbation=0;CPXPARAM_Simplex_Limits_Singularity=10;CPXPARAM_Simplex_PGradient=0;CPXPARAM_Simplex_Pricing=0;CPXPARAM_Simplex_Refactor=0
5732209612158288455,0,CPXPARAM_Advance=1;CPXPARAM_Barrier_Algorithm=0;CPXPARAM_Barrier_ColNonzeros=0;CPXPARAM_Barrier_Crossover=0;CPXPARAM_Barrier_Limits_Corrections=-1;CPXPARAM_Barrier_Ordering=0;CPXPARAM_Barrier_StartAlg=1;CPXPARAM_Emphasis_MIP=5;CPXPARAM_Emphasis_Memory=0;CPXPARAM_Emphasis_Numerical=0;CPXPARAM_Feasopt_Mode=0;CPXPARAM_LPMethod=0;CPXPARAM_MIP_Cuts_Cliques=3;CPXPARAM_MIP_Cuts_Covers=0;CPXPARAM_MIP_Cuts_Disjunctive=-1;CPXPARAM_MIP_Cuts_FlowCovers=0;CPXPARAM_MIP_Cuts_GUBCovers=0;CPXPARAM_MIP_Cuts_Gomory=-1;CPXPARAM_MIP_Cuts_Implied=2;CPXPARAM_MIP_Cuts_MIRCut=-1;CPXPARAM_MIP_Cuts_PathCut=-1;CPXPARAM_MIP_Limits_AggForCut=0;CPXPARAM_MIP_Limits_CutPasses=0;CPXPARAM_MIP_Limits_CutsFactor=-1;CPXPARAM_MIP_Limits_GomoryCand=200;CPXPARAM_MIP_Limits_GomoryPass=0;CPXPARAM_MIP_Limits_Nodes=9223372036800000000;CPXPARAM_MIP_Limits_ProbeTime=1e+75;CPXPARAM_MIP_Limits_RepairTries=0;CPXPARAM_MIP_Limits_StrongCand=10;CPXPARAM_MIP_Limits_StrongIt=0;CPXPARAM_MIP_OrderType=0;CPXPARAM_MIP_Strategy_BBInterval=7;CPXPARAM_MIP_Strategy_Branch=-1;CPXPARAM_MIP_Strategy_Dive=0;CPXPARAM_MIP_Strategy_File=1;CPXPARAM_MIP_Strategy_HeuristicFreq=0;CPXPARAM_MIP_Strategy_LBHeur=0;CPXPARAM_MIP_Strategy_NodeSelect=2;CPXPARAM_MIP_Strategy_Order=1;CPXPARAM_MIP_Strategy_PresolveNode=-1;CPXPARAM_MIP_Strategy_Probe=2;CPXPARAM_MIP_Strategy_RINSHeur=0;CPXPARAM_MIP_Strategy_StartAlgorithm=0;CPXPARAM_MIP_Strategy_SubAlgorithm=3;CPXPARAM_MIP_Strategy_VariableSelect=4;CPXPARAM_Network_NetFind=2;CPXPARAM_Network_Pricing=0;CPXPARAM_Parallel=1;CPXPARAM_Preprocessing_Aggregator=-1;CPXPARAM_Preprocessing_BoundStrength=-1;CPXPARAM_Preprocessing_CoeffReduce=-1;CPXPARAM_Preprocessing_Dependency=-1;CPXPARAM_Preprocessing_Dual=0;CPXPARAM_Preprocessing_Fill=20;CPXPARAM_Preprocessing_NumPass=-1;CPXPARAM_Preprocessing_Presolve=1;CPXPARAM_Preprocessing_QPMakePSD=1;CPXPARAM_Preprocessing_Reduce=3;CPXPARAM_Preprocessing_Relax=-1;CPXPARAM_Preprocessing_RepeatPresolve=-1;CPXPARAM_Preprocessing_Symmetry=-1;CPXPARAM_Read_Scale=0;CPXPARAM_Sifting_Algorithm=0;CPXPARAM_Simplex_Crash=1;CPXPARAM_Simplex_DGradient=0;CPXPARAM_Simplex_Limits_Perturbation=0;CPXPARAM_Simplex_Limits_Singularity=10;CPXPARAM_Simplex_PGradient=0;CPXPARAM_Simplex_Pricing=0;CPXPARAM_Simplex_Refactor=0
2084529798155686661,0,CPXPARAM_Advance=1;CPXPARAM_Barrier_Algorithm=0;CPXPARAM_Barrier_ColNonzeros=0;CPXPARAM_Barrier_Crossover=0;CPXPARAM_Barrier_Limits_Corrections=-1;CPXPARAM_Barrier_Ordering=0;CPXPARAM_Barrier_StartAlg=1;CPXPARAM_Emphasis_MIP=0;CPXPARAM_Emphasis_Memory=0;CPXPARAM_Emphasis_Numerical=0;CPXPARAM_Feasopt_Mode=0;CPXPARAM_LPMethod=0;CPXPARAM_MIP_Cuts_Cliques=1;CPXPARAM_MIP_Cuts_Covers=-1;CPXPARAM_MIP_Cuts_Disjunctive=-1;CPXPARAM_MIP_Cuts_FlowCovers=2;CPXPARAM_MIP_Cuts_GUBCovers=-1;CPXPARAM_MIP_Cuts_Gomory=0;CPXPARAM_MIP_Cuts_Implied=-1;CPXPARAM_MIP_Cuts_MIRCut=-1;CPXPARAM_MIP_Cuts_PathCut=1;CPXPARAM_MIP_Limits_AggForCut=5;CPXPARAM_MIP_Limits_CutPasses=0;CPXPARAM_MIP_Limits_CutsFactor=-1;CPXPARAM_MIP_Limits_GomoryCand=10;CPXPARAM_MIP_Limits_GomoryPass=0;CPXPARAM_MIP_Limits_Nodes=9223372036800000000;CPXPARAM_MIP_Limits_ProbeTime=1e+75;CPXPARAM_MIP_Limits_RepairTries=0;CPXPARAM_MIP_Limits_StrongCand=10;CPXPARAM_MIP_Limits_StrongIt=0;CPXPARAM_MIP_OrderType=2;CPXPARAM_MIP_Strategy_BBInterval=7;CPXPARAM_MIP_Strategy_Branch=0;CPXPARAM_MIP_Strategy_Dive=0;CPXPARAM_MIP_Strategy_File=1;CPXPARAM_MIP_Strategy_HeuristicFreq=0;CPXPARAM_MIP_Strategy_LBHeur=0;CPXPARAM_MIP_Strategy_NodeSelect=3;CPXPARAM_MIP_Strategy_Order=1;CPXPARAM_MIP_Strategy_PresolveNode=3;CPXPARAM_MIP_Strategy_Probe=2;CPXPARAM_MIP_Strategy_RINSHeur=0;CPXPARAM_MIP_Strategy_StartAlgorithm=0;CPXPARAM_MIP_Strategy_SubAlgorithm=1;CPXPARAM_MIP_Strategy_VariableSelect=2;CPXPARAM_Network_NetFind=2;CPXPARAM_Network_Pricing=0;CPXPARAM_Parallel=1;CPXPARAM_Preprocessing_Aggregator=-1;CPXPARAM_Preprocessing_BoundStrength=-1;CPXPARAM_Preprocessing_CoeffReduce=-1;CPXPARAM_Preprocessing_Dependency=-1;CPXPARAM_Preprocessing_Dual=0;CPXPARAM_Preprocessing_Fill=40;CPXPARAM_Preprocessing_NumPass=-1;CPXPARAM_Preprocessing_Presolve=1;CPXPARAM_Preprocessing_QPMakePSD=1;CPXPARAM_Preprocessing_Reduce=3;CPXPARAM_Preprocessing_Relax=-1;CPXPARAM_Preprocessing_RepeatPresolve=-1;CPXPARAM_Preprocessing_Symmetry=-1;CPXPARAM_Read_Scale=-1;CPXPARAM_Sifting_Algorithm=0;CPXPARAM_Simplex_Crash=1;CPXPARAM_Simplex_DGradient=0;CPXPARAM_Simplex_Limits_Perturbation=0;CPXPARAM_Simplex_Limits_Singularity=10;CPXPARAM_Simplex_PGradient=0;CPXPARAM_Simplex_Pricing=0;CPXPARAM_Simplex_Refactor=0
12802465244560506230,0,CPXPARAM_Advance=1;CPXPARAM_Barrier_Algorithm=0;CPXPARAM_Barrier_ColNonzeros=0;CPXPARAM_Barrier_Crossover=0;CPXPARAM_Barrier_Limits_Corrections=-1;CPXPARAM_Barrier_Ordering=0;CPXPARAM_Barrier_StartAlg=1;CPXPARAM_Emphasis_MIP=5;CPXPARAM_Emphasis_Memory=0;CPXPARAM_Emphasis_Numerical=0;CPXPARAM_Feasopt_Mode=0;CPXPARAM_LPMethod=0;CPXPARAM_MIP_Cuts_Cliques=3;CPXPARAM_MIP_Cuts_Covers=0;CPXPARAM_MIP_Cuts_Disjunctive=-1;CPXPARAM_MIP_Cuts_FlowCovers=0;CPXPARAM_MIP_Cuts_GUBCovers=1;CPXPARAM_MIP_Cuts_Gomory=-1;CPXPARAM_MIP_Cuts_Implied=2;CPXPARAM_MIP_Cuts_MIRCut=-1;CPXPARAM_MIP_Cuts_PathCut=-1;CPXPARAM_MIP_Limits_AggForCut=0;CPXPARAM_MIP_Limits_CutPasses=0;CPXPARAM_MIP_Limits_CutsFactor=-1;CPXPARAM_MIP_Limits_GomoryCand=200;CPXPARAM_MIP_Limits_GomoryPass=0;CPXPARAM_MIP_Limits_Nodes=9223372036800000000;CPXPARAM_MIP_Limits_ProbeTime=1e+75;CPXPARAM_MIP_Limits_RepairTries=0;CPXPARAM_MIP_Limits_StrongCand=10;CPXPARAM_MIP_Limits_StrongIt=0;CPXPARAM_MIP_OrderType=0;CPXPARAM_MIP_Strategy_BBInterval=7;CPXPARAM_MIP_Strategy_Branch=-1;CPXPARAM_MIP_Strategy_Dive=0;CPXPARAM_MIP_Strategy_File=1;CPXPARAM_MIP_Strategy_HeuristicFreq=0;CPXPARAM_MIP_Strategy_LBHeur=0;CPXPARAM_MIP_Strategy_NodeSelect=2;CPXPARAM_MIP_Strategy_Order=1;CPXPARAM_MIP_Strategy_PresolveNode=-1;CPXPARAM_MIP_Strategy_Probe=1;CPXPARAM_MIP_Strategy_RINSHeur=0;CPXPARAM_MIP_Strategy_StartAlgorithm=0;CPXPARAM_MIP_Strategy_SubAlgorithm=3;CPXPARAM_MIP_Strategy_VariableSelect=4;CPXPARAM_Network_NetFind=2;CPXPARAM_Network_Pricing=0;CPXPARAM_Parallel=1;CPXPARAM_Preprocessing_Aggregator=-1;CPXPARAM_Preprocessing_BoundStrength=-1;CPXPARAM_Preprocessing_CoeffReduce=-1;CPXPARAM_Preprocessing_Dependency=-1;CPXPARAM_Preprocessing_Dual=0;CPXPARAM_Preprocessing_Fill=20;CPXPARAM_Preprocessing_NumPass=-1;CPXPARAM_Preprocessing_Presolve=1;CPXPARAM_Preprocessing_QPMakePSD=1;CPXPARAM_Preprocessing_Reduce=3;CPXPARAM_Preprocessing_Relax=-1;CPXPARAM_Preprocessing_RepeatPresolve=-1;CPXPARAM_Preprocessing_Symmetry=-1;CPXPARAM_Read_Scale=0;CPXPARAM_Sifting_Algorithm=0;CPXPARAM_Simplex_Crash=1;CPXPARAM_Simplex_DGradient=0;CPXPARAM_Simplex_Limits_Perturbation=0;CPXPARAM_Simplex_Limits_Singularity=10;CPXPARAM_Simplex_PGradient=0;CPXPARAM_Simplex_Pricing=0;CPXPARAM_Simplex_Refactor=0
12987434742654933928,0,CPXPARAM_Advance=1;CPXPARAM_Barrier_Algorithm=0;CPXPARAM_Barrier_ColNonzeros=0;CPXPARAM_Barrier_Crossover=0;CPXPARAM_Barrier_Limits_Corrections=-1;CPXPARAM_Barrier_Ordering=0;CPXPARAM_Barrier_StartAlg=1;CPXPARAM_Emphasis_MIP=5;CPXPARAM_Emphasis_Memory=0;CPXPARAM_Emphasis_Numerical=0;CPXPARAM_Feasopt_Mode=0;CPXPARAM_LPMethod=0;CPXPARAM_MIP_Cuts_Cliques=3;CPXPARAM_MIP_Cuts_Covers=0;CPXPARAM_MIP_Cuts_Disjunctive=-1;CPXPARAM_MIP_Cuts_FlowCovers=0;CPXPARAM_MIP_Cuts_GUBCovers=1;CPXPARAM_MIP_Cuts_Gomory=-1;CPXPARAM_MIP_Cuts_Implied=2;CPXPARAM_MIP_Cuts_MIRCut=-1;CPXPARAM_MIP_Cuts_PathCut=2;CPXPARAM_MIP_Limits_AggForCut=0;CPXPARAM_MIP_Limits_CutPasses=0;CPXPARAM_MIP_Limits_CutsFactor=-1;CPXPARAM_MIP_Limits_GomoryCand=200;CPXPARAM_MIP_Limits_GomoryPass=0;CPXPARAM_MIP_Limits_Nodes=9223372036800000000;CPXPARAM_MIP_Limits_ProbeTime=1e+75;CPXPARAM_MIP_Limits_RepairTries=0;CPXPARAM_MIP_Limits_StrongCand=10;CPXPARAM_MIP_Limits_StrongIt=0;CPXPARAM_MIP_OrderType=0;CPXPARAM_MIP_Strategy_BBInterval=7;CPXPARAM_MIP_Strategy_Branch=-1;CPXPARAM_MIP_Strategy_Dive=0;CPXPARAM_MIP_Strategy_File=1;CPXPARAM_MIP_Strategy_HeuristicFreq=0;CPXPARAM_MIP_Strategy_LBHeur=0;CPXPARAM_MIP_Strategy_NodeSelect=2;CPXPARAM_MIP_Strategy_Order=1;CPXPARAM_MIP_Strategy_PresolveNode=-1;CPXPARAM_MIP_Strategy_Probe=2;CPXPARAM_MIP_Strategy_RINSHeur=0;CPXPARAM_MIP_Strategy_StartAlgorithm=0;CPXPARAM_MIP_Strategy_SubAlgorithm=3;CPXPARAM_MIP_Strategy_VariableSelect=4;CPXPARAM_Network_NetFind=2;CPXPARAM_Network_Pricing=0;CPXPARAM_Parallel=1;CPXPARAM_Preprocessing_Aggregator=-1;CPXPARAM_Preprocessing_BoundStrength=-1;CPXPARAM_Preprocessing_CoeffReduce=-1;CPXPARAM_Preprocessing_Dependency=-1;CPXPARAM_Preprocessing_Dual=0;CPXPARAM_Preprocessing_Fill=20;CPXPARAM_Preprocessing_NumPass=-1;CPXPARAM_Preprocessing_Presolve=1;CPXPARAM_Preprocessing_QPMakePSD=1;CPXPARAM_Preprocessing_Reduce=3;CPXPARAM_Preprocessing_Relax=-1;CPXPARAM_Preprocessing_RepeatPresolve=-1;CPXPARAM_Preprocessing_Symmetry=-1;CPXPARAM_Read_Scale=0;CPXPARAM_Sifting_Algorithm=0;CPXPARAM_Simplex_Crash=1;CPXPARAM_Simplex_DGradient=0;CPXPARAM_Simplex_Limits_Perturbation=0;CPXPARAM_Simplex_Limits_Singularity=10;CPXPARAM_Simplex_PGradient=0;CPXPARAM_Simplex_Pricing=0;CPXPARAM_Simplex_Refactor=0
9995233412882358767,0,CPXPARAM_Advance=1;CPXPARAM_Barrier_Algorithm=0;CPXPARAM_Barrier_ColNonzeros=0;CPXPARAM_Barrier_Crossover=0;CPXPARAM_Barrier_Limits_Corrections=-1;CPXPARAM_Barrier_Ordering=0;CPXPARAM_Barrier_StartAlg=1;CPXPARAM_Emphasis_MIP=2;CPXPARAM_Emphasis_Memory=0;CPXPARAM_Emphasis_Numerical=0;CPXPARAM_Feasopt_Mode=0;CPXPARAM_LPMethod=0;CPXPARAM_MIP_Cuts_Cliques=3;CPXPARAM_MIP_Cuts_Covers=2;CPXPARAM_MIP_Cuts_Disjunctive=0;CPXPARAM_MIP_Cuts_FlowCovers=1;CPXPARAM_MIP_Cuts_GUBCovers=-1;CPXPARAM_MIP_Cuts_Gomory=1;CPXPARAM_MIP_Cuts_Implied=0;CPXPARAM_MIP_Cuts_MIRCut=2;CPXPARAM_MIP_Cuts_PathCut=0;CPXPARAM_MIP_Limits_AggForCut=3;CPXPARAM_MIP_Limits_CutPasses=0;CPXPARAM_MIP_Limits_CutsFactor=-1;CPXPARAM_MIP_Limits_GomoryCand=10;CPXPARAM_MIP_Limits_GomoryPass=0;CPXPARAM_MIP_Limits_Nodes=9223372036800000000;CPXPARAM_MIP_Limits_ProbeTime=1e+75;CPXPARAM_MIP_Limits_RepairTries=0;CPXPARAM_MIP_Limits_StrongCand=10;CPXPARAM_MIP_Limits_StrongIt=0;CPXPARAM_MIP_OrderType=0;CPXPARAM_MIP_Strategy_BBInterval=7;CPXPARAM_MIP_Strategy_Branch=-1;CPXPARAM_MIP_Strategy_Dive=0;CPXPARAM_MIP_Strategy_File=1;CPXPARAM_MIP_Strategy_HeuristicFreq=0;CPXPARAM_MIP_Strategy_LBHeur=0;CPXPARAM_MIP_Strategy_NodeSelect=2;CPXPARAM_MIP_Strategy_Order=1;CPXPARAM_MIP_Strategy_PresolveNode=1;CPXPARAM_MIP_Strategy_Probe=3;CPXPARAM_MIP_Strategy_RINSHeur=0;CPXPARAM_MIP_Strategy_StartAlgorithm=0;CPXPARAM_MIP_Strategy_SubAlgorithm=0;CPXPARAM_MIP_Strategy_VariableSelect=-1;CPXPARAM_Network_NetFind=2;CPXPARAM_Network_Pricing=0;CPXPARAM_Parallel=1;CPXPARAM_Preprocessing_Aggregator=-1;CPXPARAM_Preprocessing_BoundStrength=-1;CPXPARAM_Preprocessing_CoeffReduce=-1;CPXPARAM_Preprocessing_Dependency=-1;CPXPARAM_Preprocessing_Dual=0;CPXPARAM_Preprocessing_Fill=10;CPXPARAM_Preprocessing_NumPass=-1;CPXPARAM_Preprocessing_Presolve=1;CPXPARAM_Preprocessing_QPMakePSD=1;CPXPARAM_Preprocessing_Reduce=3;CPXPARAM_Preprocessing_Relax=-1;CPXPARAM_Preprocessing_RepeatPresolve=-1;CPXPARAM_Preprocessing_Symmetry=-1;CPXPARAM_Read_Scale=0;CPXPARAM_Sifting_Algorithm=0;CPXPARAM_Simplex_Crash=1;CPXPARAM_Simplex_DGradient=0;CPXPARAM_Simplex_Limits_Perturbation=0;CPXPARAM_Simplex_Limits_Singularity=10;CPXPARAM_Simplex_PGradient=0;CPXPARAM_Simplex_Pricing=0;CPXPARAM_Simplex_Refactor=0
15182514796580979886,0,CPXPARAM_Advance=1;CPXPARAM_Barrier_Algorithm=0;CPXPARAM_Barrier_ColNonzeros=0;CPXPARAM_Barrier_Crossover=0;CPXPARAM_Barrier_Limits_Corrections=-1;CPXPARAM_Barrier_Ordering=0;CPXPARAM_Barrier_StartAlg=1;CPXPARAM_Emphasis_MIP=2;CPXPARAM_Emphasis_Memory=0;CPXPARAM_Emphasis_Numerical=0;CPXPARAM_Feasopt_Mode=0;CPXPARAM_LPMethod=0;CPXPARAM_MIP_Cuts_Cliques=-1;CPXPARAM_MIP_Cuts_Covers=2;CPXPARAM_MIP_Cuts_Disjunctive=1;CPXPARAM_MIP_Cuts_FlowCovers=2;CPXPARAM_MIP_Cuts_GUBCovers=1;CPXPARAM_MIP_Cuts_Gomory=0;CPXPARAM_MIP_Cuts_Implied=-1;CPXPARAM_MIP_Cuts_MIRCut=-1;CPXPARAM_MIP_Cuts_PathCut=-1;CPXPARAM_MIP_Limits_AggForCut=3;CPXPARAM_MIP_Limits_CutPasses=0;CPXPARAM_MIP_Limits_CutsFactor=-1;CPXPARAM_MIP_Limits_GomoryCand=400;CPXPARAM_MIP_Limits_GomoryPass=0;CPXPARAM_MIP_Limits_Nodes=9223372036800000000;CPXPARAM_MIP_Limits_ProbeTime=1e+75;CPXPARAM_MIP_Limits_RepairTries=0;CPXPARAM_MIP_Limits_StrongCand=10;CPXPARAM_MIP_Limits_StrongIt=0;CPXPARAM_MIP_OrderType=0;CPXPARAM_MIP_Strategy_BBInterval=7;CPXPARAM_MIP_Strategy_Branch=0;CPXPARAM_MIP_Strategy_Dive=0;CPXPARAM_MIP_Strategy_File=1;CPXPARAM_MIP_Strategy_HeuristicFreq=0;CPXPARAM_MIP_Strategy_LBHeur=0;CPXPARAM_MIP_Strategy_NodeSelect=1;CPXPARAM_MIP_Strategy_Order=1;CPXPARAM_MIP_Strategy_PresolveNode=0;CPXPARAM_MIP_Strategy_Probe=0;CPXPARAM_MIP_Strategy_RINSHeur=0;CPXPARAM_MIP_Strategy_StartAlgorithm=0;CPXPARAM_MIP_Strategy_SubAlgorithm=0;CPXPARAM_MIP_Strategy_VariableSelect=0;CPXPARAM_Network_NetFind=1;CPXPARAM_Network_Pricing=0;CPXPARAM_Parallel=1;CPXPARAM_Preprocessing_Aggregator=-1;CPXPARAM_Preprocessing_BoundStrength=-1;CPXPARAM_Preprocessing_CoeffReduce=-1;CPXPARAM_Preprocessing_Dependency=-1;CPXPARAM_Preprocessing_Dual=0;CPXPARAM_Preprocessing_Fill=10;CPXPARAM_Preprocessing_NumPass=-1;CPXPARAM_Preprocessing_Presolve=1;CPXPARAM_Preprocessing_QPMakePSD=1;CPXPARAM_Preprocessing_Reduce=3;CPXPARAM_Preprocessing_Relax=-1;CPXPARAM_Preprocessing_RepeatPresolve=-1;CPXPARAM_Preprocessing_Symmetry=-1;CPXPARAM_Read_Scale=0;CPXPARAM_Sifting_Algorithm=0;CPXPARAM_Simplex_Crash=1;CPXPARAM_Simplex_DGradient=0;CPXPARAM_Simplex_Limits_Perturbation=0;CPXPARAM_Simplex_Limits_Singularity=10;CPXPARAM_Simplex_PGradient=0;CPXPARAM_Simplex_Pricing=0;CPXPARAM_Simplex_Refactor=0
26344582504077575,0,CPXPARAM_Advance=1;CPXPARAM_Barrier_Algorithm=0;CPXPARAM_Barrier_ColNonzeros=0;CPXPARAM_Barrier_Crossover=0;CPXPARAM_Barrier_Limits_Corrections=-1;CPXPARAM_Barrier_Ordering=0;CPXPARAM_Barrier_StartAlg=1;CPXPARAM_Emphasis_MIP=2;CPXPARAM_Emphasis_Memory=0;CPXPARAM_Emphasis_Numerical=0;CPXPARAM_Feasopt_Mode=0;CPXPARAM_LPMethod=0;CPXPARAM_MIP_Cuts_Cliques=-1;CPXPARAM_MIP_Cuts_Covers=2;CPXPARAM_MIP_Cuts_Disjunctive=1;CPXPARAM_MIP_Cuts_FlowCovers=2;CPXPARAM_MIP_Cuts_GUBCovers=1;CPXPARAM_MIP_Cuts_Gomory=0;CPXPARAM_MIP_Cuts_Implied=-1;CPXPARAM_MIP_Cuts_MIRCut=-1;CPXPARAM_MIP_Cuts_PathCut=-1;CPXPARAM_MIP_Limits_AggForCut=3;CPXPARAM_MIP_Limits_CutPasses=0;CPXPARAM_MIP_Limits_CutsFactor=-1;CPXPARAM_MIP_Limits_GomoryCand=400;CPXPARAM_MIP_Limits_GomoryPass=0;CPXPARAM_MIP_Limits_Nodes=9223372036800000000;CPXPARAM_MIP_Limits_ProbeTime=1e+75;CPXPARAM_MIP_Limits_RepairTries=0;CPXPARAM_MIP_Limits_StrongCand=10;CPXPARAM_MIP_Limits_StrongIt=0;CPXPARAM_MIP_OrderType=0;CPXPARAM_MIP_Strategy_BBInterval=7;CPXPARAM_MIP_Strategy_Branch=0;CPXPARAM_MIP_Strategy_Dive=0;CPXPARAM_MIP_Strategy_File=1;CPXPARAM_MIP_Strategy_HeuristicFreq=0;CPXPARAM_MIP_Strategy_LBHeur=0;CPXPARAM_MIP_Strategy_NodeSelect=1;CPXPARAM_MIP_Strategy_Order=1;CPXPARAM_MIP_Strategy_PresolveNode=0;CPXPARAM_MIP_Strategy_Probe=0;CPXPARAM_MIP_Strategy_RINSHeur=0;CPXPARAM_MIP_Strategy_StartAlgorithm=0;CPXPARAM_MIP_Strategy_SubAlgorithm=0;CPXPARAM_MIP_Strategy_VariableSelect=0;CPXPARAM_Network_NetFind=2;CPXPARAM_Network_Pricing=3;CPXPARAM_Parallel=1;CPXPARAM_Preprocessing_Aggregator=-1;CPXPARAM_Preprocessing_BoundStrength=-1;CPXPARAM_Preprocessing_CoeffReduce=-1;CPXPARAM_Preprocessing_Dependency=-1;CPXPARAM_Preprocessing_Dual=0;CPXPARAM_Preprocessing_Fill=10;CPXPARAM_Preprocessing_NumPass=-1;CPXPARAM_Preprocessing_Presolve=1;CPXPARAM_Preprocessing_QPMakePSD=1;CPXPARAM_Preprocessing_Reduce=3;CPXPARAM_Preprocessing_Relax=-1;CPXPARAM_Preprocessing_RepeatPresolve=-1;CPXPARAM_Preprocessing_Symmetry=-1;CPXPARAM_Read_Scale=0;CPXPARAM_Sifting_Algorithm=0;CPXPARAM_Simplex_Crash=1;CPXPARAM_Simplex_DGradient=0;CPXPARAM_Simplex_Limits_Perturbation=0;CPXPARAM_Simplex_Limits_Singularity=10;CPXPARAM_Simplex_PGradient=0;CPXPARAM_Simplex_Pricing=0;CPXPARAM_Simplex_Refactor=0
3519674717314904900,0,CPXPARAM_Advance=1;CPXPARAM_Barrier_Algorithm=0;CPXPARAM_Barrier_ColNonzeros=0;CPXPARAM_Barrier_Crossover=0;CPXPARAM_Barrier_Limits_Corrections=-1;CPXPARAM_Barrier_Ordering=0;CPXPARAM_Barrier_StartAlg=1;CPXPARAM_Emphasis_MIP=2;CPXPARAM_Emphasis_Memory=0;CPXPARAM_Emphasis_Numerical=0;CPXPARAM_Feasopt_Mode=0;CPXPARAM_LPMethod=0;CPXPARAM_MIP_Cuts_Cliques=-1;CPXPARAM_MIP_Cuts_Covers=2;CPXPARAM_MIP_Cuts_Disjunctive=1;CPXPARAM_MIP_Cuts_FlowCovers=2;CPXPARAM_MIP_Cuts_GUBCovers=1;CPXPARAM_MIP_Cuts_Gomory=0;CPXPARAM_MIP_Cuts_Implied=-1;CPXPARAM_MIP_Cuts_MIRCut=-1;CPXPARAM_MIP_Cuts_PathCut=-1;CPXPARAM_MIP_Limits_AggForCut=3;CPXPARAM_MIP_Limits_CutPasses=0;CPXPARAM_MIP_Limits_CutsFactor=-1;CPXPARAM_MIP_Limits_GomoryCand=400;CPXPARAM_MIP_Limits_GomoryPass=0;CPXPARAM_MIP_Limits_Nodes=9223372036800000000;CPXPARAM_MIP_Limits_ProbeTime=1e+75;CPXPARAM_MIP_Limits_RepairTries=0;CPXPARAM_MIP_Limits_StrongCand=10;CPXPARAM_MIP_Limits_StrongIt=0;CPXPARAM_MIP_OrderType=0;CPXPARAM_MIP_Strategy_BBInterval=7;CPXPARAM_MIP_Strategy_Branch=0;CPXPARAM_MIP_Strategy_Dive=0;CPXPARAM_MIP_Strategy_File=0;CPXPARAM_MIP_Strategy_HeuristicFreq=0;CPXPARAM_MIP_Strategy_LBHeur=0;CPXPARAM_MIP_Strategy_NodeSelect=1;CPXPARAM_MIP_Strategy_Order=1;CPXPARAM_MIP_Strategy_PresolveNode=0;CPXPARAM_MIP_Strategy_Probe=0;CPXPARAM_MIP_Strategy_RINSHeur=0;CPXPARAM_MIP_Strategy_StartAlgorithm=0;CPXPARAM_MIP_Strategy_SubAlgorithm=0;CPXPARAM_MIP_Strategy_VariableSelect=0;CPXPARAM_Network_NetFind=2;CPXPARAM_Network_Pricing=0;CPXPARAM_Parallel=1;CPXPARAM_Preprocessing_Aggregator=-1;CPXPARAM_Preprocessing_BoundStrength=-1;CPXPARAM_Preprocessing_CoeffReduce=-1;CPXPARAM_Preprocessing_Dependency=-1;CPXPARAM_Preprocessing_Dual=0;CPXPARAM_Preprocessing_Fill=10;CPXPARAM_Preprocessing_NumPass=-1;CPXPARAM_Preprocessing_Presolve=1;CPXPARAM_Preprocessing_QPMakePSD=1;CPXPARAM_Preprocessing_Reduce=3;CPXPARAM_Preprocessing_Relax=-1;CPXPARAM_Preprocessing_RepeatPresolve=-1;CPXPARAM_Preprocessing_Symmetry=-1;CPXPARAM_Read_Scale=0;CPXPARAM_Sifting_Algorithm=0;CPXPARAM_Simplex_Crash=1;CPXPARAM_Simplex_DGradient=0;CPXPARAM_Simplex_Limits_Perturbation=0;CPXPARAM_Simplex_Limits_Singularity=10;CPXPARAM_Simplex_PGradient=0;CPXPARAM_Simplex_Pricing=0;CPXPARAM_Simplex_Refactor=0
9154062697190932635,0,CPXPARAM_Advance=1;CPXPARAM_Barrier_Algorithm=0;CPXPARAM_Barrier_ColNonzeros=0;CPXPARAM_Barrier_Crossover=0;CPXPARAM_Barrier_Limits_Corrections=-1;CPXPARAM_Barrier_Ordering=0;CPXPARAM_Barrier_StartAlg=1;CPXPARAM_Emphasis_MIP=4;CPXPARAM_Emphasis_Memory=0;CPXPARAM_Emphasis_Numerical=0;CPXPARAM_Feasopt_Mode=0;CPXPARAM_LPMethod=0;CPXPARAM_MIP_Cuts_Cliques=0;CPXPARAM_MIP_Cuts_Covers=1;CPXPARAM_MIP_Cuts_Disjunctive=0;CPXPARAM_MIP_Cuts_FlowCovers=2;CPXPARAM_MIP_Cuts_GUBCovers=2;CPXPARAM_MIP_Cuts_Gomory=0;CPXPARAM_MIP_Cuts_Implied=2;CPXPARAM_MIP_Cuts_MIRCut=2;CPXPARAM_MIP_Cuts_PathCut=1;CPXPARAM_MIP_Limits_AggForCut=3;CPXPARAM_MIP_Limits_CutPasses=0;CPXPARAM_MIP_Limits_CutsFactor=-1;CPXPARAM_MIP_Limits_GomoryCand=150;CPXPARAM_MIP_Limits_GomoryPass=0;CPXPARAM_MIP_Limits_Nodes=9223372036800000000;CPXPARAM_MIP_Limits_ProbeTime=1e+75;CPXPARAM_MIP_Limits_RepairTries=0;CPXPARAM_MIP_Limits_StrongCand=10;CPXPARAM_MIP_Limits_StrongIt=0;CPXPARAM_MIP_OrderType=0;CPXPARAM_MIP_Strategy_BBInterval=7;CPXPARAM_MIP_Strategy_Branch=0;CPXPARAM_MIP_Strategy_Dive=0;CPXPARAM_MIP_Strategy_File=1;CPXPARAM_MIP_Strategy_HeuristicFreq=0;CPXPARAM_MIP_Strategy_LBHeur=0;CPXPARAM_MIP_Strategy_NodeSelect=1;CPXPARAM_MIP_Strategy_Order=1;CPXPARAM_MIP_Strategy_PresolveNode=0;CPXPARAM_MIP_Strategy_Probe=0;CPXPARAM_MIP_Strategy_RINSHeur=0;CPXPARAM_MIP_Strategy_StartAlgorithm=0;CPXPARAM_MIP_Strategy_SubAlgorithm=0;CPXPARAM_MIP_Strategy_VariableSelect=0;CPXPARAM_Network_NetFind=2;CPXPARAM_Network_Pricing=0;CPXPARAM_Parallel=1;CPXPARAM_Preprocessing_Aggregator=-1;CPXPARAM_Preprocessing_BoundStrength=-1;CPXPARAM_Preprocessing_CoeffReduce=-1;CPXPARAM_Preprocessing_Dependency=-1;CPXPARAM_Preprocessing_Dual=0;CPXPARAM_Preprocessing_Fill=10;CPXPARAM_Preprocessing_NumPass=-1;CPXPARAM_Preprocessing_Presolve=1;CPXPARAM_Preprocessing_QPMakePSD=1;CPXPARAM_Preprocessing_Reduce=3;CPXPARAM_Preprocessing_Relax=-1;CPXPARAM_Preprocessing_RepeatPresolve=-1;CPXPARAM_Preprocessing_Symmetry=-1;CPXPARAM_Read_Scale=0;CPXPARAM_Sifting_Algorithm=0;CPXPARAM_Simplex_Crash=1;CPXPARAM_Simplex_DGradient=0;CPXPARAM_Simplex_Limits_Perturbation=0;CPXPARAM_Simplex_Limits_Singularity=10;CPXPARAM_Simplex_PGradient=0;CPXPARAM_Simplex_Pricing=0;CPXPARAM_Simplex_Refactor=0
1031220972223893350,0,CPXPARAM_Advance=1;CPXPARAM_Barrier_Algorithm=0;CPXPARAM_Barrier_ColNonzeros=0;CPXPARAM_Barrier_Crossover=0;CPXPARAM_Barrier_Limits_Corrections=-1;CPXPARAM_Barrier_Ordering=0;CPXPARAM_Barrier_StartAlg=1;CPXPARAM_Emphasis_MIP=4;CPXPARAM_Emphasis_Memory=0;CPXPARAM_Emphasis_Numerical=0;CPXPARAM_Feasopt_Mode=0;CPXPARAM_LPMethod=0;CPXPARAM_MIP_Cuts_Cliques=-1;CPXPARAM_MIP_Cuts_Covers=2;CPXPARAM_MIP_Cuts_Disjunctive=0;CPXPARAM_MIP_Cuts_FlowCovers=1;CPXPARAM_MIP_Cuts_GUBCovers=-1;CPXPARAM_MIP_Cuts_Gomory=0;CPXPARAM_MIP_Cuts_Implied=1;CPXPARAM_MIP_Cuts_MIRCut=1;CPXPARAM_MIP_Cuts_PathCut=2;CPXPARAM_MIP_Limits_AggForCut=5;CPXPARAM_MIP_Limits_CutPasses=0;CPXPARAM_MIP_Limits_CutsFactor=-1;CPXPARAM_MIP_Limits_GomoryCand=100;CPXPARAM_MIP_Limits_GomoryPass=0;CPXPARAM_MIP_Limits_Nodes=9223372036800000000;CPXPARAM_MIP_Limits_ProbeTime=1e+75;CPXPARAM_MIP_Limits_RepairTries=0;CPXPARAM_MIP_Limits_StrongCand=10;CPXPARAM_MIP_Limits_StrongIt=0;CPXPARAM_MIP_OrderType=1;CPXPARAM_MIP_Strategy_BBInterval=7;CPXPARAM_MIP_Strategy_Branch=-1;CPXPARAM_MIP_Strategy_Dive=0;CPXPARAM_MIP_Strategy_File=1;CPXPARAM_MIP_Strategy_HeuristicFreq=0;CPXPARAM_MIP_Strategy_LBHeur=0;CPXPARAM_MIP_Strategy_NodeSelect=3;CPXPARAM_MIP_Strategy_Order=1;CPXPARAM_MIP_Strategy_PresolveNode=-1;CPXPARAM_MIP_Strategy_Probe=-1;CPXPARAM_MIP_Strategy_RINSHeur=0;CPXPARAM_MIP_Strategy_StartAlgorithm=0;CPXPARAM_MIP_Strategy_SubAlgorithm=0;CPXPARAM_MIP_Strategy_VariableSelect=2;CPXPARAM_Network_NetFind=2;CPXPARAM_Network_Pricing=0;CPXPARAM_Parallel=1;CPXPARAM_Preprocessing_Aggregator=-1;CPXPARAM_Preprocessing_BoundStrength=-1;CPXPARAM_Preprocessing_CoeffReduce=-1;CPXPARAM_Preprocessing_Dependency=-1;CPXPARAM_Preprocessing_Dual=0;CPXPARAM_Preprocessing_Fill=5;CPXPARAM_Preprocessing_NumPass=-1;CPXPARAM_Preprocessing_Presolve=1;CPXPARAM_Preprocessing_QPMakePSD=1;CPXPARAM_Preprocessing_Reduce=2;CPXPARAM_Preprocessing_Relax=-1;CPXPARAM_Preprocessing_RepeatPresolve=-1;CPXPARAM_Preprocessing_Symmetry=-1;CPXPARAM_Read_Scale=0;CPXPARAM_Sifting_Algorithm=0;CPXPARAM_Simplex_Crash=1;CPXPARAM_Simplex_DGradient=0;CPXPARAM_Simplex_Limits_Perturbation=0;CPXPARAM_Simplex_Limits_Singularity=10;CPXPARAM_Simplex_PGradient=0;CPXPARAM_Simplex_Pricing=0;CPXPARAM_Simplex_Refactor=0
10874916424962260505,0,CPXPARAM_Advance=1;CPXPARAM_Barrier_Algorithm=0;CPXPARAM_Barrier_ColNonzeros=0;CPXPARAM_Barrier_Crossover=0;CPXPARAM_Barrier_Limits_Corrections=-1;CPXPARAM_Barrier_Ordering=0;CPXPARAM_Barrier_StartAlg=1;CPXPARAM_Emphasis_MIP=2;CPXPARAM_Emphasis_Memory=0;CPXPARAM_Emphasis_Numerical=0;CPXPARAM_Feasopt_Mode=0;CPXPARAM_LPMethod=0;CPXPARAM_MIP_Cuts_Cliques=1;CPXPARAM_MIP_Cuts_Covers=3;CPXPARAM_MIP_Cuts_Disjunctive=1;CPXPARAM_MIP_Cuts_FlowCovers=1;CPXPARAM_MIP_Cuts_GUBCovers=1;CPXPARAM_MIP_Cuts_Gomory=0;CPXPARAM_MIP_Cuts_Implied=2;CPXPARAM_MIP_Cuts_MIRCut=1;CPXPARAM_MIP_Cuts_PathCut=2;CPXPARAM_MIP_Limits_AggForCut=5;CPXPARAM_MIP_Limits_CutPasses=0;CPXPARAM_MIP_Limits_CutsFactor=-1;CPXPARAM_MIP_Limits_GomoryCand=50;CPXPARAM_MIP_Limits_GomoryPass=0;CPXPARAM_MIP_Limits_Nodes=9223372036800000000;CPXPARAM_MIP_Limits_ProbeTime=1e+75;CPXPARAM_MIP_Limits_RepairTries=0;CPXPARAM_MIP_Limits_StrongCand=10;CPXPARAM_MIP_Limits_StrongIt=0;CPXPARAM_MIP_OrderType=1;CPXPARAM_MIP_Strategy_BBInterval=7;CPXPARAM_MIP_Strategy_Branch=0;CPXPARAM_MIP_Strategy_Dive=0;CPXPARAM_MIP_Strategy_File=1;CPXPARAM_MIP_Strategy_HeuristicFreq=0;CPXPARAM_MIP_Strategy_LBHeur=0;CPXPARAM_MIP_Strategy_NodeSelect=0;CPXPARAM_MIP_Strategy_Order=1;CPXPARAM_MIP_Strategy_PresolveNode=-1;CPXPARAM_MIP_Strategy_Probe=-1;CPXPARAM_MIP_Strategy_RINSHeur=0;CPXPARAM_MIP_Strategy_StartAlgorithm=0;CPXPARAM_MIP_Strategy_SubAlgorithm=0;CPXPARAM_MIP_Strategy_VariableSelect=-1;CPXPARAM_Network_NetFind=2;CPXPARAM_Network_Pricing=0;CPXPARAM_Parallel=1;CPXPARAM_Preprocessing_Aggregator=-1;CPXPARAM_Preprocessing_BoundStrength=-1;CPXPARAM_Preprocessing_CoeffReduce=-1;CPXPARAM_Preprocessing_Dependency=-1;CPXPARAM_Preprocessing_Dual=0;CPXPARAM_Preprocessing_Fill=40;CPXPARAM_Preprocessing_NumPass=-1;CPXPARAM_Preprocessing_Presolve=1;CPXPARAM_Preprocessing_QPMakePSD=1;CPXPARAM_Preprocessing_Reduce=1;CPXPARAM_Preprocessing_Relax=-1;CPXPARAM_Preprocessing_RepeatPresolve=-1;CPXPARAM_Preprocessing_Symmetry=-1;CPXPARAM_Read_Scale=-1;CPXPARAM_Sifting_Algorithm=0;CPXPARAM_Simplex_Crash=1;CPXPARAM_Simplex_DGradient=0;CPXPARAM_Simplex_Limits_Perturbation=0;CPXPARAM_Simplex_Limits_Singularity=10;CPXPARAM_Simplex_PGradient=0;CPXPARAM_Simplex_Pricing=0;CPXPARAM_Simplex_Refactor=0
419794560820951238,0,CPXPARAM_Advance=1;CPXPARAM_Barrier_Algorithm=0;CPXPARAM_Barrier_ColNonzeros=0;CPXPARAM_Barrier_Crossover=0;CPXPARAM_Barrier_Limits_Corrections=-1;CPXPARAM_Barrier_Ordering=0;CPXPARAM_Barrier_StartAlg=1;CPXPARAM_Emphasis_MIP=2;CPXPARAM_Emphasis_Memory=0;CPXPARAM_Emphasis_Numerical=0;CPXPARAM_Feasopt_Mode=0;CPXPARAM_LPMethod=0;CPXPARAM_MIP_Cuts_Cliques=-1;CPXPARAM_MIP_Cuts_Covers=2;CPXPARAM_MIP_Cuts_Disjunctive=1;CPXPARAM_MIP_Cuts_FlowCovers=2;CPXPARAM_MIP_Cuts_GUBCovers=1;CPXPARAM_MIP_Cuts_Gomory=0;CPXPARAM_MIP_Cuts_Implied=-1;CPXPARAM_MIP_Cuts_MIRCut=-1;CPXPARAM_MIP_Cuts_PathCut=-1;CPXPARAM_MIP_Limits_AggForCut=3;CPXPARAM_MIP_Limits_CutPasses=0;CPXPARAM_MIP_Limits_CutsFactor=-1;CPXPARAM_MIP_Limits_GomoryCand=400;CPXPARAM_MIP_Limits_GomoryPass=0;CPXPARAM_MIP_Limits_Nodes=9223372036800000000;CPXPARAM_MIP_Limits_ProbeTime=1e+75;CPXPARAM_MIP_Limits_RepairTries=0;CPXPARAM_MIP_Limits_StrongCand=10;CPXPARAM_MIP_Limits_StrongIt=0;CPXPARAM_MIP_OrderType=0;CPXPARAM_MIP_Strategy_BBInterval=7;CPXPARAM_MIP_Strategy_Branch=0;CPXPARAM_MIP_Strategy_Dive=0;CPXPARAM_MIP_Strategy_File=2;CPXPARAM_MIP_Strategy_HeuristicFreq=0;CPXPARAM_MIP_Strategy_LBHeur=0;CPXPARAM_MIP_Strategy_NodeSelect=1;CPXPARAM_MIP_Strategy_Order=1;CPXPARAM_MIP_Strategy_PresolveNode=0;CPXPARAM_MIP_Strategy_Probe=0;CPXPARAM_MIP_Strategy_RINSHeur=0;CPXPARAM_MIP_Strategy_StartAlgorithm=0;CPXPARAM_MIP_Strategy_SubAlgorithm=0;CPXPARAM_MIP_Strategy_VariableSelect=0;CPXPARAM_Network_NetFind=2;CPXPARAM_Network_Pricing=0;CPXPARAM_Parallel=1;CPXPARAM_Preprocessing_Aggregator=-1;CPXPARAM_Preprocessing_BoundStrength=-1;CPXPARAM_Preprocessing_CoeffReduce=-1;CPXPARAM_Preprocessing_Dependency=-1;CPXPARAM_Preprocessing_Dual=0;CPXPARAM_Preprocessing_Fill=10;CPXPARAM_Preprocessing_NumPass=-1;CPXPARAM_Preprocessing_Presolve=1;CPXPARAM_Preprocessing_QPMakePSD=1;CPXPARAM_Preprocessing_Reduce=3;CPXPARAM_Preprocessing_Relax=-1;CPXPARAM_Preprocessing_RepeatPresolve=-1;CPXPARAM_Preprocessing_Symmetry=-1;CPXPARAM_Read_Scale=0;CPXPARAM_Sifting_Algorithm=0;CPXPARAM_Simplex_Crash=1;CPXPARAM_Simplex_DGradient=0;CPXPARAM_Simplex_Limits_Perturbation=0;CPXPARAM_Simplex_Limits_Singularity=10;CPXPARAM_Simplex_PGradient=0;CPXPARAM_Simplex_Pricing=0;CPXPARAM_Simplex_Refactor=0
7949007472731254893,0,CPXPARAM_Advance=1;CPXPARAM_Barrier_Algorithm=0;CPXPARAM_Barrier_ColNonzeros=0;CPXPARAM_Barrier_Crossover=0;CPXPARAM_Barrier_Limits_Corrections=-1;CPXPARAM_Barrier_Ordering=0;CPXPARAM_Barrier_StartAlg=1;CPXPARAM_Emphasis_MIP=5;CPXPARAM_Emphasis_Memory=0;CPXPARAM_Emphasis_Numerical=0;CPXPARAM_Feasopt_Mode=0;CPXPARAM_LPMethod=0;CPXPARAM_MIP_Cuts_Cliques=0;CPXPARAM_MIP_Cuts_Covers=0;CPXPARAM_MIP_Cuts_Disjunctive=-1;CPXPARAM_MIP_Cuts_FlowCovers=-1;CPXPARAM_MIP_Cuts_GUBCovers=1;CPXPARAM_MIP_Cuts_Gomory=-1;CPXPARAM_MIP_Cuts_Implied=1;CPXPARAM_MIP_Cuts_MIRCut=2;CPXPARAM_MIP_Cuts_PathCut=0;CPXPARAM_MIP_Limits_AggForCut=10;CPXPARAM_MIP_Limits_CutPasses=0;CPXPARAM_MIP_Limits_CutsFactor=-1;CPXPARAM_MIP_Limits_GomoryCand=400;CPXPARAM_MIP_Limits_GomoryPass=0;CPXPARAM_MIP_Limits_Nodes=9223372036800000000;CPXPARAM_MIP_Limits_ProbeTime=1e+75;CPXPARAM_MIP_Limits_RepairTries=0;CPXPARAM_MIP_Limits_StrongCand=10;CPXPARAM_MIP_Limits_StrongIt=0;CPXPARAM_MIP_OrderType=3;CPXPARAM_MIP_Strategy_BBInterval=7;CPXPARAM_MIP_Strategy_Branch=-1;CPXPARAM_MIP_Strategy_Dive=0;CPXPARAM_MIP_Strategy_File=1;CPXPARAM_MIP_Strategy_HeuristicFreq=0;CPXPARAM_MIP_Strategy_LBHeur=0;CPXPARAM_MIP_Strategy_NodeSelect=0;CPXPARAM_MIP_Strategy_Order=1;CPXPARAM_MIP_Strategy_PresolveNode=1;CPXPARAM_MIP_Strategy_Probe=1;CPXPARAM_MIP_Strategy_RINSHeur=0;CPXPARAM_MIP_Strategy_StartAlgorithm=0;CPXPARAM_MIP_Strategy_SubAlgorithm=0;CPXPARAM_MIP_Strategy_VariableSelect=4;CPXPARAM_Network_NetFind=2;CPXPARAM_Network_Pricing=0;CPXPARAM_Parallel=1;CPXPARAM_Preprocessing_Aggregator=-1;CPXPARAM_Preprocessing_BoundStrength=-1;CPXPARAM_Preprocessing_CoeffReduce=-1;CPXPARAM_Preprocessing_Dependency=-1;CPXPARAM_Preprocessing_Dual=0;CPXPARAM_Preprocessing_Fill=40;CPXPARAM_Preprocessing_NumPass=-1;CPXPARAM_Preprocessing_Presolve=1;CPXPARAM_Preprocessing_QPMakePSD=1;CPXPARAM_Preprocessing_Reduce=0;CPXPARAM_Preprocessing_Relax=-1;CPXPARAM_Preprocessing_RepeatPresolve=-1;CPXPARAM_Preprocessing_Symmetry=-1;CPXPARAM_Read_Scale=0;CPXPARAM_Sifting_Algorithm=0;CPXPARAM_Simplex_Crash=1;CPXPARAM_Simplex_DGradient=0;CPXPARAM_Simplex_Limits_Perturbation=0;CPXPARAM_Simplex_Limits_Singularity=10;CPXPARAM_Simplex_PGradient=0;CPXPARAM_Simplex_Pricing=0;CPXPARAM_Simplex_Refactor=0
2097067679403905948,0,CPXPARAM_Advance=1;CPXPARAM_Barrier_Algorithm=0;CPXPARAM_Barrier_ColNonzeros=0;CPXPARAM_Barrier_Crossover=0;CPXPARAM_Barrier_Limits_Corrections=-1;CPXPARAM_Barrier_Ordering=0;CPXPARAM_Barrier_StartAlg=1;CPXPARAM_Emphasis_MIP=2;CPXPARAM_Emphasis_Memory=0;CPXPARAM_Emphasis_Numerical=0;CPXPARAM_Feasopt_Mode=0;CPXPARAM_LPMethod=0;CPXPARAM_MIP_Cuts_Cliques=-1;CPXPARAM_MIP_Cuts_Covers=2;CPXPARAM_MIP_Cuts_Disjunctive=1;CPXPARAM_MIP_Cuts_FlowCovers=2;CPXPARAM_MIP_Cuts_GUBCovers=1;CPXPARAM_MIP_Cuts_Gomory=0;CPXPARAM_MIP_Cuts_Implied=-1;CPXPARAM_MIP_Cuts_MIRCut=-1;CPXPARAM_MIP_Cuts_PathCut=-1;CPXPARAM_MIP_Limits_AggForCut=3;CPXPARAM_MIP_Limits_CutPasses=0;CPXPARAM_MIP_Limits_CutsFactor=-1;CPXPARAM_MIP_Limits_GomoryCand=400;CPXPARAM_MIP_Limits_GomoryPass=0;CPXPARAM_MIP_Limits_Nodes=9223372036800000000;CPXPARAM_MIP_Limits_ProbeTime=1e+75;CPXPARAM_MIP_Limits_RepairTries=0;CPXPARAM_MIP_Limits_StrongCand=10;CPXPARAM_MIP_Limits_StrongIt=0;CPXPARAM_MIP_OrderType=0;CPXPARAM_MIP_Strategy_BBInterval=7;CPXPARAM_MIP_Strategy_Branch=0;CPXPARAM_MIP_Strategy_Dive=0;CPXPARAM_MIP_Strategy_File=3;CPXPARAM_MIP_Strategy_HeuristicFreq=0;CPXPARAM_MIP_Strategy_LBHeur=0;CPXPARAM_MIP_Strategy_NodeSelect=1;CPXPARAM_MIP_Strategy_Order=1;CPXPARAM_MIP_Strategy_PresolveNode=0;CPXPARAM_MIP_Strategy_Probe=0;CPXPARAM_MIP_Strategy_RINSHeur=0;CPXPARAM_MIP_Strategy_StartAlgorithm=0;CPXPARAM_MIP_Strategy_SubAlgorithm=0;CPXPARAM_MIP_Strategy_VariableSelect=0;CPXPARAM_Network_NetFind=2;CPXPARAM_Network_Pricing=0;CPXPARAM_Parallel=1;CPXPARAM_Preprocessing_Aggregator=-1;CPXPARAM_Preprocessing_BoundStrength=-1;CPXPARAM_Preprocessing_CoeffReduce=-1;CPXPARAM_Preprocessing_Dependency=-1;CPXPARAM_Preprocessing_Dual=0;CPXPARAM_Preprocessing_Fill=10;CPXPARAM_Preprocessing_NumPass=-1;CPXPARAM_Preprocessing_Presolve=1;CPXPARAM_Preprocessing_QPMakePSD=1;CPXPARAM_Preprocessing_Reduce=3;CPXPARAM_Preprocessing_Relax=-1;CPXPARAM_Preprocessing_RepeatPresolve=-1;CPXPARAM_Preprocessing_Symmetry=-1;CPXPARAM_Read_Scale=0;CPXPARAM_Sifting_Algorithm=0;CPXPARAM_Simplex_Crash=1;CPXPARAM_Simplex_DGradient=0;CPXPARAM_Simplex_Limits_Perturbation=0;CPXPARAM_Simplex_Limits_Singularity=10;CPXPARAM_Simplex_PGradient=0;CPXPARAM_Simplex_Pricing=0;CPXPARAM_Simplex_Refactor=0
6830632126541679424,0,CPXPARAM_Advance=1;CPXPARAM_Barrier_Algorithm=0;CPXPARAM_Barrier_ColNonzeros=0;CPXPARAM_Barrier_Crossover=0;CPXPARAM_Barrier_Limits_Corrections=-1;CPXPARAM_Barrier_Ordering=0;CPXPARAM_Barrier_StartAlg=1;CPXPARAM_Emphasis_MIP=5;CPXPARAM_Emphasis_Memory=0;CPXPARAM_Emphasis_Numerical=0;CPXPARAM_Feasopt_Mode=0;CPXPARAM_LPMethod=0;CPXPARAM_MIP_Cuts_Cliques=0;CPXPARAM_MIP_Cuts_Covers=0;CPXPARAM_MIP_Cuts_Disjunctive=-1;CPXPARAM_MIP_Cuts_FlowCovers=-1;CPXPARAM_MIP_Cuts_GUBCovers=1;CPXPARAM_MIP_Cuts_Gomory=-1;CPXPARAM_MIP_Cuts_Implied=1;CPXPARAM_MIP_Cuts_MIRCut=2;CPXPARAM_MIP_Cuts_PathCut=0;CPXPARAM_MIP_Limits_AggForCut=3;CPXPARAM_MIP_Limits_CutPasses=0;CPXPARAM_MIP_Limits_CutsFactor=-1;CPXPARAM_MIP_Limits_GomoryCand=400;CPXPARAM_MIP_Limits_GomoryPass=0;CPXPARAM_MIP_Limits_Nodes=9223372036800000000;CPXPARAM_MIP_Limits_ProbeTime=1e+75;CPXPARAM_MIP_Limits_RepairTries=0;CPXPARAM_MIP_Limits_StrongCand=10;CPXPARAM_MIP_Limits_StrongIt=0;CPXPARAM_MIP_OrderType=3;CPXPARAM_MIP_Strategy_BBInterval=7;CPXPARAM_MIP_Strategy_Branch=-1;CPXPARAM_MIP_Strategy_Dive=0;CPXPARAM_MIP_Strategy_File=1;CPXPARAM_MIP_Strategy_HeuristicFreq=0;CPXPARAM_MIP_Strategy_LBHeur=0;CPXPARAM_MIP_Strategy_NodeSelect=0;CPXPARAM_MIP_Strategy_Order=1;CPXPARAM_MIP_Strategy_PresolveNode=1;CPXPARAM_MIP_Strategy_Probe=1;CPXPARAM_MIP_Strategy_RINSHeur=0;CPXPARAM_MIP_Strategy_StartAlgorithm=0;CPXPARAM_MIP_Strategy_SubAlgorithm=3;CPXPARAM_MIP_Strategy_VariableSelect=-1;CPXPARAM_Network_NetFind=2;CPXPARAM_Network_Pricing=0;CPXPARAM_Parallel=1;CPXPARAM_Preprocessing_Aggregator=-1;CPXPARAM_Preprocessing_BoundStrength=-1;CPXPARAM_Preprocessing_CoeffReduce=-1;CPXPARAM_Preprocessing_Dependency=-1;CPXPARAM_Preprocessing_Dual=0;CPXPARAM_Preprocessing_Fill=40;CPXPARAM_Preprocessing_NumPass=-1;CPXPARAM_Preprocessing_Presolve=1;CPXPARAM_Preprocessing_QPMakePSD=1;CPXPARAM_Preprocessing_Reduce=0;CPXPARAM_Preprocessing_Relax=-1;CPXPARAM_Preprocessing_RepeatPresolve=-1;CPXPARAM_Preprocessing_Symmetry=-1;CPXPARAM_Read_Scale=0;CPXPARAM_Sifting_Algorithm=0;CPXPARAM_Simplex_Crash=1;CPXPARAM_Simplex_DGradient=0;CPXPARAM_Simplex_Limits_Perturbation=0;CPXPARAM_Simplex_Limits_Singularity=10;CPXPARAM_Simplex_PGradient=0;CPXPARAM_Simplex_Pricing=0;CPXPARAM_Simplex_Refactor=0
5695802989773588310,0,CPXPARAM_Advance=1;CPXPARAM_Barrier_Algorithm=0;CPXPARAM_Barrier_ColNonzeros=0;CPXPARAM_Barrier_Crossover=0;CPXPARAM_Barrier_Limits_Corrections=-1;CPXPARAM_Barrier_Ordering=0;CPXPARAM_Barrier_StartAlg=1;CPXPARAM_Emphasis_MIP=2;CPXPARAM_Emphasis_Memory=0;CPXPARAM_Emphasis_Numerical=0;CPXPARAM_Feasopt_Mode=0;CPXPARAM_LPMethod=0;CPXPARAM_MIP_Cuts_Cliques=-1;CPXPARAM_MIP_Cuts_Covers=2;CPXPARAM_MIP_Cuts_Disjunctive=1;CPXPARAM_MIP_Cuts_FlowCovers=2;CPXPARAM_MIP_Cuts_GUBCovers=1;CPXPARAM_MIP_Cuts_Gomory=0;CPXPARAM_MIP_Cuts_Implied=-1;CPXPARAM_MIP_Cuts_MIRCut=-1;CPXPARAM_MIP_Cuts_PathCut=-1;CPXPARAM_MIP_Limits_AggForCut=3;CPXPARAM_MIP_Limits_CutPasses=0;CPXPARAM_MIP_Limits_CutsFactor=-1;CPXPARAM_MIP_Limits_GomoryCand=400;CPXPARAM_MIP_Limits_GomoryPass=0;CPXPARAM_MIP_Limits_Nodes=9223372036800000000;CPXPARAM_MIP_Limits_ProbeTime=1e+75;CPXPARAM_MIP_Limits_RepairTries=0;CPXPARAM_MIP_Limits_StrongCand=10;CPXPARAM_MIP_Limits_StrongIt=0;CPXPARAM_MIP_OrderType=0;CPXPARAM_MIP_Strategy_BBInterval=7;CPXPARAM_MIP_Strategy_Branch=0;CPXPARAM_MIP_Strategy_Dive=0;CPXPARAM_MIP_Strategy_File=1;CPXPARAM_MIP_Strategy_HeuristicFreq=0;CPXPARAM_MIP_Strategy_LBHeur=0;CPXPARAM_MIP_Strategy_NodeSelect=1;CPXPARAM_MIP_Strategy_Order=1;CPXPARAM_MIP_Strategy_PresolveNode=0;CPXPARAM_MIP_Strategy_Probe=0;CPXPARAM_MIP_Strategy_RINSHeur=0;CPXPARAM_MIP_Strategy_StartAlgorithm=0;CPXPARAM_MIP_Strategy_SubAlgorithm=0;CPXPARAM_MIP_Strategy_VariableSelect=0;CPXPARAM_Network_NetFind=2;CPXPARAM_Network_Pricing=0;CPXPARAM_Parallel=1;CPXPARAM_Preprocessing_Aggregator=-1;CPXPARAM_Preprocessing_BoundStrength=-1;CPXPARAM_Preprocessing_CoeffReduce=-1;CPXPARAM_Preprocessing_Dependency=-1;CPXPARAM_Preprocessing_Dual=0;CPXPARAM_Preprocessing_Fill=10;CPXPARAM_Preprocessing_NumPass=-1;CPXPARAM_Preprocessing_Presolve=1;CPXPARAM_Preprocessing_QPMakePSD=1;CPXPARAM_Preprocessing_Reduce=0;CPXPARAM_Preprocessing_Relax=-1;CPXPARAM_Preprocessing_RepeatPresolve=-1;CPXPARAM_Preprocessing_Symmetry=-1;CPXPARAM_Read_Scale=0;CPXPARAM_Sifting_Algorithm=0;CPXPARAM_Simplex_Crash=1;CPXPARAM_Simplex_DGradient=0;CPXPARAM_Simplex_Limits_Perturbation=0;CPXPARAM_Simplex_Limits_Singularity=10;CPXPARAM_Simplex_PGradient=0;CPXPARAM_Simplex_Pricing=0;CPXPARAM_Simplex_Refactor=0
3581667587422289933,0,CPXPARAM_Advance=1;CPXPARAM_Barrier_Algorithm=0;CPXPARAM_Barrier_ColNonzeros=0;CPXPARAM_Barrier_Crossover=0;CPXPARAM_Barrier_Limits_Corrections=-1;CPXPARAM_Barrier_Ordering=0;CPXPARAM_Barrier_StartAlg=1;CPXPARAM_Emphasis_MIP=2;CPXPARAM_Emphasis_Memory=0;CPXPARAM_Emphasis_Numerical=0;CPXPARAM_Feasopt_Mode=0;CPXPARAM_LPMethod=0;CPXPARAM_MIP_Cuts_Cliques=-1;CPXPARAM_MIP_Cuts_Covers=2;CPXPARAM_MIP_Cuts_Disjunctive=1;CPXPARAM_MIP_Cuts_FlowCovers=2;CPXPARAM_MIP_Cuts_GUBCovers=1;CPXPARAM_MIP_Cuts_Gomory=0;CPXPARAM_MIP_Cuts_Implied=-1;CPXPARAM_MIP_Cuts_MIRCut=-1;CPXPARAM_MIP_Cuts_PathCut=-1;CPXPARAM_MIP_Limits_AggForCut=3;CPXPARAM_MIP_Limits_CutPasses=0;CPXPARAM_MIP_Limits_CutsFactor=-1;CPXPARAM_MIP_Limits_GomoryCand=400;CPXPARAM_MIP_Limits_GomoryPass=0;CPXPARAM_MIP_Limits_Nodes=9223372036800000000;CPXPARAM_MIP_Limits_ProbeTime=1e+75;CPXPARAM_MIP_Limits_RepairTries=0;CPXPARAM_MIP_Limits_StrongCand=10;CPXPARAM_MIP_Limits_StrongIt=0;CPXPARAM_MIP_OrderType=0;CPXPARAM_MIP_Strategy_BBInterval=7;CPXPARAM_MIP_Strategy_Branch=0;CPXPARAM_MIP_Strategy_Dive=0;CPXPARAM_MIP_Strategy_File=1;CPXPARAM_MIP_Strategy_HeuristicFreq=0;CPXPARAM_MIP_Strategy_LBHeur=0;CPXPARAM_MIP_Strategy_NodeSelect=1;CPXPARAM_MIP_Strategy_Order=1;CPXPARAM_MIP_Strategy_PresolveNode=0;CPXPARAM_MIP_Strategy_Probe=0;CPXPARAM_MIP_Strategy_RINSHeur=0;CPXPARAM_MIP_Strategy_StartAlgorithm=0;CPXPARAM_MIP_Strategy_SubAlgorithm=0;CPXPARAM_MIP_Strategy_VariableSelect=0;CPXPARAM_Network_NetFind=2;CPXPARAM_Network_Pricing=0;CPXPARAM_Parallel=1;CPXPARAM_Preprocessing_Aggregator=-1;CPXPARAM_Preprocessing_BoundStrength=-1;CPXPARAM_Preprocessing_CoeffReduce=-1;CPXPARAM_Preprocessing_Dependency=-1;CPXPARAM_Preprocessing_Dual=0;CPXPARAM_Preprocessing_Fill=10;CPXPARAM_Preprocessing_NumPass=-1;CPXPARAM_Preprocessing_Presolve=1;CPXPARAM_Preprocessing_QPMakePSD=1;CPXPARAM_Preprocessing_Reduce=3;CPXPARAM_Preprocessing_Relax=-1;CPXPARAM_Preprocessing_RepeatPresolve=-1;CPXPARAM_Preprocessing_Symmetry=-1;CPXPARAM_Read_Scale=0;CPXPARAM_Sifting_Algorithm=0;CPXPARAM_Simplex_Crash=1;CPXPARAM_Simplex_DGradient=1;CPXPARAM_Simplex_Limits_Perturbation=0;CPXPARAM_Simplex_Limits_Singularity=10;CPXPARAM_Simplex_PGradient=0;CPXPARAM_Simplex_Pricing=0;CPXPARAM_Simplex_Refactor=0
3496374982503634318,0,CPXPARAM_Advance=1;CPXPARAM_Barrier_Algorithm=0;CPXPARAM_Barrier_ColNonzeros=0;CPXPARAM_Barrier_Crossover=0;CPXPARAM_Barrier_Limits_Corrections=-1;CPXPARAM_Barrier_Ordering=0;CPXPARAM_Barrier_StartAlg=1;CPXPARAM_Emphasis_MIP=2;CPXPARAM_Emphasis_Memory=0;CPXPARAM_Emphasis_Numerical=0;CPXPARAM_Feasopt_Mode=0;CPXPARAM_LPMethod=0;CPXPARAM_MIP_Cuts_Cliques=-1;CPXPARAM_MIP_Cuts_Covers=2;CPXPARAM_MIP_Cuts_Disjunctive=1;CPXPARAM_MIP_Cuts_FlowCovers=2;CPXPARAM_MIP_Cuts_GUBCovers=1;CPXPARAM_MIP_Cuts_Gomory=0;CPXPARAM_MIP_Cuts_Implied=-1;CPXPARAM_MIP_Cuts_MIRCut=-1;CPXPARAM_MIP_Cuts_PathCut=-1;CPXPARAM_MIP_Limits_AggForCut=3;CPXPARAM_MIP_Limits_CutPasses=0;CPXPARAM_MIP_Limits_CutsFactor=-1;CPXPARAM_MIP_Limits_GomoryCand=400;CPXPARAM_MIP_Limits_GomoryPass=0;CPXPARAM_MIP_Limits_Nodes=9223372036800000000;CPXPARAM_MIP_Limits_ProbeTime=1e+75;CPXPARAM_MIP_Limits_RepairTries=0;CPXPARAM_MIP_Limits_StrongCand=10;CPXPARAM_MIP_Limits_StrongIt=0;CPXPARAM_MIP_OrderType=0;CPXPARAM_MIP_Strategy_BBInterval=7;CPXPARAM_MIP_Strategy_Branch=0;CPXPARAM_MIP_Strategy_Dive=0;CPXPARAM_MIP_Strategy_File=1;CPXPARAM_MIP_Strategy_HeuristicFreq=0;CPXPARAM_MIP_Strategy_LBHeur=0;CPXPARAM_MIP_Strategy_NodeSelect=1;CPXPARAM_MIP_Strategy_Order=1;CPXPARAM_MIP_Strategy_PresolveNode=0;CPXPARAM_MIP_Strategy_Probe=0;CPXPARAM_MIP_Strategy_RINSHeur=0;CPXPARAM_MIP_Strategy_StartAlgorithm=0;CPXPARAM_MIP_Strategy_SubAlgorithm=0;CPXPARAM_MIP_Strategy_VariableSelect=0;CPXPARAM_Network_NetFind=2;CPXPARAM_Network_Pricing=0;CPXPARAM_Parallel=1;CPXPARAM_Preprocessing_Aggregator=-1;CPXPARAM_Preprocessing_BoundStrength=-1;CPXPARAM_Preprocessing_CoeffReduce=-1;CPXPARAM_Preprocessing_Dependency=-1;CPXPARAM_Preprocessing_Dual=0;CPXPARAM_Preprocessing_Fill=10;CPXPARAM_Preprocessing_NumPass=-1;CPXPARAM_Preprocessing_Presolve=1;CPXPARAM_Preprocessing_QPMakePSD=1;CPXPARAM_Preprocessing_Reduce=1;CPXPARAM_Preprocessing_Relax=-1;CPXPARAM_Preprocessing_RepeatPresolve=-1;CPXPARAM_Preprocessing_Symmetry=-1;CPXPARAM_Read_Scale=0;CPXPARAM_Sifting_Algorithm=0;CPXPARAM_Simplex_Crash=1;CPXPARAM_Simplex_DGradient=0;CPXPARAM_Simplex_Limits_Perturbation=0;CPXPARAM_Simplex_Limits_Singularity=10;CPXPARAM_Simplex_PGradient=0;CPXPARAM_Simplex_Pricing=0;CPXPARAM_Simplex_Refactor=0
1239165904656520181,0,CPXPARAM_Advance=1;CPXPARAM_Barrier_Algorithm=0;CPXPARAM_Barrier_ColNonzeros=0;CPXPARAM_Barrier_Crossover=0;CPXPARAM_Barrier_Limits_Corrections=-1;CPXPARAM_Barrier_Ordering=0;CPXPARAM_Barrier_StartAlg=1;CPXPARAM_Emphasis_MIP=2;CPXPARAM_Emphasis_Memory=0;CPXPARAM_Emphasis_Numerical=0;CPXPARAM_Feasopt_Mode=0;CPXPARAM_LPMethod=0;CPXPARAM_MIP_Cuts_Cliques=-1;CPXPARAM_MIP_Cuts_Covers=2;CPXPARAM_MIP_Cuts_Disjunctive=1;CPXPARAM_MIP_Cuts_FlowCovers=2;CPXPARAM_MIP_Cuts_GUBCovers=1;CPXPARAM_MIP_Cuts_Gomory=0;CPXPARAM_MIP_Cuts_Implied=-1;CPXPARAM_MIP_Cuts_MIRCut=-1;CPXPARAM_MIP_Cuts_PathCut=-1;CPXPARAM_MIP_Limits_AggForCut=3;CPXPARAM_MIP_Limits_CutPasses=0;CPXPARAM_MIP_Limits_CutsFactor=-1;CPXPARAM_MIP_Limits_GomoryCand=400;CPXPARAM_MIP_Limits_GomoryPass=0;CPXPARAM_MIP_Limits_Nodes=9223372036800000000;CPXPARAM_MIP_Limits_ProbeTime=1e+75;CPXPARAM_MIP_Limits_RepairTries=0;CPXPARAM_MIP_Limits_StrongCand=10;CPXPARAM_MIP_Limits_StrongIt=0;CPXPARAM_MIP_OrderType=0;CPXPARAM_MIP_Strategy_BBInterval=7;CPXPARAM_MIP_Strategy_Branch=0;CPXPARAM_MIP_Strategy_Dive=0;CPXPARAM_MIP_Strategy_File=1;CPXPARAM_MIP_Strategy_HeuristicFreq=0;CPXPARAM_MIP_Strategy_LBHeur=0;CPXPARAM_MIP_Strategy_NodeSelect=1;CPXPARAM_MIP_Strategy_Order=1;CPXPARAM_MIP_Strategy_PresolveNode=0;CPXPARAM_MIP_Strategy_Probe=0;CPXPARAM_MIP_Strategy_RINSHeur=0;CPXPARAM_MIP_Strategy_StartAlgorithm=0;CPXPARAM_MIP_Strategy_SubAlgorithm=0;CPXPARAM_MIP_Strategy_VariableSelect=0;CPXPARAM_Network_NetFind=2;CPXPARAM_Network_Pricing=0;CPXPARAM_Parallel=1;CPXPARAM_Preprocessing_Aggregator=-1;CPXPARAM_Preprocessing_BoundStrength=-1;CPXPARAM_Preprocessing_CoeffReduce=-1;CPXPARAM_Preprocessing_Dependency=-1;CPXPARAM_Preprocessing_Dual=0;CPXPARAM_Preprocessing_Fill=10;CPXPARAM_Preprocessing_NumPass=-1;CPXPARAM_Preprocessing_Presolve=1;CPXPARAM_Preprocessing_QPMakePSD=1;CPXPARAM_Preprocessing_Reduce=3;CPXPARAM_Preprocessing_Relax=-1;CPXPARAM_Preprocessing_RepeatPresolve=2;CPXPARAM_Preprocessing_Symmetry=-1;CPXPARAM_Read_Scale=0;CPXPARAM_Sifting_Algorithm=0;CPXPARAM_Simplex_Crash=1;CPXPARAM_Simplex_DGradient=0;CPXPARAM_Simplex_Limits_Perturbation=0;CPXPARAM_Simplex_Limits_Singularity=10;CPXPARAM_Simplex_PGradient=0;CPXPARAM_Simplex_Pricing=0;CPXPARAM_Simplex_Refactor=0
7293457269367474876,0,CPXPARAM_Advance=1;CPXPARAM_Barrier_Algorithm=0;CPXPARAM_Barrier_ColNonzeros=0;CPXPARAM_Barrier_Crossover=0;CPXPARAM_Barrier_Limits_Corrections=-1;CPXPARAM_Barrier_Ordering=0;CPXPARAM_Barrier_StartAlg=1;CPXPARAM_Emphasis_MIP=5;CPXPARAM_Emphasis_Memory=0;CPXPARAM_Emphasis_Numerical=0;CPXPARAM_Feasopt_Mode=0;CPXPARAM_LPMethod=0;CPXPARAM_MIP_Cuts_Cliques=3;CPXPARAM_MIP_Cuts_Covers=0;CPXPARAM_MIP_Cuts_Disjunctive=1;CPXPARAM_MIP_Cuts_FlowCovers=0;CPXPARAM_MIP_Cuts_GUBCovers=0;CPXPARAM_MIP_Cuts_Gomory=2;CPXPARAM_MIP_Cuts_Implied=1;CPXPARAM_MIP_Cuts_MIRCut=-1;CPXPARAM_MIP_Cuts_PathCut=1;CPXPARAM_MIP_Limits_AggForCut=5;CPXPARAM_MIP_Limits_CutPasses=0;CPXPARAM_MIP_Limits_CutsFactor=-1;CPXPARAM_MIP_Limits_GomoryCand=150;CPXPARAM_MIP_Limits_GomoryPass=0;CPXPARAM_MIP_Limits_Nodes=9223372036800000000;CPXPARAM_MIP_Limits_ProbeTime=1e+75;CPXPARAM_MIP_Limits_RepairTries=0;CPXPARAM_MIP_Limits_StrongCand=10;CPXPARAM_MIP_Limits_StrongIt=0;CPXPARAM_MIP_OrderType=3;CPXPARAM_MIP_Strategy_BBInterval=7;CPXPARAM_MIP_Strategy_Branch=0;CPXPARAM_MIP_Strategy_Dive=0;CPXPARAM_MIP_Strategy_File=1;CPXPARAM_MIP_Strategy_HeuristicFreq=0;CPXPARAM_MIP_Strategy_LBHeur=0;CPXPARAM_MIP_Strategy_NodeSelect=0;CPXPARAM_MIP_Strategy_Order=1;CPXPARAM_MIP_Strategy_PresolveNode=1;CPXPARAM_MIP_Strategy_Probe=2;CPXPARAM_MIP_Strategy_RINSHeur=0;CPXPARAM_MIP_Strategy_StartAlgorithm=0;CPXPARAM_MIP_Strategy_SubAlgorithm=5;CPXPARAM_MIP_Strategy_VariableSelect=4;CPXPARAM_Network_NetFind=2;CPXPARAM_Network_Pricing=0;CPXPARAM_Parallel=1;CPXPARAM_Preprocessing_Aggregator=-1;CPXPARAM_Preprocessing_BoundStrength=-1;CPXPARAM_Preprocessing_CoeffReduce=-1;CPXPARAM_Preprocessing_Dependency=-1;CPXPARAM_Preprocessing_Dual=0;CPXPARAM_Preprocessing_Fill=2;CPXPARAM_Preprocessing_NumPass=-1;CPXPARAM_Preprocessing_Presolve=1;CPXPARAM_Preprocessing_QPMakePSD=1;CPXPARAM_Preprocessing_Reduce=1;CPXPARAM_Preprocessing_Relax=-1;CPXPARAM_Preprocessing_RepeatPresolve=-1;CPXPARAM_Preprocessing_Symmetry=-1;CPXPARAM_Read_Scale=0;CPXPARAM_Sifting_Algorithm=0;CPXPARAM_Simplex_Crash=1;CPXPARAM_Simplex_DGradient=0;CPXPARAM_Simplex_Limits_Perturbation=0;CPXPARAM_Simplex_Limits_Singularity=10;CPXPARAM_Simplex_PGradient=0;CPXPARAM_Simplex_Pricing=0;CPXPARAM_Simplex_Refactor=0
10318369734536618583,0,CPXPARAM_Advance=1;CPXPARAM_Barrier_Algorithm=0;CPXPARAM_Barrier_ColNonzeros=0;CPXPARAM_Barrier_Crossover=0;CPXPARAM_Barrier_Limits_Corrections=-1;CPXPARAM_Barrier_Ordering=0;CPXPARAM_Barrier_StartAlg=1;CPXPARAM_Emphasis_MIP=5;CPXPARAM_Emphasis_Memory=0;CPXPARAM_Emphasis_Numerical=0;CPXPARAM_Feasopt_Mode=0;CPXPARAM_LPMethod=0;CPXPARAM_MIP_Cuts_Cliques=-1;CPXPARAM_MIP_Cuts_Covers=1;CPXPARAM_MIP_Cuts_Disjunctive=-1;CPXPARAM_MIP_Cuts_FlowCovers=-1;CPXPARAM_MIP_Cuts_GUBCovers=0;CPXPARAM_MIP_Cuts_Gomory=0;CPXPARAM_MIP_Cuts_Implied=-1;CPXPARAM_MIP_Cuts_MIRCut=1;CPXPARAM_MIP_Cuts_PathCut=2;CPXPARAM_MIP_Limits_AggForCut=5;CPXPARAM_MIP_Limits_CutPasses=0;CPXPARAM_MIP_Limits_CutsFactor=-1;CPXPARAM_MIP_Limits_GomoryCand=800;CPXPARAM_MIP_Limits_GomoryPass=0;CPXPARAM_MIP_Limits_Nodes=9223372036800000000;CPXPARAM_MIP_Limits_ProbeTime=1e+75;CPXPARAM_MIP_Limits_RepairTries=0;CPXPARAM_MIP_Limits_StrongCand=10;CPXPARAM_MIP_Limits_StrongIt=0;CPXPARAM_MIP_OrderType=0;CPXPARAM_MIP_Strategy_BBInterval=7;CPXPARAM_MIP_Strategy_Branch=0;CPXPARAM_MIP_Strategy_Dive=0;CPXPARAM_MIP_Strategy_File=1;CPXPARAM_MIP_Strategy_HeuristicFreq=0;CPXPARAM_MIP_Strategy_LBHeur=0;CPXPARAM_MIP_Strategy_NodeSelect=2;CPXPARAM_MIP_Strategy_Order=1;CPXPARAM_MIP_Strategy_PresolveNode=1;CPXPARAM_MIP_Strategy_Probe=3;CPXPARAM_MIP_Strategy_RINSHeur=0;CPXPARAM_MIP_Strategy_StartAlgorithm=0;CPXPARAM_MIP_Strategy_SubAlgorithm=3;CPXPARAM_MIP_Strategy_VariableSelect=-1;CPXPARAM_Network_NetFind=2;CPXPARAM_Network_Pricing=0;CPXPARAM_Parallel=1;CPXPARAM_Preprocessing_Aggregator=-1;CPXPARAM_Preprocessing_BoundStrength=-1;CPXPARAM_Preprocessing_CoeffReduce=-1;CPXPARAM_Preprocessing_Dependency=-1;CPXPARAM_Preprocessing_Dual=0;CPXPARAM_Preprocessing_Fill=5;CPXPARAM_Preprocessing_NumPass=-1;CPXPARAM_Preprocessing_Presolve=1;CPXPARAM_Preprocessing_QPMakePSD=1;CPXPARAM_Preprocessing_Reduce=3;CPXPARAM_Preprocessing_Relax=-1;CPXPARAM_Preprocessing_RepeatPresolve=-1;CPXPARAM_Preprocessing_Symmetry=-1;CPXPARAM_Read_Scale=0;CPXPARAM_Sifting_Algorithm=0;CPXPARAM_Simplex_Crash=1;CPXPARAM_Simplex_DGradient=0;CPXPARAM_Simplex_Limits_Perturbation=0;CPXPARAM_Simplex_Limits_Singularity=10;CPXPARAM_Simplex_PGradient=0;CPXPARAM_Simplex_Pricing=0;CPXPARAM_Simplex_Refactor=0
11464059088341246335,0,CPXPARAM_Advance=1;CPXPARAM_Barrier_Algorithm=0;CPXPARAM_Barrier_ColNonzeros=0;CPXPARAM_Barrier_Crossover=0;CPXPARAM_Barrier_Limits_Corrections=-1;CPXPARAM_Barrier_Ordering=0;CPXPARAM_Barrier_StartAlg=1;CPXPARAM_Emphasis_MIP=2;CPXPARAM_Emphasis_Memory=0;CPXPARAM_Emphasis_Numerical=0;CPXPARAM_Feasopt_Mode=0;CPXPARAM_LPMethod=1;CPXPARAM_MIP_Cuts_Cliques=-1;CPXPARAM_MIP_Cuts_Covers=2;CPXPARAM_MIP_Cuts_Disjunctive=1;CPXPARAM_MIP_Cuts_FlowCovers=2;CPXPARAM_MIP_Cuts_GUBCovers=1;CPXPARAM_MIP_Cuts_Gomory=0;CPXPARAM_MIP_Cuts_Implied=-1;CPXPARAM_MIP_Cuts_MIRCut=-1;CPXPARAM_MIP_Cuts_PathCut=-1;CPXPARAM_MIP_Limits_AggForCut=3;CPXPARAM_MIP_Limits_CutPasses=0;CPXPARAM_MIP_Limits_CutsFactor=-1;CPXPARAM_MIP_Limits_GomoryCand=400;CPXPARAM_MIP_Limits_GomoryPass=0;CPXPARAM_MIP_Limits_Nodes=9223372036800000000;CPXPARAM_MIP_Limits_ProbeTime=1e+75;CPXPARAM_MIP_Limits_RepairTries=0;CPXPARAM_MIP_Limits_StrongCand=10;CPXPARAM_MIP_Limits_StrongIt=0;CPXPARAM_MIP_OrderType=0;CPXPARAM_MIP_Strategy_BBInterval=7;CPXPARAM_MIP_Strategy_Branch=0;CPXPARAM_MIP_Strategy_Dive=0;CPXPARAM_MIP_Strategy_File=1;CPXPARAM_MIP_Strategy_HeuristicFreq=0;CPXPARAM_MIP_Strategy_LBHeur=0;CPXPARAM_MIP_Strategy_NodeSelect=1;CPXPARAM_MIP_Strategy_Order=1;CPXPARAM_MIP_Strategy_PresolveNode=0;CPXPARAM_MIP_Strategy_Probe=0;CPXPARAM_MIP_Strategy_RINSHeur=0;CPXPARAM_MIP_Strategy_StartAlgorithm=0;CPXPARAM_MIP_Strategy_SubAlgorithm=0;CPXPARAM_MIP_Strategy_VariableSelect=0;CPXPARAM_Network_NetFind=2;CPXPARAM_Network_Pricing=0;CPXPARAM_Parallel=1;CPXPARAM_Preprocessing_Aggregator=-1;CPXPARAM_Preprocessing_BoundStrength=-1;CPXPARAM_Preprocessing_CoeffReduce=-1;CPXPARAM_Preprocessing_Dependency=-1;CPXPARAM_Preprocessing_Dual=0;CPXPARAM_Preprocessing_Fill=10;CPXPARAM_Preprocessing_NumPass=-1;CPXPARAM_Preprocessing_Presolve=1;CPXPARAM_Preprocessing_QPMakePSD=1;CPXPARAM_Preprocessing_Reduce=3;CPXPARAM_Preprocessing_Relax=-1;CPXPARAM_Preprocessing_RepeatPresolve=-1;CPXPARAM_Preprocessing_Symmetry=-1;CPXPARAM_Read_Scale=0;CPXPARAM_Sifting_Algorithm=0;CPXPARAM_Simplex_Crash=1;CPXPARAM_Simplex_DGradient=0;CPXPARAM_Simplex_Limits_Perturbation=0;CPXPARAM_Simplex_Limits_Singularity=10;CPXPARAM_Simplex_PGradient=0;CPXPARAM_Simplex_Pricing=0;CPXPARAM_Simplex_Refactor=0
1076008416521349167,0,CPXPARAM_Advance=1;CPXPARAM_Barrier_Algorithm=0;CPXPARAM_Barrier_ColNonzeros=0;CPXPARAM_Barrier_Crossover=0;CPXPARAM_Barrier_Limits_Corrections=-1;CPXPARAM_Barrier_Ordering=0;CPXPARAM_Barrier_StartAlg=1;CPXPARAM_Emphasis_MIP=2;CPXPARAM_Emphasis_Memory=0;CPXPARAM_Emphasis_Numerical=0;CPXPARAM_Feasopt_Mode=0;CPXPARAM_LPMethod=2;CPXPARAM_MIP_Cuts_Cliques=-1;CPXPARAM_MIP_Cuts_Covers=2;CPXPARAM_MIP_Cuts_Disjunctive=1;CPXPARAM_MIP_Cuts_FlowCovers=2;CPXPARAM_MIP_Cuts_GUBCovers=1;CPXPARAM_MIP_Cuts_Gomory=0;CPXPARAM_MIP_Cuts_Implied=-1;CPXPARAM_MIP_Cuts_MIRCut=-1;CPXPARAM_MIP_Cuts_PathCut=-1;CPXPARAM_MIP_Limits_AggForCut=3;CPXPARAM_MIP_Limits_CutPasses=0;CPXPARAM_MIP_Limits_CutsFactor=-1;CPXPARAM_MIP_Limits_GomoryCand=400;CPXPARAM_MIP_Limits_GomoryPass=0;CPXPARAM_MIP_Limits_Nodes=9223372036800000000;CPXPARAM_MIP_Limits_ProbeTime=1e+75;CPXPARAM_MIP_Limits_RepairTries=0;CPXPARAM_MIP_Limits_StrongCand=10;CPXPARAM_MIP_Limits_StrongIt=0;CPXPARAM_MIP_OrderType=0;CPXPARAM_MIP_Strategy_BBInterval=7;CPXPARAM_MIP_Strategy_Branch=0;CPXPARAM_MIP_Strategy_Dive=0;CPXPARAM_MIP_Strategy_File=1;CPXPARAM_MIP_Strategy_HeuristicFreq=0;CPXPARAM_MIP_Strategy_LBHeur=0;CPXPARAM_MIP_Strategy_NodeSelect=1;CPXPARAM_MIP_Strategy_Order=1;CPXPARAM_MIP_Strategy_PresolveNode=0;CPXPARAM_MIP_Strategy_Probe=0;CPXPARAM_MIP_Strategy_RINSHeur=0;CPXPARAM_MIP_Strategy_StartAlgorithm=0;CPXPARAM_MIP_Strategy_SubAlgorithm=0;CPXPARAM_MIP_Strategy_VariableSelect=0;CPXPARAM_Network_NetFind=2;CPXPARAM_Network_Pricing=0;CPXPARAM_Parallel=1;CPXPARAM_Preprocessing_Aggregator=-1;CPXPARAM_Preprocessing_BoundStrength=-1;CPXPARAM_Preprocessing_CoeffReduce=-1;CPXPARAM_Preprocessing_Dependency=-1;CPXPARAM_Preprocessing_Dual=0;CPXPARAM_Preprocessing_Fill=10;CPXPARAM_Preprocessing_NumPass=-1;CPXPARAM_Preprocessing_Presolve=1;CPXPARAM_Preprocessing_QPMakePSD=1;CPXPARAM_Preprocessing_Reduce=3;CPXPARAM_Preprocessing_Relax=-1;CPXPARAM_Preprocessing_RepeatPresolve=-1;CPXPARAM_Preprocessing_Symmetry=-1;CPXPARAM_Read_Scale=0;CPXPARAM_Sifting_Algorithm=0;CPXPARAM_Simplex_Crash=1;CPXPARAM_Simplex_DGradient=0;CPXPARAM_Simplex_Limits_Perturbation=0;CPXPARAM_Simplex_Limits_Singularity=10;CPXPARAM_Simplex_PGradient=0;CPXPARAM_Simplex_Pricing=0;CPXPARAM_Simplex_Refactor=0
1215305815855160146,0,CPXPARAM_Advance=1;CPXPARAM_Barrier_Algorithm=0;CPXPARAM_Barrier_ColNonzeros=0;CPXPARAM_Barrier_Crossover=0;CPXPARAM_Barrier_Limits_Corrections=-1;CPXPARAM_Barrier_Ordering=0;CPXPARAM_Barrier_StartAlg=1;CPXPARAM_Emphasis_MIP=2;CPXPARAM_Emphasis_Memory=0;CPXPARAM_Emphasis_Numerical=0;CPXPARAM_Feasopt_Mode=0;CPXPARAM_LPMethod=0;CPXPARAM_MIP_Cuts_Cliques=-1;CPXPARAM_MIP_Cuts_Covers=2;CPXPARAM_MIP_Cuts_Disjunctive=1;CPXPARAM_MIP_Cuts_FlowCovers=2;CPXPARAM_MIP_Cuts_GUBCovers=1;CPXPARAM_MIP_Cuts_Gomory=0;CPXPARAM_MIP_Cuts_Implied=-1;CPXPARAM_MIP_Cuts_MIRCut=-1;CPXPARAM_MIP_Cuts_PathCut=-1;CPXPARAM_MIP_Limits_AggForCut=3;CPXPARAM_MIP_Limits_CutPasses=0;CPXPARAM_MIP_Limits_CutsFactor=2;CPXPARAM_MIP_Limits_GomoryCand=400;CPXPARAM_MIP_Limits_GomoryPass=0;CPXPARAM_MIP_Limits_Nodes=9223372036800000000;CPXPARAM_MIP_Limits_ProbeTime=1e+75;CPXPARAM_MIP_Limits_RepairTries=0;CPXPARAM_MIP_Limits_StrongCand=10;CPXPARAM_MIP_Limits_StrongIt=0;CPXPARAM_MIP_OrderType=0;CPXPARAM_MIP_Strategy_BBInterval=7;CPXPARAM_MIP_Strategy_Branch=0;CPXPARAM_MIP_Strategy_Dive=0;CPXPARAM_MIP_Strategy_File=1;CPXPARAM_MIP_Strategy_HeuristicFreq=0;CPXPARAM_MIP_Strategy_LBHeur=0;CPXPARAM_MIP_Strategy_NodeSelect=1;CPXPARAM_MIP_Strategy_Order=1;CPXPARAM_MIP_Strategy_PresolveNode=0;CPXPARAM_MIP_Strategy_Probe=0;CPXPARAM_MIP_Strategy_RINSHeur=0;CPXPARAM_MIP_Strategy_StartAlgorithm=0;CPXPARAM_MIP_Strategy_SubAlgorithm=0;CPXPARAM_MIP_Strategy_VariableSelect=0;CPXPARAM_Network_NetFind=2;CPXPARAM_Network_Pricing=0;CPXPARAM_Parallel=1;CPXPARAM_Preprocessing_Aggregator=-1;CPXPARAM_Preprocessing_BoundStrength=-1;CPXPARAM_Preprocessing_CoeffReduce=-1;CPXPARAM_Preprocessing_Dependency=-1;CPXPARAM_Preprocessing_Dual=0;CPXPARAM_Preprocessing_Fill=10;CPXPARAM_Preprocessing_NumPass=-1;CPXPARAM_Preprocessing_Presolve=1;CPXPARAM_Preprocessing_QPMakePSD=1;CPXPARAM_Preprocessing_Reduce=3;CPXPARAM_Preprocessing_Relax=-1;CPXPARAM_Preprocessing_RepeatPresolve=-1;CPXPARAM_Preprocessing_Symmetry=-1;CPXPARAM_Read_Scale=0;CPXPARAM_Sifting_Algorithm=0;CPXPARAM_Simplex_Crash=1;CPXPARAM_Simplex_DGradient=0;CPXPARAM_Simplex_Limits_Perturbation=0;CPXPARAM_Simplex_Limits_Singularity=10;CPXPARAM_Simplex_PGradient=0;CPXPARAM_Simplex_Pricing=0;CPXPARAM_Simplex_Refactor=0
8459921122573141534,0,CPXPARAM_Advance=1;CPXPARAM_Barrier_Algorithm=0;CPXPARAM_Barrier_ColNonzeros=0;CPXPARAM_Barrier_Crossover=0;CPXPARAM_Barrier_Limits_Corrections=-1;CPXPARAM_Barrier_Ordering=0;CPXPARAM_Barrier_StartAlg=1;CPXPARAM_Emphasis_MIP=4;CPXPARAM_Emphasis_Memory=0;CPXPARAM_Emphasis_Numerical=0;CPXPARAM_Feasopt_Mode=0;CPXPARAM_LPMethod=0;CPXPARAM_MIP_Cuts_Cliques=0;CPXPARAM_MIP_Cuts_Covers=1;CPXPARAM_MIP_Cuts_Disjunctive=0;CPXPARAM_MIP_Cuts_FlowCovers=2;CPXPARAM_MIP_Cuts_GUBCovers=2;CPXPARAM_MIP_Cuts_Gomory=0;CPXPARAM_MIP_Cuts_Implied=0;CPXPARAM_MIP_Cuts_MIRCut=2;CPXPARAM_MIP_Cuts_PathCut=1;CPXPARAM_MIP_Limits_AggForCut=1;CPXPARAM_MIP_Limits_CutPasses=0;CPXPARAM_MIP_Limits_CutsFactor=-1;CPXPARAM_MIP_Limits_GomoryCand=150;CPXPARAM_MIP_Limits_GomoryPass=0;CPXPARAM_MIP_Limits_Nodes=9223372036800000000;CPXPARAM_MIP_Limits_ProbeTime=1e+75;CPXPARAM_MIP_Limits_RepairTries=0;CPXPARAM_MIP_Limits_StrongCand=10;CPXPARAM_MIP_Limits_StrongIt=0;CPXPARAM_MIP_OrderType=0;CPXPARAM_MIP_Strategy_BBInterval=7;CPXPARAM_MIP_Strategy_Branch=0;CPXPARAM_MIP_Strategy_Dive=0;CPXPARAM_MIP_Strategy_File=1;CPXPARAM_MIP_Strategy_HeuristicFreq=0;CPXPARAM_MIP_Strategy_LBHeur=0;CPXPARAM_MIP_Strategy_NodeSelect=1;CPXPARAM_MIP_Strategy_Order=1;CPXPARAM_MIP_Strategy_PresolveNode=0;CPXPARAM_MIP_Strategy_Probe=0;CPXPARAM_MIP_Strategy_RINSHeur=0;CPXPARAM_MIP_Strategy_StartAlgorithm=0;CPXPARAM_MIP_Strategy_SubAlgorithm=0;CPXPARAM_MIP_Strategy_VariableSelect=0;CPXPARAM_Network_NetFind=2;CPXPARAM_Network_Pricing=0;CPXPARAM_Parallel=1;CPXPARAM_Preprocessing_Aggregator=-1;CPXPARAM_Preprocessing_BoundStrength=-1;CPXPARAM_Preprocessing_CoeffReduce=-1;CPXPARAM_Preprocessing_Dependency=-1;CPXPARAM_Preprocessing_Dual=0;CPXPARAM_Preprocessing_Fill=10;CPXPARAM_Preprocessing_NumPass=-1;CPXPARAM_Preprocessing_Presolve=1;CPXPARAM_Preprocessing_QPMakePSD=1;CPXPARAM_Preprocessing_Reduce=3;CPXPARAM_Preprocessing_Relax=-1;CPXPARAM_Preprocessing_RepeatPresolve=-1;CPXPARAM_Preprocessing_Symmetry=-1;CPXPARAM_Read_Scale=0;CPXPARAM_Sifting_Algorithm=0;CPXPARAM_Simplex_Crash=1;CPXPARAM_Simplex_DGradient=0;CPXPARAM_Simplex_Limits_Perturbation=0;CPXPARAM_Simplex_Limits_Singularity=10;CPXPARAM_Simplex_PGradient=0;CPXPARAM_Simplex_Pricing=0;CPXPARAM_Simplex_Refactor=0
424590689154985909,0,CPXPARAM_Advance=1;CPXPARAM_Barrier_Algorithm=0;CPXPARAM_Barrier_ColNonzeros=0;CPXPARAM_Barrier_Crossover=0;CPXPARAM_Barrier_Limits_Corrections=-1;CPXPARAM_Barrier_Ordering=0;CPXPARAM_Barrier_StartAlg=1;CPXPARAM_Emphasis_MIP=0;CPXPARAM_Emphasis_Memory=0;CPXPARAM_Emphasis_Numerical=0;CPXPARAM_Feasopt_Mode=0;CPXPARAM_LPMethod=0;CPXPARAM_MIP_Cuts_Cliques=-1;CPXPARAM_MIP_Cuts_Covers=0;CPXPARAM_MIP_Cuts_Disjunctive=1;CPXPARAM_MIP_Cuts_FlowCovers=2;CPXPARAM_MIP_Cuts_GUBCovers=2;CPXPARAM_MIP_Cuts_Gomory=2;CPXPARAM_MIP_Cuts_Implied=1;CPXPARAM_MIP_Cuts_MIRCut=1;CPXPARAM_MIP_Cuts_PathCut=1;CPXPARAM_MIP_Limits_AggForCut=3;CPXPARAM_MIP_Limits_CutPasses=0;CPXPARAM_MIP_Limits_CutsFactor=-1;CPXPARAM_MIP_Limits_GomoryCand=200;CPXPARAM_MIP_Limits_GomoryPass=0;CPXPARAM_MIP_Limits_Nodes=9223372036800000000;CPXPARAM_MIP_Limits_ProbeTime=1e+75;CPXPARAM_MIP_Limits_RepairTries=0;CPXPARAM_MIP_Limits_StrongCand=10;CPXPARAM_MIP_Limits_StrongIt=0;CPXPARAM_MIP_OrderType=0;CPXPARAM_MIP_Strategy_BBInterval=7;CPXPARAM_MIP_Strategy_Branch=0;CPXPARAM_MIP_Strategy_Dive=0;CPXPARAM_MIP_Strategy_File=1;CPXPARAM_MIP_Strategy_HeuristicFreq=0;CPXPARAM_MIP_Strategy_LBHeur=0;CPXPARAM_MIP_Strategy_NodeSelect=1;CPXPARAM_MIP_Strategy_Order=1;CPXPARAM_MIP_Strategy_PresolveNode=0;CPXPARAM_MIP_Strategy_Probe=0;CPXPARAM_MIP_Strategy_RINSHeur=0;CPXPARAM_MIP_Strategy_StartAlgorithm=0;CPXPARAM_MIP_Strategy_SubAlgorithm=0;CPXPARAM_MIP_Strategy_VariableSelect=0;CPXPARAM_Network_NetFind=2;CPXPARAM_Network_Pricing=0;CPXPARAM_Parallel=1;CPXPARAM_Preprocessing_Aggregator=-1;CPXPARAM_Preprocessing_BoundStrength=-1;CPXPARAM_Preprocessing_CoeffReduce=-1;CPXPARAM_Preprocessing_Dependency=-1;CPXPARAM_Preprocessing_Dual=0;CPXPARAM_Preprocessing_Fill=10;CPXPARAM_Preprocessing_NumPass=-1;CPXPARAM_Preprocessing_Presolve=1;CPXPARAM_Preprocessing_QPMakePSD=1;CPXPARAM_Preprocessing_Reduce=3;CPXPARAM_Preprocessing_Relax=-1;CPXPARAM_Preprocessing_RepeatPresolve=-1;CPXPARAM_Preprocessing_Symmetry=-1;CPXPARAM_Read_Scale=0;CPXPARAM_Sifting_Algorithm=0;CPXPARAM_Simplex_Crash=1;CPXPARAM_Simplex_DGradient=0;CPXPARAM_Simplex_Limits_Perturbation=0;CPXPARAM_Simplex_Limits_Singularity=10;CPXPARAM_Simplex_PGradient=0;CPXPARAM_Simplex_Pricing=0;CPXPARAM_Simplex_Refactor=0
4939281390352237491,0,CPXPARAM_Advance=1;CPXPARAM_Barrier_Algorithm=0;CPXPARAM_Barrier_ColNonzeros=0;CPXPARAM_Barrier_Crossover=0;CPXPARAM_Barrier_Limits_Corrections=-1;CPXPARAM_Barrier_Ordering=0;CPXPARAM_Barrier_StartAlg=1;CPXPARAM_Emphasis_MIP=4;CPXPARAM_Emphasis_Memory=0;CPXPARAM_Emphasis_Numerical=0;CPXPARAM_Feasopt_Mode=0;CPXPARAM_LPMethod=0;CPXPARAM_MIP_Cuts_Cliques=0;CPXPARAM_MIP_Cuts_Covers=1;CPXPARAM_MIP_Cuts_Disjunctive=0;CPXPARAM_MIP_Cuts_FlowCovers=2;CPXPARAM_MIP_Cuts_GUBCovers=2;CPXPARAM_MIP_Cuts_Gomory=0;CPXPARAM_MIP_Cuts_Implied=0;CPXPARAM_MIP_Cuts_MIRCut=2;CPXPARAM_MIP_Cuts_PathCut=1;CPXPARAM_MIP_Limits_AggForCut=3;CPXPARAM_MIP_Limits_CutPasses=0;CPXPARAM_MIP_Limits_CutsFactor=-1;CPXPARAM_MIP_Limits_GomoryCand=150;CPXPARAM_MIP_Limits_GomoryPass=0;CPXPARAM_MIP_Limits_Nodes=9223372036800000000;CPXPARAM_MIP_Limits_ProbeTime=1e+75;CPXPARAM_MIP_Limits_RepairTries=0;CPXPARAM_MIP_Limits_StrongCand=10;CPXPARAM_MIP_Limits_StrongIt=0;CPXPARAM_MIP_OrderType=1;CPXPARAM_MIP_Strategy_BBInterval=7;CPXPARAM_MIP_Strategy_Branch=0;CPXPARAM_MIP_Strategy_Dive=0;CPXPARAM_MIP_Strategy_File=1;CPXPARAM_MIP_Strategy_HeuristicFreq=0;CPXPARAM_MIP_Strategy_LBHeur=0;CPXPARAM_MIP_Strategy_NodeSelect=1;CPXPARAM_MIP_Strategy_Order=1;CPXPARAM_MIP_Strategy_PresolveNode=0;CPXPARAM_MIP_Strategy_Probe=0;CPXPARAM_MIP_Strategy_RINSHeur=0;CPXPARAM_MIP_Strategy_StartAlgorithm=0;CPXPARAM_MIP_Strategy_SubAlgorithm=0;CPXPARAM_MIP_Strategy_VariableSelect=0;CPXPARAM_Network_NetFind=2;CPXPARAM_Network_Pricing=0;CPXPARAM_Parallel=1;CPXPARAM_Preprocessing_Aggregator=-1;CPXPARAM_Preprocessing_BoundStrength=-1;CPXPARAM_Preprocessing_CoeffReduce=-1;CPXPARAM_Preprocessing_Dependency=-1;CPXPARAM_Preprocessing_Dual=0;CPXPARAM_Preprocessing_Fill=10;CPXPARAM_Preprocessing_NumPass=-1;CPXPARAM_Preprocessing_Presolve=1;CPXPARAM_Preprocessing_QPMakePSD=1;CPXPARAM_Preprocessing_Reduce=3;CPXPARAM_Preprocessing_Relax=-1;CPXPARAM_Preprocessing_RepeatPresolve=-1;CPXPARAM_Preprocessing_Symmetry=-1;CPXPARAM_Read_Scale=0;CPXPARAM_Sifting_Algorithm=0;CPXPARAM_Simplex_Crash=1;CPXPARAM_Simplex_DGradient=0;CPXPARAM_Simplex_Limits_Perturbation=0;CPXPARAM_Simplex_Limits_Singularity=10;CPXPARAM_Simplex_PGradient=0;CPXPARAM_Simplex_Pricing=0;CPXPARAM_Simplex_Refactor=0
9444520276227567773,0,CPXPARAM_Advance=1;CPXPARAM_Barrier_Algorithm=0;CPXPARAM_Barrier_ColNonzeros=0;CPXPARAM_Barrier_Crossover=0;CPXPARAM_Barrier_Limits_Corrections=-1;CPXPARAM_Barrier_Ordering=0;CPXPARAM_Barrier_StartAlg=1;CPXPARAM_Emphasis_MIP=4;CPXPARAM_Emphasis_Memory=0;CPXPARAM_Emphasis_Numerical=0;CPXPARAM_Feasopt_Mode=0;CPXPARAM_LPMethod=0;CPXPARAM_MIP_Cuts_Cliques=0;CPXPARAM_MIP_Cuts_Covers=1;CPXPARAM_MIP_Cuts_Disjunctive=0;CPXPARAM_MIP_Cuts_FlowCovers=2;CPXPARAM_MIP_Cuts_GUBCovers=2;CPXPARAM_MIP_Cuts_Gomory=0;CPXPARAM_MIP_Cuts_Implied=0;CPXPARAM_MIP_Cuts_MIRCut=2;CPXPARAM_MIP_Cuts_PathCut=1;CPXPARAM_MIP_Limits_AggForCut=3;CPXPARAM_MIP_Limits_CutPasses=0;CPXPARAM_MIP_Limits_CutsFactor=-1;CPXPARAM_MIP_Limits_GomoryCand=150;CPXPARAM_MIP_Limits_GomoryPass=0;CPXPARAM_MIP_Limits_Nodes=9223372036800000000;CPXPARAM_MIP_Limits_ProbeTime=1e+75;CPXPARAM_MIP_Limits_RepairTries=0;CPXPARAM_MIP_Limits_StrongCand=10;CPXPARAM_MIP_Limits_StrongIt=0;CPXPARAM_MIP_OrderType=0;CPXPARAM_MIP_Strategy_BBInterval=7;CPXPARAM_MIP_Strategy_Branch=0;CPXPARAM_MIP_Strategy_Dive=0;CPXPARAM_MIP_Strategy_File=1;CPXPARAM_MIP_Strategy_HeuristicFreq=0;CPXPARAM_MIP_Strategy_LBHeur=0;CPXPARAM_MIP_Strategy_NodeSelect=1;CPXPARAM_MIP_Strategy_Order=1;CPXPARAM_MIP_Strategy_PresolveNode=0;CPXPARAM_MIP_Strategy_Probe=0;CPXPARAM_MIP_Strategy_RINSHeur=0;CPXPARAM_MIP_Strategy_StartAlgorithm=0;CPXPARAM_MIP_Strategy_SubAlgorithm=0;CPXPARAM_MIP_Strategy_VariableSelect=0;CPXPARAM_Network_NetFind=2;CPXPARAM_Network_Pricing=0;CPXPARAM_Parallel=1;CPXPARAM_Preprocessing_Aggregator=-1;CPXPARAM_Preprocessing_BoundStrength=-1;CPXPARAM_Preprocessing_CoeffReduce=-1;CPXPARAM_Preprocessing_Dependency=-1;CPXPARAM_Preprocessing_Dual=0;CPXPARAM_Preprocessing_Fill=10;CPXPARAM_Preprocessing_NumPass=-1;CPXPARAM_Preprocessing_Presolve=1;CPXPARAM_Preprocessing_QPMakePSD=1;CPXPARAM_Preprocessing_Reduce=2;CPXPARAM_Preprocessing_Relax=-1;CPXPARAM_Preprocessing_RepeatPresolve=-1;CPXPARAM_Preprocessing_Symmetry=-1;CPXPARAM_Read_Scale=0;CPXPARAM_Sifting_Algorithm=0;CPXPARAM_Simplex_Crash=1;CPXPARAM_Simplex_DGradient=0;CPXPARAM_Simplex_Limits_Perturbation=0;CPXPARAM_Simplex_Limits_Singularity=10;CPXPARAM_Simplex_PGradient=0;CPXPARAM_Simplex_Pricing=0;CPXPARAM_Simplex_Refactor=0
13728848083556461814,0,CPXPARAM_Advance=1;CPXPARAM_Barrier_Algorithm=0;CPXPARAM_Barrier_ColNonzeros=0;CPXPARAM_Barrier_Crossover=0;CPXPARAM_Barrier_Limits_Corrections=-1;CPXPARAM_Barrier_Ordering=0;CPXPARAM_Barrier_StartAlg=1;CPXPARAM_Emphasis_MIP=5;CPXPARAM_Emphasis_Memory=0;CPXPARAM_Emphasis_Numerical=0;CPXPARAM_Feasopt_Mode=0;CPXPARAM_LPMethod=0;CPXPARAM_MIP_Cuts_Cliques=3;CPXPARAM_MIP_Cuts_Covers=-1;CPXPARAM_MIP_Cuts_Disjunctive=1;CPXPARAM_MIP_Cuts_FlowCovers=0;CPXPARAM_MIP_Cuts_GUBCovers=0;CPXPARAM_MIP_Cuts_Gomory=2;CPXPARAM_MIP_Cuts_Implied=1;CPXPARAM_MIP_Cuts_MIRCut=-1;CPXPARAM_MIP_Cuts_PathCut=1;CPXPARAM_MIP_Limits_AggForCut=5;CPXPARAM_MIP_Limits_CutPasses=0;CPXPARAM_MIP_Limits_CutsFactor=-1;CPXPARAM_MIP_Limits_GomoryCand=150;CPXPARAM_MIP_Limits_GomoryPass=0;CPXPARAM_MIP_Limits_Nodes=9223372036800000000;CPXPARAM_MIP_Limits_ProbeTime=1e+75;CPXPARAM_MIP_Limits_RepairTries=0;CPXPARAM_MIP_Limits_StrongCand=10;CPXPARAM_MIP_Limits_StrongIt=0;CPXPARAM_MIP_OrderType=3;CPXPARAM_MIP_Strategy_BBInterval=7;CPXPARAM_MIP_Strategy_Branch=0;CPXPARAM_MIP_Strategy_Dive=0;CPXPARAM_MIP_Strategy_File=1;CPXPARAM_MIP_Strategy_HeuristicFreq=0;CPXPARAM_MIP_Strategy_LBHeur=0;CPXPARAM_MIP_Strategy_NodeSelect=0;CPXPARAM_MIP_Strategy_Order=1;CPXPARAM_MIP_Strategy_PresolveNode=-1;CPXPARAM_MIP_Strategy_Probe=2;CPXPARAM_MIP_Strategy_RINSHeur=0;CPXPARAM_MIP_Strategy_StartAlgorithm=0;CPXPARAM_MIP_Strategy_SubAlgorithm=5;CPXPARAM_MIP_Strategy_VariableSelect=4;CPXPARAM_Network_NetFind=2;CPXPARAM_Network_Pricing=0;CPXPARAM_Parallel=1;CPXPARAM_Preprocessing_Aggregator=-1;CPXPARAM_Preprocessing_BoundStrength=-1;CPXPARAM_Preprocessing_CoeffReduce=-1;CPXPARAM_Preprocessing_Dependency=-1;CPXPARAM_Preprocessing_Dual=0;CPXPARAM_Preprocessing_Fill=20;CPXPARAM_Preprocessing_NumPass=-1;CPXPARAM_Preprocessing_Presolve=1;CPXPARAM_Preprocessing_QPMakePSD=1;CPXPARAM_Preprocessing_Reduce=1;CPXPARAM_Preprocessing_Relax=-1;CPXPARAM_Preprocessing_RepeatPresolve=-1;CPXPARAM_Preprocessing_Symmetry=-1;CPXPARAM_Read_Scale=0;CPXPARAM_Sifting_Algorithm=0;CPXPARAM_Simplex_Crash=1;CPXPARAM_Simplex_DGradient=0;CPXPARAM_Simplex_Limits_Perturbation=0;CPXPARAM_Simplex_Limits_Singularity=10;CPXPARAM_Simplex_PGradient=0;CPXPARAM_Simplex_Pricing=0;CPXPARAM_Simplex_Refactor=0
6127217471435718136,0,CPXPARAM_Advance=1;CPXPARAM_Barrier_Algorithm=0;CPXPARAM_Barrier_ColNonzeros=0;CPXPARAM_Barrier_Crossover=0;CPXPARAM_Barrier_Limits_Corrections=-1;CPXPARAM_Barrier_Ordering=0;CPXPARAM_Barrier_StartAlg=1;CPXPARAM_Emphasis_MIP=5;CPXPARAM_Emphasis_Memory=0;CPXPARAM_Emphasis_Numerical=0;CPXPARAM_Feasopt_Mode=0;CPXPARAM_LPMethod=0;CPXPARAM_MIP_Cuts_Cliques=0;CPXPARAM_MIP_Cuts_Covers=0;CPXPARAM_MIP_Cuts_Disjunctive=0;CPXPARAM_MIP_Cuts_FlowCovers=1;CPXPARAM_MIP_Cuts_GUBCovers=1;CPXPARAM_MIP_Cuts_Gomory=-1;CPXPARAM_MIP_Cuts_Implied=2;CPXPARAM_MIP_Cuts_MIRCut=1;CPXPARAM_MIP_Cuts_PathCut=0;CPXPARAM_MIP_Limits_AggForCut=0;CPXPARAM_MIP_Limits_CutPasses=0;CPXPARAM_MIP_Limits_CutsFactor=-1;CPXPARAM_MIP_Limits_GomoryCand=800;CPXPARAM_MIP_Limits_GomoryPass=0;CPXPARAM_MIP_Limits_Nodes=9223372036800000000;CPXPARAM_MIP_Limits_ProbeTime=1e+75;CPXPARAM_MIP_Limits_RepairTries=0;CPXPARAM_MIP_Limits_StrongCand=10;CPXPARAM_MIP_Limits_StrongIt=0;CPXPARAM_MIP_OrderType=0;CPXPARAM_MIP_Strategy_BBInterval=7;CPXPARAM_MIP_Strategy_Branch=-1;CPXPARAM_MIP_Strategy_Dive=0;CPXPARAM_MIP_Strategy_File=1;CPXPARAM_MIP_Strategy_HeuristicFreq=0;CPXPARAM_MIP_Strategy_LBHeur=0;CPXPARAM_MIP_Strategy_NodeSelect=2;CPXPARAM_MIP_Strategy_Order=1;CPXPARAM_MIP_Strategy_PresolveNode=-1;CPXPARAM_MIP_Strategy_Probe=3;CPXPARAM_MIP_Strategy_RINSHeur=0;CPXPARAM_MIP_Strategy_StartAlgorithm=0;CPXPARAM_MIP_Strategy_SubAlgorithm=0;CPXPARAM_MIP_Strategy_VariableSelect=-1;CPXPARAM_Network_NetFind=2;CPXPARAM_Network_Pricing=0;CPXPARAM_Parallel=1;CPXPARAM_Preprocessing_Aggregator=-1;CPXPARAM_Preprocessing_BoundStrength=-1;CPXPARAM_Preprocessing_CoeffReduce=-1;CPXPARAM_Preprocessing_Dependency=-1;CPXPARAM_Preprocessing_Dual=0;CPXPARAM_Preprocessing_Fill=40;CPXPARAM_Preprocessing_NumPass=-1;CPXPARAM_Preprocessing_Presolve=1;CPXPARAM_Preprocessing_QPMakePSD=1;CPXPARAM_Preprocessing_Reduce=3;CPXPARAM_Preprocessing_Relax=-1;CPXPARAM_Preprocessing_RepeatPresolve=-1;CPXPARAM_Preprocessing_Symmetry=-1;CPXPARAM_Read_Scale=0;CPXPARAM_Sifting_Algorithm=0;CPXPARAM_Simplex_Crash=1;CPXPARAM_Simplex_DGradient=0;CPXPARAM_Simplex_Limits_Perturbation=0;CPXPARAM_Simplex_Limits_Singularity=10;CPXPARAM_Simplex_PGradient=0;CPXPARAM_Simplex_Pricing=0;CPXPARAM_Simplex_Refactor=0
11351511837582683140,0,CPXPARAM_Advance=1;CPXPARAM_Barrier_Algorithm=0;CPXPARAM_Barrier_ColNonzeros=0;CPXPARAM_Barrier_Crossover=0;CPXPARAM_Barrier_Limits_Corrections=-1;CPXPARAM_Barrier_Ordering=0;CPXPARAM_Barrier_StartAlg=1;CPXPARAM_Emphasis_MIP=5;CPXPARAM_Emphasis_Memory=0;CPXPARAM_Emphasis_Numerical=0;CPXPARAM_Feasopt_Mode=0;CPXPARAM_LPMethod=0;CPXPARAM_MIP_Cuts_Cliques=3;CPXPARAM_MIP_Cuts_Covers=-1;CPXPARAM_MIP_Cuts_Disjunctive=-1;CPXPARAM_MIP_Cuts_FlowCovers=1;CPXPARAM_MIP_Cuts_GUBCovers=2;CPXPARAM_MIP_Cuts_Gomory=2;CPXPARAM_MIP_Cuts_Implied=-1;CPXPARAM_MIP_Cuts_MIRCut=2;CPXPARAM_MIP_Cuts_PathCut=2;CPXPARAM_MIP_Limits_AggForCut=10;CPXPARAM_MIP_Limits_CutPasses=0;CPXPARAM_MIP_Limits_CutsFactor=-1;CPXPARAM_MIP_Limits_GomoryCand=10;CPXPARAM_MIP_Limits_GomoryPass=0;CPXPARAM_MIP_Limits_Nodes=9223372036800000000;CPXPARAM_MIP_Limits_ProbeTime=1e+75;CPXPARAM_MIP_Limits_RepairTries=0;CPXPARAM_MIP_Limits_StrongCand=10;CPXPARAM_MIP_Limits_StrongIt=0;CPXPARAM_MIP_OrderType=0;CPXPARAM_MIP_Strategy_BBInterval=7;CPXPARAM_MIP_Strategy_Branch=0;CPXPARAM_MIP_Strategy_Dive=0;CPXPARAM_MIP_Strategy_File=1;CPXPARAM_MIP_Strategy_HeuristicFreq=0;CPXPARAM_MIP_Strategy_LBHeur=0;CPXPARAM_MIP_Strategy_NodeSelect=0;CPXPARAM_MIP_Strategy_Order=1;CPXPARAM_MIP_Strategy_PresolveNode=-1;CPXPARAM_MIP_Strategy_Probe=-1;CPXPARAM_MIP_Strategy_RINSHeur=0;CPXPARAM_MIP_Strategy_StartAlgorithm=0;CPXPARAM_MIP_Strategy_SubAlgorithm=3;CPXPARAM_MIP_Strategy_VariableSelect=1;CPXPARAM_Network_NetFind=2;CPXPARAM_Network_Pricing=0;CPXPARAM_Parallel=1;CPXPARAM_Preprocessing_Aggregator=-1;CPXPARAM_Preprocessing_BoundStrength=-1;CPXPARAM_Preprocessing_CoeffReduce=-1;CPXPARAM_Preprocessing_Dependency=-1;CPXPARAM_Preprocessing_Dual=0;CPXPARAM_Preprocessing_Fill=2;CPXPARAM_Preprocessing_NumPass=-1;CPXPARAM_Preprocessing_Presolve=1;CPXPARAM_Preprocessing_QPMakePSD=1;CPXPARAM_Preprocessing_Reduce=0;CPXPARAM_Preprocessing_Relax=-1;CPXPARAM_Preprocessing_RepeatPresolve=-1;CPXPARAM_Preprocessing_Symmetry=-1;CPXPARAM_Read_Scale=0;CPXPARAM_Sifting_Algorithm=0;CPXPARAM_Simplex_Crash=1;CPXPARAM_Simplex_DGradient=0;CPXPARAM_Simplex_Limits_Perturbation=0;CPXPARAM_Simplex_Limits_Singularity=10;CPXPARAM_Simplex_PGradient=0;CPXPARAM_Simplex_Pricing=0;CPXPARAM_Simplex_Refactor=0
653376640182576876,0,CPXPARAM_Advance=1;CPXPARAM_Barrier_Algorithm=0;CPXPARAM_Barrier_ColNonzeros=0;CPXPARAM_Barrier_Crossover=0;CPXPARAM_Barrier_Limits_Corrections=-1;CPXPARAM_Barrier_Ordering=0;CPXPARAM_Barrier_StartAlg=1;CPXPARAM_Emphasis_MIP=0;CPXPARAM_Emphasis_Memory=0;CPXPARAM_Emphasis_Numerical=0;CPXPARAM_Feasopt_Mode=0;CPXPARAM_LPMethod=0;CPXPARAM_MIP_Cuts_Cliques=2;CPXPARAM_MIP_Cuts_Covers=3;CPXPARAM_MIP_Cuts_Disjunctive=-1;CPXPARAM_MIP_Cuts_FlowCovers=0;CPXPARAM_MIP_Cuts_GUBCovers=1;CPXPARAM_MIP_Cuts_Gomory=0;CPXPARAM_MIP_Cuts_Implied=2;CPXPARAM_MIP_Cuts_MIRCut=-1;CPXPARAM_MIP_Cuts_PathCut=1;CPXPARAM_MIP_Limits_AggForCut=3;CPXPARAM_MIP_Limits_CutPasses=0;CPXPARAM_MIP_Limits_CutsFactor=-1;CPXPARAM_MIP_Limits_GomoryCand=200;CPXPARAM_MIP_Limits_GomoryPass=0;CPXPARAM_MIP_Limits_Nodes=9223372036800000000;CPXPARAM_MIP_Limits_ProbeTime=1e+75;CPXPARAM_MIP_Limits_RepairTries=0;CPXPARAM_MIP_Limits_StrongCand=10;CPXPARAM_MIP_Limits_StrongIt=0;CPXPARAM_MIP_OrderType=0;CPXPARAM_MIP_Strategy_BBInterval=7;CPXPARAM_MIP_Strategy_Branch=-1;CPXPARAM_MIP_Strategy_Dive=0;CPXPARAM_MIP_Strategy_File=1;CPXPARAM_MIP_Strategy_HeuristicFreq=0;CPXPARAM_MIP_Strategy_LBHeur=0;CPXPARAM_MIP_Strategy_NodeSelect=3;CPXPARAM_MIP_Strategy_Order=1;CPXPARAM_MIP_Strategy_PresolveNode=2;CPXPARAM_MIP_Strategy_Probe=0;CPXPARAM_MIP_Strategy_RINSHeur=0;CPXPARAM_MIP_Strategy_StartAlgorithm=0;CPXPARAM_MIP_Strategy_SubAlgorithm=0;CPXPARAM_MIP_Strategy_VariableSelect=1;CPXPARAM_Network_NetFind=2;CPXPARAM_Network_Pricing=0;CPXPARAM_Parallel=1;CPXPARAM_Preprocessing_Aggregator=-1;CPXPARAM_Preprocessing_BoundStrength=-1;CPXPARAM_Preprocessing_CoeffReduce=-1;CPXPARAM_Preprocessing_Dependency=-1;CPXPARAM_Preprocessing_Dual=0;CPXPARAM_Preprocessing_Fill=10;CPXPARAM_Preprocessing_NumPass=-1;CPXPARAM_Preprocessing_Presolve=1;CPXPARAM_Preprocessing_QPMakePSD=1;CPXPARAM_Preprocessing_Reduce=3;CPXPARAM_Preprocessing_Relax=-1;CPXPARAM_Preprocessing_RepeatPresolve=-1;CPXPARAM_Preprocessing_Symmetry=-1;CPXPARAM_Read_Scale=0;CPXPARAM_Sifting_Algorithm=0;CPXPARAM_Simplex_Crash=1;CPXPARAM_Simplex_DGradient=0;CPXPARAM_Simplex_Limits_Perturbation=0;CPXPARAM_Simplex_Limits_Singularity=10;CPXPARAM_Simplex_PGradient=0;CPXPARAM_Simplex_Pricing=0;CPXPARAM_Simplex_Refactor=0
13979416014687928970,0,CPXPARAM_Advance=1;CPXPARAM_Barrier_Algorithm=0;CPXPARAM_Barrier_ColNonzeros=0;CPXPARAM_Barrier_Crossover=0;CPXPARAM_Barrier_Limits_Corrections=-1;CPXPARAM_Barrier_Ordering=0;CPXPARAM_Barrier_StartAlg=1;CPXPARAM_Emphasis_MIP=4;CPXPARAM_Emphasis_Memory=0;CPXPARAM_Emphasis_Numerical=0;CPXPARAM_Feasopt_Mode=0;CPXPARAM_LPMethod=0;CPXPARAM_MIP_Cuts_Cliques=0;CPXPARAM_MIP_Cuts_Covers=1;CPXPARAM_MIP_Cuts_Disjunctive=0;CPXPARAM_MIP_Cuts_FlowCovers=2;CPXPARAM_MIP_Cuts_GUBCovers=2;CPXPARAM_MIP_Cuts_Gomory=0;CPXPARAM_MIP_Cuts_Implied=0;CPXPARAM_MIP_Cuts_MIRCut=-1;CPXPARAM_MIP_Cuts_PathCut=1;CPXPARAM_MIP_Limits_AggForCut=3;CPXPARAM_MIP_Limits_CutPasses=0;CPXPARAM_MIP_Limits_CutsFactor=-1;CPXPARAM_MIP_Limits_GomoryCand=150;CPXPARAM_MIP_Limits_GomoryPass=0;CPXPARAM_MIP_Limits_Nodes=9223372036800000000;CPXPARAM_MIP_Limits_ProbeTime=1e+75;CPXPARAM_MIP_Limits_RepairTries=0;CPXPARAM_MIP_Limits_StrongCand=10;CPXPARAM_MIP_Limits_StrongIt=0;CPXPARAM_MIP_OrderType=0;CPXPARAM_MIP_Strategy_BBInterval=7;CPXPARAM_MIP_Strategy_Branch=0;CPXPARAM_MIP_Strategy_Dive=0;CPXPARAM_MIP_Strategy_File=1;CPXPARAM_MIP_Strategy_HeuristicFreq=0;CPXPARAM_MIP_Strategy_LBHeur=0;CPXPARAM_MIP_Strategy_NodeSelect=1;CPXPARAM_MIP_Strategy_Order=1;CPXPARAM_MIP_Strategy_PresolveNode=0;CPXPARAM_MIP_Strategy_Probe=0;CPXPARAM_MIP_Strategy_RINSHeur=0;CPXPARAM_MIP_Strategy_StartAlgorithm=0;CPXPARAM_MIP_Strategy_SubAlgorithm=0;CPXPARAM_MIP_Strategy_VariableSelect=0;CPXPARAM_Network_NetFind=2;CPXPARAM_Network_Pricing=0;CPXPARAM_Parallel=1;CPXPARAM_Preprocessing_Aggregator=-1;CPXPARAM_Preprocessing_BoundStrength=-1;CPXPARAM_Preprocessing_CoeffReduce=-1;CPXPARAM_Preprocessing_Dependency=-1;CPXPARAM_Preprocessing_Dual=0;CPXPARAM_Preprocessing_Fill=10;CPXPARAM_Preprocessing_NumPass=-1;CPXPARAM_Preprocessing_Presolve=1;CPXPARAM_Preprocessing_QPMakePSD=1;CPXPARAM_Preprocessing_Reduce=3;CPXPARAM_Preprocessing_Relax=-1;CPXPARAM_Preprocessing_RepeatPresolve=-1;CPXPARAM_Preprocessing_Symmetry=-1;CPXPARAM_Read_Scale=0;CPXPARAM_Sifting_Algorithm=0;CPXPARAM_Simplex_Crash=1;CPXPARAM_Simplex_DGradient=0;CPXPARAM_Simplex_Limits_Perturbation=0;CPXPARAM_Simplex_Limits_Singularity=10;CPXPARAM_Simplex_PGradient=0;CPXPARAM_Simplex_Pricing=0;CPXPARAM_Simplex_Refactor=0
9088568481960793015,0,CPXPARAM_Advance=1;CPXPARAM_Barrier_Algorithm=0;CPXPARAM_Barrier_ColNonzeros=0;CPXPARAM_Barrier_Crossover=0;CPXPARAM_Barrier_Limits_Corrections=-1;CPXPARAM_Barrier_Ordering=0;CPXPARAM_Barrier_StartAlg=1;CPXPARAM_Emphasis_MIP=2;CPXPARAM_Emphasis_Memory=0;CPXPARAM_Emphasis_Numerical=0;CPXPARAM_Feasopt_Mode=0;CPXPARAM_LPMethod=0;CPXPARAM_MIP_Cuts_Cliques=1;CPXPARAM_MIP_Cuts_Covers=0;CPXPARAM_MIP_Cuts_Disjunctive=-1;CPXPARAM_MIP_Cuts_FlowCovers=0;CPXPARAM_MIP_Cuts_GUBCovers=0;CPXPARAM_MIP_Cuts_Gomory=1;CPXPARAM_MIP_Cuts_Implied=2;CPXPARAM_MIP_Cuts_MIRCut=-1;CPXPARAM_MIP_Cuts_PathCut=1;CPXPARAM_MIP_Limits_AggForCut=3;CPXPARAM_MIP_Limits_CutPasses=0;CPXPARAM_MIP_Limits_CutsFactor=-1;CPXPARAM_MIP_Limits_GomoryCand=200;CPXPARAM_MIP_Limits_GomoryPass=0;CPXPARAM_MIP_Limits_Nodes=9223372036800000000;CPXPARAM_MIP_Limits_ProbeTime=1e+75;CPXPARAM_MIP_Limits_RepairTries=0;CPXPARAM_MIP_Limits_StrongCand=10;CPXPARAM_MIP_Limits_StrongIt=0;CPXPARAM_MIP_OrderType=0;CPXPARAM_MIP_Strategy_BBInterval=7;CPXPARAM_MIP_Strategy_Branch=0;CPXPARAM_MIP_Strategy_Dive=0;CPXPARAM_MIP_Strategy_File=1;CPXPARAM_MIP_Strategy_HeuristicFreq=0;CPXPARAM_MIP_Strategy_LBHeur=0;CPXPARAM_MIP_Strategy_NodeSelect=1;CPXPARAM_MIP_Strategy_Order=1;CPXPARAM_MIP_Strategy_PresolveNode=0;CPXPARAM_MIP_Strategy_Probe=0;CPXPARAM_MIP_Strategy_RINSHeur=0;CPXPARAM_MIP_Strategy_StartAlgorithm=0;CPXPARAM_MIP_Strategy_SubAlgorithm=0;CPXPARAM_MIP_Strategy_VariableSelect=0;CPXPARAM_Network_NetFind=2;CPXPARAM_Network_Pricing=0;CPXPARAM_Parallel=1;CPXPARAM_Preprocessing_Aggregator=-1;CPXPARAM_Preprocessing_BoundStrength=-1;CPXPARAM_Preprocessing_CoeffReduce=-1;CPXPARAM_Preprocessing_Dependency=-1;CPXPARAM_Preprocessing_Dual=0;CPXPARAM_Preprocessing_Fill=10;CPXPARAM_Preprocessing_NumPass=-1;CPXPARAM_Preprocessing_Presolve=1;CPXPARAM_Preprocessing_QPMakePSD=1;CPXPARAM_Preprocessing_Reduce=3;CPXPARAM_Preprocessing_Relax=-1;CPXPARAM_Preprocessing_RepeatPresolve=-1;CPXPARAM_Preprocessing_Symmetry=-1;CPXPARAM_Read_Scale=0;CPXPARAM_Sifting_Algorithm=0;CPXPARAM_Simplex_Crash=1;CPXPARAM_Simplex_DGradient=0;CPXPARAM_Simplex_Limits_Perturbation=0;CPXPARAM_Simplex_Limits_Singularity=10;CPXPARAM_Simplex_PGradient=0;CPXPARAM_Simplex_Pricing=0;CPXPARAM_Simplex_Refactor=0
11514803410522587831,0,CPXPARAM_Advance=1;CPXPARAM_Barrier_Algorithm=0;CPXPARAM_Barrier_ColNonzeros=0;CPXPARAM_Barrier_Crossover=0;CPXPARAM_Barrier_Limits_Corrections=-1;CPXPARAM_Barrier_Ordering=0;CPXPARAM_Barrier_StartAlg=1;CPXPARAM_Emphasis_MIP=5;CPXPARAM_Emphasis_Memory=0;CPXPARAM_Emphasis_Numerical=0;CPXPARAM_Feasopt_Mode=0;CPXPARAM_LPMethod=0;CPXPARAM_MIP_Cuts_Cliques=-1;CPXPARAM_MIP_Cuts_Covers=-1;CPXPARAM_MIP_Cuts_Disjunctive=1;CPXPARAM_MIP_Cuts_FlowCovers=0;CPXPARAM_MIP_Cuts_GUBCovers=0;CPXPARAM_MIP_Cuts_Gomory=0;CPXPARAM_MIP_Cuts_Implied=1;CPXPARAM_MIP_Cuts_MIRCut=1;CPXPARAM_MIP_Cuts_PathCut=2;CPXPARAM_MIP_Limits_AggForCut=10;CPXPARAM_MIP_Limits_CutPasses=0;CPXPARAM_MIP_Limits_CutsFactor=-1;CPXPARAM_MIP_Limits_GomoryCand=800;CPXPARAM_MIP_Limits_GomoryPass=0;CPXPARAM_MIP_Limits_Nodes=9223372036800000000;CPXPARAM_MIP_Limits_ProbeTime=1e+75;CPXPARAM_MIP_Limits_RepairTries=0;CPXPARAM_MIP_Limits_StrongCand=10;CPXPARAM_MIP_Limits_StrongIt=0;CPXPARAM_MIP_OrderType=1;CPXPARAM_MIP_Strategy_BBInterval=7;CPXPARAM_MIP_Strategy_Branch=0;CPXPARAM_MIP_Strategy_Dive=0;CPXPARAM_MIP_Strategy_File=1;CPXPARAM_MIP_Strategy_HeuristicFreq=0;CPXPARAM_MIP_Strategy_LBHeur=0;CPXPARAM_MIP_Strategy_NodeSelect=0;CPXPARAM_MIP_Strategy_Order=1;CPXPARAM_MIP_Strategy_PresolveNode=-1;CPXPARAM_MIP_Strategy_Probe=0;CPXPARAM_MIP_Strategy_RINSHeur=0;CPXPARAM_MIP_Strategy_StartAlgorithm=0;CPXPARAM_MIP_Strategy_SubAlgorithm=3;CPXPARAM_MIP_Strategy_VariableSelect=4;CPXPARAM_Network_NetFind=2;CPXPARAM_Network_Pricing=0;CPXPARAM_Parallel=1;CPXPARAM_Preprocessing_Aggregator=-1;CPXPARAM_Preprocessing_BoundStrength=-1;CPXPARAM_Preprocessing_CoeffReduce=-1;CPXPARAM_Preprocessing_Dependency=-1;CPXPARAM_Preprocessing_Dual=0;CPXPARAM_Preprocessing_Fill=20;CPXPARAM_Preprocessing_NumPass=-1;CPXPARAM_Preprocessing_Presolve=1;CPXPARAM_Preprocessing_QPMakePSD=1;CPXPARAM_Preprocessing_Reduce=2;CPXPARAM_Preprocessing_Relax=-1;CPXPARAM_Preprocessing_RepeatPresolve=-1;CPXPARAM_Preprocessing_Symmetry=-1;CPXPARAM_Read_Scale=0;CPXPARAM_Sifting_Algorithm=0;CPXPARAM_Simplex_Crash=1;CPXPARAM_Simplex_DGradient=0;CPXPARAM_Simplex_Limits_Perturbation=0;CPXPARAM_Simplex_Limits_Singularity=10;CPXPARAM_Simplex_PGradient=0;CPXPARAM_Simplex_Pricing=0;CPXPARAM_Simplex_Refactor=0
994158669656046614,0,CPXPARAM_Advance=1;CPXPARAM_Barrier_Algorithm=0;CPXPARAM_Barrier_ColNonzeros=0;CPXPARAM_Barrier_Crossover=0;CPXPARAM_Barrier_Limits_Corrections=-1;CPXPARAM_Barrier_Ordering=0;CPXPARAM_Barrier_StartAlg=1;CPXPARAM_Emphasis_MIP=3;CPXPARAM_Emphasis_Memory=0;CPXPARAM_Emphasis_Numerical=0;CPXPARAM_Feasopt_Mode=0;CPXPARAM_LPMethod=0;CPXPARAM_MIP_Cuts_Cliques=-1;CPXPARAM_MIP_Cuts_Covers=2;CPXPARAM_MIP_Cuts_Disjunctive=0;CPXPARAM_MIP_Cuts_FlowCovers=-1;CPXPARAM_MIP_Cuts_GUBCovers=1;CPXPARAM_MIP_Cuts_Gomory=0;CPXPARAM_MIP_Cuts_Implied=1;CPXPARAM_MIP_Cuts_MIRCut=1;CPXPARAM_MIP_Cuts_PathCut=-1;CPXPARAM_MIP_Limits_AggForCut=5;CPXPARAM_MIP_Limits_CutPasses=0;CPXPARAM_MIP_Limits_CutsFactor=-1;CPXPARAM_MIP_Limits_GomoryCand=400;CPXPARAM_MIP_Limits_GomoryPass=0;CPXPARAM_MIP_Limits_Nodes=9223372036800000000;CPXPARAM_MIP_Limits_ProbeTime=1e+75;CPXPARAM_MIP_Limits_RepairTries=0;CPXPARAM_MIP_Limits_StrongCand=10;CPXPARAM_MIP_Limits_StrongIt=0;CPXPARAM_MIP_OrderType=1;CPXPARAM_MIP_Strategy_BBInterval=7;CPXPARAM_MIP_Strategy_Branch=0;CPXPARAM_MIP_Strategy_Dive=0;CPXPARAM_MIP_Strategy_File=1;CPXPARAM_MIP_Strategy_HeuristicFreq=0;CPXPARAM_MIP_Strategy_LBHeur=0;CPXPARAM_MIP_Strategy_NodeSelect=1;CPXPARAM_MIP_Strategy_Order=1;CPXPARAM_MIP_Strategy_PresolveNode=1;CPXPARAM_MIP_Strategy_Probe=0;CPXPARAM_MIP_Strategy_RINSHeur=0;CPXPARAM_MIP_Strategy_StartAlgorithm=0;CPXPARAM_MIP_Strategy_SubAlgorithm=5;CPXPARAM_MIP_Strategy_VariableSelect=1;CPXPARAM_Network_NetFind=2;CPXPARAM_Network_Pricing=0;CPXPARAM_Parallel=1;CPXPARAM_Preprocessing_Aggregator=-1;CPXPARAM_Preprocessing_BoundStrength=-1;CPXPARAM_Preprocessing_CoeffReduce=-1;CPXPARAM_Preprocessing_Dependency=-1;CPXPARAM_Preprocessing_Dual=0;CPXPARAM_Preprocessing_Fill=40;CPXPARAM_Preprocessing_NumPass=-1;CPXPARAM_Preprocessing_Presolve=1;CPXPARAM_Preprocessing_QPMakePSD=1;CPXPARAM_Preprocessing_Reduce=0;CPXPARAM_Preprocessing_Relax=-1;CPXPARAM_Preprocessing_RepeatPresolve=-1;CPXPARAM_Preprocessing_Symmetry=-1;CPXPARAM_Read_Scale=0;CPXPARAM_Sifting_Algorithm=0;CPXPARAM_Simplex_Crash=1;CPXPARAM_Simplex_DGradient=0;CPXPARAM_Simplex_Limits_Perturbation=0;CPXPARAM_Simplex_Limits_Singularity=10;CPXPARAM_Simplex_PGradient=0;CPXPARAM_Simplex_Pricing=0;CPXPARAM_Simplex_Refactor=0
16678589096385503211,0,CPXPARAM_Advance=1;CPXPARAM_Barrier_Algorithm=0;CPXPARAM_Barrier_ColNonzeros=0;CPXPARAM_Barrier_Crossover=0;CPXPARAM_Barrier_Limits_Corrections=-1;CPXPARAM_Barrier_Ordering=0;CPXPARAM_Barrier_StartAlg=1;CPXPARAM_Emphasis_MIP=3;CPXPARAM_Emphasis_Memory=0;CPXPARAM_Emphasis_Numerical=0;CPXPARAM_Feasopt_Mode=0;CPXPARAM_LPMethod=0;CPXPARAM_MIP_Cuts_Cliques=-1;CPXPARAM_MIP_Cuts_Covers=2;CPXPARAM_MIP_Cuts_Disjunctive=0;CPXPARAM_MIP_Cuts_FlowCovers=-1;CPXPARAM_MIP_Cuts_GUBCovers=1;CPXPARAM_MIP_Cuts_Gomory=0;CPXPARAM_MIP_Cuts_Implied=1;CPXPARAM_MIP_Cuts_MIRCut=1;CPXPARAM_MIP_Cuts_PathCut=-1;CPXPARAM_MIP_Limits_AggForCut=5;CPXPARAM_MIP_Limits_CutPasses=0;CPXPARAM_MIP_Limits_CutsFactor=-1;CPXPARAM_MIP_Limits_GomoryCand=200;CPXPARAM_MIP_Limits_GomoryPass=0;CPXPARAM_MIP_Limits_Nodes=9223372036800000000;CPXPARAM_MIP_Limits_ProbeTime=1e+75;CPXPARAM_MIP_Limits_RepairTries=0;CPXPARAM_MIP_Limits_StrongCand=10;CPXPARAM_MIP_Limits_StrongIt=0;CPXPARAM_MIP_OrderType=1;CPXPARAM_MIP_Strategy_BBInterval=7;CPXPARAM_MIP_Strategy_Branch=0;CPXPARAM_MIP_Strategy_Dive=0;CPXPARAM_MIP_Strategy_File=1;CPXPARAM_MIP_Strategy_HeuristicFreq=0;CPXPARAM_MIP_Strategy_LBHeur=0;CPXPARAM_MIP_Strategy_NodeSelect=1;CPXPARAM_MIP_Strategy_Order=1;CPXPARAM_MIP_Strategy_PresolveNode=1;CPXPARAM_MIP_Strategy_Probe=2;CPXPARAM_MIP_Strategy_RINSHeur=0;CPXPARAM_MIP_Strategy_StartAlgorithm=0;CPXPARAM_MIP_Strategy_SubAlgorithm=5;CPXPARAM_MIP_Strategy_VariableSelect=1;CPXPARAM_Network_NetFind=2;CPXPARAM_Network_Pricing=0;CPXPARAM_Parallel=1;CPXPARAM_Preprocessing_Aggregator=-1;CPXPARAM_Preprocessing_BoundStrength=-1;CPXPARAM_Preprocessing_CoeffReduce=-1;CPXPARAM_Preprocessing_Dependency=-1;CPXPARAM_Preprocessing_Dual=0;CPXPARAM_Preprocessing_Fill=40;CPXPARAM_Preprocessing_NumPass=-1;CPXPARAM_Preprocessing_Presolve=1;CPXPARAM_Preprocessing_QPMakePSD=1;CPXPARAM_Preprocessing_Reduce=0;CPXPARAM_Preprocessing_Relax=-1;CPXPARAM_Preprocessing_RepeatPresolve=-1;CPXPARAM_Preprocessing_Symmetry=-1;CPXPARAM_Read_Scale=0;CPXPARAM_Sifting_Algorithm=0;CPXPARAM_Simplex_Crash=1;CPXPARAM_Simplex_DGradient=0;CPXPARAM_Simplex_Limits_Perturbation=0;CPXPARAM_Simplex_Limits_Singularity=10;CPXPARAM_Simplex_PGradient=0;CPXPARAM_Simplex_Pricing=0;CPXPARAM_Simplex_Refactor=0
11009359300050697632,0,CPXPARAM_Advance=1;CPXPARAM_Barrier_Algorithm=0;CPXPARAM_Barrier_ColNonzeros=0;CPXPARAM_Barrier_Crossover=0;CPXPARAM_Barrier_Limits_Corrections=-1;CPXPARAM_Barrier_Ordering=0;CPXPARAM_Barrier_StartAlg=1;CPXPARAM_Emphasis_MIP=2;CPXPARAM_Emphasis_Memory=0;CPXPARAM_Emphasis_Numerical=0;CPXPARAM_Feasopt_Mode=0;CPXPARAM_LPMethod=4;CPXPARAM_MIP_Cuts_Cliques=-1;CPXPARAM_MIP_Cuts_Covers=2;CPXPARAM_MIP_Cuts_Disjunctive=1;CPXPARAM_MIP_Cuts_FlowCovers=2;CPXPARAM_MIP_Cuts_GUBCovers=1;CPXPARAM_MIP_Cuts_Gomory=0;CPXPARAM_MIP_Cuts_Implied=-1;CPXPARAM_MIP_Cuts_MIRCut=-1;CPXPARAM_MIP_Cuts_PathCut=-1;CPXPARAM_MIP_Limits_AggForCut=3;CPXPARAM_MIP_Limits_CutPasses=0;CPXPARAM_MIP_Limits_CutsFactor=-1;CPXPARAM_MIP_Limits_GomoryCand=400;CPXPARAM_MIP_Limits_GomoryPass=0;CPXPARAM_MIP_Limits_Nodes=9223372036800000000;CPXPARAM_MIP_Limits_ProbeTime=1e+75;CPXPARAM_MIP_Limits_RepairTries=0;CPXPARAM_MIP_Limits_StrongCand=10;CPXPARAM_MIP_Limits_StrongIt=0;CPXPARAM_MIP_OrderType=0;CPXPARAM_MIP_Strategy_BBInterval=7;CPXPARAM_MIP_Strategy_Branch=0;CPXPARAM_MIP_Strategy_Dive=0;CPXPARAM_MIP_Strategy_File=1;CPXPARAM_MIP_Strategy_HeuristicFreq=0;CPXPARAM_MIP_Strategy_LBHeur=0;CPXPARAM_MIP_Strategy_NodeSelect=1;CPXPARAM_MIP_Strategy_Order=1;CPXPARAM_MIP_Strategy_PresolveNode=0;CPXPARAM_MIP_Strategy_Probe=0;CPXPARAM_MIP_Strategy_RINSHeur=0;CPXPARAM_MIP_Strategy_StartAlgorithm=0;CPXPARAM_MIP_Strategy_SubAlgorithm=0;CPXPARAM_MIP_Strategy_VariableSelect=0;CPXPARAM_Network_NetFind=2;CPXPARAM_Network_Pricing=0;CPXPARAM_Parallel=1;CPXPARAM_Preprocessing_Aggregator=-1;CPXPARAM_Preprocessing_BoundStrength=-1;CPXPARAM_Preprocessing_CoeffReduce=-1;CPXPARAM_Preprocessing_Dependency=-1;CPXPARAM_Preprocessing_Dual=0;CPXPARAM_Preprocessing_Fill=10;CPXPARAM_Preprocessing_NumPass=-1;CPXPARAM_Preprocessing_Presolve=1;CPXPARAM_Preprocessing_QPMakePSD=1;CPXPARAM_Preprocessing_Reduce=3;CPXPARAM_Preprocessing_Relax=-1;CPXPARAM_Preprocessing_RepeatPresolve=-1;CPXPARAM_Preprocessing_Symmetry=-1;CPXPARAM_Read_Scale=0;CPXPARAM_Sifting_Algorithm=0;CPXPARAM_Simplex_Crash=1;CPXPARAM_Simplex_DGradient=0;CPXPARAM_Simplex_Limits_Perturbation=0;CPXPARAM_Simplex_Limits_Singularity=10;CPXPARAM_Simplex_PGradient=0;CPXPARAM_Simplex_Pricing=0;CPXPARAM_Simplex_Refactor=0
2791472718987382689,0,CPXPARAM_Advance=1;CPXPARAM_Barrier_Algorithm=0;CPXPARAM_Barrier_ColNonzeros=0;CPXPARAM_Barrier_Crossover=0;CPXPARAM_Barrier_Limits_Corrections=-1;CPXPARAM_Barrier_Ordering=0;CPXPARAM_Barrier_StartAlg=1;CPXPARAM_Emphasis_MIP=1;CPXPARAM_Emphasis_Memory=0;CPXPARAM_Emphasis_Numerical=0;CPXPARAM_Feasopt_Mode=0;CPXPARAM_LPMethod=0;CPXPARAM_MIP_Cuts_Cliques=2;CPXPARAM_MIP_Cuts_Covers=0;CPXPARAM_MIP_Cuts_Disjunctive=1;CPXPARAM_MIP_Cuts_FlowCovers=1;CPXPARAM_MIP_Cuts_GUBCovers=-1;CPXPARAM_MIP_Cuts_Gomory=2;CPXPARAM_MIP_Cuts_Implied=0;CPXPARAM_MIP_Cuts_MIRCut=1;CPXPARAM_MIP_Cuts_PathCut=2;CPXPARAM_MIP_Limits_AggForCut=3;CPXPARAM_MIP_Limits_CutPasses=0;CPXPARAM_MIP_Limits_CutsFactor=-1;CPXPARAM_MIP_Limits_GomoryCand=50;CPXPARAM_MIP_Limits_GomoryPass=0;CPXPARAM_MIP_Limits_Nodes=9223372036800000000;CPXPARAM_MIP_Limits_ProbeTime=1e+75;CPXPARAM_MIP_Limits_RepairTries=0;CPXPARAM_MIP_Limits_StrongCand=10;CPXPARAM_MIP_Limits_StrongIt=0;CPXPARAM_MIP_OrderType=0;CPXPARAM_MIP_Strategy_BBInterval=7;CPXPARAM_MIP_Strategy_Branch=0;CPXPARAM_MIP_Strategy_Dive=0;CPXPARAM_MIP_Strategy_File=1;CPXPARAM_MIP_Strategy_HeuristicFreq=0;CPXPARAM_MIP_Strategy_LBHeur=0;CPXPARAM_MIP_Strategy_NodeSelect=1;CPXPARAM_MIP_Strategy_Order=1;CPXPARAM_MIP_Strategy_PresolveNode=0;CPXPARAM_MIP_Strategy_Probe=0;CPXPARAM_MIP_Strategy_RINSHeur=0;CPXPARAM_MIP_Strategy_StartAlgorithm=0;CPXPARAM_MIP_Strategy_SubAlgorithm=0;CPXPARAM_MIP_Strategy_VariableSelect=0;CPXPARAM_Network_NetFind=2;CPXPARAM_Network_Pricing=0;CPXPARAM_Parallel=1;CPXPARAM_Preprocessing_Aggregator=-1;CPXPARAM_Preprocessing_BoundStrength=-1;CPXPARAM_Preprocessing_CoeffReduce=-1;CPXPARAM_Preprocessing_Dependency=-1;CPXPARAM_Preprocessing_Dual=0;CPXPARAM_Preprocessing_Fill=10;CPXPARAM_Preprocessing_NumPass=-1;CPXPARAM_Preprocessing_Presolve=1;CPXPARAM_Preprocessing_QPMakePSD=1;CPXPARAM_Preprocessing_Reduce=3;CPXPARAM_Preprocessing_Relax=-1;CPXPARAM_Preprocessing_RepeatPresolve=-1;CPXPARAM_Preprocessing_Symmetry=-1;CPXPARAM_Read_Scale=0;CPXPARAM_Sifting_Algorithm=0;CPXPARAM_Simplex_Crash=1;CPXPARAM_Simplex_DGradient=0;CPXPARAM_Simplex_Limits_Perturbation=0;CPXPARAM_Simplex_Limits_Singularity=10;CPXPARAM_Simplex_PGradient=0;CPXPARAM_Simplex_Pricing=0;CPXPARAM_Simplex_Refactor=0
12449097107245592280,0,CPXPARAM_Advance=1;CPXPARAM_Barrier_Algorithm=0;CPXPARAM_Barrier_ColNonzeros=0;CPXPARAM_Barrier_Crossover=0;CPXPARAM_Barrier_Limits_Corrections=-1;CPXPARAM_Barrier_Ordering=0;CPXPARAM_Barrier_StartAlg=1;CPXPARAM_Emphasis_MIP=3;CPXPARAM_Emphasis_Memory=0;CPXPARAM_Emphasis_Numerical=0;CPXPARAM_Feasopt_Mode=0;CPXPARAM_LPMethod=0;CPXPARAM_MIP_Cuts_Cliques=-1;CPXPARAM_MIP_Cuts_Covers=2;CPXPARAM_MIP_Cuts_Disjunctive=0;CPXPARAM_MIP_Cuts_FlowCovers=-1;CPXPARAM_MIP_Cuts_GUBCovers=1;CPXPARAM_MIP_Cuts_Gomory=0;CPXPARAM_MIP_Cuts_Implied=1;CPXPARAM_MIP_Cuts_MIRCut=1;CPXPARAM_MIP_Cuts_PathCut=-1;CPXPARAM_MIP_Limits_AggForCut=5;CPXPARAM_MIP_Limits_CutPasses=0;CPXPARAM_MIP_Limits_CutsFactor=-1;CPXPARAM_MIP_Limits_GomoryCand=200;CPXPARAM_MIP_Limits_GomoryPass=0;CPXPARAM_MIP_Limits_Nodes=9223372036800000000;CPXPARAM_MIP_Limits_ProbeTime=1e+75;CPXPARAM_MIP_Limits_RepairTries=0;CPXPARAM_MIP_Limits_StrongCand=10;CPXPARAM_MIP_Limits_StrongIt=0;CPXPARAM_MIP_OrderType=1;CPXPARAM_MIP_Strategy_BBInterval=7;CPXPARAM_MIP_Strategy_Branch=0;CPXPARAM_MIP_Strategy_Dive=0;CPXPARAM_MIP_Strategy_File=1;CPXPARAM_MIP_Strategy_HeuristicFreq=0;CPXPARAM_MIP_Strategy_LBHeur=0;CPXPARAM_MIP_Strategy_NodeSelect=1;CPXPARAM_MIP_Strategy_Order=1;CPXPARAM_MIP_Strategy_PresolveNode=1;CPXPARAM_MIP_Strategy_Probe=0;CPXPARAM_MIP_Strategy_RINSHeur=0;CPXPARAM_MIP_Strategy_StartAlgorithm=0;CPXPARAM_MIP_Strategy_SubAlgorithm=5;CPXPARAM_MIP_Strategy_VariableSelect=-1;CPXPARAM_Network_NetFind=2;CPXPARAM_Network_Pricing=0;CPXPARAM_Parallel=1;CPXPARAM_Preprocessing_Aggregator=-1;CPXPARAM_Preprocessing_BoundStrength=-1;CPXPARAM_Preprocessing_CoeffReduce=-1;CPXPARAM_Preprocessing_Dependency=-1;CPXPARAM_Preprocessing_Dual=0;CPXPARAM_Preprocessing_Fill=40;CPXPARAM_Preprocessing_NumPass=-1;CPXPARAM_Preprocessing_Presolve=1;CPXPARAM_Preprocessing_QPMakePSD=1;CPXPARAM_Preprocessing_Reduce=0;CPXPARAM_Preprocessing_Relax=-1;CPXPARAM_Preprocessing_RepeatPresolve=-1;CPXPARAM_Preprocessing_Symmetry=-1;CPXPARAM_Read_Scale=0;CPXPARAM_Sifting_Algorithm=0;CPXPARAM_Simplex_Crash=1;CPXPARAM_Simplex_DGradient=0;CPXPARAM_Simplex_Limits_Perturbation=0;CPXPARAM_Simplex_Limits_Singularity=10;CPXPARAM_Simplex_PGradient=0;CPXPARAM_Simplex_Pricing=0;CPXPARAM_Simplex_Refactor=0
16241043020919459479,0,CPXPARAM_Advance=1;CPXPARAM_Barrier_Algorithm=0;CPXPARAM_Barrier_ColNonzeros=0;CPXPARAM_Barrier_Crossover=0;CPXPARAM_Barrier_Limits_Corrections=-1;CPXPARAM_Barrier_Ordering=0;CPXPARAM_Barrier_StartAlg=1;CPXPARAM_Emphasis_MIP=0;CPXPARAM_Emphasis_Memory=0;CPXPARAM_Emphasis_Numerical=0;CPXPARAM_Feasopt_Mode=0;CPXPARAM_LPMethod=0;CPXPARAM_MIP_Cuts_Cliques=3;CPXPARAM_MIP_Cuts_Covers=0;CPXPARAM_MIP_Cuts_Disjunctive=-1;CPXPARAM_MIP_Cuts_FlowCovers=-1;CPXPARAM_MIP_Cuts_GUBCovers=1;CPXPARAM_MIP_Cuts_Gomory=-1;CPXPARAM_MIP_Cuts_Implied=0;CPXPARAM_MIP_Cuts_MIRCut=1;CPXPARAM_MIP_Cuts_PathCut=-1;CPXPARAM_MIP_Limits_AggForCut=5;CPXPARAM_MIP_Limits_CutPasses=0;CPXPARAM_MIP_Limits_CutsFactor=-1;CPXPARAM_MIP_Limits_GomoryCand=10;CPXPARAM_MIP_Limits_GomoryPass=0;CPXPARAM_MIP_Limits_Nodes=9223372036800000000;CPXPARAM_MIP_Limits_ProbeTime=1e+75;CPXPARAM_MIP_Limits_RepairTries=0;CPXPARAM_MIP_Limits_StrongCand=10;CPXPARAM_MIP_Limits_StrongIt=0;CPXPARAM_MIP_OrderType=0;CPXPARAM_MIP_Strategy_BBInterval=7;CPXPARAM_MIP_Strategy_Branch=0;CPXPARAM_MIP_Strategy_Dive=0;CPXPARAM_MIP_Strategy_File=1;CPXPARAM_MIP_Strategy_HeuristicFreq=0;CPXPARAM_MIP_Strategy_LBHeur=0;CPXPARAM_MIP_Strategy_NodeSelect=3;CPXPARAM_MIP_Strategy_Order=1;CPXPARAM_MIP_Strategy_PresolveNode=-1;CPXPARAM_MIP_Strategy_Probe=3;CPXPARAM_MIP_Strategy_RINSHeur=0;CPXPARAM_MIP_Strategy_StartAlgorithm=0;CPXPARAM_MIP_Strategy_SubAlgorithm=0;CPXPARAM_MIP_Strategy_VariableSelect=4;CPXPARAM_Network_NetFind=2;CPXPARAM_Network_Pricing=0;CPXPARAM_Parallel=1;CPXPARAM_Preprocessing_Aggregator=-1;CPXPARAM_Preprocessing_BoundStrength=-1;CPXPARAM_Preprocessing_CoeffReduce=-1;CPXPARAM_Preprocessing_Dependency=-1;CPXPARAM_Preprocessing_Dual=0;CPXPARAM_Preprocessing_Fill=40;CPXPARAM_Preprocessing_NumPass=-1;CPXPARAM_Preprocessing_Presolve=1;CPXPARAM_Preprocessing_QPMakePSD=1;CPXPARAM_Preprocessing_Reduce=2;CPXPARAM_Preprocessing_Relax=-1;CPXPARAM_Preprocessing_RepeatPresolve=-1;CPXPARAM_Preprocessing_Symmetry=-1;CPXPARAM_Read_Scale=1;CPXPARAM_Sifting_Algorithm=0;CPXPARAM_Simplex_Crash=1;CPXPARAM_Simplex_DGradient=0;CPXPARAM_Simplex_Limits_Perturbation=0;CPXPARAM_Simplex_Limits_Singularity=10;CPXPARAM_Simplex_PGradient=0;CPXPARAM_Simplex_Pricing=0;CPXPARAM_Simplex_Refactor=0
8162100382371974116,0,CPXPARAM_Advance=1;CPXPARAM_Barrier_Algorithm=0;CPXPARAM_Barrier_ColNonzeros=0;CPXPARAM_Barrier_Crossover=0;CPXPARAM_Barrier_Limits_Corrections=-1;CPXPARAM_Barrier_Ordering=0;CPXPARAM_Barrier_StartAlg=1;CPXPARAM_Emphasis_MIP=3;CPXPARAM_Emphasis_Memory=0;CPXPARAM_Emphasis_Numerical=0;CPXPARAM_Feasopt_Mode=0;CPXPARAM_LPMethod=0;CPXPARAM_MIP_Cuts_Cliques=-1;CPXPARAM_MIP_Cuts_Covers=2;CPXPARAM_MIP_Cuts_Disjunctive=0;CPXPARAM_MIP_Cuts_FlowCovers=-1;CPXPARAM_MIP_Cuts_GUBCovers=1;CPXPARAM_MIP_Cuts_Gomory=0;CPXPARAM_MIP_Cuts_Implied=1;CPXPARAM_MIP_Cuts_MIRCut=1;CPXPARAM_MIP_Cuts_PathCut=-1;CPXPARAM_MIP_Limits_AggForCut=10;CPXPARAM_MIP_Limits_CutPasses=0;CPXPARAM_MIP_Limits_CutsFactor=-1;CPXPARAM_MIP_Limits_GomoryCand=200;CPXPARAM_MIP_Limits_GomoryPass=0;CPXPARAM_MIP_Limits_Nodes=9223372036800000000;CPXPARAM_MIP_Limits_ProbeTime=1e+75;CPXPARAM_MIP_Limits_RepairTries=0;CPXPARAM_MIP_Limits_StrongCand=10;CPXPARAM_MIP_Limits_StrongIt=0;CPXPARAM_MIP_OrderType=1;CPXPARAM_MIP_Strategy_BBInterval=7;CPXPARAM_MIP_Strategy_Branch=0;CPXPARAM_MIP_Strategy_Dive=0;CPXPARAM_MIP_Strategy_File=1;CPXPARAM_MIP_Strategy_HeuristicFreq=0;CPXPARAM_MIP_Strategy_LBHeur=0;CPXPARAM_MIP_Strategy_NodeSelect=1;CPXPARAM_MIP_Strategy_Order=1;CPXPARAM_MIP_Strategy_PresolveNode=1;CPXPARAM_MIP_Strategy_Probe=0;CPXPARAM_MIP_Strategy_RINSHeur=0;CPXPARAM_MIP_Strategy_StartAlgorithm=0;CPXPARAM_MIP_Strategy_SubAlgorithm=5;CPXPARAM_MIP_Strategy_VariableSelect=1;CPXPARAM_Network_NetFind=2;CPXPARAM_Network_Pricing=0;CPXPARAM_Parallel=1;CPXPARAM_Preprocessing_Aggregator=-1;CPXPARAM_Preprocessing_BoundStrength=-1;CPXPARAM_Preprocessing_CoeffReduce=-1;CPXPARAM_Preprocessing_Dependency=-1;CPXPARAM_Preprocessing_Dual=0;CPXPARAM_Preprocessing_Fill=40;CPXPARAM_Preprocessing_NumPass=-1;CPXPARAM_Preprocessing_Presolve=1;CPXPARAM_Preprocessing_QPMakePSD=1;CPXPARAM_Preprocessing_Reduce=0;CPXPARAM_Preprocessing_Relax=-1;CPXPARAM_Preprocessing_RepeatPresolve=-1;CPXPARAM_Preprocessing_Symmetry=-1;CPXPARAM_Read_Scale=0;CPXPARAM_Sifting_Algorithm=0;CPXPARAM_Simplex_Crash=1;CPXPARAM_Simplex_DGradient=0;CPXPARAM_Simplex_Limits_Perturbation=0;CPXPARAM_Simplex_Limits_Singularity=10;CPXPARAM_Simplex_PGradient=0;CPXPARAM_Simplex_Pricing=0;CPXPARAM_Simplex_Refactor=0
12426977441669621130,0,CPXPARAM_Advance=1;CPXPARAM_Barrier_Algorithm=0;CPXPARAM_Barrier_ColNonzeros=0;CPXPARAM_Barrier_Crossover=0;CPXPARAM_Barrier_Limits_Corrections=-1;CPXPARAM_Barrier_Ordering=0;CPXPARAM_Barrier_StartAlg=1;CPXPARAM_Emphasis_MIP=4;CPXPARAM_Emphasis_Memory=0;CPXPARAM_Emphasis_Numerical=0;CPXPARAM_Feasopt_Mode=0;CPXPARAM_LPMethod=0;CPXPARAM_MIP_Cuts_Cliques=1;CPXPARAM_MIP_Cuts_Covers=2;CPXPARAM_MIP_Cuts_Disjunctive=0;CPXPARAM_MIP_Cuts_FlowCovers=1;CPXPARAM_MIP_Cuts_GUBCovers=2;CPXPARAM_MIP_Cuts_Gomory=1;CPXPARAM_MIP_Cuts_Implied=-1;CPXPARAM_MIP_Cuts_MIRCut=2;CPXPARAM_MIP_Cuts_PathCut=-1;CPXPARAM_MIP_Limits_AggForCut=1;CPXPARAM_MIP_Limits_CutPasses=0;CPXPARAM_MIP_Limits_CutsFactor=-1;CPXPARAM_MIP_Limits_GomoryCand=150;CPXPARAM_MIP_Limits_GomoryPass=0;CPXPARAM_MIP_Limits_Nodes=9223372036800000000;CPXPARAM_MIP_Limits_ProbeTime=1e+75;CPXPARAM_MIP_Limits_RepairTries=0;CPXPARAM_MIP_Limits_StrongCand=10;CPXPARAM_MIP_Limits_StrongIt=0;CPXPARAM_MIP_OrderType=2;CPXPARAM_MIP_Strategy_BBInterval=7;CPXPARAM_MIP_Strategy_Branch=0;CPXPARAM_MIP_Strategy_Dive=0;CPXPARAM_MIP_Strategy_File=1;CPXPARAM_MIP_Strategy_HeuristicFreq=0;CPXPARAM_MIP_Strategy_LBHeur=0;CPXPARAM_MIP_Strategy_NodeSelect=3;CPXPARAM_MIP_Strategy_Order=1;CPXPARAM_MIP_Strategy_PresolveNode=0;CPXPARAM_MIP_Strategy_Probe=1;CPXPARAM_MIP_Strategy_RINSHeur=0;CPXPARAM_MIP_Strategy_StartAlgorithm=0;CPXPARAM_MIP_Strategy_SubAlgorithm=5;CPXPARAM_MIP_Strategy_VariableSelect=4;CPXPARAM_Network_NetFind=2;CPXPARAM_Network_Pricing=0;CPXPARAM_Parallel=1;CPXPARAM_Preprocessing_Aggregator=-1;CPXPARAM_Preprocessing_BoundStrength=-1;CPXPARAM_Preprocessing_CoeffReduce=-1;CPXPARAM_Preprocessing_Dependency=-1;CPXPARAM_Preprocessing_Dual=0;CPXPARAM_Preprocessing_Fill=40;CPXPARAM_Preprocessing_NumPass=-1;CPXPARAM_Preprocessing_Presolve=1;CPXPARAM_Preprocessing_QPMakePSD=1;CPXPARAM_Preprocessing_Reduce=3;CPXPARAM_Preprocessing_Relax=-1;CPXPARAM_Preprocessing_RepeatPresolve=-1;CPXPARAM_Preprocessing_Symmetry=-1;CPXPARAM_Read_Scale=0;CPXPARAM_Sifting_Algorithm=0;CPXPARAM_Simplex_Crash=1;CPXPARAM_Simplex_DGradient=0;CPXPARAM_Simplex_Limits_Perturbation=0;CPXPARAM_Simplex_Limits_Singularity=10;CPXPARAM_Simplex_PGradient=0;CPXPARAM_Simplex_Pricing=0;CPXPARAM_Simplex_Refactor=0
2736823731935038564,0,CPXPARAM_Advance=1;CPXPARAM_Barrier_Algorithm=0;CPXPARAM_Barrier_ColNonzeros=0;CPXPARAM_Barrier_Crossover=0;CPXPARAM_Barrier_Limits_Corrections=-1;CPXPARAM_Barrier_Ordering=0;CPXPARAM_Barrier_StartAlg=1;CPXPARAM_Emphasis_MIP=5;CPXPARAM_Emphasis_Memory=0;CPXPARAM_Emphasis_Numerical=0;CPXPARAM_Feasopt_Mode=0;CPXPARAM_LPMethod=0;CPXPARAM_MIP_Cuts_Cliques=-1;CPXPARAM_MIP_Cuts_Covers=2;CPXPARAM_MIP_Cuts_Disjunctive=0;CPXPARAM_MIP_Cuts_FlowCovers=1;CPXPARAM_MIP_Cuts_GUBCovers=-1;CPXPARAM_MIP_Cuts_Gomory=0;CPXPARAM_MIP_Cuts_Implied=1;CPXPARAM_MIP_Cuts_MIRCut=1;CPXPARAM_MIP_Cuts_PathCut=2;CPXPARAM_MIP_Limits_AggForCut=0;CPXPARAM_MIP_Limits_CutPasses=0;CPXPARAM_MIP_Limits_CutsFactor=-1;CPXPARAM_MIP_Limits_GomoryCand=100;CPXPARAM_MIP_Limits_GomoryPass=0;CPXPARAM_MIP_Limits_Nodes=9223372036800000000;CPXPARAM_MIP_Limits_ProbeTime=1e+75;CPXPARAM_MIP_Limits_RepairTries=0;CPXPARAM_MIP_Limits_StrongCand=10;CPXPARAM_MIP_Limits_StrongIt=0;CPXPARAM_MIP_OrderType=1;CPXPARAM_MIP_Strategy_BBInterval=7;CPXPARAM_MIP_Strategy_Branch=-1;CPXPARAM_MIP_Strategy_Dive=0;CPXPARAM_MIP_Strategy_File=1;CPXPARAM_MIP_Strategy_HeuristicFreq=0;CPXPARAM_MIP_Strategy_LBHeur=0;CPXPARAM_MIP_Strategy_NodeSelect=3;CPXPARAM_MIP_Strategy_Order=1;CPXPARAM_MIP_Strategy_PresolveNode=-1;CPXPARAM_MIP_Strategy_Probe=3;CPXPARAM_MIP_Strategy_RINSHeur=0;CPXPARAM_MIP_Strategy_StartAlgorithm=0;CPXPARAM_MIP_Strategy_SubAlgorithm=0;CPXPARAM_MIP_Strategy_VariableSelect=2;CPXPARAM_Network_NetFind=2;CPXPARAM_Network_Pricing=0;CPXPARAM_Parallel=1;CPXPARAM_Preprocessing_Aggregator=-1;CPXPARAM_Preprocessing_BoundStrength=-1;CPXPARAM_Preprocessing_CoeffReduce=-1;CPXPARAM_Preprocessing_Dependency=-1;CPXPARAM_Preprocessing_Dual=0;CPXPARAM_Preprocessing_Fill=5;CPXPARAM_Preprocessing_NumPass=-1;CPXPARAM_Preprocessing_Presolve=1;CPXPARAM_Preprocessing_QPMakePSD=1;CPXPARAM_Preprocessing_Reduce=2;CPXPARAM_Preprocessing_Relax=-1;CPXPARAM_Preprocessing_RepeatPresolve=-1;CPXPARAM_Preprocessing_Symmetry=-1;CPXPARAM_Read_Scale=0;CPXPARAM_Sifting_Algorithm=0;CPXPARAM_Simplex_Crash=1;CPXPARAM_Simplex_DGradient=0;CPXPARAM_Simplex_Limits_Perturbation=0;CPXPARAM_Simplex_Limits_Singularity=10;CPXPARAM_Simplex_PGradient=0;CPXPARAM_Simplex_Pricing=0;CPXPARAM_Simplex_Refactor=0
10870598076289215166,0,CPXPARAM_Advance=1;CPXPARAM_Barrier_Algorithm=0;CPXPARAM_Barrier_ColNonzeros=0;CPXPARAM_Barrier_Crossover=0;CPXPARAM_Barrier_Limits_Corrections=-1;CPXPARAM_Barrier_Ordering=0;CPXPARAM_Barrier_StartAlg=1;CPXPARAM_Emphasis_MIP=5;CPXPARAM_Emphasis_Memory=0;CPXPARAM_Emphasis_Numerical=0;CPXPARAM_Feasopt_Mode=0;CPXPARAM_LPMethod=0;CPXPARAM_MIP_Cuts_Cliques=-1;CPXPARAM_MIP_Cuts_Covers=2;CPXPARAM_MIP_Cuts_Disjunctive=0;CPXPARAM_MIP_Cuts_FlowCovers=1;CPXPARAM_MIP_Cuts_GUBCovers=1;CPXPARAM_MIP_Cuts_Gomory=0;CPXPARAM_MIP_Cuts_Implied=1;CPXPARAM_MIP_Cuts_MIRCut=1;CPXPARAM_MIP_Cuts_PathCut=2;CPXPARAM_MIP_Limits_AggForCut=0;CPXPARAM_MIP_Limits_CutPasses=0;CPXPARAM_MIP_Limits_CutsFactor=-1;CPXPARAM_MIP_Limits_GomoryCand=100;CPXPARAM_MIP_Limits_GomoryPass=0;CPXPARAM_MIP_Limits_Nodes=9223372036800000000;CPXPARAM_MIP_Limits_ProbeTime=1e+75;CPXPARAM_MIP_Limits_RepairTries=0;CPXPARAM_MIP_Limits_StrongCand=10;CPXPARAM_MIP_Limits_StrongIt=0;CPXPARAM_MIP_OrderType=1;CPXPARAM_MIP_Strategy_BBInterval=7;CPXPARAM_MIP_Strategy_Branch=-1;CPXPARAM_MIP_Strategy_Dive=0;CPXPARAM_MIP_Strategy_File=1;CPXPARAM_MIP_Strategy_HeuristicFreq=0;CPXPARAM_MIP_Strategy_LBHeur=0;CPXPARAM_MIP_Strategy_NodeSelect=3;CPXPARAM_MIP_Strategy_Order=1;CPXPARAM_MIP_Strategy_PresolveNode=-1;CPXPARAM_MIP_Strategy_Probe=3;CPXPARAM_MIP_Strategy_RINSHeur=0;CPXPARAM_MIP_Strategy_StartAlgorithm=0;CPXPARAM_MIP_Strategy_SubAlgorithm=0;CPXPARAM_MIP_Strategy_VariableSelect=2;CPXPARAM_Network_NetFind=2;CPXPARAM_Network_Pricing=0;CPXPARAM_Parallel=1;CPXPARAM_Preprocessing_Aggregator=-1;CPXPARAM_Preprocessing_BoundStrength=-1;CPXPARAM_Preprocessing_CoeffReduce=-1;CPXPARAM_Preprocessing_Dependency=-1;CPXPARAM_Preprocessing_Dual=0;CPXPARAM_Preprocessing_Fill=5;CPXPARAM_Preprocessing_NumPass=-1;CPXPARAM_Preprocessing_Presolve=1;CPXPARAM_Preprocessing_QPMakePSD=1;CPXPARAM_Preprocessing_Reduce=2;CPXPARAM_Preprocessing_Relax=-1;CPXPARAM_Preprocessing_RepeatPresolve=-1;CPXPARAM_Preprocessing_Symmetry=-1;CPXPARAM_Read_Scale=0;CPXPARAM_Sifting_Algorithm=0;CPXPARAM_Simplex_Crash=1;CPXPARAM_Simplex_DGradient=0;CPXPARAM_Simplex_Limits_Perturbation=0;CPXPARAM_Simplex_Limits_Singularity=10;CPXPARAM_Simplex_PGradient=0;CPXPARAM_Simplex_Pricing=0;CPXPARAM_Simplex_Refactor=0
12106229599815186610,0,CPXPARAM_Advance=1;CPXPARAM_Barrier_Algorithm=0;CPXPARAM_Barrier_ColNonzeros=0;CPXPARAM_Barrier_Crossover=0;CPXPARAM_Barrier_Limits_Corrections=-1;CPXPARAM_Barrier_Ordering=0;CPXPARAM_Barrier_StartAlg=1;CPXPARAM_Emphasis_MIP=4;CPXPARAM_Emphasis_Memory=0;CPXPARAM_Emphasis_Numerical=0;CPXPARAM_Feasopt_Mode=0;CPXPARAM_LPMethod=0;CPXPARAM_MIP_Cuts_Cliques=-1;CPXPARAM_MIP_Cuts_Covers=2;CPXPARAM_MIP_Cuts_Disjunctive=0;CPXPARAM_MIP_Cuts_FlowCovers=1;CPXPARAM_MIP_Cuts_GUBCovers=-1;CPXPARAM_MIP_Cuts_Gomory=0;CPXPARAM_MIP_Cuts_Implied=1;CPXPARAM_MIP_Cuts_MIRCut=1;CPXPARAM_MIP_Cuts_PathCut=2;CPXPARAM_MIP_Limits_AggForCut=0;CPXPARAM_MIP_Limits_CutPasses=0;CPXPARAM_MIP_Limits_CutsFactor=-1;CPXPARAM_MIP_Limits_GomoryCand=100;CPXPARAM_MIP_Limits_GomoryPass=0;CPXPARAM_MIP_Limits_Nodes=9223372036800000000;CPXPARAM_MIP_Limits_ProbeTime=1e+75;CPXPARAM_MIP_Limits_RepairTries=0;CPXPARAM_MIP_Limits_StrongCand=10;CPXPARAM_MIP_Limits_StrongIt=0;CPXPARAM_MIP_OrderType=1;CPXPARAM_MIP_Strategy_BBInterval=7;CPXPARAM_MIP_Strategy_Branch=-1;CPXPARAM_MIP_Strategy_Dive=0;CPXPARAM_MIP_Strategy_File=1;CPXPARAM_MIP_Strategy_HeuristicFreq=0;CPXPARAM_MIP_Strategy_LBHeur=0;CPXPARAM_MIP_Strategy_NodeSelect=3;CPXPARAM_MIP_Strategy_Order=1;CPXPARAM_MIP_Strategy_PresolveNode=-1;CPXPARAM_MIP_Strategy_Probe=3;CPXPARAM_MIP_Strategy_RINSHeur=0;CPXPARAM_MIP_Strategy_StartAlgorithm=0;CPXPARAM_MIP_Strategy_SubAlgorithm=0;CPXPARAM_MIP_Strategy_VariableSelect=-1;CPXPARAM_Network_NetFind=2;CPXPARAM_Network_Pricing=0;CPXPARAM_Parallel=1;CPXPARAM_Preprocessing_Aggregator=-1;CPXPARAM_Preprocessing_BoundStrength=-1;CPXPARAM_Preprocessing_CoeffReduce=-1;CPXPARAM_Preprocessing_Dependency=-1;CPXPARAM_Preprocessing_Dual=0;CPXPARAM_Preprocessing_Fill=5;CPXPARAM_Preprocessing_NumPass=-1;CPXPARAM_Preprocessing_Presolve=1;CPXPARAM_Preprocessing_QPMakePSD=1;CPXPARAM_Preprocessing_Reduce=2;CPXPARAM_Preprocessing_Relax=-1;CPXPARAM_Preprocessing_RepeatPresolve=-1;CPXPARAM_Preprocessing_Symmetry=-1;CPXPARAM_Read_Scale=0;CPXPARAM_Sifting_Algorithm=0;CPXPARAM_Simplex_Crash=1;CPXPARAM_Simplex_DGradient=0;CPXPARAM_Simplex_Limits_Perturbation=0;CPXPARAM_Simplex_Limits_Singularity=10;CPXPARAM_Simplex_PGradient=0;CPXPARAM_Simplex_Pricing=0;CPXPARAM_Simplex_Refactor=0
17040004764471875599,0,CPXPARAM_Advance=1;CPXPARAM_Barrier_Algorithm=0;CPXPARAM_Barrier_ColNonzeros=0;CPXPARAM_Barrier_Crossover=0;CPXPARAM_Barrier_Limits_Corrections=-1;CPXPARAM_Barrier_Ordering=0;CPXPARAM_Barrier_StartAlg=1;CPXPARAM_Emphasis_MIP=4;CPXPARAM_Emphasis_Memory=0;CPXPARAM_Emphasis_Numerical=0;CPXPARAM_Feasopt_Mode=0;CPXPARAM_LPMethod=0;CPXPARAM_MIP_Cuts_Cliques=-1;CPXPARAM_MIP_Cuts_Covers=2;CPXPARAM_MIP_Cuts_Disjunctive=0;CPXPARAM_MIP_Cuts_FlowCovers=1;CPXPARAM_MIP_Cuts_GUBCovers=-1;CPXPARAM_MIP_Cuts_Gomory=0;CPXPARAM_MIP_Cuts_Implied=1;CPXPARAM_MIP_Cuts_MIRCut=1;CPXPARAM_MIP_Cuts_PathCut=2;CPXPARAM_MIP_Limits_AggForCut=5;CPXPARAM_MIP_Limits_CutPasses=0;CPXPARAM_MIP_Limits_CutsFactor=-1;CPXPARAM_MIP_Limits_GomoryCand=100;CPXPARAM_MIP_Limits_GomoryPass=0;CPXPARAM_MIP_Limits_Nodes=9223372036800000000;CPXPARAM_MIP_Limits_ProbeTime=1e+75;CPXPARAM_MIP_Limits_RepairTries=0;CPXPARAM_MIP_Limits_StrongCand=10;CPXPARAM_MIP_Limits_StrongIt=0;CPXPARAM_MIP_OrderType=1;CPXPARAM_MIP_Strategy_BBInterval=7;CPXPARAM_MIP_Strategy_Branch=-1;CPXPARAM_MIP_Strategy_Dive=0;CPXPARAM_MIP_Strategy_File=1;CPXPARAM_MIP_Strategy_HeuristicFreq=0;CPXPARAM_MIP_Strategy_LBHeur=0;CPXPARAM_MIP_Strategy_NodeSelect=3;CPXPARAM_MIP_Strategy_Order=1;CPXPARAM_MIP_Strategy_PresolveNode=-1;CPXPARAM_MIP_Strategy_Probe=3;CPXPARAM_MIP_Strategy_RINSHeur=0;CPXPARAM_MIP_Strategy_StartAlgorithm=0;CPXPARAM_MIP_Strategy_SubAlgorithm=0;CPXPARAM_MIP_Strategy_VariableSelect=2;CPXPARAM_Network_NetFind=2;CPXPARAM_Network_Pricing=0;CPXPARAM_Parallel=1;CPXPARAM_Preprocessing_Aggregator=-1;CPXPARAM_Preprocessing_BoundStrength=-1;CPXPARAM_Preprocessing_CoeffReduce=-1;CPXPARAM_Preprocessing_Dependency=-1;CPXPARAM_Preprocessing_Dual=0;CPXPARAM_Preprocessing_Fill=5;CPXPARAM_Preprocessing_NumPass=-1;CPXPARAM_Preprocessing_Presolve=1;CPXPARAM_Preprocessing_QPMakePSD=1;CPXPARAM_Preprocessing_Reduce=2;CPXPARAM_Preprocessing_Relax=-1;CPXPARAM_Preprocessing_RepeatPresolve=-1;CPXPARAM_Preprocessing_Symmetry=-1;CPXPARAM_Read_Scale=0;CPXPARAM_Sifting_Algorithm=0;CPXPARAM_Simplex_Crash=1;CPXPARAM_Simplex_DGradient=0;CPXPARAM_Simplex_Limits_Perturbation=0;CPXPARAM_Simplex_Limits_Singularity=10;CPXPARAM_Simplex_PGradient=0;CPXPARAM_Simplex_Pricing=0;CPXPARAM_Simplex_Refactor=0
12060451653602929036,0,CPXPARAM_Advance=1;CPXPARAM_Barrier_Algorithm=0;CPXPARAM_Barrier_ColNonzeros=0;CPXPARAM_Barrier_Crossover=0;CPXPARAM_Barrier_Limits_Corrections=-1;CPXPARAM_Barrier_Ordering=0;CPXPARAM_Barrier_StartAlg=1;CPXPARAM_Emphasis_MIP=0;CPXPARAM_Emphasis_Memory=0;CPXPARAM_Emphasis_Numerical=0;CPXPARAM_Feasopt_Mode=0;CPXPARAM_LPMethod=0;CPXPARAM_MIP_Cuts_Cliques=3;CPXPARAM_MIP_Cuts_Covers=-1;CPXPARAM_MIP_Cuts_Disjunctive=-1;CPXPARAM_MIP_Cuts_FlowCovers=-1;CPXPARAM_MIP_Cuts_GUBCovers=1;CPXPARAM_MIP_Cuts_Gomory=2;CPXPARAM_MIP_Cuts_Implied=-1;CPXPARAM_MIP_Cuts_MIRCut=1;CPXPARAM_MIP_Cuts_PathCut=-1;CPXPARAM_MIP_Limits_AggForCut=5;CPXPARAM_MIP_Limits_CutPasses=0;CPXPARAM_MIP_Limits_CutsFactor=-1;CPXPARAM_MIP_Limits_GomoryCand=25;CPXPARAM_MIP_Limits_GomoryPass=0;CPXPARAM_MIP_Limits_Nodes=9223372036800000000;CPXPARAM_MIP_Limits_ProbeTime=1e+75;CPXPARAM_MIP_Limits_RepairTries=0;CPXPARAM_MIP_Limits_StrongCand=10;CPXPARAM_MIP_Limits_StrongIt=0;CPXPARAM_MIP_OrderType=3;CPXPARAM_MIP_Strategy_BBInterval=7;CPXPARAM_MIP_Strategy_Branch=-1;CPXPARAM_MIP_Strategy_Dive=0;CPXPARAM_MIP_Strategy_File=1;CPXPARAM_MIP_Strategy_HeuristicFreq=0;CPXPARAM_MIP_Strategy_LBHeur=0;CPXPARAM_MIP_Strategy_NodeSelect=3;CPXPARAM_MIP_Strategy_Order=1;CPXPARAM_MIP_Strategy_PresolveNode=-1;CPXPARAM_MIP_Strategy_Probe=2;CPXPARAM_MIP_Strategy_RINSHeur=0;CPXPARAM_MIP_Strategy_StartAlgorithm=0;CPXPARAM_MIP_Strategy_SubAlgorithm=0;CPXPARAM_MIP_Strategy_VariableSelect=0;CPXPARAM_Network_NetFind=2;CPXPARAM_Network_Pricing=0;CPXPARAM_Parallel=1;CPXPARAM_Preprocessing_Aggregator=-1;CPXPARAM_Preprocessing_BoundStrength=-1;CPXPARAM_Preprocessing_CoeffReduce=-1;CPXPARAM_Preprocessing_Dependency=-1;CPXPARAM_Preprocessing_Dual=0;CPXPARAM_Preprocessing_Fill=10;CPXPARAM_Preprocessing_NumPass=-1;CPXPARAM_Preprocessing_Presolve=1;CPXPARAM_Preprocessing_QPMakePSD=1;CPXPARAM_Preprocessing_Reduce=0;CPXPARAM_Preprocessing_Relax=-1;CPXPARAM_Preprocessing_RepeatPresolve=-1;CPXPARAM_Preprocessing_Symmetry=-1;CPXPARAM_Read_Scale=0;CPXPARAM_Sifting_Algorithm=0;CPXPARAM_Simplex_Crash=1;CPXPARAM_Simplex_DGradient=0;CPXPARAM_Simplex_Limits_Perturbation=0;CPXPARAM_Simplex_Limits_Singularity=10;CPXPARAM_Simplex_PGradient=0;CPXPARAM_Simplex_Pricing=0;CPXPARAM_Simplex_Refactor=0
11785557807290164125,0,CPXPARAM_Advance=1;CPXPARAM_Barrier_Algorithm=0;CPXPARAM_Barrier_ColNonzeros=0;CPXPARAM_Barrier_Crossover=0;CPXPARAM_Barrier_Limits_Corrections=-1;CPXPARAM_Barrier_Ordering=0;CPXPARAM_Barrier_StartAlg=1;CPXPARAM_Emphasis_MIP=4;CPXPARAM_Emphasis_Memory=0;CPXPARAM_Emphasis_Numerical=0;CPXPARAM_Feasopt_Mode=0;CPXPARAM_LPMethod=0;CPXPARAM_MIP_Cuts_Cliques=0;CPXPARAM_MIP_Cuts_Covers=1;CPXPARAM_MIP_Cuts_Disjunctive=0;CPXPARAM_MIP_Cuts_FlowCovers=2;CPXPARAM_MIP_Cuts_GUBCovers=2;CPXPARAM_MIP_Cuts_Gomory=0;CPXPARAM_MIP_Cuts_Implied=0;CPXPARAM_MIP_Cuts_MIRCut=2;CPXPARAM_MIP_Cuts_PathCut=-1;CPXPARAM_MIP_Limits_AggForCut=3;CPXPARAM_MIP_Limits_CutPasses=0;CPXPARAM_MIP_Limits_CutsFactor=-1;CPXPARAM_MIP_Limits_GomoryCand=150;CPXPARAM_MIP_Limits_GomoryPass=0;CPXPARAM_MIP_Limits_Nodes=9223372036800000000;CPXPARAM_MIP_Limits_ProbeTime=1e+75;CPXPARAM_MIP_Limits_RepairTries=0;CPXPARAM_MIP_Limits_StrongCand=10;CPXPARAM_MIP_Limits_StrongIt=0;CPXPARAM_MIP_OrderType=0;CPXPARAM_MIP_Strategy_BBInterval=7;CPXPARAM_MIP_Strategy_Branch=0;CPXPARAM_MIP_Strategy_Dive=0;CPXPARAM_MIP_Strategy_File=1;CPXPARAM_MIP_Strategy_HeuristicFreq=0;CPXPARAM_MIP_Strategy_LBHeur=0;CPXPARAM_MIP_Strategy_NodeSelect=1;CPXPARAM_MIP_Strategy_Order=1;CPXPARAM_MIP_Strategy_PresolveNode=0;CPXPARAM_MIP_Strategy_Probe=0;CPXPARAM_MIP_Strategy_RINSHeur=0;CPXPARAM_MIP_Strategy_StartAlgorithm=0;CPXPARAM_MIP_Strategy_SubAlgorithm=0;CPXPARAM_MIP_Strategy_VariableSelect=0;CPXPARAM_Network_NetFind=2;CPXPARAM_Network_Pricing=0;CPXPARAM_Parallel=1;CPXPARAM_Preprocessing_Aggregator=-1;CPXPARAM_Preprocessing_BoundStrength=-1;CPXPARAM_Preprocessing_CoeffReduce=-1;CPXPARAM_Preprocessing_Dependency=-1;CPXPARAM_Preprocessing_Dual=0;CPXPARAM_Preprocessing_Fill=10;CPXPARAM_Preprocessing_NumPass=-1;CPXPARAM_Preprocessing_Presolve=1;CPXPARAM_Preprocessing_QPMakePSD=1;CPXPARAM_Preprocessing_Reduce=3;CPXPARAM_Preprocessing_Relax=-1;CPXPARAM_Preprocessing_RepeatPresolve=-1;CPXPARAM_Preprocessing_Symmetry=-1;CPXPARAM_Read_Scale=0;CPXPARAM_Sifting_Algorithm=0;CPXPARAM_Simplex_Crash=1;CPXPARAM_Simplex_DGradient=0;CPXPARAM_Simplex_Limits_Perturbation=0;CPXPARAM_Simplex_Limits_Singularity=10;CPXPARAM_Simplex_PGradient=0;CPXPARAM_Simplex_Pricing=0;CPXPARAM_Simplex_Refactor=0
6610994396378269502,0,CPXPARAM_Advance=1;CPXPARAM_Barrier_Algorithm=0;CPXPARAM_Barrier_ColNonzeros=0;CPXPARAM_Barrier_Crossover=0;CPXPARAM_Barrier_Limits_Corrections=-1;CPXPARAM_Barrier_Ordering=0;CPXPARAM_Barrier_StartAlg=1;CPXPARAM_Emphasis_MIP=4;CPXPARAM_Emphasis_Memory=0;CPXPARAM_Emphasis_Numerical=0;CPXPARAM_Feasopt_Mode=0;CPXPARAM_LPMethod=0;CPXPARAM_MIP_Cuts_Cliques=-1;CPXPARAM_MIP_Cuts_Covers=2;CPXPARAM_MIP_Cuts_Disjunctive=1;CPXPARAM_MIP_Cuts_FlowCovers=1;CPXPARAM_MIP_Cuts_GUBCovers=-1;CPXPARAM_MIP_Cuts_Gomory=0;CPXPARAM_MIP_Cuts_Implied=1;CPXPARAM_MIP_Cuts_MIRCut=1;CPXPARAM_MIP_Cuts_PathCut=2;CPXPARAM_MIP_Limits_AggForCut=5;CPXPARAM_MIP_Limits_CutPasses=0;CPXPARAM_MIP_Limits_CutsFactor=-1;CPXPARAM_MIP_Limits_GomoryCand=100;CPXPARAM_MIP_Limits_GomoryPass=0;CPXPARAM_MIP_Limits_Nodes=9223372036800000000;CPXPARAM_MIP_Limits_ProbeTime=1e+75;CPXPARAM_MIP_Limits_RepairTries=0;CPXPARAM_MIP_Limits_StrongCand=10;CPXPARAM_MIP_Limits_StrongIt=0;CPXPARAM_MIP_OrderType=1;CPXPARAM_MIP_Strategy_BBInterval=7;CPXPARAM_MIP_Strategy_Branch=-1;CPXPARAM_MIP_Strategy_Dive=0;CPXPARAM_MIP_Strategy_File=1;CPXPARAM_MIP_Strategy_HeuristicFreq=0;CPXPARAM_MIP_Strategy_LBHeur=0;CPXPARAM_MIP_Strategy_NodeSelect=3;CPXPARAM_MIP_Strategy_Order=1;CPXPARAM_MIP_Strategy_PresolveNode=-1;CPXPARAM_MIP_Strategy_Probe=3;CPXPARAM_MIP_Strategy_RINSHeur=0;CPXPARAM_MIP_Strategy_StartAlgorithm=0;CPXPARAM_MIP_Strategy_SubAlgorithm=0;CPXPARAM_MIP_Strategy_VariableSelect=2;CPXPARAM_Network_NetFind=2;CPXPARAM_Network_Pricing=0;CPXPARAM_Parallel=1;CPXPARAM_Preprocessing_Aggregator=-1;CPXPARAM_Preprocessing_BoundStrength=-1;CPXPARAM_Preprocessing_CoeffReduce=-1;CPXPARAM_Preprocessing_Dependency=-1;CPXPARAM_Preprocessing_Dual=0;CPXPARAM_Preprocessing_Fill=5;CPXPARAM_Preprocessing_NumPass=-1;CPXPARAM_Preprocessing_Presolve=1;CPXPARAM_Preprocessing_QPMakePSD=1;CPXPARAM_Preprocessing_Reduce=2;CPXPARAM_Preprocessing_Relax=-1;CPXPARAM_Preprocessing_RepeatPresolve=-1;CPXPARAM_Preprocessing_Symmetry=-1;CPXPARAM_Read_Scale=0;CPXPARAM_Sifting_Algorithm=0;CPXPARAM_Simplex_Crash=1;CPXPARAM_Simplex_DGradient=0;CPXPARAM_Simplex_Limits_Perturbation=0;CPXPARAM_Simplex_Limits_Singularity=10;CPXPARAM_Simplex_PGradient=0;CPXPARAM_Simplex_Pricing=0;CPXPARAM_Simplex_Refactor=0
16270457217840353084,0,CPXPARAM_Advance=1;CPXPARAM_Barrier_Algorithm=0;CPXPARAM_Barrier_ColNonzeros=0;CPXPARAM_Barrier_Crossover=0;CPXPARAM_Barrier_Limits_Corrections=-1;CPXPARAM_Barrier_Ordering=0;CPXPARAM_Barrier_StartAlg=1;CPXPARAM_Emphasis_MIP=1;CPXPARAM_Emphasis_Memory=0;CPXPARAM_Emphasis_Numerical=0;CPXPARAM_Feasopt_Mode=0;CPXPARAM_LPMethod=0;CPXPARAM_MIP_Cuts_Cliques=2;CPXPARAM_MIP_Cuts_Covers=0;CPXPARAM_MIP_Cuts_Disjunctive=1;CPXPARAM_MIP_Cuts_FlowCovers=1;CPXPARAM_MIP_Cuts_GUBCovers=-1;CPXPARAM_MIP_Cuts_Gomory=2;CPXPARAM_MIP_Cuts_Implied=0;CPXPARAM_MIP_Cuts_MIRCut=1;CPXPARAM_MIP_Cuts_PathCut=2;CPXPARAM_MIP_Limits_AggForCut=3;CPXPARAM_MIP_Limits_CutPasses=0;CPXPARAM_MIP_Limits_CutsFactor=-1;CPXPARAM_MIP_Limits_GomoryCand=200;CPXPARAM_MIP_Limits_GomoryPass=0;CPXPARAM_MIP_Limits_Nodes=9223372036800000000;CPXPARAM_MIP_Limits_ProbeTime=1e+75;CPXPARAM_MIP_Limits_RepairTries=0;CPXPARAM_MIP_Limits_StrongCand=10;CPXPARAM_MIP_Limits_StrongIt=0;CPXPARAM_MIP_OrderType=0;CPXPARAM_MIP_Strategy_BBInterval=7;CPXPARAM_MIP_Strategy_Branch=0;CPXPARAM_MIP_Strategy_Dive=0;CPXPARAM_MIP_Strategy_File=1;CPXPARAM_MIP_Strategy_HeuristicFreq=0;CPXPARAM_MIP_Strategy_LBHeur=0;CPXPARAM_MIP_Strategy_NodeSelect=1;CPXPARAM_MIP_Strategy_Order=1;CPXPARAM_MIP_Strategy_PresolveNode=0;CPXPARAM_MIP_Strategy_Probe=0;CPXPARAM_MIP_Strategy_RINSHeur=0;CPXPARAM_MIP_Strategy_StartAlgorithm=0;CPXPARAM_MIP_Strategy_SubAlgorithm=0;CPXPARAM_MIP_Strategy_VariableSelect=0;CPXPARAM_Network_NetFind=2;CPXPARAM_Network_Pricing=0;CPXPARAM_Parallel=1;CPXPARAM_Preprocessing_Aggregator=-1;CPXPARAM_Preprocessing_BoundStrength=-1;CPXPARAM_Preprocessing_CoeffReduce=-1;CPXPARAM_Preprocessing_Dependency=-1;CPXPARAM_Preprocessing_Dual=0;CPXPARAM_Preprocessing_Fill=10;CPXPARAM_Preprocessing_NumPass=-1;CPXPARAM_Preprocessing_Presolve=1;CPXPARAM_Preprocessing_QPMakePSD=1;CPXPARAM_Preprocessing_Reduce=3;CPXPARAM_Preprocessing_Relax=-1;CPXPARAM_Preprocessing_RepeatPresolve=-1;CPXPARAM_Preprocessing_Symmetry=-1;CPXPARAM_Read_Scale=0;CPXPARAM_Sifting_Algorithm=0;CPXPARAM_Simplex_Crash=1;CPXPARAM_Simplex_DGradient=0;CPXPARAM_Simplex_Limits_Perturbation=0;CPXPARAM_Simplex_Limits_Singularity=10;CPXPARAM_Simplex_PGradient=0;CPXPARAM_Simplex_Pricing=0;CPXPARAM_Simplex_Refactor=0
14251061862680426782,0,CPXPARAM_Advance=1;CPXPARAM_Barrier_Algorithm=0;CPXPARAM_Barrier_ColNonzeros=0;CPXPARAM_Barrier_Crossover=0;CPXPARAM_Barrier_Limits_Corrections=-1;CPXPARAM_Barrier_Ordering=0;CPXPARAM_Barrier_StartAlg=1;CPXPARAM_Emphasis_MIP=4;CPXPARAM_Emphasis_Memory=0;CPXPARAM_Emphasis_Numerical=0;CPXPARAM_Feasopt_Mode=0;CPXPARAM_LPMethod=0;CPXPARAM_MIP_Cuts_Cliques=0;CPXPARAM_MIP_Cuts_Covers=0;CPXPARAM_MIP_Cuts_Disjunctive=-1;CPXPARAM_MIP_Cuts_FlowCovers=2;CPXPARAM_MIP_Cuts_GUBCovers=-1;CPXPARAM_MIP_Cuts_Gomory=2;CPXPARAM_MIP_Cuts_Implied=-1;CPXPARAM_MIP_Cuts_MIRCut=2;CPXPARAM_MIP_Cuts_PathCut=2;CPXPARAM_MIP_Limits_AggForCut=3;CPXPARAM_MIP_Limits_CutPasses=0;CPXPARAM_MIP_Limits_CutsFactor=-1;CPXPARAM_MIP_Limits_GomoryCand=150;CPXPARAM_MIP_Limits_GomoryPass=0;CPXPARAM_MIP_Limits_Nodes=9223372036800000000;CPXPARAM_MIP_Limits_ProbeTime=1e+75;CPXPARAM_MIP_Limits_RepairTries=0;CPXPARAM_MIP_Limits_StrongCand=10;CPXPARAM_MIP_Limits_StrongIt=0;CPXPARAM_MIP_OrderType=0;CPXPARAM_MIP_Strategy_BBInterval=7;CPXPARAM_MIP_Strategy_Branch=0;CPXPARAM_MIP_Strategy_Dive=0;CPXPARAM_MIP_Strategy_File=1;CPXPARAM_MIP_Strategy_HeuristicFreq=0;CPXPARAM_MIP_Strategy_LBHeur=0;CPXPARAM_MIP_Strategy_NodeSelect=1;CPXPARAM_MIP_Strategy_Order=1;CPXPARAM_MIP_Strategy_PresolveNode=0;CPXPARAM_MIP_Strategy_Probe=0;CPXPARAM_MIP_Strategy_RINSHeur=0;CPXPARAM_MIP_Strategy_StartAlgorithm=0;CPXPARAM_MIP_Strategy_SubAlgorithm=0;CPXPARAM_MIP_Strategy_VariableSelect=0;CPXPARAM_Network_NetFind=2;CPXPARAM_Network_Pricing=0;CPXPARAM_Parallel=1;CPXPARAM_Preprocessing_Aggregator=-1;CPXPARAM_Preprocessing_BoundStrength=-1;CPXPARAM_Preprocessing_CoeffReduce=-1;CPXPARAM_Preprocessing_Dependency=-1;CPXPARAM_Preprocessing_Dual=0;CPXPARAM_Preprocessing_Fill=10;CPXPARAM_Preprocessing_NumPass=-1;CPXPARAM_Preprocessing_Presolve=1;CPXPARAM_Preprocessing_QPMakePSD=1;CPXPARAM_Preprocessing_Reduce=3;CPXPARAM_Preprocessing_Relax=-1;CPXPARAM_Preprocessing_RepeatPresolve=-1;CPXPARAM_Preprocessing_Symmetry=-1;CPXPARAM_Read_Scale=0;CPXPARAM_Sifting_Algorithm=0;CPXPARAM_Simplex_Crash=1;CPXPARAM_Simplex_DGradient=0;CPXPARAM_Simplex_Limits_Perturbation=0;CPXPARAM_Simplex_Limits_Singularity=10;CPXPARAM_Simplex_PGradient=0;CPXPARAM_Simplex_Pricing=0;CPXPARAM_Simplex_Refactor=0
3750612078566878899,0,CPXPARAM_Advance=1;CPXPARAM_Barrier_Algorithm=0;CPXPARAM_Barrier_ColNonzeros=0;CPXPARAM_Barrier_Crossover=0;CPXPARAM_Barrier_Limits_Corrections=-1;CPXPARAM_Barrier_Ordering=0;CPXPARAM_Barrier_StartAlg=1;CPXPARAM_Emphasis_MIP=4;CPXPARAM_Emphasis_Memory=0;CPXPARAM_Emphasis_Numerical=0;CPXPARAM_Feasopt_Mode=0;CPXPARAM_LPMethod=0;CPXPARAM_MIP_Cuts_Cliques=-1;CPXPARAM_MIP_Cuts_Covers=2;CPXPARAM_MIP_Cuts_Disjunctive=0;CPXPARAM_MIP_Cuts_FlowCovers=1;CPXPARAM_MIP_Cuts_GUBCovers=-1;CPXPARAM_MIP_Cuts_Gomory=0;CPXPARAM_MIP_Cuts_Implied=1;CPXPARAM_MIP_Cuts_MIRCut=2;CPXPARAM_MIP_Cuts_PathCut=2;CPXPARAM_MIP_Limits_AggForCut=5;CPXPARAM_MIP_Limits_CutPasses=0;CPXPARAM_MIP_Limits_CutsFactor=-1;CPXPARAM_MIP_Limits_GomoryCand=100;CPXPARAM_MIP_Limits_GomoryPass=0;CPXPARAM_MIP_Limits_Nodes=9223372036800000000;CPXPARAM_MIP_Limits_ProbeTime=1e+75;CPXPARAM_MIP_Limits_RepairTries=0;CPXPARAM_MIP_Limits_StrongCand=10;CPXPARAM_MIP_Limits_StrongIt=0;CPXPARAM_MIP_OrderType=1;CPXPARAM_MIP_Strategy_BBInterval=7;CPXPARAM_MIP_Strategy_Branch=-1;CPXPARAM_MIP_Strategy_Dive=0;CPXPARAM_MIP_Strategy_File=1;CPXPARAM_MIP_Strategy_HeuristicFreq=0;CPXPARAM_MIP_Strategy_LBHeur=0;CPXPARAM_MIP_Strategy_NodeSelect=3;CPXPARAM_MIP_Strategy_Order=1;CPXPARAM_MIP_Strategy_PresolveNode=-1;CPXPARAM_MIP_Strategy_Probe=3;CPXPARAM_MIP_Strategy_RINSHeur=0;CPXPARAM_MIP_Strategy_StartAlgorithm=0;CPXPARAM_MIP_Strategy_SubAlgorithm=0;CPXPARAM_MIP_Strategy_VariableSelect=2;CPXPARAM_Network_NetFind=2;CPXPARAM_Network_Pricing=0;CPXPARAM_Parallel=1;CPXPARAM_Preprocessing_Aggregator=-1;CPXPARAM_Preprocessing_BoundStrength=-1;CPXPARAM_Preprocessing_CoeffReduce=-1;CPXPARAM_Preprocessing_Dependency=-1;CPXPARAM_Preprocessing_Dual=0;CPXPARAM_Preprocessing_Fill=5;CPXPARAM_Preprocessing_NumPass=-1;CPXPARAM_Preprocessing_Presolve=1;CPXPARAM_Preprocessing_QPMakePSD=1;CPXPARAM_Preprocessing_Reduce=2;CPXPARAM_Preprocessing_Relax=-1;CPXPARAM_Preprocessing_RepeatPresolve=-1;CPXPARAM_Preprocessing_Symmetry=-1;CPXPARAM_Read_Scale=0;CPXPARAM_Sifting_Algorithm=0;CPXPARAM_Simplex_Crash=1;CPXPARAM_Simplex_DGradient=0;CPXPARAM_Simplex_Limits_Perturbation=0;CPXPARAM_Simplex_Limits_Singularity=10;CPXPARAM_Simplex_PGradient=0;CPXPARAM_Simplex_Pricing=0;CPXPARAM_Simplex_Refactor=0
6628868304786624830,0,CPXPARAM_Advance=1;CPXPARAM_Barrier_Algorithm=0;CPXPARAM_Barrier_ColNonzeros=0;CPXPARAM_Barrier_Crossover=0;CPXPARAM_Barrier_Limits_Corrections=-1;CPXPARAM_Barrier_Ordering=0;CPXPARAM_Barrier_StartAlg=1;CPXPARAM_Emphasis_MIP=4;CPXPARAM_Emphasis_Memory=0;CPXPARAM_Emphasis_Numerical=0;CPXPARAM_Feasopt_Mode=0;CPXPARAM_LPMethod=0;CPXPARAM_MIP_Cuts_Cliques=-1;CPXPARAM_MIP_Cuts_Covers=2;CPXPARAM_MIP_Cuts_Disjunctive=0;CPXPARAM_MIP_Cuts_FlowCovers=1;CPXPARAM_MIP_Cuts_GUBCovers=-1;CPXPARAM_MIP_Cuts_Gomory=0;CPXPARAM_MIP_Cuts_Implied=1;CPXPARAM_MIP_Cuts_MIRCut=1;CPXPARAM_MIP_Cuts_PathCut=2;CPXPARAM_MIP_Limits_AggForCut=5;CPXPARAM_MIP_Limits_CutPasses=0;CPXPARAM_MIP_Limits_CutsFactor=-1;CPXPARAM_MIP_Limits_GomoryCand=25;CPXPARAM_MIP_Limits_GomoryPass=0;CPXPARAM_MIP_Limits_Nodes=9223372036800000000;CPXPARAM_MIP_Limits_ProbeTime=1e+75;CPXPARAM_MIP_Limits_RepairTries=0;CPXPARAM_MIP_Limits_StrongCand=10;CPXPARAM_MIP_Limits_StrongIt=0;CPXPARAM_MIP_OrderType=1;CPXPARAM_MIP_Strategy_BBInterval=7;CPXPARAM_MIP_Strategy_Branch=-1;CPXPARAM_MIP_Strategy_Dive=0;CPXPARAM_MIP_Strategy_File=1;CPXPARAM_MIP_Strategy_HeuristicFreq=0;CPXPARAM_MIP_Strategy_LBHeur=0;CPXPARAM_MIP_Strategy_NodeSelect=3;CPXPARAM_MIP_Strategy_Order=1;CPXPARAM_MIP_Strategy_PresolveNode=-1;CPXPARAM_MIP_Strategy_Probe=3;CPXPARAM_MIP_Strategy_RINSHeur=0;CPXPARAM_MIP_Strategy_StartAlgorithm=0;CPXPARAM_MIP_Strategy_SubAlgorithm=0;CPXPARAM_MIP_Strategy_VariableSelect=2;CPXPARAM_Network_NetFind=2;CPXPARAM_Network_Pricing=0;CPXPARAM_Parallel=1;CPXPARAM_Preprocessing_Aggregator=-1;CPXPARAM_Preprocessing_BoundStrength=-1;CPXPARAM_Preprocessing_CoeffReduce=-1;CPXPARAM_Preprocessing_Dependency=-1;CPXPARAM_Preprocessing_Dual=0;CPXPARAM_Preprocessing_Fill=2;CPXPARAM_Preprocessing_NumPass=-1;CPXPARAM_Preprocessing_Presolve=1;CPXPARAM_Preprocessing_QPMakePSD=1;CPXPARAM_Preprocessing_Reduce=2;CPXPARAM_Preprocessing_Relax=-1;CPXPARAM_Preprocessing_RepeatPresolve=-1;CPXPARAM_Preprocessing_Symmetry=-1;CPXPARAM_Read_Scale=0;CPXPARAM_Sifting_Algorithm=0;CPXPARAM_Simplex_Crash=1;CPXPARAM_Simplex_DGradient=0;CPXPARAM_Simplex_Limits_Perturbation=0;CPXPARAM_Simplex_Limits_Singularity=10;CPXPARAM_Simplex_PGradient=0;CPXPARAM_Simplex_Pricing=0;CPXPARAM_Simplex_Refactor=0
13794659434796779945,0,CPXPARAM_Advance=1;CPXPARAM_Barrier_Algorithm=0;CPXPARAM_Barrier_ColNonzeros=0;CPXPARAM_Barrier_Crossover=0;CPXPARAM_Barrier_Limits_Corrections=-1;CPXPARAM_Barrier_Ordering=0;CPXPARAM_Barrier_StartAlg=1;CPXPARAM_Emphasis_MIP=0;CPXPARAM_Emphasis_Memory=0;CPXPARAM_Emphasis_Numerical=0;CPXPARAM_Feasopt_Mode=0;CPXPARAM_LPMethod=0;CPXPARAM_MIP_Cuts_Cliques=3;CPXPARAM_MIP_Cuts_Covers=2;CPXPARAM_MIP_Cuts_Disjunctive=0;CPXPARAM_MIP_Cuts_FlowCovers=-1;CPXPARAM_MIP_Cuts_GUBCovers=0;CPXPARAM_MIP_Cuts_Gomory=0;CPXPARAM_MIP_Cuts_Implied=1;CPXPARAM_MIP_Cuts_MIRCut=2;CPXPARAM_MIP_Cuts_PathCut=0;CPXPARAM_MIP_Limits_AggForCut=3;CPXPARAM_MIP_Limits_CutPasses=0;CPXPARAM_MIP_Limits_CutsFactor=-1;CPXPARAM_MIP_Limits_GomoryCand=100;CPXPARAM_MIP_Limits_GomoryPass=0;CPXPARAM_MIP_Limits_Nodes=9223372036800000000;CPXPARAM_MIP_Limits_ProbeTime=1e+75;CPXPARAM_MIP_Limits_RepairTries=0;CPXPARAM_MIP_Limits_StrongCand=10;CPXPARAM_MIP_Limits_StrongIt=0;CPXPARAM_MIP_OrderType=0;CPXPARAM_MIP_Strategy_BBInterval=7;CPXPARAM_MIP_Strategy_Branch=0;CPXPARAM_MIP_Strategy_Dive=0;CPXPARAM_MIP_Strategy_File=1;CPXPARAM_MIP_Strategy_HeuristicFreq=0;CPXPARAM_MIP_Strategy_LBHeur=0;CPXPARAM_MIP_Strategy_NodeSelect=3;CPXPARAM_MIP_Strategy_Order=1;CPXPARAM_MIP_Strategy_PresolveNode=1;CPXPARAM_MIP_Strategy_Probe=-1;CPXPARAM_MIP_Strategy_RINSHeur=0;CPXPARAM_MIP_Strategy_StartAlgorithm=0;CPXPARAM_MIP_Strategy_SubAlgorithm=0;CPXPARAM_MIP_Strategy_VariableSelect=1;CPXPARAM_Network_NetFind=2;CPXPARAM_Network_Pricing=0;CPXPARAM_Parallel=1;CPXPARAM_Preprocessing_Aggregator=-1;CPXPARAM_Preprocessing_BoundStrength=-1;CPXPARAM_Preprocessing_CoeffReduce=-1;CPXPARAM_Preprocessing_Dependency=-1;CPXPARAM_Preprocessing_Dual=0;CPXPARAM_Preprocessing_Fill=10;CPXPARAM_Preprocessing_NumPass=-1;CPXPARAM_Preprocessing_Presolve=1;CPXPARAM_Preprocessing_QPMakePSD=1;CPXPARAM_Preprocessing_Reduce=3;CPXPARAM_Preprocessing_Relax=-1;CPXPARAM_Preprocessing_RepeatPresolve=-1;CPXPARAM_Preprocessing_Symmetry=-1;CPXPARAM_Read_Scale=0;CPXPARAM_Sifting_Algorithm=0;CPXPARAM_Simplex_Crash=1;CPXPARAM_Simplex_DGradient=0;CPXPARAM_Simplex_Limits_Perturbation=0;CPXPARAM_Simplex_Limits_Singularity=10;CPXPARAM_Simplex_PGradient=0;CPXPARAM_Simplex_Pricing=0;CPXPARAM_Simplex_Refactor=0
3489610509740063678,0,CPXPARAM_Advance=1;CPXPARAM_Barrier_Algorithm=0;CPXPARAM_Barrier_ColNonzeros=0;CPXPARAM_Barrier_Crossover=0;CPXPARAM_Barrier_Limits_Corrections=-1;CPXPARAM_Barrier_Ordering=0;CPXPARAM_Barrier_StartAlg=1;CPXPARAM_Emphasis_MIP=2;CPXPARAM_Emphasis_Memory=0;CPXPARAM_Emphasis_Numerical=0;CPXPARAM_Feasopt_Mode=0;CPXPARAM_LPMethod=0;CPXPARAM_MIP_Cuts_Cliques=3;CPXPARAM_MIP_Cuts_Covers=-1;CPXPARAM_MIP_Cuts_Disjunctive=0;CPXPARAM_MIP_Cuts_FlowCovers=-1;CPXPARAM_MIP_Cuts_GUBCovers=-1;CPXPARAM_MIP_Cuts_Gomory=2;CPXPARAM_MIP_Cuts_Implied=2;CPXPARAM_MIP_Cuts_MIRCut=1;CPXPARAM_MIP_Cuts_PathCut=2;CPXPARAM_MIP_Limits_AggForCut=3;CPXPARAM_MIP_Limits_CutPasses=0;CPXPARAM_MIP_Limits_CutsFactor=-1;CPXPARAM_MIP_Limits_GomoryCand=200;CPXPARAM_MIP_Limits_GomoryPass=0;CPXPARAM_MIP_Limits_Nodes=9223372036800000000;CPXPARAM_MIP_Limits_ProbeTime=1e+75;CPXPARAM_MIP_Limits_RepairTries=0;CPXPARAM_MIP_Limits_StrongCand=10;CPXPARAM_MIP_Limits_StrongIt=0;CPXPARAM_MIP_OrderType=2;CPXPARAM_MIP_Strategy_BBInterval=7;CPXPARAM_MIP_Strategy_Branch=0;CPXPARAM_MIP_Strategy_Dive=0;CPXPARAM_MIP_Strategy_File=1;CPXPARAM_MIP_Strategy_HeuristicFreq=0;CPXPARAM_MIP_Strategy_LBHeur=0;CPXPARAM_MIP_Strategy_NodeSelect=3;CPXPARAM_MIP_Strategy_Order=1;CPXPARAM_MIP_Strategy_PresolveNode=-1;CPXPARAM_MIP_Strategy_Probe=0;CPXPARAM_MIP_Strategy_RINSHeur=0;CPXPARAM_MIP_Strategy_StartAlgorithm=0;CPXPARAM_MIP_Strategy_SubAlgorithm=4;CPXPARAM_MIP_Strategy_VariableSelect=0;CPXPARAM_Network_NetFind=2;CPXPARAM_Network_Pricing=0;CPXPARAM_Parallel=1;CPXPARAM_Preprocessing_Aggregator=-1;CPXPARAM_Preprocessing_BoundStrength=-1;CPXPARAM_Preprocessing_CoeffReduce=-1;CPXPARAM_Preprocessing_Dependency=-1;CPXPARAM_Preprocessing_Dual=0;CPXPARAM_Preprocessing_Fill=40;CPXPARAM_Preprocessing_NumPass=-1;CPXPARAM_Preprocessing_Presolve=1;CPXPARAM_Preprocessing_QPMakePSD=1;CPXPARAM_Preprocessing_Reduce=1;CPXPARAM_Preprocessing_Relax=-1;CPXPARAM_Preprocessing_RepeatPresolve=-1;CPXPARAM_Preprocessing_Symmetry=-1;CPXPARAM_Read_Scale=0;CPXPARAM_Sifting_Algorithm=0;CPXPARAM_Simplex_Crash=1;CPXPARAM_Simplex_DGradient=0;CPXPARAM_Simplex_Limits_Perturbation=0;CPXPARAM_Simplex_Limits_Singularity=10;CPXPARAM_Simplex_PGradient=0;CPXPARAM_Simplex_Pricing=0;CPXPARAM_Simplex_Refactor=0
15493408570130865044,0,CPXPARAM_Advance=1;CPXPARAM_Barrier_Algorithm=0;CPXPARAM_Barrier_ColNonzeros=0;CPXPARAM_Barrier_Crossover=0;CPXPARAM_Barrier_Limits_Corrections=-1;CPXPARAM_Barrier_Ordering=0;CPXPARAM_Barrier_StartAlg=1;CPXPARAM_Emphasis_MIP=0;CPXPARAM_Emphasis_Memory=0;CPXPARAM_Emphasis_Numerical=0;CPXPARAM_Feasopt_Mode=0;CPXPARAM_LPMethod=0;CPXPARAM_MIP_Cuts_Cliques=3;CPXPARAM_MIP_Cuts_Covers=-1;CPXPARAM_MIP_Cuts_Disjunctive=-1;CPXPARAM_MIP_Cuts_FlowCovers=-1;CPXPARAM_MIP_Cuts_GUBCovers=1;CPXPARAM_MIP_Cuts_Gomory=2;CPXPARAM_MIP_Cuts_Implied=-1;CPXPARAM_MIP_Cuts_MIRCut=1;CPXPARAM_MIP_Cuts_PathCut=-1;CPXPARAM_MIP_Limits_AggForCut=5;CPXPARAM_MIP_Limits_CutPasses=0;CPXPARAM_MIP_Limits_CutsFactor=-1;CPXPARAM_MIP_Limits_GomoryCand=200;CPXPARAM_MIP_Limits_GomoryPass=0;CPXPARAM_MIP_Limits_Nodes=9223372036800000000;CPXPARAM_MIP_Limits_ProbeTime=1e+75;CPXPARAM_MIP_Limits_RepairTries=0;CPXPARAM_MIP_Limits_StrongCand=10;CPXPARAM_MIP_Limits_StrongIt=0;CPXPARAM_MIP_OrderType=3;CPXPARAM_MIP_Strategy_BBInterval=7;CPXPARAM_MIP_Strategy_Branch=-1;CPXPARAM_MIP_Strategy_Dive=0;CPXPARAM_MIP_Strategy_File=1;CPXPARAM_MIP_Strategy_HeuristicFreq=0;CPXPARAM_MIP_Strategy_LBHeur=0;CPXPARAM_MIP_Strategy_NodeSelect=3;CPXPARAM_MIP_Strategy_Order=1;CPXPARAM_MIP_Strategy_PresolveNode=-1;CPXPARAM_MIP_Strategy_Probe=0;CPXPARAM_MIP_Strategy_RINSHeur=0;CPXPARAM_MIP_Strategy_StartAlgorithm=0;CPXPARAM_MIP_Strategy_SubAlgorithm=0;CPXPARAM_MIP_Strategy_VariableSelect=0;CPXPARAM_Network_NetFind=2;CPXPARAM_Network_Pricing=0;CPXPARAM_Parallel=1;CPXPARAM_Preprocessing_Aggregator=-1;CPXPARAM_Preprocessing_BoundStrength=-1;CPXPARAM_Preprocessing_CoeffReduce=-1;CPXPARAM_Preprocessing_Dependency=-1;CPXPARAM_Preprocessing_Dual=0;CPXPARAM_Preprocessing_Fill=10;CPXPARAM_Preprocessing_NumPass=-1;CPXPARAM_Preprocessing_Presolve=1;CPXPARAM_Preprocessing_QPMakePSD=1;CPXPARAM_Preprocessing_Reduce=2;CPXPARAM_Preprocessing_Relax=-1;CPXPARAM_Preprocessing_RepeatPresolve=-1;CPXPARAM_Preprocessing_Symmetry=-1;CPXPARAM_Read_Scale=0;CPXPARAM_Sifting_Algorithm=0;CPXPARAM_Simplex_Crash=1;CPXPARAM_Simplex_DGradient=0;CPXPARAM_Simplex_Limits_Perturbation=0;CPXPARAM_Simplex_Limits_Singularity=10;CPXPARAM_Simplex_PGradient=0;CPXPARAM_Simplex_Pricing=0;CPXPARAM_Simplex_Refactor=0
8979837907642563552,0,CPXPARAM_Advance=1;CPXPARAM_Barrier_Algorithm=0;CPXPARAM_Barrier_ColNonzeros=0;CPXPARAM_Barrier_Crossover=0;CPXPARAM_Barrier_Limits_Corrections=-1;CPXPARAM_Barrier_Ordering=0;CPXPARAM_Barrier_StartAlg=1;CPXPARAM_Emphasis_MIP=3;CPXPARAM_Emphasis_Memory=0;CPXPARAM_Emphasis_Numerical=0;CPXPARAM_Feasopt_Mode=0;CPXPARAM_LPMethod=0;CPXPARAM_MIP_Cuts_Cliques=-1;CPXPARAM_MIP_Cuts_Covers=2;CPXPARAM_MIP_Cuts_Disjunctive=0;CPXPARAM_MIP_Cuts_FlowCovers=-1;CPXPARAM_MIP_Cuts_GUBCovers=1;CPXPARAM_MIP_Cuts_Gomory=0;CPXPARAM_MIP_Cuts_Implied=1;CPXPARAM_MIP_Cuts_MIRCut=1;CPXPARAM_MIP_Cuts_PathCut=-1;CPXPARAM_MIP_Limits_AggForCut=5;CPXPARAM_MIP_Limits_CutPasses=0;CPXPARAM_MIP_Limits_CutsFactor=-1;CPXPARAM_MIP_Limits_GomoryCand=200;CPXPARAM_MIP_Limits_GomoryPass=0;CPXPARAM_MIP_Limits_Nodes=9223372036800000000;CPXPARAM_MIP_Limits_ProbeTime=1e+75;CPXPARAM_MIP_Limits_RepairTries=0;CPXPARAM_MIP_Limits_StrongCand=10;CPXPARAM_MIP_Limits_StrongIt=0;CPXPARAM_MIP_OrderType=1;CPXPARAM_MIP_Strategy_BBInterval=7;CPXPARAM_MIP_Strategy_Branch=0;CPXPARAM_MIP_Strategy_Dive=0;CPXPARAM_MIP_Strategy_File=1;CPXPARAM_MIP_Strategy_HeuristicFreq=0;CPXPARAM_MIP_Strategy_LBHeur=0;CPXPARAM_MIP_Strategy_NodeSelect=1;CPXPARAM_MIP_Strategy_Order=1;CPXPARAM_MIP_Strategy_PresolveNode=1;CPXPARAM_MIP_Strategy_Probe=0;CPXPARAM_MIP_Strategy_RINSHeur=0;CPXPARAM_MIP_Strategy_StartAlgorithm=0;CPXPARAM_MIP_Strategy_SubAlgorithm=5;CPXPARAM_MIP_Strategy_VariableSelect=1;CPXPARAM_Network_NetFind=2;CPXPARAM_Network_Pricing=0;CPXPARAM_Parallel=1;CPXPARAM_Preprocessing_Aggregator=-1;CPXPARAM_Preprocessing_BoundStrength=-1;CPXPARAM_Preprocessing_CoeffReduce=-1;CPXPARAM_Preprocessing_Dependency=-1;CPXPARAM_Preprocessing_Dual=0;CPXPARAM_Preprocessing_Fill=40;CPXPARAM_Preprocessing_NumPass=-1;CPXPARAM_Preprocessing_Presolve=1;CPXPARAM_Preprocessing_QPMakePSD=1;CPXPARAM_Preprocessing_Reduce=2;CPXPARAM_Preprocessing_Relax=-1;CPXPARAM_Preprocessing_RepeatPresolve=-1;CPXPARAM_Preprocessing_Symmetry=-1;CPXPARAM_Read_Scale=0;CPXPARAM_Sifting_Algorithm=0;CPXPARAM_Simplex_Crash=1;CPXPARAM_Simplex_DGradient=0;CPXPARAM_Simplex_Limits_Perturbation=0;CPXPARAM_Simplex_Limits_Singularity=10;CPXPARAM_Simplex_PGradient=0;CPXPARAM_Simplex_Pricing=0;CPXPARAM_Simplex_Refactor=0
13183442098434457135,0,CPXPARAM_Advance=1;CPXPARAM_Barrier_Algorithm=0;CPXPARAM_Barrier_ColNonzeros=0;CPXPARAM_Barrier_Crossover=0;CPXPARAM_Barrier_Limits_Corrections=-1;CPXPARAM_Barrier_Ordering=0;CPXPARAM_Barrier_StartAlg=1;CPXPARAM_Emphasis_MIP=0;CPXPARAM_Emphasis_Memory=0;CPXPARAM_Emphasis_Numerical=0;CPXPARAM_Feasopt_Mode=0;CPXPARAM_LPMethod=0;CPXPARAM_MIP_Cuts_Cliques=3;CPXPARAM_MIP_Cuts_Covers=-1;CPXPARAM_MIP_Cuts_Disjunctive=-1;CPXPARAM_MIP_Cuts_FlowCovers=-1;CPXPARAM_MIP_Cuts_GUBCovers=1;CPXPARAM_MIP_Cuts_Gomory=2;CPXPARAM_MIP_Cuts_Implied=-1;CPXPARAM_MIP_Cuts_MIRCut=1;CPXPARAM_MIP_Cuts_PathCut=-1;CPXPARAM_MIP_Limits_AggForCut=5;CPXPARAM_MIP_Limits_CutPasses=0;CPXPARAM_MIP_Limits_CutsFactor=-1;CPXPARAM_MIP_Limits_GomoryCand=200;CPXPARAM_MIP_Limits_GomoryPass=0;CPXPARAM_MIP_Limits_Nodes=9223372036800000000;CPXPARAM_MIP_Limits_ProbeTime=1e+75;CPXPARAM_MIP_Limits_RepairTries=0;CPXPARAM_MIP_Limits_StrongCand=10;CPXPARAM_MIP_Limits_StrongIt=0;CPXPARAM_MIP_OrderType=0;CPXPARAM_MIP_Strategy_BBInterval=7;CPXPARAM_MIP_Strategy_Branch=-1;CPXPARAM_MIP_Strategy_Dive=0;CPXPARAM_MIP_Strategy_File=1;CPXPARAM_MIP_Strategy_HeuristicFreq=0;CPXPARAM_MIP_Strategy_LBHeur=0;CPXPARAM_MIP_Strategy_NodeSelect=3;CPXPARAM_MIP_Strategy_Order=1;CPXPARAM_MIP_Strategy_PresolveNode=-1;CPXPARAM_MIP_Strategy_Probe=0;CPXPARAM_MIP_Strategy_RINSHeur=0;CPXPARAM_MIP_Strategy_StartAlgorithm=0;CPXPARAM_MIP_Strategy_SubAlgorithm=0;CPXPARAM_MIP_Strategy_VariableSelect=0;CPXPARAM_Network_NetFind=2;CPXPARAM_Network_Pricing=0;CPXPARAM_Parallel=1;CPXPARAM_Preprocessing_Aggregator=-1;CPXPARAM_Preprocessing_BoundStrength=-1;CPXPARAM_Preprocessing_CoeffReduce=-1;CPXPARAM_Preprocessing_Dependency=-1;CPXPARAM_Preprocessing_Dual=0;CPXPARAM_Preprocessing_Fill=10;CPXPARAM_Preprocessing_NumPass=-1;CPXPARAM_Preprocessing_Presolve=1;CPXPARAM_Preprocessing_QPMakePSD=1;CPXPARAM_Preprocessing_Reduce=2;CPXPARAM_Preprocessing_Relax=-1;CPXPARAM_Preprocessing_RepeatPresolve=-1;CPXPARAM_Preprocessing_Symmetry=-1;CPXPARAM_Read_Scale=0;CPXPARAM_Sifting_Algorithm=0;CPXPARAM_Simplex_Crash=1;CPXPARAM_Simplex_DGradient=0;CPXPARAM_Simplex_Limits_Perturbation=0;CPXPARAM_Simplex_Limits_Singularity=10;CPXPARAM_Simplex_PGradient=0;CPXPARAM_Simplex_Pricing=0;CPXPARAM_Simplex_Refactor=0
8173851910149413027,0,CPXPARAM_Advance=1;CPXPARAM_Barrier_Algorithm=0;CPXPARAM_Barrier_ColNonzeros=0;CPXPARAM_Barrier_Crossover=0;CPXPARAM_Barrier_Limits_Corrections=-1;CPXPARAM_Barrier_Ordering=0;CPXPARAM_Barrier_StartAlg=1;CPXPARAM_Emphasis_MIP=5;CPXPARAM_Emphasis_Memory=0;CPXPARAM_Emphasis_Numerical=0;CPXPARAM_Feasopt_Mode=0;CPXPARAM_LPMethod=0;CPXPARAM_MIP_Cuts_Cliques=1;CPXPARAM_MIP_Cuts_Covers=0;CPXPARAM_MIP_Cuts_Disjunctive=0;CPXPARAM_MIP_Cuts_FlowCovers=-1;CPXPARAM_MIP_Cuts_GUBCovers=-1;CPXPARAM_MIP_Cuts_Gomory=1;CPXPARAM_MIP_Cuts_Implied=2;CPXPARAM_MIP_Cuts_MIRCut=-1;CPXPARAM_MIP_Cuts_PathCut=0;CPXPARAM_MIP_Limits_AggForCut=1;CPXPARAM_MIP_Limits_CutPasses=0;CPXPARAM_MIP_Limits_CutsFactor=-1;CPXPARAM_MIP_Limits_GomoryCand=25;CPXPARAM_MIP_Limits_GomoryPass=0;CPXPARAM_MIP_Limits_Nodes=9223372036800000000;CPXPARAM_MIP_Limits_ProbeTime=1e+75;CPXPARAM_MIP_Limits_RepairTries=0;CPXPARAM_MIP_Limits_StrongCand=10;CPXPARAM_MIP_Limits_StrongIt=0;CPXPARAM_MIP_OrderType=3;CPXPARAM_MIP_Strategy_BBInterval=7;CPXPARAM_MIP_Strategy_Branch=0;CPXPARAM_MIP_Strategy_Dive=0;CPXPARAM_MIP_Strategy_File=1;CPXPARAM_MIP_Strategy_HeuristicFreq=0;CPXPARAM_MIP_Strategy_LBHeur=0;CPXPARAM_MIP_Strategy_NodeSelect=3;CPXPARAM_MIP_Strategy_Order=1;CPXPARAM_MIP_Strategy_PresolveNode=1;CPXPARAM_MIP_Strategy_Probe=1;CPXPARAM_MIP_Strategy_RINSHeur=0;CPXPARAM_MIP_Strategy_StartAlgorithm=0;CPXPARAM_MIP_Strategy_SubAlgorithm=3;CPXPARAM_MIP_Strategy_VariableSelect=2;CPXPARAM_Network_NetFind=2;CPXPARAM_Network_Pricing=0;CPXPARAM_Parallel=1;CPXPARAM_Preprocessing_Aggregator=-1;CPXPARAM_Preprocessing_BoundStrength=-1;CPXPARAM_Preprocessing_CoeffReduce=-1;CPXPARAM_Preprocessing_Dependency=-1;CPXPARAM_Preprocessing_Dual=0;CPXPARAM_Preprocessing_Fill=5;CPXPARAM_Preprocessing_NumPass=-1;CPXPARAM_Preprocessing_Presolve=1;CPXPARAM_Preprocessing_QPMakePSD=1;CPXPARAM_Preprocessing_Reduce=3;CPXPARAM_Preprocessing_Relax=-1;CPXPARAM_Preprocessing_RepeatPresolve=-1;CPXPARAM_Preprocessing_Symmetry=-1;CPXPARAM_Read_Scale=0;CPXPARAM_Sifting_Algorithm=0;CPXPARAM_Simplex_Crash=1;CPXPARAM_Simplex_DGradient=0;CPXPARAM_Simplex_Limits_Perturbation=0;CPXPARAM_Simplex_Limits_Singularity=10;CPXPARAM_Simplex_PGradient=0;CPXPARAM_Simplex_Pricing=0;CPXPARAM_Simplex_Refactor=0
2709994196105382760,0,CPXPARAM_Advance=1;CPXPARAM_Barrier_Algorithm=0;CPXPARAM_Barrier_ColNonzeros=0;CPXPARAM_Barrier_Crossover=0;CPXPARAM_Barrier_Limits_Corrections=-1;CPXPARAM_Barrier_Ordering=0;CPXPARAM_Barrier_StartAlg=1;CPXPARAM_Emphasis_MIP=0;CPXPARAM_Emphasis_Memory=0;CPXPARAM_Emphasis_Numerical=0;CPXPARAM_Feasopt_Mode=0;CPXPARAM_LPMethod=0;CPXPARAM_MIP_Cuts_Cliques=3;CPXPARAM_MIP_Cuts_Covers=0;CPXPARAM_MIP_Cuts_Disjunctive=0;CPXPARAM_MIP_Cuts_FlowCovers=0;CPXPARAM_MIP_Cuts_GUBCovers=1;CPXPARAM_MIP_Cuts_Gomory=2;CPXPARAM_MIP_Cuts_Implied=-1;CPXPARAM_MIP_Cuts_MIRCut=0;CPXPARAM_MIP_Cuts_PathCut=-1;CPXPARAM_MIP_Limits_AggForCut=3;CPXPARAM_MIP_Limits_CutPasses=0;CPXPARAM_MIP_Limits_CutsFactor=-1;CPXPARAM_MIP_Limits_GomoryCand=200;CPXPARAM_MIP_Limits_GomoryPass=0;CPXPARAM_MIP_Limits_Nodes=9223372036800000000;CPXPARAM_MIP_Limits_ProbeTime=1e+75;CPXPARAM_MIP_Limits_RepairTries=0;CPXPARAM_MIP_Limits_StrongCand=10;CPXPARAM_MIP_Limits_StrongIt=0;CPXPARAM_MIP_OrderType=0;CPXPARAM_MIP_Strategy_BBInterval=7;CPXPARAM_MIP_Strategy_Branch=0;CPXPARAM_MIP_Strategy_Dive=0;CPXPARAM_MIP_Strategy_File=1;CPXPARAM_MIP_Strategy_HeuristicFreq=0;CPXPARAM_MIP_Strategy_LBHeur=0;CPXPARAM_MIP_Strategy_NodeSelect=1;CPXPARAM_MIP_Strategy_Order=1;CPXPARAM_MIP_Strategy_PresolveNode=0;CPXPARAM_MIP_Strategy_Probe=0;CPXPARAM_MIP_Strategy_RINSHeur=0;CPXPARAM_MIP_Strategy_StartAlgorithm=0;CPXPARAM_MIP_Strategy_SubAlgorithm=0;CPXPARAM_MIP_Strategy_VariableSelect=0;CPXPARAM_Network_NetFind=2;CPXPARAM_Network_Pricing=0;CPXPARAM_Parallel=1;CPXPARAM_Preprocessing_Aggregator=-1;CPXPARAM_Preprocessing_BoundStrength=-1;CPXPARAM_Preprocessing_CoeffReduce=-1;CPXPARAM_Preprocessing_Dependency=-1;CPXPARAM_Preprocessing_Dual=0;CPXPARAM_Preprocessing_Fill=10;CPXPARAM_Preprocessing_NumPass=-1;CPXPARAM_Preprocessing_Presolve=1;CPXPARAM_Preprocessing_QPMakePSD=1;CPXPARAM_Preprocessing_Reduce=3;CPXPARAM_Preprocessing_Relax=-1;CPXPARAM_Preprocessing_RepeatPresolve=-1;CPXPARAM_Preprocessing_Symmetry=-1;CPXPARAM_Read_Scale=0;CPXPARAM_Sifting_Algorithm=0;CPXPARAM_Simplex_Crash=1;CPXPARAM_Simplex_DGradient=0;CPXPARAM_Simplex_Limits_Perturbation=0;CPXPARAM_Simplex_Limits_Singularity=10;CPXPARAM_Simplex_PGradient=0;CPXPARAM_Simplex_Pricing=0;CPXPARAM_Simplex_Refactor=0
8575196107517169134,0,CPXPARAM_Advance=1;CPXPARAM_Barrier_Algorithm=0;CPXPARAM_Barrier_ColNonzeros=0;CPXPARAM_Barrier_Crossover=0;CPXPARAM_Barrier_Limits_Corrections=-1;CPXPARAM_Barrier_Ordering=0;CPXPARAM_Barrier_StartAlg=1;CPXPARAM_Emphasis_MIP=0;CPXPARAM_Emphasis_Memory=0;CPXPARAM_Emphasis_Numerical=0;CPXPARAM_Feasopt_Mode=0;CPXPARAM_LPMethod=0;CPXPARAM_MIP_Cuts_Cliques=3;CPXPARAM_MIP_Cuts_Covers=-1;CPXPARAM_MIP_Cuts_Disjunctive=-1;CPXPARAM_MIP_Cuts_FlowCovers=-1;CPXPARAM_MIP_Cuts_GUBCovers=1;CPXPARAM_MIP_Cuts_Gomory=2;CPXPARAM_MIP_Cuts_Implied=-1;CPXPARAM_MIP_Cuts_MIRCut=1;CPXPARAM_MIP_Cuts_PathCut=-1;CPXPARAM_MIP_Limits_AggForCut=5;CPXPARAM_MIP_Limits_CutPasses=0;CPXPARAM_MIP_Limits_CutsFactor=-1;CPXPARAM_MIP_Limits_GomoryCand=200;CPXPARAM_MIP_Limits_GomoryPass=0;CPXPARAM_MIP_Limits_Nodes=9223372036800000000;CPXPARAM_MIP_Limits_ProbeTime=1e+75;CPXPARAM_MIP_Limits_RepairTries=0;CPXPARAM_MIP_Limits_StrongCand=10;CPXPARAM_MIP_Limits_StrongIt=0;CPXPARAM_MIP_OrderType=3;CPXPARAM_MIP_Strategy_BBInterval=7;CPXPARAM_MIP_Strategy_Branch=-1;CPXPARAM_MIP_Strategy_Dive=0;CPXPARAM_MIP_Strategy_File=1;CPXPARAM_MIP_Strategy_HeuristicFreq=0;CPXPARAM_MIP_Strategy_LBHeur=0;CPXPARAM_MIP_Strategy_NodeSelect=3;CPXPARAM_MIP_Strategy_Order=1;CPXPARAM_MIP_Strategy_PresolveNode=-1;CPXPARAM_MIP_Strategy_Probe=2;CPXPARAM_MIP_Strategy_RINSHeur=0;CPXPARAM_MIP_Strategy_StartAlgorithm=0;CPXPARAM_MIP_Strategy_SubAlgorithm=0;CPXPARAM_MIP_Strategy_VariableSelect=0;CPXPARAM_Network_NetFind=2;CPXPARAM_Network_Pricing=0;CPXPARAM_Parallel=1;CPXPARAM_Preprocessing_Aggregator=-1;CPXPARAM_Preprocessing_BoundStrength=-1;CPXPARAM_Preprocessing_CoeffReduce=-1;CPXPARAM_Preprocessing_Dependency=-1;CPXPARAM_Preprocessing_Dual=0;CPXPARAM_Preprocessing_Fill=10;CPXPARAM_Preprocessing_NumPass=-1;CPXPARAM_Preprocessing_Presolve=1;CPXPARAM_Preprocessing_QPMakePSD=1;CPXPARAM_Preprocessing_Reduce=2;CPXPARAM_Preprocessing_Relax=-1;CPXPARAM_Preprocessing_RepeatPresolve=-1;CPXPARAM_Preprocessing_Symmetry=-1;CPXPARAM_Read_Scale=0;CPXPARAM_Sifting_Algorithm=0;CPXPARAM_Simplex_Crash=1;CPXPARAM_Simplex_DGradient=0;CPXPARAM_Simplex_Limits_Perturbation=0;CPXPARAM_Simplex_Limits_Singularity=10;CPXPARAM_Simplex_PGradient=0;CPXPARAM_Simplex_Pricing=0;CPXPARAM_Simplex_Refactor=0
5844454844722211426,0,CPXPARAM_Advance=1;CPXPARAM_Barrier_Algorithm=0;CPXPARAM_Barrier_ColNonzeros=0;CPXPARAM_Barrier_Crossover=0;CPXPARAM_Barrier_Limits_Corrections=-1;CPXPARAM_Barrier_Ordering=0;CPXPARAM_Barrier_StartAlg=1;CPXPARAM_Emphasis_MIP=0;CPXPARAM_Emphasis_Memory=0;CPXPARAM_Emphasis_Numerical=0;CPXPARAM_Feasopt_Mode=0;CPXPARAM_LPMethod=0;CPXPARAM_MIP_Cuts_Cliques=3;CPXPARAM_MIP_Cuts_Covers=2;CPXPARAM_MIP_Cuts_Disjunctive=-1;CPXPARAM_MIP_Cuts_FlowCovers=0;CPXPARAM_MIP_Cuts_GUBCovers=1;CPXPARAM_MIP_Cuts_Gomory=0;CPXPARAM_MIP_Cuts_Implied=0;CPXPARAM_MIP_Cuts_MIRCut=0;CPXPARAM_MIP_Cuts_PathCut=-1;CPXPARAM_MIP_Limits_AggForCut=2;CPXPARAM_MIP_Limits_CutPasses=0;CPXPARAM_MIP_Limits_CutsFactor=-1;CPXPARAM_MIP_Limits_GomoryCand=25;CPXPARAM_MIP_Limits_GomoryPass=0;CPXPARAM_MIP_Limits_Nodes=9223372036800000000;CPXPARAM_MIP_Limits_ProbeTime=1e+75;CPXPARAM_MIP_Limits_RepairTries=0;CPXPARAM_MIP_Limits_StrongCand=10;CPXPARAM_MIP_Limits_StrongIt=0;CPXPARAM_MIP_OrderType=2;CPXPARAM_MIP_Strategy_BBInterval=7;CPXPARAM_MIP_Strategy_Branch=-1;CPXPARAM_MIP_Strategy_Dive=0;CPXPARAM_MIP_Strategy_File=1;CPXPARAM_MIP_Strategy_HeuristicFreq=0;CPXPARAM_MIP_Strategy_LBHeur=0;CPXPARAM_MIP_Strategy_NodeSelect=2;CPXPARAM_MIP_Strategy_Order=1;CPXPARAM_MIP_Strategy_PresolveNode=0;CPXPARAM_MIP_Strategy_Probe=-1;CPXPARAM_MIP_Strategy_RINSHeur=0;CPXPARAM_MIP_Strategy_StartAlgorithm=0;CPXPARAM_MIP_Strategy_SubAlgorithm=0;CPXPARAM_MIP_Strategy_VariableSelect=1;CPXPARAM_Network_NetFind=2;CPXPARAM_Network_Pricing=0;CPXPARAM_Parallel=1;CPXPARAM_Preprocessing_Aggregator=-1;CPXPARAM_Preprocessing_BoundStrength=-1;CPXPARAM_Preprocessing_CoeffReduce=-1;CPXPARAM_Preprocessing_Dependency=-1;CPXPARAM_Preprocessing_Dual=0;CPXPARAM_Preprocessing_Fill=40;CPXPARAM_Preprocessing_NumPass=-1;CPXPARAM_Preprocessing_Presolve=1;CPXPARAM_Preprocessing_QPMakePSD=1;CPXPARAM_Preprocessing_Reduce=0;CPXPARAM_Preprocessing_Relax=-1;CPXPARAM_Preprocessing_RepeatPresolve=-1;CPXPARAM_Preprocessing_Symmetry=-1;CPXPARAM_Read_Scale=0;CPXPARAM_Sifting_Algorithm=0;CPXPARAM_Simplex_Crash=1;CPXPARAM_Simplex_DGradient=0;CPXPARAM_Simplex_Limits_Perturbation=0;CPXPARAM_Simplex_Limits_Singularity=10;CPXPARAM_Simplex_PGradient=0;CPXPARAM_Simplex_Pricing=0;CPXPARAM_Simplex_Refactor=0
13750090129714982186,0,CPXPARAM_Advance=1;CPXPARAM_Barrier_Algorithm=0;CPXPARAM_Barrier_ColNonzeros=0;CPXPARAM_Barrier_Crossover=0;CPXPARAM_Barrier_Limits_Corrections=-1;CPXPARAM_Barrier_Ordering=0;CPXPARAM_Barrier_StartAlg=1;CPXPARAM_Emphasis_MIP=0;CPXPARAM_Emphasis_Memory=0;CPXPARAM_Emphasis_Numerical=0;CPXPARAM_Feasopt_Mode=0;CPXPARAM_LPMethod=0;CPXPARAM_MIP_Cuts_Cliques=1;CPXPARAM_MIP_Cuts_Covers=0;CPXPARAM_MIP_Cuts_Disjunctive=1;CPXPARAM_MIP_Cuts_FlowCovers=0;CPXPARAM_MIP_Cuts_GUBCovers=1;CPXPARAM_MIP_Cuts_Gomory=0;CPXPARAM_MIP_Cuts_Implied=2;CPXPARAM_MIP_Cuts_MIRCut=1;CPXPARAM_MIP_Cuts_PathCut=0;CPXPARAM_MIP_Limits_AggForCut=3;CPXPARAM_MIP_Limits_CutPasses=0;CPXPARAM_MIP_Limits_CutsFactor=-1;CPXPARAM_MIP_Limits_GomoryCand=800;CPXPARAM_MIP_Limits_GomoryPass=0;CPXPARAM_MIP_Limits_Nodes=9223372036800000000;CPXPARAM_MIP_Limits_ProbeTime=1e+75;CPXPARAM_MIP_Limits_RepairTries=0;CPXPARAM_MIP_Limits_StrongCand=10;CPXPARAM_MIP_Limits_StrongIt=0;CPXPARAM_MIP_OrderType=0;CPXPARAM_MIP_Strategy_BBInterval=7;CPXPARAM_MIP_Strategy_Branch=1;CPXPARAM_MIP_Strategy_Dive=0;CPXPARAM_MIP_Strategy_File=1;CPXPARAM_MIP_Strategy_HeuristicFreq=0;CPXPARAM_MIP_Strategy_LBHeur=0;CPXPARAM_MIP_Strategy_NodeSelect=1;CPXPARAM_MIP_Strategy_Order=1;CPXPARAM_MIP_Strategy_PresolveNode=0;CPXPARAM_MIP_Strategy_Probe=0;CPXPARAM_MIP_Strategy_RINSHeur=0;CPXPARAM_MIP_Strategy_StartAlgorithm=0;CPXPARAM_MIP_Strategy_SubAlgorithm=0;CPXPARAM_MIP_Strategy_VariableSelect=2;CPXPARAM_Network_NetFind=2;CPXPARAM_Network_Pricing=0;CPXPARAM_Parallel=1;CPXPARAM_Preprocessing_Aggregator=-1;CPXPARAM_Preprocessing_BoundStrength=-1;CPXPARAM_Preprocessing_CoeffReduce=-1;CPXPARAM_Preprocessing_Dependency=-1;CPXPARAM_Preprocessing_Dual=0;CPXPARAM_Preprocessing_Fill=10;CPXPARAM_Preprocessing_NumPass=-1;CPXPARAM_Preprocessing_Presolve=1;CPXPARAM_Preprocessing_QPMakePSD=1;CPXPARAM_Preprocessing_Reduce=3;CPXPARAM_Preprocessing_Relax=-1;CPXPARAM_Preprocessing_RepeatPresolve=-1;CPXPARAM_Preprocessing_Symmetry=-1;CPXPARAM_Read_Scale=0;CPXPARAM_Sifting_Algorithm=0;CPXPARAM_Simplex_Crash=1;CPXPARAM_Simplex_DGradient=0;CPXPARAM_Simplex_Limits_Perturbation=0;CPXPARAM_Simplex_Limits_Singularity=10;CPXPARAM_Simplex_PGradient=0;CPXPARAM_Simplex_Pricing=0;CPXPARAM_Simplex_Refactor=0
10540792958500947237,0,CPXPARAM_Advance=1;CPXPARAM_Barrier_Algorithm=0;CPXPARAM_Barrier_ColNonzeros=0;CPXPARAM_Barrier_Crossover=0;CPXPARAM_Barrier_Limits_Corrections=-1;CPXPARAM_Barrier_Ordering=0;CPXPARAM_Barrier_StartAlg=1;CPXPARAM_Emphasis_MIP=3;CPXPARAM_Emphasis_Memory=0;CPXPARAM_Emphasis_Numerical=0;CPXPARAM_Feasopt_Mode=0;CPXPARAM_LPMethod=0;CPXPARAM_MIP_Cuts_Cliques=-1;CPXPARAM_MIP_Cuts_Covers=0;CPXPARAM_MIP_Cuts_Disjunctive=1;CPXPARAM_MIP_Cuts_FlowCovers=-1;CPXPARAM_MIP_Cuts_GUBCovers=0;CPXPARAM_MIP_Cuts_Gomory=-1;CPXPARAM_MIP_Cuts_Implied=-1;CPXPARAM_MIP_Cuts_MIRCut=0;CPXPARAM_MIP_Cuts_PathCut=-1;CPXPARAM_MIP_Limits_AggForCut=3;CPXPARAM_MIP_Limits_CutPasses=0;CPXPARAM_MIP_Limits_CutsFactor=-1;CPXPARAM_MIP_Limits_GomoryCand=200;CPXPARAM_MIP_Limits_GomoryPass=0;CPXPARAM_MIP_Limits_Nodes=9223372036800000000;CPXPARAM_MIP_Limits_ProbeTime=1e+75;CPXPARAM_MIP_Limits_RepairTries=0;CPXPARAM_MIP_Limits_StrongCand=10;CPXPARAM_MIP_Limits_StrongIt=0;CPXPARAM_MIP_OrderType=0;CPXPARAM_MIP_Strategy_BBInterval=7;CPXPARAM_MIP_Strategy_Branch=0;CPXPARAM_MIP_Strategy_Dive=0;CPXPARAM_MIP_Strategy_File=1;CPXPARAM_MIP_Strategy_HeuristicFreq=0;CPXPARAM_MIP_Strategy_LBHeur=0;CPXPARAM_MIP_Strategy_NodeSelect=1;CPXPARAM_MIP_Strategy_Order=1;CPXPARAM_MIP_Strategy_PresolveNode=0;CPXPARAM_MIP_Strategy_Probe=0;CPXPARAM_MIP_Strategy_RINSHeur=0;CPXPARAM_MIP_Strategy_StartAlgorithm=0;CPXPARAM_MIP_Strategy_SubAlgorithm=0;CPXPARAM_MIP_Strategy_VariableSelect=0;CPXPARAM_Network_NetFind=2;CPXPARAM_Network_Pricing=0;CPXPARAM_Parallel=1;CPXPARAM_Preprocessing_Aggregator=-1;CPXPARAM_Preprocessing_BoundStrength=-1;CPXPARAM_Preprocessing_CoeffReduce=-1;CPXPARAM_Preprocessing_Dependency=-1;CPXPARAM_Preprocessing_Dual=0;CPXPARAM_Preprocessing_Fill=10;CPXPARAM_Preprocessing_NumPass=-1;CPXPARAM_Preprocessing_Presolve=1;CPXPARAM_Preprocessing_QPMakePSD=1;CPXPARAM_Preprocessing_Reduce=3;CPXPARAM_Preprocessing_Relax=-1;CPXPARAM_Preprocessing_RepeatPresolve=-1;CPXPARAM_Preprocessing_Symmetry=-1;CPXPARAM_Read_Scale=0;CPXPARAM_Sifting_Algorithm=0;CPXPARAM_Simplex_Crash=1;CPXPARAM_Simplex_DGradient=0;CPXPARAM_Simplex_Limits_Perturbation=0;CPXPARAM_Simplex_Limits_Singularity=10;CPXPARAM_Simplex_PGradient=0;CPXPARAM_Simplex_Pricing=0;CPXPARAM_Simplex_Refactor=0
10048446599675157258,0,CPXPARAM_Advance=1;CPXPARAM_Barrier_Algorithm=0;CPXPARAM_Barrier_ColNonzeros=0;CPXPARAM_Barrier_Crossover=0;CPXPARAM_Barrier_Limits_Corrections=-1;CPXPARAM_Barrier_Ordering=0;CPXPARAM_Barrier_StartAlg=1;CPXPARAM_Emphasis_MIP=0;CPXPARAM_Emphasis_Memory=0;CPXPARAM_Emphasis_Numerical=0;CPXPARAM_Feasopt_Mode=0;CPXPARAM_LPMethod=0;CPXPARAM_MIP_Cuts_Cliques=3;CPXPARAM_MIP_Cuts_Covers=-1;CPXPARAM_MIP_Cuts_Disjunctive=-1;CPXPARAM_MIP_Cuts_FlowCovers=-1;CPXPARAM_MIP_Cuts_GUBCovers=1;CPXPARAM_MIP_Cuts_Gomory=2;CPXPARAM_MIP_Cuts_Implied=-1;CPXPARAM_MIP_Cuts_MIRCut=1;CPXPARAM_MIP_Cuts_PathCut=-1;CPXPARAM_MIP_Limits_AggForCut=5;CPXPARAM_MIP_Limits_CutPasses=0;CPXPARAM_MIP_Limits_CutsFactor=-1;CPXPARAM_MIP_Limits_GomoryCand=200;CPXPARAM_MIP_Limits_GomoryPass=0;CPXPARAM_MIP_Limits_Nodes=9223372036800000000;CPXPARAM_MIP_Limits_ProbeTime=1e+75;CPXPARAM_MIP_Limits_RepairTries=0;CPXPARAM_MIP_Limits_StrongCand=10;CPXPARAM_MIP_Limits_StrongIt=0;CPXPARAM_MIP_OrderType=3;CPXPARAM_MIP_Strategy_BBInterval=7;CPXPARAM_MIP_Strategy_Branch=-1;CPXPARAM_MIP_Strategy_Dive=0;CPXPARAM_MIP_Strategy_File=1;CPXPARAM_MIP_Strategy_HeuristicFreq=0;CPXPARAM_MIP_Strategy_LBHeur=0;CPXPARAM_MIP_Strategy_NodeSelect=3;CPXPARAM_MIP_Strategy_Order=1;CPXPARAM_MIP_Strategy_PresolveNode=-1;CPXPARAM_MIP_Strategy_Probe=2;CPXPARAM_MIP_Strategy_RINSHeur=0;CPXPARAM_MIP_Strategy_StartAlgorithm=0;CPXPARAM_MIP_Strategy_SubAlgorithm=0;CPXPARAM_MIP_Strategy_VariableSelect=0;CPXPARAM_Network_NetFind=2;CPXPARAM_Network_Pricing=0;CPXPARAM_Parallel=1;CPXPARAM_Preprocessing_Aggregator=-1;CPXPARAM_Preprocessing_BoundStrength=-1;CPXPARAM_Preprocessing_CoeffReduce=-1;CPXPARAM_Preprocessing_Dependency=-1;CPXPARAM_Preprocessing_Dual=0;CPXPARAM_Preprocessing_Fill=10;CPXPARAM_Preprocessing_NumPass=-1;CPXPARAM_Preprocessing_Presolve=1;CPXPARAM_Preprocessing_QPMakePSD=1;CPXPARAM_Preprocessing_Reduce=1;CPXPARAM_Preprocessing_Relax=-1;CPXPARAM_Preprocessing_RepeatPresolve=-1;CPXPARAM_Preprocessing_Symmetry=-1;CPXPARAM_Read_Scale=0;CPXPARAM_Sifting_Algorithm=0;CPXPARAM_Simplex_Crash=1;CPXPARAM_Simplex_DGradient=0;CPXPARAM_Simplex_Limits_Perturbation=0;CPXPARAM_Simplex_Limits_Singularity=10;CPXPARAM_Simplex_PGradient=0;CPXPARAM_Simplex_Pricing=0;CPXPARAM_Simplex_Refactor=0
15180657386877519462,0,CPXPARAM_Advance=1;CPXPARAM_Barrier_Algorithm=0;CPXPARAM_Barrier_ColNonzeros=0;CPXPARAM_Barrier_Crossover=0;CPXPARAM_Barrier_Limits_Corrections=-1;CPXPARAM_Barrier_Ordering=0;CPXPARAM_Barrier_StartAlg=1;CPXPARAM_Emphasis_MIP=0;CPXPARAM_Emphasis_Memory=0;CPXPARAM_Emphasis_Numerical=0;CPXPARAM_Feasopt_Mode=0;CPXPARAM_LPMethod=0;CPXPARAM_MIP_Cuts_Cliques=3;CPXPARAM_MIP_Cuts_Covers=-1;CPXPARAM_MIP_Cuts_Disjunctive=-1;CPXPARAM_MIP_Cuts_FlowCovers=-1;CPXPARAM_MIP_Cuts_GUBCovers=1;CPXPARAM_MIP_Cuts_Gomory=2;CPXPARAM_MIP_Cuts_Implied=-1;CPXPARAM_MIP_Cuts_MIRCut=1;CPXPARAM_MIP_Cuts_PathCut=-1;CPXPARAM_MIP_Limits_AggForCut=5;CPXPARAM_MIP_Limits_CutPasses=0;CPXPARAM_MIP_Limits_CutsFactor=-1;CPXPARAM_MIP_Limits_GomoryCand=200;CPXPARAM_MIP_Limits_GomoryPass=0;CPXPARAM_MIP_Limits_Nodes=9223372036800000000;CPXPARAM_MIP_Limits_ProbeTime=1e+75;CPXPARAM_MIP_Limits_RepairTries=0;CPXPARAM_MIP_Limits_StrongCand=10;CPXPARAM_MIP_Limits_StrongIt=0;CPXPARAM_MIP_OrderType=1;CPXPARAM_MIP_Strategy_BBInterval=7;CPXPARAM_MIP_Strategy_Branch=-1;CPXPARAM_MIP_Strategy_Dive=0;CPXPARAM_MIP_Strategy_File=1;CPXPARAM_MIP_Strategy_HeuristicFreq=0;CPXPARAM_MIP_Strategy_LBHeur=0;CPXPARAM_MIP_Strategy_NodeSelect=3;CPXPARAM_MIP_Strategy_Order=1;CPXPARAM_MIP_Strategy_PresolveNode=-1;CPXPARAM_MIP_Strategy_Probe=2;CPXPARAM_MIP_Strategy_RINSHeur=0;CPXPARAM_MIP_Strategy_StartAlgorithm=0;CPXPARAM_MIP_Strategy_SubAlgorithm=0;CPXPARAM_MIP_Strategy_VariableSelect=0;CPXPARAM_Network_NetFind=2;CPXPARAM_Network_Pricing=0;CPXPARAM_Parallel=1;CPXPARAM_Preprocessing_Aggregator=-1;CPXPARAM_Preprocessing_BoundStrength=-1;CPXPARAM_Preprocessing_CoeffReduce=-1;CPXPARAM_Preprocessing_Dependency=-1;CPXPARAM_Preprocessing_Dual=0;CPXPARAM_Preprocessing_Fill=10;CPXPARAM_Preprocessing_NumPass=-1;CPXPARAM_Preprocessing_Presolve=1;CPXPARAM_Preprocessing_QPMakePSD=1;CPXPARAM_Preprocessing_Reduce=2;CPXPARAM_Preprocessing_Relax=-1;CPXPARAM_Preprocessing_RepeatPresolve=-1;CPXPARAM_Preprocessing_Symmetry=-1;CPXPARAM_Read_Scale=0;CPXPARAM_Sifting_Algorithm=0;CPXPARAM_Simplex_Crash=1;CPXPARAM_Simplex_DGradient=0;CPXPARAM_Simplex_Limits_Perturbation=0;CPXPARAM_Simplex_Limits_Singularity=10;CPXPARAM_Simplex_PGradient=0;CPXPARAM_Simplex_Pricing=0;CPXPARAM_Simplex_Refactor=0
18351566348492069402,0,CPXPARAM_Advance=1;CPXPARAM_Barrier_Algorithm=0;CPXPARAM_Barrier_ColNonzeros=0;CPXPARAM_Barrier_Crossover=0;CPXPARAM_Barrier_Limits_Corrections=-1;CPXPARAM_Barrier_Ordering=0;CPXPARAM_Barrier_StartAlg=1;CPXPARAM_Emphasis_MIP=4;CPXPARAM_Emphasis_Memory=0;CPXPARAM_Emphasis_Numerical=0;CPXPARAM_Feasopt_Mode=0;CPXPARAM_LPMethod=0;CPXPARAM_MIP_Cuts_Cliques=0;CPXPARAM_MIP_Cuts_Covers=0;CPXPARAM_MIP_Cuts_Disjunctive=0;CPXPARAM_MIP_Cuts_FlowCovers=-1;CPXPARAM_MIP_Cuts_GUBCovers=-1;CPXPARAM_MIP_Cuts_Gomory=0;CPXPARAM_MIP_Cuts_Implied=0;CPXPARAM_MIP_Cuts_MIRCut=-1;CPXPARAM_MIP_Cuts_PathCut=1;CPXPARAM_MIP_Limits_AggForCut=3;CPXPARAM_MIP_Limits_CutPasses=0;CPXPARAM_MIP_Limits_CutsFactor=-1;CPXPARAM_MIP_Limits_GomoryCand=150;CPXPARAM_MIP_Limits_GomoryPass=0;CPXPARAM_MIP_Limits_Nodes=9223372036800000000;CPXPARAM_MIP_Limits_ProbeTime=1e+75;CPXPARAM_MIP_Limits_RepairTries=0;CPXPARAM_MIP_Limits_StrongCand=10;CPXPARAM_MIP_Limits_StrongIt=0;CPXPARAM_MIP_OrderType=0;CPXPARAM_MIP_Strategy_BBInterval=7;CPXPARAM_MIP_Strategy_Branch=0;CPXPARAM_MIP_Strategy_Dive=0;CPXPARAM_MIP_Strategy_File=1;CPXPARAM_MIP_Strategy_HeuristicFreq=0;CPXPARAM_MIP_Strategy_LBHeur=0;CPXPARAM_MIP_Strategy_NodeSelect=1;CPXPARAM_MIP_Strategy_Order=1;CPXPARAM_MIP_Strategy_PresolveNode=0;CPXPARAM_MIP_Strategy_Probe=0;CPXPARAM_MIP_Strategy_RINSHeur=0;CPXPARAM_MIP_Strategy_StartAlgorithm=0;CPXPARAM_MIP_Strategy_SubAlgorithm=0;CPXPARAM_MIP_Strategy_VariableSelect=0;CPXPARAM_Network_NetFind=2;CPXPARAM_Network_Pricing=0;CPXPARAM_Parallel=1;CPXPARAM_Preprocessing_Aggregator=-1;CPXPARAM_Preprocessing_BoundStrength=-1;CPXPARAM_Preprocessing_CoeffReduce=-1;CPXPARAM_Preprocessing_Dependency=-1;CPXPARAM_Preprocessing_Dual=0;CPXPARAM_Preprocessing_Fill=10;CPXPARAM_Preprocessing_NumPass=-1;CPXPARAM_Preprocessing_Presolve=1;CPXPARAM_Preprocessing_QPMakePSD=1;CPXPARAM_Preprocessing_Reduce=3;CPXPARAM_Preprocessing_Relax=-1;CPXPARAM_Preprocessing_RepeatPresolve=-1;CPXPARAM_Preprocessing_Symmetry=-1;CPXPARAM_Read_Scale=0;CPXPARAM_Sifting_Algorithm=0;CPXPARAM_Simplex_Crash=1;CPXPARAM_Simplex_DGradient=0;CPXPARAM_Simplex_Limits_Perturbation=0;CPXPARAM_Simplex_Limits_Singularity=10;CPXPARAM_Simplex_PGradient=0;CPXPARAM_Simplex_Pricing=0;CPXPARAM_Simplex_Refactor=0
10692530426778785125,0,CPXPARAM_Advance=1;CPXPARAM_Barrier_Algorithm=0;CPXPARAM_Barrier_ColNonzeros=0;CPXPARAM_Barrier_Crossover=0;CPXPARAM_Barrier_Limits_Corrections=-1;CPXPARAM_Barrier_Ordering=0;CPXPARAM_Barrier_StartAlg=1;CPXPARAM_Emphasis_MIP=0;CPXPARAM_Emphasis_Memory=0;CPXPARAM_Emphasis_Numerical=0;CPXPARAM_Feasopt_Mode=0;CPXPARAM_LPMethod=0;CPXPARAM_MIP_Cuts_Cliques=3;CPXPARAM_MIP_Cuts_Covers=-1;CPXPARAM_MIP_Cuts_Disjunctive=-1;CPXPARAM_MIP_Cuts_FlowCovers=-1;CPXPARAM_MIP_Cuts_GUBCovers=1;CPXPARAM_MIP_Cuts_Gomory=2;CPXPARAM_MIP_Cuts_Implied=-1;CPXPARAM_MIP_Cuts_MIRCut=1;CPXPARAM_MIP_Cuts_PathCut=-1;CPXPARAM_MIP_Limits_AggForCut=5;CPXPARAM_MIP_Limits_CutPasses=0;CPXPARAM_MIP_Limits_CutsFactor=-1;CPXPARAM_MIP_Limits_GomoryCand=25;CPXPARAM_MIP_Limits_GomoryPass=0;CPXPARAM_MIP_Limits_Nodes=9223372036800000000;CPXPARAM_MIP_Limits_ProbeTime=1e+75;CPXPARAM_MIP_Limits_RepairTries=0;CPXPARAM_MIP_Limits_StrongCand=10;CPXPARAM_MIP_Limits_StrongIt=0;CPXPARAM_MIP_OrderType=3;CPXPARAM_MIP_Strategy_BBInterval=7;CPXPARAM_MIP_Strategy_Branch=-1;CPXPARAM_MIP_Strategy_Dive=0;CPXPARAM_MIP_Strategy_File=1;CPXPARAM_MIP_Strategy_HeuristicFreq=0;CPXPARAM_MIP_Strategy_LBHeur=0;CPXPARAM_MIP_Strategy_NodeSelect=3;CPXPARAM_MIP_Strategy_Order=1;CPXPARAM_MIP_Strategy_PresolveNode=-1;CPXPARAM_MIP_Strategy_Probe=2;CPXPARAM_MIP_Strategy_RINSHeur=0;CPXPARAM_MIP_Strategy_StartAlgorithm=0;CPXPARAM_MIP_Strategy_SubAlgorithm=0;CPXPARAM_MIP_Strategy_VariableSelect=0;CPXPARAM_Network_NetFind=2;CPXPARAM_Network_Pricing=0;CPXPARAM_Parallel=1;CPXPARAM_Preprocessing_Aggregator=-1;CPXPARAM_Preprocessing_BoundStrength=-1;CPXPARAM_Preprocessing_CoeffReduce=-1;CPXPARAM_Preprocessing_Dependency=-1;CPXPARAM_Preprocessing_Dual=0;CPXPARAM_Preprocessing_Fill=10;CPXPARAM_Preprocessing_NumPass=-1;CPXPARAM_Preprocessing_Presolve=1;CPXPARAM_Preprocessing_QPMakePSD=1;CPXPARAM_Preprocessing_Reduce=1;CPXPARAM_Preprocessing_Relax=-1;CPXPARAM_Preprocessing_RepeatPresolve=-1;CPXPARAM_Preprocessing_Symmetry=-1;CPXPARAM_Read_Scale=0;CPXPARAM_Sifting_Algorithm=0;CPXPARAM_Simplex_Crash=1;CPXPARAM_Simplex_DGradient=0;CPXPARAM_Simplex_Limits_Perturbation=0;CPXPARAM_Simplex_Limits_Singularity=10;CPXPARAM_Simplex_PGradient=0;CPXPARAM_Simplex_Pricing=0;CPXPARAM_Simplex_Refactor=0
17835110438223350071,0,CPXPARAM_Advance=1;CPXPARAM_Barrier_Algorithm=0;CPXPARAM_Barrier_ColNonzeros=0;CPXPARAM_Barrier_Crossover=0;CPXPARAM_Barrier_Limits_Corrections=-1;CPXPARAM_Barrier_Ordering=0;CPXPARAM_Barrier_StartAlg=1;CPXPARAM_Emphasis_MIP=0;CPXPARAM_Emphasis_Memory=0;CPXPARAM_Emphasis_Numerical=0;CPXPARAM_Feasopt_Mode=0;CPXPARAM_LPMethod=0;CPXPARAM_MIP_Cuts_Cliques=3;CPXPARAM_MIP_Cuts_Covers=-1;CPXPARAM_MIP_Cuts_Disjunctive=-1;CPXPARAM_MIP_Cuts_FlowCovers=-1;CPXPARAM_MIP_Cuts_GUBCovers=1;CPXPARAM_MIP_Cuts_Gomory=2;CPXPARAM_MIP_Cuts_Implied=1;CPXPARAM_MIP_Cuts_MIRCut=1;CPXPARAM_MIP_Cuts_PathCut=-1;CPXPARAM_MIP_Limits_AggForCut=5;CPXPARAM_MIP_Limits_CutPasses=0;CPXPARAM_MIP_Limits_CutsFactor=-1;CPXPARAM_MIP_Limits_GomoryCand=200;CPXPARAM_MIP_Limits_GomoryPass=0;CPXPARAM_MIP_Limits_Nodes=9223372036800000000;CPXPARAM_MIP_Limits_ProbeTime=1e+75;CPXPARAM_MIP_Limits_RepairTries=0;CPXPARAM_MIP_Limits_StrongCand=10;CPXPARAM_MIP_Limits_StrongIt=0;CPXPARAM_MIP_OrderType=3;CPXPARAM_MIP_Strategy_BBInterval=7;CPXPARAM_MIP_Strategy_Branch=-1;CPXPARAM_MIP_Strategy_Dive=0;CPXPARAM_MIP_Strategy_File=1;CPXPARAM_MIP_Strategy_HeuristicFreq=0;CPXPARAM_MIP_Strategy_LBHeur=0;CPXPARAM_MIP_Strategy_NodeSelect=3;CPXPARAM_MIP_Strategy_Order=1;CPXPARAM_MIP_Strategy_PresolveNode=-1;CPXPARAM_MIP_Strategy_Probe=2;CPXPARAM_MIP_Strategy_RINSHeur=0;CPXPARAM_MIP_Strategy_StartAlgorithm=0;CPXPARAM_MIP_Strategy_SubAlgorithm=0;CPXPARAM_MIP_Strategy_VariableSelect=0;CPXPARAM_Network_NetFind=2;CPXPARAM_Network_Pricing=0;CPXPARAM_Parallel=1;CPXPARAM_Preprocessing_Aggregator=-1;CPXPARAM_Preprocessing_BoundStrength=-1;CPXPARAM_Preprocessing_CoeffReduce=-1;CPXPARAM_Preprocessing_Dependency=-1;CPXPARAM_Preprocessing_Dual=0;CPXPARAM_Preprocessing_Fill=10;CPXPARAM_Preprocessing_NumPass=-1;CPXPARAM_Preprocessing_Presolve=1;CPXPARAM_Preprocessing_QPMakePSD=1;CPXPARAM_Preprocessing_Reduce=1;CPXPARAM_Preprocessing_Relax=-1;CPXPARAM_Preprocessing_RepeatPresolve=-1;CPXPARAM_Preprocessing_Symmetry=-1;CPXPARAM_Read_Scale=0;CPXPARAM_Sifting_Algorithm=0;CPXPARAM_Simplex_Crash=1;CPXPARAM_Simplex_DGradient=0;CPXPARAM_Simplex_Limits_Perturbation=0;CPXPARAM_Simplex_Limits_Singularity=10;CPXPARAM_Simplex_PGradient=0;CPXPARAM_Simplex_Pricing=0;CPXPARAM_Simplex_Refactor=0
10224425008652621308,0,CPXPARAM_Advance=1;CPXPARAM_Barrier_Algorithm=0;CPXPARAM_Barrier_ColNonzeros=0;CPXPARAM_Barrier_Crossover=0;CPXPARAM_Barrier_Limits_Corrections=-1;CPXPARAM_Barrier_Ordering=0;CPXPARAM_Barrier_StartAlg=1;CPXPARAM_Emphasis_MIP=4;CPXPARAM_Emphasis_Memory=0;CPXPARAM_Emphasis_Numerical=0;CPXPARAM_Feasopt_Mode=0;CPXPARAM_LPMethod=0;CPXPARAM_MIP_Cuts_Cliques=-1;CPXPARAM_MIP_Cuts_Covers=0;CPXPARAM_MIP_Cuts_Disjunctive=1;CPXPARAM_MIP_Cuts_FlowCovers=1;CPXPARAM_MIP_Cuts_GUBCovers=2;CPXPARAM_MIP_Cuts_Gomory=2;CPXPARAM_MIP_Cuts_Implied=1;CPXPARAM_MIP_Cuts_MIRCut=2;CPXPARAM_MIP_Cuts_PathCut=-1;CPXPARAM_MIP_Limits_AggForCut=10;CPXPARAM_MIP_Limits_CutPasses=0;CPXPARAM_MIP_Limits_CutsFactor=-1;CPXPARAM_MIP_Limits_GomoryCand=200;CPXPARAM_MIP_Limits_GomoryPass=0;CPXPARAM_MIP_Limits_Nodes=9223372036800000000;CPXPARAM_MIP_Limits_ProbeTime=1e+75;CPXPARAM_MIP_Limits_RepairTries=0;CPXPARAM_MIP_Limits_StrongCand=10;CPXPARAM_MIP_Limits_StrongIt=0;CPXPARAM_MIP_OrderType=1;CPXPARAM_MIP_Strategy_BBInterval=7;CPXPARAM_MIP_Strategy_Branch=0;CPXPARAM_MIP_Strategy_Dive=0;CPXPARAM_MIP_Strategy_File=1;CPXPARAM_MIP_Strategy_HeuristicFreq=0;CPXPARAM_MIP_Strategy_LBHeur=0;CPXPARAM_MIP_Strategy_NodeSelect=1;CPXPARAM_MIP_Strategy_Order=1;CPXPARAM_MIP_Strategy_PresolveNode=-1;CPXPARAM_MIP_Strategy_Probe=2;CPXPARAM_MIP_Strategy_RINSHeur=0;CPXPARAM_MIP_Strategy_StartAlgorithm=0;CPXPARAM_MIP_Strategy_SubAlgorithm=5;CPXPARAM_MIP_Strategy_VariableSelect=3;CPXPARAM_Network_NetFind=2;CPXPARAM_Network_Pricing=0;CPXPARAM_Parallel=1;CPXPARAM_Preprocessing_Aggregator=-1;CPXPARAM_Preprocessing_BoundStrength=-1;CPXPARAM_Preprocessing_CoeffReduce=-1;CPXPARAM_Preprocessing_Dependency=-1;CPXPARAM_Preprocessing_Dual=0;CPXPARAM_Preprocessing_Fill=10;CPXPARAM_Preprocessing_NumPass=-1;CPXPARAM_Preprocessing_Presolve=1;CPXPARAM_Preprocessing_QPMakePSD=1;CPXPARAM_Preprocessing_Reduce=1;CPXPARAM_Preprocessing_Relax=-1;CPXPARAM_Preprocessing_RepeatPresolve=-1;CPXPARAM_Preprocessing_Symmetry=-1;CPXPARAM_Read_Scale=0;CPXPARAM_Sifting_Algorithm=0;CPXPARAM_Simplex_Crash=1;CPXPARAM_Simplex_DGradient=0;CPXPARAM_Simplex_Limits_Perturbation=0;CPXPARAM_Simplex_Limits_Singularity=10;CPXPARAM_Simplex_PGradient=0;CPXPARAM_Simplex_Pricing=0;CPXPARAM_Simplex_Refactor=0
10213385504803851893,0,CPXPARAM_Advance=1;CPXPARAM_Barrier_Algorithm=0;CPXPARAM_Barrier_ColNonzeros=0;CPXPARAM_Barrier_Crossover=0;CPXPARAM_Barrier_Limits_Corrections=-1;CPXPARAM_Barrier_Ordering=0;CPXPARAM_Barrier_StartAlg=1;CPXPARAM_Emphasis_MIP=5;CPXPARAM_Emphasis_Memory=0;CPXPARAM_Emphasis_Numerical=0;CPXPARAM_Feasopt_Mode=0;CPXPARAM_LPMethod=0;CPXPARAM_MIP_Cuts_Cliques=3;CPXPARAM_MIP_Cuts_Covers=-1;CPXPARAM_MIP_Cuts_Disjunctive=-1;CPXPARAM_MIP_Cuts_FlowCovers=1;CPXPARAM_MIP_Cuts_GUBCovers=2;CPXPARAM_MIP_Cuts_Gomory=2;CPXPARAM_MIP_Cuts_Implied=-1;CPXPARAM_MIP_Cuts_MIRCut=2;CPXPARAM_MIP_Cuts_PathCut=2;CPXPARAM_MIP_Limits_AggForCut=3;CPXPARAM_MIP_Limits_CutPasses=0;CPXPARAM_MIP_Limits_CutsFactor=-1;CPXPARAM_MIP_Limits_GomoryCand=400;CPXPARAM_MIP_Limits_GomoryPass=0;CPXPARAM_MIP_Limits_Nodes=9223372036800000000;CPXPARAM_MIP_Limits_ProbeTime=1e+75;CPXPARAM_MIP_Limits_RepairTries=0;CPXPARAM_MIP_Limits_StrongCand=10;CPXPARAM_MIP_Limits_StrongIt=0;CPXPARAM_MIP_OrderType=0;CPXPARAM_MIP_Strategy_BBInterval=7;CPXPARAM_MIP_Strategy_Branch=0;CPXPARAM_MIP_Strategy_Dive=0;CPXPARAM_MIP_Strategy_File=1;CPXPARAM_MIP_Strategy_HeuristicFreq=0;CPXPARAM_MIP_Strategy_LBHeur=0;CPXPARAM_MIP_Strategy_NodeSelect=0;CPXPARAM_MIP_Strategy_Order=1;CPXPARAM_MIP_Strategy_PresolveNode=-1;CPXPARAM_MIP_Strategy_Probe=-1;CPXPARAM_MIP_Strategy_RINSHeur=0;CPXPARAM_MIP_Strategy_StartAlgorithm=0;CPXPARAM_MIP_Strategy_SubAlgorithm=3;CPXPARAM_MIP_Strategy_VariableSelect=1;CPXPARAM_Network_NetFind=2;CPXPARAM_Network_Pricing=0;CPXPARAM_Parallel=1;CPXPARAM_Preprocessing_Aggregator=-1;CPXPARAM_Preprocessing_BoundStrength=-1;CPXPARAM_Preprocessing_CoeffReduce=-1;CPXPARAM_Preprocessing_Dependency=-1;CPXPARAM_Preprocessing_Dual=0;CPXPARAM_Preprocessing_Fill=2;CPXPARAM_Preprocessing_NumPass=-1;CPXPARAM_Preprocessing_Presolve=1;CPXPARAM_Preprocessing_QPMakePSD=1;CPXPARAM_Preprocessing_Reduce=0;CPXPARAM_Preprocessing_Relax=-1;CPXPARAM_Preprocessing_RepeatPresolve=-1;CPXPARAM_Preprocessing_Symmetry=-1;CPXPARAM_Read_Scale=0;CPXPARAM_Sifting_Algorithm=0;CPXPARAM_Simplex_Crash=1;CPXPARAM_Simplex_DGradient=0;CPXPARAM_Simplex_Limits_Perturbation=0;CPXPARAM_Simplex_Limits_Singularity=10;CPXPARAM_Simplex_PGradient=0;CPXPARAM_Simplex_Pricing=0;CPXPARAM_Simplex_Refactor=0
2418046319714735903,0,CPXPARAM_Advance=1;CPXPARAM_Barrier_Algorithm=0;CPXPARAM_Barrier_ColNonzeros=0;CPXPARAM_Barrier_Crossover=0;CPXPARAM_Barrier_Limits_Corrections=-1;CPXPARAM_Barrier_Ordering=0;CPXPARAM_Barrier_StartAlg=1;CPXPARAM_Emphasis_MIP=0;CPXPARAM_Emphasis_Memory=0;CPXPARAM_Emphasis_Numerical=0;CPXPARAM_Feasopt_Mode=0;CPXPARAM_LPMethod=0;CPXPARAM_MIP_Cuts_Cliques=3;CPXPARAM_MIP_Cuts_Covers=-1;CPXPARAM_MIP_Cuts_Disjunctive=1;CPXPARAM_MIP_Cuts_FlowCovers=1;CPXPARAM_MIP_Cuts_GUBCovers=2;CPXPARAM_MIP_Cuts_Gomory=2;CPXPARAM_MIP_Cuts_Implied=-1;CPXPARAM_MIP_Cuts_MIRCut=2;CPXPARAM_MIP_Cuts_PathCut=2;CPXPARAM_MIP_Limits_AggForCut=3;CPXPARAM_MIP_Limits_CutPasses=0;CPXPARAM_MIP_Limits_CutsFactor=-1;CPXPARAM_MIP_Limits_GomoryCand=10;CPXPARAM_MIP_Limits_GomoryPass=0;CPXPARAM_MIP_Limits_Nodes=9223372036800000000;CPXPARAM_MIP_Limits_ProbeTime=1e+75;CPXPARAM_MIP_Limits_RepairTries=0;CPXPARAM_MIP_Limits_StrongCand=10;CPXPARAM_MIP_Limits_StrongIt=0;CPXPARAM_MIP_OrderType=0;CPXPARAM_MIP_Strategy_BBInterval=7;CPXPARAM_MIP_Strategy_Branch=0;CPXPARAM_MIP_Strategy_Dive=0;CPXPARAM_MIP_Strategy_File=1;CPXPARAM_MIP_Strategy_HeuristicFreq=0;CPXPARAM_MIP_Strategy_LBHeur=0;CPXPARAM_MIP_Strategy_NodeSelect=0;CPXPARAM_MIP_Strategy_Order=1;CPXPARAM_MIP_Strategy_PresolveNode=-1;CPXPARAM_MIP_Strategy_Probe=-1;CPXPARAM_MIP_Strategy_RINSHeur=0;CPXPARAM_MIP_Strategy_StartAlgorithm=0;CPXPARAM_MIP_Strategy_SubAlgorithm=3;CPXPARAM_MIP_Strategy_VariableSelect=1;CPXPARAM_Network_NetFind=2;CPXPARAM_Network_Pricing=0;CPXPARAM_Parallel=1;CPXPARAM_Preprocessing_Aggregator=-1;CPXPARAM_Preprocessing_BoundStrength=-1;CPXPARAM_Preprocessing_CoeffReduce=-1;CPXPARAM_Preprocessing_Dependency=-1;CPXPARAM_Preprocessing_Dual=0;CPXPARAM_Preprocessing_Fill=2;CPXPARAM_Preprocessing_NumPass=-1;CPXPARAM_Preprocessing_Presolve=1;CPXPARAM_Preprocessing_QPMakePSD=1;CPXPARAM_Preprocessing_Reduce=0;CPXPARAM_Preprocessing_Relax=-1;CPXPARAM_Preprocessing_RepeatPresolve=-1;CPXPARAM_Preprocessing_Symmetry=-1;CPXPARAM_Read_Scale=0;CPXPARAM_Sifting_Algorithm=0;CPXPARAM_Simplex_Crash=1;CPXPARAM_Simplex_DGradient=0;CPXPARAM_Simplex_Limits_Perturbation=0;CPXPARAM_Simplex_Limits_Singularity=10;CPXPARAM_Simplex_PGradient=0;CPXPARAM_Simplex_Pricing=0;CPXPARAM_Simplex_Refactor=0
17765455061323033349,0,CPXPARAM_Advance=1;CPXPARAM_Barrier_Algorithm=0;CPXPARAM_Barrier_ColNonzeros=0;CPXPARAM_Barrier_Crossover=0;CPXPARAM_Barrier_Limits_Corrections=-1;CPXPARAM_Barrier_Ordering=0;CPXPARAM_Barrier_StartAlg=1;CPXPARAM_Emphasis_MIP=0;CPXPARAM_Emphasis_Memory=0;CPXPARAM_Emphasis_Numerical=0;CPXPARAM_Feasopt_Mode=0;CPXPARAM_LPMethod=0;CPXPARAM_MIP_Cuts_Cliques=3;CPXPARAM_MIP_Cuts_Covers=0;CPXPARAM_MIP_Cuts_Disjunctive=1;CPXPARAM_MIP_Cuts_FlowCovers=-1;CPXPARAM_MIP_Cuts_GUBCovers=0;CPXPARAM_MIP_Cuts_Gomory=-1;CPXPARAM_MIP_Cuts_Implied=1;CPXPARAM_MIP_Cuts_MIRCut=-1;CPXPARAM_MIP_Cuts_PathCut=2;CPXPARAM_MIP_Limits_AggForCut=3;CPXPARAM_MIP_Limits_CutPasses=0;CPXPARAM_MIP_Limits_CutsFactor=-1;CPXPARAM_MIP_Limits_GomoryCand=800;CPXPARAM_MIP_Limits_GomoryPass=0;CPXPARAM_MIP_Limits_Nodes=9223372036800000000;CPXPARAM_MIP_Limits_ProbeTime=1e+75;CPXPARAM_MIP_Limits_RepairTries=0;CPXPARAM_MIP_Limits_StrongCand=10;CPXPARAM_MIP_Limits_StrongIt=0;CPXPARAM_MIP_OrderType=0;CPXPARAM_MIP_Strategy_BBInterval=7;CPXPARAM_MIP_Strategy_Branch=0;CPXPARAM_MIP_Strategy_Dive=0;CPXPARAM_MIP_Strategy_File=1;CPXPARAM_MIP_Strategy_HeuristicFreq=0;CPXPARAM_MIP_Strategy_LBHeur=0;CPXPARAM_MIP_Strategy_NodeSelect=2;CPXPARAM_MIP_Strategy_Order=1;CPXPARAM_MIP_Strategy_PresolveNode=1;CPXPARAM_MIP_Strategy_Probe=0;CPXPARAM_MIP_Strategy_RINSHeur=0;CPXPARAM_MIP_Strategy_StartAlgorithm=0;CPXPARAM_MIP_Strategy_SubAlgorithm=0;CPXPARAM_MIP_Strategy_VariableSelect=1;CPXPARAM_Network_NetFind=2;CPXPARAM_Network_Pricing=0;CPXPARAM_Parallel=1;CPXPARAM_Preprocessing_Aggregator=-1;CPXPARAM_Preprocessing_BoundStrength=-1;CPXPARAM_Preprocessing_CoeffReduce=-1;CPXPARAM_Preprocessing_Dependency=-1;CPXPARAM_Preprocessing_Dual=0;CPXPARAM_Preprocessing_Fill=10;CPXPARAM_Preprocessing_NumPass=-1;CPXPARAM_Preprocessing_Presolve=1;CPXPARAM_Preprocessing_QPMakePSD=1;CPXPARAM_Preprocessing_Reduce=3;CPXPARAM_Preprocessing_Relax=-1;CPXPARAM_Preprocessing_RepeatPresolve=-1;CPXPARAM_Preprocessing_Symmetry=-1;CPXPARAM_Read_Scale=0;CPXPARAM_Sifting_Algorithm=0;CPXPARAM_Simplex_Crash=1;CPXPARAM_Simplex_DGradient=0;CPXPARAM_Simplex_Limits_Perturbation=0;CPXPARAM_Simplex_Limits_Singularity=10;CPXPARAM_Simplex_PGradient=0;CPXPARAM_Simplex_Pricing=0;CPXPARAM_Simplex_Refactor=0
18174413044193660621,0,CPXPARAM_Advance=1;CPXPARAM_Barrier_Algorithm=0;CPXPARAM_Barrier_ColNonzeros=0;CPXPARAM_Barrier_Crossover=0;CPXPARAM_Barrier_Limits_Corrections=-1;CPXPARAM_Barrier_Ordering=0;CPXPARAM_Barrier_StartAlg=1;CPXPARAM_Emphasis_MIP=0;CPXPARAM_Emphasis_Memory=0;CPXPARAM_Emphasis_Numerical=0;CPXPARAM_Feasopt_Mode=0;CPXPARAM_LPMethod=0;CPXPARAM_MIP_Cuts_Cliques=3;CPXPARAM_MIP_Cuts_Covers=-1;CPXPARAM_MIP_Cuts_Disjunctive=-1;CPXPARAM_MIP_Cuts_FlowCovers=1;CPXPARAM_MIP_Cuts_GUBCovers=2;CPXPARAM_MIP_Cuts_Gomory=2;CPXPARAM_MIP_Cuts_Implied=-1;CPXPARAM_MIP_Cuts_MIRCut=2;CPXPARAM_MIP_Cuts_PathCut=2;CPXPARAM_MIP_Limits_AggForCut=3;CPXPARAM_MIP_Limits_CutPasses=0;CPXPARAM_MIP_Limits_CutsFactor=-1;CPXPARAM_MIP_Limits_GomoryCand=10;CPXPARAM_MIP_Limits_GomoryPass=0;CPXPARAM_MIP_Limits_Nodes=9223372036800000000;CPXPARAM_MIP_Limits_ProbeTime=1e+75;CPXPARAM_MIP_Limits_RepairTries=0;CPXPARAM_MIP_Limits_StrongCand=10;CPXPARAM_MIP_Limits_StrongIt=0;CPXPARAM_MIP_OrderType=1;CPXPARAM_MIP_Strategy_BBInterval=7;CPXPARAM_MIP_Strategy_Branch=0;CPXPARAM_MIP_Strategy_Dive=0;CPXPARAM_MIP_Strategy_File=1;CPXPARAM_MIP_Strategy_HeuristicFreq=0;CPXPARAM_MIP_Strategy_LBHeur=0;CPXPARAM_MIP_Strategy_NodeSelect=0;CPXPARAM_MIP_Strategy_Order=1;CPXPARAM_MIP_Strategy_PresolveNode=-1;CPXPARAM_MIP_Strategy_Probe=-1;CPXPARAM_MIP_Strategy_RINSHeur=0;CPXPARAM_MIP_Strategy_StartAlgorithm=0;CPXPARAM_MIP_Strategy_SubAlgorithm=3;CPXPARAM_MIP_Strategy_VariableSelect=1;CPXPARAM_Network_NetFind=2;CPXPARAM_Network_Pricing=0;CPXPARAM_Parallel=1;CPXPARAM_Preprocessing_Aggregator=-1;CPXPARAM_Preprocessing_BoundStrength=-1;CPXPARAM_Preprocessing_CoeffReduce=-1;CPXPARAM_Preprocessing_Dependency=-1;CPXPARAM_Preprocessing_Dual=0;CPXPARAM_Preprocessing_Fill=2;CPXPARAM_Preprocessing_NumPass=-1;CPXPARAM_Preprocessing_Presolve=1;CPXPARAM_Preprocessing_QPMakePSD=1;CPXPARAM_Preprocessing_Reduce=0;CPXPARAM_Preprocessing_Relax=-1;CPXPARAM_Preprocessing_RepeatPresolve=-1;CPXPARAM_Preprocessing_Symmetry=-1;CPXPARAM_Read_Scale=0;CPXPARAM_Sifting_Algorithm=0;CPXPARAM_Simplex_Crash=1;CPXPARAM_Simplex_DGradient=0;CPXPARAM_Simplex_Limits_Perturbation=0;CPXPARAM_Simplex_Limits_Singularity=10;CPXPARAM_Simplex_PGradient=0;CPXPARAM_Simplex_Pricing=0;CPXPARAM_Simplex_Refactor=0
9472346448911980747,0,CPXPARAM_Advance=1;CPXPARAM_Barrier_Algorithm=0;CPXPARAM_Barrier_ColNonzeros=0;CPXPARAM_Barrier_Crossover=0;CPXPARAM_Barrier_Limits_Corrections=-1;CPXPARAM_Barrier_Ordering=0;CPXPARAM_Barrier_StartAlg=1;CPXPARAM_Emphasis_MIP=0;CPXPARAM_Emphasis_Memory=0;CPXPARAM_Emphasis_Numerical=0;CPXPARAM_Feasopt_Mode=0;CPXPARAM_LPMethod=0;CPXPARAM_MIP_Cuts_Cliques=-1;CPXPARAM_MIP_Cuts_Covers=-1;CPXPARAM_MIP_Cuts_Disjunctive=-1;CPXPARAM_MIP_Cuts_FlowCovers=1;CPXPARAM_MIP_Cuts_GUBCovers=2;CPXPARAM_MIP_Cuts_Gomory=2;CPXPARAM_MIP_Cuts_Implied=-1;CPXPARAM_MIP_Cuts_MIRCut=2;CPXPARAM_MIP_Cuts_PathCut=2;CPXPARAM_MIP_Limits_AggForCut=3;CPXPARAM_MIP_Limits_CutPasses=0;CPXPARAM_MIP_Limits_CutsFactor=-1;CPXPARAM_MIP_Limits_GomoryCand=10;CPXPARAM_MIP_Limits_GomoryPass=0;CPXPARAM_MIP_Limits_Nodes=9223372036800000000;CPXPARAM_MIP_Limits_ProbeTime=1e+75;CPXPARAM_MIP_Limits_RepairTries=0;CPXPARAM_MIP_Limits_StrongCand=10;CPXPARAM_MIP_Limits_StrongIt=0;CPXPARAM_MIP_OrderType=0;CPXPARAM_MIP_Strategy_BBInterval=7;CPXPARAM_MIP_Strategy_Branch=0;CPXPARAM_MIP_Strategy_Dive=0;CPXPARAM_MIP_Strategy_File=1;CPXPARAM_MIP_Strategy_HeuristicFreq=0;CPXPARAM_MIP_Strategy_LBHeur=0;CPXPARAM_MIP_Strategy_NodeSelect=0;CPXPARAM_MIP_Strategy_Order=1;CPXPARAM_MIP_Strategy_PresolveNode=-1;CPXPARAM_MIP_Strategy_Probe=-1;CPXPARAM_MIP_Strategy_RINSHeur=0;CPXPARAM_MIP_Strategy_StartAlgorithm=0;CPXPARAM_MIP_Strategy_SubAlgorithm=3;CPXPARAM_MIP_Strategy_VariableSelect=1;CPXPARAM_Network_NetFind=2;CPXPARAM_Network_Pricing=0;CPXPARAM_Parallel=1;CPXPARAM_Preprocessing_Aggregator=-1;CPXPARAM_Preprocessing_BoundStrength=-1;CPXPARAM_Preprocessing_CoeffReduce=-1;CPXPARAM_Preprocessing_Dependency=-1;CPXPARAM_Preprocessing_Dual=0;CPXPARAM_Preprocessing_Fill=2;CPXPARAM_Preprocessing_NumPass=-1;CPXPARAM_Preprocessing_Presolve=1;CPXPARAM_Preprocessing_QPMakePSD=1;CPXPARAM_Preprocessing_Reduce=0;CPXPARAM_Preprocessing_Relax=-1;CPXPARAM_Preprocessing_RepeatPresolve=-1;CPXPARAM_Preprocessing_Symmetry=-1;CPXPARAM_Read_Scale=0;CPXPARAM_Sifting_Algorithm=0;CPXPARAM_Simplex_Crash=1;CPXPARAM_Simplex_DGradient=0;CPXPARAM_Simplex_Limits_Perturbation=0;CPXPARAM_Simplex_Limits_Singularity=10;CPXPARAM_Simplex_PGradient=0;CPXPARAM_Simplex_Pricing=0;CPXPARAM_Simplex_Refactor=0
10885374082924558178,0,CPXPARAM_Advance=1;CPXPARAM_Barrier_Algorithm=0;CPXPARAM_Barrier_ColNonzeros=0;CPXPARAM_Barrier_Crossover=0;CPXPARAM_Barrier_Limits_Corrections=-1;CPXPARAM_Barrier_Ordering=0;CPXPARAM_Barrier_StartAlg=1;CPXPARAM_Emphasis_MIP=4;CPXPARAM_Emphasis_Memory=0;CPXPARAM_Emphasis_Numerical=0;CPXPARAM_Feasopt_Mode=0;CPXPARAM_LPMethod=0;CPXPARAM_MIP_Cuts_Cliques=-1;CPXPARAM_MIP_Cuts_Covers=2;CPXPARAM_MIP_Cuts_Disjunctive=0;CPXPARAM_MIP_Cuts_FlowCovers=1;CPXPARAM_MIP_Cuts_GUBCovers=-1;CPXPARAM_MIP_Cuts_Gomory=-1;CPXPARAM_MIP_Cuts_Implied=1;CPXPARAM_MIP_Cuts_MIRCut=1;CPXPARAM_MIP_Cuts_PathCut=2;CPXPARAM_MIP_Limits_AggForCut=5;CPXPARAM_MIP_Limits_CutPasses=0;CPXPARAM_MIP_Limits_CutsFactor=-1;CPXPARAM_MIP_Limits_GomoryCand=150;CPXPARAM_MIP_Limits_GomoryPass=0;CPXPARAM_MIP_Limits_Nodes=9223372036800000000;CPXPARAM_MIP_Limits_ProbeTime=1e+75;CPXPARAM_MIP_Limits_RepairTries=0;CPXPARAM_MIP_Limits_StrongCand=10;CPXPARAM_MIP_Limits_StrongIt=0;CPXPARAM_MIP_OrderType=1;CPXPARAM_MIP_Strategy_BBInterval=7;CPXPARAM_MIP_Strategy_Branch=-1;CPXPARAM_MIP_Strategy_Dive=0;CPXPARAM_MIP_Strategy_File=1;CPXPARAM_MIP_Strategy_HeuristicFreq=0;CPXPARAM_MIP_Strategy_LBHeur=0;CPXPARAM_MIP_Strategy_NodeSelect=3;CPXPARAM_MIP_Strategy_Order=1;CPXPARAM_MIP_Strategy_PresolveNode=-1;CPXPARAM_MIP_Strategy_Probe=3;CPXPARAM_MIP_Strategy_RINSHeur=0;CPXPARAM_MIP_Strategy_StartAlgorithm=0;CPXPARAM_MIP_Strategy_SubAlgorithm=0;CPXPARAM_MIP_Strategy_VariableSelect=2;CPXPARAM_Network_NetFind=2;CPXPARAM_Network_Pricing=0;CPXPARAM_Parallel=1;CPXPARAM_Preprocessing_Aggregator=-1;CPXPARAM_Preprocessing_BoundStrength=-1;CPXPARAM_Preprocessing_CoeffReduce=-1;CPXPARAM_Preprocessing_Dependency=-1;CPXPARAM_Preprocessing_Dual=0;CPXPARAM_Preprocessing_Fill=5;CPXPARAM_Preprocessing_NumPass=-1;CPXPARAM_Preprocessing_Presolve=1;CPXPARAM_Preprocessing_QPMakePSD=1;CPXPARAM_Preprocessing_Reduce=2;CPXPARAM_Preprocessing_Relax=-1;CPXPARAM_Preprocessing_RepeatPresolve=-1;CPXPARAM_Preprocessing_Symmetry=-1;CPXPARAM_Read_Scale=0;CPXPARAM_Sifting_Algorithm=0;CPXPARAM_Simplex_Crash=1;CPXPARAM_Simplex_DGradient=0;CPXPARAM_Simplex_Limits_Perturbation=0;CPXPARAM_Simplex_Limits_Singularity=10;CPXPARAM_Simplex_PGradient=0;CPXPARAM_Simplex_Pricing=0;CPXPARAM_Simplex_Refactor=0
1085621635458460779,0,CPXPARAM_Advance=1;CPXPARAM_Barrier_Algorithm=0;CPXPARAM_Barrier_ColNonzeros=0;CPXPARAM_Barrier_Crossover=0;CPXPARAM_Barrier_Limits_Corrections=-1;CPXPARAM_Barrier_Ordering=0;CPXPARAM_Barrier_StartAlg=1;CPXPARAM_Emphasis_MIP=0;CPXPARAM_Emphasis_Memory=0;CPXPARAM_Emphasis_Numerical=0;CPXPARAM_Feasopt_Mode=0;CPXPARAM_LPMethod=0;CPXPARAM_MIP_Cuts_Cliques=3;CPXPARAM_MIP_Cuts_Covers=-1;CPXPARAM_MIP_Cuts_Disjunctive=-1;CPXPARAM_MIP_Cuts_FlowCovers=1;CPXPARAM_MIP_Cuts_GUBCovers=2;CPXPARAM_MIP_Cuts_Gomory=2;CPXPARAM_MIP_Cuts_Implied=-1;CPXPARAM_MIP_Cuts_MIRCut=2;CPXPARAM_MIP_Cuts_PathCut=2;CPXPARAM_MIP_Limits_AggForCut=3;CPXPARAM_MIP_Limits_CutPasses=0;CPXPARAM_MIP_Limits_CutsFactor=-1;CPXPARAM_MIP_Limits_GomoryCand=10;CPXPARAM_MIP_Limits_GomoryPass=0;CPXPARAM_MIP_Limits_Nodes=9223372036800000000;CPXPARAM_MIP_Limits_ProbeTime=1e+75;CPXPARAM_MIP_Limits_RepairTries=0;CPXPARAM_MIP_Limits_StrongCand=10;CPXPARAM_MIP_Limits_StrongIt=0;CPXPARAM_MIP_OrderType=0;CPXPARAM_MIP_Strategy_BBInterval=7;CPXPARAM_MIP_Strategy_Branch=0;CPXPARAM_MIP_Strategy_Dive=0;CPXPARAM_MIP_Strategy_File=1;CPXPARAM_MIP_Strategy_HeuristicFreq=0;CPXPARAM_MIP_Strategy_LBHeur=0;CPXPARAM_MIP_Strategy_NodeSelect=0;CPXPARAM_MIP_Strategy_Order=1;CPXPARAM_MIP_Strategy_PresolveNode=-1;CPXPARAM_MIP_Strategy_Probe=-1;CPXPARAM_MIP_Strategy_RINSHeur=0;CPXPARAM_MIP_Strategy_StartAlgorithm=0;CPXPARAM_MIP_Strategy_SubAlgorithm=3;CPXPARAM_MIP_Strategy_VariableSelect=1;CPXPARAM_Network_NetFind=2;CPXPARAM_Network_Pricing=0;CPXPARAM_Parallel=1;CPXPARAM_Preprocessing_Aggregator=-1;CPXPARAM_Preprocessing_BoundStrength=-1;CPXPARAM_Preprocessing_CoeffReduce=-1;CPXPARAM_Preprocessing_Dependency=-1;CPXPARAM_Preprocessing_Dual=0;CPXPARAM_Preprocessing_Fill=2;CPXPARAM_Preprocessing_NumPass=-1;CPXPARAM_Preprocessing_Presolve=1;CPXPARAM_Preprocessing_QPMakePSD=1;CPXPARAM_Preprocessing_Reduce=2;CPXPARAM_Preprocessing_Relax=-1;CPXPARAM_Preprocessing_RepeatPresolve=-1;CPXPARAM_Preprocessing_Symmetry=-1;CPXPARAM_Read_Scale=0;CPXPARAM_Sifting_Algorithm=0;CPXPARAM_Simplex_Crash=1;CPXPARAM_Simplex_DGradient=0;CPXPARAM_Simplex_Limits_Perturbation=0;CPXPARAM_Simplex_Limits_Singularity=10;CPXPARAM_Simplex_PGradient=0;CPXPARAM_Simplex_Pricing=0;CPXPARAM_Simplex_Refactor=0
14745737928100705519,0,CPXPARAM_Advance=1;CPXPARAM_Barrier_Algorithm=0;CPXPARAM_Barrier_ColNonzeros=0;CPXPARAM_Barrier_Crossover=0;CPXPARAM_Barrier_Limits_Corrections=-1;CPXPARAM_Barrier_Ordering=0;CPXPARAM_Barrier_StartAlg=1;CPXPARAM_Emphasis_MIP=3;CPXPARAM_Emphasis_Memory=0;CPXPARAM_Emphasis_Numerical=0;CPXPARAM_Feasopt_Mode=0;CPXPARAM_LPMethod=0;CPXPARAM_MIP_Cuts_Cliques=3;CPXPARAM_MIP_Cuts_Covers=0;CPXPARAM_MIP_Cuts_Disjunctive=0;CPXPARAM_MIP_Cuts_FlowCovers=0;CPXPARAM_MIP_Cuts_GUBCovers=1;CPXPARAM_MIP_Cuts_Gomory=2;CPXPARAM_MIP_Cuts_Implied=-1;CPXPARAM_MIP_Cuts_MIRCut=0;CPXPARAM_MIP_Cuts_PathCut=-1;CPXPARAM_MIP_Limits_AggForCut=3;CPXPARAM_MIP_Limits_CutPasses=0;CPXPARAM_MIP_Limits_CutsFactor=-1;CPXPARAM_MIP_Limits_GomoryCand=150;CPXPARAM_MIP_Limits_GomoryPass=0;CPXPARAM_MIP_Limits_Nodes=9223372036800000000;CPXPARAM_MIP_Limits_ProbeTime=1e+75;CPXPARAM_MIP_Limits_RepairTries=0;CPXPARAM_MIP_Limits_StrongCand=10;CPXPARAM_MIP_Limits_StrongIt=0;CPXPARAM_MIP_OrderType=0;CPXPARAM_MIP_Strategy_BBInterval=7;CPXPARAM_MIP_Strategy_Branch=0;CPXPARAM_MIP_Strategy_Dive=0;CPXPARAM_MIP_Strategy_File=1;CPXPARAM_MIP_Strategy_HeuristicFreq=0;CPXPARAM_MIP_Strategy_LBHeur=0;CPXPARAM_MIP_Strategy_NodeSelect=1;CPXPARAM_MIP_Strategy_Order=1;CPXPARAM_MIP_Strategy_PresolveNode=0;CPXPARAM_MIP_Strategy_Probe=0;CPXPARAM_MIP_Strategy_RINSHeur=0;CPXPARAM_MIP_Strategy_StartAlgorithm=0;CPXPARAM_MIP_Strategy_SubAlgorithm=0;CPXPARAM_MIP_Strategy_VariableSelect=0;CPXPARAM_Network_NetFind=2;CPXPARAM_Network_Pricing=0;CPXPARAM_Parallel=1;CPXPARAM_Preprocessing_Aggregator=-1;CPXPARAM_Preprocessing_BoundStrength=-1;CPXPARAM_Preprocessing_CoeffReduce=-1;CPXPARAM_Preprocessing_Dependency=-1;CPXPARAM_Preprocessing_Dual=0;CPXPARAM_Preprocessing_Fill=10;CPXPARAM_Preprocessing_NumPass=-1;CPXPARAM_Preprocessing_Presolve=1;CPXPARAM_Preprocessing_QPMakePSD=1;CPXPARAM_Preprocessing_Reduce=3;CPXPARAM_Preprocessing_Relax=-1;CPXPARAM_Preprocessing_RepeatPresolve=-1;CPXPARAM_Preprocessing_Symmetry=-1;CPXPARAM_Read_Scale=0;CPXPARAM_Sifting_Algorithm=0;CPXPARAM_Simplex_Crash=1;CPXPARAM_Simplex_DGradient=0;CPXPARAM_Simplex_Limits_Perturbation=0;CPXPARAM_Simplex_Limits_Singularity=10;CPXPARAM_Simplex_PGradient=0;CPXPARAM_Simplex_Pricing=0;CPXPARAM_Simplex_Refactor=0
10469663888923573882,0,CPXPARAM_Advance=1;CPXPARAM_Barrier_Algorithm=0;CPXPARAM_Barrier_ColNonzeros=0;CPXPARAM_Barrier_Crossover=0;CPXPARAM_Barrier_Limits_Corrections=-1;CPXPARAM_Barrier_Ordering=0;CPXPARAM_Barrier_StartAlg=1;CPXPARAM_Emphasis_MIP=0;CPXPARAM_Emphasis_Memory=0;CPXPARAM_Emphasis_Numerical=0;CPXPARAM_Feasopt_Mode=0;CPXPARAM_LPMethod=0;CPXPARAM_MIP_Cuts_Cliques=3;CPXPARAM_MIP_Cuts_Covers=-1;CPXPARAM_MIP_Cuts_Disjunctive=-1;CPXPARAM_MIP_Cuts_FlowCovers=1;CPXPARAM_MIP_Cuts_GUBCovers=2;CPXPARAM_MIP_Cuts_Gomory=2;CPXPARAM_MIP_Cuts_Implied=-1;CPXPARAM_MIP_Cuts_MIRCut=2;CPXPARAM_MIP_Cuts_PathCut=2;CPXPARAM_MIP_Limits_AggForCut=3;CPXPARAM_MIP_Limits_CutPasses=0;CPXPARAM_MIP_Limits_CutsFactor=-1;CPXPARAM_MIP_Limits_GomoryCand=200;CPXPARAM_MIP_Limits_GomoryPass=0;CPXPARAM_MIP_Limits_Nodes=9223372036800000000;CPXPARAM_MIP_Limits_ProbeTime=1e+75;CPXPARAM_MIP_Limits_RepairTries=0;CPXPARAM_MIP_Limits_StrongCand=10;CPXPARAM_MIP_Limits_StrongIt=0;CPXPARAM_MIP_OrderType=0;CPXPARAM_MIP_Strategy_BBInterval=7;CPXPARAM_MIP_Strategy_Branch=0;CPXPARAM_MIP_Strategy_Dive=0;CPXPARAM_MIP_Strategy_File=1;CPXPARAM_MIP_Strategy_HeuristicFreq=0;CPXPARAM_MIP_Strategy_LBHeur=0;CPXPARAM_MIP_Strategy_NodeSelect=0;CPXPARAM_MIP_Strategy_Order=1;CPXPARAM_MIP_Strategy_PresolveNode=-1;CPXPARAM_MIP_Strategy_Probe=-1;CPXPARAM_MIP_Strategy_RINSHeur=0;CPXPARAM_MIP_Strategy_StartAlgorithm=0;CPXPARAM_MIP_Strategy_SubAlgorithm=3;CPXPARAM_MIP_Strategy_VariableSelect=1;CPXPARAM_Network_NetFind=2;CPXPARAM_Network_Pricing=0;CPXPARAM_Parallel=1;CPXPARAM_Preprocessing_Aggregator=-1;CPXPARAM_Preprocessing_BoundStrength=-1;CPXPARAM_Preprocessing_CoeffReduce=-1;CPXPARAM_Preprocessing_Dependency=-1;CPXPARAM_Preprocessing_Dual=0;CPXPARAM_Preprocessing_Fill=2;CPXPARAM_Preprocessing_NumPass=-1;CPXPARAM_Preprocessing_Presolve=1;CPXPARAM_Preprocessing_QPMakePSD=1;CPXPARAM_Preprocessing_Reduce=0;CPXPARAM_Preprocessing_Relax=-1;CPXPARAM_Preprocessing_RepeatPresolve=-1;CPXPARAM_Preprocessing_Symmetry=-1;CPXPARAM_Read_Scale=0;CPXPARAM_Sifting_Algorithm=0;CPXPARAM_Simplex_Crash=1;CPXPARAM_Simplex_DGradient=0;CPXPARAM_Simplex_Limits_Perturbation=0;CPXPARAM_Simplex_Limits_Singularity=10;CPXPARAM_Simplex_PGradient=0;CPXPARAM_Simplex_Pricing=0;CPXPARAM_Simplex_Refactor=0
10304219973801925118,0,CPXPARAM_Advance=1;CPXPARAM_Barrier_Algorithm=0;CPXPARAM_Barrier_ColNonzeros=0;CPXPARAM_Barrier_Crossover=0;CPXPARAM_Barrier_Limits_Corrections=-1;CPXPARAM_Barrier_Ordering=0;CPXPARAM_Barrier_StartAlg=1;CPXPARAM_Emphasis_MIP=0;CPXPARAM_Emphasis_Memory=0;CPXPARAM_Emphasis_Numerical=0;CPXPARAM_Feasopt_Mode=0;CPXPARAM_LPMethod=0;CPXPARAM_MIP_Cuts_Cliques=2;CPXPARAM_MIP_Cuts_Covers=1;CPXPARAM_MIP_Cuts_Disjunctive=0;CPXPARAM_MIP_Cuts_FlowCovers=1;CPXPARAM_MIP_Cuts_GUBCovers=2;CPXPARAM_MIP_Cuts_Gomory=0;CPXPARAM_MIP_Cuts_Implied=-1;CPXPARAM_MIP_Cuts_MIRCut=1;CPXPARAM_MIP_Cuts_PathCut=-1;CPXPARAM_MIP_Limits_AggForCut=3;CPXPARAM_MIP_Limits_CutPasses=0;CPXPARAM_MIP_Limits_CutsFactor=-1;CPXPARAM_MIP_Limits_GomoryCand=150;CPXPARAM_MIP_Limits_GomoryPass=0;CPXPARAM_MIP_Limits_Nodes=9223372036800000000;CPXPARAM_MIP_Limits_ProbeTime=1e+75;CPXPARAM_MIP_Limits_RepairTries=0;CPXPARAM_MIP_Limits_StrongCand=10;CPXPARAM_MIP_Limits_StrongIt=0;CPXPARAM_MIP_OrderType=0;CPXPARAM_MIP_Strategy_BBInterval=7;CPXPARAM_MIP_Strategy_Branch=0;CPXPARAM_MIP_Strategy_Dive=0;CPXPARAM_MIP_Strategy_File=1;CPXPARAM_MIP_Strategy_HeuristicFreq=0;CPXPARAM_MIP_Strategy_LBHeur=0;CPXPARAM_MIP_Strategy_NodeSelect=1;CPXPARAM_MIP_Strategy_Order=1;CPXPARAM_MIP_Strategy_PresolveNode=0;CPXPARAM_MIP_Strategy_Probe=1;CPXPARAM_MIP_Strategy_RINSHeur=0;CPXPARAM_MIP_Strategy_StartAlgorithm=0;CPXPARAM_MIP_Strategy_SubAlgorithm=0;CPXPARAM_MIP_Strategy_VariableSelect=0;CPXPARAM_Network_NetFind=2;CPXPARAM_Network_Pricing=0;CPXPARAM_Parallel=1;CPXPARAM_Preprocessing_Aggregator=-1;CPXPARAM_Preprocessing_BoundStrength=-1;CPXPARAM_Preprocessing_CoeffReduce=-1;CPXPARAM_Preprocessing_Dependency=-1;CPXPARAM_Preprocessing_Dual=0;CPXPARAM_Preprocessing_Fill=10;CPXPARAM_Preprocessing_NumPass=-1;CPXPARAM_Preprocessing_Presolve=1;CPXPARAM_Preprocessing_QPMakePSD=1;CPXPARAM_Preprocessing_Reduce=3;CPXPARAM_Preprocessing_Relax=-1;CPXPARAM_Preprocessing_RepeatPresolve=-1;CPXPARAM_Preprocessing_Symmetry=-1;CPXPARAM_Read_Scale=0;CPXPARAM_Sifting_Algorithm=0;CPXPARAM_Simplex_Crash=1;CPXPARAM_Simplex_DGradient=0;CPXPARAM_Simplex_Limits_Perturbation=0;CPXPARAM_Simplex_Limits_Singularity=10;CPXPARAM_Simplex_PGradient=0;CPXPARAM_Simplex_Pricing=0;CPXPARAM_Simplex_Refactor=0
7340722057057799353,0,CPXPARAM_Advance=1;CPXPARAM_Barrier_Algorithm=0;CPXPARAM_Barrier_ColNonzeros=0;CPXPARAM_Barrier_Crossover=0;CPXPARAM_Barrier_Limits_Corrections=-1;CPXPARAM_Barrier_Ordering=0;CPXPARAM_Barrier_StartAlg=1;CPXPARAM_Emphasis_MIP=0;CPXPARAM_Emphasis_Memory=0;CPXPARAM_Emphasis_Numerical=0;CPXPARAM_Feasopt_Mode=0;CPXPARAM_LPMethod=0;CPXPARAM_MIP_Cuts_Cliques=1;CPXPARAM_MIP_Cuts_Covers=-1;CPXPARAM_MIP_Cuts_Disjunctive=-1;CPXPARAM_MIP_Cuts_FlowCovers=1;CPXPARAM_MIP_Cuts_GUBCovers=2;CPXPARAM_MIP_Cuts_Gomory=2;CPXPARAM_MIP_Cuts_Implied=-1;CPXPARAM_MIP_Cuts_MIRCut=2;CPXPARAM_MIP_Cuts_PathCut=2;CPXPARAM_MIP_Limits_AggForCut=3;CPXPARAM_MIP_Limits_CutPasses=0;CPXPARAM_MIP_Limits_CutsFactor=-1;CPXPARAM_MIP_Limits_GomoryCand=200;CPXPARAM_MIP_Limits_GomoryPass=0;CPXPARAM_MIP_Limits_Nodes=9223372036800000000;CPXPARAM_MIP_Limits_ProbeTime=1e+75;CPXPARAM_MIP_Limits_RepairTries=0;CPXPARAM_MIP_Limits_StrongCand=10;CPXPARAM_MIP_Limits_StrongIt=0;CPXPARAM_MIP_OrderType=0;CPXPARAM_MIP_Strategy_BBInterval=7;CPXPARAM_MIP_Strategy_Branch=0;CPXPARAM_MIP_Strategy_Dive=0;CPXPARAM_MIP_Strategy_File=1;CPXPARAM_MIP_Strategy_HeuristicFreq=0;CPXPARAM_MIP_Strategy_LBHeur=0;CPXPARAM_MIP_Strategy_NodeSelect=0;CPXPARAM_MIP_Strategy_Order=1;CPXPARAM_MIP_Strategy_PresolveNode=-1;CPXPARAM_MIP_Strategy_Probe=-1;CPXPARAM_MIP_Strategy_RINSHeur=0;CPXPARAM_MIP_Strategy_StartAlgorithm=0;CPXPARAM_MIP_Strategy_SubAlgorithm=3;CPXPARAM_MIP_Strategy_VariableSelect=1;CPXPARAM_Network_NetFind=2;CPXPARAM_Network_Pricing=0;CPXPARAM_Parallel=1;CPXPARAM_Preprocessing_Aggregator=-1;CPXPARAM_Preprocessing_BoundStrength=-1;CPXPARAM_Preprocessing_CoeffReduce=-1;CPXPARAM_Preprocessing_Dependency=-1;CPXPARAM_Preprocessing_Dual=0;CPXPARAM_Preprocessing_Fill=2;CPXPARAM_Preprocessing_NumPass=-1;CPXPARAM_Preprocessing_Presolve=1;CPXPARAM_Preprocessing_QPMakePSD=1;CPXPARAM_Preprocessing_Reduce=0;CPXPARAM_Preprocessing_Relax=-1;CPXPARAM_Preprocessing_RepeatPresolve=-1;CPXPARAM_Preprocessing_Symmetry=-1;CPXPARAM_Read_Scale=0;CPXPARAM_Sifting_Algorithm=0;CPXPARAM_Simplex_Crash=1;CPXPARAM_Simplex_DGradient=0;CPXPARAM_Simplex_Limits_Perturbation=0;CPXPARAM_Simplex_Limits_Singularity=10;CPXPARAM_Simplex_PGradient=0;CPXPARAM_Simplex_Pricing=0;CPXPARAM_Simplex_Refactor=0
3567907910092779341,0,CPXPARAM_Advance=1;CPXPARAM_Barrier_Algorithm=0;CPXPARAM_Barrier_ColNonzeros=0;CPXPARAM_Barrier_Crossover=0;CPXPARAM_Barrier_Limits_Corrections=-1;CPXPARAM_Barrier_Ordering=0;CPXPARAM_Barrier_StartAlg=1;CPXPARAM_Emphasis_MIP=0;CPXPARAM_Emphasis_Memory=0;CPXPARAM_Emphasis_Numerical=0;CPXPARAM_Feasopt_Mode=0;CPXPARAM_LPMethod=0;CPXPARAM_MIP_Cuts_Cliques=3;CPXPARAM_MIP_Cuts_Covers=-1;CPXPARAM_MIP_Cuts_Disjunctive=0;CPXPARAM_MIP_Cuts_FlowCovers=0;CPXPARAM_MIP_Cuts_GUBCovers=-1;CPXPARAM_MIP_Cuts_Gomory=0;CPXPARAM_MIP_Cuts_Implied=1;CPXPARAM_MIP_Cuts_MIRCut=-1;CPXPARAM_MIP_Cuts_PathCut=-1;CPXPARAM_MIP_Limits_AggForCut=3;CPXPARAM_MIP_Limits_CutPasses=0;CPXPARAM_MIP_Limits_CutsFactor=-1;CPXPARAM_MIP_Limits_GomoryCand=200;CPXPARAM_MIP_Limits_GomoryPass=0;CPXPARAM_MIP_Limits_Nodes=9223372036800000000;CPXPARAM_MIP_Limits_ProbeTime=1e+75;CPXPARAM_MIP_Limits_RepairTries=0;CPXPARAM_MIP_Limits_StrongCand=10;CPXPARAM_MIP_Limits_StrongIt=0;CPXPARAM_MIP_OrderType=0;CPXPARAM_MIP_Strategy_BBInterval=7;CPXPARAM_MIP_Strategy_Branch=-1;CPXPARAM_MIP_Strategy_Dive=0;CPXPARAM_MIP_Strategy_File=1;CPXPARAM_MIP_Strategy_HeuristicFreq=0;CPXPARAM_MIP_Strategy_LBHeur=0;CPXPARAM_MIP_Strategy_NodeSelect=0;CPXPARAM_MIP_Strategy_Order=1;CPXPARAM_MIP_Strategy_PresolveNode=-1;CPXPARAM_MIP_Strategy_Probe=2;CPXPARAM_MIP_Strategy_RINSHeur=0;CPXPARAM_MIP_Strategy_StartAlgorithm=0;CPXPARAM_MIP_Strategy_SubAlgorithm=3;CPXPARAM_MIP_Strategy_VariableSelect=1;CPXPARAM_Network_NetFind=2;CPXPARAM_Network_Pricing=0;CPXPARAM_Parallel=1;CPXPARAM_Preprocessing_Aggregator=-1;CPXPARAM_Preprocessing_BoundStrength=-1;CPXPARAM_Preprocessing_CoeffReduce=-1;CPXPARAM_Preprocessing_Dependency=-1;CPXPARAM_Preprocessing_Dual=0;CPXPARAM_Preprocessing_Fill=40;CPXPARAM_Preprocessing_NumPass=-1;CPXPARAM_Preprocessing_Presolve=1;CPXPARAM_Preprocessing_QPMakePSD=1;CPXPARAM_Preprocessing_Reduce=3;CPXPARAM_Preprocessing_Relax=-1;CPXPARAM_Preprocessing_RepeatPresolve=-1;CPXPARAM_Preprocessing_Symmetry=-1;CPXPARAM_Read_Scale=0;CPXPARAM_Sifting_Algorithm=0;CPXPARAM_Simplex_Crash=1;CPXPARAM_Simplex_DGradient=0;CPXPARAM_Simplex_Limits_Perturbation=0;CPXPARAM_Simplex_Limits_Singularity=10;CPXPARAM_Simplex_PGradient=0;CPXPARAM_Simplex_Pricing=0;CPXPARAM_Simplex_Refactor=0
647272909985520326,0,CPXPARAM_Advance=1;CPXPARAM_Barrier_Algorithm=0;CPXPARAM_Barrier_ColNonzeros=0;CPXPARAM_Barrier_Crossover=0;CPXPARAM_Barrier_Limits_Corrections=-1;CPXPARAM_Barrier_Ordering=0;CPXPARAM_Barrier_StartAlg=1;CPXPARAM_Emphasis_MIP=4;CPXPARAM_Emphasis_Memory=0;CPXPARAM_Emphasis_Numerical=0;CPXPARAM_Feasopt_Mode=0;CPXPARAM_LPMethod=0;CPXPARAM_MIP_Cuts_Cliques=3;CPXPARAM_MIP_Cuts_Covers=-1;CPXPARAM_MIP_Cuts_Disjunctive=-1;CPXPARAM_MIP_Cuts_FlowCovers=1;CPXPARAM_MIP_Cuts_GUBCovers=2;CPXPARAM_MIP_Cuts_Gomory=2;CPXPARAM_MIP_Cuts_Implied=-1;CPXPARAM_MIP_Cuts_MIRCut=2;CPXPARAM_MIP_Cuts_PathCut=2;CPXPARAM_MIP_Limits_AggForCut=3;CPXPARAM_MIP_Limits_CutPasses=0;CPXPARAM_MIP_Limits_CutsFactor=-1;CPXPARAM_MIP_Limits_GomoryCand=200;CPXPARAM_MIP_Limits_GomoryPass=0;CPXPARAM_MIP_Limits_Nodes=9223372036800000000;CPXPARAM_MIP_Limits_ProbeTime=1e+75;CPXPARAM_MIP_Limits_RepairTries=0;CPXPARAM_MIP_Limits_StrongCand=10;CPXPARAM_MIP_Limits_StrongIt=0;CPXPARAM_MIP_OrderType=0;CPXPARAM_MIP_Strategy_BBInterval=7;CPXPARAM_MIP_Strategy_Branch=0;CPXPARAM_MIP_Strategy_Dive=0;CPXPARAM_MIP_Strategy_File=1;CPXPARAM_MIP_Strategy_HeuristicFreq=0;CPXPARAM_MIP_Strategy_LBHeur=0;CPXPARAM_MIP_Strategy_NodeSelect=0;CPXPARAM_MIP_Strategy_Order=1;CPXPARAM_MIP_Strategy_PresolveNode=-1;CPXPARAM_MIP_Strategy_Probe=-1;CPXPARAM_MIP_Strategy_RINSHeur=0;CPXPARAM_MIP_Strategy_StartAlgorithm=0;CPXPARAM_MIP_Strategy_SubAlgorithm=3;CPXPARAM_MIP_Strategy_VariableSelect=1;CPXPARAM_Network_NetFind=2;CPXPARAM_Network_Pricing=0;CPXPARAM_Parallel=1;CPXPARAM_Preprocessing_Aggregator=-1;CPXPARAM_Preprocessing_BoundStrength=-1;CPXPARAM_Preprocessing_CoeffReduce=-1;CPXPARAM_Preprocessing_Dependency=-1;CPXPARAM_Preprocessing_Dual=0;CPXPARAM_Preprocessing_Fill=2;CPXPARAM_Preprocessing_NumPass=-1;CPXPARAM_Preprocessing_Presolve=1;CPXPARAM_Preprocessing_QPMakePSD=1;CPXPARAM_Preprocessing_Reduce=0;CPXPARAM_Preprocessing_Relax=-1;CPXPARAM_Preprocessing_RepeatPresolve=-1;CPXPARAM_Preprocessing_Symmetry=-1;CPXPARAM_Read_Scale=0;CPXPARAM_Sifting_Algorithm=0;CPXPARAM_Simplex_Crash=1;CPXPARAM_Simplex_DGradient=0;CPXPARAM_Simplex_Limits_Perturbation=0;CPXPARAM_Simplex_Limits_Singularity=10;CPXPARAM_Simplex_PGradient=0;CPXPARAM_Simplex_Pricing=0;CPXPARAM_Simplex_Refactor=0
9132096793585976107,0,CPXPARAM_Advance=1;CPXPARAM_Barrier_Algorithm=0;CPXPARAM_Barrier_ColNonzeros=0;CPXPARAM_Barrier_Crossover=0;CPXPARAM_Barrier_Limits_Corrections=-1;CPXPARAM_Barrier_Ordering=0;CPXPARAM_Barrier_StartAlg=1;CPXPARAM_Emphasis_MIP=5;CPXPARAM_Emphasis_Memory=0;CPXPARAM_Emphasis_Numerical=0;CPXPARAM_Feasopt_Mode=0;CPXPARAM_LPMethod=0;CPXPARAM_MIP_Cuts_Cliques=-1;CPXPARAM_MIP_Cuts_Covers=0;CPXPARAM_MIP_Cuts_Disjunctive=-1;CPXPARAM_MIP_Cuts_FlowCovers=0;CPXPARAM_MIP_Cuts_GUBCovers=1;CPXPARAM_MIP_Cuts_Gomory=-1;CPXPARAM_MIP_Cuts_Implied=2;CPXPARAM_MIP_Cuts_MIRCut=-1;CPXPARAM_MIP_Cuts_PathCut=-1;CPXPARAM_MIP_Limits_AggForCut=0;CPXPARAM_MIP_Limits_CutPasses=0;CPXPARAM_MIP_Limits_CutsFactor=-1;CPXPARAM_MIP_Limits_GomoryCand=200;CPXPARAM_MIP_Limits_GomoryPass=0;CPXPARAM_MIP_Limits_Nodes=9223372036800000000;CPXPARAM_MIP_Limits_ProbeTime=1e+75;CPXPARAM_MIP_Limits_RepairTries=0;CPXPARAM_MIP_Limits_StrongCand=10;CPXPARAM_MIP_Limits_StrongIt=0;CPXPARAM_MIP_OrderType=0;CPXPARAM_MIP_Strategy_BBInterval=7;CPXPARAM_MIP_Strategy_Branch=-1;CPXPARAM_MIP_Strategy_Dive=0;CPXPARAM_MIP_Strategy_File=1;CPXPARAM_MIP_Strategy_HeuristicFreq=0;CPXPARAM_MIP_Strategy_LBHeur=0;CPXPARAM_MIP_Strategy_NodeSelect=2;CPXPARAM_MIP_Strategy_Order=1;CPXPARAM_MIP_Strategy_PresolveNode=-1;CPXPARAM_MIP_Strategy_Probe=2;CPXPARAM_MIP_Strategy_RINSHeur=0;CPXPARAM_MIP_Strategy_StartAlgorithm=0;CPXPARAM_MIP_Strategy_SubAlgorithm=3;CPXPARAM_MIP_Strategy_VariableSelect=4;CPXPARAM_Network_NetFind=2;CPXPARAM_Network_Pricing=0;CPXPARAM_Parallel=1;CPXPARAM_Preprocessing_Aggregator=-1;CPXPARAM_Preprocessing_BoundStrength=-1;CPXPARAM_Preprocessing_CoeffReduce=-1;CPXPARAM_Preprocessing_Dependency=-1;CPXPARAM_Preprocessing_Dual=0;CPXPARAM_Preprocessing_Fill=20;CPXPARAM_Preprocessing_NumPass=-1;CPXPARAM_Preprocessing_Presolve=1;CPXPARAM_Preprocessing_QPMakePSD=1;CPXPARAM_Preprocessing_Reduce=3;CPXPARAM_Preprocessing_Relax=-1;CPXPARAM_Preprocessing_RepeatPresolve=-1;CPXPARAM_Preprocessing_Symmetry=-1;CPXPARAM_Read_Scale=0;CPXPARAM_Sifting_Algorithm=0;CPXPARAM_Simplex_Crash=1;CPXPARAM_Simplex_DGradient=0;CPXPARAM_Simplex_Limits_Perturbation=0;CPXPARAM_Simplex_Limits_Singularity=10;CPXPARAM_Simplex_PGradient=0;CPXPARAM_Simplex_Pricing=0;CPXPARAM_Simplex_Refactor=0
1502260292583220637,0,CPXPARAM_Advance=1;CPXPARAM_Barrier_Algorithm=0;CPXPARAM_Barrier_ColNonzeros=0;CPXPARAM_Barrier_Crossover=0;CPXPARAM_Barrier_Limits_Corrections=-1;CPXPARAM_Barrier_Ordering=0;CPXPARAM_Barrier_StartAlg=1;CPXPARAM_Emphasis_MIP=0;CPXPARAM_Emphasis_Memory=0;CPXPARAM_Emphasis_Numerical=0;CPXPARAM_Feasopt_Mode=0;CPXPARAM_LPMethod=0;CPXPARAM_MIP_Cuts_Cliques=3;CPXPARAM_MIP_Cuts_Covers=3;CPXPARAM_MIP_Cuts_Disjunctive=-1;CPXPARAM_MIP_Cuts_FlowCovers=1;CPXPARAM_MIP_Cuts_GUBCovers=1;CPXPARAM_MIP_Cuts_Gomory=1;CPXPARAM_MIP_Cuts_Implied=-1;CPXPARAM_MIP_Cuts_MIRCut=-1;CPXPARAM_MIP_Cuts_PathCut=0;CPXPARAM_MIP_Limits_AggForCut=10;CPXPARAM_MIP_Limits_CutPasses=0;CPXPARAM_MIP_Limits_CutsFactor=-1;CPXPARAM_MIP_Limits_GomoryCand=200;CPXPARAM_MIP_Limits_GomoryPass=0;CPXPARAM_MIP_Limits_Nodes=9223372036800000000;CPXPARAM_MIP_Limits_ProbeTime=1e+75;CPXPARAM_MIP_Limits_RepairTries=0;CPXPARAM_MIP_Limits_StrongCand=10;CPXPARAM_MIP_Limits_StrongIt=0;CPXPARAM_MIP_OrderType=3;CPXPARAM_MIP_Strategy_BBInterval=7;CPXPARAM_MIP_Strategy_Branch=0;CPXPARAM_MIP_Strategy_Dive=0;CPXPARAM_MIP_Strategy_File=1;CPXPARAM_MIP_Strategy_HeuristicFreq=0;CPXPARAM_MIP_Strategy_LBHeur=0;CPXPARAM_MIP_Strategy_NodeSelect=0;CPXPARAM_MIP_Strategy_Order=1;CPXPARAM_MIP_Strategy_PresolveNode=3;CPXPARAM_MIP_Strategy_Probe=1;CPXPARAM_MIP_Strategy_RINSHeur=0;CPXPARAM_MIP_Strategy_StartAlgorithm=0;CPXPARAM_MIP_Strategy_SubAlgorithm=1;CPXPARAM_MIP_Strategy_VariableSelect=2;CPXPARAM_Network_NetFind=2;CPXPARAM_Network_Pricing=0;CPXPARAM_Parallel=1;CPXPARAM_Preprocessing_Aggregator=-1;CPXPARAM_Preprocessing_BoundStrength=-1;CPXPARAM_Preprocessing_CoeffReduce=-1;CPXPARAM_Preprocessing_Dependency=-1;CPXPARAM_Preprocessing_Dual=0;CPXPARAM_Preprocessing_Fill=5;CPXPARAM_Preprocessing_NumPass=-1;CPXPARAM_Preprocessing_Presolve=1;CPXPARAM_Preprocessing_QPMakePSD=1;CPXPARAM_Preprocessing_Reduce=3;CPXPARAM_Preprocessing_Relax=-1;CPXPARAM_Preprocessing_RepeatPresolve=-1;CPXPARAM_Preprocessing_Symmetry=-1;CPXPARAM_Read_Scale=0;CPXPARAM_Sifting_Algorithm=0;CPXPARAM_Simplex_Crash=1;CPXPARAM_Simplex_DGradient=0;CPXPARAM_Simplex_Limits_Perturbation=0;CPXPARAM_Simplex_Limits_Singularity=10;CPXPARAM_Simplex_PGradient=0;CPXPARAM_Simplex_Pricing=0;CPXPARAM_Simplex_Refactor=0
2942115090052014388,0,CPXPARAM_Advance=1;CPXPARAM_Barrier_Algorithm=0;CPXPARAM_Barrier_ColNonzeros=0;CPXPARAM_Barrier_Crossover=0;CPXPARAM_Barrier_Limits_Corrections=-1;CPXPARAM_Barrier_Ordering=0;CPXPARAM_Barrier_StartAlg=1;CPXPARAM_Emphasis_MIP=0;CPXPARAM_Emphasis_Memory=0;CPXPARAM_Emphasis_Numerical=0;CPXPARAM_Feasopt_Mode=0;CPXPARAM_LPMethod=0;CPXPARAM_MIP_Cuts_Cliques=3;CPXPARAM_MIP_Cuts_Covers=3;CPXPARAM_MIP_Cuts_Disjunctive=-1;CPXPARAM_MIP_Cuts_FlowCovers=1;CPXPARAM_MIP_Cuts_GUBCovers=1;CPXPARAM_MIP_Cuts_Gomory=0;CPXPARAM_MIP_Cuts_Implied=-1;CPXPARAM_MIP_Cuts_MIRCut=-1;CPXPARAM_MIP_Cuts_PathCut=0;CPXPARAM_MIP_Limits_AggForCut=10;CPXPARAM_MIP_Limits_CutPasses=0;CPXPARAM_MIP_Limits_CutsFactor=-1;CPXPARAM_MIP_Limits_GomoryCand=200;CPXPARAM_MIP_Limits_GomoryPass=0;CPXPARAM_MIP_Limits_Nodes=9223372036800000000;CPXPARAM_MIP_Limits_ProbeTime=1e+75;CPXPARAM_MIP_Limits_RepairTries=0;CPXPARAM_MIP_Limits_StrongCand=10;CPXPARAM_MIP_Limits_StrongIt=0;CPXPARAM_MIP_OrderType=1;CPXPARAM_MIP_Strategy_BBInterval=7;CPXPARAM_MIP_Strategy_Branch=0;CPXPARAM_MIP_Strategy_Dive=0;CPXPARAM_MIP_Strategy_File=1;CPXPARAM_MIP_Strategy_HeuristicFreq=0;CPXPARAM_MIP_Strategy_LBHeur=0;CPXPARAM_MIP_Strategy_NodeSelect=0;CPXPARAM_MIP_Strategy_Order=1;CPXPARAM_MIP_Strategy_PresolveNode=3;CPXPARAM_MIP_Strategy_Probe=1;CPXPARAM_MIP_Strategy_RINSHeur=0;CPXPARAM_MIP_Strategy_StartAlgorithm=0;CPXPARAM_MIP_Strategy_SubAlgorithm=1;CPXPARAM_MIP_Strategy_VariableSelect=2;CPXPARAM_Network_NetFind=2;CPXPARAM_Network_Pricing=0;CPXPARAM_Parallel=1;CPXPARAM_Preprocessing_Aggregator=-1;CPXPARAM_Preprocessing_BoundStrength=-1;CPXPARAM_Preprocessing_CoeffReduce=-1;CPXPARAM_Preprocessing_Dependency=-1;CPXPARAM_Preprocessing_Dual=0;CPXPARAM_Preprocessing_Fill=5;CPXPARAM_Preprocessing_NumPass=-1;CPXPARAM_Preprocessing_Presolve=1;CPXPARAM_Preprocessing_QPMakePSD=1;CPXPARAM_Preprocessing_Reduce=3;CPXPARAM_Preprocessing_Relax=-1;CPXPARAM_Preprocessing_RepeatPresolve=-1;CPXPARAM_Preprocessing_Symmetry=-1;CPXPARAM_Read_Scale=0;CPXPARAM_Sifting_Algorithm=0;CPXPARAM_Simplex_Crash=1;CPXPARAM_Simplex_DGradient=0;CPXPARAM_Simplex_Limits_Perturbation=0;CPXPARAM_Simplex_Limits_Singularity=10;CPXPARAM_Simplex_PGradient=0;CPXPARAM_Simplex_Pricing=0;CPXPARAM_Simplex_Refactor=0
15176862860075610694,0,CPXPARAM_Advance=1;CPXPARAM_Barrier_Algorithm=0;CPXPARAM_Barrier_ColNonzeros=0;CPXPARAM_Barrier_Crossover=0;CPXPARAM_Barrier_Limits_Corrections=-1;CPXPARAM_Barrier_Ordering=0;CPXPARAM_Barrier_StartAlg=1;CPXPARAM_Emphasis_MIP=0;CPXPARAM_Emphasis_Memory=0;CPXPARAM_Emphasis_Numerical=0;CPXPARAM_Feasopt_Mode=0;CPXPARAM_LPMethod=0;CPXPARAM_MIP_Cuts_Cliques=3;CPXPARAM_MIP_Cuts_Covers=3;CPXPARAM_MIP_Cuts_Disjunctive=-1;CPXPARAM_MIP_Cuts_FlowCovers=1;CPXPARAM_MIP_Cuts_GUBCovers=1;CPXPARAM_MIP_Cuts_Gomory=0;CPXPARAM_MIP_Cuts_Implied=-1;CPXPARAM_MIP_Cuts_MIRCut=-1;CPXPARAM_MIP_Cuts_PathCut=0;CPXPARAM_MIP_Limits_AggForCut=2;CPXPARAM_MIP_Limits_CutPasses=0;CPXPARAM_MIP_Limits_CutsFactor=-1;CPXPARAM_MIP_Limits_GomoryCand=200;CPXPARAM_MIP_Limits_GomoryPass=0;CPXPARAM_MIP_Limits_Nodes=9223372036800000000;CPXPARAM_MIP_Limits_ProbeTime=1e+75;CPXPARAM_MIP_Limits_RepairTries=0;CPXPARAM_MIP_Limits_StrongCand=10;CPXPARAM_MIP_Limits_StrongIt=0;CPXPARAM_MIP_OrderType=3;CPXPARAM_MIP_Strategy_BBInterval=7;CPXPARAM_MIP_Strategy_Branch=0;CPXPARAM_MIP_Strategy_Dive=0;CPXPARAM_MIP_Strategy_File=1;CPXPARAM_MIP_Strategy_HeuristicFreq=0;CPXPARAM_MIP_Strategy_LBHeur=0;CPXPARAM_MIP_Strategy_NodeSelect=0;CPXPARAM_MIP_Strategy_Order=1;CPXPARAM_MIP_Strategy_PresolveNode=3;CPXPARAM_MIP_Strategy_Probe=1;CPXPARAM_MIP_Strategy_RINSHeur=0;CPXPARAM_MIP_Strategy_StartAlgorithm=0;CPXPARAM_MIP_Strategy_SubAlgorithm=1;CPXPARAM_MIP_Strategy_VariableSelect=2;CPXPARAM_Network_NetFind=2;CPXPARAM_Network_Pricing=0;CPXPARAM_Parallel=1;CPXPARAM_Preprocessing_Aggregator=-1;CPXPARAM_Preprocessing_BoundStrength=-1;CPXPARAM_Preprocessing_CoeffReduce=-1;CPXPARAM_Preprocessing_Dependency=-1;CPXPARAM_Preprocessing_Dual=0;CPXPARAM_Preprocessing_Fill=5;CPXPARAM_Preprocessing_NumPass=-1;CPXPARAM_Preprocessing_Presolve=1;CPXPARAM_Preprocessing_QPMakePSD=1;CPXPARAM_Preprocessing_Reduce=3;CPXPARAM_Preprocessing_Relax=-1;CPXPARAM_Preprocessing_RepeatPresolve=-1;CPXPARAM_Preprocessing_Symmetry=-1;CPXPARAM_Read_Scale=0;CPXPARAM_Sifting_Algorithm=0;CPXPARAM_Simplex_Crash=1;CPXPARAM_Simplex_DGradient=0;CPXPARAM_Simplex_Limits_Perturbation=0;CPXPARAM_Simplex_Limits_Singularity=10;CPXPARAM_Simplex_PGradient=0;CPXPARAM_Simplex_Pricing=0;CPXPARAM_Simplex_Refactor=0
